-1.72742
-1.93701
-2.15909
-2.39462
-2.64673
-2.93731
-3.31373
-3.75166
-4.22032
-4.71796
-5.24793
-5.81284
-6.41591
-7.07979
-7.91324
-8.96977
-10.1354
-11.3766
-12.6998
-14.114
-15.626
-17.2582
-19.1671
-21.7008
-24.6968
-27.9327
-31.4046
-35.152
-39.2175
-43.6609
-48.7139
-55.3289
-64.1228
-74.4216
-86.3386
-100.578
-118.321
-141.616
-174.84
-231.99
-343.661
-531.529
-607.83
-418.301
-7.27888
403.475
592.7
517.334
333.507
227.936
172.618
138.981
115.219
97.1348
82.6031
70.4411
60.4078
53.0778
47.4255
42.4673
37.966
33.8419
30.0361
26.4989
23.2476
20.5626
18.5293
16.7581
15.1129
13.5743
12.1344
10.7827
9.51409
8.37762
7.49128
6.76554
6.09792
5.46992
4.87823
4.31955
3.7906
3.29745
2.5011
1.87561
1.47503
1.18822
0.969854
0.801092
0.660323
0.541946
-1.72821
-1.93617
-1.93784
-2.1582
-2.15997
-2.39368
-2.39556
-2.64571
-2.64775
-2.93604
-2.93858
-3.31212
-3.31534
-3.7499
-3.75342
-4.21846
-4.22219
-4.71598
-4.71995
-5.24581
-5.25005
-5.81058
-5.81509
-6.41349
-6.41833
-7.077
-7.08258
-7.90952
-7.91696
-8.96542
-8.97412
-10.1307
-10.14
-11.3716
-11.3815
-12.6945
-12.7051
-14.1083
-14.1196
-15.62
-15.6321
-17.2516
-17.2649
-19.1587
-19.1755
-21.6898
-21.7118
-24.6847
-24.7089
-27.9198
-27.9457
-31.3907
-31.4186
-35.137
-35.1671
-39.2011
-39.2339
-43.6429
-43.679
-48.6923
-48.7356
-55.2988
-55.3592
-64.0857
-64.16
-74.3789
-74.4642
-86.2886
-86.3886
-100.518
-100.639
-118.244
-118.399
-141.511
-141.721
-174.681
-174.999
-231.681
-232.299
-343.094
-344.23
-530.76
-532.296
-608.019
-607.637
-419.673
-416.926
-8.88909
-5.6685
402.11
404.835
592.508
592.889
518.091
516.574
334.057
332.96
228.228
227.645
172.777
172.458
139.088
138.874
115.298
115.14
97.197
97.0727
82.6542
82.552
70.4843
70.3979
60.4416
60.3742
53.1019
53.0538
47.4458
47.4053
42.4855
42.4491
37.9826
37.9493
33.8572
33.8266
30.0503
30.0219
26.5121
26.4857
23.2594
23.2358
20.5715
20.5537
18.5365
18.5222
16.7647
16.7515
15.119
15.1067
13.5801
13.5685
12.1397
12.129
10.7878
10.7776
9.51881
9.50936
8.38157
8.37366
7.49429
7.48827
6.76821
6.76287
6.10042
6.09542
5.47228
5.46756
4.88045
4.87601
4.32166
4.31745
3.79259
3.78862
3.29926
3.29565
2.50429
2.49791
1.87747
1.87375
1.47633
1.47374
1.18919
1.18726
0.970604
0.969104
0.801682
0.800503
0.66082
0.659827
0.542367
-1.73472
-1.9293
-1.94473
-2.15091
-2.16727
-2.38595
-2.40332
-2.63729
-2.65621
-2.92562
-2.94913
-3.29887
-3.32867
-3.73541
-3.76795
-4.20307
-4.23761
-4.69962
-4.73635
-5.22837
-5.26753
-5.792
-5.83372
-6.39356
-6.43833
-7.0541
-7.10569
-7.87899
-7.9478
-8.92961
-9.01007
-10.0924
-10.1785
-11.3308
-11.4224
-12.6509
-12.7488
-14.0617
-14.1664
-15.5701
-15.6821
-17.1968
-17.3199
-19.0895
-19.2457
-21.5997
-21.8024
-24.5851
-24.8088
-27.8131
-28.0527
-31.2759
-31.5337
-35.0127
-35.2918
-39.066
-39.3694
-43.494
-43.8286
-48.5149
-48.9151
-55.0516
-55.6095
-63.7799
-64.4674
-74.0281
-74.8171
-85.8775
-86.8027
-100.017
-101.144
-117.607
-119.043
-140.649
-142.595
-173.381
-176.327
-229.173
-234.89
-338.47
-348.97
-524.335
-538.383
-609.447
-605.904
-430.752
-405.449
-22.1807
7.61913
390.648
415.85
590.778
594.317
524.229
510.231
338.646
328.508
230.666
225.266
174.104
171.155
139.979
137.996
115.955
114.49
97.7114
96.5627
83.0773
82.1316
70.8421
70.0427
60.7215
60.0981
53.3014
52.8563
47.6133
47.2387
42.6362
42.299
38.1201
37.8123
33.9837
33.7006
30.1674
29.9051
26.6211
26.377
23.3569
23.139
20.6452
20.4808
18.5959
18.463
16.8191
16.6973
15.1699
15.056
13.6276
13.5211
12.1843
12.0845
10.8296
10.7358
9.55785
9.47048
8.41436
8.34121
7.5192
7.46357
6.79026
6.74087
6.1211
6.07479
5.49175
5.44814
4.89881
4.85769
4.33902
4.30012
3.80901
3.77224
3.31422
3.28077
2.53093
2.47192
1.89294
1.85855
1.48711
1.4631
1.19721
1.17933
0.976821
0.962955
0.806563
0.79565
0.664933
0.655745
0.545845
-1.75551
-1.78541
-1.81556
-1.84596
-1.8766
-1.90751
-1.96674
-1.99841
-2.03035
-2.06256
-2.09505
-2.12781
-2.19061
-2.22419
-2.25806
-2.29222
-2.32668
-2.36143
-2.42811
-2.46382
-2.49989
-2.53635
-2.57329
-2.61073
-2.68335
-2.72286
-2.76336
-2.80509
-2.84827
-2.89314
-2.98341
-3.03414
-3.08706
-3.14195
-3.19872
-3.25713
-3.37144
-3.4334
-3.4963
-3.55999
-3.6244
-3.68948
-3.81439
-3.88121
-3.94862
-4.0166
-4.08516
-4.15431
-4.28688
-4.35778
-4.42931
-4.50148
-4.5743
-4.64778
-4.78876
-4.86421
-4.94037
-5.01724
-5.09482
-5.17313
-5.32339
-5.40383
-5.48502
-5.56695
-5.64965
-5.73311
-5.89326
-5.979
-6.06556
-6.15296
-6.24126
-6.33049
-6.50233
-6.59485
-6.68881
-6.78449
-6.88217
-6.98228
-7.18043
-7.29073
-7.40579
-7.52607
-7.65196
-7.78355
-8.04766
-8.19419
-8.34487
-8.49913
-8.65641
-8.8163
-9.12508
-9.29092
-9.4585
-9.6277
-9.79848
-9.97082
-10.3013
-10.4781
-10.6565
-10.8365
-11.0182
-11.2015
-11.5532
-11.7415
-11.9316
-12.1235
-12.3172
-12.5129
-12.8884
-13.0896
-13.2928
-13.4979
-13.705
-13.9141
-14.3157
-14.5307
-14.7479
-14.9672
-15.1886
-15.4122
-15.8419
-16.0725
-16.3057
-16.5418
-16.7811
-17.0242
-17.4967
-17.7547
-18.0197
-18.2934
-18.5777
-18.8741
-19.4738
-19.8127
-20.1675
-20.5371
-20.9205
-21.3163
-22.0936
-22.5162
-22.946
-23.3818
-23.8231
-24.2696
-25.1281
-25.5883
-26.0531
-26.5224
-26.9964
-27.4751
-28.3948
-28.8877
-29.3859
-29.8893
-30.3981
-30.9124
-31.902
-32.4331
-32.9703
-33.5137
-34.0634
-34.6195
-35.6905
-36.266
-36.8484
-37.4378
-38.0345
-38.6386
-39.8032
-40.4299
-41.0648
-41.7084
-42.3613
-43.0239
-44.3083
-45.0046
-45.7153
-46.443
-47.1899
-47.9598
-49.4968
-50.36
-51.2657
-52.2191
-53.2237
-54.2803
-56.4226
-57.6234
-58.8669
-60.1493
-61.4667
-62.8168
-65.4552
-66.8905
-68.3543
-69.847
-71.3692
-72.9222
-75.9507
-77.6001
-79.286
-81.0106
-82.7759
-84.5845
-88.1359
-90.0841
-92.0858
-94.1447
-96.2643
-98.4481
-102.774
-105.167
-107.642
-110.205
-112.861
-115.615
-121.129
-124.213
-127.429
-130.785
-134.295
-137.969
-145.438
-149.687
-154.175
-158.929
-163.984
-169.378
-180.704
-187.411
-194.723
-202.747
-211.648
-221.556
-243.559
-257.044
-271.836
-287.921
-305.383
-324.263
-364.668
-388.781
-414.845
-443.036
-472.832
-503.388
-556.985
-579.357
-596.004
-606.882
-612.269
-612.388
-598.738
-584.017
-563.693
-537.23
-504.141
-463.722
-367.232
-308.612
-247.795
-186.389
-125.208
-64.494
49.9154
110.634
171.831
233.192
293.883
352.292
448.617
489.106
522.152
548.597
568.876
583.611
597.249
597.185
591.875
581.096
564.663
542.405
489.484
459.412
430.231
402.612
377.092
353.762
314.926
296.935
280.431
265.299
251.438
238.806
218.069
208.643
200.084
192.28
185.102
178.464
167.137
161.702
156.589
151.765
147.202
142.877
135.262
131.513
127.932
124.508
121.228
118.082
112.46
109.652
106.945
104.334
101.811
99.3723
94.9631
92.7362
90.5741
88.4729
86.4293
84.4395
80.8099
78.961
77.1563
75.3941
73.6733
71.9937
68.9261
67.3678
65.8556
64.3925
62.983
61.6313
59.2401
58.069
56.9596
55.9063
54.9045
53.9478
52.2379
51.3777
50.5422
49.7273
48.931
48.1509
46.7128
45.9717
45.2422
44.5241
43.8163
43.1187
41.8244
41.1541
40.4929
39.8403
39.1962
38.5604
37.3787
36.7658
36.1605
35.5625
34.9718
34.3881
33.3017
32.7373
32.1793
31.6276
31.0818
30.5419
29.5352
29.0115
28.4932
27.9801
27.4723
26.9697
26.033
25.5465
25.0664
24.593
24.1273
23.6706
22.8352
22.4127
22.0057
21.6147
21.2411
20.8848
20.2538
19.9408
19.6393
19.3475
19.0637
18.7865
18.2763
18.013
17.7534
17.497
17.2436
16.9929
16.5255
16.2822
16.0412
15.8026
15.5663
15.3323
14.8954
14.6679
14.4426
14.2194
13.9984
13.7795
13.3709
13.1581
12.9472
12.7384
12.5315
12.3266
11.9437
11.7442
11.5464
11.3504
11.1561
10.9635
10.6034
10.4157
10.2297
10.0455
9.86313
9.68279
9.3476
9.17451
9.00465
8.83866
8.67706
8.52058
8.24004
8.10077
7.96751
7.83996
7.71753
7.59949
7.38592
7.27714
7.17057
7.06583
6.96264
6.86081
6.67124
6.57259
6.47491
6.37812
6.28221
6.18715
6.00943
5.91675
5.82486
5.73378
5.64348
5.55396
5.38657
5.29927
5.21271
5.1269
5.04181
4.95745
4.79964
4.71729
4.63561
4.55458
4.47421
4.39447
4.24519
4.16723
4.08987
4.01312
3.93699
3.86148
3.72037
3.6469
3.57425
3.50253
3.43181
3.36221
3.23382
3.16762
3.10159
2.92286
2.76045
2.61963
2.39277
2.28865
2.19267
2.1039
2.02105
1.94375
1.81127
1.74665
1.68618
1.62906
1.5744
1.52219
1.43015
1.38535
1.34236
1.30101
1.26128
1.22316
1.15464
1.12096
1.08894
1.05754
1.02669
0.996964
0.943815
0.917459
0.892244
0.868303
0.845039
0.822242
0.780361
0.758917
0.737946
0.717498
0.69758
0.678191
0.642905
0.6249
0.607376
0.589875
0.573062
0.55698
