-2.04234
-2.38197
-2.75953
-3.26424
-3.9108
-4.62223
-5.40168
-6.25785
-7.23575
-8.61208
-10.3084
-12.1724
-14.2245
-16.4911
-19.184
-23.0848
-27.7324
-32.8912
-38.6791
-45.2776
-53.8511
-66.7746
-83.0145
-103.849
-133.107
-180.618
-291.3
-544.274
-544.912
-7.27888
529.843
530.158
283.615
178.379
130.302
100.468
79.2049
62.8726
51.8906
44.0888
37.4198
31.5471
26.2949
21.7379
18.5437
15.9901
13.6868
11.5963
9.68996
8.06287
6.91224
5.93399
5.03955
4.21809
3.46279
2.40595
1.62385
1.17528
0.877108
0.662313
-2.0432
-2.38103
-2.3829
-2.75844
-2.76062
-3.26266
-3.26582
-3.909
-3.9126
-4.62027
-4.6242
-5.39952
-5.40383
-6.25547
-6.26022
-7.23281
-7.23869
-8.60787
-8.6163
-10.3037
-10.3131
-12.1672
-12.1775
-14.2189
-14.2302
-16.4848
-16.4975
-19.1755
-19.1925
-23.0732
-23.0964
-27.7195
-27.7453
-32.8768
-32.9056
-38.6629
-38.6953
-45.2587
-45.2965
-53.8228
-53.8794
-66.736
-66.8132
-82.9668
-83.0624
-103.785
-103.912
-133.013
-133.201
-180.447
-180.789
-290.846
-291.755
-543.561
-544.982
-545.66
-544.159
-8.88909
-5.6685
529.091
530.59
530.866
529.448
284.043
283.187
178.549
178.209
130.398
130.206
100.533
100.403
79.2538
79.156
62.9094
62.8359
51.9136
51.8676
44.1076
44.0699
37.4363
37.4034
31.5618
31.5325
26.308
26.2818
21.7483
21.7276
18.5509
18.5365
15.9965
15.9838
13.6926
13.681
11.6016
11.5911
9.69474
9.68518
8.06646
8.05928
6.91496
6.90953
5.93646
5.93153
5.04181
5.0373
4.22017
4.21601
3.46467
3.46091
2.40891
2.40301
1.62534
1.62237
1.17623
1.17433
0.87774
0.876477
0.662811
-2.05179
-2.37169
-2.39227
-2.74757
-2.7716
-3.2469
-3.28169
-3.89106
-3.93059
-4.60068
-4.64385
-5.37801
-5.42541
-6.23179
-6.28397
-7.2036
-7.26831
-8.5659
-8.65852
-10.2568
-10.3601
-12.1158
-12.2292
-14.1621
-14.2871
-16.4218
-16.5608
-19.0916
-19.2778
-22.9575
-23.2126
-27.5907
-27.8745
-32.7332
-33.0497
-38.501
-38.8579
-45.0703
-45.4862
-53.5419
-54.1649
-66.3513
-67.2003
-82.4907
-83.5422
-103.151
-104.553
-132.077
-134.151
-178.758
-182.527
-286.363
-296.362
-536.411
-552.193
-552.836
-536.442
-24.9987
10.4379
521.361
537.778
537.617
522.218
288.387
278.962
180.27
176.525
131.367
129.25
101.186
99.7572
79.7443
78.6692
63.279
62.4713
52.1449
51.6386
44.2965
43.882
37.6012
37.2391
31.7081
31.3867
26.4396
26.1507
21.8524
21.6249
18.6229
18.4648
16.0604
15.9201
13.7505
13.6233
11.6543
11.5385
9.74267
9.63744
8.10259
8.02368
6.94217
6.88243
5.96114
5.90691
5.06443
5.01474
4.24101
4.19523
3.48356
3.4421
2.43886
2.37399
1.64029
1.60763
1.18581
1.16489
0.884093
0.870184
0.667815
-2.08415
-2.13339
-2.18331
-2.23383
-2.285
-2.33688
-2.42759
-2.48142
-2.53616
-2.59189
-2.64888
-2.70753
-2.81354
-2.87959
-2.94984
-3.02478
-3.10454
-3.18883
-3.34198
-3.4349
-3.52984
-3.62647
-3.72471
-3.82424
-3.99833
-4.10142
-4.20596
-4.31176
-4.41897
-4.52772
-4.71787
-4.83063
-4.94507
-5.06101
-5.17858
-5.29791
-5.50668
-5.63051
-5.75618
-5.88348
-6.0126
-6.14371
-6.37356
-6.51066
-6.65054
-6.79403
-6.94231
-7.09671
-7.38224
-7.56358
-7.75783
-7.96456
-8.18271
-8.4105
-8.81824
-9.06297
-9.31227
-9.56525
-9.82183
-10.0822
-10.5372
-10.8069
-11.0805
-11.3577
-11.6388
-11.9242
-12.4237
-12.7202
-13.0213
-13.3265
-13.6363
-13.9509
-14.5016
-14.8286
-15.1607
-15.4975
-15.8395
-16.1875
-16.8001
-17.1677
-17.5465
-17.939
-18.3501
-18.7861
-19.607
-20.1324
-20.692
-21.281
-21.8946
-22.5282
-23.6512
-24.3217
-25.0038
-25.6957
-26.3981
-27.1114
-28.3616
-29.1046
-29.8595
-30.6266
-31.4064
-32.1993
-33.5934
-34.4242
-35.2697
-36.1305
-37.0068
-37.8993
-39.4717
-40.411
-41.3691
-42.3475
-43.3479
-44.3734
-46.2074
-47.3293
-48.505
-49.7507
-51.0841
-52.5227
-55.2675
-57.0215
-58.8767
-60.8201
-62.8396
-64.9282
-68.6688
-70.9349
-73.2698
-75.6776
-78.1635
-80.7339
-85.368
-88.2064
-91.1602
-94.24
-97.4572
-100.825
-107.005
-110.86
-114.929
-119.236
-123.805
-128.668
-137.815
-143.679
-150.012
-156.892
-164.42
-172.725
-189.382
-200.943
-214.383
-230.218
-248.844
-270.418
-314.484
-344.728
-379.097
-417.905
-461.242
-507.021
-575.597
-600.069
-611.716
-611.328
-599.487
-575.757
-503.2
-439.109
-359.183
-269.5
-177.163
-85.4472
70.8403
162.612
254.785
344.25
424.126
488.176
560.619
584.364
596.195
596.644
585.116
560.903
493.123
448.068
405.604
367.689
334.54
305.591
263.968
243.759
226.251
211.256
198.332
187.047
170.498
162.142
154.525
147.533
141.084
135.105
125.773
120.812
116.152
111.76
107.613
103.684
97.3862
93.9529
90.6714
87.5281
84.5115
81.6108
76.8734
74.248
71.7159
69.2765
66.9347
64.6987
61.1437
59.2602
57.5204
55.9142
54.4242
53.0288
50.7968
49.5694
48.3826
47.2294
46.1067
45.0105
43.1842
42.1516
41.1401
40.1488
39.177
38.2239
36.6286
35.7232
34.8344
33.9613
33.1034
32.2602
30.8441
30.0378
29.2442
28.4628
27.6934
26.9359
25.6632
24.9407
24.2346
23.548
22.8851
22.2529
21.2513
20.7205
20.2257
19.761
19.3195
18.8962
18.199
17.8057
17.4204
17.0415
16.6684
16.3012
15.6829
15.3298
14.9822
14.6395
14.3016
13.9688
13.4083
13.0881
12.7728
12.4619
12.1551
11.8528
11.3428
11.0511
10.7634
10.4796
10.1994
9.92345
9.46012
9.19787
8.94309
8.69747
8.46302
8.24175
7.89392
7.70826
7.53269
7.36483
7.20263
7.04494
6.7817
6.63206
6.4845
6.33914
6.19573
6.05408
5.81523
5.67854
5.54374
5.41069
5.27923
5.1496
4.93071
4.80537
4.6817
4.55953
4.43873
4.31945
4.11775
4.00212
3.88799
3.77531
3.66417
3.55493
3.37244
3.26981
3.16973
3.02027
2.76404
2.55789
2.27163
2.13181
2.00661
1.89398
1.79169
1.69782
1.55399
1.47777
1.40738
1.34214
1.28052
1.22262
1.13056
1.08228
1.03538
0.990612
0.94839
0.908894
0.846914
0.812747
0.77961
0.747557
0.716638
0.686889
