-2.0725
-2.29405
-2.52903
-2.78601
-3.10294
-3.49884
-3.93419
-4.39585
-4.88547
-5.40599
-5.9595
-6.55028
-7.20941
-8.04959
-9.08554
-10.2147
-11.4137
-12.6892
-14.049
-15.4993
-17.0569
-18.8378
-21.1672
-23.9892
-27.0536
-30.3299
-33.8501
-37.6518
-41.7776
-46.3351
-51.832
-59.3074
-68.4925
-79.0137
-91.2516
-105.983
-124.465
-148.934
-184.48
-247.74
-366.21
-552.193
-603.524
-405.097
-7.27888
390.295
588.41
537.617
355.244
242.723
182.206
146.436
121.486
102.643
87.6215
75.116
64.5268
56.2651
50.2139
45.1363
40.563
36.3775
32.5208
28.9421
25.6046
22.5688
20.1355
18.2445
16.5582
14.984
13.5082
12.1236
10.8207
9.59461
8.48387
7.60103
6.88784
6.23648
5.62312
5.04407
4.49665
3.97752
3.48735
2.9299
2.12925
1.65998
1.33396
1.09063
0.899856
0.749628
-2.07336
-2.29313
-2.29496
-2.52805
-2.53
-2.7849
-2.78713
-3.10149
-3.1044
-3.49715
-3.50053
-3.93239
-3.93599
-4.39395
-4.39776
-4.88344
-4.88749
-5.40383
-5.40814
-5.95721
-5.96179
-6.54781
-6.55275
-7.2065
-7.21233
-8.04574
-8.05344
-9.08115
-9.08993
-10.21
-10.2193
-11.4088
-11.4187
-12.6839
-12.6945
-14.0434
-14.0547
-15.4933
-15.5053
-17.0504
-17.0634
-18.8297
-18.8458
-21.1566
-21.1778
-23.9773
-24.0011
-27.0409
-27.0663
-30.3163
-30.3436
-33.8354
-33.8648
-37.6359
-37.6677
-41.7603
-41.795
-46.3155
-46.3547
-51.8065
-51.8576
-59.2733
-59.3414
-68.453
-68.532
-78.9684
-79.059
-91.1981
-91.3051
-105.917
-106.049
-124.381
-124.55
-148.819
-149.05
-184.301
-184.66
-247.388
-248.092
-365.593
-366.83
-551.489
-552.893
-603.784
-603.26
-406.505
-403.683
-8.88909
-5.6685
388.884
391.705
588.147
588.669
538.286
536.952
355.841
354.65
243.053
242.392
182.384
182.028
146.554
146.319
121.572
121.4
102.71
102.576
87.6761
87.5669
75.1623
75.0697
64.5652
64.4883
56.2929
56.2372
50.2357
50.1922
45.1555
45.117
40.5805
40.5455
36.3936
36.3614
32.5357
32.5059
28.956
28.9282
25.6175
25.5917
22.58
22.5575
20.1439
20.1271
18.2516
18.2374
16.5647
16.5516
14.9901
14.9779
13.5139
13.5025
12.129
12.1182
10.8258
10.8157
9.59936
9.58987
8.48794
8.47982
7.60413
7.59794
6.89055
6.88514
6.23901
6.23394
5.62551
5.62072
5.04633
5.04181
4.49879
4.49451
3.97955
3.97548
3.48925
3.48546
2.93462
2.9252
2.13158
2.12692
1.66151
1.65846
1.33508
1.33285
1.09147
1.08978
0.900523
0.89919
0.750188
-2.08051
-2.28559
-2.30253
-2.52001
-2.53807
-2.77574
-2.79636
-3.08957
-3.11644
-3.48323
-3.51448
-3.91754
-3.95088
-4.37822
-4.41352
-4.86674
-4.90423
-5.38607
-5.42595
-5.93832
-5.98073
-6.52748
-6.57314
-7.18259
-7.23649
-8.01411
-8.08534
-9.04502
-9.12618
-10.1715
-10.258
-11.3679
-11.4597
-12.6404
-12.7382
-13.9969
-14.1013
-15.4437
-15.555
-16.9964
-17.1176
-18.7638
-18.9126
-21.0696
-21.2656
-23.8794
-24.0993
-26.9361
-27.1714
-30.2041
-30.4561
-33.7145
-33.9861
-37.5051
-37.799
-41.6178
-41.938
-46.1546
-46.5167
-51.5972
-52.0698
-58.9934
-59.6234
-68.128
-68.8586
-78.5959
-79.4339
-90.7584
-91.7482
-105.378
-106.592
-123.69
-125.248
-147.875
-150.008
-182.835
-186.158
-244.506
-251.038
-360.538
-372.002
-545.523
-558.481
-605.79
-600.958
-417.958
-391.842
-22.1807
7.61913
377.08
403.135
585.84
590.665
543.908
531.395
360.839
349.793
245.818
239.691
183.869
180.575
147.528
145.358
122.285
120.695
103.264
102.027
88.1284
87.118
75.5452
74.6893
64.8841
64.1729
56.5249
56.0091
50.416
50.0131
45.3147
44.9585
40.7255
40.401
36.5268
36.2287
32.6588
32.3832
29.0706
28.8139
25.7242
25.4854
22.673
22.4654
20.2135
20.0583
18.3099
18.1793
16.6186
16.4978
15.0407
14.9275
13.5613
13.4552
12.1735
12.0738
10.8678
10.7738
9.63863
9.55074
8.52161
8.44647
7.62978
7.57253
6.91292
6.86284
6.25996
6.21305
5.64528
5.60101
5.065
5.02319
4.51646
4.47688
3.99632
3.95875
3.5049
3.46986
2.9745
2.88726
2.15096
2.1079
1.67417
1.64594
1.34433
1.32369
1.09847
1.08283
0.906056
0.893725
0.754826
-2.10263
-2.13405
-2.16577
-2.19771
-2.22991
-2.26242
-2.32594
-2.3592
-2.39279
-2.42664
-2.4608
-2.49534
-2.56309
-2.59879
-2.63506
-2.67188
-2.70948
-2.74789
-2.82526
-2.86731
-2.91103
-2.95649
-3.00392
-3.05337
-3.15422
-3.20896
-3.26511
-3.32253
-3.38104
-3.44057
-3.55777
-3.6194
-3.68172
-3.74454
-3.808
-3.87191
-3.99696
-4.06242
-4.12851
-4.19507
-4.26216
-4.32991
-4.46233
-4.53179
-4.60175
-4.67233
-4.74352
-4.81544
-4.9561
-5.02981
-5.10428
-5.17931
-5.25513
-5.33151
-5.4811
-5.55949
-5.6387
-5.71847
-5.79898
-5.8803
-6.03939
-6.12291
-6.20712
-6.29218
-6.37813
-6.4652
-6.63651
-6.72712
-6.81953
-6.91379
-7.01055
-7.11005
-7.31244
-7.42339
-7.53939
-7.66038
-7.7866
-7.91807
-8.18508
-8.32903
-8.47652
-8.62662
-8.77923
-8.93416
-9.23854
-9.39842
-9.56006
-9.72292
-9.88721
-10.0532
-10.3775
-10.5474
-10.719
-10.8918
-11.0662
-11.2423
-11.5867
-11.7672
-11.9497
-12.1335
-12.319
-12.5066
-12.8735
-13.0659
-13.2604
-13.4564
-13.6543
-13.8542
-14.2456
-14.4508
-14.6582
-14.8672
-15.0782
-15.2915
-15.7091
-15.9283
-16.1502
-16.3743
-16.6014
-16.8314
-17.2862
-17.528
-17.7759
-18.0302
-18.2923
-18.5645
-19.1225
-19.4311
-19.7532
-20.0901
-20.4405
-20.8047
-21.5394
-21.9334
-22.3356
-22.744
-23.1585
-23.5788
-24.4039
-24.8373
-25.2755
-25.7174
-26.1635
-26.6143
-27.497
-27.9603
-28.428
-28.9004
-29.3775
-29.8595
-30.8051
-31.302
-31.804
-32.3116
-32.8247
-33.3434
-34.3623
-34.8982
-35.4401
-35.9883
-36.5427
-37.1035
-38.2063
-38.7867
-39.3742
-39.9689
-40.5709
-41.1807
-42.3825
-43.0172
-43.6617
-44.3167
-44.9835
-45.6634
-47.0229
-47.7546
-48.5104
-49.2946
-50.1112
-50.9661
-52.7406
-53.7276
-54.7634
-55.8458
-56.9735
-58.142
-60.5047
-61.7745
-63.0737
-64.4006
-65.7543
-67.134
-69.8756
-71.3334
-72.8194
-74.3346
-75.8801
-77.4575
-80.6028
-82.2833
-84.003
-85.7638
-87.568
-89.4179
-93.1331
-95.1333
-97.1903
-99.3082
-101.49
-103.74
-108.297
-110.772
-113.334
-115.987
-118.739
-121.597
-127.447
-130.66
-134.012
-137.515
-141.184
-145.03
-153.04
-157.521
-162.27
-167.315
-172.7
-178.473
-190.974
-198.299
-206.323
-215.204
-225.082
-236.021
-260.555
-275.001
-290.638
-307.545
-325.777
-345.536
-388.588
-413.492
-440.356
-468.751
-498.025
-526.719
-574.058
-591.605
-603.751
-610.847
-612.957
-610.4
-592.254
-575.713
-553.843
-526.192
-492.153
-451.268
-353.931
-297.234
-238.742
-179.894
-121.354
-63.2165
48.639
106.774
165.342
224.13
282.408
339.092
436.217
477.191
511.072
538.787
560.575
577.127
595.269
597.855
595.783
588.78
576.809
559.381
512.584
484.162
455.4
427.595
401.287
376.903
335.323
316.374
298.992
282.991
268.27
254.724
231.729
221.394
212.038
203.538
195.76
188.611
176.241
170.473
165.061
159.968
155.162
150.611
142.461
138.54
134.799
131.225
127.804
124.527
118.559
115.646
112.839
110.134
107.523
105.001
100.357
98.0642
95.84
93.6807
91.5826
89.5421
85.7488
83.8591
82.0154
80.2152
78.4573
76.7394
73.528
71.9218
70.3531
68.8225
67.332
65.8838
63.2155
61.91
60.6605
59.4673
58.3328
57.2559
55.3206
54.386
53.4895
52.6259
51.7901
50.9785
49.4662
48.7085
47.965
47.2345
46.5165
45.8094
44.4726
43.7953
43.1272
42.468
41.8176
41.1756
39.9578
39.3393
38.7285
38.125
37.529
36.9401
35.8214
35.2525
34.6902
34.1341
33.5843
33.0407
32.0064
31.4796
30.9583
30.4423
29.9316
29.426
28.4628
27.9716
27.4852
27.0036
26.527
26.0553
25.1593
24.7041
24.2562
23.8163
23.3847
22.9641
22.186
21.8038
21.4377
21.0875
20.7524
20.4322
19.8496
19.5633
19.2859
19.0155
18.7511
18.4913
18.0012
17.7524
17.5069
17.2641
17.0235
16.7858
16.3326
16.1014
15.8721
15.6452
15.42
15.1973
14.7726
14.5556
14.3408
14.1281
13.917
13.7082
13.31
13.1064
12.905
12.7055
12.5074
12.3114
11.9373
11.746
11.5566
11.3688
11.1824
10.9977
10.6452
10.4648
10.2863
10.1094
9.93389
9.76044
9.43078
9.26347
9.09912
8.93799
8.78036
8.62724
8.34532
8.20737
8.07527
7.94865
7.82701
7.71017
7.4952
7.38841
7.28417
7.18198
7.08137
6.98235
6.79441
6.69877
6.60392
6.5101
6.41699
6.32482
6.14885
6.05882
5.96967
5.88125
5.79356
5.70648
5.54042
5.45543
5.37127
5.2878
5.2049
5.1228
4.96597
4.88579
4.80615
4.72725
4.64885
4.57117
4.42268
4.34661
4.27121
4.19637
4.12208
4.04825
3.90731
3.83515
3.76372
3.69295
3.62278
3.55349
3.42209
3.3556
3.29014
3.22591
3.16253
3.0991
2.77785
2.64048
2.5186
2.40758
2.30641
2.21305
2.0509
1.97471
1.90376
1.83729
1.77397
1.71399
1.60807
1.55658
1.50728
1.46029
1.41566
1.37338
1.29594
1.25802
1.22162
1.18634
1.15243
1.12027
1.06157
1.03184
1.00317
0.975535
0.948933
0.923472
0.877298
0.854815
0.832792
0.811198
0.790003
0.769266
