-2.43095
-2.66728
-2.93922
-3.28647
-3.68948
-4.12012
-4.57528
-5.05749
-5.56915
-6.11207
-6.6926
-7.35304
-8.20213
-9.21773
-10.3131
-11.4734
-12.7051
-14.0152
-15.4092
-16.9005
-18.5777
-20.7298
-23.3876
-26.2966
-29.3992
-32.7189
-36.2892
-40.1448
-44.3451
-49.1291
-55.344
-63.4572
-72.8804
-83.6386
-96.2356
-111.503
-130.785
-156.548
-194.825
-264.572
-389.45
-569.656
-598.254
-392.206
-7.27888
377.442
583.125
554.925
377.745
258.49
192.38
154.176
127.932
108.268
92.707
79.8428
68.884
59.8087
53.0898
47.8121
43.1557
38.907
34.9953
31.3721
27.9937
24.8382
22.011
19.7907
18.013
16.4019
14.8924
13.4738
12.1397
10.8818
9.69474
8.60755
7.72395
7.01888
6.38197
5.78226
5.21501
4.678
4.16826
3.68403
3.23382
2.44799
1.8784
1.50133
1.22616
1.01387
-2.4319
-2.66624
-2.66831
-2.93795
-2.94049
-3.28488
-3.28807
-3.68774
-3.69123
-4.11828
-4.12196
-4.57333
-4.57723
-5.05542
-5.05956
-5.56695
-5.57135
-6.10974
-6.1144
-6.69008
-6.69513
-7.34996
-7.35612
-8.19816
-8.2061
-9.2133
-9.22215
-10.3084
-10.3178
-11.4684
-11.4784
-12.6998
-12.7104
-14.0096
-14.0209
-15.4032
-15.4152
-16.8941
-16.907
-18.5699
-18.5854
-20.7195
-20.74
-23.3759
-23.3993
-26.2841
-26.3091
-29.3859
-29.4126
-32.7045
-32.7332
-36.2737
-36.3046
-40.1281
-40.1615
-44.3267
-44.3635
-49.107
-49.1512
-55.3139
-55.3743
-63.4205
-63.494
-72.8386
-72.9222
-83.5904
-83.6869
-96.1783
-96.2929
-111.432
-111.574
-130.694
-130.877
-156.421
-156.675
-194.62
-195.03
-264.177
-264.968
-388.781
-390.124
-569.074
-570.234
-598.578
-597.927
-393.657
-390.75
-8.88909
-5.6685
375.992
378.887
582.796
583.45
555.514
554.335
378.399
377.092
258.86
258.12
192.58
192.18
154.305
154.047
128.026
127.839
108.34
108.196
92.7655
92.6485
79.8921
79.7935
68.9261
68.8419
59.8416
59.7759
53.1139
53.0658
47.8325
47.7917
43.1742
43.1372
38.9239
38.89
35.011
34.9797
31.3867
31.3576
28.0074
27.9801
24.8508
24.8256
22.0217
22.0004
19.7987
19.7826
18.02
18.006
16.4084
16.3954
14.8985
14.8863
13.4795
13.4681
12.1451
12.1344
10.8869
10.8767
9.69953
9.68996
8.61173
8.60337
7.72716
7.72074
7.02163
7.01613
6.38454
6.3794
5.78469
5.77983
5.21731
5.21271
4.68018
4.67582
4.17034
4.16619
3.68599
3.68207
3.2356
3.23204
2.45106
2.44494
1.88026
1.87654
1.50267
1.5
1.22716
1.22516
1.01467
-2.4395
-2.65801
-2.67659
-2.92783
-2.95074
-3.27215
-3.30087
-3.6738
-3.7052
-4.10354
-4.13673
-4.55774
-4.59285
-5.03889
-5.07613
-5.54941
-5.58893
-6.09111
-6.13307
-6.66989
-6.71542
-7.32548
-7.38084
-8.16652
-8.23799
-9.17795
-9.25761
-10.2708
-10.3554
-11.4286
-11.5182
-12.6575
-12.7528
-13.9646
-14.066
-15.3553
-15.4632
-16.8423
-16.959
-18.5084
-18.6476
-20.638
-20.8222
-23.2825
-23.4931
-26.1841
-26.4094
-29.2792
-29.5196
-32.5901
-32.848
-36.1503
-36.4283
-39.9945
-40.2955
-44.1798
-44.5111
-48.9314
-49.3289
-55.074
-55.6171
-63.127
-63.7892
-72.505
-73.2576
-83.206
-84.0737
-95.7215
-96.7534
-110.869
-112.143
-129.966
-131.613
-155.416
-157.698
-193.002
-196.689
-261.054
-268.169
-383.483
-395.527
-564.143
-574.784
-601.031
-595.139
-405.097
-379.012
-21.7782
7.21645
364.241
390.295
580.026
585.913
560.099
549.51
383.695
371.926
261.857
255.191
194.195
190.6
155.341
153.025
128.777
127.097
108.92
107.622
93.2353
92.1826
80.2876
79.4006
69.2642
68.5063
60.1064
59.5146
53.3074
52.8742
47.9966
47.6286
43.3224
42.9896
39.0599
38.7545
35.1365
34.8545
31.5033
31.2413
28.1164
27.8713
24.9521
24.7248
22.1072
21.9156
19.8634
19.7186
18.0759
17.9504
16.4604
16.3436
14.9473
14.8376
13.5254
13.4223
12.1883
12.0913
10.9277
10.836
9.73787
9.65174
8.64534
8.57006
7.75296
7.69518
7.0437
6.99414
6.40513
6.35886
5.80415
5.76041
5.23572
5.19434
4.69762
4.65841
4.18692
4.14964
3.70168
3.66642
3.24986
3.21785
2.47583
2.42079
1.8953
1.86176
1.5134
1.48941
1.2352
1.21721
1.02106
-2.46291
-2.49612
-2.52971
-2.56369
-2.59804
-2.63292
-2.70225
-2.73902
-2.77679
-2.81565
-2.85575
-2.89736
-2.98281
-3.02945
-3.07802
-3.1283
-3.18014
-3.2335
-3.34051
-3.39717
-3.45461
-3.51287
-3.5717
-3.63123
-3.74823
-3.80933
-3.87084
-3.93293
-3.99551
-4.05849
-4.18223
-4.24669
-4.31176
-4.37737
-4.4435
-4.51009
-4.64099
-4.70923
-4.77815
-4.84765
-4.91765
-4.98836
-5.1272
-5.1996
-5.27273
-5.34648
-5.42076
-5.49579
-5.64312
-5.71993
-5.79752
-5.87575
-5.95458
-6.03419
-6.19064
-6.27232
-6.35493
-6.43845
-6.52281
-6.60841
-6.77818
-6.86796
-6.95988
-7.05424
-7.1513
-7.25183
-7.45819
-7.57108
-7.68891
-7.81165
-7.93879
-8.07062
-8.33695
-8.4788
-8.62346
-8.77045
-8.91942
-9.06998
-9.36691
-9.52193
-9.67855
-9.83649
-9.99553
-10.1561
-10.4713
-10.6355
-10.8014
-10.9686
-11.137
-11.3071
-11.6411
-11.8153
-11.9913
-12.1688
-12.3476
-12.5283
-12.8834
-13.0686
-13.2558
-13.4446
-13.6349
-13.8272
-14.2049
-14.402
-14.6011
-14.8021
-15.0045
-15.2091
-15.6112
-15.8212
-16.0336
-16.2482
-16.4649
-16.6847
-17.1196
-17.349
-17.5834
-17.8232
-18.0691
-18.3228
-18.8422
-19.1259
-19.4227
-19.7326
-20.0557
-20.3919
-21.078
-21.4463
-21.8239
-22.209
-22.6
-22.9974
-23.7823
-24.193
-24.6086
-25.0281
-25.451
-25.8784
-26.7184
-27.157
-27.5998
-28.0467
-28.4979
-28.9533
-29.8493
-30.318
-30.7914
-31.2695
-31.7526
-32.2407
-33.202
-33.7054
-34.2142
-34.7284
-35.2483
-35.7739
-36.8099
-37.3529
-37.902
-38.4572
-39.019
-39.5872
-40.7089
-41.2977
-41.8939
-42.4982
-43.1108
-43.7326
-44.9678
-45.622
-46.2903
-46.9744
-47.6772
-48.4019
-49.8841
-50.6959
-51.5458
-52.4367
-53.3718
-54.3515
-56.3768
-57.4811
-58.6221
-59.7966
-61.0019
-62.2356
-64.7029
-66.0116
-67.3444
-68.7017
-70.0835
-71.4907
-74.2954
-75.7824
-77.2988
-78.8458
-80.4256
-82.0393
-85.2733
-86.998
-88.7644
-90.5748
-92.4317
-94.3377
-98.1848
-100.252
-102.38
-104.572
-106.833
-109.166
-113.917
-116.49
-119.157
-121.922
-124.792
-127.776
-133.917
-137.283
-140.801
-144.483
-148.346
-152.404
-160.918
-165.69
-170.761
-176.172
-181.98
-188.245
-201.973
-210.07
-218.99
-228.885
-239.807
-251.838
-278.342
-293.643
-310.119
-327.854
-347.02
-367.738
-412.713
-438.494
-465.718
-493.868
-521.666
-547.514
-587.212
-600.462
-608.911
-612.672
-612.071
-607.147
-585.155
-566.954
-543.622
-514.789
-479.838
-438.353
-341.763
-286.701
-230.265
-173.614
-117.297
-61.3339
46.7584
102.713
159.066
215.672
271.921
327.028
423.376
464.806
499.706
528.555
551.851
570.006
592.018
596.933
597.594
593.858
585.496
572.477
533.284
507.595
480.084
452.434
425.768
400.522
356.715
336.764
318.361
301.441
285.822
271.408
246.57
235.282
224.994
215.649
207.133
199.333
185.926
179.728
173.949
168.526
163.422
158.602
149.966
145.837
141.903
138.15
134.562
131.128
124.863
121.819
118.891
116.071
113.352
110.728
105.887
103.509
101.205
98.9709
96.8018
94.6948
90.771
88.8262
86.9305
85.0815
83.2769
81.514
78.2078
76.5583
74.9446
73.3662
71.8224
70.3134
67.4891
66.0894
64.7308
63.4171
62.1512
60.9368
58.7314
57.6738
56.6677
55.7079
54.7908
53.9114
52.2952
51.4993
50.7249
49.9689
49.229
48.5036
47.1322
46.4421
45.7621
45.0922
44.4315
43.7796
42.5396
41.9122
41.2926
40.6808
40.0764
39.4793
38.3412
37.7646
37.1947
36.6313
36.0743
35.5236
34.4727
33.9396
33.4121
32.8903
32.3739
31.8628
30.8862
30.39
29.8986
29.412
28.93
28.4525
27.5391
27.0748
26.615
26.1599
25.7096
25.2647
24.4175
23.9905
23.572
23.1619
22.762
22.3746
21.6602
21.3129
20.9809
20.6627
20.3575
20.0649
19.5249
19.2586
18.9988
18.7441
18.4942
18.2484
17.7806
17.5436
17.3096
17.0775
16.8478
16.6206
16.1852
15.9637
15.7445
15.5269
15.3112
15.0978
14.6887
14.4806
14.2745
14.0701
13.8674
13.6669
13.2824
13.0867
12.893
12.7008
12.5101
12.3214
11.9595
11.7752
11.5926
11.4113
11.2315
11.0534
10.7116
10.5374
10.3649
10.1937
10.024
9.85612
9.53512
9.37254
9.21256
9.05502
8.90059
8.74993
8.46949
8.33202
8.19968
8.07257
7.95055
7.83348
7.61794
7.51195
7.40885
7.30793
7.209
7.11185
6.92706
6.83347
6.74101
6.64932
6.55847
6.46856
6.29611
6.20824
6.12122
6.03478
5.94904
5.8641
5.70106
5.61797
5.53567
5.4539
5.37279
5.29243
5.13818
5.05956
4.98167
4.90427
4.82746
4.75136
4.60517
4.53062
4.45672
4.38325
4.31031
4.23799
4.09902
4.02822
3.95784
3.88799
3.81868
3.75007
3.61861
3.55195
3.48602
3.42097
3.35698
3.29393
3.17456
3.11398
2.96981
2.81272
2.67634
2.5549
2.34979
2.25677
2.17022
2.08961
2.01381
1.94285
1.8174
1.75735
1.70072
1.64737
1.59611
1.54702
1.45761
1.41476
1.37407
1.33474
1.2968
1.2603
1.19302
1.16008
1.12858
1.09885
1.06973
1.04099
