-2.66212
-2.85356
-3.08132
-3.35101
-3.64602
-3.95585
-4.27841
-4.61439
-4.96489
-5.33087
-5.713
-6.11207
-6.53055
-6.97958
-7.49507
-8.1233
-8.84641
-9.6209
-10.4308
-11.2753
-12.1569
-13.0788
-14.0434
-15.0525
-16.1096
-17.2283
-18.4626
-19.9434
-21.7392
-23.7403
-25.8604
-28.0819
-30.4117
-32.8624
-35.4471
-38.1788
-41.0734
-44.1615
-47.5359
-51.4777
-56.4226
-62.3634
-69.0076
-76.2996
-84.3652
-93.4242
-103.785
-115.878
-130.329
-148.131
-171.107
-203.425
-254.977
-334.737
-451.637
-580.64
-609.245
-521.372
-291.776
-7.27888
276.966
506.26
594.116
565.95
438.69
324.933
249.51
200.741
168.875
145.619
127.467
112.728
100.403
89.8392
80.5857
72.3486
65.0299
58.8427
53.9478
49.9104
46.3062
42.9712
39.8489
36.9122
34.1412
31.5179
29.0254
26.6509
24.3995
22.3355
20.5937
19.1688
17.9087
16.7285
15.604
14.5294
13.5025
12.5206
11.5805
10.679
9.81484
8.99793
8.26673
7.66035
7.14388
6.66859
6.21621
5.78226
5.36555
4.96529
4.58044
4.20977
3.85246
3.51013
3.1896
2.57646
2.09481
1.75422
1.49469
1.28812
-2.66315
-2.85239
-2.85474
-3.07988
-3.08276
-3.34938
-3.35264
-3.64429
-3.64776
-3.95404
-3.95765
-4.27653
-4.28029
-4.61243
-4.61635
-4.96285
-4.96694
-5.32873
-5.33301
-5.71077
-5.71524
-6.10974
-6.1144
-6.5281
-6.53301
-6.97687
-6.98228
-7.49183
-7.49832
-8.1194
-8.12722
-8.8421
-8.85071
-9.61637
-9.62543
-10.4261
-10.4356
-11.2703
-11.2802
-12.1518
-12.1621
-13.0735
-13.0842
-14.0378
-14.049
-15.0466
-15.0584
-16.1034
-16.1158
-17.2217
-17.2349
-18.455
-18.4702
-19.9339
-19.9528
-21.7282
-21.7502
-23.7285
-23.7521
-25.848
-25.8728
-28.0689
-28.0949
-30.3981
-30.4254
-32.848
-32.8768
-35.4319
-35.4623
-38.1628
-38.1949
-41.0563
-41.0904
-44.1432
-44.1798
-47.5154
-47.5564
-51.4527
-51.5028
-56.3912
-56.4541
-62.3273
-62.3995
-68.9678
-69.0473
-76.2559
-76.3433
-84.3165
-84.4138
-93.3691
-93.4794
-103.721
-103.849
-115.803
-115.953
-130.238
-130.42
-148.017
-148.246
-170.956
-171.259
-203.198
-203.652
-254.604
-255.351
-334.188
-335.288
-450.849
-452.426
-580.129
-581.147
-609.407
-609.079
-522.256
-520.482
-293.396
-290.152
-8.88909
-5.6685
275.352
278.579
505.381
507.138
593.952
594.277
566.458
565.438
439.458
437.924
325.458
324.41
249.859
249.162
200.96
200.521
169.028
168.722
145.735
145.503
127.56
127.375
112.804
112.651
100.468
100.338
89.8955
89.783
80.6355
80.5359
72.393
72.3041
65.0689
64.991
58.8742
58.8112
53.9728
53.9228
49.932
49.8888
46.3259
46.2864
42.9896
42.9528
39.8662
39.8316
36.9285
36.8959
34.1566
34.1258
31.5325
31.5033
29.0393
29.0115
26.6641
26.6377
24.4119
24.3871
22.3465
22.3246
20.6027
20.5848
19.1763
19.1613
17.9156
17.9018
16.7351
16.7219
15.6103
15.5977
14.5354
14.5234
13.5082
13.4967
12.5261
12.5151
11.5858
11.5753
10.684
10.6739
9.81966
9.81002
9.00241
8.99346
8.27056
8.2629
7.6635
7.65721
7.14668
7.14107
6.67124
6.66595
6.21874
6.21368
5.78469
5.77983
5.36788
5.36322
4.96753
4.96305
4.5826
4.57828
4.21185
4.20769
3.85447
3.85046
3.51203
3.50823
3.19136
3.18784
2.57984
2.57308
2.09707
2.09255
1.75591
1.75253
1.49602
1.49337
1.28919
-2.67063
-2.84388
-2.86333
-3.06954
-3.09317
-3.33759
-3.36448
-3.63174
-3.66033
-3.94095
-3.97076
-4.26291
-4.29394
-4.59823
-4.63058
-4.94803
-4.98179
-5.31326
-5.34852
-5.69462
-5.73143
-6.09285
-6.13132
-6.5103
-6.5509
-6.95733
-7.00196
-7.46845
-7.52197
-8.09116
-8.15568
-8.81094
-8.88199
-9.58356
-9.65833
-10.3919
-10.4699
-11.2346
-11.316
-12.1145
-12.1995
-13.0344
-13.1233
-13.9969
-14.09
-15.0039
-15.1012
-16.0586
-16.1607
-17.1737
-17.2832
-18.4001
-18.5257
-19.8661
-20.0214
-21.6488
-21.83
-23.643
-23.8379
-25.7582
-25.9629
-27.9749
-28.1892
-30.2993
-30.5244
-32.744
-32.9812
-35.322
-35.5725
-38.0466
-38.3114
-40.9329
-41.2142
-44.0106
-44.3129
-47.3674
-47.7055
-51.2719
-51.6857
-56.1645
-56.6831
-62.066
-62.6623
-68.6803
-69.3363
-75.9399
-76.6611
-83.9648
-84.7678
-92.9707
-93.8806
-103.262
-104.312
-115.26
-116.5
-129.582
-131.083
-147.195
-149.079
-169.864
-172.371
-201.576
-205.321
-251.944
-258.084
-330.244
-339.304
-445.159
-458.172
-576.307
-584.734
-610.473
-607.782
-528.489
-513.904
-305.048
-278.374
-20.5706
6.00842
263.636
290.258
498.821
513.373
592.653
595.342
570.018
561.607
445.05
432.339
329.311
320.645
252.411
246.668
202.57
198.948
170.143
167.625
146.583
144.666
128.236
126.706
113.362
112.099
100.94
99.8698
90.3048
89.3764
80.9973
80.1762
72.7165
71.9826
65.3524
64.7099
59.1041
58.5843
54.1547
53.7428
50.0889
49.7327
46.4694
46.1435
43.1234
42.8195
39.9918
39.7065
37.0468
36.778
34.2684
34.0144
31.6385
31.3976
29.1402
28.9109
26.7603
26.5418
24.5023
24.2971
22.4266
22.2452
20.6676
20.5205
19.2312
19.1067
17.966
17.8516
16.7828
16.6743
15.6559
15.5522
14.579
14.48
13.5498
13.4552
12.5659
12.4753
11.624
11.5372
10.7207
10.6374
9.85467
9.7751
9.03496
8.9611
8.29841
8.2353
7.68644
7.63447
7.16705
7.12078
6.69042
6.64681
6.23711
6.19536
5.80232
5.76223
5.38482
5.34632
4.98381
4.94681
4.59826
4.56265
4.22694
4.19263
3.869
3.83595
3.52584
3.49446
3.20415
3.17508
2.60474
2.54895
2.11363
2.07624
1.76823
1.74038
1.50567
1.48383
1.29696
-2.68997
-2.71552
-2.74145
-2.76791
-2.79484
-2.82228
-2.88565
-2.9155
-2.94605
-2.97759
-3.01
-3.04329
-3.12026
-3.15632
-3.19312
-3.23061
-3.26883
-3.30753
-3.39503
-3.43524
-3.47591
-3.51677
-3.55803
-3.59959
-3.6928
-3.73515
-3.77783
-3.82078
-3.86396
-3.90748
-4.0045
-4.04871
-4.09315
-4.13793
-4.18288
-4.22798
-4.32906
-4.37518
-4.42137
-4.46792
-4.51473
-4.56183
-4.6672
-4.71519
-4.76346
-4.81203
-4.86098
-4.91013
-5.02002
-5.07012
-5.12063
-5.17134
-5.22225
-5.27358
-5.38855
-5.44076
-5.49339
-5.54634
-5.59961
-5.65331
-5.77312
-5.82773
-5.88268
-5.93809
-5.99372
-6.04957
-6.17489
-6.23215
-6.28956
-6.3475
-6.40588
-6.46472
-6.59696
-6.65757
-6.71885
-6.78088
-6.84387
-6.90769
-7.05299
-7.12077
-7.19011
-7.26117
-7.33417
-7.40924
-7.58363
-7.66607
-7.7509
-7.83817
-7.92758
-8.01927
-8.2294
-8.327
-8.42613
-8.52661
-8.62831
-8.73116
-8.96259
-9.06844
-9.17508
-9.28247
-9.3906
-9.49942
-9.74298
-9.85392
-9.96551
-10.0777
-10.1906
-10.3041
-10.5581
-10.6738
-10.7901
-10.9071
-11.0247
-11.1431
-11.408
-11.5287
-11.6501
-11.7723
-11.8952
-12.0191
-12.2957
-12.4218
-12.5488
-12.6765
-12.8051
-12.9344
-13.224
-13.356
-13.4888
-13.6225
-13.757
-13.8923
-14.1953
-14.3334
-14.4723
-14.6121
-14.7528
-14.8944
-15.2114
-15.3559
-15.5014
-15.6478
-15.7952
-15.9437
-16.2766
-16.4287
-16.582
-16.7368
-16.8931
-17.0513
-17.4078
-17.5724
-17.7397
-17.9099
-18.0835
-18.2607
-18.6699
-18.8627
-19.0613
-19.2658
-19.4769
-19.6942
-20.2
-20.438
-20.6823
-20.932
-21.1873
-21.4463
-22.0362
-22.308
-22.5829
-22.8607
-23.1411
-23.4239
-24.0588
-24.3487
-24.6406
-24.9344
-25.2302
-25.5286
-26.1947
-26.4986
-26.8047
-27.1124
-27.4222
-27.734
-28.4324
-28.7508
-29.0714
-29.3942
-29.7192
-30.0464
-30.7799
-31.1146
-31.4517
-31.7912
-32.1332
-32.4777
-33.2503
-33.6031
-33.9585
-34.3166
-34.6774
-35.0409
-35.8567
-36.2293
-36.6049
-36.9833
-37.3647
-37.7492
-38.6122
-39.0067
-39.4044
-39.8053
-40.2096
-40.6174
-41.5338
-41.9532
-42.3767
-42.8042
-43.2359
-43.6723
-44.657
-45.1102
-45.5695
-46.0357
-46.5094
-46.9911
-48.0933
-48.6088
-49.1374
-49.6805
-50.2396
-50.8163
-52.1638
-52.8054
-53.4688
-54.1542
-54.8621
-55.5904
-57.2787
-58.0705
-58.8796
-59.7049
-60.5454
-61.4001
-63.3424
-64.239
-65.1479
-66.0689
-67.0017
-67.9464
-70.0835
-71.0675
-72.0642
-73.074
-74.0971
-75.1339
-77.4835
-78.5677
-79.6677
-80.7842
-81.9175
-83.0683
-85.6852
-86.8971
-88.1295
-89.3832
-90.6589
-91.9573
-94.9218
-96.3001
-97.7054
-99.1388
-100.601
-102.094
-105.517
-107.116
-108.75
-110.423
-112.134
-113.886
-117.924
-119.82
-121.766
-123.763
-125.814
-127.923
-132.813
-135.125
-137.507
-139.964
-142.502
-145.121
-151.259
-154.191
-157.233
-160.395
-163.689
-167.122
-175.299
-179.282
-183.476
-187.901
-192.579
-197.557
-209.763
-215.901
-222.504
-229.587
-237.176
-245.331
-265.316
-275.21
-285.644
-296.653
-308.236
-320.427
-349.914
-364.438
-379.802
-395.954
-412.953
-430.884
-473.136
-492.92
-512.495
-531.625
-549.262
-565.476
-592.924
-601.379
-607.498
-611.34
-612.896
-612.346
-603.557
-596.164
-586.578
-574.641
-560.283
-543.305
-495.761
-469.411
-439.756
-407.033
-371.929
-334.558
-248
-208.257
-168.567
-129.064
-89.7593
-50.5808
36.0115
75.1539
114.491
154.022
193.671
233.397
319.885
356.981
392.232
424.768
454.311
480.807
528.239
545.221
559.503
571.427
581.05
588.442
597.208
597.807
596.271
592.475
586.394
578.074
550.814
534.902
517.428
498.59
479.15
459.71
418.286
400.758
384.113
368.367
353.541
339.556
311.258
299.649
288.662
278.284
268.467
259.185
240.463
232.816
225.657
218.964
212.7
206.84
195.039
190.186
185.586
181.21
177.047
173.077
164.867
161.404
158.073
154.87
151.78
148.801
142.554
139.884
137.297
134.79
132.36
130.002
125.012
122.862
120.769
118.732
116.748
114.814
110.697
108.911
107.167
105.463
103.797
102.168
98.6797
97.1581
95.6673
94.206
92.7728
91.3669
88.3418
87.0163
85.7134
84.4329
83.1738
81.935
79.2599
78.0832
76.9248
75.784
74.6606
73.5544
71.1636
70.1125
69.079
68.0636
67.0669
66.0894
63.9971
63.0891
62.205
61.3465
60.5134
59.7062
58.0121
57.29
56.592
55.9165
55.2631
54.6293
53.2862
52.7048
52.1361
51.5788
51.0324
50.4955
49.3351
48.8235
48.3187
47.8198
47.3269
46.84
45.7784
45.3074
44.8411
44.3793
43.9218
43.4686
42.4787
42.0385
41.6022
41.1697
40.7409
40.3158
39.3864
38.9727
38.5625
38.1556
37.7521
37.352
36.4763
36.0863
35.6994
35.3156
34.9347
34.5567
33.7292
33.3603
32.9942
32.6308
32.2701
31.9119
31.1271
30.7769
30.4292
30.0839
29.741
29.4003
28.6533
28.3199
27.9886
27.6596
27.3327
27.0081
26.2965
25.9792
25.6643
25.3521
25.0422
24.7355
24.0677
23.7714
23.4798
23.1929
22.911
22.6346
22.044
21.7882
21.5396
21.2982
21.0642
20.8371
20.3575
20.1514
19.9498
19.7534
19.5614
19.3732
18.9676
18.789
18.6128
18.4387
18.2664
18.0958
17.7232
17.5573
17.3926
17.2292
17.0669
16.9057
16.5526
16.3945
16.2377
16.0819
15.9271
15.7732
15.4356
15.2849
15.135
14.9861
14.8382
14.6912
14.3685
14.2244
14.0813
13.939
13.7976
13.657
13.3487
13.2109
13.0741
12.938
12.8028
12.6684
12.3734
12.2417
12.1106
11.9804
11.8509
11.7222
11.4398
11.3132
11.1875
11.0626
10.9384
10.8149
10.5437
10.4224
10.3019
10.1821
10.0631
9.94483
9.68565
9.57017
9.45566
9.34225
9.23003
9.1191
8.87857
8.77279
8.66901
8.56736
8.46807
8.37109
8.16537
8.07671
7.99052
7.90685
7.82535
7.74601
7.57668
7.50288
7.43041
7.35914
7.28891
7.21964
7.06888
7.00197
6.93563
6.86986
6.8046
6.73981
6.59788
6.53445
6.47128
6.40861
6.34631
6.28438
6.14835
6.08754
6.02707
5.96695
5.90728
5.8477
5.7171
5.65883
5.60077
5.54291
5.48549
5.4284
5.30309
5.2469
5.19113
5.13568
5.08052
5.02578
4.90516
4.85126
4.79777
4.74445
4.6913
4.63854
4.52268
4.47079
4.41907
4.36771
4.31661
4.26577
4.15398
4.10396
4.05418
4.00466
3.95551
3.90641
3.79876
3.75076
3.70296
3.65538
3.60824
3.56146
3.4593
3.41378
3.36884
3.32441
3.2805
3.2372
3.14237
3.09939
2.98122
2.86775
2.76484
2.67151
2.48887
2.41454
2.34461
2.27899
2.21657
2.15713
2.03523
1.98397
1.93504
1.88841
1.84381
1.80044
1.70987
1.67209
1.63526
1.59938
1.56461
1.53086
1.45978
1.42936
1.40014
1.37182
1.34416
1.31725
