-2.21117
-2.35399
-2.5023
-2.65801
-2.82734
-3.02382
-3.25555
-3.51236
-3.7834
-4.06499
-4.35683
-4.6596
-4.9741
-5.301
-5.6408
-5.99395
-6.36166
-6.74856
-7.17035
-7.66228
-8.24799
-8.90253
-9.596
-10.3178
-11.0669
-11.8452
-12.6549
-13.4979
-14.3757
-15.2897
-16.2432
-17.2482
-18.3456
-19.6299
-21.1725
-22.9114
-24.7633
-26.6988
-28.7163
-30.8229
-33.028
-35.341
-37.7711
-40.3291
-43.0328
-45.9268
-49.1401
-52.9643
-57.656
-63.0905
-69.0672
-75.5602
-82.6569
-90.5065
-99.3106
-109.341
-120.968
-134.727
-151.452
-172.641
-201.521
-245.287
-311.004
-403.826
-526.101
-607.209
-594.595
-485.143
-261.696
-7.27888
247.031
470.157
579.48
592.192
511.974
391.83
302.283
240.422
198.894
170.414
148.997
131.954
117.918
106.065
95.8424
86.8607
78.8393
71.5966
65.0884
59.4822
54.9307
51.1639
47.8223
44.7336
41.8334
39.0939
36.4985
34.0335
31.6861
29.4441
27.2975
25.2449
23.3125
21.5841
20.1397
18.915
17.8016
16.7482
15.7394
14.7708
13.8406
12.9472
12.0886
11.2621
10.4656
9.69953
8.97336
8.31682
7.76106
7.28575
6.85137
6.43867
6.04175
5.65907
5.29
4.93395
4.59015
4.25772
3.93598
3.6255
3.33015
2.96833
2.38986
2.00514
1.71685
1.48941
1.30372
1.14728
1.01506
0.900523
-2.21207
-2.35306
-2.35492
-2.50134
-2.50327
-2.65698
-2.65903
-2.82619
-2.82849
-3.02245
-3.02519
-3.25398
-3.25713
-3.51067
-3.51406
-3.78163
-3.78517
-4.06316
-4.06682
-4.35493
-4.35873
-4.65763
-4.66157
-4.97206
-4.97615
-5.29887
-5.30313
-5.63858
-5.64301
-5.99165
-5.99625
-6.35926
-6.36406
-6.746
-6.75112
-7.16748
-7.17323
-7.65884
-7.66572
-8.24399
-8.252
-8.8982
-8.90686
-9.59147
-9.60052
-10.3131
-10.3225
-11.062
-11.0718
-11.8401
-11.8503
-12.6496
-12.6602
-13.4924
-13.5034
-14.3699
-14.3814
-15.2837
-15.2956
-16.237
-16.2494
-17.2416
-17.2549
-18.3381
-18.3531
-19.6209
-19.6389
-21.1619
-21.1831
-22.8998
-22.9229
-24.7512
-24.7754
-26.6862
-26.7115
-28.7031
-28.7294
-30.8091
-30.8367
-33.0136
-33.0424
-35.3258
-35.3561
-37.7552
-37.787
-40.3123
-40.3459
-43.015
-43.0506
-45.9075
-45.9461
-49.118
-49.1623
-52.9371
-52.9915
-57.6234
-57.6887
-63.0539
-63.127
-69.0274
-69.107
-75.5169
-75.6035
-82.6094
-82.7045
-90.4536
-90.5594
-99.2508
-99.3705
-109.272
-109.409
-120.888
-121.048
-134.63
-134.823
-151.333
-151.571
-172.487
-172.797
-201.3
-201.743
-244.939
-245.635
-310.509
-311.5
-403.126
-404.527
-525.317
-526.883
-606.993
-607.42
-594.959
-594.227
-486.215
-484.066
-263.327
-260.064
-8.88909
-5.6685
245.414
248.647
469.074
471.235
579.111
579.845
592.399
591.982
512.746
511.201
392.51
391.145
302.755
301.812
240.748
240.097
199.109
198.679
170.57
170.259
149.118
148.876
132.052
131.856
118
117.836
106.135
105.995
95.9034
95.7815
86.9148
86.8067
78.8879
78.7907
71.6406
71.5526
65.1274
65.0494
59.5146
59.4498
54.9568
54.9045
51.1863
51.1415
47.8428
47.8019
44.7527
44.7145
41.8514
41.8154
39.111
39.0769
36.5147
36.4824
34.0489
34.0182
31.7008
31.6715
29.4581
29.4301
27.3109
27.284
25.2576
25.2321
23.3243
23.3007
21.5943
21.574
20.1481
20.1313
18.9224
18.9077
17.8085
17.7947
16.7548
16.7417
15.7457
15.7331
14.7768
14.7647
13.8464
13.8348
12.9528
12.9417
12.0939
12.0832
11.2672
11.2569
10.4706
10.4606
9.70432
9.69474
8.97782
8.9689
8.32071
8.31294
7.76431
7.75782
7.28862
7.28288
6.85407
6.84868
6.44126
6.43609
6.04424
6.03926
5.66147
5.65667
5.29231
5.28768
4.93619
4.93172
4.59231
4.58799
4.25981
4.25563
3.938
3.93395
3.62744
3.62356
3.33198
3.32833
2.97326
2.96344
2.39277
2.38696
2.00725
2.00303
1.71849
1.71526
1.49073
1.4881
1.3048
1.30263
1.14819
1.14636
1.01586
1.01427
0.90119
-2.21835
-2.34656
-2.36143
-2.49457
-2.51006
-2.6498
-2.66624
-2.81816
-2.83659
-3.01291
-3.03483
-3.24297
-3.26819
-3.49884
-3.52593
-3.76928
-3.79755
-4.05035
-4.07965
-4.34166
-4.37204
-4.64385
-4.67539
-4.95773
-4.99051
-5.28398
-5.31806
-5.62311
-5.65852
-5.97556
-6.01237
-6.34246
-6.3809
-6.72814
-6.76906
-7.14745
-7.19344
-7.63485
-7.68996
-8.21605
-8.28013
-8.86796
-8.9372
-9.55983
-9.63224
-10.2802
-10.3554
-11.0279
-11.1059
-11.8047
-11.8858
-12.6127
-12.6971
-13.454
-13.5419
-14.3299
-14.4215
-15.2421
-15.3374
-16.1934
-16.2932
-17.1952
-17.3015
-18.2859
-18.4058
-19.5581
-19.7024
-21.088
-21.2576
-22.8192
-23.0038
-24.6666
-24.8603
-26.598
-26.7999
-28.611
-28.8217
-30.7129
-30.9331
-32.9128
-33.1436
-35.22
-35.4623
-37.6439
-37.8986
-40.195
-40.4635
-42.8906
-43.1755
-45.7729
-46.0817
-48.9643
-49.3177
-52.7483
-53.1826
-57.396
-57.9181
-62.7986
-63.3837
-68.7496
-69.3862
-75.2147
-75.9073
-82.2774
-83.0384
-90.0841
-90.9313
-98.8335
-99.791
-108.793
-109.893
-120.327
-121.614
-133.96
-135.5
-150.506
-152.408
-171.412
-173.891
-199.775
-203.312
-242.534
-248.092
-307.078
-315.008
-398.269
-409.471
-519.777
-532.296
-605.386
-608.784
-597.423
-591.551
-493.579
-476.368
-274.717
-248.614
-20.1681
5.60575
234.009
259.992
461.307
478.62
576.42
582.295
593.728
590.411
518.091
505.768
397.345
386.383
306.089
298.547
243.053
237.845
200.631
197.193
171.666
169.181
149.971
148.035
132.744
131.172
118.577
117.265
106.627
105.507
96.332
95.3561
87.2945
86.4293
79.2293
78.4512
71.9494
71.2456
65.4015
64.7775
59.7431
59.2241
55.1407
54.7228
51.3438
50.9849
47.9863
47.6591
44.8866
44.5811
41.9776
41.6896
39.2303
38.9579
36.6279
36.3695
34.1566
33.9108
31.8035
31.5691
29.5563
29.3321
27.405
27.1902
25.3473
25.1428
23.4073
23.2182
21.6658
21.5033
20.2071
20.0728
18.9743
18.8561
17.8568
17.7465
16.8009
16.6957
15.79
15.6889
14.8193
14.7223
13.8872
13.7941
12.9921
12.9025
12.1317
12.0456
11.3036
11.2206
10.5056
10.4257
9.73787
9.66129
9.00914
8.93777
8.34806
8.2859
7.78716
7.7352
7.30879
7.26281
6.87297
6.82984
6.45937
6.41802
6.06169
6.02185
5.6783
5.63988
5.30854
5.27149
4.95185
4.91609
4.60745
4.57289
4.27445
4.24101
3.95216
3.91982
3.64106
3.60999
3.34478
3.31559
3.00852
2.9299
2.41335
2.36686
2.02211
1.98842
1.73
1.70419
1.5
1.47894
1.31242
1.29508
1.15464
1.13998
1.02146
1.00872
0.905887
-2.23356
-2.25285
-2.27223
-2.29167
-2.31125
-2.33092
-2.3772
-2.3972
-2.41732
-2.4375
-2.45784
-2.47829
-2.52649
-2.54738
-2.56843
-2.5896
-2.61098
-2.63257
-2.68376
-2.70615
-2.72883
-2.7518
-2.77519
-2.79899
-2.8564
-2.88189
-2.908
-2.93465
-2.96207
-2.9902
-3.05844
-3.08885
-3.11989
-3.15152
-3.18379
-3.21662
-3.2951
-3.32948
-3.36423
-3.39924
-3.43465
-3.47037
-3.5547
-3.59125
-3.62803
-3.66493
-3.70214
-3.73954
-3.82753
-3.86557
-3.9038
-3.94213
-3.98073
-4.01952
-4.11072
-4.15014
-4.18976
-4.22948
-4.26948
-4.30969
-4.40425
-4.44513
-4.48623
-4.52743
-4.56894
-4.61066
-4.70884
-4.75129
-4.79397
-4.83677
-4.87989
-4.92325
-5.02527
-5.0694
-5.11375
-5.15824
-5.20307
-5.24814
-5.35419
-5.40006
-5.44617
-5.49242
-5.53901
-5.58585
-5.69607
-5.74374
-5.79166
-5.83972
-5.88814
-5.93683
-6.05142
-6.101
-6.15085
-6.20088
-6.25133
-6.30207
-6.42172
-6.47362
-6.52588
-6.57847
-6.63163
-6.68528
-6.81265
-6.86836
-6.92483
-6.98201
-7.0403
-7.09965
-7.24282
-7.30654
-7.37187
-7.43858
-7.50726
-7.57777
-7.7493
-7.82597
-7.90432
-7.98423
-8.06598
-8.14919
-8.34854
-8.43601
-8.52452
-8.61377
-8.70413
-8.79528
-9.01073
-9.1042
-9.19827
-9.2927
-9.38791
-9.48367
-9.70902
-9.80649
-9.90446
-10.0027
-10.1017
-10.2011
-10.4351
-10.5362
-10.6379
-10.7399
-10.8426
-10.9458
-11.1887
-11.2938
-11.3994
-11.5053
-11.612
-11.7193
-11.9719
-12.0811
-12.191
-12.3011
-12.4122
-12.5239
-12.7867
-12.9005
-13.0148
-13.1296
-13.2452
-13.3615
-13.6352
-13.7536
-13.8727
-13.9922
-14.1126
-14.2336
-14.5186
-14.6419
-14.7659
-14.8903
-15.0157
-15.1417
-15.4386
-15.5671
-15.6963
-15.826
-15.9569
-16.0885
-16.3991
-16.5338
-16.6696
-16.8062
-16.9443
-17.0838
-17.4149
-17.5598
-17.7067
-17.8555
-18.0072
-18.1616
-18.5345
-18.7005
-18.8708
-19.0451
-19.2244
-19.4087
-19.8582
-20.0595
-20.2656
-20.4759
-20.6915
-20.9112
-21.4388
-21.6707
-21.9057
-22.1429
-22.383
-22.6256
-23.1998
-23.4491
-23.7002
-23.9524
-24.2068
-24.4628
-25.0659
-25.327
-25.5896
-25.853
-26.1185
-26.3855
-27.0144
-27.2862
-27.5597
-27.8346
-28.1112
-28.3893
-29.0454
-29.3292
-29.6145
-29.9016
-30.1905
-30.4812
-31.1671
-31.4639
-31.7625
-32.063
-32.3655
-32.67
-33.3888
-33.6999
-34.0131
-34.3283
-34.6456
-34.9651
-35.7197
-36.0465
-36.3755
-36.7066
-37.0401
-37.3759
-38.1694
-38.5131
-38.8593
-39.2079
-39.559
-39.9127
-40.7491
-41.1117
-41.4772
-41.8455
-42.2169
-42.5914
-43.4789
-43.8649
-44.2547
-44.6484
-45.0468
-45.4498
-46.4118
-46.8337
-47.2625
-47.6986
-48.1433
-48.5971
-49.6985
-50.1899
-50.695
-51.2142
-51.7491
-52.2998
-53.6514
-54.2586
-54.8832
-55.5232
-56.1801
-56.8525
-58.4785
-59.1968
-59.9274
-60.6693
-61.4223
-62.186
-64.0083
-64.8045
-65.6102
-66.4248
-67.2488
-68.0822
-70.065
-70.9299
-71.8044
-72.6889
-73.5838
-74.4892
-76.6464
-77.589
-78.5434
-79.5098
-80.4891
-81.4813
-83.8518
-84.8903
-85.9438
-87.0126
-88.0975
-89.1988
-91.838
-92.9981
-94.1773
-95.3759
-96.5948
-97.8349
-100.817
-102.133
-103.473
-104.838
-106.229
-107.648
-111.074
-112.591
-114.14
-115.721
-117.338
-118.99
-122.999
-124.782
-126.609
-128.479
-130.397
-132.364
-137.162
-139.311
-141.52
-143.791
-146.131
-148.541
-154.473
-157.153
-159.926
-162.799
-165.778
-168.87
-176.598
-180.148
-183.869
-187.768
-191.863
-196.185
-207.241
-212.464
-218.012
-223.941
-230.23
-236.92
-254.2
-262.315
-270.845
-279.785
-289.154
-298.977
-323.694
-335.15
-347.141
-359.728
-372.953
-386.842
-421.731
-437.822
-454.469
-471.548
-488.967
-506.259
-544.569
-559.472
-572.564
-583.845
-593.271
-600.759
-611.261
-612.793
-612.702
-610.959
-607.588
-602.562
-584.289
-573.486
-560.793
-546.094
-529.327
-510.316
-456.636
-429.423
-400.01
-368.864
-335.939
-302.135
-220.901
-185.979
-151.083
-116.418
-81.8583
-47.4232
32.8564
67.2699
101.833
136.537
171.421
206.318
287.307
321.254
353.921
385.219
414.534
441.564
495.228
514.218
531.024
545.727
558.347
569.147
587.451
592.459
595.829
597.592
597.709
596.193
585.78
578.409
569.137
557.889
544.896
530.452
492.358
475.232
458.149
441.444
425.108
409.344
375.199
361.76
349.014
336.882
325.326
314.383
290.86
281.592
272.764
264.369
256.374
248.785
232.575
226.263
220.317
214.71
209.422
204.421
193.705
189.483
185.455
181.6
177.913
174.375
166.627
163.512
160.503
157.598
154.789
152.067
146.037
143.582
141.199
138.883
136.63
134.439
129.544
127.537
125.58
123.671
121.808
119.989
115.902
114.216
112.568
110.956
109.377
107.83
104.34
102.894
101.476
100.085
98.7193
97.3784
94.338
93.0734
91.8301
90.6074
89.4044
88.22
85.5251
84.4002
83.2918
82.1995
81.1225
80.0607
77.6373
76.6231
75.6227
74.6358
73.662
72.7015
70.5096
69.5936
68.6912
67.8032
66.9296
66.071
64.1285
63.3255
62.5408
61.7755
61.03
60.3041
58.6884
58.0311
57.3938
56.7757
56.1748
55.5918
54.2896
53.7552
53.2326
52.7216
52.2204
51.728
50.6101
50.1432
49.6826
49.2282
48.779
48.335
47.316
46.8874
46.4627
46.042
45.625
45.2117
44.2603
43.8585
43.4601
43.0649
42.6728
42.2838
41.387
41.0079
40.6317
40.2584
39.8878
39.52
38.6715
38.3125
37.9562
37.6026
37.2514
36.9027
36.0977
35.757
35.4188
35.0829
34.7492
34.4178
33.6523
33.3281
33.0061
32.6862
32.3684
32.0525
31.3224
31.0131
30.7056
30.4001
30.0964
29.7944
29.0961
28.8001
28.5058
28.2132
27.9223
27.6331
26.9642
26.6807
26.399
26.1191
25.8409
25.5648
24.928
24.6588
24.392
24.1285
23.8673
23.6092
23.0208
22.7751
22.534
22.2982
22.067
21.8409
21.3351
21.1277
20.9257
20.7296
20.5382
20.3515
19.9334
19.7606
19.5912
19.4252
19.2616
19.1004
18.7325
18.5779
18.4248
18.2735
18.1231
17.974
17.6307
17.4851
17.3406
17.1973
17.0545
16.9126
16.5849
16.4458
16.3074
16.1701
16.0332
15.8972
15.5827
15.449
15.3162
15.1844
15.053
14.9223
14.6202
14.492
14.3644
14.2378
14.1116
13.9861
13.6961
13.5729
13.4503
13.3287
13.2075
13.087
12.8084
12.69
12.5722
12.4554
12.3389
12.223
11.955
11.8411
11.7277
11.6153
11.5031
11.3915
11.1334
11.0236
10.9144
10.806
10.6979
10.5904
10.3416
10.2359
10.1307
10.0264
9.92248
9.81918
9.58085
9.47989
9.37978
9.28078
9.18252
9.0853
8.86319
8.7702
8.67876
8.58918
8.50117
8.41496
8.22149
8.14191
8.0643
7.98877
7.91502
7.84295
7.68122
7.61421
7.54852
7.48407
7.4205
7.35783
7.21467
7.1544
7.09471
7.03569
6.97701
6.91877
6.78451
6.72757
6.67097
6.61482
6.55886
6.50321
6.37452
6.31983
6.26542
6.2114
6.15753
6.10393
5.97994
5.92722
5.87475
5.82267
5.77072
5.71903
5.59946
5.54861
5.49801
5.44778
5.39769
5.34783
5.2325
5.18345
5.13465
5.08619
5.03786
4.98976
4.87845
4.83111
4.784
4.73721
4.69053
4.64407
4.53652
4.49077
4.44522
4.39997
4.35483
4.30989
4.20582
4.16154
4.11744
4.07365
4.02995
3.98646
3.88578
3.84295
3.80035
3.75808
3.71594
3.67404
3.57733
3.53634
3.49569
3.45545
3.41546
3.37585
3.285
3.24673
3.20883
3.17131
3.13388
3.09459
2.85317
2.76344
2.68099
2.60421
2.53256
2.46462
2.31978
2.26301
2.20855
2.15654
2.10675
2.05881
1.95393
1.91199
1.87171
1.83287
1.79501
1.75828
1.6778
1.64518
1.61336
1.58241
1.55217
1.52274
1.45717
1.43046
1.40465
1.37964
1.35509
1.33106
1.27708
1.25482
1.23309
1.21184
1.19088
1.17045
1.12494
1.10657
1.08843
1.07057
1.05273
1.03513
0.995487
0.979095
0.963066
0.947487
0.932254
0.91739
