-1.66955
-1.83782
-2.01413
-2.19909
-2.39321
-2.59819
-2.82331
-3.09714
-3.43007
-3.79489
-4.17935
-4.58308
-5.00798
-5.45571
-5.92746
-6.4256
-6.96338
-7.59758
-8.39594
-9.30648
-10.2755
-11.295
-12.3692
-13.5034
-14.7014
-15.9676
-17.3216
-18.8619
-20.8119
-23.1544
-25.6994
-28.3948
-31.2516
-34.2925
-37.5407
-41.0222
-44.7896
-49.041
-54.3962
-61.2892
-69.2864
-78.2476
-88.4184
-100.244
-114.391
-131.891
-154.546
-186.296
-238.524
-329.303
-473.237
-604.894
-573.896
-350.39
-7.27888
335.569
558.757
589.927
459.81
319.745
234.08
184.005
152.141
129.061
111.211
96.7941
84.728
74.3337
65.3034
57.9176
52.3312
47.7304
43.6014
39.7971
36.2649
32.9698
29.8804
26.9697
24.2383
21.8002
19.8553
18.2657
16.8207
15.46
14.1721
12.9528
11.7972
10.6992
9.65651
8.69193
7.88187
7.23144
6.65275
6.10794
5.58967
5.09618
4.62585
4.17655
3.747
3.34203
2.75244
2.11997
1.7113
1.41494
1.18678
1.00439
0.856457
0.732442
0.624427
0.530428
-1.67033
-1.83701
-1.83864
-2.01328
-2.01499
-2.1982
-2.19999
-2.39227
-2.39415
-2.59719
-2.59919
-2.82216
-2.82446
-3.0957
-3.09859
-3.42841
-3.43174
-3.79312
-3.79666
-4.17749
-4.18121
-4.58113
-4.58504
-5.00592
-5.01003
-5.45354
-5.45787
-5.92518
-5.92975
-6.42318
-6.42802
-6.96069
-6.96608
-7.59421
-7.60094
-8.39184
-8.40004
-9.30203
-9.31093
-10.2708
-10.2802
-11.2901
-11.2999
-12.364
-12.3744
-13.4979
-13.5089
-14.6956
-14.7072
-15.9615
-15.9738
-17.3149
-17.3283
-18.8539
-18.87
-20.8016
-20.8222
-23.1428
-23.1661
-25.6871
-25.7118
-28.3817
-28.4078
-31.2377
-31.2655
-34.2777
-34.3073
-37.5249
-37.5566
-41.0052
-41.0393
-44.771
-44.8083
-49.0191
-49.063
-54.3671
-54.4252
-61.2537
-61.3246
-69.2465
-69.3263
-78.2027
-78.2924
-88.367
-88.4699
-100.184
-100.305
-114.317
-114.464
-131.798
-131.984
-154.422
-154.669
-186.112
-186.481
-238.194
-238.855
-328.768
-329.841
-472.427
-474.05
-604.644
-605.142
-574.439
-573.348
-351.938
-348.84
-8.88909
-5.6685
334.031
337.108
558.21
559.3
590.173
589.677
460.606
459.013
320.258
319.233
234.389
233.772
184.188
183.823
152.266
152.015
129.156
128.966
111.286
111.136
96.8559
96.7323
84.7806
84.6755
74.3795
74.288
65.3426
65.2642
57.9478
57.8874
52.3546
52.3078
47.7508
47.71
43.62
43.5827
39.8144
39.7798
36.2809
36.2488
32.9848
32.9548
29.8945
29.8662
26.9831
26.9564
24.2506
24.226
21.8106
21.7898
19.8634
19.8472
18.2728
18.2586
16.8273
16.8141
15.4662
15.4537
14.178
14.1662
12.9584
12.9472
11.8025
11.7919
10.7042
10.6941
9.66129
9.65174
8.69619
8.68768
7.88526
7.87848
7.23428
7.22859
6.65539
6.65011
6.11044
6.10543
5.59206
5.58729
5.09845
5.09391
4.62802
4.62368
4.17863
4.17448
3.74898
3.74503
3.34386
3.3402
2.75644
2.7485
2.12228
2.11766
1.71288
1.70971
1.41614
1.41373
1.18774
1.18581
1.00517
1.0036
0.857078
0.855837
0.73299
0.731893
0.6249
0.623954
0.530845
-1.67635
-1.83072
-1.84494
-2.00669
-2.02159
-2.19128
-2.20692
-2.38501
-2.40143
-2.58945
-2.60696
-2.81332
-2.8334
-3.08455
-3.10986
-3.41554
-3.44466
-3.77942
-3.81039
-4.16311
-4.19562
-4.56602
-4.60019
-4.99
-5.02599
-5.43676
-5.47469
-5.90749
-5.94747
-6.40443
-6.44683
-6.9399
-6.98702
-7.56825
-7.62718
-8.36016
-8.43189
-9.2676
-9.34548
-10.2345
-10.3166
-11.2519
-11.3382
-12.3237
-12.4148
-13.4553
-13.5515
-14.6506
-14.7522
-15.9139
-16.0215
-17.2632
-17.3802
-18.7917
-18.9329
-20.7221
-20.9024
-23.0529
-23.2563
-25.5914
-25.8077
-28.2805
-28.5093
-31.1302
-31.3733
-34.163
-34.4223
-37.4023
-37.6796
-40.8735
-41.1715
-44.6268
-44.953
-48.8496
-49.2343
-54.1434
-54.6517
-60.9798
-61.6004
-68.938
-69.6363
-77.8562
-78.6409
-87.9695
-88.87
-99.7158
-100.777
-113.749
-115.037
-131.083
-132.707
-153.471
-155.634
-184.705
-187.925
-235.688
-241.435
-324.657
-334.05
-466.153
-480.395
-602.578
-606.937
-578.513
-568.959
-363.828
-336.726
-21.3757
6.81377
322.036
348.892
553.833
563.381
591.929
587.6
466.793
452.857
324.279
315.303
236.813
231.415
185.609
182.428
153.247
151.049
129.894
128.236
111.871
110.558
97.337
96.2553
85.1893
84.2695
74.7353
73.9344
65.6478
64.9618
58.1833
57.6552
52.5365
52.1274
47.9094
47.5523
43.7648
43.4384
39.9485
39.6462
36.4057
36.1244
33.1015
32.8384
30.0042
29.7568
27.0865
26.8532
24.3467
24.1304
21.8918
21.7095
19.9265
19.7847
18.3276
18.204
16.8785
16.763
15.5147
15.4054
14.2239
14.1204
13.0019
12.9039
11.8437
11.7508
10.7434
10.655
9.69833
9.61482
8.72931
8.65484
7.91161
7.85246
7.25638
7.20659
6.67586
6.62969
6.12988
6.08604
5.61056
5.56882
5.11608
5.07633
4.64483
4.60691
4.19471
4.15843
3.76432
3.72973
3.35808
3.32605
2.78792
2.71833
2.14035
2.09991
1.72546
1.6975
1.42556
1.40447
1.19526
1.17838
1.01129
0.997547
0.861898
0.851043
0.737256
0.727656
0.628579
0.620302
0.534081
-1.69353
-1.71707
-1.74081
-1.76469
-1.7887
-1.8129
-1.86292
-1.88762
-1.91244
-1.93747
-1.96262
-1.98799
-2.04046
-2.06632
-2.0924
-2.11866
-2.14505
-2.17166
-2.22671
-2.25384
-2.28121
-2.30877
-2.33647
-2.36441
-2.42224
-2.45078
-2.47959
-2.50865
-2.53792
-2.56754
-2.62922
-2.65991
-2.69112
-2.72291
-2.75533
-2.78847
-2.85924
-2.8954
-2.93281
-2.97161
-3.01169
-3.05323
-3.1424
-3.18776
-3.23428
-3.28177
-3.33005
-3.37915
-3.48163
-3.53256
-3.58387
-3.63572
-3.68791
-3.74059
-3.8496
-3.90335
-3.95756
-4.01214
-4.067
-4.12233
-4.23677
-4.29319
-4.35009
-4.40741
-4.46503
-4.52316
-4.64345
-4.70279
-4.76266
-4.82298
-4.88364
-4.94486
-5.07157
-5.13409
-5.19718
-5.26074
-5.32478
-5.38919
-5.52272
-5.5886
-5.65508
-5.72205
-5.78941
-5.85738
-5.99809
-6.06765
-6.13763
-6.2083
-6.27945
-6.35133
-6.50062
-6.57475
-6.64966
-6.72572
-6.80281
-6.88138
-7.04733
-7.13139
-7.21802
-7.30745
-7.39984
-7.49572
-7.70319
-7.81002
-7.9205
-8.0344
-8.15116
-8.27087
-8.52327
-8.64943
-8.77751
-8.90707
-9.03781
-9.17001
-9.44414
-9.57949
-9.71608
-9.85369
-9.99207
-10.1317
-10.4204
-10.5629
-10.7065
-10.8513
-10.9968
-11.1436
-11.4475
-11.5975
-11.7488
-11.9013
-12.0547
-12.2095
-12.5302
-12.6884
-12.8482
-13.0092
-13.1712
-13.3347
-13.6734
-13.8406
-14.0093
-14.1794
-14.3505
-14.5232
-14.8809
-15.0575
-15.2358
-15.4155
-15.5964
-15.7791
-16.1579
-16.3454
-16.5351
-16.7269
-16.9206
-17.1173
-17.5294
-17.7366
-17.9479
-18.1649
-18.3877
-18.618
-19.115
-19.3716
-19.6385
-19.9156
-20.2024
-20.4989
-21.1333
-21.4544
-21.7826
-22.1166
-22.4549
-22.7986
-23.5142
-23.8687
-24.2271
-24.5887
-24.9527
-25.3203
-26.0818
-26.4577
-26.8374
-27.2197
-27.6052
-27.9938
-28.7991
-29.1976
-29.5995
-30.0047
-30.4134
-30.8258
-31.6812
-32.1049
-32.5324
-32.9637
-33.3991
-33.8385
-34.7508
-35.203
-35.6594
-36.1202
-36.5854
-37.0552
-38.0312
-38.5151
-39.004
-39.4977
-39.9966
-40.5007
-41.5496
-42.0707
-42.598
-43.1316
-43.6723
-44.2203
-45.3683
-45.9437
-46.5307
-47.1301
-47.7442
-48.3752
-49.7298
-50.4278
-51.1537
-51.9098
-52.6981
-53.5199
-55.3075
-56.2308
-57.1847
-58.1668
-59.1756
-60.2087
-62.3919
-63.4894
-64.6062
-65.7415
-66.8953
-68.0675
-70.5249
-71.7545
-73.0043
-74.2742
-75.5656
-76.8792
-79.641
-81.0281
-82.4413
-83.882
-85.3515
-86.851
-90.0204
-91.6204
-93.2568
-94.9311
-96.6452
-98.4014
-102.135
-104.032
-105.98
-107.982
-110.04
-112.158
-116.692
-119.013
-121.408
-123.881
-126.439
-129.085
-134.803
-137.756
-140.827
-144.021
-147.351
-150.825
-158.446
-162.452
-166.666
-171.113
-175.822
-180.825
-192.166
-198.352
-205.021
-212.285
-220.202
-228.861
-249.08
-260.233
-272.232
-285.055
-298.76
-313.353
-346.396
-364.284
-383.456
-403.854
-425.615
-448.655
-498.366
-522.459
-544.954
-565.423
-582.213
-595.351
-610.762
-612.916
-611.806
-607.432
-599.796
-588.808
-555.039
-532.527
-505.644
-474.072
-437.487
-396.245
-301.805
-252.911
-203.61
-154.412
-105.537
-56.8975
42.3269
90.947
139.868
189.031
238.299
286.972
381.466
422.517
459
490.593
517.437
539.984
573.662
584.674
592.304
596.669
597.825
595.698
580.447
567.523
550.762
530.837
508.379
484.495
435.781
413.142
391.857
371.9
353.394
336.157
304.516
290.655
277.728
265.67
254.423
243.981
224.972
216.792
209.251
202.281
195.812
189.781
178.585
173.599
168.881
164.407
160.152
156.1
148.36
144.824
141.433
138.177
135.045
132.032
126.198
123.498
120.89
118.367
115.925
113.559
108.936
106.777
104.68
102.64
100.655
98.7218
94.9155
93.1249
91.3763
89.6683
87.9979
86.3643
83.1267
81.5939
80.0916
78.6188
77.1741
75.7567
72.9387
71.6021
70.2918
69.0087
67.7533
66.5269
64.1143
62.9876
61.8981
60.8482
59.8375
58.8675
57.009
56.1575
55.3406
54.5543
53.7954
53.0607
51.6206
50.9431
50.2802
49.6301
48.9915
48.3635
47.1071
46.5065
45.9137
45.3284
44.7503
44.1791
43.0303
42.4787
41.9332
41.3937
40.8599
40.3318
39.2681
38.7566
38.2504
37.7494
37.2535
36.7624
35.7723
35.2958
34.8239
34.3566
33.8936
33.4349
32.5091
32.063
31.6208
31.1826
30.7482
30.3174
29.447
29.0272
28.6108
28.1978
27.7882
27.382
26.5611
26.1654
25.7733
25.3852
25.0009
24.6218
23.8606
23.4977
23.1425
22.7946
22.4554
22.1266
21.4852
21.1887
20.9038
20.629
20.364
20.1087
19.6093
19.3751
19.1466
18.9221
18.7016
18.4849
18.0493
17.8402
17.6337
17.4288
17.2262
17.0249
16.6183
16.4221
16.2277
16.0345
15.8429
15.653
15.2684
15.0827
14.8988
14.7159
14.5345
14.3548
13.9908
13.815
13.6409
13.4678
13.296
13.1259
12.7811
12.6146
12.4496
12.2856
12.1228
11.9614
11.6342
11.4761
11.3194
11.1635
11.0088
10.8553
10.5442
10.3938
10.2448
10.0966
9.94969
9.80423
9.51031
9.36904
9.2298
9.09232
8.9571
8.82469
8.5626
8.43983
8.32091
8.20587
8.09477
7.98772
7.77963
7.6828
7.58883
7.49715
7.40752
7.31979
7.14444
7.06057
6.97783
6.89583
6.81466
6.73435
6.5718
6.49333
6.41557
6.33824
6.26161
6.18538
6.03105
5.95645
5.88248
5.8089
5.73595
5.6634
5.51647
5.44543
5.37501
5.30495
5.23538
5.1664
5.02646
4.9589
4.89169
4.82492
4.7586
4.69282
4.55932
4.49473
4.43065
4.36687
4.30348
4.2406
4.11291
4.05111
3.98981
3.9288
3.8682
3.80811
3.68638
3.62764
3.56953
3.51194
3.45497
3.39881
3.28608
3.23222
3.17913
3.12637
3.02847
2.88297
2.63635
2.5337
2.43901
2.3512
2.2698
2.19341
2.05068
1.98655
1.92612
1.86903
1.81455
1.76235
1.66334
1.61815
1.57447
1.53237
1.49185
1.45298
1.37859
1.34416
1.31084
1.27851
1.24723
1.21701
1.15761
1.13016
1.10426
1.0788
1.05365
1.02896
0.980577
0.958043
0.936356
0.915366
0.895111
0.87572
0.83751
0.819298
0.801417
0.783807
0.766526
0.749516
0.715724
0.699732
0.684106
0.668795
0.653825
0.639166
0.610032
0.59595
0.582143
0.568947
0.556064
0.543335
