-2.78267
-3.37308
-4.11828
-4.94343
-5.85919
-6.88745
-8.28617
-10.1563
-12.2447
-14.5711
-17.1819
-20.6127
-25.4775
-31.0229
-37.3036
-44.5388
-54.0503
-68.8686
-87.9568
-113.841
-153.807
-237.055
-470.808
-574.709
-7.27888
559.57
457.42
232.702
151.391
110.651
84.2564
64.8938
52.0521
43.3502
36.0243
29.6477
24.0168
19.6987
16.6825
14.0395
11.6701
9.53536
7.79208
6.57782
5.51837
4.55781
3.68207
2.62316
1.65541
1.15141
-2.78378
-3.37144
-3.37472
-4.11643
-4.12012
-4.94139
-4.94547
-5.85692
-5.86146
-6.88481
-6.89009
-8.28214
-8.2902
-10.1517
-10.161
-12.2395
-12.2499
-14.5653
-14.5769
-17.1753
-17.1886
-20.6026
-20.6228
-25.4652
-25.4898
-31.0091
-31.0367
-37.2878
-37.3194
-44.5203
-44.5573
-54.0217
-54.0789
-68.8289
-68.9082
-87.9057
-88.0079
-113.768
-113.914
-153.685
-153.93
-236.732
-237.379
-469.999
-471.617
-575.246
-574.168
-8.88909
-5.6685
559.029
560.107
458.217
456.625
233.006
232.397
151.515
151.266
110.725
110.576
84.3087
84.2042
64.9327
64.855
52.0752
52.0289
43.3687
43.3316
36.0403
36.0083
29.6617
29.6336
24.0291
24.0046
19.7067
19.6908
16.6891
16.676
14.0454
14.0336
11.6754
11.6648
9.54009
9.53063
7.79536
7.7888
6.58044
6.57521
5.52073
5.516
4.55996
4.55566
3.68403
3.68011
2.62671
2.61963
1.65693
1.65389
1.15233
-2.79579
-3.35386
-3.39239
-4.09664
-4.13997
-4.91948
-4.96745
-5.83259
-5.88587
-6.85655
-6.91858
-8.23899
-8.3337
-10.1017
-10.2112
-12.184
-12.3056
-14.5034
-14.639
-17.1045
-17.2599
-20.4944
-20.7323
-25.3331
-25.6222
-30.8608
-31.1856
-37.1186
-37.4892
-44.3221
-44.757
-53.717
-54.3889
-68.4036
-69.3363
-87.3586
-88.56
-112.987
-114.704
-152.378
-155.26
-233.312
-240.931
-461.341
-480.395
-580.769
-568.074
-26.2066
11.646
552.958
565.641
466.793
448.166
236.339
229.182
152.866
149.941
111.531
109.781
84.8727
83.6451
65.3524
64.4404
52.3254
51.7815
43.5687
43.1326
36.2126
35.8367
29.8133
29.4826
24.1612
23.8734
19.7927
19.6058
16.7597
16.6055
14.1086
13.9706
11.7323
11.6082
9.59105
9.47989
7.83082
7.75377
6.60865
6.5471
5.54624
5.49057
4.58314
4.53255
3.70512
3.65909
2.6656
2.58239
1.6734
1.63766
1.16232
-2.8437
-2.92062
-3.00332
-3.09224
-3.18685
-3.28631
-3.46198
-3.56982
-3.67972
-3.79153
-3.90496
-4.02006
-4.21771
-4.33739
-4.45887
-4.5823
-4.70755
-4.83475
-5.05356
-5.18625
-5.32104
-5.45809
-5.59719
-5.73848
-5.98153
-6.12898
-6.27898
-6.4319
-6.58802
-6.7483
-7.03164
-7.2116
-7.40391
-7.61141
-7.83507
-8.07429
-8.50579
-8.77452
-9.05005
-9.33143
-9.6175
-9.90814
-10.4077
-10.7104
-11.0177
-11.33
-11.6471
-11.9693
-12.5239
-12.8604
-13.2026
-13.5507
-13.9043
-14.2638
-14.8827
-15.2584
-15.6405
-16.0298
-16.4265
-16.832
-17.5417
-17.9857
-18.4543
-18.9562
-19.4981
-20.0848
-21.1683
-21.8576
-22.572
-23.307
-24.0576
-24.8227
-26.1416
-26.9424
-27.7571
-28.5859
-29.4293
-30.2879
-31.7696
-32.6723
-33.5927
-34.5314
-35.4888
-36.4658
-38.1561
-39.1888
-40.2438
-41.3227
-42.4271
-43.56
-45.5449
-46.784
-48.0836
-49.465
-50.9529
-52.5725
-55.635
-57.6479
-59.7837
-62.0241
-64.3555
-66.7713
-71.0251
-73.6683
-76.4052
-79.2444
-82.1947
-85.2671
-90.7496
-94.2143
-97.8542
-101.688
-105.737
-110.025
-117.863
-122.944
-128.39
-134.255
-140.597
-147.497
-160.656
-169.64
-179.752
-191.34
-204.857
-220.975
-255.758
-281.438
-310.962
-344.848
-383.976
-428.842
-514.266
-561.109
-594.112
-610.603
-611.586
-597.954
-539.499
-479.976
-398.818
-301.336
-197.392
-93.7319
79.1331
182.895
286.502
384.031
464.945
524.431
582.823
596.451
595.54
579.228
546.518
500.354
416.284
372.406
334.656
302.243
274.318
250.238
217.52
202.122
188.97
177.517
167.4
158.337
144.973
137.943
131.473
125.489
119.933
114.752
106.762
102.392
98.2663
94.3577
90.6452
87.1091
81.5077
78.3666
75.3516
72.4561
69.6789
67.0245
62.8695
60.6193
58.548
56.657
54.9241
53.3217
50.8384
49.4547
48.1217
46.8308
45.5763
44.3549
42.3656
41.2207
40.1018
39.0074
37.9369
36.8891
35.1745
34.1836
33.2122
32.2595
31.3248
30.4072
28.8993
28.0244
27.1646
26.32
25.4918
24.6821
23.3705
22.6335
21.9378
21.2889
20.6902
20.1363
19.2818
18.8066
18.3479
17.9011
17.4648
17.0369
16.3332
15.9248
15.5231
15.1276
14.7389
14.3566
13.7268
13.3609
13.001
12.6466
12.2981
11.955
11.3889
11.0595
10.7351
10.4152
10.1006
9.79123
9.28448
8.99458
8.71582
8.45111
8.20324
7.97308
7.6209
7.4279
7.24311
7.06417
6.88987
6.7192
6.43842
6.27521
6.11445
5.95595
5.79989
5.64611
5.39219
5.24436
5.09868
4.95498
4.81343
4.67386
4.44309
4.30852
4.17572
4.04457
3.91528
3.78782
3.57791
3.45667
3.33855
3.22387
3.11206
2.83146
2.44769
2.26823
2.11214
1.97379
1.85126
1.74013
1.5764
1.48908
1.40906
1.33552
1.26675
1.20245
