-2.41015
-2.69222
-3.03207
-3.47692
-3.97756
-4.51309
-5.08651
-5.70186
-6.36286
-7.09517
-8.03805
-9.23544
-10.5493
-11.9571
-13.4704
-15.0997
-16.8617
-18.8943
-21.6406
-24.9636
-28.5782
-32.4901
-36.7547
-41.4328
-46.6698
-53.2649
-62.5081
-73.7211
-86.8908
-102.962
-123.628
-152.108
-196.899
-288.145
-465.146
-612.956
-454.093
-7.27888
439.032
597.859
451.878
280.642
194.399
149.666
120.631
99.5645
83.1674
69.7323
58.969
51.4115
45.4647
40.2134
35.4675
31.1397
27.1567
23.5085
20.5139
18.294
16.363
14.5775
12.9193
11.3764
9.93584
8.6243
7.59176
6.78023
6.043
5.35389
4.70855
4.10221
3.533
2.87042
2.01785
1.53381
1.20432
-2.41109
-2.69118
-2.69327
-3.03069
-3.03345
-3.47524
-3.4786
-3.97574
-3.97937
-4.51115
-4.51503
-5.08443
-5.08859
-5.69963
-5.70409
-6.36045
-6.36526
-7.09237
-7.09797
-8.03421
-8.04189
-9.23101
-9.23987
-10.5446
-10.5541
-11.952
-11.9622
-13.4649
-13.4759
-15.0938
-15.1056
-16.8553
-16.8682
-18.8862
-18.9024
-21.6297
-21.6516
-24.9514
-24.9758
-28.5651
-28.5913
-32.4759
-32.5044
-36.7391
-36.7703
-41.4156
-41.45
-46.65
-46.6896
-53.2374
-53.2924
-62.4719
-62.5444
-73.6788
-73.7633
-86.8405
-86.9412
-102.899
-103.025
-123.544
-123.711
-151.988
-152.228
-196.689
-197.109
-287.698
-288.593
-464.342
-465.952
-612.947
-612.961
-455.316
-452.864
-8.88909
-5.6685
437.807
440.25
597.862
597.852
452.661
451.096
281.064
280.221
194.604
194.195
149.788
149.544
120.716
120.546
99.6286
99.5003
83.2189
83.1159
69.775
69.6896
59.0007
58.9374
51.4342
51.3889
45.4841
45.4453
40.2308
40.196
35.4834
35.4517
31.1542
31.1252
27.1701
27.1434
23.5205
23.4965
20.5227
20.505
18.3011
18.2869
16.3695
16.3566
14.5835
14.5715
12.9249
12.9137
11.3816
11.3712
9.9407
9.93098
8.6285
8.62011
7.59485
7.58868
6.78291
6.77756
6.04549
6.04051
5.35622
5.35156
4.71073
4.70636
4.10427
4.10015
3.53491
3.53109
2.87488
2.86597
2.01998
2.01572
1.53519
1.53244
1.20531
-2.41936
-2.68205
-2.70246
-3.01869
-3.04559
-3.46055
-3.49335
-3.95991
-3.99524
-4.49424
-4.53199
-5.06629
-5.10678
-5.68016
-5.72361
-6.33947
-6.38632
-7.06796
-7.12261
-8.00076
-8.07565
-9.1923
-9.2787
-10.503
-10.5957
-11.9074
-12.0068
-13.417
-13.524
-15.0422
-15.1574
-16.7988
-16.9249
-18.8157
-18.9738
-21.5345
-21.7474
-24.8451
-25.0824
-28.4504
-28.7064
-32.3513
-32.6294
-36.6029
-36.907
-41.2655
-41.6006
-46.4774
-46.8637
-52.9982
-53.5349
-62.156
-62.8624
-73.3101
-74.1342
-86.4011
-87.3839
-102.351
-103.578
-122.82
-124.444
-150.948
-153.288
-194.876
-198.967
-283.832
-292.554
-457.376
-473.034
-612.715
-612.843
-465.78
-441.85
-22.9858
8.42449
426.836
450.664
597.736
597.635
459.611
444.275
284.796
276.572
196.408
192.43
150.863
148.485
121.464
119.807
100.193
98.9416
83.671
82.667
70.1502
69.3172
59.2803
58.6623
51.6329
51.1919
45.6541
45.276
40.3835
40.0438
35.622
35.3136
31.2812
30.9986
27.2874
27.0264
23.6254
23.3924
20.6004
20.4283
18.3632
18.2251
16.4263
16.3
14.6362
14.5189
12.9738
12.8649
11.4273
11.3257
9.98327
9.88854
8.66541
8.58356
7.62199
7.56181
6.80634
6.7542
6.0673
6.01875
5.37664
5.33119
4.72987
4.68726
4.12229
4.08217
3.55166
3.51441
2.91471
2.82781
2.0388
1.99727
1.54729
1.5205
1.21398
-2.44673
-2.48671
-2.52717
-2.56819
-2.60988
-2.65221
-2.73317
-2.77862
-2.82572
-2.87479
-2.92606
-2.97997
-3.08648
-3.14778
-3.2112
-3.27668
-3.34385
-3.41239
-3.54225
-3.61379
-3.68626
-3.75941
-3.83322
-3.90784
-4.04779
-4.12445
-4.20186
-4.2801
-4.35902
-4.43861
-4.58826
-4.67016
-4.75298
-4.83667
-4.92132
-5.00674
-5.16704
-5.25513
-5.34391
-5.43373
-5.52447
-5.61615
-5.78829
-5.88268
-5.9782
-6.07449
-6.17196
-6.27054
-6.45619
-6.55855
-6.66259
-6.7688
-6.87717
-6.98865
-7.20534
-7.32959
-7.45995
-7.59707
-7.74115
-7.89228
-8.18865
-8.35649
-8.52869
-8.70455
-8.8835
-9.06516
-9.40738
-9.59532
-9.78521
-9.97705
-10.1708
-10.3664
-10.7336
-10.9349
-11.1382
-11.3436
-11.5512
-11.7609
-12.1549
-12.371
-12.5895
-12.8104
-13.0336
-13.2593
-13.6836
-13.9161
-14.1513
-14.3891
-14.6295
-14.8724
-15.3291
-15.5801
-15.8334
-16.0901
-16.3501
-16.6138
-17.1133
-17.391
-17.6759
-17.9686
-18.2718
-18.5881
-19.2146
-19.5792
-19.9632
-20.3662
-20.7872
-21.224
-22.0669
-22.5373
-23.0171
-23.503
-23.9963
-24.4959
-25.4357
-25.9517
-26.4734
-27.0012
-27.5345
-28.0738
-29.088
-29.6453
-30.2092
-30.7799
-31.3576
-31.9425
-33.0442
-33.6505
-34.2647
-34.8869
-35.5173
-36.1561
-37.3608
-38.0245
-38.6974
-39.3797
-40.0717
-40.7738
-42.1012
-42.8352
-43.5819
-44.3428
-45.1196
-45.9148
-47.4464
-48.3149
-49.2205
-50.1695
-51.17
-52.2289
-54.3563
-55.5981
-56.9016
-58.2608
-59.6706
-61.1254
-63.9234
-65.4884
-67.0888
-68.7249
-70.3967
-72.1055
-75.371
-77.1955
-79.0647
-80.9816
-82.9488
-84.97
-88.8635
-91.0579
-93.3209
-95.6575
-98.0721
-100.571
-105.435
-108.207
-111.089
-114.088
-117.213
-120.477
-126.916
-130.637
-134.546
-138.663
-143.008
-147.605
-156.882
-162.383
-168.287
-174.661
-181.588
-189.176
-205.408
-215.704
-227.348
-240.472
-255.211
-271.579
-306.169
-327.367
-350.642
-376.234
-404.264
-434.858
-496.591
-529.892
-559.718
-583.58
-600.306
-610.005
-610.489
-601.783
-586.688
-564.69
-535.151
-497.289
-402.797
-340.458
-273.701
-205.387
-137.184
-69.5377
54.9559
122.625
190.804
258.978
325.734
388
482.333
520.066
549.593
571.538
586.671
595.359
594.946
585.345
568.875
545.142
515.717
482.76
422.197
392.255
364.933
340.259
317.895
297.682
265.058
249.728
235.907
223.539
212.513
202.654
186.843
179.34
172.438
166.04
160.083
154.514
145.084
140.4
135.969
131.77
127.781
123.985
117.417
114.09
110.902
107.846
104.909
102.085
97.127
94.5799
92.1173
89.7338
87.4238
85.1827
81.204
79.1377
77.1265
75.168
73.2609
71.4044
68.1052
66.3996
64.7534
63.1723
61.6621
60.2273
57.7785
56.5638
55.4163
54.3288
53.2922
52.2991
50.5504
49.6443
48.7607
47.8965
47.0502
46.2198
44.7217
43.9312
43.1534
42.3876
41.6336
40.8908
39.5451
38.8328
38.1306
37.4383
36.7556
36.0823
34.8604
34.2125
33.5729
32.9416
32.3183
31.7026
30.5831
29.9882
29.4003
28.8191
28.2445
27.6765
26.6426
26.0934
25.5514
25.0168
24.4911
23.9752
23.0527
22.5755
22.1163
21.6776
21.2591
20.8626
20.1805
19.8358
19.5047
19.1847
18.8734
18.5696
18.0224
17.7335
17.4485
17.1675
16.8891
16.6144
16.1139
15.8476
15.5842
15.3236
15.0662
14.8108
14.3462
14.0989
13.8543
13.6123
13.3729
13.1363
12.7044
12.4745
12.2471
12.0219
11.7991
11.5784
11.1759
10.9614
10.749
10.5387
10.3304
10.1244
9.74915
9.55003
9.35389
9.16125
8.97269
8.78903
8.46504
8.29976
8.14228
7.99227
7.84945
7.71305
7.47433
7.35113
7.23101
7.11339
6.99785
6.88405
6.67745
6.56762
6.45911
6.35143
6.24497
6.13955
5.94719
5.84464
5.74309
5.64264
5.54291
5.44426
5.26421
5.16823
5.07315
4.97898
4.88579
4.79325
4.62455
4.53448
4.44511
4.35663
4.26891
4.18205
4.02301
3.9383
3.85427
3.77095
3.68863
3.60727
3.45968
3.38177
3.30542
3.23053
3.15684
3.05792
2.71104
2.56171
2.42934
2.31031
2.20232
2.10299
1.93859
1.85919
1.78475
1.71463
1.64987
1.58823
1.482
1.42911
1.37935
1.33184
1.28636
1.2429
