-2.32253
-2.62436
-2.98076
-3.46013
-4.01023
-4.60263
-5.24158
-5.93203
-6.6825
-7.57743
-8.79914
-10.21
-11.7339
-13.3828
-15.1708
-17.1226
-19.4694
-22.716
-26.4973
-30.6169
-35.1294
-40.1113
-45.6962
-52.668
-62.7259
-75.1716
-90.0841
-108.861
-134.151
-171.87
-243.902
-401.731
-606.771
-486.215
-7.27888
471.235
591.768
389.781
239.127
169.641
131.367
105.576
86.4293
71.2018
59.16
50.9181
44.5051
38.873
33.819
29.2343
25.0409
21.4133
18.7828
16.6235
14.6498
12.8301
11.1483
9.58987
8.22489
7.21439
6.37169
5.59444
4.87157
4.1973
3.56751
2.82674
1.93978
1.44693
1.11708
0.87774
-2.32345
-2.62335
-2.62537
-2.97944
-2.98208
-3.45846
-3.46181
-4.00841
-4.01205
-4.60068
-4.60459
-5.23947
-5.2437
-5.92975
-5.93432
-6.67998
-6.68503
-7.57409
-7.58078
-8.79485
-8.80343
-10.2053
-10.2147
-11.7289
-11.739
-13.3773
-13.3882
-15.1648
-15.1767
-17.116
-17.1291
-19.4606
-19.4782
-22.7045
-22.7274
-26.4847
-26.5099
-30.6032
-30.6306
-35.1143
-35.1445
-40.0946
-40.1281
-45.677
-45.7153
-52.6413
-52.6948
-62.6896
-62.7622
-75.1285
-75.2147
-90.0315
-90.1368
-108.793
-108.929
-134.056
-134.247
-171.717
-172.024
-243.559
-244.247
-401.037
-402.428
-606.546
-606.993
-487.282
-485.143
-8.88909
-5.6685
470.157
472.307
591.982
591.55
390.462
389.101
239.449
238.806
169.795
169.487
131.465
131.27
105.646
105.507
86.4831
86.3756
71.2456
71.1581
59.192
59.1281
50.9404
50.8958
44.5241
44.4861
38.89
38.8561
33.8343
33.8037
29.2483
29.2204
25.0536
25.0282
21.4232
21.4033
18.7901
18.7755
16.6301
16.617
14.6558
14.6438
12.8356
12.8245
11.1535
11.1432
9.59461
9.58512
8.22867
8.22112
7.21723
7.21155
6.37426
6.36913
5.59683
5.59206
4.87379
4.86934
4.19938
4.19523
3.56944
3.56559
2.83103
2.82247
1.94176
1.9378
1.44819
1.44568
1.11795
1.11622
0.878371
-2.33198
-2.61401
-2.63475
-2.96729
-2.9944
-3.44299
-3.47734
-3.99161
-4.0289
-4.5826
-4.62272
-5.21993
-5.26329
-5.90863
-5.95549
-6.65669
-6.70843
-7.54335
-7.61191
-8.75527
-8.84318
-10.1622
-10.258
-11.6823
-11.7857
-13.3268
-13.4389
-15.1101
-15.2316
-17.0553
-17.1902
-19.3794
-19.5604
-22.5988
-22.8336
-26.3686
-26.6263
-30.4766
-30.7575
-34.9751
-35.2842
-39.9404
-40.2829
-45.5005
-45.8931
-52.3961
-52.9439
-62.3544
-63.0996
-74.7314
-75.6143
-89.5464
-90.6257
-108.165
-109.564
-133.178
-135.137
-170.315
-173.459
-240.43
-247.476
-394.675
-408.938
-604.327
-608.829
-496.908
-474.965
-23.791
9.22986
459.896
481.955
593.774
589.358
396.823
382.86
242.474
235.868
171.234
168.077
132.372
130.374
106.293
104.866
86.9825
85.8801
71.6516
70.7552
59.4903
58.8348
51.1471
50.6909
44.7002
44.3107
39.0471
38.6996
33.976
33.6624
29.3776
29.0915
25.1715
24.9109
21.5158
21.312
18.8579
18.7081
16.6907
16.5565
14.7117
14.588
12.8872
12.7731
11.2012
11.0955
9.63863
9.54127
8.26386
8.1864
7.24354
7.18537
6.39805
6.34541
5.61893
5.57001
4.89436
4.84882
4.21861
4.17603
3.58727
3.54783
2.87153
2.78381
1.96027
1.91971
1.45991
1.43416
1.12594
1.10828
0.884255
-2.36124
-2.40435
-2.44801
-2.49221
-2.53694
-2.58242
-2.66707
-2.71531
-2.76495
-2.81651
-2.8703
-2.92682
-3.03732
-3.1028
-3.17118
-3.24227
-3.31551
-3.39066
-3.53069
-3.60957
-3.68939
-3.77025
-3.85192
-3.93455
-4.08663
-4.17174
-4.25766
-4.34459
-4.43238
-4.52122
-4.68488
-4.77655
-4.86917
-4.96295
-5.0577
-5.15364
-5.33044
-5.42951
-5.52961
-5.63095
-5.73334
-5.837
-6.02807
-6.13518
-6.24351
-6.35337
-6.46472
-6.57797
-6.78913
-6.90968
-7.03398
-7.16332
-7.29855
-7.44112
-7.72072
-7.88674
-8.06096
-8.24219
-8.42922
-8.62135
-8.97978
-9.1817
-9.38657
-9.59396
-9.80351
-10.0156
-10.4063
-10.6248
-10.8459
-11.0696
-11.2955
-11.5242
-11.9458
-12.1819
-12.4211
-12.6631
-12.9077
-13.1555
-13.6125
-13.8685
-14.1278
-14.3903
-14.6558
-14.9243
-15.42
-15.6978
-15.9796
-16.2653
-16.5551
-16.8501
-17.4007
-17.7154
-18.041
-18.3798
-18.7348
-19.11
-19.8479
-20.2875
-20.7497
-21.2315
-21.7293
-22.2416
-23.1986
-23.7391
-24.287
-24.8427
-25.405
-25.9747
-27.0255
-27.6148
-28.2115
-28.8156
-29.4276
-30.0476
-31.1931
-31.8369
-32.4896
-33.1514
-33.8226
-34.5035
-35.7636
-36.4729
-37.1927
-37.9232
-38.6649
-39.4181
-40.8148
-41.6027
-42.4045
-43.221
-44.054
-44.9055
-46.5077
-47.4311
-48.3913
-49.3968
-50.4574
-51.5835
-53.8168
-55.1599
-56.5789
-58.0677
-59.6191
-61.2257
-64.2638
-66.002
-67.7833
-69.6079
-71.4769
-73.3926
-76.993
-79.0534
-81.1718
-83.3518
-85.5985
-87.9164
-92.3184
-94.8655
-97.5059
-100.247
-103.096
-106.062
-111.772
-115.121
-118.629
-122.31
-126.18
-130.257
-138.25
-143.035
-148.127
-153.567
-159.404
-165.702
-178.556
-186.643
-195.64
-205.739
-217.222
-230.369
-259.051
-277.634
-298.213
-320.899
-346.014
-373.881
-432.141
-468.276
-505.76
-541.471
-572.021
-594.225
-612.502
-611.309
-602.459
-585.835
-560.766
-526.406
-436.618
-371.929
-299.925
-224.797
-149.386
-74.6501
60.0671
134.839
210.211
285.093
356.981
421.657
511.285
545.7
570.684
587.348
596.177
597.418
579.338
557.336
527.332
491.858
454.935
419.522
362.659
335.787
311.71
290.137
270.743
253.316
226.396
213.955
202.972
193.174
184.347
176.324
163.434
157.069
151.147
145.615
140.428
135.548
127.394
123.234
119.287
115.533
111.956
108.542
102.724
99.7009
96.7965
94.0025
91.3094
88.7105
84.2152
81.8465
79.5497
77.321
75.1565
73.0545
69.4004
67.4754
65.6197
63.8394
62.1422
60.5359
57.8636
56.5214
55.2608
54.072
52.9429
51.8627
50.0014
49.0178
48.0591
47.1222
46.2051
45.3058
43.7173
42.8631
42.0234
41.1978
40.3857
39.5866
38.1696
37.4054
36.6529
35.9118
35.1817
34.4623
33.1839
32.4929
31.8114
31.1391
30.4757
29.8209
28.6545
28.0227
27.3988
26.783
26.1752
25.5761
24.5142
23.9447
23.3901
22.8518
22.3344
21.8399
21.0083
20.5857
20.1864
19.8064
19.4426
19.0921
18.4806
18.1537
17.833
17.5171
17.2057
16.8987
16.3514
16.0547
15.7618
15.4721
15.1859
14.9034
14.399
14.1257
13.8555
13.5884
13.3245
13.0639
12.5986
12.3462
12.0969
11.8501
11.6061
11.3649
10.9338
10.6997
10.4683
10.2393
10.013
9.78978
9.39286
9.17954
8.97135
8.7689
8.57359
8.38672
8.07077
7.9094
7.75636
7.61017
7.46984
7.33427
7.09694
6.96975
6.84477
6.72146
6.59985
6.47958
6.26491
6.14835
6.03317
5.91909
5.80634
5.69467
5.49518
5.38681
5.2797
5.1736
5.06873
4.96484
4.77915
4.67822
4.57839
4.47944
4.38156
4.2845
4.11085
4.01638
3.92294
3.83036
3.7389
3.64846
3.48773
3.40123
3.31659
3.23373
3.15256
3.02283
2.66174
2.50461
2.36558
2.24156
2.12901
2.02597
1.86029
1.77827
1.7019
1.63122
1.56433
1.50107
1.39614
1.34304
1.29245
1.24427
1.19829
1.15446
1.08153
1.04309
1.006
0.970566
0.936923
0.905079
