-2.80702
-3.02591
-3.2656
-3.52719
-3.81043
-4.1145
-4.43868
-4.78285
-5.14807
-5.53592
-5.94973
-6.39395
-6.87508
-7.39983
-7.97633
-8.60985
-9.30215
-10.0513
-10.8551
-11.7123
-12.6243
-13.5946
-14.6296
-15.7402
-16.94
-18.2489
-19.6878
-21.2765
-23.0263
-24.938
-27.0082
-29.2325
-31.6119
-34.1588
-36.8893
-39.8332
-43.033
-46.5479
-50.4474
-54.8183
-59.731
-65.2438
-71.3919
-78.2285
-85.839
-94.3513
-103.948
-114.943
-127.624
-142.423
-159.666
-179.378
-200.428
-219.952
-232.872
-231.112
-208.02
-160.033
-89.9628
-6.606
76.8427
147.055
195.597
219.101
222.005
210.723
192.646
172.908
154.292
137.776
123.403
110.97
100.158
90.6607
82.2582
74.8006
68.1793
62.3176
57.1474
52.5745
48.4922
44.8057
41.4398
38.3351
35.4535
32.7659
30.2592
27.9257
25.7664
23.7853
21.9838
20.3532
18.8734
17.5209
16.2727
15.1116
14.0249
13.0034
12.0428
11.1407
10.2972
9.51447
8.79485
8.13773
7.53862
6.98966
6.48229
6.00916
5.56476
5.14528
4.74804
4.37223
4.01767
3.6882
3.3917
2.82863
2.3049
1.90749
1.6014
1.36129
-2.80822
-3.02461
-3.02722
-3.26417
-3.26703
-3.52563
-3.52874
-3.80875
-3.81211
-4.11271
-4.1163
-4.43677
-4.44059
-4.78083
-4.78488
-5.14592
-5.15022
-5.53363
-5.53821
-5.94729
-5.95218
-6.39132
-6.39659
-6.87222
-6.87795
-7.39669
-7.40298
-7.97287
-7.97978
-8.60606
-8.61364
-9.29804
-9.30627
-10.0468
-10.0557
-10.8504
-10.8599
-11.7073
-11.7174
-12.619
-12.6297
-13.5889
-13.6003
-14.6235
-14.6357
-15.7337
-15.7468
-16.9329
-16.9472
-18.241
-18.2567
-19.6791
-19.6964
-21.2669
-21.286
-23.0159
-23.0368
-24.9266
-24.9494
-26.9959
-27.0204
-29.2194
-29.2456
-31.5978
-31.626
-34.1438
-34.1739
-36.8732
-36.9055
-39.8157
-39.8507
-43.0139
-43.0521
-46.5268
-46.569
-50.4239
-50.471
-54.7919
-54.8448
-59.7013
-59.7608
-65.2105
-65.2771
-71.3549
-71.429
-78.1873
-78.2697
-85.7932
-85.8849
-94.2997
-94.4028
-103.889
-104.007
-114.876
-115.011
-127.546
-127.702
-142.331
-142.515
-159.56
-159.771
-179.259
-179.496
-200.307
-200.549
-219.853
-220.051
-232.83
-232.913
-231.178
-231.046
-208.222
-207.817
-160.376
-159.688
-90.4123
-89.5127
-7.09156
-6.12032
76.3919
77.2929
146.71
147.399
195.396
195.798
219.033
219.17
222.028
221.982
210.812
210.634
192.759
192.532
173.019
172.797
154.393
154.19
137.864
137.687
123.48
123.327
111.036
110.904
100.215
100.1
90.7118
90.6098
82.3033
82.213
74.841
74.7603
68.2149
68.1436
62.349
62.2862
57.1752
57.1197
52.5991
52.5498
48.5142
48.4701
44.8259
44.7856
41.4583
41.4214
38.3522
38.318
35.4694
35.4376
32.7808
32.7511
30.273
30.2454
27.9385
27.9128
25.7783
25.7546
23.7961
23.7745
21.9936
21.974
20.3621
20.3444
18.8815
18.8653
17.5283
17.5135
16.2796
16.2659
15.1181
15.1052
14.0309
14.0188
13.0091
12.9978
12.0481
12.0375
11.1456
11.1357
10.3019
10.2926
9.51877
9.51018
8.79877
8.79092
8.14132
8.13415
7.54189
7.53535
6.99267
6.98665
6.48508
6.47949
6.01177
6.00654
5.56723
5.5623
5.14761
5.14295
4.75025
4.74584
4.37432
4.37014
4.01963
4.01571
3.69
3.6864
3.39328
3.39013
2.83213
2.82516
2.3075
2.30231
1.90947
1.90552
1.60294
1.59987
1.36251
-2.81691
-3.01515
-3.03673
-3.25382
-3.27744
-3.51436
-3.54006
-3.79659
-3.82432
-4.0997
-4.12934
-4.42296
-4.45444
-4.76617
-4.79957
-5.13036
-5.16583
-5.51708
-5.55481
-5.9296
-5.96998
-6.37224
-6.41575
-6.85146
-6.89876
-7.37393
-7.42582
-7.9479
-8.00489
-8.57868
-8.64117
-9.26825
-9.33619
-10.0147
-10.0879
-10.8161
-10.8943
-11.6707
-11.754
-12.5801
-12.6688
-13.5475
-13.6419
-14.5793
-14.6802
-15.686
-15.7947
-16.8812
-16.9991
-18.1844
-18.3136
-19.6167
-19.7591
-21.198
-21.3552
-22.9401
-23.1129
-24.8442
-25.0322
-26.9072
-27.1095
-29.1242
-29.3411
-31.496
-31.7283
-34.0348
-34.2833
-36.7561
-37.023
-39.689
-39.9779
-42.8754
-43.1909
-46.3739
-46.7226
-50.2534
-50.6426
-54.6005
-55.0373
-59.4863
-59.9771
-64.97
-65.5189
-71.0872
-71.6982
-77.8896
-78.5691
-85.4618
-86.2183
-93.9269
-94.778
-103.467
-104.433
-114.391
-115.5
-126.981
-128.272
-141.671
-143.181
-158.795
-160.542
-178.401
-180.357
-199.425
-201.421
-219.13
-220.764
-232.513
-233.198
-231.633
-230.543
-209.656
-206.328
-162.847
-157.164
-93.655
-86.2289
-10.608
-2.63893
73.1089
80.5422
144.191
149.873
193.908
197.23
218.52
219.648
222.199
221.794
211.448
209.982
193.576
191.711
173.825
171.993
155.129
153.477
138.509
137.048
124.036
122.776
111.518
110.426
100.636
99.6818
91.0841
90.2414
82.6321
81.8865
75.1344
74.4689
68.4739
67.8863
62.5773
62.0595
57.3772
56.9192
52.7783
52.3716
48.6748
48.3099
44.9721
44.6403
41.5922
41.288
38.4762
38.1945
35.5849
35.3226
32.8885
32.6438
30.3735
30.1452
28.0318
27.8199
25.8642
25.6691
23.8747
23.6962
22.065
21.9031
20.4265
20.2803
18.9402
18.8069
17.5822
17.4598
16.3294
16.2162
15.1646
15.0588
14.0746
13.9753
13.0502
12.9568
12.0867
11.999
11.1819
11.0995
10.3357
10.2589
9.54998
9.47912
8.82732
8.76251
8.16736
8.10824
7.56566
7.51167
7.01454
6.96487
6.50539
6.45926
6.03077
5.9876
5.58512
5.54445
5.16454
5.12607
4.76628
4.72986
4.38948
4.35502
4.03387
4.00153
3.70309
3.67338
3.40477
3.37874
2.85745
2.80034
2.32645
2.28367
1.9239
1.8913
1.61413
1.58884
1.3714
-2.83935
-2.86891
-2.89884
-2.92925
-2.95999
-2.99099
-3.06133
-3.09378
-3.12652
-3.15972
-3.19331
-3.22734
-3.30432
-3.33972
-3.37554
-3.41176
-3.4485
-3.48562
-3.56928
-3.6077
-3.6466
-3.68576
-3.72541
-3.76546
-3.85588
-3.89713
-3.93887
-3.98101
-4.02354
-4.06654
-4.16297
-4.20714
-4.25171
-4.29674
-4.34202
-4.38759
-4.49015
-4.53715
-4.58435
-4.63203
-4.68011
-4.72857
-4.83746
-4.88723
-4.93741
-4.98803
-5.03918
-5.09062
-5.20605
-5.25885
-5.31222
-5.36599
-5.42008
-5.47472
-5.59773
-5.65385
-5.71067
-5.76803
-5.82589
-5.88441
-6.01586
-6.07606
-6.13685
-6.19845
-6.2607
-6.32345
-6.46515
-6.53039
-6.5961
-6.6627
-6.73015
-6.79842
-6.95246
-7.02324
-7.09501
-7.16766
-7.24139
-7.31599
-7.48482
-7.56255
-7.64127
-7.72107
-7.802
-7.88408
-8.06974
-8.15525
-8.24189
-8.3296
-8.4186
-8.50867
-8.71227
-8.80598
-8.90088
-8.99683
-9.09391
-9.19201
-9.41339
-9.51499
-9.61782
-9.72179
-9.82673
-9.93257
-10.1711
-10.2804
-10.3908
-10.5024
-10.6147
-10.7282
-10.9831
-11.0999
-11.2176
-11.3364
-11.4562
-11.5771
-11.8486
-11.9728
-12.0981
-12.2246
-12.3519
-12.4807
-12.7694
-12.9016
-13.0349
-13.1693
-13.3049
-13.4416
-13.7491
-13.8898
-14.0319
-14.1753
-14.32
-14.466
-14.7948
-14.9454
-15.0976
-15.2515
-15.407
-15.5641
-15.9181
-16.0805
-16.2448
-16.4109
-16.5791
-16.7491
-17.1333
-17.3101
-17.4891
-17.6702
-17.8536
-18.0402
-18.4606
-18.6544
-18.8509
-19.0501
-19.2525
-19.4575
-19.921
-20.135
-20.3526
-20.5728
-20.796
-21.022
-21.5342
-21.7706
-22.0099
-22.2523
-22.4983
-22.7465
-23.3093
-23.5683
-23.8301
-24.0949
-24.3629
-24.6338
-25.2459
-25.5269
-25.8107
-26.0974
-26.3872
-26.6806
-27.3394
-27.6419
-27.9475
-28.2559
-28.5671
-28.881
-29.5874
-29.911
-30.2376
-30.5673
-30.9001
-31.236
-31.9922
-32.3382
-32.6877
-33.0405
-33.3967
-33.7563
-34.5657
-34.9365
-35.3108
-35.6889
-36.0713
-36.4572
-37.3265
-37.7254
-38.1284
-38.5363
-38.9489
-39.3658
-40.3067
-40.7398
-41.1769
-41.619
-42.0673
-42.5223
-43.5503
-44.0235
-44.5035
-44.99
-45.4833
-45.9841
-47.1203
-47.6434
-48.1743
-48.7145
-49.2629
-49.8195
-51.0873
-51.6737
-52.269
-52.8731
-53.4876
-54.1126
-55.5362
-56.1945
-56.8636
-57.5436
-58.2349
-58.9386
-60.5372
-61.2765
-62.0287
-62.7935
-63.5696
-64.3576
-66.1457
-66.9722
-67.8102
-68.6626
-69.5276
-70.4051
-72.3955
-73.3154
-74.2482
-75.1953
-76.1568
-77.1312
-79.3446
-80.3676
-81.4077
-82.462
-83.532
-84.6175
-87.0824
-88.2235
-89.3829
-90.5614
-91.7628
-92.9795
-95.7501
-97.034
-98.3387
-99.6671
-101.019
-102.395
-105.541
-107.008
-108.506
-110.033
-111.578
-113.156
-116.77
-118.454
-120.178
-121.937
-123.73
-125.554
-129.753
-131.714
-133.71
-135.756
-137.851
-139.992
-144.915
-147.213
-149.552
-151.948
-154.394
-156.874
-162.542
-165.192
-167.899
-170.63
-173.385
-176.214
-182.566
-185.451
-188.331
-191.212
-194.166
-197.133
-203.631
-206.451
-209.194
-211.949
-214.637
-217.236
-222.535
-224.71
-226.706
-228.533
-230.149
-231.586
-233.799
-234.119
-234.124
-233.979
-233.466
-232.585
-229.083
-226.816
-224.046
-220.839
-217.14
-213.104
-202.319
-196.739
-190.678
-183.924
-176.683
-169.019
-150.442
-141.373
-132.069
-122.305
-112.241
-101.853
-77.6938
-66.3555
-54.7621
-42.945
-31.1973
-19.5517
6.34274
18.1608
29.8975
41.5528
53.1594
64.5537
88.7641
99.1709
109.244
119.046
128.411
137.418
156.065
163.775
171.026
177.743
183.952
189.657
200.707
204.842
208.537
211.989
214.82
217.085
220.752
221.845
222.434
222.869
222.834
222.576
221.102
219.911
218.414
216.709
214.876
212.981
208.253
205.883
203.418
200.87
198.274
195.629
189.607
186.892
184.163
181.405
178.672
175.909
169.94
167.29
164.667
162.077
159.54
157.034
151.652
149.276
146.92
144.651
142.406
140.186
135.426
133.358
131.33
129.342
127.395
125.483
121.379
119.59
117.835
116.114
114.428
112.768
109.214
107.666
106.138
104.642
103.168
101.727
98.618
97.2588
95.9199
94.6064
93.3172
92.0472
89.3035
88.1006
86.9174
85.7539
84.6096
83.484
81.0549
79.9877
78.9379
77.9025
76.8871
75.889
73.7288
72.7808
71.8486
70.9337
70.0315
69.145
67.2316
66.3917
65.565
64.7517
63.953
63.1697
61.4822
60.7413
60.0118
59.2951
58.5921
57.9006
56.4093
55.7551
55.111
54.4779
53.855
53.2422
51.9174
51.3349
50.7602
50.1957
49.639
49.0906
47.9021
47.3779
46.861
46.351
45.8465
45.3497
44.2692
43.7914
43.32
42.8541
42.3933
41.9382
40.9474
40.5083
40.0737
39.6431
39.2177
38.7966
37.8792
37.4724
37.0691
36.67
36.275
35.8833
35.028
34.6483
34.2727
33.9005
33.5317
33.1665
32.3695
32.0155
31.665
31.3179
30.9739
30.6331
29.8894
29.5595
29.2329
28.9095
28.5894
28.2727
27.5824
27.2765
26.974
26.6748
26.3788
26.0863
25.451
25.1688
24.8907
24.6163
24.3455
24.0778
23.4964
23.2402
22.9874
22.738
22.4918
22.249
21.7224
21.4908
21.2613
21.0353
20.8125
20.5929
20.1168
19.9064
19.6987
19.4935
19.2911
19.0913
18.6578
18.4661
18.2767
18.0895
17.904
17.7211
17.323
17.1457
16.9709
16.7983
16.6275
16.4581
16.089
15.9251
15.7628
15.602
15.4426
15.2847
14.9399
14.7866
14.6347
14.4842
14.3352
14.1873
13.8639
13.7202
13.5774
13.4357
13.2954
13.1561
12.8519
12.7164
12.5822
12.4491
12.3171
12.1862
11.9007
11.7732
11.6471
11.522
11.3981
11.2753
11.0071
10.8879
10.7699
10.653
10.5373
10.4227
10.1729
10.0621
9.95235
9.84395
9.73669
9.63056
9.39973
9.29771
9.19671
9.09687
8.99826
8.90106
8.68992
8.59652
8.50432
8.41319
8.32329
8.23462
8.04196
7.9569
7.87297
7.79
7.70812
7.62709
7.45119
7.37333
7.29642
7.22038
7.14527
7.07098
6.90931
6.83752
6.76636
6.69609
6.62657
6.55773
6.40747
6.34075
6.27462
6.20907
6.14427
6.07973
5.93911
5.87665
5.81458
5.75289
5.69173
5.63122
5.49887
5.43975
5.38118
5.32305
5.26536
5.20825
5.08285
5.02696
4.97156
4.91652
4.86178
4.80757
4.68903
4.63613
4.58354
4.53148
4.47981
4.42854
4.3163
4.26633
4.21676
4.16758
4.11897
4.07059
3.96523
3.91861
3.87236
3.82656
3.78151
3.73693
3.64025
3.59755
3.5557
3.51463
3.47427
3.43469
3.34979
3.3129
3.21127
3.11026
3.0141
2.92343
2.73806
2.65987
2.58457
2.51219
2.44268
2.37586
2.23689
2.17785
2.12085
2.06579
2.01283
1.96172
1.85552
1.81034
1.76646
1.72394
1.68296
1.64345
1.56115
1.52552
1.49102
1.45762
1.42553
1.39463
