-2.24218
-2.42389
-2.61956
-2.83227
-3.06552
-3.32201
-3.60276
-3.90725
-4.23448
-4.58366
-4.95542
-5.35119
-5.77373
-6.22753
-6.71938
-7.257
-7.84974
-8.50456
-9.22423
-10.007
-10.8504
-11.7528
-12.716
-13.7442
-14.8453
-16.0328
-17.324
-18.7424
-20.3134
-22.0562
-23.9787
-26.0784
-28.3503
-30.7917
-33.4133
-36.232
-39.2773
-42.5955
-46.2531
-50.3297
-54.9244
-60.1193
-65.9808
-72.551
-79.8964
-88.1228
-97.4018
-107.984
-120.223
-134.516
-151.388
-171.012
-192.718
-214.322
-230.526
-232.96
-213.126
-166.109
-93.9888
-6.606
80.8769
153.144
200.73
221.227
220.241
205.593
185.569
165.03
146.39
130.127
116.158
104.131
93.6805
84.5102
76.4271
69.2948
63.0138
57.5102
52.6732
48.3819
44.5253
41.0181
37.793
34.8062
32.0318
29.453
27.0656
24.8725
22.8779
21.0784
19.457
17.9869
16.6408
15.3963
14.2369
13.1512
12.1335
11.1806
10.2926
9.47163
8.72058
8.03808
7.41865
6.85255
6.33021
5.84357
5.38695
4.95643
4.55001
4.16688
3.80913
3.48405
3.00222
2.40899
1.96824
1.63414
1.37603
1.17299
1.00811
0.871947
-2.24314
-2.42287
-2.42491
-2.61845
-2.62066
-2.83106
-2.83348
-3.06419
-3.06685
-3.32055
-3.32347
-3.60117
-3.60435
-3.90554
-3.90897
-4.23264
-4.23632
-4.5817
-4.58562
-4.95333
-4.9575
-5.34897
-5.35342
-5.77136
-5.77611
-6.22496
-6.23009
-6.71659
-6.72217
-7.25393
-7.26006
-7.84635
-7.85314
-8.50083
-8.5083
-9.22014
-9.22831
-10.0026
-10.0114
-10.8456
-10.8551
-11.7477
-11.7578
-12.7106
-12.7214
-13.7384
-13.7499
-14.8391
-14.8515
-16.0261
-16.0395
-17.3167
-17.3314
-18.7343
-18.7505
-20.3044
-20.3224
-22.0462
-22.0661
-23.9678
-23.9897
-26.0665
-26.0903
-28.3374
-28.3631
-30.778
-30.8054
-33.3985
-33.428
-36.2161
-36.2479
-39.2601
-39.2945
-42.5766
-42.6144
-46.2321
-46.2741
-50.3062
-50.3532
-54.8978
-54.9509
-60.0893
-60.1493
-65.9471
-66.0146
-72.5133
-72.5888
-79.8542
-79.9386
-88.0754
-88.1702
-97.3482
-97.4555
-107.921
-108.046
-120.151
-120.295
-134.432
-134.601
-151.289
-151.487
-170.899
-171.125
-192.596
-192.839
-214.212
-214.432
-230.463
-230.588
-232.998
-232.921
-213.302
-212.95
-166.44
-165.778
-94.4334
-93.5437
-7.09156
-6.12032
80.4306
81.3226
152.811
153.476
200.55
200.908
221.177
221.277
220.293
220.188
205.694
205.492
185.682
185.455
165.138
164.922
146.484
146.297
130.208
130.045
116.228
116.088
104.192
104.07
93.7334
93.6276
84.557
84.4635
76.4682
76.3859
69.3312
69.2585
63.0457
62.9819
57.5382
57.4822
52.6979
52.6485
48.4039
48.3597
44.5453
44.5054
41.0363
40.9998
37.8098
37.7762
34.8219
34.7906
32.0463
32.0173
29.4665
29.4396
27.0781
27.0532
24.8839
24.8612
22.8882
22.8677
21.0877
21.0692
19.4654
19.4486
17.9946
17.9793
16.6478
16.6338
15.4028
15.3897
14.243
14.2308
13.1569
13.1455
12.1388
12.1281
11.1856
11.1756
10.2972
10.2879
9.47591
9.46736
8.72447
8.7167
8.04161
8.03455
7.42187
7.41544
6.8555
6.8496
6.33295
6.32748
5.84613
5.84102
5.38936
5.38455
4.9587
4.95415
4.55215
4.54786
4.1689
4.16486
3.811
3.80727
3.48571
3.48239
3.00604
2.9984
2.41174
2.40623
1.97031
1.96616
1.63572
1.63255
1.37727
1.37479
1.17397
1.172
1.00892
1.0073
0.872598
-2.25007
-2.41548
-2.43232
-2.61044
-2.62869
-2.82232
-2.84226
-3.05456
-3.0765
-3.30998
-3.33408
-3.58967
-3.6159
-3.89311
-3.92144
-4.21932
-4.24968
-4.56753
-4.59984
-4.93824
-4.97264
-5.33289
-5.36956
-5.75415
-5.79338
-6.20636
-6.24872
-6.69637
-6.74247
-7.23178
-7.28233
-7.82182
-7.87778
-8.47382
-8.53543
-9.19059
-9.25799
-9.97059
-10.0435
-10.8113
-10.8896
-11.711
-11.7946
-12.6715
-12.7607
-13.6965
-13.792
-14.7942
-14.8965
-15.9775
-16.0883
-17.2636
-17.3847
-18.6758
-18.8093
-20.2392
-20.3878
-21.9742
-22.1385
-23.8888
-24.0691
-25.9806
-26.1766
-28.2447
-28.4562
-30.6785
-30.9053
-33.2917
-33.5353
-36.101
-36.3634
-39.1353
-39.4198
-42.4399
-42.7518
-46.0805
-46.4266
-50.1364
-50.5241
-54.706
-55.1439
-59.8725
-60.3673
-65.7031
-66.2601
-72.2404
-72.8632
-79.549
-80.2456
-87.733
-88.5146
-96.9607
-97.8453
-107.473
-108.498
-119.632
-120.818
-133.825
-135.213
-150.571
-152.211
-170.08
-171.946
-191.713
-193.723
-213.412
-215.224
-230.017
-231.028
-233.254
-232.624
-214.544
-211.642
-168.816
-163.353
-97.6403
-90.3
-10.608
-2.63893
77.1804
84.5391
150.38
155.861
199.226
202.184
220.799
221.595
220.654
219.792
206.42
204.751
186.494
184.632
165.921
164.143
147.175
145.62
130.804
129.454
116.74
115.582
104.635
103.628
94.1185
93.2447
84.8968
84.1258
76.7679
76.0883
69.5956
68.9957
63.2778
62.7514
57.7419
57.2794
52.8775
52.4699
48.564
48.2
44.6903
44.361
41.1689
40.8678
37.9319
37.6546
34.9356
34.6775
32.1519
31.9121
29.5645
29.3419
27.1685
26.9631
24.9666
24.7788
22.963
22.7932
21.1552
21.0021
19.5263
19.388
18.0503
17.9242
16.6988
16.5829
15.4501
15.3425
14.2872
14.1867
13.1984
13.1042
12.1777
12.0894
11.222
11.1394
10.331
10.2543
9.50696
9.43645
8.75274
8.68856
8.0673
8.00903
7.44522
7.39219
6.87691
6.82825
6.35281
6.30768
5.86471
5.82249
5.40685
5.36711
4.97521
4.93769
4.56772
4.53234
4.18355
4.15026
3.82451
3.79382
3.49776
3.47039
3.03404
2.97101
2.43188
2.38642
1.98546
1.95124
1.6473
1.62115
1.38629
1.36587
1.18113
1.16491
1.01481
1.00147
0.877325
-2.26869
-2.29355
-2.31872
-2.34416
-2.3699
-2.39578
-2.45226
-2.47905
-2.50617
-2.53348
-2.56115
-2.58914
-2.65031
-2.67931
-2.7087
-2.73852
-2.76864
-2.79907
-2.86585
-2.89766
-2.92981
-2.96248
-2.99551
-3.02905
-3.10247
-3.13743
-3.17283
-3.20877
-3.24506
-3.2819
-3.36264
-3.40089
-3.43969
-3.47901
-3.51886
-3.55912
-3.64693
-3.68861
-3.73083
-3.77336
-3.81649
-3.86003
-3.9549
-3.99981
-4.04517
-4.09094
-4.13728
-4.18388
-4.2855
-4.33359
-4.38192
-4.43077
-4.48005
-4.52988
-4.63796
-4.68908
-4.74065
-4.79278
-4.84513
-4.89806
-5.01334
-5.06766
-5.12254
-5.17791
-5.23376
-5.2902
-5.41279
-5.47076
-5.52941
-5.58838
-5.64803
-5.70831
-5.83968
-5.90186
-5.9647
-6.02824
-6.09241
-6.15705
-6.29873
-6.36606
-6.4339
-6.50265
-6.57225
-6.64271
-6.79701
-6.87035
-6.94449
-7.01971
-7.09575
-7.17294
-7.34239
-7.42298
-7.50478
-7.58759
-7.67158
-7.75682
-7.94394
-8.03306
-8.12337
-8.21498
-8.30777
-8.402
-8.60833
-8.70651
-8.80598
-8.90679
-9.00878
-9.11203
-9.33763
-9.4447
-9.55298
-9.66272
-9.77367
-9.88552
-10.1297
-10.2454
-10.3623
-10.4804
-10.5996
-10.7202
-10.9819
-11.1059
-11.2311
-11.3573
-11.4848
-11.6134
-11.8933
-12.0256
-12.1593
-12.294
-12.43
-12.5672
-12.866
-13.0073
-13.1498
-13.2936
-13.4388
-13.5852
-13.9043
-14.0558
-14.208
-14.362
-14.5175
-14.6746
-15.0174
-15.1799
-15.3443
-15.5104
-15.6785
-15.8483
-16.2193
-16.3954
-16.5738
-16.7544
-16.9372
-17.1224
-17.5281
-17.721
-17.9172
-18.1152
-18.3163
-18.5203
-18.9676
-19.1812
-19.3981
-19.6176
-19.8407
-20.0661
-20.5636
-20.8006
-21.0408
-21.2846
-21.5317
-21.7828
-22.333
-22.5947
-22.8605
-23.1302
-23.4024
-23.6787
-24.2824
-24.5693
-24.8595
-25.1538
-25.4513
-25.7525
-26.4088
-26.7195
-27.0339
-27.3518
-27.6732
-27.9982
-28.7059
-29.0408
-29.379
-29.7205
-30.0655
-30.414
-31.1735
-31.5328
-31.8964
-32.263
-32.6334
-33.0076
-33.8234
-34.2097
-34.6
-34.9942
-35.3923
-35.7949
-36.6736
-37.0901
-37.511
-37.9368
-38.3674
-38.8038
-39.7567
-40.2093
-40.6681
-41.1316
-41.6006
-42.0766
-43.1214
-43.6183
-44.1218
-44.6332
-45.152
-45.6784
-46.837
-47.3891
-47.9488
-48.5187
-49.0981
-49.6867
-50.9853
-51.6067
-52.2381
-52.8794
-53.5323
-54.197
-55.6644
-56.3659
-57.0797
-57.8058
-58.5456
-59.2981
-60.9551
-61.7478
-62.5558
-63.3766
-64.2104
-65.0569
-66.9208
-67.8102
-68.7158
-69.6355
-70.5692
-71.517
-73.6026
-74.5981
-75.6098
-76.6373
-77.68
-78.7401
-81.0739
-82.1888
-83.3212
-84.4711
-85.6387
-86.8261
-89.4432
-90.6968
-91.9751
-93.2703
-94.5902
-95.9341
-98.8972
-100.319
-101.768
-103.243
-104.751
-106.295
-109.718
-111.353
-113.025
-114.733
-116.476
-118.261
-122.23
-124.142
-126.084
-128.085
-130.134
-132.223
-136.873
-139.125
-141.432
-143.794
-146.215
-148.672
-154.165
-156.798
-159.467
-162.218
-165.026
-167.899
-174.166
-177.186
-180.223
-183.279
-186.346
-189.401
-196.091
-199.257
-202.361
-205.389
-208.299
-211.245
-217.287
-219.89
-222.373
-224.688
-226.801
-228.729
-232.079
-233.203
-233.932
-234.088
-234.107
-233.776
-231.64
-229.859
-227.61
-224.881
-221.481
-217.713
-207.894
-202.43
-196.501
-190.014
-182.759
-174.982
-156.678
-147.291
-137.629
-127.467
-116.95
-106.069
-81.493
-69.5372
-57.2937
-44.7702
-32.2833
-19.9097
6.70946
19.2532
31.7052
44.0654
56.3534
68.3647
92.9884
103.885
114.448
124.598
134.267
143.709
162.062
169.892
177.073
183.706
189.773
195.471
205.399
209.271
212.802
215.621
217.839
219.656
222.197
222.752
222.874
222.677
222.202
221.502
218.599
216.8
214.856
212.841
210.667
208.3
202.767
200.044
197.273
194.441
191.555
188.646
182.429
179.51
176.603
173.7
170.847
168.025
162.077
159.384
156.726
154.103
151.579
149.056
143.815
141.441
139.102
136.818
134.589
132.412
127.893
125.857
123.854
121.901
119.993
118.122
114.238
112.481
110.764
109.085
107.444
105.825
102.467
100.949
99.4592
97.9972
96.5658
95.1586
92.2294
90.8977
89.5918
88.3098
87.0505
85.8134
83.2313
82.0608
80.9108
79.7807
78.6695
77.5762
75.3006
74.2639
73.2479
72.2503
71.2714
70.3086
68.2996
67.3889
66.4949
65.6157
64.7517
63.9041
62.1415
61.3438
60.5599
59.7884
59.0329
58.2913
56.7439
56.044
55.3554
54.6792
54.0145
53.3614
51.9963
51.3766
50.7661
50.1668
49.5764
48.9953
47.7771
47.2227
46.6762
46.1368
45.605
45.0807
43.9778
43.4749
42.9785
42.4879
42.0035
41.5252
40.5173
40.0559
39.599
39.1479
38.7017
38.2605
37.3306
36.9041
36.4822
36.0646
35.6508
35.2414
34.3769
33.9808
33.5885
33.2003
32.816
32.4356
31.6326
31.2645
30.8998
30.5388
30.1814
29.8279
29.0824
28.7408
28.4029
28.0689
27.7383
27.4117
26.7239
26.4092
26.0983
25.7913
25.4884
25.1896
24.5607
24.2734
23.9902
23.7107
23.4352
23.1642
22.5955
22.3362
22.0813
21.8287
21.5809
21.3365
20.8239
20.5907
20.3608
20.1342
19.9107
19.6902
19.2269
19.0164
18.8077
18.6023
18.3995
18.1992
17.7775
17.5848
17.3942
17.2061
17.0193
16.8355
16.4477
16.27
16.0941
15.9201
15.7478
15.5772
15.2168
15.0514
14.8876
14.7254
14.5647
14.4057
14.0692
13.9145
13.7616
13.6097
13.4593
13.3098
12.9941
12.849
12.7053
12.5629
12.4218
12.2819
11.9863
11.8505
11.7158
11.5825
11.4504
11.3195
11.0429
10.9161
10.7905
10.6662
10.5432
10.4216
10.1651
10.0473
9.93101
9.81621
9.70264
9.5904
9.35439
9.24654
9.13996
9.03468
8.93098
8.8287
8.61376
8.51566
8.41879
8.32329
8.22917
8.1363
7.94125
7.85234
7.76455
7.67793
7.59234
7.50793
7.33037
7.24933
7.16918
7.09005
7.01182
6.93464
6.77145
6.69681
6.62315
6.54997
6.47768
6.40608
6.25496
6.18558
6.11683
6.04876
5.98147
5.91453
5.77315
5.70821
5.64366
5.57981
5.51648
5.45369
5.32066
5.25944
5.19873
5.13864
5.07881
5.01949
4.89394
4.83602
4.77869
4.72183
4.66543
4.60956
4.49097
4.43644
4.38247
4.32873
4.27557
4.22287
4.11148
4.0602
4.00954
3.95942
3.90999
3.86089
3.75801
3.71106
3.66462
3.61899
3.57416
3.5302
3.43866
3.3974
3.35712
3.31789
3.21878
3.11107
2.9002
2.81023
2.72395
2.64165
2.56264
2.48694
2.33462
2.26811
2.2045
2.14294
2.08376
2.02674
1.91224
1.86217
1.81392
1.76726
1.7223
1.67882
1.59127
1.5531
1.51553
1.47919
1.44417
1.41074
1.34238
1.31206
1.28271
1.25438
1.22691
1.20049
1.14616
1.12187
1.09812
1.07505
1.05261
1.03083
0.986112
0.965854
0.946078
0.926876
0.908138
0.890026
