-2.16783
-2.36274
-2.5735
-2.80403
-3.05888
-3.34178
-3.65401
-3.99482
-4.36287
-4.75758
-5.18039
-5.63385
-6.12338
-6.6569
-7.24476
-7.89908
-8.62881
-9.43697
-10.3208
-11.277
-12.3053
-13.4099
-14.5991
-15.8892
-17.302
-18.8684
-20.6222
-22.586
-24.7679
-27.1618
-29.7621
-32.5738
-35.6165
-38.9254
-42.5577
-46.6008
-51.1623
-56.3693
-62.3309
-69.1207
-76.8032
-85.496
-95.3898
-106.788
-120.151
-136.002
-155.02
-177.317
-201.631
-223.505
-234.073
-221.754
-177.868
-102.125
-6.606
89.0365
164.971
209.589
222.883
213.792
193.768
170.971
149.878
131.568
116.088
102.951
91.6905
81.9202
73.4094
66.0022
59.5774
54.0177
49.1608
44.8561
40.9816
37.4495
34.2015
31.2058
28.4437
25.9148
23.6236
21.5727
19.7447
18.106
16.6197
15.2566
13.9948
12.8205
11.727
10.7114
9.77594
8.92359
8.15567
7.46541
6.84076
6.26892
5.73936
5.24502
4.78124
4.34618
3.93993
3.56926
3.12905
2.44662
1.95791
1.59758
1.32537
1.11523
0.946191
0.810109
-2.16876
-2.36174
-2.36374
-2.57242
-2.57459
-2.80283
-2.80523
-3.05755
-3.0602
-3.34031
-3.34325
-3.6524
-3.65563
-3.99307
-3.99657
-4.36099
-4.36476
-4.75556
-4.7596
-5.17823
-5.18255
-5.63153
-5.63617
-6.12086
-6.12589
-6.65414
-6.65966
-7.2417
-7.24781
-7.89566
-7.90249
-8.62501
-8.63261
-9.43279
-9.44115
-10.3163
-10.3254
-11.2721
-11.2819
-12.3
-12.3105
-13.4043
-13.4156
-14.593
-14.6052
-15.8825
-15.8958
-17.2947
-17.3093
-18.8603
-18.8766
-20.6131
-20.6314
-22.5758
-22.5963
-24.7566
-24.7792
-27.1495
-27.1742
-29.7488
-29.7755
-32.5594
-32.5883
-35.6008
-35.6321
-38.9083
-38.9425
-42.5389
-42.5766
-46.5796
-46.6219
-51.1383
-51.1864
-56.3419
-56.3968
-62.2994
-62.3624
-69.085
-69.1564
-76.763
-76.8435
-85.4504
-85.5416
-95.3375
-95.4421
-106.727
-106.849
-120.079
-120.223
-135.916
-136.087
-154.918
-155.122
-177.2
-177.434
-201.511
-201.751
-223.415
-223.595
-234.065
-234.081
-221.883
-221.624
-178.173
-177.563
-102.559
-101.69
-7.09156
-6.12032
88.6006
89.4719
164.663
165.277
209.433
209.745
222.883
222.882
213.872
213.712
193.878
193.658
171.081
170.861
149.977
149.779
131.651
131.486
116.158
116.018
103.011
102.891
91.7423
91.6388
81.9652
81.8753
73.4486
73.3702
66.0363
65.9681
59.607
59.5479
54.0433
53.9921
49.1833
49.1383
44.8763
44.8359
40.9998
40.9634
37.4662
37.4328
34.2169
34.1861
31.22
31.1916
28.4568
28.4307
25.9267
25.9029
23.6343
23.6128
21.5823
21.5632
19.7532
19.7362
18.1137
18.0983
16.6268
16.6127
15.263
15.2501
14.0008
13.9888
12.8261
12.8149
11.7323
11.7218
10.7163
10.7066
9.78036
9.77152
8.92758
8.9196
8.15927
8.15208
7.46864
7.46218
6.8437
6.83781
6.27163
6.26621
5.74188
5.73683
5.24738
5.24265
4.78346
4.77902
4.34826
4.3441
3.94186
3.938
3.57098
3.56754
3.13316
3.12495
2.44944
2.4438
1.95997
1.95585
1.59911
1.59605
1.32654
1.32419
1.11615
1.1143
0.94695
0.945434
0.810727
-2.17573
-2.35425
-2.37125
-2.56429
-2.58276
-2.79389
-2.81421
-3.04761
-3.07017
-3.32931
-3.35429
-3.64033
-3.66775
-3.97996
-4.00972
-4.3469
-4.3789
-4.74045
-4.77476
-5.16205
-5.19878
-5.61414
-5.65362
-6.10205
-6.1448
-6.63349
-6.68041
-7.21884
-7.2708
-7.87013
-7.92816
-8.59661
-8.66117
-9.40152
-9.47255
-10.2822
-10.3595
-11.2354
-11.3187
-12.2607
-12.3501
-13.362
-13.458
-14.5473
-14.651
-15.8327
-15.9458
-17.2398
-17.3645
-18.7992
-18.938
-20.5444
-20.7004
-22.4993
-22.6733
-24.672
-24.8641
-27.0573
-27.2669
-29.6489
-29.8758
-32.4514
-32.6967
-35.4838
-35.7497
-38.7803
-39.0709
-42.3975
-42.7186
-46.4213
-46.7811
-50.9584
-51.3672
-56.1365
-56.6036
-62.0639
-62.5993
-68.8179
-69.4245
-76.4617
-77.1464
-85.1094
-85.8849
-94.9467
-95.8355
-106.272
-107.305
-119.543
-120.764
-135.277
-136.733
-154.153
-155.894
-176.318
-178.312
-200.609
-202.643
-222.731
-224.262
-234.107
-234.12
-222.886
-220.657
-180.431
-175.254
-105.8
-98.4101
-10.7291
-2.51941
85.3115
92.7192
162.336
167.557
208.332
210.858
222.875
222.862
214.472
213.15
194.701
192.816
171.91
170.036
150.715
149.044
132.276
130.866
116.687
115.495
103.461
102.444
92.1317
91.2515
82.3033
81.5392
73.7436
73.0772
66.293
65.7131
59.8292
59.328
54.2358
53.8008
49.3525
48.9701
45.0277
44.6853
41.1368
40.827
37.5917
37.3077
34.3325
34.0709
31.3268
31.0852
28.555
28.3329
26.0162
25.8138
23.7151
23.5326
21.6541
21.4917
19.8174
19.6723
18.1714
18.0407
16.6794
16.5602
15.3116
15.2017
14.0459
13.9438
12.8681
12.773
11.7714
11.6828
10.7525
10.6705
9.81355
9.73845
8.95758
8.88972
8.18627
8.1252
7.49296
7.43796
6.86583
6.81577
6.29202
6.24589
5.76087
5.7179
5.26513
5.22496
4.80012
4.76241
4.36388
4.32852
3.95633
3.92359
3.58393
3.55468
3.16429
3.09447
2.47073
2.42282
1.97551
1.94053
1.61064
1.58469
1.33541
1.31543
1.12313
1.10739
0.952661
0.93978
0.815374
-2.19545
-2.22245
-2.24973
-2.27732
-2.30515
-2.33331
-2.39249
-2.42159
-2.45102
-2.48088
-2.51104
-2.54156
-2.60587
-2.63761
-2.66976
-2.70239
-2.73544
-2.76894
-2.83965
-2.87462
-2.91011
-2.94629
-2.98282
-3.01991
-3.09842
-3.13729
-3.1767
-3.21677
-3.25738
-3.29859
-3.38558
-3.42855
-3.47218
-3.51646
-3.56124
-3.60658
-3.70206
-3.74914
-3.79684
-3.8452
-3.89396
-3.94328
-4.04694
-4.09791
-4.14948
-4.20166
-4.25429
-4.30744
-4.41887
-4.47361
-4.52891
-4.58484
-4.64122
-4.69815
-4.81756
-4.87621
-4.93544
-4.99537
-5.05579
-5.11676
-5.24466
-5.30748
-5.37101
-5.43524
-5.50001
-5.56548
-5.70302
-5.77076
-5.8392
-5.90854
-5.97859
-6.04945
-6.19832
-6.27193
-6.34642
-6.42197
-6.49834
-6.57579
-6.73925
-6.82012
-6.90207
-6.98517
-7.06946
-7.15502
-7.336
-7.42582
-7.51695
-7.60949
-7.70337
-7.79881
-8.0009
-8.10098
-8.20263
-8.30596
-8.41085
-8.51727
-8.74209
-8.8534
-8.96625
-9.08084
-9.1967
-9.3141
-9.56146
-9.68373
-9.80743
-9.93257
-10.059
-10.187
-10.4562
-10.5887
-10.7225
-10.858
-10.9946
-11.1328
-11.4228
-11.5653
-11.7093
-11.855
-12.0019
-12.1504
-12.4618
-12.6149
-12.7697
-12.9263
-13.0841
-13.2435
-13.578
-13.7427
-13.909
-14.0776
-14.2476
-14.4195
-14.7809
-14.9589
-15.139
-15.3218
-15.5066
-15.6936
-16.0873
-16.2816
-16.4786
-16.6788
-16.8812
-17.0866
-17.5206
-17.7353
-17.9536
-18.1755
-18.4004
-18.6287
-19.1124
-19.3528
-19.5966
-19.8447
-20.0963
-20.353
-20.8958
-21.1648
-21.4381
-21.7167
-21.999
-22.2856
-22.8917
-23.1919
-23.4964
-23.8057
-24.1186
-24.4358
-25.105
-25.4357
-25.7701
-26.1093
-26.4521
-26.7992
-27.5293
-27.8891
-28.2532
-28.6214
-28.9934
-29.3696
-30.1594
-30.5485
-30.9421
-31.34
-31.7425
-32.1493
-33.0034
-33.4243
-33.8501
-34.2808
-34.7163
-35.1567
-36.0825
-36.5392
-37.0014
-37.4693
-37.943
-38.4229
-39.4342
-39.934
-40.4409
-40.9551
-41.4747
-42.0029
-43.1207
-43.6742
-44.236
-44.8078
-45.3887
-45.9797
-47.2321
-47.853
-48.4861
-49.1312
-49.7877
-50.4572
-51.8805
-52.5885
-53.3102
-54.0467
-54.7985
-55.5642
-57.1906
-58.0015
-58.8302
-59.6741
-60.5334
-61.4085
-63.271
-64.1982
-65.1412
-66.102
-67.0795
-68.0733
-70.1856
-71.2348
-72.3029
-73.3904
-74.4958
-75.6213
-78.0059
-79.193
-80.4012
-81.6329
-82.8848
-84.1586
-86.8591
-88.2057
-89.5778
-90.9786
-92.4071
-93.8585
-96.9519
-98.495
-100.071
-101.68
-103.322
-105.006
-108.613
-110.42
-112.26
-114.146
-116.076
-118.054
-122.301
-124.433
-126.606
-128.852
-131.156
-133.505
-138.571
-141.127
-143.752
-146.449
-149.198
-152.027
-158.044
-161.076
-164.178
-167.362
-170.588
-173.852
-180.812
-184.216
-187.629
-191.025
-194.517
-198.033
-205.12
-208.371
-211.644
-214.824
-217.864
-220.732
-226.065
-228.253
-230.182
-231.849
-233.141
-233.953
-234.039
-233.484
-232.415
-230.732
-228.438
-225.564
-217.434
-212.639
-207.12
-200.928
-194.17
-186.563
-168.545
-158.911
-148.58
-137.834
-126.513
-114.744
-89.0244
-75.8992
-62.4202
-48.5846
-34.639
-20.8442
7.66667
21.6177
35.4549
49.1796
62.7518
75.9029
101.677
113.488
124.806
135.5
145.932
155.589
173.627
181.296
188.229
194.7
200.235
205.128
213.515
216.448
218.711
220.542
221.866
222.542
222.692
222.159
221.308
219.941
218.15
216.097
211.419
208.83
206.055
203.136
200.111
197.023
190.429
187.208
183.988
180.727
177.516
174.252
167.729
164.626
161.572
158.584
155.639
152.779
146.997
144.314
141.667
139.061
136.522
134.053
129.143
126.85
124.602
122.411
120.277
118.191
114.033
112.086
110.186
108.336
106.524
104.746
101.2
99.5381
97.9107
96.3199
94.7608
93.236
90.1738
88.7366
87.3281
85.9464
84.5921
83.2639
80.6034
79.3526
78.1234
76.9199
75.7413
74.5827
72.2614
71.1728
70.1038
69.0559
68.028
67.0212
65.0032
64.0549
63.1284
62.2209
61.3322
60.4608
58.7156
57.8971
57.0943
56.3086
55.5381
54.7823
53.2683
52.556
51.8558
51.1698
50.4944
49.8323
48.5013
47.8722
47.2539
46.6455
46.0457
45.4559
44.265
43.7011
43.1457
42.5977
42.0573
41.5244
40.446
39.9334
39.427
38.927
38.4334
37.946
36.9583
36.4883
36.0236
35.5636
35.1089
34.6593
33.7486
33.3149
32.886
32.462
32.0427
31.6285
30.7878
30.3874
29.9916
29.6006
29.2144
28.8328
28.0597
27.6921
27.3294
26.9714
26.6181
26.2698
25.5652
25.2312
24.9021
24.5776
24.2584
23.9438
23.309
23.0096
22.715
22.4244
22.139
21.8578
21.2923
21.0252
20.7625
20.5037
20.2495
19.9993
19.4939
19.2551
19.0201
18.788
18.5599
18.335
17.8798
17.6642
17.4513
17.2407
17.033
16.8284
16.4133
16.2162
16.0212
15.8282
15.6376
15.4492
15.0661
14.8838
14.7035
14.5248
14.3483
14.1737
13.8181
13.6488
13.4809
13.3144
13.1498
12.987
12.6557
12.4978
12.3415
12.1865
12.0335
11.882
11.5737
11.4269
11.2816
11.1377
10.9955
10.855
10.5696
10.434
10.3
10.1674
10.0366
9.90749
9.64602
9.52199
9.39973
9.27908
9.16014
9.04281
8.80625
8.69438
8.58409
8.47529
8.36814
8.26284
8.05009
7.94959
7.85063
7.75288
7.65671
7.56189
7.37029
7.2796
7.19006
7.10167
7.01454
6.92852
6.75413
6.67135
6.58957
6.50861
6.42868
6.34966
6.18906
6.11258
6.03694
5.96195
5.88784
5.81445
5.66498
5.59378
5.52322
5.45321
5.38395
5.31529
5.17541
5.10868
5.04248
4.97669
4.91166
4.84721
4.71589
4.65321
4.59109
4.52945
4.46846
4.40803
4.28493
4.22623
4.16809
4.11048
4.05358
3.99733
3.88329
3.82918
3.77597
3.72333
3.67159
3.62075
3.51891
3.47121
3.42452
3.37897
3.33471
3.25455
3.01141
2.90503
2.80494
2.70946
2.61878
2.53206
2.36525
2.29005
2.21841
2.14951
2.08353
2.02025
1.89844
1.84353
1.79063
1.7396
1.69071
1.64385
1.55348
1.51174
1.4716
1.43306
1.39633
1.3608
1.29122
1.25938
1.22874
1.19928
1.17078
1.14305
1.08823
1.0629
1.03834
1.01453
0.991533
0.968974
0.924119
0.903432
0.883775
0.865071
0.846673
0.828548
