-2.14743
-2.38698
-2.65106
-2.94742
-3.28443
-3.66613
-4.09103
-4.55646
-5.06279
-5.61404
-6.21879
-6.89252
-7.65608
-8.53091
-9.52531
-10.6332
-11.8495
-13.1768
-14.6286
-16.2317
-18.0301
-20.0876
-22.4582
-25.1597
-28.1789
-31.5088
-35.1722
-39.2267
-43.7773
-48.9867
-55.0967
-62.3131
-70.7829
-80.6274
-92.1003
-105.661
-122.086
-142.415
-167.711
-197.296
-224.862
-234.447
-204.057
-123.043
-6.49641
110.129
191.406
222.834
215.07
189.652
161.914
137.79
118.004
101.845
88.426
77.1244
67.5724
59.5501
52.8349
47.1304
42.1646
37.7478
33.7655
30.1553
26.894
23.9893
21.4501
19.2489
17.3177
15.5916
14.0246
12.5902
11.2752
10.078
9.00617
8.06269
7.23575
6.50086
5.83559
5.22481
4.65995
4.13702
3.65992
3.15773
2.3424
1.7945
1.41288
1.13857
0.930029
0.768913
-2.14835
-2.38598
-2.38799
-2.64994
-2.65218
-2.94615
-2.94869
-3.28299
-3.28588
-3.66451
-3.66776
-4.08925
-4.09282
-4.55451
-4.55841
-5.06067
-5.06491
-5.61173
-5.61635
-6.21623
-6.22135
-6.88966
-6.89539
-7.65281
-7.65936
-8.52716
-8.53467
-9.52108
-9.52953
-10.6286
-10.6379
-11.8444
-11.8546
-13.1712
-13.1823
-14.6225
-14.6347
-16.2249
-16.2385
-18.0224
-18.0378
-20.0787
-20.0965
-22.448
-22.4684
-25.1482
-25.1712
-28.1662
-28.1917
-31.4948
-31.5228
-35.1568
-35.1877
-39.2095
-39.2439
-43.7579
-43.7968
-48.9641
-49.0093
-55.07
-55.1234
-62.2816
-62.3446
-70.7462
-70.8195
-80.5849
-80.67
-92.0506
-92.1501
-105.602
-105.721
-122.013
-122.16
-142.324
-142.506
-167.599
-167.823
-197.171
-197.42
-224.775
-224.949
-234.477
-234.417
-204.281
-203.832
-123.458
-122.628
-6.96667
-6.02595
109.709
110.549
191.18
191.631
222.798
222.868
215.146
214.994
189.767
189.538
162.02
161.809
137.878
137.702
118.075
117.932
101.904
101.786
88.4752
88.3767
77.166
77.0829
67.6076
67.5373
59.5796
59.5207
52.8596
52.8101
47.1516
47.1091
42.1834
42.1459
37.7647
37.731
33.7807
33.7503
30.1691
30.1416
26.9064
26.8816
24.0003
23.9784
21.4595
21.4406
19.2571
19.2406
17.325
17.3104
15.5982
15.585
14.0306
14.0186
12.5957
12.5847
11.2802
11.2701
10.0826
10.0735
9.01021
9.00214
8.06623
8.05915
7.23887
7.23263
6.50366
6.49807
5.83814
5.83304
5.22717
5.22245
4.66214
4.65777
4.13903
4.135
3.66172
3.65813
3.16192
3.15354
2.34505
2.33975
1.79632
1.79269
1.41416
1.4116
1.13952
1.13762
0.930769
0.92929
0.76951
-2.15596
-2.37769
-2.39631
-2.64072
-2.66144
-2.93571
-2.95921
-3.27111
-3.29779
-3.65116
-3.68116
-4.07451
-4.10761
-4.53846
-4.57451
-5.04321
-5.08243
-5.59267
-5.63547
-6.19518
-6.2425
-6.86607
-6.91909
-7.62585
-7.68648
-8.49626
-8.56573
-9.48624
-9.56446
-10.5901
-10.6765
-11.8024
-11.8968
-13.1254
-13.2283
-14.5722
-14.6852
-16.169
-16.2946
-17.9592
-18.1014
-20.0057
-20.1701
-22.3642
-22.5526
-25.0536
-25.2663
-28.0613
-28.297
-31.3794
-31.6386
-35.0298
-35.3152
-39.068
-39.3862
-43.598
-43.9576
-48.7785
-49.1963
-54.8513
-55.3443
-62.0229
-62.605
-70.4448
-71.1229
-80.2349
-81.0218
-91.6412
-92.5619
-105.112
-106.216
-121.412
-122.765
-141.576
-143.261
-166.678
-168.749
-196.157
-198.439
-224.048
-225.659
-234.696
-234.146
-206.108
-201.948
-126.858
-119.191
-11.0097
-2.06701
106.216
113.983
189.283
193.456
222.478
223.129
215.756
214.348
190.709
188.59
162.896
160.935
138.607
136.981
118.669
117.343
102.392
101.301
88.8829
87.972
77.5104
76.7402
67.8985
67.2482
59.8232
59.2784
53.0642
52.6067
47.3273
46.934
42.3384
41.9915
37.9035
37.5926
33.9064
33.6251
30.2831
30.0281
27.009
26.7794
24.0907
23.8885
21.538
21.3626
19.3254
19.1728
17.3854
17.2503
15.6527
15.5307
14.0804
13.969
12.6413
12.5393
11.322
11.2286
10.1203
10.0359
9.04362
8.96891
8.0955
8.03004
7.26469
7.20696
6.52678
6.47504
5.85925
5.81201
5.24665
5.20304
4.68019
4.63977
4.15569
4.11842
3.67657
3.64336
3.19682
3.11989
2.36706
2.3181
1.81141
1.77781
1.42478
1.40111
1.1474
1.12982
0.936903
0.923225
0.774442
-2.17958
-2.21323
-2.24737
-2.28186
-2.31682
-2.35229
-2.42218
-2.45912
-2.49659
-2.53466
-2.57328
-2.61254
-2.69019
-2.73138
-2.77336
-2.81604
-2.85958
-2.90385
-2.99178
-3.03853
-3.08626
-3.1348
-3.18427
-3.23481
-3.33492
-3.38819
-3.4423
-3.49734
-3.55329
-3.61027
-3.72282
-3.78236
-3.84286
-3.90414
-3.96637
-4.02934
-4.15348
-4.21893
-4.28528
-4.35238
-4.42032
-4.48922
-4.62448
-4.69581
-4.76789
-4.84089
-4.91476
-4.98965
-5.13674
-5.21415
-5.29262
-5.37204
-5.45265
-5.53424
-5.69482
-5.7795
-5.86559
-5.9528
-6.04117
-6.13074
-6.30827
-6.40236
-6.49765
-6.59457
-6.69319
-6.79389
-6.99275
-7.09847
-7.2066
-7.31677
-7.42906
-7.54335
-7.77096
-7.89218
-8.01605
-8.14207
-8.27069
-8.4018
-8.66236
-8.80078
-8.94191
-9.08523
-9.23116
-9.37965
-9.673
-9.82819
-9.98595
-10.1458
-10.3079
-10.4723
-10.7963
-10.9672
-11.1406
-11.3159
-11.4936
-11.6736
-12.0276
-12.2141
-12.4033
-12.5946
-12.7884
-12.9849
-13.371
-13.5744
-13.7812
-13.9906
-14.2028
-14.4181
-14.8419
-15.066
-15.2939
-15.5246
-15.7589
-15.9977
-16.4692
-16.7196
-16.9742
-17.2334
-17.4976
-17.7657
-18.2996
-18.5842
-18.8752
-19.1716
-19.4739
-19.783
-20.3982
-20.7267
-21.0614
-21.403
-21.7517
-22.1079
-22.8149
-23.1908
-23.574
-23.9636
-24.3601
-24.7638
-25.5619
-25.9843
-26.4139
-26.8492
-27.291
-27.7397
-28.6243
-29.0914
-29.5652
-30.0457
-30.5322
-31.0256
-31.9986
-32.5124
-33.0335
-33.562
-34.0977
-34.6404
-35.7116
-36.2787
-36.8547
-37.4396
-38.0327
-38.635
-39.8288
-40.4622
-41.1049
-41.7586
-42.4266
-43.1082
-44.4587
-45.178
-45.9135
-46.6653
-47.431
-48.2124
-49.7801
-50.6204
-51.4787
-52.3577
-53.2587
-54.183
-56.0327
-57.0227
-58.0394
-59.0784
-60.1442
-61.2342
-63.4171
-64.5847
-65.7783
-67.0009
-68.2505
-69.5243
-72.0692
-73.4295
-74.8172
-76.2348
-77.6826
-79.1643
-82.12
-83.6995
-85.3144
-86.966
-88.6574
-90.3865
-93.8489
-95.7057
-97.6052
-99.5623
-101.566
-103.621
-107.764
-109.998
-112.293
-114.651
-117.089
-119.588
-124.655
-127.399
-130.232
-133.163
-136.176
-139.302
-145.628
-149.073
-152.614
-156.245
-160.009
-163.875
-171.624
-175.78
-180.04
-184.327
-188.67
-193.048
-201.537
-205.85
-209.924
-214.003
-217.96
-221.655
-227.761
-230.415
-232.505
-234.035
-234.921
-235.103
-233.038
-230.762
-227.478
-223.215
-217.751
-211.34
-195.825
-186.16
-175.349
-163.61
-150.674
-137.104
-108.343
-92.3807
-75.9154
-58.808
-41.1523
-23.4554
10.4181
27.9735
45.5715
62.7267
79.4438
95.3318
124.287
137.987
150.608
162.559
173.334
183.045
198.763
205.293
210.812
215.292
218.694
221.177
223.625
223.641
223.079
221.866
220.047
217.668
212.197
208.901
205.315
201.451
197.522
193.591
185.669
181.664
177.615
173.547
169.549
165.622
158.279
154.609
151.063
147.595
144.178
140.883
134.798
131.758
128.826
125.982
123.214
120.527
115.551
113.092
110.703
108.385
106.127
103.923
99.8243
97.7933
95.8183
93.886
91.9943
90.156
86.734
85.0238
83.3563
81.7289
80.1388
78.5876
75.6954
74.2475
72.8369
71.4599
70.1176
68.8075
66.3669
65.1492
63.9629
62.8076
61.6822
60.5848
58.5405
57.5238
56.5335
55.5674
54.6217
53.7019
51.9855
51.1276
50.2879
49.4669
48.6634
47.875
46.3985
45.6557
44.9278
44.2123
43.5098
42.8196
41.5194
40.8622
40.2148
39.5783
38.9517
38.3347
37.1682
36.5772
35.9953
35.4211
34.8549
34.2971
33.2412
32.706
32.1778
31.6569
31.1436
30.6376
29.68
29.195
28.7174
28.2468
27.7837
27.3279
26.4669
26.0323
25.6059
25.1871
24.7755
24.372
23.6135
23.2318
22.8585
22.4928
22.1339
21.7828
21.1244
20.794
20.4707
20.1535
19.8429
19.5381
18.9655
18.6768
18.3941
18.1161
17.842
17.5731
17.0659
16.8098
16.5575
16.3089
16.0636
15.822
15.3644
15.1321
14.9034
14.6777
14.4547
14.2349
13.817
13.6048
13.3955
13.1886
12.9843
12.7827
12.4
12.2052
12.0131
11.8235
11.6361
11.4514
11.1012
10.9234
10.7482
10.5755
10.4051
10.2375
9.92094
9.76086
9.60358
9.44906
9.29697
9.14778
8.86698
8.72558
8.58703
8.45102
8.31745
8.18664
7.94101
7.81722
7.69572
7.57675
7.45974
7.34487
7.12848
7.01928
6.9116
6.80569
6.70146
6.59872
6.40447
6.30597
6.20888
6.11301
6.01837
5.92477
5.74743
5.65724
5.56823
5.48023
5.39318
5.3071
5.14347
5.06025
4.97782
4.8964
4.81578
4.73616
4.58453
4.50729
4.43102
4.35561
4.28112
4.20738
4.06754
3.99648
3.92654
3.85767
3.78969
3.72298
3.59817
3.53566
3.47462
3.41558
3.35876
3.30462
3.02009
2.88874
2.7656
2.64963
2.54029
2.43685
2.25319
2.16549
2.08232
2.00367
1.92914
1.85895
1.73298
1.67247
1.61509
1.56056
1.50821
1.4585
1.36936
1.32615
1.28489
1.24553
1.20802
1.17211
1.10618
1.07383
1.04276
1.01293
0.984028
0.956171
0.904864
0.880336
0.857059
0.834211
0.811761
0.789771
