-2.26696
-2.48868
-2.73184
-3.0025
-3.30612
-3.64511
-4.01823
-4.42347
-4.86045
-5.33108
-5.84019
-6.39539
-7.00822
-7.69554
-8.47107
-9.34101
-10.3017
-11.3482
-12.48
-13.7029
-15.0308
-16.4851
-18.0995
-19.92
-21.9852
-24.3117
-26.8926
-29.7178
-32.7926
-36.1416
-39.8164
-43.8942
-48.4937
-53.786
-59.9233
-67.0195
-75.1484
-84.4313
-95.0998
-107.535
-122.306
-140.164
-161.898
-187.431
-213.727
-232.777
-229.661
-190.286
-111.241
-6.49641
98.2261
177.392
217.551
222.096
205.057
180.499
156.402
135.624
118.219
103.698
91.3921
80.8589
71.7812
63.9805
57.3183
51.6178
46.6649
42.2774
38.3226
34.7203
31.4196
28.3962
25.6477
23.1862
21.0106
19.093
17.3836
15.8374
14.4203
13.1113
11.8996
10.78
9.75489
8.83015
8.00632
7.27332
6.61381
6.01143
5.45457
4.93586
4.45122
3.99972
3.58707
3.10483
2.38259
1.8748
1.50877
1.23749
1.02977
0.865148
-2.26792
-2.48763
-2.48973
-2.73069
-2.733
-3.00121
-3.0038
-3.30467
-3.30758
-3.6435
-3.64672
-4.01647
-4.01999
-4.42156
-4.42537
-4.8584
-4.8625
-5.32887
-5.33329
-5.83779
-5.84259
-6.39276
-6.39802
-7.0053
-7.01115
-7.69224
-7.69884
-8.46735
-8.4748
-9.33687
-9.34516
-10.2972
-10.3063
-11.3432
-11.3531
-12.4747
-12.4853
-13.6971
-13.7086
-15.0245
-15.0371
-16.4782
-16.492
-18.0917
-18.1072
-19.9112
-19.9287
-21.9753
-21.9951
-24.3006
-24.3228
-26.8803
-26.9048
-29.7045
-29.7312
-32.7781
-32.8071
-36.1258
-36.1575
-39.7989
-39.8339
-43.8747
-43.9137
-48.4715
-48.5159
-53.7603
-53.8118
-59.8934
-59.9532
-66.9851
-67.0539
-75.1091
-75.1877
-84.3864
-84.4763
-95.0479
-95.1518
-107.474
-107.597
-122.233
-122.379
-140.075
-140.254
-161.79
-162.005
-187.307
-187.552
-213.615
-213.839
-232.728
-232.826
-229.748
-229.573
-190.556
-190.015
-111.67
-110.81
-6.96667
-6.02595
97.7959
98.6558
177.12
177.663
217.46
217.642
222.137
222.055
205.162
204.951
180.613
180.386
156.504
156.3
135.709
135.538
118.291
118.147
103.758
103.637
91.4437
91.3405
80.9031
80.8147
71.8193
71.7431
64.0131
63.948
57.3461
57.2905
51.6418
51.5939
46.6859
46.6439
42.2962
42.2586
38.3397
38.3056
34.7359
34.7047
31.4339
31.4053
28.4092
28.3831
25.6595
25.6359
23.1967
23.1757
21.0199
21.0014
19.1012
19.0849
17.3909
17.3762
15.8441
15.8307
14.4264
14.4141
13.117
13.1056
11.9048
11.8943
10.7848
10.7751
9.75931
9.75048
8.8341
8.8262
8.00983
8.00281
7.27645
7.27018
6.61666
6.61096
6.01405
6.00881
5.457
5.45214
4.93813
4.93359
4.45334
4.4491
4.00168
3.99775
3.58883
3.58532
3.10883
3.10083
2.3853
2.37988
1.87673
1.87288
1.51019
1.50736
1.23855
1.23643
1.03061
1.02894
0.865794
-2.27539
-2.47954
-2.49785
-2.72174
-2.742
-2.9912
-3.01387
-3.29345
-3.31888
-3.63102
-3.65925
-4.00284
-4.03367
-4.40682
-4.44017
-4.84253
-4.87843
-5.31176
-5.35047
-5.81921
-5.86125
-6.37242
-6.41844
-6.98271
-7.03386
-7.66674
-7.72448
-8.43856
-8.50373
-9.30481
-9.37736
-10.2621
-10.3415
-11.3051
-11.3914
-12.4335
-12.5267
-13.6526
-13.7534
-14.976
-15.0858
-16.4246
-16.5458
-18.032
-18.1673
-19.8434
-19.9969
-21.8984
-22.0724
-24.2147
-24.4091
-26.7857
-26.9998
-29.6012
-29.8348
-32.6657
-32.9198
-36.0032
-36.2807
-39.6637
-39.9696
-43.7239
-44.0652
-48.2998
-48.6889
-53.5614
-54.0124
-59.6626
-60.1855
-66.7192
-67.3217
-74.8059
-75.4928
-84.0394
-84.8254
-94.6467
-95.5554
-107.001
-108.076
-121.667
-122.949
-139.387
-140.947
-160.957
-162.84
-186.346
-188.471
-212.742
-214.705
-232.336
-233.16
-230.398
-228.861
-192.621
-187.841
-114.978
-107.456
-10.7607
-2.31364
94.4471
101.971
174.984
179.758
216.723
218.316
222.39
221.723
205.968
204.124
181.482
179.507
157.298
155.51
136.375
134.879
118.85
117.592
104.231
103.17
91.845
90.9441
81.2469
80.4731
72.1155
71.449
64.2665
63.6963
57.5622
57.076
51.8278
51.4091
46.8494
46.4813
42.4418
42.1131
38.472
38.1739
34.8568
34.5841
31.5449
31.2947
28.5107
28.2821
25.7511
25.5447
23.2783
23.0947
21.0915
20.9302
19.1646
19.0218
17.4478
17.3195
15.896
15.7789
14.4741
14.3666
13.1612
13.0616
11.9458
11.8535
10.8225
10.7375
9.79358
9.71633
8.8648
8.79565
8.03709
7.97568
7.3008
7.2459
6.63881
6.58891
6.03436
5.98856
5.47584
5.43336
4.95573
4.91605
4.46979
4.43271
4.01693
3.98257
3.6025
3.57175
3.14015
3.07017
2.40648
2.35902
1.89176
1.8581
1.52124
1.49644
1.24681
1.22828
1.0371
1.02252
0.870818
-2.29748
-2.32841
-2.35965
-2.39131
-2.42335
-2.45586
-2.52197
-2.55578
-2.58998
-2.62467
-2.65986
-2.6956
-2.76866
-2.80603
-2.84411
-2.8828
-2.92201
-2.96201
-3.04373
-3.08566
-3.12832
-3.17171
-3.21584
-3.26065
-3.35238
-3.39934
-3.44709
-3.49556
-3.54474
-3.59456
-3.69633
-3.74826
-3.80094
-3.85432
-3.90835
-3.96297
-4.07416
-4.13072
-4.18802
-4.24595
-4.30455
-4.36368
-4.48392
-4.54497
-4.60676
-4.66922
-4.73234
-4.79605
-4.92554
-4.99133
-5.05792
-5.12518
-5.19303
-5.26172
-5.40129
-5.47234
-5.54431
-5.61705
-5.6905
-5.7649
-5.91645
-5.99365
-6.07177
-6.15091
-6.23121
-6.31282
-6.47895
-6.56375
-6.64998
-6.73767
-6.82653
-6.91679
-7.1013
-7.19613
-7.29284
-7.39102
-7.49071
-7.59233
-7.80067
-7.90755
-8.01657
-8.12738
-8.23996
-8.35475
-8.58954
-8.70988
-8.83237
-8.95676
-9.08281
-9.2111
-9.47275
-9.60634
-9.74187
-9.8793
-10.0183
-10.1593
-10.4459
-10.5917
-10.7397
-10.8893
-11.0405
-11.1936
-11.5046
-11.6628
-11.8225
-11.9843
-12.1476
-12.313
-12.6489
-12.8197
-12.9926
-13.1673
-13.3437
-13.5223
-13.8858
-14.071
-14.2585
-14.4482
-14.6399
-14.8342
-15.2302
-15.432
-15.6367
-15.8445
-16.0552
-16.2687
-16.7052
-16.9282
-17.1552
-17.3862
-17.6198
-17.8577
-18.3456
-18.5963
-18.8519
-19.1121
-19.3764
-19.6459
-20.1996
-20.4835
-20.7734
-21.0685
-21.3684
-21.6746
-22.3014
-22.6229
-22.9502
-23.2829
-23.6208
-23.9636
-24.6649
-25.0233
-25.3872
-25.7564
-26.13
-26.5091
-27.2811
-27.6743
-28.0735
-28.4771
-28.8857
-29.2994
-30.1411
-30.5697
-31.0037
-31.4429
-31.8874
-32.3376
-33.2533
-33.7203
-34.1929
-34.6709
-35.1549
-35.6451
-36.6451
-37.1563
-37.6739
-38.1981
-38.7295
-39.2691
-40.3719
-40.9359
-41.5064
-42.0885
-42.6811
-43.2843
-44.5148
-45.1476
-45.7927
-46.4513
-47.1201
-47.8005
-49.2029
-49.929
-50.6697
-51.4243
-52.1946
-52.9827
-54.6092
-55.4485
-56.306
-57.181
-58.0776
-58.9905
-60.8749
-61.8474
-62.8417
-63.8555
-64.8896
-65.9439
-68.116
-69.2322
-70.3705
-71.5314
-72.7156
-73.9223
-76.3977
-77.6724
-78.9734
-80.3001
-81.6504
-83.0283
-85.8617
-87.3236
-88.8165
-90.3379
-91.8955
-93.4799
-96.7537
-98.4492
-100.184
-101.957
-103.77
-105.629
-109.49
-111.493
-113.544
-115.651
-117.81
-120.027
-124.642
-127.05
-129.527
-132.076
-134.695
-137.386
-143.012
-145.95
-148.983
-152.09
-155.268
-158.538
-165.325
-168.847
-172.425
-176.094
-179.842
-183.61
-191.261
-195.1
-198.987
-202.818
-206.566
-210.145
-217.221
-220.54
-223.597
-226.339
-228.853
-231.052
-234.073
-234.881
-235.123
-234.73
-233.692
-232.021
-226.512
-222.563
-217.695
-212.104
-205.643
-198.347
-181.182
-171.345
-160.745
-149.199
-137.269
-124.51
-97.3733
-83.0646
-68.2843
-53.0494
-37.4443
-21.9034
8.8723
24.3041
39.7689
54.9673
70.0107
84.4278
111.612
124.452
136.555
147.741
158.489
168.428
185.626
192.989
199.546
205.238
210.15
214.276
220.02
221.945
223.17
223.682
223.614
223.108
220.597
218.673
216.374
213.941
211.216
208.245
201.659
198.209
194.761
191.217
187.594
184.031
176.935
173.36
169.843
166.382
162.989
159.653
153.218
150.14
147.091
144.093
141.194
138.367
132.931
130.32
127.771
125.304
122.873
120.515
115.981
113.804
111.681
109.613
107.599
105.625
101.813
99.9728
98.1794
96.4329
94.7194
93.0366
89.7912
88.2232
86.6859
85.1808
83.7085
82.2688
79.4791
78.1266
76.804
75.5093
74.2376
72.9954
70.5934
69.4296
68.2906
67.177
66.0875
65.021
62.9642
61.9691
60.9966
60.0452
59.1138
58.2049
56.4519
55.6028
54.769
53.9556
53.1606
52.3806
50.8702
50.1363
49.4161
48.7097
48.0145
47.3335
46.0072
45.3602
44.7239
44.0974
43.4807
42.8735
41.6887
41.1081
40.5351
39.9697
39.4132
38.8637
37.7892
37.2609
36.7395
36.2252
35.7172
35.2153
34.2316
33.7484
33.2712
32.7999
32.334
31.8734
30.9714
30.5281
30.0905
29.6585
29.2319
28.811
27.987
27.5828
27.1844
26.7912
26.4034
26.0227
25.2786
24.9149
24.5577
24.2058
23.8597
23.5201
22.8585
22.5367
22.2201
21.9092
21.6034
21.3042
20.7223
20.4386
20.1601
19.8862
19.6173
19.3528
18.8374
18.5858
18.3383
18.0942
17.8533
17.6166
17.1537
16.9266
16.7034
16.4827
16.2647
16.0497
15.6276
15.42
15.2155
15.0128
14.8128
14.6154
14.2273
14.0358
13.8468
13.6598
13.4748
13.292
12.9327
12.7557
12.5808
12.4076
12.2362
12.0669
11.7341
11.5702
11.4086
11.2485
11.0905
10.9342
10.6277
10.4771
10.3287
10.182
10.0375
9.89515
9.61661
9.48026
9.34617
9.21395
9.08377
8.95606
8.70651
8.58473
8.46512
8.34738
8.23151
8.11794
7.8965
7.78823
7.68185
7.57725
7.47429
7.37299
7.17506
7.07823
6.98286
6.88858
6.79563
6.7042
6.52454
6.43641
6.34951
6.26349
6.17843
6.09445
5.9293
5.84799
5.76768
5.68809
5.60939
5.53158
5.37838
5.30269
5.22787
5.15373
5.08032
5.00776
4.86467
4.79407
4.72425
4.65493
4.58625
4.51841
4.38471
4.31885
4.25366
4.18905
4.12514
4.06207
3.93816
3.8774
3.81736
3.75813
3.69986
3.643
3.53231
3.47873
3.42656
3.37583
3.32756
3.23675
2.98298
2.8698
2.76178
2.65952
2.56249
2.4703
2.29921
2.21998
2.14412
2.07167
2.00271
1.93713
1.81546
1.75841
1.70393
1.65184
1.60222
1.55459
1.46494
1.42297
1.38297
1.34437
1.3073
1.27163
1.20482
1.17324
1.14266
1.11299
1.08431
1.05654
1.00391
0.978724
0.954332
0.930547
0.907608
0.885712
