-3.03249
-3.23296
-3.44907
-3.68076
-3.92749
-4.18856
-4.46364
-4.75265
-5.05643
-5.37549
-5.71194
-6.06755
-6.44557
-6.84968
-7.28451
-7.75526
-8.2658
-8.81792
-9.41175
-10.0456
-10.7176
-11.4273
-12.1744
-12.9613
-13.7896
-14.6653
-15.5931
-16.5824
-17.6434
-18.7892
-20.0344
-21.389
-22.8596
-24.4454
-26.1437
-27.9504
-29.8649
-31.8892
-34.0321
-36.3006
-38.7147
-41.2937
-44.0701
-47.08
-50.3703
-53.9929
-57.9954
-62.4076
-67.2611
-72.5691
-78.3642
-84.7013
-91.6536
-99.317
-107.843
-117.406
-128.208
-140.521
-154.572
-170.408
-187.795
-205.657
-221.823
-232.874
-234.046
-220.825
-190.015
-141.007
-78.0387
-6.49641
64.8894
128.326
177.12
208.389
222.36
222.177
212.34
197.343
180.839
164.47
149.477
135.966
124.009
113.405
104.001
95.576
87.9842
81.1247
74.9133
69.2885
64.2092
59.6385
55.5265
51.8098
48.4286
45.3222
42.4465
39.7623
37.2463
34.8764
32.6413
30.5299
28.5402
26.6715
24.928
23.3127
21.8245
20.4578
19.1995
18.0351
16.9491
15.9313
14.9702
14.0608
13.1969
12.3765
11.5968
10.8579
10.1604
9.50664
8.89766
8.3337
7.8126
7.32999
6.88058
6.45903
6.06132
5.68383
5.32452
4.98135
4.6534
4.33986
4.04112
3.75869
3.49745
3.19576
2.66363
2.24994
1.91991
1.65554
-3.0338
-3.23155
-3.23438
-3.44754
-3.45059
-3.67913
-3.68238
-3.92577
-3.92922
-4.18674
-4.19039
-4.46172
-4.46556
-4.75064
-4.75467
-5.05432
-5.05855
-5.37326
-5.37772
-5.70959
-5.71429
-6.06507
-6.07003
-6.44292
-6.44822
-6.84683
-6.85253
-7.28142
-7.28759
-7.75192
-7.75859
-8.26218
-8.26942
-8.81402
-8.82183
-9.40757
-9.41593
-10.0411
-10.05
-10.7129
-10.7223
-11.4223
-11.4322
-12.1692
-12.1796
-12.9558
-12.9668
-13.7838
-13.7954
-14.6592
-14.6714
-15.5866
-15.5996
-16.5754
-16.5893
-17.6359
-17.6508
-18.7811
-18.7974
-20.0256
-20.0433
-21.3794
-21.3986
-22.8492
-22.87
-24.4342
-24.4566
-26.1318
-26.1556
-27.9378
-27.9631
-29.8515
-29.8783
-31.875
-31.9034
-34.0171
-34.0471
-36.2846
-36.3165
-38.6978
-38.7317
-41.2756
-41.3118
-44.0505
-44.0897
-47.0587
-47.1014
-50.3468
-50.3938
-53.967
-54.0189
-57.9669
-58.024
-62.3761
-62.4391
-67.2265
-67.2957
-72.5313
-72.6069
-78.323
-78.4054
-84.6562
-84.7464
-91.604
-91.7032
-99.2621
-99.3719
-107.782
-107.905
-117.337
-117.475
-128.13
-128.286
-140.432
-140.611
-154.472
-154.673
-170.295
-170.521
-187.673
-187.914
-205.538
-205.776
-221.725
-221.921
-232.826
-232.917
-234.083
-234.008
-220.976
-220.673
-190.286
-189.743
-141.375
-140.638
-78.505
-77.572
-6.96667
-6.02595
64.4144
65.3637
127.937
128.715
176.847
177.392
208.236
208.542
222.316
222.403
222.217
222.137
212.424
212.256
197.453
197.232
180.951
180.726
164.577
164.363
149.574
149.38
136.052
135.88
124.087
123.932
113.472
113.337
104.062
103.941
95.6302
95.5217
88.0332
87.9353
81.1691
81.0803
74.9536
74.873
69.3249
69.2522
64.2419
64.1764
59.6679
59.609
55.553
55.5
51.8338
51.7857
48.4506
48.4065
45.3425
45.3019
42.4653
42.4277
39.7799
39.7447
37.2629
37.2297
34.892
34.8608
32.656
32.6265
30.5438
30.5159
28.5534
28.5271
26.6838
26.6592
24.9394
24.9166
23.3233
23.3021
21.8342
21.8148
20.4667
20.4489
19.2077
19.1913
18.0428
18.0275
16.9562
16.942
15.938
15.9246
14.9766
14.9639
14.0668
14.0548
13.2027
13.1912
12.382
12.3711
11.6019
11.5916
10.8628
10.853
10.165
10.1558
9.51093
9.50234
8.90166
8.89365
8.33739
8.33
7.81602
7.80919
7.33315
7.32682
6.88354
6.87762
6.46181
6.45625
6.06395
6.05868
5.68634
5.68133
5.32692
5.32214
4.98364
4.97907
4.65559
4.65122
4.34194
4.33778
4.04311
4.03914
3.76055
3.75683
3.49915
3.49576
3.20002
3.1915
2.66679
2.66047
2.25244
2.24745
1.92191
1.91792
1.65716
-3.04267
-3.22199
-3.24398
-3.43728
-3.4609
-3.66816
-3.69339
-3.91412
-3.94091
-4.17445
-4.20272
-4.44878
-4.47853
-4.73706
-4.7683
-5.04004
-5.07287
-5.35824
-5.39279
-5.69377
-5.73016
-6.04835
-6.08682
-6.42505
-6.46616
-6.82766
-6.87178
-7.26066
-7.30843
-7.72946
-7.78118
-8.23779
-8.29388
-8.78775
-8.84821
-9.37944
-9.44417
-10.0112
-10.0801
-10.6812
-10.754
-11.3889
-11.4657
-12.134
-12.2149
-12.9188
-13.0039
-13.7447
-13.8345
-14.6179
-14.7128
-15.5427
-15.6436
-16.5284
-16.6365
-17.5855
-17.7014
-18.7264
-18.8524
-19.9661
-20.1032
-21.3148
-21.4637
-22.7791
-22.9403
-24.359
-24.5321
-26.0514
-26.2363
-27.8525
-28.0487
-29.7612
-29.969
-31.7795
-31.9991
-33.9161
-34.1484
-36.1773
-36.4242
-38.5837
-38.8462
-41.1537
-41.4343
-43.9186
-44.2223
-46.915
-47.2458
-50.1888
-50.5525
-53.7924
-54.195
-57.7741
-58.2171
-62.1639
-62.6526
-66.9937
-67.53
-72.2771
-72.8625
-78.0456
-78.6844
-84.3528
-85.0517
-91.2699
-92.0382
-98.8923
-99.7437
-107.367
-108.325
-116.876
-117.94
-127.603
-128.817
-139.831
-141.216
-153.791
-155.357
-169.534
-171.287
-186.841
-188.716
-204.737
-206.552
-221.056
-222.581
-232.49
-233.201
-234.315
-233.74
-221.972
-219.631
-192.093
-187.841
-143.924
-138.107
-81.6312
-74.41
-10.2625
-2.80701
61.1903
68.5474
125.291
131.32
174.984
179.22
207.181
209.551
222
222.677
222.413
221.854
213.013
211.675
198.196
196.492
181.706
179.96
165.301
163.641
150.224
148.725
136.634
135.304
124.609
123.414
113.931
112.881
104.474
103.531
95.9975
95.1566
88.3644
87.606
81.4698
80.7815
75.2265
74.6019
69.5711
69.0075
64.4643
63.9561
59.8678
59.4105
55.7327
55.3206
51.9966
51.6238
48.5998
48.2581
45.4796
45.1653
42.5927
42.3009
39.8995
39.6259
37.3753
37.1178
34.9981
34.7553
32.756
32.5269
30.6382
30.4219
28.6421
28.4387
26.767
26.5763
25.0167
24.8397
23.3949
23.2308
21.8999
21.7493
20.527
20.3888
19.2633
19.1359
18.0946
17.976
17.0045
16.8939
15.9835
15.8792
15.0195
14.9211
14.1077
14.0141
13.2414
13.1526
12.4188
12.3344
11.6369
11.5568
10.8959
10.8201
10.1961
10.1249
9.53999
9.47341
8.92874
8.86679
8.36238
8.30511
7.8391
7.78619
7.35455
7.30552
6.90357
6.85766
6.48061
6.43751
6.08176
6.04093
5.70325
5.66447
5.34307
5.30602
4.99906
4.96369
4.67034
4.6365
4.35603
4.32373
4.0565
4.0258
3.77313
3.74431
3.5106
3.48437
3.22897
3.16297
2.68827
2.63933
2.2694
2.23069
1.9355
1.90452
1.66813
-3.06378
-3.09035
-3.11725
-3.14436
-3.17178
-3.19956
-3.26672
-3.2954
-3.32443
-3.35371
-3.38326
-3.41317
-3.48538
-3.51625
-3.54732
-3.57869
-3.61034
-3.64237
-3.71953
-3.75248
-3.78562
-3.81902
-3.8527
-3.88673
-3.96864
-4.00346
-4.03862
-4.07398
-4.10959
-4.14552
-4.23196
-4.26868
-4.30576
-4.34299
-4.38057
-4.41832
-4.5093
-4.54789
-4.58684
-4.62596
-4.66545
-4.7051
-4.80063
-4.8412
-4.88213
-4.92326
-4.96466
-5.00644
-5.10681
-5.1494
-5.19238
-5.23555
-5.27901
-5.3229
-5.42855
-5.47348
-5.51883
-5.56437
-5.61022
-5.65651
-5.76786
-5.81538
-5.86318
-5.91135
-5.95989
-6.00891
-6.12672
-6.17712
-6.22788
-6.27909
-6.33081
-6.38304
-6.50877
-6.5624
-6.61667
-6.67134
-6.72663
-6.7826
-6.9175
-6.97501
-7.03328
-7.09208
-7.15173
-7.21192
-7.35791
-7.42023
-7.48339
-7.54705
-7.61152
-7.67677
-7.83483
-7.90242
-7.97097
-8.0401
-8.10991
-8.18062
-8.35201
-8.42504
-8.49925
-8.57403
-8.64957
-8.72605
-8.91091
-8.98971
-9.06952
-9.14997
-9.23116
-9.31328
-9.51136
-9.59569
-9.68093
-9.76675
-9.85328
-9.94073
-10.1515
-10.2411
-10.3315
-10.4224
-10.5141
-10.6066
-10.8294
-10.9241
-11.0198
-11.1158
-11.2126
-11.3103
-11.5452
-11.6449
-11.7456
-11.8467
-11.9486
-12.0514
-12.2986
-12.4036
-12.5096
-12.6161
-12.7234
-12.8317
-13.0919
-13.2024
-13.3139
-13.426
-13.5388
-13.6529
-13.9275
-14.0447
-14.1624
-14.2809
-14.4003
-14.5208
-14.811
-14.9345
-15.0594
-15.1851
-15.3118
-15.4397
-15.748
-15.8796
-16.0128
-16.1467
-16.2816
-16.4181
-16.7484
-16.889
-17.0315
-17.1752
-17.3208
-17.4672
-17.8216
-17.9733
-18.1269
-18.282
-18.4388
-18.5979
-18.9831
-19.1478
-19.3148
-19.4832
-19.6536
-19.8264
-20.2456
-20.4245
-20.6063
-20.7896
-20.9749
-21.163
-21.6186
-21.8131
-22.0106
-22.2097
-22.4109
-22.6147
-23.1075
-23.3179
-23.531
-23.7457
-23.9626
-24.1821
-24.7117
-24.9376
-25.166
-25.3959
-25.6279
-25.8624
-26.4277
-26.6683
-26.9115
-27.1562
-27.4027
-27.6518
-28.2518
-28.5071
-28.7645
-29.0238
-29.2851
-29.5486
-30.1839
-30.4539
-30.726
-31.0003
-31.2766
-31.5549
-32.2267
-32.5124
-32.8004
-33.0908
-33.3834
-33.6781
-34.3889
-34.6912
-34.9959
-35.3029
-35.6126
-35.9249
-36.68
-37.0018
-37.3262
-37.6533
-37.9828
-38.3154
-39.1187
-39.4619
-39.8083
-40.1581
-40.5112
-40.867
-41.7264
-42.0948
-42.4673
-42.8441
-43.225
-43.6084
-44.5381
-44.9359
-45.3386
-45.7461
-46.1597
-46.5774
-47.5892
-48.0222
-48.4613
-48.9068
-49.3587
-49.8167
-50.9308
-51.4083
-51.892
-52.3825
-52.88
-53.3837
-54.6136
-55.1401
-55.6754
-56.217
-56.7654
-57.3217
-58.6779
-59.2596
-59.8498
-60.4478
-61.053
-61.6659
-63.1606
-63.8015
-64.4506
-65.1078
-65.7727
-66.4472
-68.087
-68.7883
-69.4974
-70.2161
-70.9435
-71.6801
-73.471
-74.2376
-75.0127
-75.7976
-76.5912
-77.3943
-79.3489
-80.1873
-81.0342
-81.892
-82.7607
-83.6402
-85.778
-86.695
-87.6243
-88.5662
-89.5194
-90.4839
-92.8359
-93.8445
-94.8685
-95.9065
-96.9571
-98.0239
-100.63
-101.75
-102.885
-104.037
-105.208
-106.399
-109.314
-110.567
-111.841
-113.134
-114.446
-115.787
-119.053
-120.467
-121.907
-123.371
-124.856
-126.37
-130.085
-131.694
-133.335
-134.997
-136.69
-138.42
-142.662
-144.498
-146.368
-148.279
-150.221
-152.19
-156.992
-159.082
-161.202
-163.35
-165.527
-167.744
-173.115
-175.429
-177.779
-180.15
-182.525
-184.904
-190.67
-193.089
-195.519
-197.972
-200.406
-202.818
-208.355
-210.623
-212.888
-215.117
-217.312
-219.429
-224.044
-225.776
-227.429
-228.971
-230.398
-231.629
-233.86
-234.522
-234.911
-235.083
-235.075
-234.753
-232.986
-231.821
-230.374
-228.6
-226.53
-224.173
-217.023
-213.525
-209.715
-205.514
-200.988
-196.178
-183.217
-177.193
-170.887
-164.295
-157.307
-149.951
-131.751
-123.613
-115.278
-106.711
-97.8972
-88.9143
-66.8557
-57.273
-47.5181
-37.6501
-27.8329
-18.0701
5.05001
14.7724
24.5078
34.2566
44.0182
53.5468
75.9498
84.9484
93.7052
102.273
110.706
118.912
137.288
144.397
151.3
158.023
164.428
170.437
183.407
188.312
192.861
197.105
201.007
204.564
211.798
214.295
216.454
218.292
219.798
221.115
223.197
223.589
223.713
223.634
223.39
222.945
221.119
220.032
218.781
217.364
215.863
214.344
210.203
208.326
206.349
204.263
202.111
199.944
194.761
192.54
190.277
187.989
185.706
183.492
178.158
175.901
173.65
171.419
169.219
167.036
161.945
159.845
157.782
155.743
153.731
151.768
147.187
145.287
143.424
141.597
139.791
138.028
133.94
132.255
130.613
128.994
127.4
125.841
122.207
120.724
119.264
117.827
116.414
115.026
111.813
110.501
109.211
107.941
106.688
105.45
102.573
101.396
100.237
99.0963
97.9745
96.8727
94.3001
93.2393
92.194
91.1632
90.1517
89.154
86.8306
85.876
84.9338
84.0048
83.0895
82.1862
80.0805
79.2163
78.3639
77.5226
76.6936
75.8754
73.966
73.1837
72.4118
71.6496
70.8983
70.1576
68.4335
67.7264
67.0291
66.3412
65.6626
64.9933
63.4393
62.8024
62.1746
61.556
60.9458
60.3447
58.9441
58.3712
57.8066
57.25
56.7017
56.1608
54.8997
54.3825
53.8729
53.3706
52.8751
52.3847
51.244
50.7743
50.311
49.8534
49.4011
48.9542
47.9092
47.4797
47.0551
46.6342
46.218
45.8062
44.8441
44.4467
44.0532
43.6635
43.2777
42.8958
42.0016
41.6317
41.2651
40.9015
40.5411
40.1835
39.3461
38.9993
38.6556
38.3148
37.9772
37.6422
36.8544
36.5283
36.205
35.8841
35.5656
35.2495
34.5071
34.1995
33.8943
33.5916
33.2913
32.9932
32.2924
32.0016
31.7134
31.4273
31.1436
30.8622
30.2007
29.927
29.6551
29.3854
29.1181
28.853
28.2306
27.973
27.7176
27.4646
27.2137
26.9649
26.3815
26.1403
25.902
25.666
25.4317
25.2004
24.659
24.435
24.2141
23.9953
23.7783
23.5643
23.064
22.8575
22.6539
22.4525
22.2529
22.0559
21.5958
21.406
21.219
21.0342
20.851
20.6704
20.2479
20.0732
19.9012
19.7312
19.5625
19.3957
19.006
18.8447
18.6855
18.5282
18.3718
18.2174
17.8548
17.7047
17.5564
17.4096
17.2637
17.1193
16.7808
16.6409
16.5018
16.364
16.227
16.0915
15.7726
15.6402
15.509
15.379
15.2497
15.1215
14.8204
14.6952
14.5713
14.4483
14.3259
14.2045
13.9184
13.7995
13.6819
13.565
13.4489
13.3333
13.0618
12.949
12.8372
12.7262
12.6156
12.506
12.2481
12.1407
12.0344
11.9289
11.8238
11.7197
11.4749
11.3732
11.2724
11.1724
11.0728
10.9743
10.7426
10.6464
10.5512
10.4568
10.3629
10.27
10.052
9.96167
9.87233
9.78383
9.6959
9.60901
9.40542
9.32111
9.23785
9.15541
9.07356
8.99286
8.80372
8.72558
8.64844
8.57213
8.49641
8.42165
8.24677
8.17457
8.10333
8.03286
7.96294
7.89391
7.73214
7.66535
7.59944
7.53424
7.46944
7.40539
7.25545
7.19331
7.132
7.07123
7.01083
6.95111
6.81081
6.75288
6.69528
6.63823
6.58139
6.52524
6.39344
6.3387
6.2845
6.23068
6.17709
6.12403
5.99914
5.94718
5.89572
5.84466
5.79396
5.74339
5.62477
5.57538
5.52642
5.47779
5.42949
5.38139
5.26809
5.22092
5.17419
5.12775
5.08148
5.03564
4.92747
4.88243
4.83778
4.7934
4.74919
4.70532
4.60183
4.55876
4.51606
4.47362
4.43133
4.38943
4.29071
4.24975
4.20891
4.16844
4.12816
4.08829
3.99442
3.95554
3.91688
3.87865
3.84066
3.80303
3.71489
3.67856
3.64282
3.60746
3.57236
3.53789
3.45766
3.42501
3.39289
3.36175
3.33146
3.30007
3.09804
3.02028
2.94617
2.87551
2.80667
2.73997
2.59026
2.53054
2.47287
2.41696
2.36264
2.31017
2.19173
2.14423
2.09822
2.05357
2.01019
1.96821
1.87346
1.8358
1.79896
1.76319
1.72832
1.69452
