-1.72863
-1.90167
-2.0864
-2.28448
-2.49863
-2.73283
-2.99215
-3.28139
-3.60276
-3.95559
-4.33846
-4.75052
-5.19337
-5.66995
-6.18661
-6.753
-7.38099
-8.08429
-8.87201
-9.7451
-10.6995
-11.7325
-12.8464
-14.0475
-15.3501
-16.7766
-18.3589
-20.1341
-22.136
-24.3756
-26.8491
-29.5493
-32.4802
-35.6634
-39.1396
-42.9757
-47.2733
-52.161
-57.7809
-64.2553
-71.6517
-80.0655
-89.6544
-100.689
-113.61
-128.965
-147.487
-169.657
-194.669
-218.954
-233.801
-225.444
-183.525
-106.23
-6.606
93.1498
170.64
213.388
222.578
209.823
187.345
163.743
142.671
124.712
109.658
96.9324
86.0221
76.592
68.4292
61.386
55.3322
50.0946
45.495
41.3846
37.6588
34.2477
31.1136
28.2354
25.6132
23.2522
21.1529
19.2903
17.625
16.1156
14.731
13.4511
12.2625
11.1606
10.1449
9.2191
8.38578
7.64088
6.97162
6.36311
5.80273
5.28173
4.79456
4.3389
3.91497
3.53088
3.00222
2.33369
1.85722
1.50853
1.24667
1.04461
0.882397
0.750859
0.635916
0.539492
-1.72942
-1.90083
-1.90252
-2.0855
-2.08731
-2.28351
-2.28545
-2.49757
-2.49968
-2.73167
-2.73399
-2.99086
-2.99344
-3.27995
-3.28284
-3.60117
-3.60435
-3.95386
-3.95733
-4.33658
-4.34033
-4.7485
-4.75253
-5.1912
-5.19553
-5.66761
-5.67229
-6.18406
-6.18915
-6.75019
-6.75581
-7.37785
-7.38412
-8.08078
-8.0878
-8.86809
-8.87593
-9.74077
-9.74942
-10.6948
-10.7042
-11.7275
-11.7376
-12.8409
-12.8518
-14.0416
-14.0534
-15.3437
-15.3565
-16.7695
-16.7837
-18.351
-18.3668
-20.1252
-20.1431
-22.126
-22.146
-24.3645
-24.3868
-26.8369
-26.8613
-29.536
-29.5626
-32.4658
-32.4946
-35.6478
-35.6791
-39.1224
-39.1568
-42.9567
-42.9948
-47.2518
-47.2948
-52.1363
-52.1856
-57.7525
-57.8093
-64.2227
-64.288
-71.6145
-71.6889
-80.0232
-80.1078
-89.6061
-89.7028
-100.633
-100.745
-113.544
-113.676
-128.885
-129.044
-147.392
-147.583
-169.544
-169.77
-194.547
-194.792
-218.853
-219.054
-233.781
-233.821
-225.554
-225.332
-183.815
-183.234
-106.659
-105.8
-7.09156
-6.12032
92.7192
93.5798
170.358
170.921
213.27
213.505
222.593
222.562
209.914
209.732
187.455
187.236
163.85
163.635
142.763
142.579
124.79
124.634
109.723
109.593
96.9879
96.8769
86.0699
85.9744
76.6334
76.5508
68.465
68.3934
61.4168
61.3553
55.3587
55.3058
50.1177
50.0716
45.5155
45.4746
41.403
41.3662
37.6755
37.642
34.2631
34.2323
31.1277
31.0994
28.2484
28.2224
25.625
25.6015
23.2627
23.2417
21.1622
21.1435
19.2986
19.282
17.6324
17.6175
16.1224
16.1087
14.7373
14.7248
13.457
13.4453
12.2679
12.2571
11.1656
11.1556
10.1495
10.1403
9.22325
9.21495
8.3895
8.38206
7.64421
7.63755
6.97462
6.96862
6.36585
6.36036
5.80528
5.80019
5.28411
5.27936
4.79678
4.79234
4.34098
4.33682
3.91688
3.91305
3.53257
3.52919
3.00604
2.9984
2.33634
2.33106
1.85912
1.85533
1.50996
1.50711
1.24774
1.24559
1.04546
1.04376
0.883053
0.881741
0.751443
0.750275
0.636415
0.635418
0.539903
-1.73554
-1.89431
-1.90906
-2.07853
-2.09431
-2.27602
-2.29297
-2.48942
-2.50786
-2.7227
-2.743
-2.98089
-3.00347
-3.26882
-3.29403
-3.58888
-3.6167
-3.94043
-3.97081
-4.32209
-4.35488
-4.73289
-4.76819
-5.17445
-5.21234
-5.64954
-5.69044
-6.16439
-6.20893
-6.72847
-6.77765
-7.35361
-7.40849
-8.05364
-8.11508
-8.83776
-8.90639
-9.70736
-9.78298
-10.6586
-10.7406
-11.6883
-11.7769
-12.7987
-12.8942
-13.9961
-14.0991
-15.294
-15.4064
-16.7149
-16.8385
-18.29
-18.4281
-20.0564
-20.2123
-22.0487
-22.2237
-24.2786
-24.4731
-26.7426
-26.9561
-29.4334
-29.6655
-32.3544
-32.6063
-35.5266
-35.8008
-38.9895
-39.2902
-42.8088
-43.143
-47.0854
-47.462
-51.9459
-52.3773
-57.533
-58.0301
-63.9702
-64.5417
-71.3272
-71.978
-79.6962
-80.4367
-89.2325
-90.0785
-100.201
-101.181
-113.033
-114.19
-128.272
-129.663
-146.654
-148.324
-168.672
-170.644
-193.601
-195.739
-218.068
-219.828
-233.551
-233.958
-226.389
-224.387
-186.043
-180.952
-109.966
-102.451
-10.8502
-2.3999
89.3631
96.893
168.081
173.111
212.321
214.38
222.696
222.423
210.612
209.017
188.32
186.384
164.68
162.807
143.479
141.866
125.394
124.036
110.229
109.093
97.4188
96.4486
86.4413
85.6054
76.9546
76.2318
68.7432
68.1169
61.6558
61.1178
55.5647
55.1011
50.2969
49.8934
45.6742
45.3167
41.5459
41.2238
37.8056
37.5122
34.3827
34.1131
31.2378
30.9898
28.3491
28.1221
25.7162
25.5107
23.3443
23.1606
21.2346
21.0715
19.363
19.2179
17.6904
17.5599
16.1753
16.056
14.786
14.6763
13.5022
13.4003
12.3098
12.2153
11.2044
11.117
10.1851
10.1049
9.2555
9.18285
8.41842
8.35334
7.67007
7.61184
6.99794
6.9454
6.38718
6.33911
5.82504
5.78051
5.30254
5.26098
4.81403
4.77514
4.35711
4.32075
3.93175
3.89824
3.54572
3.51614
3.03599
2.96914
2.35684
2.31075
1.87392
1.84071
1.52105
1.49615
1.25612
1.23733
1.05209
1.03721
0.888148
0.876672
0.755984
0.745709
0.640291
0.631573
0.543108
-1.75306
-1.77713
-1.80147
-1.82604
-1.8508
-1.87584
-1.92775
-1.95349
-1.97942
-2.00564
-2.03205
-2.05878
-2.11433
-2.14182
-2.16964
-2.19775
-2.2261
-2.25481
-2.3145
-2.34416
-2.37421
-2.4046
-2.43525
-2.46637
-2.53129
-2.56358
-2.59637
-2.62958
-2.66323
-2.69735
-2.76882
-2.80445
-2.84068
-2.87745
-2.91479
-2.95275
-3.0322
-3.07197
-3.1124
-3.15346
-3.19506
-3.23739
-3.3261
-3.37034
-3.41529
-3.46093
-3.50715
-3.55408
-3.65208
-3.70092
-3.75029
-3.80045
-3.85113
-3.90245
-4.00937
-4.06245
-4.11621
-4.1706
-4.22547
-4.28105
-4.39649
-4.45367
-4.51158
-4.57007
-4.62907
-4.68878
-4.81288
-4.87436
-4.93658
-4.99946
-5.06289
-5.12704
-5.26038
-5.32647
-5.39343
-5.46104
-5.52941
-5.59842
-5.74242
-5.81392
-5.88634
-5.95966
-6.03382
-6.10881
-6.2656
-6.3438
-6.4229
-6.50319
-6.5845
-6.66712
-6.84019
-6.92657
-7.01399
-7.10305
-7.19335
-7.28526
-7.47829
-7.57465
-7.67273
-7.77251
-7.87387
-7.97702
-8.19335
-8.30142
-8.41159
-8.52345
-8.63679
-8.75211
-8.99365
-9.11404
-9.23629
-9.36019
-9.48555
-9.61292
-9.87875
-10.0107
-10.1446
-10.2802
-10.4172
-10.5559
-10.8447
-10.9879
-11.133
-11.2797
-11.4277
-11.5776
-11.8892
-12.0437
-12.2003
-12.3582
-12.5178
-12.6793
-13.0153
-13.1818
-13.3504
-13.5207
-13.6928
-13.8671
-14.23
-14.4101
-14.5927
-14.7775
-14.9642
-15.1535
-15.5491
-15.7458
-15.9454
-16.1477
-16.3525
-16.5605
-16.9959
-17.2132
-17.4342
-17.6585
-17.8862
-18.118
-18.6039
-18.8472
-19.0945
-19.3469
-19.6026
-19.863
-20.4108
-20.6852
-20.9644
-21.2484
-21.5366
-21.8305
-22.4464
-22.7543
-23.0677
-23.3859
-23.7083
-24.0357
-24.7205
-25.062
-25.409
-25.7601
-26.1153
-26.4756
-27.2273
-27.6011
-27.9802
-28.3636
-28.7512
-29.1433
-29.9602
-30.3664
-30.7774
-31.1931
-31.6137
-32.0396
-32.9261
-33.3672
-33.8134
-34.265
-34.722
-35.1845
-36.1492
-36.6294
-37.1158
-37.6084
-38.1075
-38.614
-39.6723
-40.2005
-40.7369
-41.2796
-41.8308
-42.3921
-43.5681
-44.1563
-44.7551
-45.364
-45.9841
-46.6158
-47.9414
-48.6081
-49.2876
-49.9799
-50.6871
-51.4086
-52.9275
-53.6927
-54.4743
-55.2719
-56.0853
-56.9147
-58.6665
-59.5492
-60.4491
-61.3662
-62.3034
-63.259
-65.2701
-66.2814
-67.3106
-68.3591
-69.429
-70.5175
-72.8079
-73.9583
-75.1298
-76.3232
-77.5373
-78.7748
-81.3824
-82.6923
-84.0263
-85.3839
-86.768
-88.1801
-91.1619
-92.6649
-94.1946
-95.7587
-97.3549
-98.984
-102.433
-104.175
-105.967
-107.8
-109.687
-111.6
-115.672
-117.737
-119.861
-122.041
-124.273
-126.552
-131.443
-133.919
-136.47
-139.095
-141.796
-144.571
-150.476
-153.481
-156.553
-159.67
-162.894
-166.201
-173.145
-176.658
-180.204
-183.774
-187.358
-190.919
-198.45
-202.094
-205.634
-209.04
-212.453
-215.762
-221.968
-224.688
-227.125
-229.325
-231.195
-232.711
-234.101
-234.095
-233.625
-232.589
-230.902
-228.531
-221.46
-216.974
-211.878
-205.954
-199.319
-192.031
-174.228
-164.486
-154.055
-142.884
-131.372
-119.193
-92.7449
-79.0788
-65.014
-50.557
-35.9091
-21.4207
8.257
22.8895
37.3967
51.7991
65.9435
79.6299
106.13
118.352
129.95
141.118
151.516
161.302
179.11
186.594
193.515
199.465
204.681
209.247
216.54
218.885
220.756
222.028
222.705
222.867
221.914
220.79
219.157
217.113
214.856
212.491
206.909
203.885
200.728
197.499
194.194
190.81
183.889
180.466
177.085
173.682
170.352
167.063
160.484
157.368
154.296
151.343
148.398
145.53
139.854
137.169
134.56
132.023
129.545
127.13
122.358
120.121
117.936
115.806
113.721
111.687
107.687
105.794
103.95
102.145
100.382
98.6557
95.2443
93.6342
92.0558
90.506
88.9914
87.5092
84.5668
83.174
81.8097
80.4733
79.1638
77.8778
75.3344
74.1245
72.9425
71.7852
70.6528
69.5423
67.3394
66.2972
65.2755
64.2747
63.2979
62.3424
60.4495
59.5516
58.676
57.8183
56.9779
56.1564
54.5255
53.7531
52.9966
52.2543
51.5258
50.8112
49.3912
48.7164
48.053
47.4012
46.7606
46.1298
44.8704
44.2692
43.6774
43.0953
42.5211
41.9552
40.8217
40.2793
39.7434
39.2148
38.6931
38.1782
37.1451
36.6496
36.1602
35.6762
35.1979
34.7248
33.7759
33.3205
32.8705
32.4259
31.9864
31.5525
30.6797
30.2609
29.8472
29.439
29.0358
28.6376
27.8386
27.4559
27.0786
26.7065
26.3394
25.978
25.2538
24.9078
24.568
24.233
23.903
23.5786
22.9315
22.6234
22.3208
22.0226
21.7296
21.4424
20.8683
20.5952
20.3271
20.0632
19.8033
19.5478
19.0371
18.7936
18.5544
18.3183
18.0861
17.8563
17.3968
17.1766
16.9598
16.746
16.5347
16.3263
15.9073
15.7062
15.5078
15.3113
15.1171
14.9253
14.539
14.3535
14.1703
13.9885
13.8089
13.6315
13.2729
13.1005
12.9303
12.7615
12.5946
12.4297
12.0971
11.9374
11.7795
11.623
11.4682
11.3155
11.0076
10.8598
10.7141
10.5699
10.4274
10.287
10.0047
9.86953
9.73647
9.60493
9.47527
9.34787
9.09216
8.97005
8.85024
8.73207
8.61568
8.5013
8.27233
8.16322
8.05594
7.95029
7.84634
7.74409
7.53927
7.44151
7.34528
7.25043
7.15683
7.06474
6.87971
6.79116
6.70388
6.61759
6.5325
6.44827
6.27896
6.19765
6.11736
6.03786
5.95935
5.88153
5.72471
5.64927
5.57475
5.50082
5.42765
5.35523
5.20896
5.13864
5.06888
4.99966
4.93112
4.86335
4.72645
4.66052
4.5953
4.53063
4.46655
4.40321
4.27526
4.2137
4.15287
4.09263
4.03308
3.97435
3.85634
3.80003
3.74461
3.68991
3.63618
3.58358
3.4794
3.43016
3.38234
3.33578
3.25149
3.12413
2.88881
2.78459
2.68577
2.59173
2.50197
2.41672
2.25455
2.18085
2.11038
2.04278
1.97833
1.91701
1.7999
1.74615
1.69456
1.64521
1.59811
1.55333
1.46558
1.42553
1.38729
1.35031
1.31467
1.28042
1.21432
1.18396
1.15452
1.12589
1.09812
1.07126
1.01887
0.994578
0.970892
0.94767
0.925184
0.903467
0.862357
0.843077
0.82413
0.805452
0.787106
0.769031
0.732902
0.715861
0.699219
0.682918
0.666988
0.651455
0.620766
0.606359
0.592298
0.578607
0.565288
0.552359
