-2.16823
-2.45747
-2.78392
-3.16162
-3.60101
-4.10178
-4.65969
-5.27605
-5.96026
-6.73124
-7.62177
-8.66733
-9.88018
-11.25
-12.773
-14.4645
-16.3646
-18.5474
-21.1175
-24.1456
-27.6292
-31.5508
-35.944
-40.9156
-46.6661
-53.5294
-61.8902
-72.0052
-84.0952
-98.6602
-116.689
-139.72
-169.563
-204.945
-232.654
-221.274
-141.559
-6.49641
128.909
208.845
221.992
196.682
163.668
135.197
112.696
94.9276
80.5281
68.7459
59.154
51.3794
44.9286
39.3935
34.5259
30.1967
26.3597
23.0297
20.2057
17.8073
15.7207
13.8629
12.1899
10.6832
9.34702
8.19133
7.20308
6.34322
5.57575
4.87939
4.2438
3.67071
2.99814
2.12708
1.57405
1.2064
0.946869
-2.16916
-2.45643
-2.4585
-2.78274
-2.78511
-3.16024
-3.163
-3.59942
-3.6026
-4.09999
-4.10357
-4.65771
-4.66168
-5.27386
-5.27824
-5.95781
-5.96271
-6.72845
-6.73404
-7.61852
-7.62503
-8.6635
-8.67115
-9.8758
-9.88455
-11.2451
-11.2549
-12.7675
-12.7784
-14.4585
-14.4706
-16.3577
-16.3714
-18.5395
-18.5554
-21.1081
-21.127
-24.1346
-24.1567
-27.6167
-27.6417
-31.5368
-31.5649
-35.9283
-35.9598
-40.8977
-40.9336
-46.645
-46.6872
-53.5038
-53.555
-61.859
-61.9214
-71.9678
-72.0426
-84.0506
-84.14
-98.6057
-98.7148
-116.622
-116.757
-139.631
-139.808
-169.451
-169.675
-204.826
-205.063
-232.604
-232.704
-221.423
-221.125
-141.926
-141.191
-6.96667
-6.02595
128.521
129.296
208.694
208.995
222.034
221.95
196.791
196.573
163.775
163.561
135.282
135.112
112.763
112.629
94.9814
94.8738
80.5721
80.4841
68.7819
68.7099
59.1832
59.1248
51.4032
51.3556
44.9487
44.9085
39.411
39.376
34.5414
34.5104
30.2105
30.1829
26.3718
26.3475
23.0401
23.0193
20.2145
20.1969
17.8148
17.7997
15.7274
15.7141
13.8688
13.8569
12.1952
12.1845
10.688
10.6784
9.35124
9.3428
8.19494
8.18772
7.20618
7.19998
6.34595
6.34048
5.57822
5.57328
4.88164
4.87714
4.24585
4.24175
3.67252
3.66891
3.0019
2.99439
2.1294
2.12476
1.57557
1.57254
1.20741
1.20538
0.947627
-2.17753
-2.44714
-2.46783
-2.77213
-2.79577
-3.14786
-3.17545
-3.58511
-3.61698
-4.08388
-4.11974
-4.63989
-4.67957
-5.25419
-5.298
-5.93582
-5.9848
-6.70333
-6.75925
-7.58925
-7.65444
-8.62919
-8.70566
-9.83648
-9.92402
-11.2011
-11.299
-12.7188
-12.8273
-14.4042
-14.5251
-16.2963
-16.4333
-18.4678
-18.6276
-21.0233
-21.2123
-24.0355
-24.2562
-27.5042
-27.7548
-31.4108
-31.6913
-35.7867
-36.102
-40.7364
-41.0952
-46.4557
-46.8778
-53.2746
-53.786
-61.5794
-62.2031
-71.6321
-72.3805
-83.6495
-84.5437
-98.1165
-99.2072
-116.006
-117.372
-138.835
-140.611
-168.44
-170.691
-203.752
-206.13
-232.138
-233.108
-222.722
-219.748
-145.334
-137.812
-11.382
-1.69713
124.996
132.753
207.3
210.312
222.362
221.555
197.783
195.602
164.738
162.604
136.052
134.343
113.371
112.027
95.4675
94.3914
80.9695
80.0897
69.107
68.3874
59.4473
58.8633
51.6178
51.1424
45.13
44.7281
39.5688
39.2188
34.6813
34.371
30.3351
30.059
26.4816
26.2386
23.1339
22.9261
20.2937
20.1181
17.8828
17.732
15.7873
15.6544
13.9226
13.8034
12.2438
12.1362
10.7315
10.6351
9.3893
9.30494
8.22751
8.15534
7.23419
7.17212
6.37061
6.31592
5.60047
5.55111
4.90193
4.85693
4.26434
4.22331
3.68879
3.65275
3.03617
2.96098
2.15046
2.10404
1.58915
1.55899
1.21661
1.19628
0.954485
-2.20546
-2.24637
-2.28786
-2.33009
-2.37293
-2.41651
-2.49901
-2.54488
-2.59156
-2.63916
-2.68769
-2.73723
-2.83158
-2.88428
-2.93811
-2.99327
-3.0496
-3.10724
-3.21718
-3.27867
-3.34146
-3.40572
-3.47123
-3.53809
-3.66508
-3.73568
-3.80757
-3.88082
-3.95523
-4.03084
-4.17372
-4.25278
-4.33305
-4.41461
-4.49733
-4.58116
-4.73927
-4.82669
-4.91538
-5.0055
-5.09679
-5.18935
-5.36402
-5.4608
-5.55909
-5.65895
-5.76028
-5.86342
-6.0585
-6.1666
-6.27703
-6.38974
-6.50422
-6.62104
-6.84356
-6.96747
-7.09416
-7.22425
-7.35728
-7.49326
-7.75309
-7.89867
-8.04779
-8.20043
-8.35677
-8.51647
-8.82124
-8.9913
-9.16501
-9.34246
-9.52319
-9.70715
-10.056
-10.2496
-10.4463
-10.6465
-10.8498
-11.0564
-11.4464
-11.662
-11.8809
-12.1034
-12.3291
-12.5582
-12.9907
-13.2297
-13.4724
-13.7193
-13.9703
-14.2254
-14.7073
-14.9745
-15.2467
-15.524
-15.8061
-16.0942
-16.6407
-16.9453
-17.2567
-17.5751
-17.9
-18.2327
-18.8695
-19.2263
-19.5918
-19.967
-20.3513
-20.7452
-21.4986
-21.9207
-22.353
-22.7957
-23.2479
-23.7099
-24.5894
-25.0793
-25.5788
-26.0883
-26.6064
-27.134
-28.1323
-28.6862
-29.2494
-29.8225
-30.4046
-30.9962
-32.1143
-32.7345
-33.3655
-34.0072
-34.6588
-35.3216
-36.5776
-37.2766
-37.9876
-38.7119
-39.451
-40.2059
-41.6369
-42.4383
-43.2595
-44.0963
-44.9535
-45.8331
-47.5164
-48.4604
-49.4339
-50.4368
-51.4656
-52.5246
-54.5643
-55.7149
-56.8984
-58.1193
-59.3739
-60.6659
-63.1486
-64.5477
-65.9846
-67.4634
-68.9787
-70.5329
-73.5141
-75.1877
-76.9041
-78.6672
-80.4787
-82.3358
-85.8982
-87.9049
-89.9678
-92.0921
-94.2732
-96.5224
-100.86
-103.315
-105.851
-108.486
-111.196
-114.002
-119.45
-122.563
-125.787
-129.14
-132.628
-136.244
-143.315
-147.365
-151.581
-155.925
-160.448
-165.119
-174.112
-179.202
-184.351
-189.583
-194.84
-200.138
-209.497
-214.398
-219.103
-223.383
-227.102
-230.349
-234.269
-235.033
-234.788
-233.283
-230.577
-226.443
-214.735
-206.272
-196.209
-184.503
-171.224
-156.479
-125.797
-107.564
-88.2904
-68.2248
-47.2915
-25.9701
12.9205
34.032
54.9081
75.3189
94.5555
112.913
143.596
158.366
171.703
183.439
193.621
202.258
214.203
218.502
221.473
223.24
223.706
223.239
219.991
217.066
213.743
209.91
205.684
201.048
192.29
187.348
182.5
177.638
172.753
167.979
159.458
155.027
150.761
146.6
142.554
138.658
131.823
128.307
124.927
121.636
118.471
115.414
110.064
107.308
104.63
102.032
99.5213
97.0992
92.8063
90.5754
88.4178
86.3198
84.2814
82.3047
78.7993
76.9789
75.2097
73.4883
71.8193
70.1992
67.3328
65.8449
64.4006
63.0026
61.6474
60.3335
58.0099
56.8078
55.6417
54.5062
53.4072
52.3388
50.443
49.4547
48.4911
47.5503
46.6334
45.7369
44.1359
43.2945
42.4717
41.6648
40.8736
40.0965
38.7021
37.9667
37.2436
36.533
35.8353
35.1489
33.9127
33.2593
32.6167
31.984
31.3625
30.7514
29.6511
29.0697
28.4987
27.9381
27.3883
26.8485
25.8806
25.3722
24.875
24.3882
23.9129
23.4489
22.6203
22.1874
21.7648
21.3522
20.9508
20.5593
19.8601
19.4944
19.1368
18.7869
18.4453
18.1107
17.5098
17.1939
16.8839
16.5798
16.2811
15.9875
15.4579
15.1781
14.9027
14.6315
14.3651
14.1022
13.6271
13.3755
13.1275
12.8832
12.6427
12.4057
11.977
11.75
11.5264
11.3063
11.0897
10.8768
10.4928
10.29
10.091
9.8956
9.70424
9.51674
9.1806
9.00415
8.83153
8.66272
8.49792
8.33684
8.04908
7.8984
7.75089
7.60669
7.46588
7.32793
7.08067
6.95052
6.82265
6.69729
6.57402
6.45306
6.23499
6.11952
6.0058
5.89366
5.78343
5.67471
5.47803
5.37368
5.27058
5.16881
5.06855
4.96961
4.79029
4.69499
4.60086
4.50793
4.41635
4.32602
4.16257
4.07591
3.9906
3.90667
3.82436
3.74357
3.59967
3.52468
3.45193
3.38207
3.31599
3.155
2.85499
2.70999
2.57527
2.44934
2.33185
2.22232
2.03733
1.94618
1.86113
1.78122
1.70595
1.63531
1.51538
1.45552
1.39934
1.34611
1.29568
1.24799
1.16667
1.12536
1.08583
1.04804
1.01208
0.97755
