-2.1484
-2.38835
-2.653
-2.94996
-3.28717
-3.66856
-4.093
-4.55827
-5.0648
-5.61646
-6.2224
-6.89804
-7.66304
-8.53825
-9.53143
-10.6387
-11.8545
-13.1827
-14.6357
-16.2424
-18.0468
-20.1074
-22.479
-25.1785
-28.1968
-31.5275
-35.1967
-39.2601
-43.8253
-49.0613
-55.1907
-62.4255
-70.9125
-80.7893
-92.3193
-105.97
-122.552
-143.066
-168.531
-197.982
-224.959
-233.342
-202.291
-121.743
-6.606
108.682
189.627
221.7
215.1
190.382
162.674
138.398
118.437
102.148
88.6498
77.2986
67.7184
59.666
52.921
47.1879
42.2025
37.7762
33.788
30.1763
26.9167
24.0137
21.4727
19.2654
17.3292
15.5996
14.0309
12.5955
11.2811
10.0855
9.01402
8.06997
7.24118
6.50469
5.83846
5.22732
4.66248
4.14071
3.66667
3.16638
2.34424
1.79589
1.41381
1.13915
0.930459
0.76915
-2.14932
-2.38734
-2.38936
-2.65188
-2.65413
-2.94869
-2.95123
-3.28572
-3.28861
-3.66694
-3.67018
-4.09121
-4.09478
-4.55632
-4.56021
-5.06268
-5.06692
-5.61414
-5.61877
-6.21983
-6.22496
-6.89517
-6.90092
-7.65977
-7.66633
-8.5345
-8.542
-9.52721
-9.53565
-10.6341
-10.6434
-11.8494
-11.8596
-13.1771
-13.1882
-14.6296
-14.6419
-16.2356
-16.2492
-18.0391
-18.0545
-20.0985
-20.1163
-22.4688
-22.4891
-25.167
-25.19
-28.1841
-28.2096
-31.5135
-31.5415
-35.1812
-35.2121
-39.2428
-39.2773
-43.8057
-43.8448
-49.0387
-49.084
-55.1639
-55.2174
-62.3939
-62.457
-70.8758
-70.9492
-80.7464
-80.8322
-92.2692
-92.3695
-105.91
-106.03
-122.478
-122.626
-142.974
-143.158
-168.419
-168.644
-197.858
-198.106
-224.872
-225.045
-233.373
-233.311
-202.513
-202.069
-122.152
-121.334
-7.09156
-6.12032
108.272
109.091
189.393
189.861
221.663
221.736
215.177
215.022
190.495
190.269
162.781
162.568
138.487
138.309
118.509
118.365
102.207
102.089
88.6994
88.6002
77.3404
77.2568
67.7537
67.6832
59.6956
59.6365
52.9458
52.8961
47.2093
47.1666
42.2213
42.1837
37.793
37.7594
33.8032
33.7727
30.1901
30.1625
26.9291
26.9043
24.0246
24.0028
21.4822
21.4632
19.2737
19.2571
17.3365
17.3219
15.6062
15.593
14.0369
14.0249
12.601
12.5899
11.2862
11.2761
10.0901
10.081
9.01806
9.00998
8.07352
8.06641
7.24431
7.23804
6.50749
6.50188
5.84102
5.8359
5.22967
5.22496
4.66466
4.6603
4.14272
4.1387
3.66846
3.66489
3.17057
3.1622
2.34689
2.34161
1.79771
1.79407
1.41509
1.41253
1.1401
1.1382
0.9312
0.929718
0.769746
-2.15694
-2.37903
-2.3977
-2.64263
-2.6634
-2.93822
-2.96171
-3.27384
-3.30055
-3.65361
-3.68357
-4.0765
-4.10956
-4.54026
-4.57632
-5.0452
-5.08445
-5.59507
-5.63792
-6.1987
-6.24615
-6.8715
-6.92469
-7.63278
-7.69347
-8.50363
-8.57302
-9.49249
-9.57059
-10.5956
-10.682
-11.8073
-11.9017
-13.1312
-13.2343
-14.5793
-14.6925
-16.1795
-16.3055
-17.9755
-18.1183
-20.0255
-20.1899
-22.3851
-22.5732
-25.0723
-25.2851
-28.0791
-28.315
-31.3981
-31.6578
-35.0539
-35.3399
-39.1009
-39.4198
-43.645
-44.0064
-48.8523
-49.2714
-54.9443
-55.4386
-62.1345
-62.7181
-70.5737
-71.2532
-80.3942
-81.1868
-91.8564
-92.7843
-105.414
-106.53
-121.873
-123.236
-142.217
-143.922
-167.493
-169.572
-196.842
-199.12
-224.151
-225.746
-233.605
-233.026
-204.316
-200.209
-125.504
-117.936
-11.0925
-2.16092
104.872
112.472
187.499
191.767
221.313
222.005
215.809
214.373
191.428
189.339
163.662
161.694
139.226
137.577
119.107
117.772
102.697
101.602
89.1099
88.1928
77.6866
76.9131
68.0458
67.3933
59.9408
59.3939
53.1516
52.6917
47.386
46.9909
42.3768
42.0292
37.9319
37.621
33.9292
33.6473
30.3042
30.0488
27.0314
26.8024
24.1151
23.9128
21.5608
21.3851
19.3422
19.189
17.3971
17.2615
15.6608
15.5387
14.0867
13.9753
12.6466
12.5445
11.3279
11.2346
10.1277
10.0435
9.05156
8.97669
8.10289
8.0372
7.27019
7.21227
6.53067
6.4788
5.86214
5.81483
5.24915
5.20555
4.68268
4.64233
4.15932
4.12217
3.68325
3.65019
3.2055
3.12803
2.36887
2.31989
1.81282
1.77916
1.42572
1.40202
1.14798
1.1304
0.937344
0.923642
0.774673
-2.18058
-2.21427
-2.24844
-2.28298
-2.31798
-2.35356
-2.42358
-2.46055
-2.49815
-2.53626
-2.57497
-2.61436
-2.69221
-2.73353
-2.77559
-2.81835
-2.86194
-2.90625
-2.99435
-3.04114
-3.08895
-3.13756
-3.18705
-3.23753
-3.33767
-3.39087
-3.44492
-3.49996
-3.55589
-3.61279
-3.72516
-3.78463
-3.84511
-3.90631
-3.96845
-4.03139
-4.15545
-4.22088
-4.28727
-4.35432
-4.4222
-4.49102
-4.62631
-4.69765
-4.76981
-4.84278
-4.91667
-4.99159
-5.13883
-5.21636
-5.29492
-5.37446
-5.45506
-5.5366
-5.69737
-5.7823
-5.86845
-5.95574
-6.04437
-6.1342
-6.31198
-6.40623
-6.50184
-6.5991
-6.69804
-6.79899
-6.9986
-7.10469
-7.21291
-7.32312
-7.43577
-7.55032
-7.77803
-7.89942
-8.02331
-8.14939
-8.27794
-8.40919
-8.66957
-8.80793
-8.94902
-9.0923
-9.23792
-9.38613
-9.67923
-9.83433
-9.99175
-10.1514
-10.3133
-10.4779
-10.8016
-10.9724
-11.1456
-11.3209
-11.4985
-11.6785
-12.0326
-12.2193
-12.4085
-12.5999
-12.7938
-12.9905
-13.3772
-13.5809
-13.7879
-13.9973
-14.2095
-14.4249
-14.8496
-15.0739
-15.3023
-15.5338
-15.7689
-16.008
-16.4806
-16.7315
-16.9869
-17.2467
-17.5117
-17.781
-18.3171
-18.6023
-18.8934
-19.1904
-19.4936
-19.8029
-20.419
-20.7479
-21.0827
-21.4242
-21.773
-22.129
-22.8355
-23.2114
-23.5947
-23.9837
-24.3795
-24.7826
-25.5805
-26.0025
-26.4317
-26.8668
-27.3084
-27.7574
-28.6424
-29.1095
-29.583
-30.0633
-30.5502
-31.044
-32.0183
-32.5324
-33.0539
-33.5828
-34.1193
-34.6635
-35.7373
-36.3056
-36.8819
-37.4672
-38.0617
-38.6662
-39.8631
-40.4981
-41.1437
-41.8001
-42.4705
-43.1533
-44.5102
-45.2332
-45.9719
-46.7271
-47.4971
-48.2831
-49.8562
-50.699
-51.5621
-52.4445
-53.3473
-54.273
-56.1285
-57.1217
-58.1389
-59.1829
-60.2507
-61.3431
-63.5321
-64.7018
-65.8978
-67.1211
-68.3709
-69.6504
-72.2013
-73.5642
-74.9563
-76.38
-77.8333
-79.3201
-82.2908
-83.8772
-85.4978
-87.1564
-88.8547
-90.5941
-94.0789
-95.9473
-97.861
-99.824
-101.839
-103.906
-108.09
-110.349
-112.659
-115.041
-117.493
-120.028
-125.146
-127.908
-130.773
-133.717
-136.765
-139.917
-146.318
-149.772
-153.346
-157.009
-160.769
-164.659
-172.452
-176.628
-180.866
-185.134
-189.401
-193.728
-202.193
-206.395
-210.47
-214.482
-218.284
-221.827
-227.727
-230.195
-232.222
-233.654
-234.103
-234.052
-231.87
-229.356
-225.932
-221.376
-215.915
-209.551
-194.18
-184.503
-173.679
-161.928
-149.15
-135.662
-107.212
-91.4778
-75.0673
-58.0948
-40.6364
-23.2987
10.1692
27.605
44.8622
61.9163
78.3603
94.1343
122.602
136.081
148.953
160.75
171.585
181.307
197.125
203.614
209.15
213.902
217.351
219.903
222.576
222.866
222.484
221.617
219.953
217.662
212.371
209.214
205.741
202.05
198.221
194.285
186.498
182.429
178.375
174.302
170.324
166.403
159.038
155.346
151.783
148.268
144.861
141.541
135.354
132.308
129.349
126.48
123.681
120.976
115.969
113.482
111.067
108.727
106.453
104.235
100.117
98.0674
96.0751
94.134
92.2424
90.3916
86.9495
85.2325
83.557
81.922
80.3268
78.7697
75.8652
74.4138
72.9977
71.6174
70.2716
68.9581
66.5091
65.2868
64.0945
62.9354
61.8068
60.7061
58.6544
57.6329
56.6366
55.6659
54.7182
53.7935
52.0672
51.2043
50.3598
49.5347
48.7275
47.9366
46.4538
45.7076
44.9763
44.2575
43.5525
42.8605
41.5559
40.8974
40.2494
39.6107
38.9827
38.3643
37.1962
36.6046
36.0216
35.4462
34.8787
34.3203
33.2629
32.727
32.1988
31.6782
31.165
30.6587
29.7007
29.2161
28.7386
28.2684
27.8055
27.3498
26.4907
26.0563
25.6303
25.2116
24.7998
24.3966
23.6375
23.2559
22.8826
22.5166
22.1573
21.8055
21.1463
20.8148
20.4907
20.1731
19.8616
19.5554
18.9811
18.6917
18.4081
18.1295
17.8548
17.5855
17.0766
16.8199
16.5668
16.3177
16.072
15.8302
15.3721
15.1396
14.9104
14.6844
14.4611
14.2412
13.8234
13.6112
13.4014
13.1944
12.9898
12.788
12.4052
12.2104
12.0186
11.8292
11.6419
11.4572
11.1073
10.9296
10.7546
10.5822
10.4122
10.2448
9.92855
9.76865
9.61144
9.4569
9.30504
9.15581
8.87502
8.73362
8.59499
8.45895
8.32513
8.19422
7.94803
7.82409
7.70258
7.5831
7.46573
7.35053
7.13358
7.02407
6.91615
6.81005
6.70546
6.60264
6.40802
6.30932
6.21203
6.11603
6.02133
5.92771
5.75023
5.65986
5.5708
5.48276
5.39563
5.30957
5.14598
5.06277
4.98022
4.89879
4.81815
4.73856
4.58721
4.51013
4.43401
4.35877
4.28442
4.21085
4.07148
4.00075
3.93118
3.86269
3.79539
3.72935
3.60531
3.54342
3.48314
3.42444
3.36758
3.31267
3.02646
2.89289
2.76895
2.65247
2.5426
2.43874
2.2548
2.16712
2.08398
2.00514
1.93063
1.86045
1.73421
1.67354
1.616
1.56173
1.50939
1.45945
1.37023
1.32695
1.28563
1.24618
1.2086
1.17269
1.10675
1.07439
1.0433
1.01343
0.984744
0.956648
0.905246
0.880661
0.857364
0.834497
0.812027
0.790017
