-1.85279
-2.05058
-2.26373
-2.49547
-2.75088
-3.0364
-3.35799
-3.71745
-4.1136
-4.54464
-5.01092
-5.51538
-6.06461
-6.66933
-7.34503
-8.10891
-8.97259
-9.93652
-10.9958
-12.1483
-13.3986
-14.7587
-16.2526
-17.9161
-19.796
-21.937
-24.359
-27.0573
-30.0235
-33.2659
-36.8166
-40.7376
-45.1291
-50.1422
-55.9593
-62.7419
-70.6011
-79.6436
-90.0663
-102.216
-116.676
-134.18
-155.687
-181.395
-208.863
-230.401
-230.525
-193.616
-114.081
-6.606
101.013
180.721
218.502
220.135
200.564
174.798
150.52
129.8
112.675
98.4411
86.4293
76.1805
67.4196
59.9633
53.6358
48.2055
43.4531
39.2155
35.382
31.8868
28.6996
25.8138
23.2365
20.9675
18.9746
17.205
15.6095
14.1518
12.8093
11.5717
10.4352
9.40354
8.48132
7.66422
6.93718
6.28114
5.68022
5.12433
4.60708
4.12668
3.6873
3.296
2.47789
1.9234
1.53079
1.24345
1.02655
0.856432
0.717206
0.598769
-1.85361
-2.04969
-2.05147
-2.26277
-2.2647
-2.49441
-2.49652
-2.74971
-2.75205
-3.03508
-3.03772
-3.35651
-3.35946
-3.71581
-3.71909
-4.11181
-4.1154
-4.54269
-4.54658
-5.00881
-5.01302
-5.5131
-5.51766
-6.06212
-6.06709
-6.66657
-6.6721
-7.34192
-7.34815
-8.10538
-8.11243
-8.96863
-8.97656
-9.93213
-9.94091
-10.991
-11.0006
-12.1431
-12.1535
-13.393
-13.4043
-14.7525
-14.7648
-16.2458
-16.2594
-17.9084
-17.9238
-19.7873
-19.8046
-21.9272
-21.9469
-24.3479
-24.3701
-27.045
-27.0695
-30.01
-30.037
-33.2512
-33.2806
-36.8005
-36.8328
-40.7196
-40.7555
-45.1088
-45.1494
-50.1189
-50.1656
-55.9321
-55.9865
-62.7102
-62.7737
-70.5646
-70.6377
-79.6016
-79.6857
-90.0177
-90.1149
-102.159
-102.273
-116.607
-116.744
-134.097
-134.264
-155.585
-155.79
-181.276
-181.514
-208.747
-208.978
-230.341
-230.463
-230.597
-230.453
-193.863
-193.369
-114.5
-113.661
-7.09156
-6.12032
100.593
101.432
180.464
180.977
218.429
218.574
220.188
220.082
200.671
200.458
174.909
174.687
150.619
150.421
129.881
129.718
112.743
112.608
98.4976
98.3845
86.4774
86.3813
76.2215
76.1395
67.4546
67.3846
59.9931
59.9334
53.6611
53.6104
48.2274
48.1835
43.4725
43.4337
39.233
39.198
35.3979
35.3662
31.9013
31.8723
28.7128
28.6864
25.8256
25.8019
23.247
23.226
20.9767
20.9583
18.9827
18.9665
17.2123
17.1978
15.6162
15.6029
14.1579
14.1457
12.8149
12.8037
11.5768
11.5665
10.4399
10.4305
9.40778
9.3993
8.48508
8.47755
7.66756
7.66088
6.94016
6.93419
6.28386
6.27842
5.68272
5.67772
5.12665
5.12201
4.60924
4.60491
4.12868
4.12467
3.6891
3.6855
3.30043
3.29157
2.48075
2.47502
1.9254
1.9214
1.53224
1.52935
1.24452
1.24238
1.02738
1.02572
0.857075
0.85579
0.717768
0.716646
0.599236
-1.86025
-2.04259
-2.0586
-2.25509
-2.2724
-2.48601
-2.50496
-2.74038
-2.76142
-3.02461
-3.04828
-3.34472
-3.37131
-3.70272
-3.73223
-4.09747
-4.12979
-4.52716
-4.56217
-4.99201
-5.02988
-5.4949
-5.53592
-6.04226
-6.08704
-6.6445
-6.69429
-7.31707
-7.37315
-8.07727
-8.1407
-8.93696
-9.00838
-9.8971
-9.97609
-10.9527
-11.0391
-12.1015
-12.1953
-13.3479
-13.4495
-14.7032
-14.8143
-16.1914
-16.3141
-17.8472
-17.9851
-19.718
-19.8743
-21.8482
-22.0263
-24.2592
-24.4592
-26.9469
-27.168
-29.9026
-30.1447
-33.1338
-33.3985
-36.6716
-36.9622
-40.5763
-40.8995
-44.9471
-45.3121
-49.9325
-50.3532
-55.7151
-56.2048
-62.457
-63.0284
-70.2732
-70.9309
-79.2661
-80.0232
-89.6302
-90.506
-101.704
-102.731
-116.059
-117.294
-133.429
-134.938
-154.764
-156.608
-180.327
-182.463
-207.831
-209.896
-229.845
-230.954
-231.145
-229.849
-195.811
-191.303
-117.832
-110.285
-10.9714
-2.2804
97.2118
104.768
178.374
182.995
217.83
219.136
220.594
219.635
201.519
199.602
175.808
173.798
151.395
149.632
130.536
129.069
113.286
112.069
98.9519
97.934
86.863
85.9982
76.5508
75.8126
67.7361
67.1052
60.2329
59.6956
53.8645
53.4085
48.4039
48.0084
43.6279
43.279
39.3729
39.0587
35.5251
35.2394
32.0173
31.7568
28.8184
28.5812
25.9207
25.7074
23.3311
23.1423
21.0506
20.8848
19.0477
18.9018
17.2706
17.1395
15.6691
15.5502
14.2065
14.0973
12.8597
12.759
11.6181
11.5254
10.4776
10.393
9.44177
9.36554
8.51528
8.44748
7.69435
7.63423
6.96411
6.91035
6.30564
6.25672
5.70279
5.65774
5.14528
5.10346
4.62658
4.58764
4.14473
4.10869
3.70354
3.67114
3.31917
3.2563
2.50386
2.45227
1.94155
1.90552
1.54396
1.51782
1.25313
1.23389
1.03406
1.01911
0.862228
0.850664
0.722272
0.712174
0.602985
-1.88006
-1.90779
-1.9358
-1.96412
-1.99272
-2.0216
-2.07988
-2.10973
-2.13989
-2.17038
-2.20122
-2.23242
-2.2954
-2.32773
-2.36049
-2.39366
-2.42721
-2.46123
-2.53016
-2.56564
-2.60164
-2.63817
-2.67523
-2.7129
-2.78943
-2.82895
-2.8691
-2.90992
-2.95155
-2.99377
-3.07984
-3.12434
-3.16958
-3.21558
-3.26238
-3.30998
-3.40673
-3.45665
-3.50738
-3.55888
-3.61112
-3.66411
-3.77153
-3.82685
-3.88285
-3.93956
-3.99701
-4.05518
-4.17278
-4.2331
-4.29414
-4.35582
-4.41821
-4.4813
-4.60868
-4.67394
-4.73994
-4.80668
-4.87416
-4.9424
-5.08019
-5.15076
-5.22212
-5.29426
-5.36733
-5.4412
-5.59046
-5.66703
-5.74467
-5.82326
-5.90283
-5.98352
-6.14669
-6.23074
-6.31604
-6.40253
-6.49027
-6.57946
-6.76074
-6.85432
-6.94927
-7.04578
-7.14405
-7.24399
-7.44796
-7.55337
-7.66059
-7.76984
-7.88118
-7.99449
-8.22537
-8.34475
-8.46639
-8.59
-8.71572
-8.84362
-9.10357
-9.23751
-9.37346
-9.51141
-9.65158
-9.79379
-10.0813
-10.2291
-10.3789
-10.5307
-10.6843
-10.8397
-11.1539
-11.315
-11.4781
-11.643
-11.8099
-11.9787
-12.3197
-12.4946
-12.6715
-12.8505
-13.0316
-13.2147
-13.5846
-13.7746
-13.9667
-14.1613
-14.3584
-14.558
-14.962
-15.1697
-15.3806
-15.5944
-15.8112
-16.0311
-16.4775
-16.7079
-16.9418
-17.1797
-17.4216
-17.6675
-18.1688
-18.4281
-18.6919
-18.9606
-19.2348
-19.5141
-20.083
-20.3788
-20.6796
-20.9859
-21.2979
-21.6157
-22.2639
-22.5988
-22.9401
-23.2871
-23.6399
-23.9979
-24.7255
-25.101
-25.4821
-25.8684
-26.2602
-26.6576
-27.4625
-27.8765
-28.2958
-28.7205
-29.1504
-29.5858
-30.4667
-30.9191
-31.3772
-31.8415
-32.3113
-32.7874
-33.7507
-34.2455
-34.7469
-35.2547
-35.7693
-36.2916
-37.349
-37.8931
-38.4454
-39.0066
-39.5759
-40.1541
-41.3289
-41.9349
-42.553
-43.1813
-43.8204
-44.4711
-45.7999
-46.4898
-47.1927
-47.9077
-48.6389
-49.3855
-50.9165
-51.7133
-52.5262
-53.3569
-54.2067
-55.0773
-56.8601
-57.788
-58.738
-59.7087
-60.7001
-61.7128
-63.7917
-64.8708
-65.9724
-67.0967
-68.2432
-69.4155
-71.81
-73.0532
-74.321
-75.6148
-76.9342
-78.28
-81.0363
-82.4675
-83.9274
-85.4163
-86.9366
-88.4908
-91.6818
-93.34
-95.0377
-96.7743
-98.5497
-100.368
-104.109
-106.076
-108.093
-110.167
-112.282
-114.457
-118.957
-121.327
-123.758
-126.246
-128.826
-131.48
-136.97
-139.869
-142.859
-145.941
-149.1
-152.361
-159.058
-162.582
-166.206
-169.911
-173.66
-177.521
-185.288
-189.207
-193.175
-197.21
-201.241
-205.139
-212.578
-216.199
-219.579
-222.754
-225.662
-228.216
-232.232
-233.567
-234.119
-234.111
-233.63
-232.468
-227.789
-224.193
-219.777
-214.46
-208.373
-201.342
-184.755
-174.865
-164.193
-152.681
-140.396
-127.518
-100.054
-85.3196
-70.0655
-54.339
-38.2708
-22.3594
9.21335
25.2489
41.1336
56.888
72.1986
86.9607
114.499
127.417
139.727
151.223
161.944
171.833
188.647
195.948
202.096
207.392
212.132
215.801
220.607
222.034
222.77
222.838
222.433
221.623
218.116
215.733
213.169
210.388
207.304
204.002
197.041
193.41
189.677
185.995
182.244
178.519
171.164
167.548
163.984
160.488
157.072
153.722
147.322
144.221
141.178
138.197
135.307
132.506
127.166
124.576
122.061
119.617
117.237
114.923
110.492
108.357
106.272
104.238
102.251
100.317
96.6141
94.8146
93.0604
91.3418
89.6609
88.0207
84.8733
83.3403
81.8416
80.3762
78.9433
77.5395
74.8511
73.537
72.2551
71.0042
69.7788
68.5815
66.2844
65.1651
64.0712
63.0059
61.966
60.9501
59.0002
58.0529
57.1266
56.2229
55.3388
54.4747
52.8155
52.0054
51.2132
50.4363
49.6761
48.9309
47.4934
46.7896
46.0978
45.4185
44.7504
44.0936
42.823
42.1979
41.5829
40.977
40.3801
39.7914
38.6479
38.0842
37.5289
36.9803
36.4394
35.9054
34.865
34.3518
33.8452
33.345
32.8513
32.364
31.416
30.9474
30.4848
30.0282
29.5781
29.1342
28.2711
27.8455
27.4259
27.0128
26.6059
26.2053
25.4288
25.0468
24.6715
24.3027
23.94
23.5834
22.896
22.559
22.2282
21.9031
21.5847
21.2721
20.6687
20.3732
20.0832
19.7981
19.5179
19.2426
18.7108
18.4496
18.1927
17.9394
17.6904
17.4451
16.9684
16.734
16.5026
16.2744
16.0492
15.8272
15.3946
15.1807
14.9694
14.7609
14.5548
14.3514
13.9543
13.758
13.5636
13.3713
13.1812
12.9935
12.6272
12.4458
12.2665
12.0894
11.9144
11.7414
11.404
11.2371
11.0722
10.9095
10.7488
10.5904
10.2821
10.13
9.98006
9.8324
9.68687
9.54351
9.26592
9.12927
8.99483
8.86292
8.73323
8.60571
8.35889
8.23789
8.11895
8.00201
7.88727
7.77438
7.55582
7.44844
7.34274
7.23883
7.1365
7.03573
6.84002
6.74353
6.64843
6.55462
6.46205
6.37066
6.19268
6.10461
6.01766
5.93173
5.84677
5.76276
5.59873
5.51746
5.43709
5.35751
5.27877
5.20085
5.04859
4.97293
4.89811
4.82407
4.7508
4.67831
4.53662
4.46634
4.39681
4.328
4.25997
4.19267
4.06148
3.99665
3.93271
3.86971
3.80774
3.74681
3.62894
3.57141
3.5153
3.46051
3.40716
3.35542
3.1549
3.0224
2.89966
2.78509
2.67683
2.57441
2.38642
2.29907
2.21633
2.13744
2.06223
1.99072
1.8596
1.79817
1.73934
1.68321
1.62979
1.57907
1.48425
1.4394
1.39696
1.35612
1.31688
1.27925
1.20926
1.17619
1.14415
1.11315
1.08318
1.05424
0.99987
0.973796
0.948278
0.923642
0.89989
0.877652
0.83557
0.814909
0.79461
0.774673
0.755104
0.735798
0.699054
0.681207
0.663805
0.646849
0.630338
0.614272
