-1.78612
-2.08956
-2.43104
-2.82563
-3.29584
-3.8552
-4.50008
-5.22919
-6.05591
-7.0156
-8.16555
-9.55044
-11.1672
-13.0081
-15.1017
-17.5348
-20.458
-24.017
-28.2351
-33.0972
-38.6953
-45.2918
-53.3887
-63.622
-76.4417
-92.3946
-112.755
-139.936
-176.791
-218.297
-231.796
-161.914
-6.606
148.939
219.822
209.226
170.476
135.372
108.821
88.7242
73.0577
60.7906
51.2429
43.6085
37.2246
31.7208
26.9538
22.914
19.5917
16.8419
14.4883
12.4226
10.6035
9.03224
7.71784
6.61915
5.67147
4.83132
4.0808
3.43404
2.36017
1.62546
1.17989
0.884694
0.672846
-1.78693
-2.08866
-2.09046
-2.43002
-2.43207
-2.82443
-2.82684
-3.29439
-3.29729
-3.8535
-3.85689
-4.49816
-4.50201
-5.22701
-5.23137
-6.05342
-6.05839
-7.01267
-7.01853
-8.162
-8.16911
-9.54621
-9.55468
-11.1624
-11.1721
-13.0026
-13.0136
-15.0954
-15.108
-17.5273
-17.5422
-20.4489
-20.467
-24.0061
-24.028
-28.2223
-28.2479
-33.0825
-33.1118
-38.6783
-38.7123
-45.2714
-45.3121
-53.3632
-53.4142
-63.5898
-63.6543
-76.4016
-76.4818
-92.3444
-92.4448
-112.689
-112.82
-139.847
-140.026
-176.673
-176.909
-218.196
-218.399
-231.853
-231.737
-162.254
-161.574
-7.09156
-6.12032
148.598
149.279
219.759
219.885
209.318
209.133
170.586
170.365
135.458
135.286
108.885
108.757
88.7738
88.6746
73.0966
73.0187
60.8209
60.7603
51.2666
51.2192
43.6279
43.589
37.2412
37.208
31.7352
31.7064
26.9662
26.9414
22.9243
22.9037
19.6002
19.5833
16.849
16.8348
14.4944
14.4821
12.4281
12.4172
10.6083
10.5987
9.0363
9.02819
7.7212
7.71449
6.62201
6.61631
5.67397
5.66897
4.83356
4.82909
4.08279
4.07882
3.43566
3.43242
2.36284
2.3575
1.62703
1.62389
1.18088
1.1789
0.885351
0.884038
0.673374
-1.79482
-2.07988
-2.09928
-2.42006
-2.44209
-2.81271
-2.83862
-3.28031
-3.31144
-3.83699
-3.87347
-4.47938
-4.52086
-5.20583
-5.25263
-6.02923
-6.08267
-6.98414
-7.04725
-8.12744
-8.20389
-9.5051
-9.59609
-11.1151
-11.2196
-12.949
-13.0675
-15.034
-15.1697
-17.4549
-17.615
-20.3607
-20.5559
-23.8997
-24.135
-28.0981
-28.3727
-32.9401
-33.2549
-38.513
-38.8784
-45.0734
-45.5115
-53.1158
-53.6637
-63.2763
-63.9702
-76.0121
-76.8737
-91.8564
-92.9353
-112.055
-113.461
-138.981
-140.902
-175.523
-178.048
-217.197
-219.38
-232.352
-231.128
-165.528
-158.217
-11.819
-1.44432
145.238
152.561
219.119
220.466
210.208
208.217
171.661
169.295
136.304
134.45
109.512
108.134
89.2598
88.1928
73.4781
72.6404
61.1178
60.4658
51.4989
50.9876
43.8184
43.3998
37.4036
37.0464
31.876
31.5662
27.0874
26.8209
23.0252
22.8035
19.6829
19.5011
16.9183
16.7658
14.5548
14.422
12.4814
12.3641
10.6549
10.5523
9.07602
8.98878
7.75406
7.68178
6.64986
6.58858
5.69839
5.64466
4.85539
4.80735
4.1022
4.0595
3.45151
3.41674
2.38914
2.33172
1.64249
1.60871
1.19059
1.16931
0.891819
0.877652
0.678542
-1.82362
-1.86712
-1.9113
-1.95624
-2.00188
-2.04827
-2.1315
-2.18016
-2.22971
-2.28022
-2.33168
-2.38422
-2.47878
-2.53444
-2.59139
-2.64975
-2.70945
-2.7707
-2.88182
-2.94774
-3.01535
-3.08499
-3.15648
-3.22989
-3.36331
-3.44219
-3.52314
-3.6061
-3.69089
-3.77762
-3.93412
-4.02601
-4.11971
-4.21538
-4.31275
-4.41184
-4.58974
-4.69387
-4.79988
-4.90787
-5.01776
-5.12961
-5.33034
-5.44796
-5.56778
-5.69009
-5.81488
-5.94216
-6.17162
-6.30691
-6.44532
-6.58723
-6.73267
-6.88197
-7.15261
-7.3132
-7.47861
-7.64863
-7.82351
-8.00368
-8.33143
-8.52607
-8.72591
-8.93143
-9.1419
-9.35749
-9.74769
-9.97719
-10.2118
-10.4516
-10.696
-10.9451
-11.3931
-11.6556
-11.923
-12.1958
-12.4733
-12.7561
-13.2642
-13.5618
-13.8653
-14.1753
-14.4911
-14.8137
-15.3957
-15.7386
-16.0893
-16.4488
-16.8173
-17.1953
-17.8823
-18.29
-18.7093
-19.1416
-19.5867
-20.0444
-20.8818
-21.3792
-21.8916
-22.419
-22.961
-23.5178
-24.5273
-25.1239
-25.7349
-26.3602
-26.999
-27.6519
-28.8285
-29.5195
-30.2246
-30.9444
-31.6789
-32.4286
-33.778
-34.5714
-35.3813
-36.2095
-37.0555
-37.9208
-39.4862
-40.4112
-41.3592
-42.3334
-43.3352
-44.3651
-46.2444
-47.3648
-48.5196
-49.7146
-50.9524
-52.2329
-54.5829
-55.9933
-57.453
-58.9667
-60.5334
-62.1553
-65.1303
-66.9079
-68.7438
-70.6408
-72.5982
-74.6191
-78.3144
-80.5218
-82.804
-85.1586
-87.5919
-90.1108
-94.7435
-97.5225
-100.405
-103.399
-106.53
-109.799
-115.827
-119.489
-123.323
-127.318
-131.521
-135.909
-144.14
-149.149
-154.398
-159.833
-165.538
-171.455
-182.235
-188.494
-194.842
-201.282
-207.415
-213.375
-222.785
-227.227
-230.829
-233.357
-234.075
-233.626
-228.362
-222.363
-214.432
-204.244
-191.89
-176.824
-145.326
-124.898
-102.812
-79.2131
-54.339
-28.7669
15.7105
41.1336
66.0783
89.7257
111.858
132.359
163.917
178.968
191.69
202.068
210.324
216.373
222.029
222.883
222.303
220.491
217.205
213.196
204.716
199.201
193.447
187.501
181.562
175.587
165.452
159.864
154.452
149.28
144.268
139.436
131.478
127.206
123.105
119.192
115.443
111.841
105.906
102.697
99.6148
96.6509
93.7997
91.0498
86.4733
83.9865
81.5877
79.2733
77.0378
74.8848
71.2917
69.3403
67.4576
65.6425
63.8919
62.2106
59.4134
57.8971
56.4354
55.0265
53.6674
52.3553
50.1619
48.9645
47.8034
46.677
45.582
44.5171
42.7213
41.7312
40.765
39.8209
38.8982
37.9967
36.4665
35.6168
34.7841
33.9699
33.1722
32.391
31.0628
30.325
29.6029
28.8967
28.2062
27.5312
26.3885
25.7576
25.1429
24.5439
23.9618
23.3955
22.4445
21.9226
21.4168
20.9251
20.4488
19.9863
19.2067
18.7788
18.3623
17.9557
17.5599
17.173
16.5176
16.1548
15.7995
15.4511
15.11
14.7756
14.2059
13.8886
13.5774
13.2712
12.9709
12.6762
12.1731
11.8934
11.6186
11.3489
11.0846
10.8257
10.3855
10.1415
9.90302
9.67003
9.44284
9.22159
8.84767
8.64221
8.44222
8.24753
8.05842
7.87469
7.56451
7.39379
7.22741
7.06504
6.90663
6.75181
6.489
6.34322
6.20034
6.06008
5.92267
5.78775
5.55713
5.42861
5.30218
5.17775
5.05551
4.93509
4.72909
4.61411
4.50108
4.38979
4.28051
4.17314
3.99011
3.88871
3.78983
3.69342
3.59999
3.51002
3.36106
3.22481
3.01026
2.81966
2.64682
2.48823
2.24135
2.11543
1.99886
1.89159
1.79271
1.70052
1.55567
1.48009
1.4101
1.34484
1.28372
1.22665
1.13526
1.08675
1.04088
0.997597
0.956302
0.916968
0.854763
0.821444
0.789046
0.757542
0.726944
0.697605
