-1.75122
-1.88655
-2.02887
-2.17899
-2.33786
-2.50707
-2.68856
-2.88478
-3.09829
-3.33078
-3.58295
-3.85435
-4.14423
-4.45205
-4.7778
-5.12233
-5.48696
-5.87437
-6.2881
-6.73337
-7.2158
-7.74232
-8.31831
-8.94685
-9.627
-10.3572
-11.1357
-11.962
-12.8382
-13.7673
-14.7556
-15.8128
-16.9508
-18.1864
-19.5375
-21.0211
-22.6476
-24.4202
-26.335
-28.3887
-30.5793
-32.9146
-35.4059
-38.0721
-40.9446
-44.0604
-47.4782
-51.2586
-55.4722
-60.1793
-65.4271
-71.244
-77.6749
-84.7924
-92.6963
-101.534
-111.554
-122.995
-136.173
-151.487
-169.037
-188.405
-208.169
-225.216
-234.111
-228.095
-201.957
-153.316
-85.6608
-6.606
72.5402
140.381
189.276
216.106
222.809
215.332
199.924
181.476
163.154
146.484
131.735
118.871
107.642
97.7658
89.0226
81.227
74.2589
68.0369
62.4906
57.5662
53.1828
49.2509
45.6896
42.4288
39.4168
36.6148
33.9942
31.5412
29.2446
27.103
25.1187
23.2943
21.6301
20.1159
18.7328
17.4617
16.283
15.1824
14.1488
13.1741
12.2544
11.3874
10.5725
9.81134
9.10568
8.45688
7.8623
7.31661
6.81283
6.3439
5.90394
5.48874
5.09535
4.72161
4.36701
4.03141
3.71806
3.43323
2.95517
2.4256
2.02004
1.70458
1.45512
1.2553
1.09237
0.955342
0.840792
0.740277
0.650281
0.571503
-1.75202
-1.88571
-1.88738
-2.02799
-2.02976
-2.17806
-2.17992
-2.33687
-2.33885
-2.50601
-2.50813
-2.68742
-2.6897
-2.88355
-2.88602
-3.09694
-3.09964
-3.32931
-3.33224
-3.58137
-3.58453
-3.85265
-3.85605
-4.14242
-4.14604
-4.45014
-4.45396
-4.77577
-4.77982
-5.12019
-5.12447
-5.48469
-5.48923
-5.87195
-5.87679
-6.28551
-6.29069
-6.73057
-6.73617
-7.21276
-7.21884
-7.73899
-7.74565
-8.31467
-8.32195
-8.94289
-8.9508
-9.62273
-9.63127
-10.3527
-10.3618
-11.1308
-11.1405
-11.9569
-11.9672
-12.8328
-12.8437
-13.7615
-13.7731
-14.7494
-14.7617
-15.8062
-15.8195
-16.9436
-16.9579
-18.1786
-18.1942
-19.529
-19.5461
-21.0117
-21.0305
-22.6373
-22.6579
-24.409
-24.4313
-26.323
-26.347
-28.3759
-28.4016
-30.5656
-30.5929
-32.9
-32.9292
-35.3904
-35.4215
-38.0554
-38.0888
-40.9265
-40.9626
-44.0407
-44.08
-47.4566
-47.4998
-51.2345
-51.2827
-55.4453
-55.4991
-60.1493
-60.2093
-65.3937
-65.4605
-71.2071
-71.2809
-77.6341
-77.7157
-84.7472
-84.8376
-92.646
-92.7465
-101.477
-101.591
-111.49
-111.619
-122.921
-123.069
-136.087
-136.259
-151.388
-151.587
-168.925
-169.15
-188.287
-188.523
-208.053
-208.285
-225.131
-225.302
-234.101
-234.117
-228.187
-228.001
-202.18
-201.734
-153.679
-152.953
-86.1153
-85.2058
-7.09156
-6.12032
72.0846
72.9952
140.008
140.747
189.044
189.51
216.013
216.198
222.817
222.801
215.409
215.255
200.031
199.816
181.59
181.363
163.261
163.047
146.577
146.39
131.818
131.651
118.944
118.799
107.705
107.579
97.8218
97.7098
89.0724
88.9727
81.2715
81.1826
74.2989
74.219
68.0724
68.0014
62.5221
62.4591
57.5943
57.5382
53.2078
53.1578
49.2734
49.2283
45.7101
45.6691
42.4477
42.4098
39.4343
39.3992
36.6311
36.5984
34.0095
33.9789
31.5555
31.5268
29.258
29.2312
27.1155
27.0906
25.1302
25.1072
23.3048
23.2837
21.6397
21.6206
20.1246
20.1072
18.7408
18.7248
17.4691
17.4543
16.2899
16.2762
15.1888
15.1759
14.1548
14.1427
13.1798
13.1684
12.2598
12.249
11.3925
11.3824
10.5772
10.5677
9.81577
9.80691
9.10977
9.10158
8.46064
8.45312
7.86574
7.85886
7.31977
7.31345
6.81577
6.8099
6.34664
6.34116
5.90652
5.90136
5.49118
5.4863
5.09767
5.09303
4.72381
4.71941
4.3691
4.36492
4.03338
4.02945
3.71987
3.71624
3.43485
3.43162
2.95888
2.95146
2.42839
2.42282
2.0222
2.01788
1.70627
1.70289
1.45647
1.45377
1.25639
1.25422
1.09328
1.09147
0.95611
0.954575
0.841426
0.840158
0.740862
0.739691
0.650791
0.649771
0.571945
-1.75761
-1.87985
-1.89326
-2.02182
-2.03594
-2.17154
-2.18646
-2.32995
-2.3458
-2.49863
-2.51554
-2.67948
-2.69769
-2.87493
-2.89468
-3.08754
-3.10908
-3.31909
-3.34251
-3.57031
-3.59562
-3.84079
-3.86794
-4.12979
-4.15871
-4.43677
-4.46737
-4.76162
-4.794
-5.10522
-5.13947
-5.46884
-5.50513
-5.85507
-5.89373
-6.26741
-6.30886
-6.711
-6.75581
-7.19153
-7.24017
-7.71578
-7.769
-8.28931
-8.34749
-8.91526
-8.97855
-9.5929
-9.66122
-10.3208
-10.3938
-11.097
-11.1745
-11.921
-12.0032
-12.7946
-12.8819
-13.721
-13.8137
-14.7063
-14.805
-15.76
-15.8659
-16.8936
-17.0081
-18.1242
-18.2489
-19.4694
-19.606
-20.9462
-21.0963
-22.5656
-22.73
-24.3312
-24.5094
-26.2393
-26.4311
-28.2862
-28.4915
-30.4701
-30.6887
-32.7983
-33.0313
-35.2818
-35.5305
-37.9388
-38.2058
-40.8005
-41.0887
-43.9035
-44.2179
-47.3056
-47.6516
-51.0663
-51.4519
-55.2575
-55.688
-59.9397
-60.4201
-65.1607
-65.6947
-70.9492
-71.5402
-77.3491
-78.0024
-84.4318
-85.1548
-92.2943
-93.0994
-101.082
-101.988
-111.041
-112.071
-122.405
-123.59
-135.49
-136.862
-150.694
-152.286
-168.138
-169.939
-187.461
-189.356
-207.276
-209.093
-224.525
-225.893
-234.014
-234.111
-228.814
-227.33
-203.72
-200.152
-156.19
-150.396
-89.2874
-82.0088
-10.4868
-2.75847
68.8818
76.1663
137.37
143.226
187.441
191.136
215.339
216.82
222.858
222.735
215.941
214.709
200.777
199.067
182.387
180.566
164.01
162.302
147.248
145.737
132.402
131.072
119.453
118.293
108.15
107.137
98.2152
97.3215
89.4225
88.625
81.5839
80.8721
74.5793
73.9411
68.322
67.7537
62.7435
62.2392
57.7912
57.3422
53.3833
52.9831
49.4317
49.0709
45.8543
45.5257
42.5803
42.2777
39.5573
39.2766
36.7458
36.4842
34.1169
33.8719
31.656
31.4267
29.352
29.1375
27.2029
27.0035
25.211
25.0267
23.3786
23.2103
21.707
21.5536
20.1858
20.0462
18.7968
18.669
17.5209
17.4027
16.338
16.2282
15.2339
15.1309
14.1974
14.1003
13.22
13.1284
12.2976
12.2112
11.4282
11.3468
10.6106
10.5344
9.84683
9.77594
9.13852
9.07296
8.48697
8.42684
7.88985
7.83486
7.34195
7.29138
6.83634
6.78941
6.36585
6.32201
5.92461
5.88334
5.50828
5.46925
5.1139
5.07685
4.73922
4.70404
4.38372
4.35034
4.04716
4.01571
3.73263
3.70354
3.44621
3.42035
2.98512
2.92579
2.44803
2.40348
2.03741
2.0029
1.71819
1.69112
1.46599
1.44437
1.26403
1.24667
1.09962
1.08519
0.961507
0.949229
0.845877
0.835728
0.744973
0.735654
0.654373
0.646215
0.575053
-1.77174
-1.79016
-1.80871
-1.82735
-1.84617
-1.86512
-1.90813
-1.9275
-1.947
-1.96662
-1.98641
-2.00634
-2.0516
-2.07202
-2.09259
-2.11328
-2.13416
-2.15519
-2.20301
-2.22458
-2.24634
-2.26821
-2.2903
-2.31259
-2.36339
-2.38634
-2.40947
-2.43273
-2.4563
-2.48009
-2.53433
-2.55888
-2.58368
-2.60868
-2.63398
-2.65958
-2.71797
-2.74446
-2.77123
-2.79824
-2.82563
-2.85333
-2.91667
-2.94553
-2.97461
-3.00398
-3.03377
-3.06399
-3.13306
-3.1644
-3.1961
-3.22812
-3.26059
-3.29345
-3.36856
-3.40261
-3.43703
-3.47179
-3.507
-3.54256
-3.62373
-3.66047
-3.69757
-3.73495
-3.77278
-3.81102
-3.89808
-3.9374
-3.97708
-4.01702
-4.05739
-4.09809
-4.1908
-4.23264
-4.27484
-4.31723
-4.36005
-4.40321
-4.50134
-4.54561
-4.59023
-4.63509
-4.68041
-4.72606
-4.8299
-4.87673
-4.92392
-4.97139
-5.01934
-5.06766
-5.17747
-5.22701
-5.27692
-5.32713
-5.37792
-5.42906
-5.54542
-5.59796
-5.65094
-5.70431
-5.7583
-5.81272
-5.93667
-5.99276
-6.04933
-6.10618
-6.16376
-6.22201
-6.35492
-6.41509
-6.47583
-6.53715
-6.59924
-6.66201
-6.80565
-6.87078
-6.93654
-7.00285
-7.0702
-7.13835
-7.29435
-7.36533
-7.43719
-7.50974
-7.58322
-7.65763
-7.82824
-7.90591
-7.98445
-8.06378
-8.14425
-8.22573
-8.41233
-8.4971
-8.58282
-8.66938
-8.75713
-8.84597
-9.04893
-9.14089
-9.23383
-9.32751
-9.42235
-9.51815
-9.7371
-9.83607
-9.93586
-10.0364
-10.1382
-10.2409
-10.4749
-10.5805
-10.6871
-10.7943
-10.9027
-11.0119
-11.2606
-11.3729
-11.486
-11.5998
-11.7148
-11.8308
-12.0945
-12.2136
-12.3334
-12.4541
-12.576
-12.699
-12.9787
-13.1048
-13.232
-13.36
-13.4892
-13.6195
-13.9163
-14.0505
-14.1857
-14.3218
-14.4594
-14.5982
-14.9146
-15.0576
-15.2021
-15.3478
-15.4952
-15.6441
-15.9835
-16.1372
-16.2926
-16.4492
-16.6081
-16.7685
-17.1355
-17.302
-17.4705
-17.6405
-17.8128
-17.9878
-18.3877
-18.5694
-18.7533
-18.9392
-19.1282
-19.3198
-19.7582
-19.9574
-20.1596
-20.3643
-20.5719
-20.7821
-21.2636
-21.4824
-21.7045
-21.9286
-22.156
-22.3861
-22.913
-23.1523
-23.3944
-23.6388
-23.8861
-24.1362
-24.7075
-24.9665
-25.2286
-25.4926
-25.7596
-26.0292
-26.6442
-26.9224
-27.2032
-27.4862
-27.7725
-28.0611
-28.7194
-29.0163
-29.3158
-29.6179
-29.9227
-30.2303
-30.9317
-31.2482
-31.5674
-31.8899
-32.2147
-32.5426
-33.2904
-33.628
-33.9686
-34.3122
-34.659
-35.009
-35.8073
-36.1685
-36.5325
-36.9001
-37.2714
-37.6463
-38.5031
-38.8912
-39.2831
-39.6788
-40.0791
-40.484
-41.4093
-41.8285
-42.2536
-42.6838
-43.1191
-43.5593
-44.5691
-45.0279
-45.4927
-45.9641
-46.4424
-46.9268
-48.0375
-48.5438
-49.0576
-49.5783
-50.1072
-50.6446
-51.8824
-52.4455
-53.0169
-53.5974
-54.1873
-54.7875
-56.1683
-56.7976
-57.4366
-58.0851
-58.7453
-59.4149
-60.9563
-61.6584
-62.373
-63.0975
-63.8322
-64.5773
-66.2912
-67.0709
-67.8611
-68.664
-69.4783
-70.3036
-72.1996
-73.0627
-73.9375
-74.8242
-75.7238
-76.6357
-78.7314
-79.6857
-80.6537
-81.6363
-82.632
-83.6414
-85.9613
-87.0182
-88.0913
-89.1803
-90.2853
-91.4123
-93.9995
-95.181
-96.3807
-97.5986
-98.8357
-100.094
-103
-104.33
-105.689
-107.071
-108.483
-109.92
-113.225
-114.742
-116.286
-117.862
-119.472
-121.114
-124.917
-126.651
-128.437
-130.258
-132.111
-133.999
-138.402
-140.43
-142.499
-144.614
-146.773
-148.963
-154.068
-156.406
-158.752
-161.174
-163.641
-166.159
-171.937
-174.558
-177.239
-179.931
-182.64
-185.357
-191.46
-194.242
-197.036
-199.841
-202.584
-205.267
-211.108
-213.661
-216.154
-218.517
-220.789
-222.945
-227.259
-228.948
-230.421
-231.748
-232.83
-233.665
-234.119
-234.024
-233.603
-232.856
-231.766
-230.244
-225.481
-222.539
-219.458
-215.788
-211.871
-207.443
-196.012
-190.247
-183.864
-177.054
-169.869
-162.31
-143.765
-135.186
-126.076
-116.725
-107.087
-97.1629
-73.8458
-63.0946
-52.1173
-40.9805
-29.9314
-18.9748
5.75173
16.8855
27.9471
38.9364
49.8594
60.689
84.0601
94.0092
103.66
113.048
122.132
130.839
149.336
156.919
164.149
170.968
177.308
183.202
195.023
199.457
203.481
207.085
210.515
213.427
218.219
219.791
221.093
222.003
222.506
222.875
222.491
221.982
221.229
220.153
218.804
217.235
213.321
211.47
209.426
207.264
204.982
202.64
197.159
194.646
192.098
189.518
186.961
184.395
178.584
175.981
173.426
170.898
168.393
165.911
160.445
158.076
155.732
153.437
151.201
148.962
144.09
141.98
139.895
137.85
135.848
133.89
129.624
127.783
125.979
124.197
122.455
120.751
117.029
115.426
113.844
112.293
110.772
109.281
106.026
104.62
103.23
101.872
100.534
99.2182
96.3431
95.0977
93.8747
92.6712
91.4837
90.3132
87.7554
86.6458
85.5539
84.4791
83.4207
82.3787
80.0951
79.1046
78.1269
77.1664
76.2215
75.2922
73.2464
72.3608
71.4897
70.6327
69.7879
68.9565
67.1343
66.3444
65.5663
64.8003
64.0467
63.3072
61.6893
60.9882
60.298
59.6168
58.9494
58.2924
56.8527
56.2296
55.6158
55.0113
54.4165
53.8305
52.5458
51.9871
51.4372
50.8949
50.3607
49.8341
48.6767
48.1726
47.6751
47.1844
46.6999
46.2211
45.166
44.7053
44.2501
43.8004
43.3563
42.917
41.9468
41.5229
41.1033
40.6881
40.277
39.8697
38.969
38.5748
38.1846
37.7986
37.4161
37.0367
36.1974
35.8291
35.4641
35.1024
34.7437
34.3891
33.603
33.2585
32.917
32.5786
32.2432
31.9109
31.1751
30.8523
30.5324
30.2154
29.9014
29.5905
28.9023
28.6009
28.3025
28.0071
27.7144
27.4248
26.785
26.5053
26.2282
25.9547
25.6838
25.416
24.8254
24.5675
24.3127
24.0613
23.8123
23.5663
23.0262
22.7907
22.558
22.3288
22.102
21.8777
21.386
21.1715
20.9596
20.7511
20.5449
20.3413
19.8934
19.6978
19.5045
19.3139
19.1253
18.9394
18.5291
18.3498
18.1726
17.9973
17.8238
17.6522
17.2732
17.107
16.9426
16.7806
16.6197
16.4602
16.1077
15.953
15.7998
15.6482
15.4976
15.3484
15.0178
14.8728
14.7288
14.5865
14.4451
14.3049
13.9939
13.8573
13.722
13.5877
13.4541
13.3216
13.0281
12.899
12.771
12.6444
12.5184
12.3935
12.1166
11.995
11.8744
11.7549
11.6362
11.5184
11.2577
11.1431
11.0296
10.9173
10.8058
10.6953
10.451
10.3438
10.2376
10.1328
10.0287
9.92563
9.69826
9.59864
9.5001
9.4029
9.30672
9.21142
9.00129
8.90962
8.81904
8.72973
8.64125
8.55378
8.36111
8.27708
8.19404
8.11217
8.03102
7.95098
7.77472
7.69771
7.62145
7.54631
7.47188
7.39828
7.23601
7.16501
7.09479
7.02543
6.95662
6.88847
6.73801
6.67207
6.60677
6.54221
6.4781
6.41454
6.27394
6.21217
6.15095
6.0903
6.03011
5.97041
5.83807
5.77988
5.72206
5.66485
5.60802
5.55159
5.42644
5.37132
5.3166
5.2624
5.20848
5.15496
5.03615
4.98376
4.9318
4.88032
4.82909
4.77825
4.66543
4.61573
4.56643
4.5176
4.46899
4.42075
4.31372
4.26664
4.21991
4.17364
4.12768
4.08209
3.98125
3.93704
3.89328
3.85001
3.80727
3.765
3.67177
3.63115
3.59112
3.55186
3.51321
3.47518
3.39226
3.35657
3.32166
3.24256
3.14555
3.05323
2.86301
2.78425
2.70865
2.63618
2.5661
2.49849
2.35577
2.29585
2.23825
2.18264
2.12872
2.07654
1.96585
1.9194
1.87469
1.83154
1.78954
1.74878
1.66201
1.62546
1.59021
1.55632
1.52285
1.49039
1.42133
1.39224
1.36391
1.33642
1.30963
1.28361
1.22796
1.20444
1.18153
1.15917
1.13725
1.11583
1.06954
1.04973
1.03042
1.01164
0.993311
0.975291
0.935924
0.919076
0.902651
0.886897
0.871947
0.857172
0.824631
0.810418
0.796379
0.782544
0.768852
0.755338
0.725582
0.712732
0.700095
0.687699
0.675489
0.663493
0.637338
0.626034
0.614945
0.604092
0.593429
0.582979
