-2.94361
-3.54568
-4.27498
-5.12346
-6.10741
-7.28605
-8.75964
-10.575
-12.7107
-15.1981
-18.177
-21.9207
-26.6125
-32.2237
-38.8505
-46.9203
-57.3418
-71.1322
-89.0215
-112.745
-146.222
-193.437
-234.124
-185.618
-6.49641
172.801
223.146
186.025
141.456
108.829
85.3834
67.9074
54.9184
45.1704
37.3795
30.8592
25.378
20.9508
17.4571
14.584
12.1281
10.0211
8.2785
6.88206
5.72399
4.72249
3.84712
2.87187
1.78906
1.20691
-2.94488
-3.54411
-3.54725
-4.27312
-4.27683
-5.12133
-5.1256
-6.10491
-6.10991
-7.28297
-7.28913
-8.75577
-8.76351
-10.5704
-10.5796
-12.7053
-12.7161
-15.1917
-15.2044
-18.1692
-18.1848
-21.9108
-21.9306
-26.6004
-26.6246
-32.2094
-32.238
-38.8335
-38.8675
-46.8991
-46.9416
-57.3136
-57.37
-71.0953
-71.169
-88.9737
-89.0693
-112.68
-112.811
-146.127
-146.317
-193.316
-193.559
-234.089
-234.158
-185.908
-185.328
-6.96667
-6.02595
172.516
173.085
223.169
223.12
186.135
185.914
141.547
141.365
108.893
108.765
85.4307
85.3361
67.9428
67.872
54.9446
54.8922
45.1906
45.1502
37.3961
37.3628
30.8733
30.8451
25.3897
25.3664
20.96
20.9416
17.4644
17.4497
14.5902
14.5778
12.1335
12.1228
10.0257
10.0166
8.28216
8.27485
6.88502
6.8791
5.72651
5.72147
4.72469
4.72028
3.84902
3.84522
2.87533
2.86842
1.79087
1.78726
1.20792
-2.95857
-3.52731
-3.56415
-4.25324
-4.29681
-5.09839
-5.14864
-6.07811
-6.13691
-7.24992
-7.32234
-8.71431
-8.80526
-10.5205
-10.6297
-12.6473
-12.7743
-15.1237
-15.2728
-18.0859
-18.2687
-21.8047
-22.0375
-26.4705
-26.7552
-32.0561
-32.392
-38.6513
-39.0509
-46.6714
-47.1708
-57.0122
-57.6745
-70.7005
-71.5671
-88.4611
-89.5856
-111.984
-113.514
-145.116
-147.341
-192.013
-194.871
-233.686
-234.497
-188.972
-182.167
-12.2344
-0.83436
169.4
176.092
223.376
222.809
187.377
184.722
142.531
140.386
109.584
108.081
85.9415
84.8301
68.3249
67.4934
55.2279
54.612
45.4084
44.9336
37.5758
37.1841
31.025
30.6942
25.5154
25.2414
21.0591
20.8432
17.5438
17.3707
14.6571
14.5112
12.1912
12.0653
10.0746
9.96799
8.32169
8.23568
6.91695
6.84734
5.75362
5.69447
4.74841
4.69664
3.86948
3.82483
2.91308
2.83105
1.81049
1.76798
1.21893
-3.01237
-3.09659
-3.18365
-3.27377
-3.36674
-3.46266
-3.63078
-3.73445
-3.84091
-3.95019
-4.06205
-4.17654
-4.37528
-4.49685
-4.62094
-4.74782
-4.8774
-5.00981
-5.23914
-5.37939
-5.52305
-5.67003
-5.8204
-5.97473
-6.2434
-6.40921
-6.57948
-6.75532
-6.93638
-7.12323
-7.45339
-7.65854
-7.87108
-8.09143
-8.31933
-8.55498
-8.96984
-9.22665
-9.49109
-9.76307
-10.0422
-10.3285
-10.8266
-11.1318
-11.4441
-11.7636
-12.0899
-12.4237
-13.0031
-13.3572
-13.7196
-14.0916
-14.4721
-14.8618
-15.5418
-15.9606
-16.3913
-16.8358
-17.294
-17.7665
-18.6003
-19.12
-19.6584
-20.2179
-20.797
-21.3977
-22.4592
-23.1185
-23.7994
-24.5024
-25.2259
-25.9701
-27.2693
-28.0677
-28.8862
-29.7256
-30.5851
-31.4656
-32.9976
-33.9385
-34.9019
-35.8902
-36.9066
-37.9503
-39.7742
-40.9022
-42.063
-43.2675
-44.5091
-45.7969
-48.0761
-49.5046
-50.9953
-52.5476
-54.1688
-55.8616
-58.8772
-60.7747
-62.7529
-64.814
-66.9593
-69.189
-73.1415
-75.6113
-78.1755
-80.8441
-83.6162
-86.5001
-91.633
-94.8535
-98.2204
-101.747
-105.438
-109.326
-116.32
-120.762
-125.464
-130.435
-135.698
-141.276
-151.424
-157.886
-164.707
-171.838
-179.292
-186.924
-200.007
-207.572
-214.779
-221.536
-227.204
-231.693
-235.091
-233.999
-230.262
-223.473
-213.229
-199.678
-169.083
-146.367
-121.205
-93.5252
-63.9671
-32.7348
19.6386
50.6816
80.5932
108.268
133.799
156.184
186.983
200.701
211.072
218.176
222.305
223.713
221.174
217.159
212.095
206.037
199.183
192.168
180.036
172.837
165.825
159.068
152.605
146.449
136.692
131.294
126.179
121.32
116.705
112.333
105.463
101.624
97.9722
94.4938
91.1484
87.9639
82.8977
80.0569
77.3363
74.7289
72.2306
69.8399
66.0462
63.9235
61.8979
59.9619
58.1115
56.3467
53.5431
51.9725
50.4644
49.0146
47.6167
46.2692
44.1015
42.868
41.6725
40.5103
39.3804
38.2815
36.4963
35.4721
34.4729
33.4991
32.549
31.6216
30.1128
29.247
28.4038
27.5833
26.7855
26.0113
24.7619
24.0523
23.3668
22.7043
22.0662
21.451
20.4658
19.9081
19.3698
18.8491
18.3457
17.8571
17.0667
16.6154
16.1758
15.7466
15.3283
14.9201
14.2544
13.8703
13.4952
13.1278
12.769
12.418
11.8438
11.513
11.1902
10.8746
10.5669
10.2672
9.78096
9.50342
9.23431
8.97353
8.72129
8.47754
8.08537
7.8631
7.64789
7.43975
7.23809
7.04255
6.7254
6.54365
6.36677
6.19397
6.02518
5.86015
5.59033
5.43457
5.28186
5.13206
4.98535
4.84148
4.6053
4.46873
4.33486
4.20371
4.07541
3.9501
3.74644
3.63089
3.51972
3.41372
3.31486
3.06958
2.69196
2.49814
2.32293
2.16442
2.02018
1.88952
1.69569
1.59407
1.50044
1.41467
1.33608
1.26344
