-1.78526
-2.08863
-2.42965
-2.82332
-3.29309
-3.85296
-4.49829
-5.22696
-6.05268
-7.00968
-8.1582
-9.54434
-11.1622
-13.0025
-15.0937
-17.5205
-20.4372
-23.9971
-28.2172
-33.0768
-38.6639
-45.2362
-53.3
-63.5069
-76.2962
-92.175
-112.388
-139.321
-175.942
-217.973
-232.971
-163.595
-6.49641
150.593
221.097
208.913
169.7
134.816
108.478
88.4998
72.8967
60.6688
51.1661
43.5655
37.1965
31.6995
26.9313
22.89
19.5743
16.8317
14.4818
12.4174
10.5968
9.02436
7.71096
6.61524
5.66884
4.82895
4.07691
3.42525
2.35836
1.62452
1.17931
0.884366
0.672861
-1.78607
-2.08773
-2.08953
-2.42862
-2.43068
-2.82211
-2.82452
-3.29165
-3.29454
-3.85126
-3.85466
-4.49636
-4.50023
-5.22479
-5.22913
-6.05021
-6.05516
-7.00676
-7.01261
-8.15465
-8.16176
-9.5401
-9.54857
-11.1573
-11.167
-12.997
-13.008
-15.0874
-15.1
-17.5131
-17.5279
-20.4281
-20.4462
-23.9861
-24.008
-28.2044
-28.2299
-33.0622
-33.0914
-38.647
-38.6809
-45.2159
-45.2565
-53.2746
-53.3254
-63.4747
-63.5391
-76.2563
-76.3362
-92.1252
-92.2248
-112.323
-112.453
-139.232
-139.409
-175.824
-176.06
-217.866
-218.08
-233.023
-232.918
-163.938
-163.252
-6.96667
-6.02595
150.246
150.94
221.034
221.159
209.008
208.818
169.811
169.59
134.901
134.73
108.542
108.415
88.5492
88.4506
72.9355
72.8579
60.699
60.6387
51.1898
51.1424
43.585
43.5461
37.2131
37.1799
31.7139
31.6851
26.9437
26.9188
22.9003
22.8797
19.5827
19.5658
16.8388
16.8246
14.488
14.4757
12.4229
12.4119
10.6016
10.592
9.02841
9.02032
7.71432
7.70761
6.61809
6.61239
5.67134
5.66634
4.83119
4.82672
4.0789
4.07492
3.42688
3.42362
2.36103
2.35569
1.62609
1.62296
1.1803
1.17832
0.885023
0.88371
0.67339
-1.79396
-2.07895
-2.09834
-2.41865
-2.4407
-2.81039
-2.83629
-3.27759
-3.30867
-3.83472
-3.87126
-4.47757
-4.51907
-5.20363
-5.25037
-6.02607
-6.07935
-6.97835
-7.04121
-8.12014
-8.1965
-9.49889
-9.58995
-11.11
-11.2145
-12.9434
-13.0618
-15.0261
-15.1616
-17.441
-17.6004
-20.34
-20.535
-23.8795
-24.1153
-28.0804
-28.3546
-32.9198
-33.2344
-38.4827
-38.8462
-45.0189
-45.4549
-53.0278
-53.5742
-63.1619
-63.8542
-75.8685
-76.7266
-91.6412
-92.7123
-111.694
-113.088
-138.373
-140.276
-174.684
-177.211
-216.806
-219.112
-233.499
-232.366
-167.215
-159.849
-11.7473
-1.32732
146.868
154.279
220.408
221.72
209.918
207.876
170.888
168.518
135.73
133.893
109.165
107.797
89.0317
87.972
73.3154
72.4808
60.9953
60.3459
51.421
50.9123
43.7748
43.3573
37.3753
37.0186
31.8548
31.5449
27.0651
26.7979
23.0011
22.7795
19.6651
19.4839
16.9081
16.7558
14.5483
14.4157
12.4762
12.3589
10.6483
10.5455
9.06805
8.98097
7.74717
7.67501
6.64597
6.58465
5.69572
5.64204
4.85301
4.80498
4.09838
4.05551
3.44275
3.40782
2.38734
2.32987
1.64151
1.60783
1.19001
1.16872
0.891463
0.877329
0.678568
-1.82277
-1.86625
-1.91042
-1.95536
-2.00099
-2.04736
-2.13052
-2.17916
-2.22866
-2.2791
-2.33048
-2.38286
-2.4773
-2.53285
-2.58965
-2.64781
-2.70738
-2.76848
-2.87947
-2.9452
-3.01276
-3.08231
-3.15369
-3.22715
-3.36059
-3.43956
-3.52053
-3.60356
-3.68849
-3.77535
-3.93199
-4.02396
-4.11776
-4.21343
-4.3108
-4.40995
-4.58792
-4.69202
-4.79798
-4.90596
-5.0158
-5.12753
-5.32799
-5.44555
-5.5654
-5.68757
-5.81203
-5.93923
-6.16812
-6.3032
-6.44133
-6.58274
-6.72775
-6.87649
-7.14631
-7.30688
-7.47178
-7.64168
-7.81647
-7.99642
-8.32425
-8.51872
-8.71873
-8.92432
-9.13496
-9.35097
-9.74143
-9.97137
-10.2063
-10.4461
-10.6906
-10.9399
-11.3882
-11.6507
-11.918
-12.1906
-12.468
-12.7507
-13.2582
-13.5553
-13.8586
-14.1686
-14.4842
-14.8061
-15.387
-15.7286
-16.0791
-16.4374
-16.8051
-17.1821
-17.8664
-18.2726
-18.6912
-19.1229
-19.5669
-20.0247
-20.8606
-21.3579
-21.8703
-22.3982
-22.9403
-23.4972
-24.508
-25.1051
-25.7164
-26.3423
-26.9814
-27.6342
-28.8105
-29.5016
-30.2069
-30.926
-31.6597
-32.4087
-33.7569
-34.5486
-35.3565
-36.1827
-37.0282
-37.8922
-39.4525
-40.3756
-41.3193
-42.2899
-43.2899
-44.3143
-46.1849
-47.2994
-48.4474
-49.6387
-50.8722
-52.1464
-54.492
-55.8978
-57.3535
-58.8627
-60.4264
-62.0437
-65.0124
-66.7877
-68.6216
-70.5117
-72.4653
-74.4814
-78.1619
-80.362
-82.6309
-84.9761
-87.3997
-89.9074
-94.5092
-97.2694
-100.14
-103.118
-106.216
-109.451
-115.433
-119.056
-122.851
-126.815
-130.971
-135.331
-143.476
-148.452
-153.656
-159.078
-164.744
-170.625
-181.416
-187.764
-194.157
-200.613
-206.891
-212.874
-222.663
-227.244
-231.079
-233.7
-234.989
-234.715
-229.828
-224.243
-216.215
-206.035
-193.539
-178.49
-146.813
-126.243
-103.88
-80.095
-55.023
-29.0418
15.9733
41.7502
66.979
90.8892
113.362
134.233
165.741
180.689
193.383
203.755
211.871
217.724
223.153
223.688
222.819
220.622
217.196
213.085
204.25
198.525
192.733
186.701
180.811
174.848
164.675
159.102
153.727
148.596
143.589
138.812
130.937
126.697
122.643
118.754
115.029
111.468
105.587
102.392
99.3265
96.3893
93.5509
90.8084
86.26
83.7835
81.3955
79.0889
76.8646
74.7156
71.1344
69.1886
67.3124
65.5035
63.7611
62.0847
59.2979
57.7866
56.3331
54.9293
53.5767
52.2716
50.0912
48.8994
47.7425
46.6211
45.5305
44.4707
42.6811
41.6941
40.73
39.7872
38.8673
37.9681
36.4394
35.5915
34.7606
33.9471
33.1506
32.3701
31.0415
30.3039
29.5821
28.8756
28.1846
27.5094
26.3645
25.7334
25.1184
24.5195
23.9375
23.372
22.4209
21.8999
21.3942
20.904
20.4288
19.9671
19.1905
18.7637
18.3485
17.9428
17.5475
17.162
16.5084
16.1462
15.7913
15.4432
15.1026
14.7688
14.1996
13.8822
13.5711
13.2652
12.9654
12.6709
12.1678
11.8877
11.6128
11.343
11.0785
10.8194
10.3783
10.134
9.89538
9.66217
9.43499
9.21353
8.83963
8.6342
8.43434
8.23986
8.0512
7.86774
7.55824
7.38797
7.22204
7.06014
6.90208
6.74767
6.48522
6.3398
6.19719
6.0571
5.91972
5.78495
5.55456
5.4261
5.29971
5.17524
5.053
4.93269
4.72667
4.61148
4.49822
4.3867
4.2772
4.16956
3.9858
3.88381
3.78407
3.68679
3.59279
3.50186
3.35234
3.21606
3.00417
2.81608
2.64401
2.48618
2.23973
2.11379
1.99739
1.8901
1.79133
1.69938
1.55437
1.47905
1.40918
1.34401
1.28298
1.22603
1.13468
1.08619
1.04035
0.997005
0.955826
0.916563
0.85446
0.82117
0.788801
0.757281
0.726892
0.697636
