-2.68174
-3.00638
-3.37873
-3.80204
-4.27419
-4.79299
-5.3612
-5.9866
-6.68456
-7.47893
-8.39518
-9.44742
-10.6317
-11.9415
-13.3817
-14.9698
-16.7448
-18.7667
-21.1105
-23.8263
-26.9163
-30.3681
-34.1965
-38.4581
-43.2726
-48.8354
-55.4184
-63.2843
-72.6077
-83.582
-96.575
-112.298
-131.825
-156.557
-186.808
-217.941
-234.117
-209.995
-129.223
-6.606
116.208
197.569
222.877
208.9
179.943
151.347
127.504
108.373
92.8634
80.0368
69.3494
60.4733
53.1328
46.975
41.6709
36.9927
32.803
29.0374
25.6779
22.7344
20.199
18.0099
16.0849
14.359
12.7925
11.3671
10.0787
8.93357
7.93482
7.06535
6.2961
5.60182
4.96667
4.38268
3.84935
3.38383
2.5185
1.87824
1.44705
1.14582
-2.68288
-3.00509
-3.00768
-3.37725
-3.38022
-3.80036
-3.80371
-4.27233
-4.27604
-4.79096
-4.79501
-5.35898
-5.36343
-5.98413
-5.98906
-6.68179
-6.68734
-7.47574
-7.48211
-8.3915
-8.39887
-9.44324
-9.4516
-10.6271
-10.6364
-11.9363
-11.9466
-13.376
-13.3873
-14.9636
-14.9761
-16.7378
-16.7519
-18.7586
-18.7748
-21.101
-21.1199
-23.8154
-23.8371
-26.9041
-26.9286
-30.3545
-30.3817
-34.1814
-34.2116
-38.4412
-38.475
-43.2533
-43.2918
-48.8129
-48.8579
-55.3916
-55.4453
-63.2523
-63.3164
-72.5699
-72.6455
-83.5375
-83.6265
-96.5219
-96.6281
-112.233
-112.363
-131.744
-131.907
-156.456
-156.658
-186.689
-186.928
-217.839
-218.043
-234.113
-234.12
-210.187
-209.802
-129.624
-128.822
-7.09156
-6.12032
115.807
116.609
197.376
197.762
222.875
222.879
208.994
208.807
180.056
179.831
151.444
151.249
127.584
127.424
108.437
108.309
92.9159
92.8109
80.0805
79.9931
69.3858
69.313
60.5034
60.4432
53.1578
53.1078
46.9963
46.9538
41.6894
41.6523
37.0092
36.9762
32.8179
32.7882
29.0508
29.0241
25.6897
25.6661
22.7446
22.7242
20.2078
20.1902
18.0176
18.0022
16.0917
16.0781
14.3652
14.3529
12.7981
12.7869
11.3722
11.3621
10.0833
10.0741
8.93757
8.92958
7.93829
7.93135
7.06839
7.0623
6.29882
6.29338
5.6043
5.59935
4.96894
4.96439
4.38477
4.38059
3.85124
3.84746
3.3854
3.38226
2.52144
2.51556
1.88017
1.87632
1.44839
1.44571
1.14678
-2.69255
-2.99409
-3.01874
-3.36464
-3.39289
-3.78613
-3.81801
-4.2566
-4.29182
-4.77375
-4.81227
-5.34009
-5.38238
-5.96322
-6.01004
-6.65828
-6.711
-7.44875
-7.50926
-8.36029
-8.43025
-9.40776
-9.48723
-10.5875
-10.6761
-11.8928
-11.9903
-13.3282
-13.4354
-14.9105
-15.0293
-16.6781
-16.812
-18.6899
-18.8439
-21.0211
-21.2004
-23.7234
-23.9296
-26.8004
-27.0327
-30.2393
-30.4974
-34.0536
-34.34
-38.298
-38.6189
-43.0903
-43.4559
-48.6221
-49.05
-55.1639
-55.6745
-62.9805
-63.5898
-72.2498
-72.9677
-83.1607
-84.0057
-96.0724
-97.0808
-111.683
-112.918
-131.054
-132.603
-155.585
-157.522
-185.675
-187.933
-216.963
-218.904
-234.063
-234.121
-211.78
-208.121
-133.012
-125.403
-11.2136
-2.04146
112.37
119.984
195.698
199.365
222.821
222.88
209.777
208.003
181.021
178.881
152.279
150.421
128.263
126.751
108.981
107.769
93.3634
92.3662
80.4531
79.6232
69.6963
69.0047
60.7603
60.1878
53.3708
52.8961
47.1773
46.7738
41.8473
41.4952
37.1499
36.8362
32.9443
32.6623
29.1642
28.9111
25.7901
25.5663
22.8317
22.6376
20.2825
20.1159
18.083
17.9375
16.1497
16.0205
14.4174
14.3009
12.8457
12.7395
11.4154
11.319
10.122
10.0355
8.97166
8.89568
7.96789
7.90193
7.09433
7.03649
6.32201
6.27028
5.62538
5.57833
4.98833
4.94507
4.40258
4.36284
3.86734
3.83151
3.39882
3.36898
2.54662
2.49083
1.89667
1.86007
1.45986
1.4345
1.15496
-2.72374
-2.76905
-2.81523
-2.86224
-2.91023
-2.95929
-3.05443
-3.10638
-3.15937
-3.21333
-3.26846
-3.32471
-3.4337
-3.49309
-3.55353
-3.61495
-3.67748
-3.74104
-3.86394
-3.93049
-3.99806
-4.06654
-4.13611
-4.20669
-4.34249
-4.41583
-4.49015
-4.56538
-4.64172
-4.71904
-4.86778
-4.94813
-5.02956
-5.11195
-5.19553
-5.28021
-5.44323
-5.53135
-5.62074
-5.71137
-5.80352
-5.89701
-6.07743
-6.17517
-6.27477
-6.37592
-6.4789
-6.58382
-6.78725
-6.89804
-7.01076
-7.12576
-7.24323
-7.36329
-7.59667
-7.72406
-7.85433
-7.98722
-8.12302
-8.26169
-8.53131
-8.67836
-8.82839
-8.98113
-9.13685
-9.29536
-9.60205
-9.76891
-9.93805
-10.1098
-10.2845
-10.462
-10.8038
-10.9886
-11.1762
-11.3662
-11.5591
-11.7546
-12.1309
-12.3342
-12.5405
-12.7493
-12.9614
-13.1762
-13.5897
-13.8137
-14.0408
-14.2709
-14.5048
-14.7423
-15.2008
-15.4499
-15.7031
-15.9601
-16.222
-16.4886
-17.0056
-17.2874
-17.5747
-17.8674
-18.1669
-18.4725
-19.0671
-19.393
-19.7253
-20.0644
-20.4127
-20.7682
-21.4598
-21.8384
-22.2247
-22.6183
-23.0211
-23.4317
-24.2277
-24.6608
-25.1021
-25.5508
-26.0072
-26.4714
-27.3679
-27.8544
-28.3481
-28.849
-29.3575
-29.8736
-30.8697
-31.4086
-31.9561
-32.5113
-33.0752
-33.6478
-34.7532
-35.3516
-35.9599
-36.5779
-37.2061
-37.8448
-39.0823
-39.7545
-40.4395
-41.1369
-41.847
-42.5735
-43.9851
-44.7559
-45.544
-46.3511
-47.1766
-48.0192
-49.6703
-50.5774
-51.5086
-52.462
-53.4397
-54.4447
-56.4151
-57.4977
-58.6097
-59.7508
-60.9207
-62.1214
-64.4733
-65.7618
-67.0824
-68.4341
-69.8203
-71.2379
-74.0081
-75.5257
-77.079
-78.6692
-80.2986
-81.9692
-85.2304
-87.0182
-88.8528
-90.7358
-92.6712
-94.6528
-98.5451
-100.689
-102.894
-105.17
-107.519
-109.951
-114.719
-117.363
-120.103
-122.934
-125.847
-128.872
-134.868
-138.212
-141.678
-145.272
-148.979
-152.821
-160.373
-164.572
-168.906
-173.304
-177.843
-182.443
-191.156
-195.892
-200.65
-205.247
-209.667
-214.029
-221.579
-225.088
-228.148
-230.722
-232.745
-233.959
-233.821
-232.591
-230.281
-226.863
-222.138
-216.396
-202.365
-193.243
-182.551
-170.621
-157.604
-143.329
-114.22
-97.5302
-80.019
-61.8244
-43.0058
-24.2386
11.1244
29.9578
48.5825
66.8867
84.4286
101.153
130.402
144.628
157.674
169.684
180.335
189.705
204.117
210.055
214.867
218.256
220.759
222.246
222.697
221.934
220.404
218.053
215.216
212.16
205.323
201.308
197.141
192.854
188.462
184.111
175.789
171.468
167.212
163.029
158.956
154.968
147.764
144.105
140.531
137.055
133.707
130.468
124.622
121.668
118.811
116.042
113.354
110.75
106.057
103.673
101.362
99.1136
96.9324
94.81
90.9598
88.9976
87.0888
85.2306
83.4207
81.6584
78.4539
76.8197
75.2317
73.678
72.1687
70.701
68.031
66.6716
65.347
64.0577
62.8069
61.5914
59.3817
58.2592
57.1659
56.1036
55.0682
54.0603
52.2268
51.2904
50.3762
49.4847
48.6138
47.7617
46.2038
45.4032
44.6186
43.8494
43.096
42.3563
40.9968
40.295
39.6041
38.9256
38.2584
37.6028
36.392
35.7649
35.1471
34.5389
33.9406
33.3512
32.2627
31.6992
31.1443
30.5975
30.0592
29.5296
28.5528
28.0479
27.5512
27.0636
26.5845
26.1139
25.2498
24.8044
24.3682
23.9411
23.522
23.1125
22.3637
21.9789
21.6028
21.2355
20.8756
20.5238
19.8805
19.5495
19.2253
18.9087
18.5975
18.2926
17.7324
17.4432
17.1588
16.8798
16.6057
16.3356
15.8379
15.5799
15.3256
15.0754
14.8285
14.5852
14.1357
13.902
13.6718
13.4445
13.22
12.9986
12.5891
12.3763
12.1664
11.9598
11.7557
11.5544
11.1824
10.9893
10.7992
10.6123
10.4282
10.2469
9.91309
9.74065
9.57114
9.40502
9.24196
9.08174
8.78837
8.6374
8.48942
8.34448
8.20253
8.06339
7.80873
7.67759
7.54893
7.42299
7.29925
7.17783
6.95467
6.83929
6.72584
6.61445
6.50469
6.39655
6.19698
6.09334
5.99126
5.89067
5.7913
5.69312
5.51158
5.41712
5.32376
5.23168
5.14062
5.05066
4.88369
4.79678
4.71095
4.62625
4.54251
4.45978
4.30648
4.22674
4.14804
4.07059
3.99421
3.91909
3.78105
3.70988
3.64025
3.57244
3.50651
3.44239
3.32726
3.18955
3.0317
2.88757
2.75411
2.62933
2.41409
2.3101
2.21242
2.12027
2.03305
1.95103
1.80933
1.73978
1.67396
1.61196
1.55363
1.49741
1.39961
1.35158
1.30577
1.26222
1.22082
1.18153
