-2.22864
-2.40783
-2.60051
-2.80993
-3.04068
-3.29587
-3.57654
-3.8816
-4.20885
-4.55739
-4.92721
-5.31957
-5.73747
-6.18487
-6.66827
-7.19706
-7.78306
-8.43474
-9.15444
-9.93862
-10.7822
-11.6822
-12.6397
-13.6585
-14.7466
-15.9152
-17.185
-18.5789
-20.1317
-21.8671
-23.7905
-25.8948
-28.1665
-30.6044
-33.2124
-36.0083
-39.0229
-42.2995
-45.9043
-49.9341
-54.508
-59.7278
-65.6545
-72.3275
-79.8116
-88.215
-97.7408
-108.692
-121.497
-136.771
-155.227
-177.716
-204.373
-233.021
-257.909
-268.095
-251.141
-198.481
-112.506
-6.77006
99.2649
185.365
238.144
256.091
247.021
224.027
197.08
172.049
150.566
132.617
117.626
104.941
94.0628
84.5948
76.2975
69.0094
62.6512
57.1245
52.3107
48.0625
44.251
40.7753
37.5751
34.6042
31.837
29.2573
26.8664
24.6672
22.6754
20.8929
19.2954
17.8505
16.5266
15.298
14.1499
13.0725
12.0588
11.1068
10.218
9.39584
8.64642
7.97057
7.36011
6.80299
6.28848
5.80803
5.35555
4.92795
4.52304
4.14019
3.78147
3.45318
2.9697
2.37599
1.94144
1.61541
1.36307
1.16403
1.00128
0.867787
-2.22958
-2.40682
-2.40884
-2.59942
-2.6016
-2.80874
-2.81112
-3.03936
-3.04199
-3.29441
-3.29733
-3.57495
-3.57814
-3.87988
-3.88332
-4.20702
-4.21069
-4.55544
-4.55934
-4.92514
-4.92928
-5.31738
-5.32177
-5.73513
-5.73982
-6.18235
-6.18739
-6.66553
-6.67103
-7.19404
-7.20008
-7.7797
-7.78642
-8.43101
-8.43847
-9.15034
-9.15854
-9.9342
-9.94305
-10.7774
-10.7869
-11.6771
-11.6873
-12.6344
-12.6451
-13.6528
-13.6642
-14.7405
-14.7527
-15.9086
-15.9218
-17.1778
-17.1922
-18.571
-18.5869
-20.1228
-20.1406
-21.8572
-21.8771
-23.7795
-23.8014
-25.8829
-25.9068
-28.1537
-28.1793
-30.5907
-30.6181
-33.1977
-33.227
-35.9926
-36.0241
-39.0059
-39.0399
-42.2808
-42.3182
-45.8837
-45.925
-49.9107
-49.9575
-54.4815
-54.5345
-59.6976
-59.7581
-65.6202
-65.6888
-72.2891
-72.3659
-79.7685
-79.8546
-88.1664
-88.2636
-97.6856
-97.7961
-108.627
-108.756
-121.421
-121.572
-136.68
-136.862
-155.116
-155.338
-177.581
-177.85
-204.22
-204.526
-232.867
-233.175
-257.806
-258.01
-268.105
-268.086
-251.325
-250.949
-198.862
-198.099
-113.031
-111.981
-7.3662
-6.17384
98.727
99.8024
184.983
185.746
237.959
238.328
256.083
256.099
247.121
246.921
224.171
223.883
197.226
196.935
172.176
171.922
150.673
150.459
132.706
132.528
117.7
117.552
105.005
104.878
94.1178
94.0078
84.6429
84.5468
76.3398
76.2553
69.0464
68.9724
62.6834
62.6191
57.1525
57.0965
52.3352
52.2861
48.0844
48.0407
44.2708
44.2313
40.7934
40.7572
37.5919
37.5583
34.6198
34.5887
31.8515
31.8225
29.2708
29.2438
26.8789
26.854
24.6786
24.6558
22.6857
22.6652
20.9021
20.8837
19.3036
19.2872
17.858
17.843
16.5336
16.5197
15.3045
15.2916
14.1558
14.144
13.0782
13.0668
12.0642
12.0535
11.1118
11.1018
10.2226
10.2133
9.40011
9.39157
8.65029
8.64256
7.97406
7.96708
7.36327
7.35694
6.8059
6.80008
6.29118
6.28578
5.81057
5.80549
5.35794
5.35317
4.93021
4.92569
4.52518
4.5209
4.1422
4.13817
3.78335
3.7796
3.45486
3.4515
2.9735
2.96591
2.37873
2.37325
1.94347
1.93941
1.61696
1.61387
1.36428
1.36185
1.165
1.16306
1.00208
1.00048
0.868429
-2.23642
-2.39954
-2.41615
-2.59154
-2.60951
-2.80011
-2.81979
-3.02983
-3.05156
-3.28387
-3.30791
-3.56341
-3.58973
-3.86745
-3.8958
-4.19373
-4.22402
-4.5413
-4.57352
-4.91017
-4.94429
-5.30146
-5.33773
-5.71816
-5.75685
-6.16411
-6.2057
-6.64572
-6.69095
-7.1722
-7.22204
-7.75545
-7.81082
-8.40402
-8.4656
-9.12071
-9.18831
-9.90219
-9.97517
-10.7432
-10.8213
-11.6406
-11.7239
-12.5956
-12.684
-13.6114
-13.7058
-14.6962
-14.7972
-15.8608
-15.9698
-17.1256
-17.2446
-18.5132
-18.645
-20.0583
-20.2054
-21.7853
-21.9494
-23.7002
-23.8812
-25.7965
-25.9936
-28.0612
-28.2722
-30.4915
-30.7177
-33.0917
-33.3335
-35.8786
-36.1386
-38.8826
-39.1636
-42.1458
-42.4533
-45.7345
-46.075
-49.7423
-50.1279
-54.2898
-54.7276
-59.4786
-59.9782
-65.3726
-65.938
-72.0116
-72.6451
-79.4575
-80.1676
-87.8153
-88.617
-97.2865
-98.1983
-108.164
-109.224
-120.875
-122.124
-136.025
-137.524
-154.316
-156.144
-176.611
-178.833
-203.114
-205.633
-231.739
-234.238
-257.047
-258.731
-268.145
-267.951
-252.546
-249.529
-201.594
-195.305
-116.952
-108.111
-11.6596
-1.84864
94.8125
103.687
182.18
188.477
236.605
239.638
255.988
256.175
247.838
246.184
225.203
222.834
198.284
195.884
173.1
171.007
151.448
149.688
133.354
131.885
118.243
117.015
105.467
104.419
94.5182
93.6102
84.9925
84.1994
76.6469
75.95
69.3154
68.7047
62.9176
62.3865
57.3563
56.8942
52.5129
52.1087
48.243
47.8829
44.4141
44.0886
40.925
40.6261
37.7134
37.4367
34.7329
34.476
31.9571
31.7173
29.3689
29.146
26.9696
26.7637
24.7615
24.5734
22.7602
22.5912
20.9687
20.8174
19.3637
19.2275
17.9125
17.7887
16.584
16.4695
15.3512
15.245
14.1996
14.1006
13.1194
13.0257
12.103
12.0148
11.1481
11.0656
10.2564
10.1796
9.43115
9.36067
8.6784
8.6146
7.99945
7.94181
7.38627
7.33406
6.82702
6.77904
6.31077
6.26626
5.82894
5.78714
5.37528
5.33588
4.94661
4.90934
4.54072
4.5054
4.15684
4.12358
3.797
3.76601
3.46705
3.43939
3.00131
2.93865
2.39873
2.35355
1.95829
1.92481
1.62827
1.60273
1.37312
1.35311
1.17208
1.15605
1.00792
0.994681
0.873097
-2.25481
-2.27936
-2.30421
-2.32932
-2.35466
-2.38015
-2.43579
-2.46217
-2.4889
-2.51583
-2.54309
-2.57057
-2.63088
-2.6594
-2.68834
-2.7177
-2.74729
-2.77723
-2.84315
-2.87464
-2.90639
-2.93861
-2.97142
-3.00463
-3.07731
-3.11201
-3.14721
-3.18298
-3.21912
-3.25586
-3.33646
-3.37475
-3.41348
-3.45273
-3.49259
-3.53283
-3.62085
-3.66272
-3.70505
-3.74769
-3.79079
-3.83433
-3.9294
-3.97433
-4.01967
-4.06545
-4.11176
-4.15833
-4.25975
-4.30779
-4.35608
-4.40483
-4.45401
-4.50372
-4.61151
-4.66244
-4.71373
-4.76556
-4.81763
-4.87025
-4.98464
-5.03854
-5.09299
-5.14788
-5.20324
-5.25919
-5.38056
-5.438
-5.49606
-5.55441
-5.61339
-5.67297
-5.80251
-5.86382
-5.92587
-5.98852
-6.05184
-6.11555
-6.25486
-6.32094
-6.38766
-6.45534
-6.52386
-6.59304
-6.74445
-6.8165
-6.88945
-6.96352
-7.03827
-7.11424
-7.28145
-7.3609
-7.44152
-7.5234
-7.60662
-7.69108
-7.87639
-7.96477
-8.0547
-8.14594
-8.23846
-8.33235
-8.53851
-8.63667
-8.73598
-8.83661
-8.93852
-9.04191
-9.26827
-9.37566
-9.48425
-9.59414
-9.7048
-9.81696
-10.0614
-10.1772
-10.2941
-10.4122
-10.5315
-10.652
-10.9136
-11.0372
-11.162
-11.2878
-11.415
-11.5432
-11.8222
-11.954
-12.0867
-12.2206
-12.3559
-12.4921
-12.7885
-12.9285
-13.0698
-13.2123
-13.3561
-13.5012
-13.8172
-13.9668
-14.1171
-14.2693
-14.423
-14.5784
-14.9163
-15.0763
-15.2384
-15.4019
-15.5671
-15.7339
-16.0988
-16.2722
-16.4477
-16.625
-16.8044
-16.9866
-17.3857
-17.5753
-17.7679
-17.9621
-18.1594
-18.3601
-18.8015
-19.0121
-19.2257
-19.4427
-19.6636
-19.8873
-20.3797
-20.6151
-20.8541
-21.0971
-21.3438
-21.5943
-22.1445
-22.406
-22.6711
-22.9408
-23.2129
-23.4893
-24.0955
-24.3834
-24.6747
-24.9695
-25.2664
-25.5681
-26.226
-26.5366
-26.8512
-27.1691
-27.4904
-27.8152
-28.5217
-28.8564
-29.1944
-29.5352
-29.8797
-30.2276
-30.9851
-31.3431
-31.7043
-32.0691
-32.4379
-32.8098
-33.6195
-34.0032
-34.3905
-34.7814
-35.1766
-35.5756
-36.4463
-36.8591
-37.2762
-37.6977
-38.1246
-38.5552
-39.4961
-39.9438
-40.397
-40.8555
-41.3187
-41.7885
-42.8166
-43.3064
-43.8036
-44.3087
-44.8203
-45.3388
-46.4796
-47.0248
-47.5783
-48.142
-48.7143
-49.2969
-50.5858
-51.2018
-51.8287
-52.4684
-53.1203
-53.7828
-55.2476
-55.9501
-56.668
-57.398
-58.1415
-58.899
-60.5719
-61.3723
-62.1863
-63.0147
-63.8579
-64.7166
-66.6098
-67.5139
-68.4328
-69.3655
-70.3121
-71.276
-73.3992
-74.411
-75.4414
-76.4876
-77.5505
-78.6336
-81.0106
-82.1457
-83.3001
-84.4744
-85.6703
-86.8859
-89.5694
-90.8524
-92.158
-93.4889
-94.8469
-96.2301
-99.2832
-100.752
-102.249
-103.776
-105.342
-106.939
-110.486
-112.191
-113.933
-115.724
-117.552
-119.432
-123.618
-125.644
-127.734
-129.865
-132.045
-134.294
-139.323
-141.763
-144.266
-146.831
-149.492
-152.218
-158.322
-161.286
-164.343
-167.503
-170.741
-174.059
-181.468
-185.018
-188.676
-192.423
-196.249
-200.142
-208.591
-212.6
-216.635
-220.696
-224.77
-228.758
-237.126
-240.913
-244.63
-248.22
-251.656
-254.87
-260.512
-262.713
-264.639
-266.375
-267.586
-268.236
-267.474
-266.489
-264.876
-262.537
-259.584
-255.91
-245.48
-239.66
-232.983
-225.575
-217.498
-208.656
-187.6
-176.749
-165.175
-152.903
-140.247
-127.193
-97.5535
-83.28
-68.6408
-53.6313
-38.5445
-23.2981
9.73204
25.1589
40.3644
55.3158
69.8323
84.2146
113.896
126.986
139.497
151.664
163.322
174.371
195.487
204.212
212.389
220.201
226.814
232.64
242.926
246.667
249.833
252.58
254.307
255.459
256.239
255.836
254.875
253.484
251.754
249.657
244.155
241.355
238.303
234.985
231.458
227.883
220.049
216.298
212.473
208.701
204.911
201.12
193.132
189.49
185.889
182.399
178.946
175.574
168.584
165.416
162.316
159.324
156.39
153.542
147.656
145.013
142.439
139.928
137.474
135.103
130.19
127.991
125.848
123.76
121.715
119.715
115.586
113.729
111.913
110.15
108.415
106.718
103.206
101.624
100.076
98.5491
97.0581
95.5985
92.5575
91.1831
89.8347
88.511
87.2123
85.9361
83.2799
82.0771
80.8956
79.7327
78.5935
77.4749
75.142
74.0861
73.0479
72.0272
71.0243
70.0422
67.9968
67.0711
66.1635
65.2754
64.404
63.5497
61.7701
60.9644
60.1762
59.4047
58.6479
57.9043
56.3586
55.6587
54.9724
54.2988
53.6398
52.9925
51.6394
51.0262
50.4219
49.828
49.2439
48.6704
47.4642
46.915
46.3747
45.8428
45.3178
44.7999
43.7095
43.2114
42.7194
42.2335
41.7531
41.2787
40.2781
39.8209
39.3685
38.9212
38.4783
38.0394
37.1144
36.6906
36.2706
35.8553
35.4439
35.0365
34.1765
33.782
33.3914
33.0039
32.6204
32.2405
31.4378
31.0694
30.7047
30.3438
29.9864
29.6325
28.8864
28.5445
28.2059
27.8711
27.5402
27.2131
26.5239
26.208
25.896
25.5876
25.2832
24.9842
24.3553
24.0673
23.7843
23.5059
23.2314
22.9608
22.3946
22.1372
21.8846
21.6349
21.3894
21.1479
20.6412
20.4107
20.184
19.9603
19.7405
19.524
19.0691
18.8623
18.6569
18.4548
18.2554
18.0591
17.6443
17.4547
17.2673
17.0825
16.8995
16.7189
16.3359
16.1603
15.9869
15.8153
15.6453
15.4768
15.1208
14.9572
14.7953
14.6345
14.4755
14.3178
13.9841
13.8307
13.6785
13.5278
13.3784
13.2299
12.9163
12.772
12.6291
12.4874
12.3466
12.2071
11.9119
11.7764
11.642
11.5085
11.3763
11.2455
10.9692
10.8423
10.7163
10.592
10.469
10.3471
10.0902
9.97211
9.85533
9.74024
9.62661
9.51442
9.27836
9.1706
9.06433
8.95954
8.8561
8.7541
8.54025
8.44295
8.34707
8.25259
8.15937
8.06769
7.87468
7.78682
7.70021
7.61486
7.5308
7.44795
7.2733
7.19366
7.11453
7.03664
6.95986
6.88384
6.72316
6.64974
6.57719
6.5051
6.4339
6.36339
6.21428
6.14584
6.07805
6.01086
5.94438
5.87819
5.73831
5.67411
5.61021
5.54691
5.48412
5.42177
5.28984
5.22912
5.16884
5.10905
5.0495
4.99057
4.86587
4.80824
4.75117
4.69451
4.63823
4.5825
4.46408
4.4096
4.35565
4.30192
4.24877
4.1961
4.0848
4.0335
3.98279
3.93255
3.88297
3.83367
3.72984
3.68261
3.63573
3.58971
3.54444
3.49992
3.40746
3.36581
3.32531
3.2861
3.18781
3.07786
2.86767
2.77717
2.69023
2.60756
2.52849
2.45342
2.30201
2.2362
2.17312
2.11246
2.05439
1.99871
1.88667
1.83773
1.79071
1.74527
1.70151
1.65908
1.57334
1.53541
1.49882
1.46322
1.4296
1.39706
1.33008
1.30038
1.27165
1.24395
1.21712
1.19121
1.13753
1.11355
1.09012
1.06736
1.04524
1.02378
0.979358
0.959492
0.940164
0.921409
0.90312
0.885641
