-3.02493
-3.22508
-3.44074
-3.67222
-3.91855
-4.17936
-4.45401
-4.74251
-5.0455
-5.36379
-5.69905
-6.05324
-6.42971
-6.83242
-7.26578
-7.7353
-8.24463
-8.79588
-9.38904
-10.0218
-10.693
-11.4016
-12.1472
-12.932
-13.7583
-14.6305
-15.5554
-16.5399
-17.5979
-18.7399
-19.9819
-21.3342
-22.8022
-24.3875
-26.0841
-27.8906
-29.8041
-31.8274
-33.9677
-36.2352
-38.6473
-41.2235
-43.9989
-47.0124
-50.3094
-53.9485
-57.9729
-62.4216
-67.3211
-72.6932
-78.5763
-85.0254
-92.1191
-99.9801
-108.772
-118.702
-130.028
-143.039
-158.067
-175.218
-194.376
-214.387
-232.899
-246.32
-249.088
-235.943
-203.938
-151.85
-83.7309
-6.67427
70.5208
138.399
191.03
223.264
237.251
235.416
223.355
206.105
187.37
169.353
152.993
138.525
125.861
114.753
104.965
96.259
88.4688
81.4553
75.1301
69.4134
64.2711
59.6558
55.5088
51.7747
48.3788
45.2685
42.3892
39.7043
37.1884
34.818
32.5814
30.4698
28.4799
26.6129
24.8688
23.2544
21.7688
20.4047
19.1503
17.9896
16.9084
15.8938
14.9363
14.0298
13.1677
12.3487
11.5706
10.8323
10.136
9.48287
8.87489
8.31222
7.79252
7.31158
6.86366
6.44396
6.04764
5.67162
5.31349
4.9714
4.6444
4.33216
4.03493
3.75494
3.49609
3.19372
2.65208
2.23725
1.90983
1.64797
-3.02624
-3.22366
-3.2265
-3.43922
-3.44226
-3.6706
-3.67385
-3.91683
-3.92028
-4.17754
-4.18118
-4.45209
-4.45592
-4.7405
-4.74452
-5.04339
-5.04761
-5.36157
-5.36601
-5.69671
-5.7014
-6.05077
-6.05572
-6.42707
-6.43235
-6.82958
-6.83526
-7.26272
-7.26885
-7.73197
-7.73863
-8.24102
-8.24825
-8.79199
-8.79978
-9.38487
-9.39322
-10.0173
-10.0262
-10.6883
-10.6977
-11.3966
-11.4065
-12.142
-12.1525
-12.9265
-12.9375
-13.7525
-13.764
-14.6244
-14.6366
-15.5489
-15.5619
-16.533
-16.5468
-17.5904
-17.6053
-18.7318
-18.748
-19.9731
-19.9907
-21.3246
-21.3439
-22.7919
-22.8126
-24.3764
-24.3987
-26.0722
-26.0961
-27.878
-27.9033
-29.7907
-29.8175
-31.8132
-31.8415
-33.9527
-33.9826
-36.2193
-36.2511
-38.6303
-38.6642
-41.2053
-41.2416
-43.9793
-44.0185
-46.991
-47.0338
-50.2859
-50.3329
-53.9224
-53.9745
-57.944
-58.0017
-62.3899
-62.4534
-67.2862
-67.356
-72.655
-72.7314
-78.5345
-78.6182
-84.9796
-85.0714
-92.0684
-92.1698
-99.9236
-100.037
-108.708
-108.835
-118.63
-118.774
-129.946
-130.11
-142.943
-143.134
-157.958
-158.176
-175.095
-175.342
-194.239
-194.512
-214.25
-214.525
-232.784
-233.015
-246.26
-246.38
-249.113
-249.064
-236.089
-235.796
-204.223
-203.638
-152.265
-151.434
-84.2311
-83.2302
-7.21207
-6.13635
70.0152
71.0259
137.981
138.815
190.744
191.316
223.112
223.416
237.216
237.285
235.464
235.367
223.461
223.25
206.232
205.978
187.495
187.245
169.472
169.235
153.097
152.889
138.617
138.433
125.942
125.78
114.824
114.683
105.027
104.903
96.3149
96.2031
88.519
88.4186
81.5006
81.4101
75.1709
75.0892
69.4503
69.3765
64.3044
64.2379
59.6857
59.626
55.5356
55.482
51.799
51.7504
48.401
48.3567
45.2888
45.2482
42.4081
42.3703
39.722
39.6867
37.205
37.1718
34.8336
34.8023
32.5962
32.5667
30.4838
30.4559
28.4931
28.4668
26.6252
26.6006
24.8803
24.8574
23.265
23.2438
21.7786
21.7591
20.4136
20.3958
19.1585
19.1421
17.9972
17.9819
16.9155
16.9012
15.9005
15.8871
14.9426
14.9299
14.0358
14.0237
13.1734
13.162
12.3542
12.3433
11.5758
11.5654
10.8372
10.8274
10.1406
10.1314
9.48716
9.47858
8.87888
8.8709
8.31591
8.30853
7.79592
7.78912
7.31475
7.30844
6.8666
6.86071
6.44673
6.44119
6.05026
6.04501
5.67412
5.66913
5.31588
5.3111
4.97367
4.96912
4.64657
4.64222
4.33424
4.33008
4.0369
4.03297
3.75678
3.7531
3.49776
3.49442
3.19799
3.18945
2.65527
2.64889
2.23974
2.23475
1.9118
1.90785
1.64958
-3.03511
-3.21411
-3.23609
-3.42896
-3.45256
-3.65964
-3.68484
-3.9052
-3.93194
-4.16526
-4.1935
-4.43919
-4.46887
-4.72694
-4.75812
-5.02915
-5.06189
-5.34661
-5.38102
-5.6809
-5.71725
-6.03408
-6.07247
-6.40926
-6.45023
-6.81047
-6.85446
-7.24207
-7.2896
-7.70953
-7.76117
-8.21668
-8.27271
-8.76577
-8.82611
-9.35675
-9.42141
-9.98744
-10.0562
-10.6566
-10.7294
-11.3633
-11.4399
-12.107
-12.1876
-12.8896
-12.9745
-13.7136
-13.8031
-14.5833
-14.6779
-15.5052
-15.6058
-16.4863
-16.5938
-17.5401
-17.6558
-18.6773
-18.8028
-19.9136
-20.0504
-21.2599
-21.4089
-22.7218
-22.883
-24.3012
-24.4742
-25.9919
-26.1767
-27.7927
-27.9889
-29.7005
-29.908
-31.7178
-31.9372
-33.8517
-34.0839
-36.1123
-36.3586
-38.5161
-38.7789
-41.0832
-41.3643
-43.8473
-44.1511
-46.8469
-47.1785
-50.1274
-50.4923
-53.747
-54.1507
-57.7498
-58.1973
-62.1761
-62.6684
-67.0513
-67.5921
-72.3976
-72.99
-78.2528
-78.9015
-84.6706
-85.3819
-91.727
-92.5133
-99.5438
-100.419
-108.281
-109.265
-118.146
-119.262
-129.392
-130.668
-142.302
-143.78
-157.225
-158.914
-174.263
-176.181
-193.318
-195.407
-213.32
-215.447
-231.998
-233.791
-245.841
-246.767
-249.263
-248.882
-237.041
-234.771
-206.129
-201.599
-155.042
-148.605
-87.611
-79.8392
-10.8391
-2.50221
66.5893
74.4221
135.147
141.592
188.785
193.222
222.06
224.475
236.958
237.494
235.797
235.019
224.137
222.535
207.087
205.135
188.337
186.402
170.274
168.438
153.803
152.182
139.241
137.814
126.489
125.237
115.303
114.207
105.45
104.484
96.6936
95.8269
88.859
88.0808
81.8069
81.1056
75.4473
74.8146
69.6997
69.1284
64.5294
64.0142
59.8878
59.425
55.7163
55.302
51.9633
51.5871
48.5506
48.2082
45.4262
45.1113
42.5359
42.2431
39.8416
39.5676
37.3172
37.0599
34.9395
34.6967
32.6961
32.4671
30.5781
30.3618
28.5818
28.3784
26.7083
26.5179
24.9575
24.7805
23.3364
23.1727
21.8443
21.6937
20.4737
20.336
19.2142
19.0868
18.0486
17.9307
16.9636
16.8533
15.9458
15.842
14.9854
14.8873
14.0764
13.9832
13.2121
13.1235
12.3909
12.3067
11.6107
11.5307
10.8702
10.7945
10.1718
10.1004
9.5162
9.44968
8.90586
8.84406
8.34087
8.28369
7.8189
7.76625
7.33613
7.28723
6.88653
6.84086
6.46546
6.42252
6.068
6.02733
5.69099
5.65231
5.33197
5.29503
4.98905
4.95378
4.66127
4.62756
4.34827
4.31609
4.05018
4.01974
3.76922
3.74071
3.50907
3.48319
3.22709
3.16084
2.67698
2.62753
2.25671
2.21808
1.92524
1.89461
1.66048
-3.05629
-3.08276
-3.10956
-3.13662
-3.16397
-3.1917
-3.25883
-3.28736
-3.31634
-3.3456
-3.37508
-3.40487
-3.47702
-3.50788
-3.53895
-3.5703
-3.6019
-3.63388
-3.71094
-3.74379
-3.77695
-3.8102
-3.84386
-3.87784
-3.95964
-3.99443
-4.02956
-4.06486
-4.10041
-4.13634
-4.22272
-4.25944
-4.29645
-4.33361
-4.37114
-4.40882
-4.49957
-4.5381
-4.57699
-4.61604
-4.65544
-4.69502
-4.79037
-4.83085
-4.87168
-4.91268
-4.95396
-4.99562
-5.09576
-5.13828
-5.18119
-5.22424
-5.26758
-5.31137
-5.41663
-5.46135
-5.50649
-5.55185
-5.59754
-5.64368
-5.75486
-5.80221
-5.84973
-5.89762
-5.94593
-5.99472
-6.11227
-6.16246
-6.21298
-6.26397
-6.31538
-6.36738
-6.49267
-6.54626
-6.60033
-6.65478
-6.70975
-6.76556
-6.90006
-6.95742
-7.01559
-7.0742
-7.13365
-7.19358
-7.33895
-7.40114
-7.46415
-7.52765
-7.59185
-7.65691
-7.81465
-7.8819
-7.95026
-8.01916
-8.08886
-8.1595
-8.33076
-8.4038
-8.47784
-8.55246
-8.62782
-8.70414
-8.8887
-8.96748
-9.04725
-9.12752
-9.20857
-9.29062
-9.48834
-9.57272
-9.65808
-9.74334
-9.82981
-9.91714
-10.1274
-10.2169
-10.3074
-10.3983
-10.4898
-10.5822
-10.8047
-10.8993
-10.9948
-11.0908
-11.1874
-11.2848
-11.5192
-11.6187
-11.7192
-11.8201
-11.9218
-12.0244
-12.2711
-12.3759
-12.4816
-12.5878
-12.6947
-12.8027
-13.0624
-13.1727
-13.284
-13.3958
-13.5082
-13.622
-13.8957
-14.0123
-14.1294
-14.2474
-14.3664
-14.4865
-14.7759
-14.8989
-15.0233
-15.1483
-15.2746
-15.4023
-15.7099
-15.8408
-15.9729
-16.106
-16.2404
-16.3765
-16.7052
-16.8456
-16.9877
-17.1307
-17.2758
-17.4219
-17.7757
-17.9267
-18.08
-18.2349
-18.3911
-18.5494
-18.9331
-19.0974
-19.264
-19.4322
-19.6021
-19.7744
-20.1921
-20.3709
-20.5522
-20.7352
-20.9203
-21.1081
-21.563
-21.7569
-21.9545
-22.1534
-22.3541
-22.5574
-23.0502
-23.2606
-23.4738
-23.6884
-23.905
-24.1244
-24.6534
-24.8792
-25.1075
-25.3368
-25.5687
-25.8031
-26.3681
-26.6087
-26.8518
-27.0962
-27.3427
-27.592
-28.1922
-28.4476
-28.7047
-28.964
-29.2252
-29.4882
-30.1228
-30.3927
-30.6647
-30.9387
-31.2147
-31.4931
-32.1645
-32.45
-32.7376
-33.0275
-33.3195
-33.6141
-34.3246
-34.627
-34.9316
-35.2384
-35.548
-35.8603
-36.6139
-36.9348
-37.2585
-37.5851
-37.9144
-38.2473
-39.0514
-39.3937
-39.739
-40.088
-40.4402
-40.7959
-41.6565
-42.0247
-42.3971
-42.7734
-43.1532
-43.5369
-44.4681
-44.8666
-45.2695
-45.6772
-46.09
-46.5086
-47.5228
-47.9577
-48.3982
-48.8447
-49.2976
-49.7559
-50.8721
-51.352
-51.8378
-52.3303
-52.8293
-53.3354
-54.5688
-55.0986
-55.6357
-56.1804
-56.7332
-57.2939
-58.6612
-59.2475
-59.8421
-60.445
-61.0555
-61.6737
-63.1806
-63.8273
-64.4823
-65.1457
-65.8182
-66.4992
-68.1547
-68.8659
-69.5828
-70.3092
-71.046
-71.7927
-73.6054
-74.3836
-75.1716
-75.9686
-76.7748
-77.591
-79.5763
-80.4284
-81.2922
-82.1656
-83.0499
-83.9452
-86.1221
-87.0571
-88.0044
-88.9641
-89.937
-90.9251
-93.332
-94.3654
-95.413
-96.4767
-97.556
-98.6548
-101.331
-102.482
-103.648
-104.835
-106.051
-107.283
-110.292
-111.59
-112.911
-114.256
-115.623
-117.012
-120.427
-121.903
-123.404
-124.936
-126.5
-128.096
-132.005
-133.701
-135.42
-137.179
-138.979
-140.81
-145.323
-147.278
-149.281
-151.314
-153.393
-155.506
-160.691
-162.935
-165.209
-167.53
-169.885
-172.312
-178.185
-180.751
-183.306
-185.913
-188.542
-191.169
-197.56
-200.245
-202.917
-205.655
-208.404
-211.129
-217.585
-220.166
-222.673
-225.211
-227.708
-230.113
-235.503
-237.598
-239.58
-241.46
-243.191
-244.75
-247.581
-248.411
-249.069
-249.544
-249.693
-249.535
-248.203
-246.897
-245.393
-243.606
-241.506
-239.155
-232.141
-228.509
-224.48
-220.108
-215.403
-210.468
-196.69
-190.373
-183.688
-176.635
-169.233
-161.489
-141.761
-132.906
-123.843
-114.592
-105.182
-95.567
-71.7436
-61.4736
-50.9796
-40.4107
-29.9448
-19.3923
6.10498
16.7598
27.3362
37.7557
48.1201
58.4138
82.3604
92.0879
101.616
110.747
119.662
128.326
147.97
155.769
163.339
170.511
177.287
183.78
197.565
202.654
207.375
211.814
215.789
219.411
226.919
229.488
231.649
233.498
235.014
236.194
237.834
237.931
237.919
237.625
237.141
236.501
234.118
232.745
231.126
229.398
227.641
225.763
220.82
218.578
216.261
213.935
211.559
209.092
203.128
200.585
198.009
195.438
192.88
190.347
184.399
181.916
179.425
176.953
174.558
172.179
166.574
164.286
162.043
159.841
157.655
155.496
150.529
148.502
146.51
144.549
142.623
140.732
136.362
134.588
132.844
131.126
129.44
127.79
123.969
122.415
120.886
119.381
117.902
116.448
113.092
111.715
110.363
109.046
107.746
106.461
103.494
102.278
101.081
99.9015
98.7388
97.5964
94.945
93.8596
92.7906
91.7346
90.694
89.6694
87.2856
86.3077
85.3466
84.3979
83.4621
82.5387
80.391
79.5099
78.6413
77.7837
76.939
76.1062
74.1689
73.3695
72.5834
71.8091
71.0467
70.2945
68.5459
67.8286
67.1232
66.4273
65.7406
65.0639
63.4897
62.8462
62.2124
61.5879
60.9716
60.3666
58.9543
58.3768
57.8077
57.2451
56.6917
56.147
54.8804
54.3612
53.8489
53.3437
52.8457
52.3538
51.2057
50.7325
50.2674
49.8081
49.3543
48.9058
47.8596
47.4292
47.0034
46.5817
46.1648
45.753
44.7894
44.3915
43.9976
43.6073
43.2217
42.8396
41.9436
41.5735
41.2066
40.8428
40.4825
40.1256
39.2875
38.9411
38.5976
38.2568
37.9188
37.5837
36.7965
36.4702
36.1464
35.8251
35.5063
35.1906
34.4485
34.1409
33.8355
33.5323
33.2315
32.9333
32.2327
31.9422
31.654
31.3678
31.0839
30.8022
30.1405
29.8664
29.5947
29.3251
29.0577
28.7926
28.1704
27.9129
27.6576
27.4047
27.1541
26.9057
26.3232
26.0813
25.843
25.6069
25.3727
25.1413
24.5998
24.3761
24.1553
23.9367
23.7198
23.5061
23.006
22.7997
22.5964
22.3953
22.1961
22.0001
21.5405
21.3515
21.1648
20.9797
20.7968
20.6166
20.1956
20.0218
19.8502
19.6805
19.5122
19.3462
18.9573
18.7964
18.6375
18.4807
18.3249
18.1709
17.8101
17.6607
17.5131
17.3669
17.2218
17.0781
16.7407
16.6013
16.4625
16.3251
16.1887
16.0534
15.7358
15.6038
15.4732
15.3436
15.2146
15.087
14.7868
14.6621
14.5386
14.416
14.2938
14.1728
13.8877
13.7691
13.6516
13.5349
13.4191
13.3037
13.0329
12.9203
12.8087
12.6977
12.5873
12.478
12.2205
12.1134
12.0073
11.902
11.7973
11.6934
11.4488
11.3471
11.2464
11.1464
11.0469
10.9485
10.7172
10.6211
10.5261
10.4319
10.3383
10.2456
10.0277
9.93747
9.8483
9.75987
9.67203
9.5852
9.38177
9.29768
9.21463
9.13228
9.05053
8.96995
8.7811
8.70311
8.62614
8.55
8.47449
8.40013
8.22552
8.1536
8.08249
8.01194
7.94223
7.87347
7.71256
7.64602
7.58027
7.51524
7.45071
7.38693
7.23744
7.17522
7.11416
7.05361
6.99339
6.93385
6.79419
6.73641
6.679
6.62227
6.5658
6.50991
6.37858
6.32401
6.27002
6.2164
6.16304
6.11012
5.98572
5.934
5.88275
5.83187
5.78134
5.73101
5.61273
5.56353
5.51477
5.46631
5.41816
5.3701
5.25722
5.21022
5.16363
5.11738
5.07128
5.02553
4.91766
4.87273
4.8282
4.78394
4.73983
4.69612
4.59305
4.55014
4.50763
4.46539
4.42329
4.38155
4.28316
4.24234
4.20168
4.16141
4.12135
4.0817
3.98862
3.95003
3.91166
3.87368
3.83593
3.79877
3.7116
3.67553
3.64002
3.60492
3.57019
3.53604
3.45677
3.42423
3.39234
3.36096
3.33009
3.29815
3.09474
3.01501
2.93906
2.86661
2.79678
2.72932
2.57809
2.51795
2.46007
2.40409
2.34989
2.29755
2.17936
2.13215
2.08643
2.04212
1.9991
1.95758
1.86396
1.82665
1.7902
1.75479
1.72024
1.68668
