-2.14184
-2.38019
-2.64261
-2.93735
-3.2733
-3.65487
-4.07968
-4.54461
-5.04961
-5.59857
-6.19996
-6.86904
-7.62841
-8.50111
-9.49525
-10.6029
-11.8176
-13.1406
-14.5861
-16.1785
-17.9649
-20.0117
-22.3772
-25.0801
-28.099
-31.4266
-35.0805
-39.1219
-43.6521
-48.8428
-54.9493
-62.1997
-70.7367
-80.693
-92.3326
-106.166
-123.076
-144.283
-171.337
-204.055
-236.398
-250.652
-220.696
-133.699
-6.63449
120.531
207.991
238.466
226.46
196.367
165.625
139.772
119.087
102.401
88.6722
77.1788
67.5119
59.4334
52.7076
47.0135
42.0646
37.6576
33.681
30.0717
26.8094
23.9032
21.3705
19.1809
17.2628
15.5466
13.9866
12.5562
11.2423
10.0453
8.97411
8.03347
7.21159
6.48146
5.81979
5.21145
4.64813
4.12596
3.64951
3.14598
2.3277
1.78433
1.40669
1.13475
0.92755
0.767723
-2.14276
-2.37919
-2.38119
-2.6415
-2.64372
-2.93609
-2.93861
-3.27186
-3.27474
-3.65325
-3.65649
-4.07789
-4.08147
-4.54266
-4.54655
-5.0475
-5.05172
-5.59627
-5.60088
-6.19742
-6.20249
-6.8662
-6.87189
-7.62513
-7.63169
-8.49736
-8.50486
-9.49102
-9.49948
-10.5982
-10.6076
-11.8125
-11.8226
-13.135
-13.1461
-14.58
-14.5922
-16.1717
-16.1852
-17.9573
-17.9726
-20.0029
-20.0206
-22.3671
-22.3874
-25.0686
-25.0916
-28.0863
-28.1118
-31.4126
-31.4406
-35.0651
-35.0959
-39.1048
-39.1391
-43.6327
-43.6714
-48.8202
-48.8653
-54.9227
-54.976
-62.1681
-62.2314
-70.6997
-70.7737
-80.6501
-80.7359
-92.2819
-92.3833
-106.105
-106.228
-123
-123.151
-144.187
-144.379
-171.216
-171.458
-203.919
-204.193
-236.293
-236.502
-250.668
-250.635
-220.931
-220.46
-134.15
-133.248
-7.16459
-6.10379
120.079
120.982
207.756
208.225
238.445
238.486
226.559
226.361
196.499
196.237
165.74
165.509
139.865
139.679
119.161
119.012
102.461
102.34
88.7225
88.6219
77.2211
77.1365
67.5474
67.4763
59.4629
59.4039
52.7324
52.6829
47.0347
46.9923
42.0834
42.0458
37.6744
37.6408
33.6962
33.6658
30.0855
30.0579
26.8218
26.797
23.9142
23.8923
21.38
21.3611
19.1891
19.1727
17.2701
17.2556
15.5532
15.5401
13.9926
13.9806
12.5617
12.5507
11.2474
11.2373
10.0499
10.0408
8.97813
8.97008
8.037
8.02996
7.2147
7.20849
6.48424
6.47869
5.82233
5.81725
5.2138
5.2091
4.65031
4.64595
4.12797
4.12395
3.65131
3.64772
3.15013
3.14185
2.33034
2.32507
1.78612
1.78253
1.40796
1.40542
1.13569
1.1338
0.928282
0.926819
0.768314
-2.15033
-2.37095
-2.38946
-2.63233
-2.65291
-2.92571
-2.94906
-3.25999
-3.28667
-3.6399
-3.6699
-4.06316
-4.09626
-4.52662
-4.56265
-5.03011
-5.06917
-5.5773
-5.61992
-6.17654
-6.22349
-6.84276
-6.89545
-7.59822
-7.65883
-8.46652
-8.53584
-9.45621
-9.53444
-10.5598
-10.6461
-11.7705
-11.8647
-13.0894
-13.1919
-14.5298
-14.6423
-16.1163
-16.2409
-17.8945
-18.0358
-19.9302
-20.0936
-22.2832
-22.4718
-24.9741
-25.1864
-27.9814
-28.2171
-31.2974
-31.5564
-34.9385
-35.2231
-38.9638
-39.2808
-43.4734
-43.8317
-48.6349
-49.0517
-54.7036
-55.1969
-61.9079
-62.4933
-70.3954
-71.08
-80.2974
-81.092
-91.8651
-92.8033
-105.602
-106.736
-122.377
-123.78
-143.399
-145.176
-170.226
-172.458
-202.79
-205.335
-235.396
-237.354
-250.768
-250.466
-222.834
-218.474
-137.847
-129.502
-11.5678
-1.68146
116.334
124.676
205.778
210.083
238.245
238.625
227.361
225.529
197.585
195.172
166.7
164.558
140.636
138.915
119.778
118.401
102.962
101.844
89.1389
88.2086
77.5709
76.7888
67.8413
67.1837
59.7081
59.1615
52.9368
52.4791
47.2099
46.8178
42.2376
41.8913
37.813
37.5025
33.8219
33.5407
30.1996
29.9443
26.9244
26.6949
24.0045
23.8025
21.4584
21.283
19.2569
19.1053
17.3301
17.1959
15.6074
15.4861
14.0422
13.9312
12.6071
12.5054
11.2891
11.1957
10.0876
10.0032
9.01156
8.93687
8.06611
8.001
7.24038
7.18293
6.5072
6.45582
5.84333
5.79632
5.23321
5.18975
4.66833
4.62799
4.14461
4.10738
3.66618
3.63293
3.186
3.10804
2.35228
2.30354
1.80102
1.76784
1.41848
1.39502
1.14352
1.12605
0.934349
0.92082
0.773206
-2.17381
-2.20729
-2.24127
-2.2756
-2.31041
-2.34569
-2.41514
-2.45179
-2.48905
-2.52688
-2.56526
-2.60428
-2.6815
-2.72248
-2.7642
-2.80656
-2.84989
-2.894
-2.98152
-3.02811
-3.07564
-3.12396
-3.17332
-3.22376
-3.32379
-3.37685
-3.43097
-3.48598
-3.54198
-3.599
-3.71157
-3.77113
-3.83151
-3.89281
-3.95502
-4.01798
-4.14213
-4.20745
-4.27375
-4.34079
-4.40865
-4.47746
-4.61256
-4.68377
-4.75572
-4.8285
-4.90212
-4.97673
-5.12331
-5.20044
-5.27864
-5.35779
-5.43802
-5.51914
-5.67911
-5.76332
-5.84894
-5.93568
-6.02356
-6.11262
-6.28885
-6.38226
-6.47696
-6.57321
-6.67123
-6.77112
-6.96867
-7.0738
-7.18119
-7.29071
-7.40248
-7.51629
-7.7429
-7.86368
-7.98693
-8.11263
-8.24107
-8.37211
-8.63224
-8.77059
-8.91162
-9.05494
-9.20107
-9.34952
-9.64302
-9.79797
-9.95573
-10.1156
-10.2775
-10.442
-10.7658
-10.9367
-11.1097
-11.2848
-11.4621
-11.6419
-11.9953
-12.1814
-12.37
-12.5606
-12.7536
-12.9494
-13.334
-13.5368
-13.7427
-13.951
-14.1619
-14.3762
-14.7981
-15.0209
-15.2474
-15.4768
-15.7096
-15.9462
-16.4143
-16.663
-16.9159
-17.1736
-17.4363
-17.703
-18.2329
-18.5157
-18.8055
-19.1003
-19.4008
-19.7085
-20.3212
-20.6489
-20.9827
-21.3238
-21.6722
-22.0276
-22.7343
-23.1099
-23.4937
-23.8837
-24.2802
-24.6842
-25.4819
-25.9045
-26.334
-26.7695
-27.2116
-27.6603
-28.5441
-29.0111
-29.4845
-29.9644
-30.4509
-30.9439
-31.9156
-32.4282
-32.9478
-33.4745
-34.0089
-34.5503
-35.6188
-36.1843
-36.7579
-37.3402
-37.9314
-38.5326
-39.7218
-40.3526
-40.9931
-41.6437
-42.3078
-42.9863
-44.3301
-45.0474
-45.7795
-46.5269
-47.2903
-48.0698
-49.6338
-50.4723
-51.3305
-52.2091
-53.112
-54.035
-55.8862
-56.8804
-57.9004
-58.947
-60.0177
-61.1125
-63.3106
-64.4868
-65.6905
-66.9239
-68.1832
-69.4677
-72.0353
-73.4108
-74.8139
-76.2473
-77.7123
-79.213
-82.2044
-83.8059
-85.4439
-87.1215
-88.8386
-90.5936
-94.1121
-96.0001
-97.9391
-99.935
-101.978
-104.073
-108.327
-110.62
-112.965
-115.383
-117.899
-120.487
-125.748
-128.601
-131.543
-134.592
-137.749
-141.019
-147.677
-151.319
-155.075
-158.943
-162.98
-167.17
-175.596
-180.133
-184.825
-189.584
-194.429
-199.307
-208.891
-213.867
-218.69
-223.386
-227.993
-232.387
-239.967
-243.276
-245.989
-248.124
-249.773
-250.728
-249.575
-247.479
-244.273
-240.138
-234.811
-228.287
-211.936
-201.662
-190.247
-177.631
-163.81
-148.949
-117.7
-100.395
-82.5731
-63.9359
-44.6399
-25.3465
12.1388
31.5317
50.6326
69.2135
87.3548
104.6
135.789
150.735
164.611
177.385
188.913
199.264
215.349
221.942
227.595
231.958
235.178
237.332
238.747
238.346
237.099
235.224
232.728
229.699
222.83
218.755
214.529
210.056
205.535
200.948
191.861
187.371
182.804
178.345
173.933
169.644
161.665
157.707
153.889
150.183
146.57
143.053
136.6
133.412
130.363
127.385
124.498
121.708
116.534
113.981
111.505
109.113
106.79
104.529
100.324
98.2345
96.2148
94.2413
92.3108
90.4387
86.9492
85.2076
83.5084
81.852
80.2355
78.661
75.7286
74.2642
72.8372
71.4426
70.0831
68.7594
66.2942
65.067
63.8725
62.7078
61.5741
60.4706
58.4223
57.3978
56.4062
55.4378
54.4945
53.5757
51.8588
51.0021
50.1627
49.3446
48.5426
47.7563
46.2846
45.5462
44.8212
44.1076
43.4059
42.7176
41.4194
40.764
40.1188
39.4843
38.8594
38.2437
37.0783
36.4884
35.9075
35.3346
34.7697
34.2124
33.1576
32.6228
32.0949
31.5738
31.0605
30.5542
29.5961
29.1108
28.6329
28.1622
27.6987
27.2433
26.3821
25.9471
25.5202
25.1012
24.6898
24.2862
23.5277
23.1466
22.774
22.409
22.0512
21.7016
21.0452
20.7167
20.3949
20.0799
19.7713
19.4681
18.8993
18.6121
18.3314
18.0551
17.783
17.5164
17.013
16.7584
16.5074
16.2602
16.016
15.7757
15.3207
15.0898
14.862
14.6372
14.4152
14.1962
13.7797
13.5681
13.3595
13.1533
12.9493
12.7481
12.3663
12.1718
11.98
11.7906
11.6033
11.4186
11.0683
10.8906
10.7154
10.543
10.3728
10.2052
9.88834
9.72815
9.57117
9.41674
9.26459
9.11556
8.83522
8.69414
8.55592
8.42039
8.28745
8.15712
7.91241
7.78918
7.66872
7.55054
7.43417
7.32
7.10483
6.99637
6.88935
6.78419
6.68057
6.5785
6.38571
6.28772
6.19109
6.09567
6.00155
5.9085
5.73209
5.64224
5.5536
5.46594
5.37913
5.29342
5.13037
5.04735
4.96519
4.88402
4.80363
4.72419
4.57286
4.49575
4.41962
4.34432
4.26991
4.19625
4.05659
3.9857
3.916
3.84732
3.77945
3.71268
3.58771
3.52516
3.46425
3.40514
3.34817
3.294
3.00762
2.87572
2.7515
2.63508
2.52532
2.422
2.23875
2.1515
2.06895
1.99111
1.91739
1.848
1.72346
1.66353
1.60673
1.55258
1.50076
1.45143
1.36356
1.32074
1.27988
1.24092
1.20378
1.16808
1.10256
1.07043
1.03957
1.00989
0.9812
0.953414
0.902663
0.878456
0.855316
0.832605
0.810292
0.788438
