-2.41356
-2.75538
-3.15389
-3.62164
-4.15834
-4.7594
-5.42728
-6.17521
-7.03154
-8.0387
-9.23062
-10.6065
-12.1546
-13.883
-15.8279
-18.0685
-20.723
-23.8885
-27.5711
-31.7514
-36.4709
-41.867
-48.2206
-55.9667
-65.5494
-77.2644
-91.5203
-109.284
-132.366
-163.318
-203.071
-240.787
-239.462
-158.662
-6.71238
145.072
227.548
230.518
195.585
158.004
128.092
105.454
87.876
73.8526
62.6013
53.6489
46.4063
40.3257
35.0486
30.396
26.3055
22.7876
19.8377
17.3539
15.2013
13.2905
11.5778
10.0525
8.72517
7.59837
6.63701
5.79375
5.03677
4.35056
3.7362
3.06549
2.11489
1.53984
1.16579
0.90403
-2.41458
-2.75421
-2.75654
-3.15251
-3.15526
-3.62004
-3.62325
-4.15652
-4.16015
-4.75739
-4.76142
-5.42503
-5.42952
-6.17267
-6.17775
-7.02859
-7.03449
-8.03521
-8.04219
-9.22652
-9.23472
-10.6019
-10.6112
-12.1494
-12.1598
-13.8771
-13.8888
-15.8213
-15.8345
-18.0608
-18.0762
-20.7137
-20.7322
-23.8776
-23.8995
-27.5585
-27.5836
-31.7373
-31.7655
-36.4549
-36.4869
-41.8485
-41.8856
-48.1983
-48.2428
-55.9393
-55.9941
-65.5156
-65.5831
-77.2233
-77.3055
-91.4701
-91.5705
-109.22
-109.347
-132.281
-132.451
-163.204
-163.43
-202.936
-203.206
-240.696
-240.878
-239.583
-239.34
-159.061
-158.262
-7.24873
-6.17583
144.683
145.46
227.408
227.671
230.594
230.44
195.713
195.457
158.113
157.895
128.174
128.009
105.516
105.391
87.9258
87.8262
73.8927
73.8124
62.6333
62.5695
53.6743
53.6235
46.4273
46.3853
40.3437
40.3078
35.0643
35.0328
30.4099
30.3821
26.3176
26.2934
22.7979
22.7773
19.8463
19.8292
17.3612
17.3466
15.2077
15.1948
13.2963
13.2848
11.5829
11.5727
10.057
10.0479
8.72907
8.72128
7.60167
7.59508
6.63986
6.63416
5.79629
5.79122
5.03906
5.03448
4.35264
4.34849
3.73802
3.73437
3.06951
3.06148
2.1172
2.11259
1.54127
1.53842
1.16676
1.16482
0.904738
-2.42401
-2.74342
-2.76738
-3.13981
-3.16802
-3.60524
-3.63811
-4.13978
-4.17695
-4.73877
-4.78009
-5.40432
-5.45031
-6.14925
-6.20128
-7.00138
-7.06188
-8.00301
-8.07459
-9.1887
-9.27272
-10.5588
-10.6544
-12.1013
-12.208
-13.8235
-13.9427
-15.7602
-15.8957
-17.9894
-18.1479
-20.6286
-20.818
-23.7768
-24.0008
-27.4429
-27.6997
-31.6069
-31.8964
-36.3073
-36.6352
-41.6775
-42.0576
-47.9934
-48.4494
-55.6868
-56.2485
-65.2045
-65.8965
-76.8451
-77.6863
-91.0077
-92.0371
-108.634
-109.939
-131.498
-133.236
-162.168
-164.477
-201.689
-204.453
-239.862
-241.689
-240.668
-238.168
-162.7
-154.503
-12.1994
-1.20209
141.043
149.02
226.005
228.766
231.281
229.703
196.887
194.274
159.124
156.895
128.942
127.248
106.099
104.814
88.3889
87.3674
74.2648
73.4424
62.9297
62.2756
53.9107
53.3896
46.6221
46.1916
40.5103
40.1421
35.2103
34.8875
30.5389
30.2537
26.4299
26.1812
22.8932
22.6825
19.9261
19.75
17.429
17.2791
15.2674
15.1355
13.3497
13.2316
11.6307
11.5251
10.0993
10.006
8.76523
8.68528
7.63224
7.56469
6.66627
6.60786
5.81978
5.76782
5.06031
5.01331
4.37187
4.32933
3.75493
3.71759
3.10707
3.02485
2.1387
2.09144
1.55456
1.52512
1.17581
1.15587
0.911327
-2.4564
-2.50442
-2.55346
-2.60356
-2.65475
-2.70699
-2.80474
-2.86044
-2.9174
-2.97585
-3.03563
-3.09696
-3.21204
-3.27762
-3.34471
-3.4134
-3.48354
-3.55529
-3.68923
-3.76509
-3.8424
-3.92126
-4.00143
-4.08309
-4.23463
-4.32025
-4.407
-4.49521
-4.5847
-4.67571
-4.84422
-4.93923
-5.03554
-5.13349
-5.23292
-5.33418
-5.52172
-5.6276
-5.73534
-5.84493
-5.95632
-6.07007
-6.28243
-6.40245
-6.52499
-6.65048
-6.77848
-6.90981
-7.15596
-7.29627
-7.43996
-7.58776
-7.73909
-7.89439
-8.18637
-8.35296
-8.52387
-8.6989
-8.87777
-9.06105
-9.40351
-9.59764
-9.7958
-9.99784
-10.2035
-10.4132
-10.8028
-11.0225
-11.246
-11.4733
-11.7039
-11.9386
-12.3737
-12.6189
-12.8682
-13.1216
-13.3791
-13.6416
-14.128
-14.4025
-14.6822
-14.9674
-15.2579
-15.5539
-16.1066
-16.4198
-16.7409
-17.0693
-17.4045
-17.7485
-18.395
-18.7638
-19.1431
-19.5324
-19.9312
-20.3413
-21.1139
-21.5553
-22.0087
-22.4737
-22.9492
-23.4368
-24.3496
-24.8681
-25.3974
-25.9384
-26.4895
-27.0519
-28.0983
-28.6911
-29.2935
-29.9066
-30.5307
-31.1661
-32.3461
-33.0135
-33.6929
-34.3844
-35.0888
-35.8081
-37.1452
-37.9035
-38.6784
-39.4683
-40.2748
-41.1007
-42.6515
-43.5334
-44.438
-45.3681
-46.3221
-47.3055
-49.1609
-50.2267
-51.3252
-52.4599
-53.631
-54.8379
-57.1284
-58.4486
-59.8103
-61.2158
-62.6644
-64.1575
-66.9794
-68.6011
-70.2703
-71.987
-73.7499
-75.5692
-79.0003
-80.9678
-82.994
-85.0828
-87.2345
-89.4525
-93.6547
-96.0825
-98.5895
-101.179
-103.873
-106.669
-111.997
-115.103
-118.335
-121.703
-125.212
-128.888
-135.961
-140.088
-144.424
-148.96
-153.708
-158.665
-168.115
-173.673
-179.43
-185.294
-191.317
-197.448
-208.732
-214.893
-220.888
-226.653
-232.04
-236.839
-244.103
-246.647
-247.759
-248.059
-246.954
-243.83
-233.769
-225.815
-215.932
-204.104
-190.084
-174.421
-141.246
-120.801
-99.2163
-76.2552
-52.7496
-28.9363
15.5063
39.5795
63.2835
86.1097
107.693
127.986
161.164
177.338
191.379
203.164
213.312
221.624
232.075
235.061
236.487
236.518
235.449
233.318
226.952
222.54
217.55
212.164
206.591
200.88
190.275
184.53
178.876
173.313
167.862
162.6
153.525
148.767
144.209
139.834
135.632
131.603
124.719
121.148
117.688
114.375
111.204
108.13
102.87
100.112
97.4465
94.8754
92.3937
89.9914
85.8279
83.6367
81.5162
79.464
77.4738
75.5488
72.2016
70.4417
68.7393
67.0927
65.4983
63.956
61.2896
59.8878
58.5328
57.2236
55.9553
54.7279
52.6014
51.4763
50.3839
49.324
48.2949
47.2924
45.5395
44.6066
43.6953
42.8052
41.935
41.0831
39.5827
38.7779
37.989
37.2158
36.4569
35.7118
34.3959
33.688
32.9927
32.3105
31.6406
30.9825
29.8194
29.1946
28.5821
27.9822
27.3934
26.8172
25.803
25.2616
24.7332
24.217
23.7138
23.2221
22.3635
21.9073
21.4638
21.0319
20.6106
20.2007
19.4835
19.1019
18.7289
18.3651
18.0097
17.6626
17.0508
16.7225
16.4015
16.0863
15.7766
15.4725
14.9345
14.6449
14.3599
14.0798
13.8042
13.5329
13.0517
12.7922
12.5369
12.2855
12.0382
11.7951
11.3638
11.1315
10.9037
10.6798
10.4598
10.2443
9.86393
9.66032
9.46136
9.26647
9.07596
8.88996
8.56398
8.39032
8.22112
8.0561
7.89483
7.73776
7.46199
7.3146
7.17062
7.02977
6.89214
6.75715
6.51882
6.39069
6.26508
6.14147
6.02008
5.90049
5.68852
5.57399
5.4615
5.35046
5.24119
5.13331
4.94152
4.83781
4.73565
4.63497
4.53583
4.43802
4.26438
4.17072
4.07879
3.98852
3.89998
3.81321
3.66103
3.5803
3.50201
3.42639
3.35353
3.24076
2.90552
2.74346
2.59535
2.45821
2.33167
2.21424
2.0216
1.92585
1.83726
1.75364
1.67519
1.60174
1.48045
1.41924
1.36153
1.30689
1.25544
1.20724
1.12597
1.08398
1.04404
1.00593
0.969271
0.934323
