-1.7235
-1.89614
-2.08018
-2.2771
-2.48952
-2.72179
-2.97934
-3.26754
-3.58894
-3.94215
-4.32494
-4.73651
-5.17757
-5.65184
-6.16455
-6.72571
-7.3481
-8.04768
-8.83463
-9.70875
-10.6637
-11.6958
-12.8059
-14.0009
-15.2947
-16.7077
-18.2743
-20.0383
-22.0346
-24.2763
-26.7518
-29.4508
-32.3761
-35.5453
-39.0022
-42.8097
-47.0682
-51.9266
-57.5411
-64.0373
-71.4815
-79.966
-89.6463
-100.813
-113.929
-129.686
-148.907
-172.549
-200.36
-228.818
-248.4
-243.799
-200.641
-116.619
-6.63449
103.549
187.898
231.508
237.334
219.519
192.868
166.787
144.239
125.562
110.063
97.0835
86.0081
76.4641
68.227
61.1517
55.1064
49.8999
45.3355
41.2488
37.5402
34.1399
31.0091
28.1291
25.5031
23.1429
21.0517
19.2055
17.5555
16.0592
14.6836
13.4089
12.2238
11.1217
10.1049
9.17871
8.34774
7.60775
6.94441
6.34113
5.7843
5.26568
4.78008
4.32444
3.89975
3.51248
2.98366
2.3172
1.84481
1.49991
1.2414
1.04088
0.880181
0.749555
0.634939
0.538232
-1.72428
-1.8953
-1.89698
-2.07929
-2.08108
-2.27613
-2.27806
-2.48847
-2.49056
-2.72063
-2.72294
-2.97806
-2.98063
-3.2661
-3.26898
-3.58735
-3.59054
-3.94041
-3.94389
-4.32307
-4.32681
-4.7345
-4.73852
-5.17542
-5.17973
-5.64951
-5.65417
-6.16203
-6.16707
-6.72291
-6.7285
-7.34499
-7.35122
-8.04418
-8.05118
-8.83071
-8.83855
-9.70444
-9.71305
-10.659
-10.6684
-11.6908
-11.7009
-12.8005
-12.8113
-13.9951
-14.0068
-15.2884
-15.3011
-16.7007
-16.7147
-18.2665
-18.2822
-20.0294
-20.0472
-22.0246
-22.0446
-24.2652
-24.2875
-26.7396
-26.764
-29.4375
-29.464
-32.3618
-32.3905
-35.5297
-35.5609
-38.9852
-39.0193
-42.7907
-42.8287
-47.0469
-47.0895
-51.9021
-51.9512
-57.5126
-57.5696
-64.0045
-64.0702
-71.444
-71.519
-79.9234
-80.0087
-89.5976
-89.6952
-100.756
-100.87
-113.862
-113.996
-129.604
-129.768
-148.806
-149.008
-172.427
-172.671
-200.224
-200.497
-228.694
-228.941
-248.351
-248.448
-243.907
-243.691
-200.944
-200.336
-117.091
-116.147
-7.16459
-6.10379
103.075
104.011
187.596
188.2
231.405
231.61
237.375
237.293
219.634
219.404
192.999
192.738
166.903
166.671
144.336
144.142
125.642
125.482
110.129
109.996
97.1397
97.0274
86.0566
85.9597
76.5059
76.4223
68.263
68.191
61.1826
61.1209
55.1327
55.0801
49.9227
49.877
45.3557
45.3152
41.2671
41.2305
37.5569
37.5234
34.1553
34.1245
31.0233
30.9949
28.1421
28.1162
25.5149
25.4913
23.1534
23.1324
21.061
21.0425
19.2137
19.1973
17.5629
17.5481
16.066
16.0525
14.6899
14.6774
13.4147
13.4031
12.2292
12.2184
11.1267
11.1167
10.1095
10.1003
9.18286
9.17457
8.35144
8.34405
7.61104
7.60447
6.94739
6.94144
6.34386
6.3384
5.78683
5.78177
5.26805
5.26332
4.7823
4.77786
4.32652
4.32236
3.90167
3.89783
3.51419
3.51077
2.98744
2.97989
2.31982
2.31459
1.84668
1.84295
1.50132
1.49851
1.24246
1.24034
1.04172
1.04004
0.880833
0.87953
0.750136
0.748974
0.635439
0.63444
0.538645
-1.73041
-1.8888
-1.9035
-2.07234
-2.08805
-2.26868
-2.28554
-2.4804
-2.49867
-2.71173
-2.73189
-2.96814
-2.99059
-3.255
-3.28016
-3.57502
-3.60292
-3.92697
-3.95737
-4.30857
-4.34136
-4.71895
-4.75411
-5.15876
-5.19644
-5.6315
-5.67225
-6.14254
-6.18665
-6.7013
-6.75008
-7.32096
-7.37538
-8.01712
-8.0784
-8.80041
-8.86902
-9.67112
-9.74647
-10.6227
-10.7048
-11.6517
-11.7401
-12.7585
-12.8535
-13.9498
-14.0522
-15.2392
-15.3505
-16.6466
-16.769
-18.206
-18.3429
-19.9609
-20.1158
-21.9477
-22.1219
-24.1791
-24.374
-26.6451
-26.8589
-29.3349
-29.567
-32.2508
-32.5019
-35.409
-35.682
-38.8532
-39.1519
-42.6437
-42.976
-46.8819
-47.2554
-51.7123
-52.1421
-57.2923
-57.7914
-63.751
-64.3255
-71.1545
-71.8103
-79.5933
-80.3401
-89.2204
-90.0744
-100.317
-101.311
-113.345
-114.519
-128.975
-130.403
-148.03
-149.795
-171.488
-173.619
-199.165
-201.558
-227.726
-229.891
-247.958
-248.806
-244.714
-242.825
-203.268
-197.943
-120.729
-112.465
-11.2941
-1.94964
99.4002
107.566
185.216
190.51
230.581
232.375
237.674
236.955
220.519
218.509
194.006
191.725
167.796
165.769
145.093
143.391
126.266
124.864
110.647
109.487
97.5762
96.5932
86.4331
85.5859
76.8309
76.0995
68.543
67.9129
61.4225
60.8829
55.3373
54.876
50.1004
49.7003
45.5131
45.1586
41.4095
41.0888
37.687
37.3937
34.2747
34.0055
31.1333
30.8853
28.243
28.0157
25.6065
25.4
23.2349
23.0514
21.1329
20.9711
19.2775
19.1339
17.6203
17.4911
16.1185
16.0001
14.7383
14.6292
13.4597
13.3583
12.2711
12.1767
11.1656
11.0781
10.1452
10.0647
9.21505
9.14254
8.38019
8.31551
7.63659
7.57902
6.97049
6.9184
6.36503
6.3173
5.80646
5.76219
5.28642
5.24501
4.79951
4.7607
4.34265
4.30627
3.91658
3.88297
3.52748
3.49758
3.01703
2.951
2.34027
2.2945
1.86129
1.82853
1.51228
1.48769
1.25073
1.23218
1.0483
1.03353
0.885894
0.874494
0.75465
0.744479
0.639325
0.630584
0.54186
-1.74792
-1.77196
-1.79625
-1.82076
-1.84542
-1.87038
-1.92215
-1.9478
-1.97364
-1.99976
-2.02607
-2.05268
-2.10795
-2.1353
-2.16295
-2.19087
-2.21906
-2.24759
-2.30695
-2.33637
-2.36617
-2.3963
-2.42671
-2.45758
-2.52194
-2.55398
-2.58646
-2.61937
-2.65274
-2.68659
-2.7575
-2.79278
-2.82874
-2.86535
-2.90249
-2.94013
-3.01924
-3.05875
-3.09894
-3.13978
-3.18132
-3.22362
-3.31223
-3.35633
-3.4013
-3.44698
-3.49317
-3.54018
-3.63836
-3.68727
-3.73676
-3.78691
-3.83754
-3.88894
-3.99595
-4.04909
-4.10291
-4.15725
-4.21203
-4.26754
-4.38295
-4.44013
-4.49796
-4.5564
-4.61532
-4.67491
-4.7987
-4.85997
-4.92196
-4.98456
-5.04771
-5.11157
-5.24424
-5.31005
-5.37667
-5.44397
-5.51198
-5.58063
-5.72375
-5.79473
-5.86673
-5.93957
-6.0131
-6.08747
-6.24277
-6.32044
-6.39877
-6.47829
-6.55875
-6.64061
-6.81178
-6.8973
-6.9839
-7.07218
-7.16176
-7.2531
-7.4447
-7.54048
-7.6381
-7.7374
-7.83825
-7.94088
-8.15649
-8.26459
-8.37451
-8.48632
-8.59952
-8.71475
-8.95623
-9.07677
-9.19943
-9.32354
-9.44927
-9.57677
-9.84251
-9.97475
-10.1089
-10.2444
-10.3814
-10.5201
-10.8089
-10.9522
-11.0971
-11.2436
-11.3915
-11.5411
-11.8522
-12.0064
-12.1624
-12.3199
-12.4788
-12.6396
-12.974
-13.1397
-13.3074
-13.4769
-13.6482
-13.8216
-14.1823
-14.3615
-14.5432
-14.7266
-14.9119
-15.0999
-15.4919
-15.6867
-15.8843
-16.0848
-16.2874
-16.4935
-16.9248
-17.1402
-17.3595
-17.5817
-17.8065
-18.0354
-18.5173
-18.7595
-19.0052
-19.2553
-19.5091
-19.7683
-20.3131
-20.5864
-20.8647
-21.1481
-21.4362
-21.7297
-22.3447
-22.6529
-22.9662
-23.2846
-23.6076
-23.9358
-24.622
-24.9639
-25.31
-25.6618
-26.0174
-26.378
-27.1305
-27.5043
-27.8827
-28.2655
-28.6529
-29.0449
-29.8615
-30.2673
-30.6778
-31.0928
-31.5126
-31.9369
-32.8205
-33.2598
-33.7043
-34.1539
-34.6086
-35.0683
-36.0286
-36.5066
-36.9906
-37.4806
-37.9772
-38.4808
-39.5319
-40.0572
-40.5893
-41.1278
-41.6742
-42.2301
-43.3972
-43.9804
-44.573
-45.1772
-45.7915
-46.4171
-47.7309
-48.3923
-49.0678
-49.757
-50.4605
-51.1778
-52.691
-53.4557
-54.235
-55.0305
-55.8429
-56.6731
-58.4283
-59.3147
-60.2166
-61.1358
-62.0773
-63.0362
-65.0594
-66.0753
-67.1158
-68.1713
-69.2454
-70.3388
-72.6474
-73.8084
-74.9887
-76.19
-77.4137
-78.6617
-81.289
-82.6095
-83.9565
-85.3287
-86.7287
-88.1566
-91.1659
-92.6822
-94.2289
-95.8095
-97.4243
-99.0829
-102.579
-104.346
-106.164
-108.033
-109.947
-111.89
-116.029
-118.147
-120.316
-122.55
-124.847
-127.206
-132.232
-134.802
-137.445
-140.164
-142.964
-145.854
-152.059
-155.217
-158.451
-161.799
-165.266
-168.839
-176.355
-180.165
-184.087
-188.061
-192.092
-196.179
-204.577
-208.774
-212.954
-217.018
-221.013
-224.893
-232.567
-236.069
-239.194
-242.064
-244.662
-246.685
-249.789
-250.651
-250.775
-250.146
-248.807
-246.74
-240.226
-235.851
-230.698
-224.553
-217.518
-209.716
-190.831
-180.395
-169.117
-157.087
-144.305
-130.888
-101.769
-86.9623
-71.5465
-55.626
-39.3841
-23.2495
9.98754
26.313
42.3711
58.0809
73.672
88.7483
117.718
131.113
143.906
155.97
167.385
177.976
196.952
204.826
211.724
217.742
223.013
227.695
234.393
236.531
237.911
238.636
238.713
238.356
235.82
233.943
231.644
229.002
226.149
222.989
215.946
212.256
208.485
204.685
200.837
196.866
188.998
185.169
181.379
177.651
173.964
170.362
163.239
159.864
156.596
153.419
150.32
147.284
141.292
138.49
135.77
133.117
130.565
128.061
123.135
120.825
118.57
116.365
114.226
112.14
108.051
106.121
104.239
102.398
100.596
98.83
95.371
93.732
92.1217
90.5546
89.0188
87.5151
84.5322
83.1204
81.7381
80.3838
79.0589
77.7639
75.1914
73.9728
72.7814
71.6123
70.4674
69.3477
67.1292
66.0813
65.0557
64.0533
63.0721
62.1116
60.2141
59.3193
58.444
57.5831
56.7462
55.9269
54.3029
53.5355
52.7828
52.0445
51.3216
50.6119
49.2022
48.5315
47.8717
47.2251
46.5883
45.9644
44.7163
44.1192
43.53
42.9509
42.3807
41.8174
40.6887
40.1485
39.616
39.0904
38.5711
38.0583
37.0274
36.5333
36.0455
35.5636
35.0874
34.6163
33.669
33.215
32.7661
32.3219
31.8826
31.4481
30.5752
30.1563
29.7428
29.334
28.9303
28.5318
27.7318
27.3496
26.9716
26.5988
26.2305
25.8687
25.1433
24.7978
24.4579
24.1223
23.7927
23.4689
22.8228
22.5154
22.2139
21.9174
21.6262
21.3402
20.7697
20.4986
20.2325
19.971
19.7135
19.4606
18.9549
18.7132
18.4763
18.2424
18.012
17.7845
17.3297
17.1119
16.8973
16.6851
16.4756
16.2687
15.8522
15.6525
15.4554
15.2603
15.0675
14.8769
14.4927
14.3082
14.1255
13.9443
13.7652
13.5883
13.2314
13.0596
12.8899
12.7217
12.5554
12.3908
12.0586
11.8987
11.7409
11.5844
11.4295
11.2767
10.9686
10.8207
10.6748
10.5306
10.3881
10.2474
9.96449
9.82918
9.69598
9.56468
9.4351
9.30752
9.05206
8.93021
8.81049
8.69258
8.57655
8.46256
8.23496
8.12614
8.01959
7.91466
7.81127
7.70987
7.50711
7.41012
7.3148
7.22075
7.12786
7.03666
6.8532
6.76549
6.679
6.59335
6.50901
6.42558
6.25757
6.1768
6.097
6.01798
5.93995
5.8626
5.70676
5.6317
5.55753
5.48393
5.41103
5.33889
5.19315
5.12306
5.05344
4.98455
4.91625
4.84869
4.71208
4.64617
4.58097
4.51626
4.45217
4.38879
4.26075
4.1991
4.13815
4.07779
4.01809
3.95927
3.84095
3.78413
3.72811
3.67288
3.61884
3.56573
3.46049
3.4109
3.3629
3.31642
3.2331
3.10419
2.87163
2.76715
2.66843
2.57433
2.48499
2.40005
2.2385
2.16515
2.09509
2.02831
1.96458
1.90392
1.78828
1.73525
1.68428
1.63556
1.58908
1.54411
1.45749
1.41829
1.38044
1.34385
1.3086
1.27473
1.20946
1.17929
1.15002
1.12157
1.09399
1.06732
1.01533
0.991049
0.967486
0.944547
0.922342
0.900907
0.860276
0.841127
0.822311
0.803764
0.785549
0.767605
0.731809
0.714852
0.698282
0.682019
0.666091
0.650523
0.619748
0.605301
0.591199
0.577469
0.564109
0.551141
