-2.67431
-2.99767
-3.36921
-3.79197
-4.26365
-4.78161
-5.34812
-5.97075
-6.6655
-7.45594
-8.37001
-9.42106
-10.6042
-11.912
-13.3475
-14.9297
-16.6955
-18.7083
-21.0449
-23.7578
-26.8469
-30.2976
-34.1196
-38.3744
-43.1798
-48.7361
-55.3279
-63.2381
-72.6494
-83.7593
-96.9779
-113.075
-133.343
-159.416
-192.159
-227.376
-247.888
-224.808
-139.223
-6.71238
125.976
212.284
236.556
218.223
185.316
154.243
129.046
109.201
93.2795
80.2153
69.3777
60.4258
53.0567
46.8918
41.5933
36.9184
32.7314
28.9656
25.6055
22.6647
20.1367
17.9575
16.0427
14.3228
12.7609
11.3374
10.0502
8.90673
7.91093
7.04505
6.27983
5.58854
4.9558
4.37343
3.84253
3.37872
2.50627
1.86928
1.44184
1.14272
-2.67544
-2.99638
-2.99897
-3.36773
-3.3707
-3.79029
-3.79364
-4.26179
-4.2655
-4.77959
-4.78363
-5.34591
-5.35034
-5.9683
-5.9732
-6.66274
-6.66826
-7.45277
-7.45911
-8.36634
-8.37368
-9.41688
-9.42524
-10.5995
-10.6088
-11.9069
-11.9171
-13.3419
-13.3531
-14.9235
-14.9359
-16.6885
-16.7026
-18.7002
-18.7164
-21.0355
-21.0544
-23.747
-23.7687
-26.8347
-26.8592
-30.284
-30.3111
-34.1046
-34.1347
-38.3576
-38.3913
-43.1607
-43.1989
-48.7136
-48.7585
-55.301
-55.3549
-63.2058
-63.2704
-72.6113
-72.6875
-83.7141
-83.8045
-96.9239
-97.032
-113.008
-113.142
-133.258
-133.428
-159.304
-159.527
-192.027
-192.292
-227.255
-227.497
-247.866
-247.908
-225.006
-224.608
-139.654
-138.791
-7.24873
-6.17583
125.546
126.404
212.081
212.486
236.559
236.553
218.335
218.11
185.44
185.193
154.349
154.137
129.129
128.963
109.268
109.134
93.3331
93.226
80.2596
80.171
69.4145
69.3409
60.4561
60.3955
53.0817
53.0317
46.913
46.8706
41.6118
41.5747
36.9349
36.9019
32.7463
32.7166
28.9789
28.9522
25.6173
25.5937
22.6749
22.6545
20.1454
20.1279
17.9651
17.9499
16.0494
16.0359
14.3289
14.3167
12.7665
12.7553
11.3425
11.3324
10.0548
10.0457
8.91072
8.90273
7.91439
7.90747
7.04808
7.04202
6.28254
6.27712
5.59101
5.58607
4.95807
4.95353
4.37552
4.37135
3.84441
3.84065
3.38029
3.37715
2.50922
2.50333
1.87119
1.86737
1.44315
1.44053
1.14368
-2.68508
-2.98542
-3.01
-3.35512
-3.38336
-3.77607
-3.80786
-4.24607
-4.28128
-4.76242
-4.80087
-5.3271
-5.36921
-5.94752
-5.99405
-6.63935
-6.6917
-7.42592
-7.48615
-8.33522
-8.40498
-9.38141
-9.46086
-10.56
-10.6485
-11.8634
-11.9607
-13.2941
-13.4011
-14.8706
-14.989
-16.629
-16.7624
-18.6317
-18.7853
-20.9557
-21.1347
-23.6551
-23.8612
-26.7309
-26.9634
-30.1688
-30.4268
-33.977
-34.2628
-38.2146
-38.535
-42.9986
-43.3619
-48.5223
-48.9502
-55.0726
-55.5849
-62.9323
-63.5458
-72.2882
-73.0126
-83.3315
-84.1897
-96.4662
-97.4941
-112.442
-113.715
-132.536
-134.155
-158.367
-160.481
-190.905
-193.42
-226.221
-228.515
-247.675
-248.053
-226.656
-222.872
-143.284
-135.083
-11.7987
-1.60607
121.873
130.018
210.329
214.174
236.567
236.462
219.278
217.147
186.495
184.145
155.253
153.238
129.839
128.257
109.833
108.571
93.7901
92.7723
80.638
79.7954
69.7283
69.0293
60.7147
60.1389
53.2951
52.8196
47.0939
46.6907
41.7696
41.4176
37.0755
36.762
32.8727
32.5908
29.0924
28.8392
25.7176
25.4937
22.7619
22.5682
20.2201
20.0538
18.0299
17.8855
16.107
15.9786
14.3811
14.2648
12.814
12.708
11.3857
11.2893
10.0936
10.0071
8.94478
8.86886
7.94392
7.87811
7.07389
7.01634
6.30563
6.25413
5.61205
5.56513
4.97739
4.93428
4.3933
4.35368
3.8604
3.82474
3.39371
3.36384
2.53445
2.47851
1.88752
1.85125
1.45436
1.42945
1.15179
-2.71612
-2.76123
-2.80718
-2.85402
-2.90187
-2.9507
-3.04557
-3.09736
-3.15024
-3.20411
-3.25912
-3.31522
-3.42411
-3.48339
-3.54375
-3.60508
-3.6676
-3.7311
-3.85377
-3.92031
-3.98784
-4.05628
-4.12579
-4.19626
-4.33195
-4.40519
-4.47942
-4.55454
-4.6307
-4.7079
-4.85618
-4.93632
-5.01744
-5.09953
-5.18282
-5.26735
-5.42986
-5.51761
-5.60669
-5.697
-5.78871
-5.8817
-6.06123
-6.15873
-6.25804
-6.35855
-6.46086
-6.56527
-6.76737
-6.87769
-6.98995
-7.10467
-7.22157
-7.34099
-7.57347
-7.70067
-7.83038
-7.96286
-8.09834
-8.23676
-8.50588
-8.65278
-8.80247
-8.95499
-9.11065
-9.26902
-9.57553
-9.74188
-9.91104
-10.0827
-10.2573
-10.4346
-10.7761
-10.9608
-11.1481
-11.3378
-11.5303
-11.7254
-12.1008
-12.3037
-12.5091
-12.7173
-12.9285
-13.1427
-13.5554
-13.7786
-14.0047
-14.2338
-14.4666
-14.7031
-15.1596
-15.4072
-15.659
-15.915
-16.1755
-16.4405
-16.9553
-17.2353
-17.5211
-17.8129
-18.1111
-18.4151
-19.0075
-19.3323
-19.6638
-20.002
-20.3485
-20.7032
-21.3939
-21.7716
-22.1579
-22.5513
-22.9534
-23.3637
-24.1594
-24.5923
-25.0328
-25.4812
-25.9379
-26.402
-27.2986
-27.7846
-28.2778
-28.7792
-29.2875
-29.8033
-30.7985
-31.3372
-31.8834
-32.4376
-33.0007
-33.5722
-34.6751
-35.2729
-35.8809
-36.4975
-37.1242
-37.7619
-38.9971
-39.6671
-40.3494
-41.0455
-41.756
-42.4811
-43.8893
-44.6587
-45.4458
-46.2495
-47.0748
-47.9181
-49.5702
-50.477
-51.407
-52.3629
-53.3454
-54.3519
-56.329
-57.4175
-58.5348
-59.6816
-60.8597
-62.0687
-64.4362
-65.7354
-67.0677
-68.4332
-69.8324
-71.266
-74.0631
-75.6009
-77.1756
-78.7851
-80.4334
-82.1236
-85.434
-87.2523
-89.1175
-91.0284
-92.9944
-95.0166
-98.9885
-101.177
-103.441
-105.776
-108.178
-110.656
-115.571
-118.302
-121.13
-124.057
-127.095
-130.254
-136.523
-140.008
-143.644
-147.423
-151.348
-155.428
-163.505
-167.964
-172.632
-177.427
-182.365
-187.35
-197.041
-202.262
-207.519
-212.739
-217.866
-222.837
-231.66
-235.754
-239.56
-242.899
-245.475
-247.194
-248.094
-247.379
-245.327
-241.874
-237.241
-231.46
-216.893
-207.271
-196.061
-183.553
-169.792
-154.674
-122.948
-104.939
-85.9293
-66.2977
-46.3311
-26.2328
12.7951
33.1666
53.25
72.9467
91.8424
109.805
141.208
156.354
170.475
183.459
194.489
204.166
219.193
224.899
230.021
233.486
235.564
236.514
235.876
234.494
232.3
229.419
225.977
222.182
213.991
209.342
204.624
199.743
194.817
189.891
180.806
176.082
171.431
166.871
162.457
158.185
150.414
146.51
142.73
139.08
135.554
132.151
126.042
122.981
120.006
117.124
114.343
111.664
106.805
104.363
101.988
99.6841
97.4442
95.2712
91.34
89.3376
87.3879
85.4967
83.6542
81.8619
78.6091
76.9511
75.3384
73.7657
72.2323
70.7446
68.0463
66.6743
65.3381
64.0398
62.7772
61.5516
59.3297
58.2008
57.1035
56.0356
54.9962
53.9858
52.149
51.2098
50.2936
49.4006
48.5299
47.6779
46.1203
45.3208
44.5374
43.7695
43.0168
42.278
40.9196
40.2181
39.5291
38.8508
38.1839
37.5277
36.3177
35.6911
35.0748
34.4676
33.8693
33.2796
32.1915
31.628
31.0729
30.5261
29.988
29.4581
28.481
27.9762
27.4793
26.9915
26.5122
26.0413
25.1776
24.7326
24.2968
23.8706
23.4518
23.0425
22.2949
21.9112
21.5361
21.1703
20.8116
20.4608
19.8193
19.4902
19.168
18.8519
18.5419
18.2385
17.6816
17.3942
17.1117
16.8339
16.5606
16.2921
15.7966
15.5393
15.2861
15.0371
14.7911
14.5487
14.1002
13.8675
13.6373
13.411
13.1873
12.9665
12.5578
12.3454
12.1359
11.9295
11.7256
11.5246
11.1528
10.9599
10.7701
10.5834
10.3993
10.2181
9.88473
9.71245
9.54334
9.37759
9.21462
9.05471
8.76171
8.61105
8.46345
8.31906
8.17757
8.03912
7.78531
7.65467
7.52675
7.40134
7.27802
7.15704
6.93501
6.82037
6.70759
6.59679
6.48746
6.37983
6.18119
6.07808
5.97642
5.8762
5.7773
5.67965
5.49869
5.40455
5.3116
5.21981
5.12912
5.03941
4.87309
4.78635
4.70077
4.61634
4.53284
4.45035
4.29754
4.21807
4.13969
4.06262
3.98667
3.91189
3.7744
3.70359
3.63442
3.56695
3.50109
3.43721
3.32177
3.18344
3.02446
2.87887
2.74313
2.61738
2.40172
2.2979
2.20046
2.10879
2.02225
1.94103
1.80091
1.73193
1.66656
1.60489
1.54699
1.49154
1.39476
1.34694
1.30139
1.25815
1.21713
1.17817
