-2.78064
-2.99609
-3.23396
-3.49579
-3.78004
-4.08506
-4.40902
-4.7518
-5.11409
-5.49762
-5.90517
-6.34065
-6.81071
-7.32481
-7.89371
-8.52537
-9.21917
-9.97132
-10.7763
-11.6315
-12.5377
-13.4985
-14.5184
-15.6089
-16.7818
-18.0608
-19.4729
-21.0464
-22.796
-24.7143
-26.7909
-29.0133
-31.3837
-33.9096
-36.6084
-39.5062
-42.642
-46.078
-49.9002
-54.2143
-59.1217
-64.6703
-70.8817
-77.792
-85.4809
-94.0871
-103.843
-115.034
-128.167
-143.705
-162.502
-185.17
-211.389
-238.977
-261.51
-268.23
-248.382
-194.306
-109.387
-6.57466
96.0345
180.582
235.346
255.739
249.986
229.288
203.671
179.039
157.569
139.438
124.213
111.263
100.127
90.4234
81.8631
74.2773
67.5737
61.6799
56.546
52.0445
48.0454
44.4321
41.1211
38.0554
35.1998
32.5261
30.024
27.6833
25.5163
23.5323
21.7421
20.1383
18.6905
17.3695
16.1455
15.0023
13.9273
12.914
11.9572
11.0548
10.2082
9.42311
8.70433
8.05356
7.46575
6.92841
6.43149
5.96594
5.52701
5.11116
4.7159
4.34
3.98358
3.6483
3.34142
2.78972
2.271
1.88069
1.58196
1.34779
-2.78182
-2.9948
-2.99738
-3.23254
-3.23539
-3.49422
-3.49735
-3.77836
-3.78173
-4.08326
-4.08686
-4.40711
-4.41092
-4.74979
-4.75382
-5.11196
-5.11622
-5.49537
-5.49987
-5.90276
-5.90757
-6.33807
-6.34323
-6.80791
-6.81351
-7.32173
-7.3279
-7.8903
-7.89713
-8.5216
-8.52917
-9.21504
-9.2233
-9.96687
-9.97577
-10.7716
-10.7811
-11.6265
-11.6365
-12.5324
-12.543
-13.4928
-13.5042
-14.5124
-14.5244
-15.6024
-15.6154
-16.7749
-16.7888
-18.0531
-18.0685
-19.4644
-19.4814
-21.0369
-21.0559
-22.7855
-22.8065
-24.7029
-24.7258
-26.7786
-26.8032
-29.0002
-29.0264
-31.3697
-31.3977
-33.8947
-33.9245
-36.5925
-36.6243
-39.489
-39.5233
-42.6233
-42.6607
-46.0574
-46.0985
-49.8772
-49.9233
-54.1881
-54.2405
-59.0918
-59.1516
-64.6368
-64.7039
-70.8442
-70.9192
-77.7503
-77.8337
-85.4345
-85.5273
-94.035
-94.1394
-103.783
-103.902
-114.965
-115.103
-128.086
-128.249
-143.608
-143.802
-162.382
-162.622
-185.03
-185.311
-211.234
-211.545
-238.826
-239.128
-261.419
-261.601
-268.263
-268.196
-248.603
-248.16
-194.714
-193.897
-109.943
-108.83
-7.18635
-5.96311
95.4915
96.577
180.175
180.988
235.14
235.551
255.698
255.779
250.073
249.898
229.427
229.148
203.818
203.524
179.171
178.907
157.682
157.456
139.533
139.343
124.293
124.133
111.332
111.194
100.186
100.067
90.4754
90.3715
81.9092
81.8171
74.318
74.2365
67.6097
67.5378
61.7113
61.6486
56.5733
56.5187
52.0687
52.0203
48.0671
48.0237
44.4519
44.4125
41.1392
41.103
38.0723
38.0386
35.2156
35.1841
32.5409
32.5114
30.0378
30.0101
27.6962
27.6704
25.5282
25.5045
23.5431
23.5215
21.7518
21.7324
20.147
20.1296
18.6983
18.6826
17.3768
17.3623
16.1523
16.1388
15.0087
14.996
13.9333
13.9214
12.9196
12.9084
11.9625
11.9519
11.0598
11.0498
10.2129
10.2035
9.42742
9.41881
8.70824
8.70042
8.05709
8.05004
7.46896
7.46254
6.93136
6.92547
6.43423
6.42874
5.96852
5.96336
5.52944
5.52458
5.11347
5.10885
4.7181
4.7137
4.34209
4.33791
3.98556
3.9816
3.65014
3.64645
3.34304
3.33979
2.79314
2.78632
2.27356
2.26844
1.88263
1.87876
1.58347
1.58045
1.34898
-2.79035
-2.98546
-3.00678
-3.2222
-3.24575
-3.48293
-3.5087
-3.76617
-3.79395
-4.07025
-4.09991
-4.39331
-4.42476
-4.73522
-4.76843
-5.09656
-5.13166
-5.47905
-5.51624
-5.88537
-5.92502
-6.3194
-6.36197
-6.78768
-6.83384
-7.29947
-7.35031
-7.86559
-7.92201
-8.49417
-8.55671
-9.18512
-9.25332
-9.93462
-10.0081
-10.7372
-10.8155
-11.5901
-11.673
-12.4938
-12.5818
-13.4519
-13.5452
-14.4689
-14.5682
-15.5555
-15.6624
-16.7245
-16.8394
-17.9976
-18.1243
-19.4028
-19.5434
-20.9684
-21.1249
-22.7095
-22.8829
-24.6202
-24.8088
-26.6896
-26.8925
-28.9051
-29.1218
-31.2683
-31.4994
-33.7869
-34.0327
-36.4771
-36.7401
-39.3646
-39.6485
-42.488
-42.7966
-45.9087
-46.2481
-49.7101
-50.0912
-53.9986
-54.4315
-58.8757
-59.3693
-64.3944
-64.948
-70.5731
-71.1918
-77.4488
-78.1368
-85.0989
-85.8649
-93.6577
-94.5187
-103.351
-104.337
-114.468
-115.604
-127.499
-128.841
-142.908
-144.509
-161.519
-163.497
-184.017
-186.323
-210.109
-212.69
-237.728
-240.215
-260.752
-262.248
-268.478
-267.926
-250.11
-246.522
-197.634
-190.905
-113.95
-104.774
-11.6236
-1.53368
91.539
100.521
177.181
183.892
233.626
237.028
255.388
256.047
250.692
249.259
230.428
228.135
204.888
202.463
180.136
177.95
158.505
156.639
140.227
138.655
124.875
123.556
111.83
110.699
100.619
99.6365
90.8533
89.9963
82.2438
81.4845
74.6145
73.9419
67.8714
67.278
61.9398
61.4225
56.7719
56.3213
52.2446
51.8453
48.2245
47.8672
44.5954
44.2703
41.2711
40.9718
38.1949
37.9158
35.3301
35.07
32.648
32.4046
30.1383
29.91
27.7899
27.577
25.6144
25.4187
23.6214
23.4436
21.8221
21.6623
20.2101
20.0667
18.7556
18.6254
17.4295
17.3098
16.2012
16.0899
15.0547
14.9502
13.9765
13.8782
12.9605
12.8677
12.0011
11.9134
11.0961
11.0135
10.2468
10.1698
9.4587
9.38769
8.73668
8.67214
8.08271
8.02455
7.49227
7.43934
6.95273
6.90418
6.45417
6.40887
5.98726
5.94466
5.54713
5.50695
5.13027
5.0921
4.73408
4.69775
4.35726
4.32281
3.99996
3.96726
3.66358
3.63308
3.35487
3.32808
2.81799
2.76176
2.29228
2.25004
1.89677
1.86484
1.59449
1.56957
1.35766
-2.81236
-2.84137
-2.87073
-2.90072
-2.93099
-2.96161
-3.03106
-3.06311
-3.0955
-3.12842
-3.16186
-3.1958
-3.27249
-3.3078
-3.34362
-3.37995
-3.41684
-3.45408
-3.53796
-3.57649
-3.61558
-3.65489
-3.69469
-3.73492
-3.82556
-3.86704
-3.90895
-3.95122
-3.99389
-4.03701
-4.13357
-4.17772
-4.22223
-4.26718
-4.31238
-4.35795
-4.46041
-4.50727
-4.55426
-4.6017
-4.64956
-4.69786
-4.80607
-4.85544
-4.90528
-4.95552
-5.00625
-5.05721
-5.17142
-5.2238
-5.27667
-5.32984
-5.38331
-5.43727
-5.55851
-5.61383
-5.66971
-5.7263
-5.78339
-5.84095
-5.96985
-6.02899
-6.08883
-6.14948
-6.21033
-6.27165
-6.41033
-6.47414
-6.53838
-6.60355
-6.66944
-6.73601
-6.8863
-6.95567
-7.02617
-7.09738
-7.16979
-7.24286
-7.40822
-7.485
-7.56272
-7.64147
-7.72145
-7.80245
-7.98642
-8.07159
-8.15786
-8.24537
-8.334
-8.424
-8.62773
-8.72152
-8.81668
-8.91303
-9.01018
-9.10856
-9.33082
-9.4329
-9.53614
-9.64046
-9.74555
-9.85204
-10.0915
-10.2011
-10.3115
-10.423
-10.5355
-10.6492
-10.9043
-11.0206
-11.1383
-11.257
-11.3764
-11.4969
-11.767
-11.8906
-12.0153
-12.1409
-12.2675
-12.3952
-12.6816
-12.8126
-12.9445
-13.0775
-13.2115
-13.3469
-13.6511
-13.79
-13.9301
-14.0709
-14.2137
-14.3575
-14.6811
-14.8298
-14.9794
-15.1304
-15.2826
-15.4362
-15.7835
-15.9425
-16.1033
-16.2657
-16.4297
-16.5956
-16.9705
-17.1434
-17.3177
-17.4952
-17.6744
-17.8561
-18.2685
-18.4585
-18.6509
-18.8463
-19.0446
-19.2458
-19.7036
-19.9149
-20.1293
-20.3473
-20.5686
-20.7934
-21.3034
-21.5384
-21.777
-22.0194
-22.2661
-22.5153
-23.0799
-23.3392
-23.6018
-23.8678
-24.1368
-24.4088
-25.0231
-25.3044
-25.5897
-25.8776
-26.1682
-26.4625
-27.1225
-27.4252
-27.7305
-28.0384
-28.3489
-28.662
-29.3679
-29.6908
-30.0162
-30.3443
-30.6752
-31.0093
-31.7612
-32.1048
-32.4511
-32.8012
-33.1547
-33.5112
-34.3119
-34.6783
-35.0492
-35.4235
-35.8011
-36.1823
-37.0389
-37.4315
-37.8283
-38.229
-38.6358
-39.0469
-39.9711
-40.3943
-40.8234
-41.2584
-41.6995
-42.1436
-43.1481
-43.6113
-44.0808
-44.5564
-45.0392
-45.5285
-46.6359
-47.1474
-47.6683
-48.1995
-48.7373
-49.2845
-50.5266
-51.103
-51.6919
-52.2898
-52.8975
-53.5168
-54.9268
-55.5832
-56.2506
-56.93
-57.6228
-58.3263
-59.9334
-60.6763
-61.4325
-62.2023
-62.9847
-63.7767
-65.5802
-66.4138
-67.2616
-68.1223
-68.9965
-69.8821
-71.8974
-72.8273
-73.7706
-74.7266
-75.6965
-76.681
-78.9199
-79.9518
-80.9975
-82.0646
-83.1472
-84.2442
-86.7386
-87.8905
-89.0608
-90.2555
-91.4676
-92.699
-95.5053
-96.808
-98.1338
-99.4802
-100.854
-102.254
-105.464
-106.955
-108.472
-110.016
-111.592
-113.207
-116.907
-118.649
-120.432
-122.248
-124.104
-126.004
-130.377
-132.427
-134.523
-136.679
-138.886
-141.138
-146.352
-148.817
-151.35
-153.964
-156.625
-159.355
-165.755
-168.748
-171.812
-174.949
-178.169
-181.452
-188.959
-192.47
-196.048
-199.708
-203.399
-207.186
-215.632
-219.44
-223.324
-227.228
-231.076
-234.87
-242.957
-246.408
-249.772
-253.002
-256.031
-258.818
-263.817
-265.74
-267.349
-268.249
-268.776
-268.826
-267.038
-265.442
-263.089
-260.385
-257.225
-253.407
-242.09
-235.829
-228.888
-221.443
-213.359
-204.682
-182.905
-172.175
-160.869
-149.288
-136.942
-124.085
-94.365
-80.5352
-66.5474
-52.1809
-37.6662
-22.9795
9.81089
24.4792
38.8776
53.301
67.5322
81.2617
110.551
123.249
135.571
147.48
158.685
169.296
191.058
199.988
208.408
216.056
223.124
229.522
240.668
244.803
248.299
251.315
253.114
254.548
256.488
256.475
255.997
255.116
253.826
252.176
247.562
245.287
242.574
239.445
236.255
232.977
225.509
221.998
218.45
214.876
211.256
207.644
199.761
196.258
192.748
189.308
185.894
182.616
175.519
172.413
169.38
166.412
163.497
160.648
154.558
151.941
149.373
146.852
144.414
142.026
136.909
134.702
132.548
130.449
128.398
126.39
122.083
120.205
118.385
116.591
114.84
113.125
109.446
107.846
106.28
104.74
103.228
101.741
98.5489
97.1563
95.7889
94.4459
93.127
91.8326
89.0411
87.816
86.6113
85.4243
84.2591
83.1117
80.6374
79.5506
78.4805
77.4315
76.3997
75.3835
73.1923
72.2334
71.2904
70.3623
69.4472
68.5501
66.6176
65.7713
64.941
64.125
63.3227
62.5337
60.8461
60.1093
59.3846
58.6718
57.9726
57.2885
55.819
55.1745
54.5404
53.9168
53.3035
52.7008
51.3997
50.8286
50.2668
49.7127
49.1684
48.6319
47.4681
46.9547
46.4477
45.9476
45.4544
44.9663
43.9067
43.4378
42.9741
42.514
42.0601
41.6118
40.6366
40.2039
39.7749
39.3496
38.928
38.5113
37.602
37.2003
36.8013
36.4052
36.0133
35.6255
34.7782
34.4008
34.0266
33.6559
33.2887
32.9249
32.1316
31.7784
31.4284
31.0817
30.7381
30.3978
29.6538
29.3234
28.9958
28.6714
28.3501
28.032
27.3395
27.0322
26.7284
26.4279
26.1303
25.837
25.1998
24.9165
24.6377
24.3625
24.091
23.8237
23.2445
22.9887
22.737
22.489
22.245
22.0041
21.4833
21.2544
21.0285
20.8068
20.5885
20.3733
19.906
19.6998
19.4967
19.2963
19.0985
18.9034
18.4795
18.2925
18.1076
17.9248
17.7442
17.5654
17.1759
17.0025
16.8312
16.6613
16.4933
16.3275
15.965
15.8036
15.6438
15.4853
15.3283
15.1729
14.8328
14.681
14.5307
14.3817
14.2339
14.088
13.7678
13.6252
13.4837
13.3435
13.2042
13.0659
12.7633
12.6285
12.4947
12.3623
12.2309
12.1005
11.815
11.6874
11.5616
11.4368
11.3127
11.1898
10.9208
10.8012
10.6827
10.5653
10.4494
10.3342
10.0833
9.97192
9.86225
9.75364
9.64606
9.53946
9.30819
9.20593
9.10507
9.00555
8.90724
8.81015
8.59996
8.50732
8.41582
8.32578
8.23674
8.14905
7.95954
7.87608
7.79366
7.71227
7.63189
7.55245
7.38
7.3037
7.22848
7.15417
7.08053
7.00789
6.8499
6.77976
6.71018
6.64134
6.57312
6.50558
6.35799
6.29232
6.22731
6.16289
6.09909
6.03557
5.89678
5.83512
5.77393
5.71306
5.65276
5.59276
5.4619
5.40341
5.34541
5.28776
5.23047
5.17368
5.04919
4.99366
4.93859
4.88369
4.82914
4.77524
4.65692
4.60415
4.55159
4.49954
4.44775
4.39638
4.28405
4.23388
4.18412
4.13471
4.08578
4.03703
3.93055
3.8833
3.83641
3.78984
3.74381
3.69824
3.59903
3.55475
3.51121
3.46848
3.4266
3.38588
3.29827
3.26075
3.16183
3.06554
2.97202
2.88304
2.70007
2.62253
2.54764
2.47627
2.40758
2.34137
2.20373
2.14551
2.0897
2.03582
1.98397
1.93383
1.82982
1.78604
1.74334
1.70181
1.66181
1.62326
1.54216
1.50747
1.47393
1.44131
1.41032
1.3803
