-2.50024
-2.81949
-3.19011
-3.6215
-4.11059
-4.65182
-5.24527
-5.89905
-6.63005
-7.46965
-8.45717
-9.60767
-10.9059
-12.3421
-13.9238
-15.6796
-17.6694
-19.9898
-22.7428
-25.9427
-29.5502
-33.5658
-38.0475
-43.1272
-49.0609
-56.2448
-65.0414
-75.6383
-88.3123
-103.723
-123.182
-148.801
-183.442
-226.85
-263.387
-254.635
-163.838
-6.77006
150.327
241.661
252.371
218.254
177.442
144.345
119.284
100.024
84.691
72.2191
62.0755
53.9102
47.242
41.5794
36.6148
32.1873
28.2207
24.7129
21.7013
19.164
16.9889
15.0676
13.3357
11.7628
10.3396
9.07724
7.99157
7.06346
6.25082
5.51979
4.85155
4.23779
3.68142
3.07948
2.18541
1.62788
1.25552
-2.50128
-2.81829
-2.82069
-3.18871
-3.19151
-3.61988
-3.62311
-4.10878
-4.11239
-4.64984
-4.6538
-5.2431
-5.24744
-5.89663
-5.90146
-6.62733
-6.63277
-7.46648
-7.47283
-8.45342
-8.46091
-9.60337
-9.61197
-10.9011
-10.9107
-12.3368
-12.3474
-13.918
-13.9296
-15.6731
-15.6861
-17.6619
-17.6768
-19.981
-19.9986
-22.7324
-22.7532
-25.9307
-25.9546
-29.5369
-29.5635
-33.551
-33.5806
-38.0309
-38.0642
-43.1081
-43.1463
-49.0383
-49.0836
-56.217
-56.2726
-65.0076
-65.0753
-75.5979
-75.6788
-88.2636
-88.3609
-103.663
-103.784
-123.104
-123.259
-148.697
-148.905
-183.304
-183.58
-226.695
-227.004
-263.31
-263.463
-254.806
-254.462
-164.304
-163.37
-7.3662
-6.17384
149.861
150.793
241.494
241.828
252.44
252.301
218.399
218.108
177.574
177.31
144.445
144.244
119.36
119.208
100.083
99.9641
84.7392
84.6429
72.2585
72.1797
62.1074
62.0436
53.9357
53.8847
47.2633
47.2206
41.5979
41.5609
36.6312
36.5985
32.202
32.1727
28.2338
28.2076
24.7243
24.7014
21.7109
21.6916
19.1722
19.1558
16.996
16.9818
15.0739
15.0612
13.3414
13.3299
11.768
11.7576
10.3443
10.3349
9.08134
9.07314
7.99507
7.98806
7.06648
7.06044
6.2535
6.24813
5.52223
5.51735
4.85379
4.84931
4.23984
4.23574
3.68325
3.6796
3.08353
3.07544
2.18783
2.18299
1.62945
1.62631
1.2566
-2.51046
-2.80784
-2.83121
-3.1765
-3.2038
-3.60578
-3.63729
-4.09304
-4.12821
-4.63252
-4.67118
-5.22412
-5.26649
-5.87557
-5.9226
-6.60359
-6.65664
-7.43885
-7.5007
-8.42075
-8.49378
-9.56585
-9.64962
-10.8594
-10.9526
-12.2908
-12.3936
-13.8672
-13.9805
-15.6164
-15.743
-17.5968
-17.7424
-19.9039
-20.0761
-22.6415
-22.8447
-25.8262
-26.0593
-29.4207
-29.6803
-33.4217
-33.7104
-37.8855
-38.2098
-42.9418
-43.3136
-48.8407
-49.2826
-55.9743
-56.5171
-64.7124
-65.3726
-75.2452
-76.0337
-87.8395
-88.7882
-103.141
-104.314
-122.43
-123.94
-147.792
-149.819
-182.101
-184.792
-225.336
-228.354
-262.622
-264.114
-256.252
-252.9
-168.336
-159.236
-12.5387
-0.95321
145.754
154.831
239.991
243.268
253.023
251.671
219.67
216.83
178.73
176.165
145.33
143.369
120.032
118.544
100.605
99.4433
85.1619
84.2233
72.6047
71.836
62.3865
61.7662
54.1601
53.662
47.4508
47.0343
41.7601
41.4002
36.7747
36.4556
32.3305
32.0446
28.3486
28.0932
24.8244
24.6018
21.7955
21.6076
19.2439
19.0846
17.0582
16.92
15.1297
15.0057
13.392
13.2795
11.8139
11.7118
10.3855
10.2938
9.11736
9.03734
8.02582
7.95748
7.09297
7.03408
6.27703
6.2247
5.54361
5.49604
4.87338
4.82975
4.25781
4.21783
3.69924
3.66365
3.1208
3.04045
2.2092
2.16201
1.64328
1.61271
1.26607
-2.54097
-2.58569
-2.63143
-2.67789
-2.72542
-2.77371
-2.86637
-2.9179
-2.97078
-3.02473
-3.07999
-3.13661
-3.24474
-3.30521
-3.36691
-3.42979
-3.49407
-3.5596
-3.68439
-3.75354
-3.82379
-3.8952
-3.96777
-4.04139
-4.18066
-4.25743
-4.33536
-4.41444
-4.49454
-4.57567
-4.72885
-4.81305
-4.89851
-4.98506
-5.07296
-5.16191
-5.32969
-5.42244
-5.51632
-5.61167
-5.70846
-5.80666
-5.9928
-6.09562
-6.20038
-6.30664
-6.41515
-6.52587
-6.73612
-6.8532
-6.97279
-7.09511
-7.22006
-7.34847
-7.59361
-7.73083
-7.87128
-8.01522
-8.1629
-8.31402
-8.60319
-8.76418
-8.92857
-9.09667
-9.26827
-9.44298
-9.77436
-9.95788
-10.1445
-10.3341
-10.5268
-10.7224
-11.0916
-11.2952
-11.502
-11.7118
-11.9245
-12.1399
-12.5467
-12.7709
-12.9983
-13.229
-13.463
-13.7006
-14.1498
-14.3975
-14.6497
-14.9055
-15.1658
-15.4307
-15.9324
-16.2117
-16.4957
-16.7851
-17.0815
-17.3838
-17.9602
-18.2818
-18.6121
-18.9504
-19.297
-19.6524
-20.3345
-20.7167
-21.109
-21.5112
-21.9229
-22.3448
-23.1491
-23.5977
-24.0571
-24.5244
-25.0011
-25.4853
-26.4063
-26.9157
-27.4341
-27.961
-28.4958
-29.0398
-30.0684
-30.637
-31.2142
-31.7996
-32.3948
-32.9987
-34.142
-34.7737
-35.4162
-36.0694
-36.7344
-37.4108
-38.6942
-39.4057
-40.1324
-40.8734
-41.6282
-42.3997
-43.8717
-44.6956
-45.5372
-46.4009
-47.2871
-48.1971
-49.9487
-50.9373
-51.9519
-52.9993
-54.0763
-55.1869
-57.3337
-58.5441
-59.7922
-61.0755
-62.394
-63.7506
-66.3664
-67.8334
-69.3383
-70.881
-72.4668
-74.0948
-77.2179
-78.9724
-80.7705
-82.6141
-84.509
-86.4584
-90.2152
-92.3246
-94.5018
-96.7463
-99.058
-101.447
-106.082
-108.716
-111.443
-114.26
-117.191
-120.248
-126.227
-129.656
-133.213
-136.941
-140.833
-144.886
-152.889
-157.503
-162.316
-167.38
-172.668
-178.171
-188.892
-195.018
-201.328
-207.714
-214.187
-220.775
-232.809
-239.013
-245.059
-250.777
-255.936
-260.117
-266.081
-267.949
-268.094
-267.021
-264.534
-260.223
-247.407
-237.949
-226.391
-213.027
-197.861
-181.049
-145.182
-124.066
-101.662
-78.4886
-54.3631
-29.8348
16.3211
41.0949
65.0367
88.3399
110.798
131.89
167.686
184.744
199.796
213.272
225.079
234.545
247.322
252.149
254.881
256.09
256.084
254.673
249.281
245.13
240.575
235.389
229.662
223.829
212.548
206.427
200.277
194.233
188.329
182.602
172.477
167.254
162.199
157.377
152.754
148.307
140.531
136.563
132.784
129.137
125.643
122.286
116.395
113.374
110.473
107.669
104.965
102.357
97.7476
95.3742
93.0721
90.8404
88.6767
86.5778
82.8571
80.9297
79.0555
77.2384
75.4742
73.7614
70.7173
69.1437
67.6173
66.1374
64.7066
63.3203
60.8641
59.5978
58.3719
57.1841
56.0305
54.913
52.9365
51.911
50.9144
49.9424
48.9971
48.0762
46.4266
45.5666
44.7249
43.8998
43.0914
42.2992
40.8727
40.1221
39.386
38.6626
37.9508
37.251
35.988
35.3209
34.6646
34.019
33.3838
32.7578
31.6251
31.0267
30.4381
29.8588
29.2894
28.73
27.7197
27.1879
26.666
26.1532
25.6502
25.1576
24.2762
23.8143
23.3641
22.9249
22.4957
22.0779
21.3327
20.9443
20.5646
20.1949
19.834
19.4823
18.8519
18.5212
18.1981
17.8817
17.5704
17.2655
16.7172
16.427
16.1417
15.8618
15.5865
15.3148
14.8235
14.5633
14.3072
14.0546
13.8055
13.5602
13.1142
12.8783
12.6457
12.4162
12.1896
11.9662
11.5615
11.347
11.1361
10.9285
10.7236
10.5226
10.1592
9.96755
9.77919
9.59488
9.41444
9.23738
8.92021
8.7541
8.59191
8.43358
8.27906
8.12799
7.85752
7.7161
7.57799
7.44317
7.31081
7.18139
6.94801
6.82512
6.7047
6.58618
6.46976
6.35522
6.14782
6.03819
5.9301
5.82361
5.71827
5.61453
5.42599
5.32601
5.22735
5.12983
5.03354
4.93835
4.76564
4.67381
4.58293
4.49334
4.40486
4.3176
4.15907
4.07531
3.9927
3.91125
3.83129
3.75264
3.61146
3.5379
3.46646
3.39732
3.33075
3.24506
2.92969
2.78045
2.64166
2.51284
2.39361
2.28193
2.0948
2.00295
1.91702
1.8368
1.76141
1.69027
1.56884
1.50828
1.45089
1.39768
1.34664
1.29811
