-2.52012
-2.78652
-3.0883
-3.43384
-3.82232
-4.24929
-4.71168
-5.21058
-5.75073
-6.34065
-6.99598
-7.74188
-8.60148
-9.57755
-10.6581
-11.8339
-13.1073
-14.4884
-16.0013
-17.6829
-19.6014
-21.8232
-24.3738
-27.2239
-30.3494
-33.7609
-37.4945
-41.629
-46.2844
-51.6827
-58.0893
-65.6867
-74.5433
-84.7879
-96.7471
-111.011
-128.575
-150.786
-179.666
-215.337
-251.72
-268.734
-237.459
-144.114
-6.57466
130.33
224.829
256.396
241.345
207.366
173.829
146.306
124.613
107.27
93.0665
81.1763
71.1123
62.6344
55.6019
49.7042
44.6301
40.1351
36.0755
32.3789
29.0008
25.9352
23.2116
20.849
18.8091
17.0107
15.3858
13.8976
12.5244
11.2563
10.0921
9.04501
8.12451
7.32299
6.61215
5.96594
5.37023
4.81556
4.29838
3.81786
3.38273
2.65771
2.02419
1.58954
1.27875
1.04678
-2.52116
-2.78534
-2.7877
-3.08696
-3.08965
-3.4323
-3.43537
-3.82061
-3.82402
-4.24744
-4.25114
-4.70968
-4.71368
-5.20841
-5.21274
-5.74838
-5.75308
-6.33807
-6.34323
-6.99307
-6.99889
-7.73856
-7.74521
-8.59765
-8.6053
-9.57325
-9.58185
-10.6534
-10.6628
-11.8288
-11.839
-13.1018
-13.1128
-14.4824
-14.4944
-15.9947
-16.008
-17.6755
-17.6904
-19.5928
-19.61
-21.8132
-21.8331
-24.3625
-24.3851
-27.2114
-27.2364
-30.3358
-30.363
-33.7461
-33.7758
-37.4783
-37.5108
-41.6108
-41.6472
-46.2637
-46.3051
-51.6581
-51.7072
-58.0602
-58.1184
-65.6526
-65.7209
-74.5038
-74.5829
-84.742
-84.8339
-96.693
-96.8012
-110.946
-111.077
-128.493
-128.656
-150.681
-150.891
-179.531
-179.802
-215.18
-215.494
-251.584
-251.855
-268.75
-268.717
-237.732
-237.186
-144.626
-143.601
-7.18635
-5.96311
129.825
130.834
224.553
225.104
256.37
256.421
241.476
241.214
207.514
207.218
173.958
173.702
146.407
146.204
124.694
124.533
107.334
107.205
93.1203
93.0127
81.2219
81.1308
71.1507
71.0739
62.6666
62.6022
55.6286
55.5753
49.7268
49.6816
44.65
44.6103
40.1529
40.1174
36.0916
36.0595
32.3936
32.3642
29.0143
28.9874
25.9473
25.9231
23.2222
23.201
20.8581
20.8399
18.817
18.8011
17.0178
17.0036
15.3923
15.3793
13.9035
13.8916
12.5299
12.5189
11.2614
11.2512
10.0967
10.0875
9.04911
9.04092
8.12808
8.12093
7.32613
7.31984
6.61496
6.60933
5.96852
5.96336
5.37262
5.36784
4.81778
4.81334
4.30046
4.2963
3.81978
3.81595
3.38439
3.38106
2.6609
2.65451
2.02635
2.02203
1.59106
1.58802
1.27986
1.27765
1.04763
-2.52957
-2.77595
-2.79713
-3.07623
-3.10042
-3.42005
-3.44768
-3.80703
-3.83769
-4.23265
-4.26597
-4.69366
-4.72971
-5.19113
-5.23009
-5.72958
-5.77195
-6.31747
-6.36391
-6.96985
-7.02223
-7.712
-7.7719
-8.56716
-8.63599
-9.53893
-9.6163
-10.6158
-10.7006
-11.7881
-11.8798
-13.0577
-13.157
-14.4345
-14.5425
-15.9418
-16.0611
-17.6163
-17.7499
-19.5242
-19.6789
-21.7339
-21.9129
-24.2727
-24.4754
-27.112
-27.3363
-30.2274
-30.4719
-33.6277
-33.8947
-37.3482
-37.6416
-41.4653
-41.7929
-46.0985
-46.4713
-51.4625
-51.9034
-57.8285
-58.352
-65.3803
-65.9952
-74.188
-74.9005
-84.3755
-85.2029
-96.2616
-97.236
-110.427
-111.6
-127.843
-129.313
-149.844
-151.732
-178.454
-180.888
-213.919
-216.754
-250.51
-252.92
-268.845
-268.548
-239.801
-235.047
-148.609
-139.476
-12.0823
-1.07589
125.757
134.88
222.313
227.237
256.138
256.502
242.495
240.162
208.703
206.033
174.986
172.683
147.223
145.398
125.339
123.894
107.854
106.69
93.5526
92.5838
81.5876
80.7675
71.4594
70.7675
62.926
62.3453
55.8424
55.3629
49.9083
49.5013
44.8091
44.4519
40.2951
39.9757
36.2205
35.9311
32.5114
32.2468
29.1221
28.88
26.0441
25.8268
23.3072
23.1163
20.9311
20.7674
18.8806
18.7378
17.0747
16.9469
15.4441
15.3277
13.9512
13.8441
12.5741
12.475
11.302
11.2107
10.1338
10.0505
9.08198
9.0082
8.15677
8.09246
7.35123
7.2948
6.63753
6.58685
5.9892
5.94273
5.39178
5.34874
4.83563
4.79557
4.31708
4.27969
3.83516
3.80063
3.39769
3.36767
2.68662
2.62914
2.0438
2.00484
1.60331
1.57593
1.28878
1.26885
1.05446
-2.55554
-2.59259
-2.63034
-2.66864
-2.70762
-2.74735
-2.82633
-2.86797
-2.91072
-2.95423
-2.99848
-3.04367
-3.13383
-3.18175
-3.23068
-3.28039
-3.331
-3.38275
-3.48573
-3.54001
-3.59509
-3.65114
-3.70791
-3.76566
-3.87988
-3.93994
-4.00069
-4.06228
-4.12459
-4.1875
-4.31172
-4.37688
-4.44284
-4.50949
-4.57681
-4.6448
-4.77913
-4.84931
-4.92046
-4.99244
-5.06502
-5.13848
-5.28355
-5.35952
-5.43638
-5.51409
-5.59262
-5.67226
-5.83001
-5.91262
-5.99617
-6.08123
-6.16749
-6.25472
-6.42785
-6.51906
-6.61193
-6.7063
-6.8019
-6.89935
-7.09428
-7.19741
-7.30238
-7.40963
-7.51933
-7.63117
-7.85472
-7.97337
-8.09496
-8.2189
-8.34506
-8.47415
-8.73108
-8.8672
-9.00554
-9.14622
-9.28928
-9.43438
-9.72248
-9.87413
-10.028
-10.1838
-10.3413
-10.5011
-10.817
-10.9821
-11.1498
-11.3194
-11.4906
-11.6639
-12.006
-12.1852
-12.3664
-12.55
-12.7355
-12.9232
-13.2934
-13.4878
-13.6845
-13.8834
-14.0841
-14.2882
-14.6915
-14.9037
-15.1185
-15.3359
-15.5562
-15.7808
-16.225
-16.4586
-16.6964
-16.9382
-17.1846
-17.4354
-17.935
-18.2006
-18.4711
-18.7468
-19.0281
-19.3159
-19.8926
-20.1986
-20.5121
-20.8327
-21.1593
-21.493
-22.1606
-22.5153
-22.8771
-23.2448
-23.6181
-23.9989
-24.7549
-25.1531
-25.5584
-25.9696
-26.3859
-26.8088
-27.6445
-28.083
-28.5272
-28.9777
-29.4342
-29.8963
-30.8079
-31.2875
-31.7729
-32.2637
-32.7614
-33.2659
-34.2618
-34.7849
-35.3164
-35.8546
-36.3997
-36.9518
-38.0453
-38.6231
-39.2101
-39.8047
-40.4074
-41.021
-42.2434
-42.8882
-43.5457
-44.2158
-44.8991
-45.5963
-46.9867
-47.7281
-48.4886
-49.2655
-50.0593
-50.8721
-52.5119
-53.3883
-54.2855
-55.2073
-56.1535
-57.1237
-59.0781
-60.124
-61.192
-62.2878
-63.4075
-64.5517
-66.8463
-68.0687
-69.3178
-70.5932
-71.8974
-73.2276
-75.8847
-77.2985
-78.7443
-80.216
-81.7219
-83.2637
-86.3471
-87.9863
-89.6658
-91.3879
-93.1479
-94.952
-98.5853
-100.526
-102.521
-104.58
-106.691
-108.856
-113.235
-115.595
-118.04
-120.574
-123.181
-125.872
-131.355
-134.326
-137.41
-140.592
-143.887
-147.315
-154.393
-158.211
-162.226
-166.417
-170.733
-175.19
-184.267
-189.138
-194.168
-199.355
-204.643
-210.064
-220.623
-226.178
-231.676
-237.049
-242.232
-247.143
-255.991
-259.861
-263.062
-265.828
-267.823
-268.74
-267.702
-265.681
-262.287
-258.164
-252.777
-245.781
-227.923
-217.021
-204.835
-191.303
-176.328
-160.364
-126.552
-107.645
-88.2064
-68.3311
-47.8496
-27.0275
13.8487
34.5788
55.1267
75.1982
94.3358
112.984
146.961
162.753
177.581
191.214
203.786
215.096
232.944
239.973
245.794
250.58
253.318
255.189
256.45
255.581
253.897
251.464
248.484
245.253
236.96
232.284
227.508
222.562
217.497
212.365
202.421
197.415
192.414
187.522
182.783
178.186
169.605
165.385
161.277
157.311
153.47
149.785
142.963
139.617
136.377
133.259
130.256
127.352
121.952
119.3
116.732
114.241
111.822
109.474
105.124
102.965
100.861
98.8151
96.8296
94.8954
91.2835
89.4883
87.7367
86.0262
84.3545
82.7218
79.6656
78.1419
76.66
75.2105
73.7952
72.4166
69.8351
68.5501
67.2973
66.0777
64.8902
63.7317
61.5692
60.5024
59.4636
58.4493
57.4634
56.5062
54.7184
53.8276
52.9584
52.1101
51.2811
50.4728
48.9537
48.1946
47.4503
46.7205
46.0041
45.301
43.9716
43.3034
42.6449
41.9967
41.36
40.7338
39.5435
38.941
38.3482
37.763
37.188
36.6198
35.5394
34.9934
34.4537
33.9206
33.3943
32.8751
31.8886
31.3889
30.8959
30.4094
29.9289
29.4547
28.5529
28.0973
27.6483
27.2072
26.7721
26.3439
25.5335
25.126
24.7258
24.3326
23.9471
23.5706
22.8595
22.5043
22.1572
21.8167
21.4833
21.1577
20.547
20.2415
19.9421
19.648
19.3601
19.0779
18.5444
18.2771
18.0146
17.756
17.5014
17.2506
16.7739
16.5328
16.2965
16.0627
15.8318
15.6041
15.1704
14.9508
14.7337
14.519
14.3068
14.0982
13.6991
13.4968
13.2971
13.0992
12.9033
12.7101
12.3411
12.1542
11.9694
11.7863
11.6055
11.4275
11.0871
10.9146
10.7447
10.5766
10.4113
10.2482
9.93834
9.78267
9.62928
9.47796
9.32943
9.18376
8.90865
8.77076
8.63546
8.50295
8.37296
8.24567
8.00598
7.88635
7.76905
7.65371
7.54026
7.42912
7.21879
7.11304
7.00923
6.90696
6.80628
6.70719
6.51835
6.42284
6.32867
6.23558
6.14373
6.05304
5.87979
5.79203
5.70545
5.61957
5.53456
5.4508
5.29037
5.20871
5.12807
5.04828
4.96914
4.89079
4.74114
4.66502
4.58984
4.51528
4.44135
4.36839
4.22894
4.1582
4.0881
4.01876
3.9502
3.88262
3.75393
3.68899
3.62491
3.56173
3.49975
3.43942
3.32759
3.27289
3.15256
3.01615
2.8877
2.76784
2.55322
2.45191
2.35603
2.26512
2.17937
2.09866
1.95341
1.88428
1.81916
1.75736
1.69804
1.64167
1.5397
1.49081
1.4439
1.39982
1.35748
1.31672
1.24245
1.20674
1.17233
1.139
1.10681
1.07581
