-2.2937
-2.57851
-2.90079
-3.27116
-3.69557
-4.17301
-4.70107
-5.28132
-5.9216
-6.6383
-7.45636
-8.40401
-9.49628
-10.7296
-12.0983
-13.6086
-15.2828
-17.1692
-19.3384
-21.8677
-24.7986
-28.1271
-31.8462
-35.9896
-40.6451
-45.9863
-52.2721
-59.8053
-68.8273
-79.5269
-92.2249
-107.557
-126.615
-150.816
-181.015
-213.387
-232.921
-211.814
-131.733
-6.57086
118.778
199.673
221.825
204.636
174.452
145.844
122.397
103.7
88.5602
76.0723
65.7312
57.2214
50.1946
44.2657
39.1252
34.567
30.49
26.8521
23.6562
20.9041
18.544
16.4906
14.6647
13.0168
11.5225
10.1754
8.98136
7.94337
7.043
6.24995
5.53642
4.88543
4.28904
3.74953
3.23797
2.31462
1.72643
1.33094
1.05301
0.846443
-2.29468
-2.57742
-2.5796
-2.89955
-2.90204
-3.26972
-3.27259
-3.69394
-3.6972
-4.1712
-4.17483
-4.69907
-4.70306
-5.27912
-5.28352
-5.91916
-5.92403
-6.63555
-6.64105
-7.45319
-7.45953
-8.40034
-8.4077
-9.49208
-9.50048
-10.7249
-10.7343
-12.0931
-12.1035
-13.6028
-13.6143
-15.2764
-15.2892
-17.1619
-17.1765
-19.33
-19.3469
-21.8578
-21.8775
-24.7873
-24.8099
-28.1144
-28.1398
-31.832
-31.8603
-35.9738
-36.0055
-40.6272
-40.6631
-45.9655
-46.0071
-52.2474
-52.2969
-59.7755
-59.8351
-68.7919
-68.8627
-79.485
-79.5688
-92.1748
-92.2749
-107.496
-107.619
-126.538
-126.692
-150.717
-150.914
-180.897
-181.133
-213.278
-213.496
-232.901
-232.941
-211.982
-211.646
-132.12
-131.346
-7.0586
-6.08298
118.399
119.157
199.491
199.856
221.831
221.819
204.736
204.535
174.561
174.343
145.937
145.75
122.472
122.322
103.761
103.64
88.6097
88.5106
76.1133
76.0314
65.7651
65.6974
57.2492
57.1936
50.2178
50.1715
44.2855
44.2458
39.1426
39.1078
34.5826
34.5515
30.5039
30.4761
26.8644
26.8398
23.6669
23.6454
20.9133
20.895
18.5519
18.5361
16.4976
16.4836
14.671
14.6585
13.0225
13.0112
11.5276
11.5173
10.18
10.1708
8.98539
8.97734
7.94686
7.9399
7.04604
7.03996
6.25265
6.24724
5.53888
5.53397
4.88768
4.88318
4.29109
4.28698
3.75136
3.74771
3.24228
3.23368
2.31723
2.31201
1.72816
1.72471
1.33213
1.32975
1.05387
1.05216
0.847081
-2.30296
-2.56818
-2.58889
-2.88899
-2.91265
-3.25758
-3.28481
-3.68014
-3.71106
-4.15579
-4.1903
-4.68213
-4.72008
-5.26045
-5.30225
-5.89851
-5.94477
-6.61221
-6.66451
-7.42631
-7.48656
-8.36914
-8.43907
-9.45646
-9.53625
-10.685
-10.7743
-12.0491
-12.1477
-13.5542
-13.6632
-15.2223
-15.3437
-17.1004
-17.2384
-19.2582
-19.4187
-21.7743
-21.9616
-24.6915
-24.9063
-28.0066
-28.2483
-31.7119
-31.9808
-35.8396
-36.1401
-40.4751
-40.8158
-45.7893
-46.1844
-52.0372
-52.5084
-59.5232
-60.0893
-68.4918
-69.1647
-79.1301
-79.9262
-91.7514
-92.702
-106.976
-108.143
-125.886
-127.352
-149.885
-151.755
-179.898
-182.134
-212.35
-214.414
-232.715
-233.06
-213.37
-210.172
-135.385
-128.018
-11.1992
-1.95556
115.148
122.348
197.906
201.375
221.863
221.721
205.582
203.691
175.491
173.414
146.733
144.958
123.114
121.689
104.277
103.128
89.0327
88.0907
76.4627
75.6845
66.054
65.4106
57.4865
56.9581
50.4154
49.975
44.4545
44.0778
39.2911
38.9598
34.715
34.4196
30.6224
30.358
26.9696
26.7351
23.7583
23.5545
20.9915
20.8171
18.6193
18.469
16.5569
16.4246
14.7243
14.6054
13.0707
12.9631
11.5713
11.4738
10.2191
10.1319
9.01969
8.94322
7.97656
7.91042
7.07191
7.01422
6.2757
6.22429
5.55981
5.51312
4.90684
4.86408
4.30861
4.26953
3.76691
3.73222
3.27973
3.19751
2.33958
2.29009
1.74296
1.71013
1.34227
1.31974
1.06121
1.0449
0.852521
-2.33038
-2.3706
-2.41155
-2.45301
-2.49516
-2.53808
-2.61971
-2.66491
-2.71102
-2.75793
-2.80588
-2.85464
-2.94786
-2.99964
-3.05256
-3.10655
-3.16166
-3.21799
-3.32536
-3.38496
-3.44579
-3.50771
-3.5708
-3.63508
-3.75703
-3.82457
-3.89312
-3.96279
-4.03353
-4.10545
-4.24148
-4.31639
-4.3924
-4.4694
-4.54747
-4.62675
-4.77637
-4.85876
-4.94212
-5.02666
-5.11252
-5.19952
-5.36423
-5.45475
-5.54671
-5.63997
-5.73478
-5.83109
-6.01354
-6.11443
-6.21709
-6.32182
-6.42792
-6.53612
-6.74232
-6.85674
-6.97391
-7.09295
-7.21443
-7.33874
-7.57643
-7.70873
-7.84385
-7.98208
-8.1232
-8.26752
-8.54324
-8.69637
-8.85289
-9.01225
-9.17463
-9.34024
-9.65481
-9.82899
-10.006
-10.1859
-10.3688
-10.555
-10.9067
-11.1006
-11.2976
-11.4972
-11.6996
-11.9053
-12.2939
-12.5077
-12.7248
-12.9448
-13.1682
-13.3953
-13.8247
-14.061
-14.3015
-14.5452
-14.7931
-15.0455
-15.5242
-15.7896
-16.0595
-16.334
-16.6136
-16.8995
-17.4439
-17.7469
-18.0563
-18.3723
-18.6948
-19.0251
-19.6573
-20.0094
-20.3704
-20.7394
-21.1169
-21.5023
-22.2405
-22.6509
-23.0704
-23.4982
-23.9344
-24.3793
-25.2258
-25.6946
-26.1725
-26.6579
-27.1517
-27.6544
-28.6073
-29.133
-29.6668
-30.2092
-30.7602
-31.3197
-32.3802
-32.9649
-33.559
-34.1627
-34.7763
-35.4011
-36.5862
-37.2405
-37.9067
-38.5856
-39.2767
-39.9803
-41.3232
-42.0685
-42.8303
-43.6081
-44.4023
-45.2156
-46.7744
-47.6472
-48.5396
-49.4532
-50.3909
-51.3552
-53.2122
-54.2505
-55.3199
-56.4174
-57.5446
-58.7033
-60.9343
-62.1845
-63.4679
-64.7845
-66.1324
-67.5153
-70.1731
-71.6579
-73.1784
-74.7358
-76.3367
-77.9748
-81.1172
-82.8744
-84.677
-86.525
-88.4237
-90.3718
-94.1266
-96.233
-98.3991
-100.622
-102.92
-105.296
-109.889
-112.487
-115.165
-117.936
-120.811
-123.776
-129.575
-132.839
-136.242
-139.769
-143.425
-147.201
-154.567
-158.736
-163.022
-167.472
-172.018
-176.669
-185.433
-190.25
-195.064
-199.932
-204.666
-209.255
-217.304
-221.224
-224.74
-227.715
-230.32
-232.023
-232.937
-232.213
-230.583
-227.631
-223.384
-217.612
-204.699
-195.834
-185.394
-173.446
-160.345
-145.945
-116.785
-99.7865
-81.7349
-63.0427
-43.9176
-24.6966
11.4706
30.8326
50.0615
68.7927
86.6987
103.853
132.48
147.267
160.464
172.461
183.003
192.32
205.999
211.55
215.657
218.68
220.747
221.719
221.165
219.78
217.675
214.884
211.777
208.247
200.833
196.572
192.184
187.701
183.151
178.613
170.358
165.984
161.687
157.495
153.401
149.405
142.374
138.709
135.169
131.755
128.453
125.261
119.627
116.722
113.916
111.191
108.551
105.99
101.474
99.1366
96.8633
94.6603
92.5248
90.4427
86.7292
84.8091
82.9376
81.1191
79.3501
77.6262
74.5576
72.9636
71.4153
69.907
68.442
67.0172
64.4794
63.1659
61.8911
60.6508
59.4461
58.2763
56.1938
55.114
54.0628
53.0407
52.0441
51.072
49.3362
48.4336
47.5497
46.6879
45.843
45.016
43.5306
42.752
41.9888
41.2402
40.5048
39.7832
38.4768
37.7899
37.115
36.4504
35.7968
35.1538
33.9891
33.3748
32.7704
32.1759
31.591
31.0153
29.9725
29.423
28.8828
28.3523
27.8307
27.3185
26.3941
25.9084
25.4331
24.9665
24.5096
24.0622
23.2585
22.8385
22.4282
22.0267
21.6342
21.2514
20.564
20.2049
19.8527
19.5092
19.1723
18.8431
18.2507
17.9398
17.6356
17.3365
17.0423
16.7535
16.2321
15.9573
15.6871
15.4209
15.1587
14.9007
14.4321
14.1845
13.9411
13.7011
13.4639
13.2305
12.8061
12.5814
12.3604
12.1425
11.9275
11.7159
11.3315
11.1283
10.9288
10.7323
10.5388
10.3487
10.0048
9.82387
9.64632
9.47213
9.30112
9.13355
8.83213
8.67414
8.51954
8.36817
8.21992
8.07504
7.81435
7.67772
7.54382
7.41268
7.28379
7.15773
6.93031
6.81067
6.69321
6.57776
6.46392
6.35205
6.14931
6.0423
5.93675
5.83281
5.73017
5.62903
5.44498
5.34753
5.25144
5.15656
5.06274
4.97021
4.80158
4.71232
4.6241
4.53713
4.4513
4.36655
4.21248
4.1309
4.05081
3.97194
3.89443
3.81852
3.68186
3.61045
3.54096
3.47364
3.40836
3.34533
3.08276
2.92815
2.78593
2.65415
2.53068
2.41512
2.22022
2.12387
2.03315
1.94801
1.86831
1.79287
1.66346
1.59959
1.5397
1.48216
1.42766
1.37639
1.28759
1.24314
1.2012
1.1612
1.12272
1.08583
1.02153
0.988903
0.957159
0.926721
0.897552
0.870576
