-2.63946
-2.86356
-3.11261
-3.39038
-3.69658
-4.02873
-4.38428
-4.76288
-5.16532
-5.59411
-6.05327
-6.54948
-7.09265
-7.6971
-8.37521
-9.13064
-9.95796
-10.8501
-11.8034
-12.8202
-13.9049
-15.0674
-16.3223
-17.6941
-19.2199
-20.9378
-22.8697
-25.0075
-27.3363
-29.8431
-32.532
-35.4215
-38.5368
-41.9301
-45.6684
-49.8657
-54.6633
-60.1964
-66.5136
-73.658
-81.6833
-90.7483
-101.09
-113.098
-127.358
-144.534
-165.771
-191.651
-221.497
-250.706
-268.289
-257.857
-208.373
-119.552
-6.57466
106.07
194.842
245.468
256.037
240.36
213.182
185.106
160.662
140.251
123.417
109.338
97.3914
87.0998
78.1038
70.2529
63.4171
57.5301
52.4582
48.0129
44.0406
40.4288
37.1039
34.0247
31.1618
28.5004
26.0441
23.8089
21.8099
20.0386
18.4554
17.0214
15.699
14.4685
13.3185
12.2385
11.2259
10.2807
9.41021
8.62078
7.91432
7.28079
6.70563
6.17387
5.67732
5.21023
4.76892
4.3515
3.95789
3.59055
3.26248
2.56854
2.06368
1.69203
1.4102
1.19232
-2.64056
-2.86234
-2.86478
-3.11125
-3.11396
-3.38887
-3.3919
-3.69493
-3.69824
-4.02695
-4.03051
-4.38238
-4.38618
-4.76087
-4.7649
-5.16318
-5.16746
-5.59182
-5.5964
-6.05081
-6.05573
-6.5468
-6.55215
-7.0897
-7.09561
-7.69379
-7.7004
-8.3715
-8.37892
-9.12654
-9.13473
-9.95351
-9.96242
-10.8453
-10.8549
-11.7983
-11.8084
-12.8148
-12.8256
-13.8991
-13.9107
-15.0611
-15.0736
-16.3156
-16.3291
-17.6866
-17.7015
-19.2116
-19.2283
-20.9284
-20.9472
-22.8591
-22.8802
-24.9959
-25.019
-27.3238
-27.3488
-29.8297
-29.8566
-32.5176
-32.5464
-35.406
-35.437
-38.52
-38.5536
-41.9118
-41.9484
-45.648
-45.6888
-49.8426
-49.8887
-54.6367
-54.6899
-60.1659
-60.227
-66.4789
-66.5483
-73.6189
-73.6971
-81.6392
-81.7274
-90.6984
-90.7981
-101.033
-101.148
-113.031
-113.165
-127.277
-127.439
-144.436
-144.632
-165.649
-165.892
-191.506
-191.797
-221.337
-221.657
-250.575
-250.836
-268.26
-268.317
-257.997
-257.717
-208.732
-208.013
-120.094
-119.008
-7.18635
-5.96311
105.532
106.607
194.471
195.212
245.318
245.616
256.066
256.008
240.491
240.228
213.331
213.033
185.246
184.968
160.778
160.546
140.347
140.155
123.497
123.338
109.404
109.271
97.4485
97.3343
87.1495
87.0502
78.1473
78.0605
70.2909
70.2149
63.4499
63.3842
57.5583
57.502
52.4827
52.4337
48.0345
47.9913
44.0602
44.0211
40.4466
40.4109
37.1203
37.0873
34.0401
34.0093
31.1761
31.1475
28.5137
28.4872
26.0562
26.032
23.8199
23.798
21.8197
21.8002
20.0473
20.03
18.4632
18.4477
17.0285
17.0143
15.7056
15.6924
14.4747
14.4624
13.3242
13.3127
12.2439
12.2331
11.231
11.2208
10.2854
10.276
9.41451
9.40592
8.62464
8.61692
7.91777
7.91088
7.2839
7.27768
6.70847
6.70278
6.17652
6.17122
5.6798
5.67483
5.21258
5.20788
4.77114
4.7667
4.35359
4.3494
3.95986
3.95592
3.59238
3.58873
3.26399
3.26098
2.57158
2.56549
2.06591
2.06146
1.6937
1.69037
1.41145
1.40894
1.19332
-2.64884
-2.85328
-2.87399
-3.1011
-3.12418
-3.37754
-3.40328
-3.68255
-3.71065
-4.01363
-4.04388
-4.36817
-4.40044
-4.74577
-4.78004
-5.14713
-5.18358
-5.57468
-5.6136
-6.03241
-6.07427
-6.52677
-6.57228
-7.06761
-7.11783
-7.66905
-7.72527
-8.34377
-8.40682
-9.09592
-9.16554
-9.92019
-9.99584
-10.8096
-10.8907
-11.7602
-11.8466
-12.7741
-12.8664
-13.8557
-13.9541
-15.0145
-15.1204
-16.265
-16.3798
-17.631
-17.7573
-19.1491
-19.2911
-20.858
-21.018
-22.7803
-22.9595
-24.9095
-25.1057
-27.2301
-27.4427
-29.7293
-29.9573
-32.4098
-32.6546
-35.29
-35.5535
-38.3941
-38.6801
-41.7747
-42.0861
-45.4955
-45.8422
-49.6699
-50.0622
-54.4381
-54.89
-59.9372
-60.4568
-66.2192
-66.8097
-73.3264
-73.9912
-81.3094
-82.059
-90.324
-91.1727
-100.604
-101.579
-112.528
-113.67
-126.674
-128.045
-143.705
-145.37
-164.738
-166.811
-190.418
-192.89
-220.136
-222.86
-249.59
-251.855
-268.024
-268.507
-259.001
-256.606
-211.396
-205.281
-124.153
-114.912
-11.7765
-1.38108
101.473
110.618
191.664
197.96
244.153
246.687
256.251
255.771
241.476
239.271
214.449
211.91
186.298
183.967
161.653
159.679
141.071
139.438
124.093
122.744
109.906
108.773
97.8782
96.9076
87.5226
86.6791
78.475
77.7375
70.5769
69.931
63.6973
63.1386
57.77
57.292
52.6669
52.2507
48.1973
47.8295
44.2067
43.8751
40.5806
40.2773
37.2435
36.9636
34.1555
33.8944
31.2832
31.0408
28.6132
28.388
26.1474
25.9412
23.9021
23.7163
21.8928
21.7276
20.1122
19.9653
18.5214
18.3897
17.0819
16.9611
15.755
15.6431
14.5209
14.4163
13.3675
13.2695
12.2844
12.1927
11.269
11.1829
10.3207
10.2409
9.44682
9.37378
8.65368
8.58805
7.94363
7.88515
7.30729
7.25442
6.72987
6.68145
6.19642
6.1514
5.69847
5.65623
5.23023
5.19029
4.78779
4.7501
4.36933
4.33374
3.97467
3.94115
3.60606
3.57501
3.27542
3.23274
2.59472
2.54284
2.0827
2.0449
1.70628
1.67796
1.42092
1.39957
1.20085
-2.67149
-2.70211
-2.73315
-2.76467
-2.79654
-2.82884
-2.89911
-2.933
-2.96741
-3.00237
-3.03782
-3.07376
-3.15216
-3.19003
-3.22847
-3.26743
-3.30692
-3.34705
-3.43438
-3.47631
-3.51874
-3.56174
-3.60523
-3.64926
-3.74453
-3.79015
-3.83624
-3.88298
-3.93008
-3.97766
-4.0803
-4.12931
-4.17872
-4.22868
-4.27898
-4.32976
-4.4393
-4.49151
-4.54414
-4.59729
-4.65085
-4.70497
-4.82128
-4.87675
-4.93278
-4.9894
-5.04636
-5.10378
-5.22759
-5.28672
-5.34637
-5.40662
-5.46727
-5.52845
-5.66045
-5.72372
-5.78764
-5.85214
-5.91719
-5.98267
-6.12505
-6.19296
-6.26159
-6.33124
-6.40159
-6.47282
-6.62725
-6.70136
-6.77628
-6.8524
-6.92944
-7.00807
-7.17865
-7.2606
-7.34381
-7.42861
-7.515
-7.60253
-7.7932
-7.88518
-7.97876
-8.07425
-8.17095
-8.2692
-8.48321
-8.5862
-8.69062
-8.79695
-8.90464
-9.01341
-9.24959
-9.36287
-9.47767
-9.59412
-9.71142
-9.83022
-10.087
-10.2097
-10.3335
-10.4589
-10.5853
-10.7131
-10.9881
-11.1196
-11.2523
-11.3863
-11.5213
-11.6574
-11.9509
-12.0911
-12.2324
-12.3751
-12.519
-12.6644
-12.9773
-13.1266
-13.2772
-13.4299
-13.5836
-13.7387
-14.0724
-14.2323
-14.3935
-14.5567
-14.7218
-14.8886
-15.248
-15.4196
-15.5937
-15.7704
-15.9484
-16.1287
-16.5183
-16.7054
-16.8947
-17.088
-17.2827
-17.4808
-17.9107
-18.1185
-18.3294
-18.5434
-18.7605
-18.9813
-19.4631
-19.6962
-19.933
-20.174
-20.419
-20.6684
-21.212
-21.474
-21.7404
-22.0119
-22.2876
-22.5677
-23.1758
-23.4677
-23.7637
-24.0644
-24.3682
-24.6761
-25.3425
-25.6625
-25.9857
-26.3132
-26.6437
-26.9776
-27.6987
-28.0431
-28.3912
-28.7429
-29.0988
-29.458
-30.2319
-30.6016
-30.9752
-31.3534
-31.7347
-32.1196
-32.9496
-33.3473
-33.7485
-34.1537
-34.5627
-34.9769
-35.871
-36.2987
-36.7307
-37.1674
-37.6088
-38.0557
-39.025
-39.489
-39.9587
-40.433
-40.9146
-41.4045
-42.4617
-42.9707
-43.4873
-44.0119
-44.5441
-45.0851
-46.2602
-46.8275
-47.4044
-47.9951
-48.595
-49.2058
-50.5375
-51.184
-51.846
-52.5193
-53.2059
-53.9054
-55.4392
-56.1847
-56.9452
-57.7228
-58.5134
-59.3216
-61.0865
-61.9429
-62.8156
-63.7013
-64.6032
-65.5219
-67.525
-68.4946
-69.4804
-70.483
-71.5034
-72.5399
-74.7945
-75.8831
-76.9907
-78.1194
-79.264
-80.4255
-82.9656
-84.1929
-85.4421
-86.7131
-88.0043
-89.3197
-92.1992
-93.5928
-95.0158
-96.4681
-97.9479
-99.4544
-102.764
-104.382
-106.032
-107.716
-109.431
-111.185
-115.057
-116.951
-118.907
-120.913
-122.961
-125.06
-129.711
-131.989
-134.33
-136.743
-139.22
-141.754
-147.403
-150.21
-153.093
-156.074
-159.111
-162.281
-169.338
-172.788
-176.341
-179.982
-183.705
-187.507
-195.893
-199.991
-204.143
-208.4
-212.65
-216.937
-226.131
-230.47
-234.721
-238.877
-242.902
-246.759
-254.5
-257.771
-260.638
-263.073
-265.263
-267.202
-268.842
-268.699
-267.889
-266.492
-264.296
-261.358
-253.372
-248.271
-241.894
-234.818
-226.854
-218.34
-197.602
-186.327
-174.413
-161.825
-148.856
-134.959
-103.606
-88.3252
-72.742
-56.8212
-40.5962
-24.1695
10.9991
27.3888
43.509
59.6211
75.316
90.3982
121.283
135.131
148.457
160.874
172.667
183.858
205.159
214.037
222.076
229.328
235.243
240.63
249.526
252.257
254.05
255.356
256.344
256.516
254.967
253.439
251.474
249.163
246.697
243.942
236.591
232.925
229.195
225.374
221.428
217.454
208.876
204.851
200.877
196.951
193.017
189.161
181.257
177.654
174.129
170.688
167.34
164.059
157.362
154.326
151.403
148.537
145.75
143.049
137.518
135.029
132.61
130.26
127.971
125.732
121.148
119.084
117.066
115.093
113.169
111.286
107.442
105.697
103.986
102.307
100.664
99.0552
95.7632
94.2609
92.789
91.3468
89.9318
88.544
85.6819
84.3724
83.0864
81.8247
80.5866
79.3712
76.867
75.7227
74.5975
73.4945
72.415
71.3564
69.1696
68.1709
67.1918
66.233
65.2944
64.3746
62.4788
61.6173
60.7758
59.9528
59.1443
58.3518
56.7284
55.9902
55.2658
54.5544
53.8563
53.1711
51.7591
51.1128
50.4796
49.8552
49.2437
48.642
47.3944
46.8208
46.2555
45.6984
45.1491
44.607
43.4818
42.9622
42.4472
41.94
41.44
40.9462
39.9168
39.4392
38.9663
38.4992
38.0386
37.5804
36.63
36.1883
35.7525
35.3208
34.8936
34.47
33.5842
33.174
32.7678
32.3666
31.9692
31.5753
30.7527
30.3716
29.994
29.6201
29.2506
28.8845
28.1207
27.7673
27.4186
27.0737
26.7331
26.3968
25.6967
25.3745
25.0559
24.7413
24.4319
24.1271
23.4962
23.2063
22.9209
22.6399
22.3644
22.0931
21.5315
21.2741
21.0216
20.7733
20.5296
20.2897
19.7913
19.5625
19.3374
19.1152
18.8966
18.6814
18.2335
18.0274
17.824
17.6227
17.424
17.2276
16.8175
16.6275
16.4401
16.2547
16.0715
15.8899
15.5101
15.3341
15.1602
14.9875
14.8165
14.6468
14.2919
14.1276
13.9652
13.8036
13.6436
13.4851
13.153
12.9986
12.8458
12.694
12.5437
12.395
12.0833
11.9386
11.795
11.6525
11.5121
11.3727
11.0806
10.9451
10.8111
10.6781
10.5468
10.4173
10.1462
10.0206
9.89719
9.77507
9.65446
9.53509
9.2872
9.17313
9.06081
8.94985
8.84063
8.73314
8.51036
8.40797
8.30735
8.20786
8.11023
8.01438
7.81582
7.72445
7.63437
7.54529
7.45774
7.3713
7.1918
7.10895
7.02728
6.94653
6.86692
6.78825
6.62384
6.54771
6.47237
6.39765
6.32379
6.25069
6.09778
6.02684
5.95652
5.88668
5.81766
5.74936
5.60585
5.53919
5.47327
5.40773
5.34279
5.27829
5.14281
5.08
5.01768
4.95561
4.89407
4.83305
4.70523
4.64568
4.5867
4.52804
4.46995
4.41222
4.29142
4.23522
4.17952
4.12417
4.06939
4.01508
3.9013
3.84866
3.79652
3.74485
3.69385
3.6434
3.53815
3.48975
3.44253
3.39628
3.35118
3.30741
3.14793
3.04056
2.93756
2.84012
2.74747
2.65882
2.48291
2.40591
2.33202
2.26118
2.19369
2.1292
2.00089
1.9443
1.89012
1.83826
1.78891
1.74109
1.64502
1.60254
1.56153
1.52202
1.48409
1.44729
1.37449
1.34185
1.31015
1.27947
1.24994
1.22149
