-2.11146
-2.47944
-2.91121
-3.43448
-4.05957
-4.77959
-5.59781
-6.54131
-7.66935
-9.05221
-10.7048
-12.6089
-14.7871
-17.3302
-20.4209
-24.2407
-28.8096
-34.1121
-40.2903
-47.7354
-57.1626
-69.3241
-84.7598
-104.582
-131.435
-169.561
-218.968
-248.014
-182.599
-6.71238
169.494
236.446
210.375
163.968
127.186
100.813
81.1983
66.1888
54.7596
45.9473
38.7931
32.724
27.5089
23.1193
19.5572
16.6516
14.1827
12.0284
10.1485
8.5556
7.2482
6.15757
5.21075
4.37135
3.63768
2.6389
1.74497
1.23008
0.903322
0.675113
-2.11237
-2.4784
-2.48049
-2.90996
-2.91245
-3.43297
-3.436
-4.05779
-4.06135
-4.77756
-4.78161
-5.5955
-5.60011
-6.53861
-6.54401
-7.66606
-7.67265
-9.04819
-9.05622
-10.7001
-10.7095
-12.6035
-12.6143
-14.7809
-14.7932
-17.3229
-17.3376
-20.4118
-20.43
-24.2296
-24.2518
-28.7966
-28.8226
-34.0971
-34.1272
-40.2725
-40.308
-47.7136
-47.7573
-57.1344
-57.1908
-69.288
-69.3602
-84.7141
-84.8056
-104.522
-104.643
-131.351
-131.52
-169.44
-169.682
-218.839
-219.097
-248.026
-248.002
-182.936
-182.261
-7.24873
-6.17583
169.145
169.841
236.434
236.458
210.495
210.254
164.082
163.855
127.268
127.104
100.873
100.754
81.2433
81.1532
66.2233
66.1543
54.7858
54.7334
45.968
45.9266
38.8103
38.7758
32.7388
32.7092
27.5216
27.4962
23.1297
23.1088
19.5656
19.5488
16.6586
16.6445
14.1888
14.1767
12.0337
12.023
10.1531
10.144
8.55941
8.55179
7.25133
7.24507
6.16024
6.15491
5.2131
5.2084
4.37343
4.36927
3.63944
3.63592
2.64207
2.63574
1.74672
1.74322
1.23113
1.22904
0.90403
0.902615
0.675644
-2.12146
-2.468
-2.49094
-2.89752
-2.92499
-3.41785
-3.45121
-4.04005
-4.07916
-4.75739
-4.80189
-5.5725
-5.62321
-6.51167
-6.57111
-7.63325
-7.70562
-9.00815
-9.09651
-10.6532
-10.7565
-12.5499
-12.668
-14.7193
-14.8551
-17.2499
-17.4111
-20.3215
-20.521
-24.1191
-24.3629
-28.6668
-28.953
-33.9471
-34.2779
-40.096
-40.4857
-47.496
-47.9769
-56.8532
-57.4743
-68.9278
-69.7229
-84.2579
-85.265
-103.925
-105.25
-130.516
-132.366
-168.257
-170.891
-217.54
-220.383
-248.117
-247.847
-186.259
-178.792
-12.5999
-0.7982
165.61
173.299
236.244
236.527
211.694
209.036
165.221
162.735
128.092
126.296
101.468
100.163
81.6955
80.7049
66.5699
65.8102
55.049
54.4726
46.1759
45.7201
38.9838
38.6037
32.8876
32.5613
27.649
27.3697
23.2347
23.0046
19.6501
19.4651
16.7289
16.5746
14.2496
14.1162
12.087
11.97
10.1989
10.0982
8.59762
8.51382
7.28273
7.21384
6.18694
6.12832
5.2367
5.18493
4.39434
4.34849
3.65713
3.61835
2.67405
2.60447
1.76433
1.7259
1.24167
1.21867
0.911148
0.895594
0.680986
-2.15578
-2.20827
-2.26188
-2.31652
-2.37231
-2.42942
-2.53048
-2.59128
-2.65385
-2.7179
-2.7837
-2.85146
-2.97252
-3.04583
-3.12146
-3.19928
-3.27935
-3.36186
-3.50884
-3.59751
-3.68841
-3.7814
-3.87678
-3.9742
-4.14647
-4.24949
-4.35475
-4.46185
-4.57102
-4.68237
-4.87832
-4.99541
-5.11478
-5.23641
-5.36054
-5.48709
-5.71063
-5.84445
-5.98129
-6.12139
-6.26513
-6.41206
-6.67364
-6.8317
-6.99419
-7.16166
-7.33416
-7.51188
-7.83072
-8.02423
-8.22399
-8.42975
-8.64171
-8.8599
-9.24887
-9.48335
-9.72371
-9.96979
-10.2215
-10.4793
-10.9343
-11.2065
-11.4845
-11.7676
-12.0565
-12.3513
-12.8709
-13.1816
-13.4992
-13.8232
-14.1534
-14.4911
-15.089
-15.4481
-15.8167
-16.1937
-16.5808
-16.9796
-17.6901
-18.1215
-18.5659
-19.0245
-19.4986
-19.9879
-20.8664
-21.4006
-21.9525
-22.5211
-23.1068
-23.7097
-24.7836
-25.4311
-26.0959
-26.7761
-27.4723
-28.1844
-29.4455
-30.201
-30.9728
-31.7614
-32.5665
-33.3904
-34.8479
-35.7243
-36.6198
-37.537
-38.4778
-39.4423
-41.1597
-42.2
-43.2714
-44.3733
-45.5133
-46.6904
-48.8139
-50.1096
-51.4544
-52.8545
-54.307
-55.8174
-58.553
-60.2301
-61.9728
-63.7806
-65.655
-67.5984
-71.1028
-73.2381
-75.4523
-77.7466
-80.117
-82.5748
-87.0137
-89.7293
-92.5479
-95.4864
-98.5434
-101.726
-107.551
-111.148
-114.926
-118.891
-123.063
-127.458
-135.582
-140.636
-146.009
-151.68
-157.671
-163.943
-175.463
-182.602
-189.891
-197.381
-204.977
-212.59
-225.107
-231.793
-237.641
-242.708
-246.254
-247.798
-246.659
-242.263
-235.352
-225.847
-213.558
-198.17
-165.122
-142.063
-116.898
-90
-61.472
-32.4479
19.0261
48.3564
76.9765
103.89
128.801
151.518
185.52
200.72
213.345
223.145
230.427
234.743
236.539
235.138
232.139
227.684
222.308
216.105
204.486
197.37
190.212
183.198
176.308
169.571
158.608
152.568
146.826
141.364
136.169
131.232
123.334
119.027
114.92
111.03
107.29
103.743
97.9884
94.8296
91.8048
88.8955
86.1019
83.4187
79.0525
76.6416
74.3237
72.0883
69.9463
67.8897
64.5437
62.7012
60.9354
59.2399
57.6144
56.0526
53.5106
52.1071
50.7518
49.445
48.1848
46.9653
44.9565
43.8339
42.7431
41.6821
40.6481
39.64
37.9635
37.0196
36.0967
35.1951
34.3133
33.4502
32.0122
31.2002
30.4059
29.6294
28.8708
28.1308
26.9008
26.2097
25.5372
24.8839
24.2491
23.6334
22.6195
22.0544
21.508
20.9796
20.467
19.971
19.1548
18.6974
18.2544
17.8237
17.4041
16.9951
16.3154
15.9323
15.5571
15.1903
14.8311
14.4794
13.8916
13.558
13.2314
12.911
12.5964
12.2882
11.7728
11.4807
11.1946
10.9147
10.6409
10.3732
9.92829
9.67781
9.43427
9.1972
8.96631
8.74254
8.37341
8.16714
7.96729
7.77327
7.58471
7.40166
7.09843
6.92846
6.76266
6.6009
6.44263
6.28783
6.02962
5.88324
5.73996
5.59917
5.46101
5.32541
5.09792
4.96852
4.84138
4.71643
4.59367
4.47318
4.27124
4.15664
4.04463
3.93514
3.8282
3.72429
3.55358
3.45921
3.36884
3.23858
3.00594
2.79912
2.49175
2.33485
2.1921
2.06124
1.94143
1.83241
1.66313
1.57494
1.49372
1.41822
1.34796
1.2825
1.18103
1.12681
1.07566
1.02754
0.981803
0.938527
0.870844
0.834826
0.79983
0.765963
0.733266
0.701377
