-1.78254
-1.99928
-2.23411
-2.49109
-2.77762
-3.10372
-3.47758
-3.89977
-4.36631
-4.87567
-5.43039
-6.03874
-6.71454
-7.48182
-8.36732
-9.38375
-10.5238
-11.7794
-13.1517
-14.656
-16.3207
-18.2002
-20.3691
-22.8883
-25.7672
-28.9832
-32.5343
-36.4527
-40.8222
-45.7787
-51.5599
-58.449
-66.6648
-76.3296
-87.6688
-101.126
-117.519
-138.119
-164.554
-197.561
-231.991
-250.786
-224.997
-137.958
-6.63449
124.787
212.151
238.76
222.464
190.256
159.19
133.77
113.605
97.3932
84.0496
72.9174
63.628
55.946
49.5584
44.1068
39.3174
35.0343
31.1653
27.6715
24.5586
21.8449
19.5125
17.4855
15.6849
14.0557
12.5672
11.2045
9.96811
8.86779
7.90791
7.07203
6.33023
5.65756
5.03954
4.4684
3.94219
3.47102
2.73338
2.03602
1.56966
1.24299
1.00377
0.821969
0.673008
0.549739
-1.78335
-1.99841
-2.00015
-2.23316
-2.23506
-2.49004
-2.49213
-2.77644
-2.77879
-3.10237
-3.10506
-3.47604
-3.47912
-3.89805
-3.9015
-4.36443
-4.3682
-4.87361
-4.87772
-5.42815
-5.43263
-6.03627
-6.0412
-6.71175
-6.71733
-7.47863
-7.485
-8.36364
-8.37101
-9.37956
-9.38794
-10.5192
-10.5285
-11.7743
-11.7845
-13.1461
-13.1572
-14.6499
-14.6621
-16.3139
-16.3275
-18.1924
-18.208
-20.3601
-20.3782
-22.8778
-22.8987
-25.7554
-25.779
-28.9702
-28.9963
-32.5199
-32.5487
-36.4367
-36.4686
-40.8043
-40.8401
-45.7581
-45.7993
-51.5356
-51.5843
-58.4198
-58.4782
-66.6302
-66.6994
-76.2892
-76.37
-87.6213
-87.7165
-101.069
-101.183
-117.449
-117.59
-138.029
-138.209
-164.438
-164.67
-197.425
-197.697
-231.87
-232.111
-250.779
-250.793
-225.214
-224.78
-138.403
-137.512
-7.16459
-6.10379
124.342
125.231
211.942
212.358
238.759
238.759
222.575
222.352
190.378
190.134
159.3
159.08
133.857
133.683
113.675
113.536
97.4496
97.3368
84.0967
84.0025
72.9567
72.878
63.6607
63.5953
55.9731
55.919
49.5811
49.5358
44.1266
44.0871
39.3349
39.2999
35.05
35.0186
31.1795
31.1511
27.6843
27.6587
24.5699
24.5473
21.8547
21.8351
19.5208
19.5041
17.4929
17.4782
15.6915
15.6783
14.0617
14.0497
12.5727
12.5617
11.2095
11.1995
9.97264
9.96359
8.87177
8.86381
7.91137
7.90445
7.07506
7.069
6.33295
6.3275
5.66005
5.65506
5.04184
5.03725
4.47053
4.46628
3.94413
3.94025
3.4727
3.46935
2.73669
2.73007
2.0382
2.03385
1.57116
1.56816
1.24405
1.24193
1.00458
1.00297
0.82259
0.821348
0.673537
0.67248
0.550163
-1.79001
-1.99123
-2.00736
-2.22535
-2.24289
-2.48144
-2.50077
-2.76677
-2.78852
-3.09128
-3.11622
-3.46336
-3.49186
-3.88388
-3.91572
-4.34888
-4.3838
-4.85669
-4.8947
-5.40967
-5.45117
-6.01593
-6.06156
-6.68887
-6.74033
-7.45245
-7.51133
-8.33338
-8.40148
-9.34515
-9.42258
-10.481
-10.5668
-11.7325
-11.8265
-13.1004
-13.203
-14.5998
-14.7125
-16.2578
-16.3839
-18.1284
-18.2724
-20.2857
-20.453
-22.7919
-22.9851
-25.6583
-25.8766
-28.8625
-29.1045
-32.4013
-32.6678
-36.3053
-36.6006
-40.6569
-40.9879
-45.5889
-45.9709
-51.3356
-51.7856
-58.181
-58.7198
-66.3456
-66.9864
-75.9571
-76.704
-87.2298
-88.1106
-100.6
-101.654
-116.869
-118.174
-137.293
-138.953
-163.484
-165.632
-196.318
-198.823
-230.869
-233.1
-250.688
-250.815
-226.963
-222.948
-142.055
-133.812
-11.5678
-1.68146
120.644
128.873
210.19
214.046
238.728
238.73
223.468
221.426
191.398
189.125
160.208
158.18
134.581
132.97
114.252
112.963
97.9151
96.8731
84.4866
83.6155
73.282
72.5545
63.9314
63.3269
56.1965
55.6971
49.7686
49.3493
44.2898
43.9246
39.4792
39.1562
35.1799
34.889
31.2972
31.0339
27.79
27.5538
24.6631
24.4546
21.9349
21.7551
19.5901
19.4351
17.5537
17.4177
15.7461
15.6238
14.1116
14.0001
12.6182
12.5164
11.2512
11.158
10.0101
9.92634
8.90471
8.83106
7.93998
7.87598
7.10012
7.04405
6.35546
6.30507
5.68063
5.63455
5.06081
5.01835
4.48808
4.44878
3.96015
3.9243
3.48658
3.45558
2.76427
2.70301
2.05631
2.01601
1.58366
1.55584
1.25287
1.23323
1.01128
0.996343
0.827728
0.816239
0.677912
0.668136
0.553679
-1.81133
-1.84204
-1.87313
-1.90456
-1.93635
-1.9685
-2.03039
-2.06363
-2.09729
-2.13132
-2.16576
-2.20063
-2.26796
-2.30422
-2.34096
-2.37819
-2.41595
-2.45427
-2.52853
-2.56866
-2.60942
-2.65096
-2.69318
-2.73623
-2.81977
-2.86528
-2.91163
-2.9589
-3.00712
-3.0563
-3.15208
-3.20429
-3.25749
-3.31179
-3.36694
-3.4233
-3.53279
-3.59213
-3.65244
-3.71371
-3.77596
-3.83906
-3.96129
-4.02718
-4.09402
-4.1617
-4.23023
-4.2997
-4.43372
-4.50579
-4.57878
-4.65267
-4.72747
-4.80317
-4.94903
-5.02748
-5.10688
-5.18727
-5.26868
-5.35125
-5.51051
-5.59627
-5.6833
-5.77136
-5.86083
-5.95163
-6.12687
-6.22158
-6.31812
-6.41599
-6.51543
-6.61683
-6.81375
-6.92052
-7.02931
-7.14048
-7.25402
-7.36992
-7.59579
-7.71898
-7.84469
-7.97292
-8.10397
-8.238
-8.49924
-8.64101
-8.78578
-8.9332
-9.08345
-9.23657
-9.53338
-9.69368
-9.85653
-10.022
-10.19
-10.3603
-10.6895
-10.867
-11.0466
-11.2287
-11.4132
-11.6002
-11.9608
-12.1548
-12.3512
-12.5502
-12.7517
-12.9559
-13.3497
-13.5618
-13.7771
-13.9951
-14.2161
-14.4405
-14.874
-15.108
-15.3457
-15.5869
-15.8319
-16.0811
-16.5649
-16.8271
-17.0942
-17.3672
-17.6447
-17.9268
-18.4792
-18.7807
-19.0883
-19.4021
-19.7232
-20.0516
-20.6935
-21.0435
-21.4013
-21.7671
-22.1394
-22.5205
-23.2627
-23.6662
-24.0767
-24.4946
-24.9198
-25.3513
-26.1894
-26.6421
-27.1021
-27.5688
-28.0417
-28.522
-29.4508
-29.9515
-30.4594
-30.9745
-31.4968
-32.0262
-33.0493
-33.6009
-34.1608
-34.7284
-35.3043
-35.89
-37.0236
-37.636
-38.2596
-38.8915
-39.5356
-40.1914
-41.4619
-42.1516
-42.8573
-43.5747
-44.3063
-45.055
-46.5173
-47.3144
-48.1295
-48.9669
-49.8256
-50.7062
-52.4334
-53.3823
-54.3541
-55.3515
-56.3756
-57.4272
-59.4969
-60.628
-61.7899
-62.9812
-64.2018
-65.4528
-67.9049
-69.2409
-70.6073
-72.0084
-73.4446
-74.9111
-77.7794
-79.349
-80.9514
-82.5929
-84.2755
-85.9981
-89.3784
-91.2262
-93.1221
-95.0675
-97.0657
-99.1267
-103.173
-105.405
-107.716
-110.1
-112.533
-115.045
-120.063
-122.848
-125.731
-128.712
-131.79
-134.987
-141.363
-144.91
-148.605
-152.444
-156.404
-160.495
-168.753
-173.282
-177.954
-182.773
-187.724
-192.759
-202.414
-207.607
-212.821
-217.884
-222.811
-227.631
-236.135
-239.996
-243.439
-246.218
-248.375
-250.027
-250.518
-249.11
-246.593
-242.853
-238.107
-232.085
-216.673
-206.641
-195.174
-182.499
-168.516
-153.35
-121.779
-103.835
-85.3845
-66.0252
-45.9221
-25.7699
12.5728
32.8011
52.6697
72.0703
90.8484
108.598
140.159
155.365
169.509
182.389
193.791
203.986
219.124
225.363
230.608
234.236
236.847
238.304
238.502
237.313
235.425
232.872
229.725
226.211
218.422
213.981
209.298
204.562
199.73
194.817
185.79
181.064
176.42
171.875
167.479
163.158
155.368
151.462
147.654
143.948
140.378
136.933
130.742
127.627
124.606
121.692
118.864
116.115
111.169
108.686
106.272
103.927
101.649
99.4244
95.4145
93.3756
91.3863
89.4559
87.5749
85.7423
82.3992
80.6979
79.0426
77.4331
75.8612
74.3297
71.537
70.1157
68.7336
67.3875
66.077
64.8021
62.483
61.3062
60.1627
59.0518
57.9676
56.915
55.001
54.028
53.08
52.1548
51.2533
50.3713
48.7617
47.936
47.1302
46.3408
45.5691
44.812
43.4131
42.6947
41.9896
41.2946
40.6126
39.942
38.7021
38.0619
37.4313
36.8097
36.1982
35.5961
34.4797
33.9021
33.3332
32.773
32.2198
31.6741
30.6634
30.1408
29.6262
29.1192
28.6203
28.1291
27.2218
26.7536
26.293
25.8412
25.397
24.9625
24.1615
23.7509
23.3487
22.9551
22.5701
22.1936
21.5035
21.1492
20.8042
20.4665
20.1359
19.8126
19.2178
18.913
18.6133
18.3202
18.0318
17.7486
17.2266
16.9573
16.6925
16.4317
16.1745
15.9211
15.4518
15.2092
14.9699
14.7336
14.5007
14.2711
13.8432
13.6217
13.4031
13.1873
12.9741
12.7637
12.3728
12.1699
11.9697
11.772
11.5769
11.3844
11.0271
10.8422
10.6601
10.481
10.3043
10.1302
9.80865
9.64318
9.48074
9.32103
9.16423
9.01054
8.72783
8.58285
8.44079
8.30174
8.16543
8.03172
7.7863
7.66059
7.53734
7.4162
7.29736
7.18061
6.96526
6.85408
6.74496
6.63747
6.53163
6.42751
6.23414
6.13395
6.03509
5.93763
5.84142
5.74643
5.5697
5.47797
5.3873
5.2977
5.2091
5.12155
4.95849
4.87379
4.79007
4.70724
4.62527
4.54422
4.39341
4.31509
4.23773
4.1613
4.08587
4.01149
3.8739
3.80275
3.73265
3.66393
3.59692
3.53135
3.41237
3.35267
3.29583
3.13978
2.99123
2.85501
2.61924
2.50578
2.39922
2.29901
2.20469
2.11562
1.96076
1.88574
1.81517
1.74804
1.6842
1.62384
1.51762
1.46535
1.41624
1.3693
1.32442
1.28161
1.20622
1.16887
1.13286
1.0982
1.06488
1.03291
0.975622
0.946838
0.919194
0.892691
0.868187
0.844224
0.800134
0.777523
0.75538
0.733693
0.712571
0.692002
0.65448
0.635439
0.616979
0.599095
0.581785
0.565051
