-2.14883
-2.38889
-2.65383
-2.95109
-3.28841
-3.66961
-4.09373
-4.55897
-5.06534
-5.61747
-6.224
-6.90035
-7.66636
-8.54155
-9.53415
-10.6406
-11.8565
-13.1843
-14.6386
-16.2472
-18.054
-20.117
-22.4888
-25.1861
-28.2036
-31.536
-35.206
-39.2746
-43.8476
-49.0953
-55.2317
-62.4716
-70.96
-80.8399
-92.3751
-106.041
-122.624
-143.138
-168.509
-197.684
-224.218
-232.028
-200.769
-120.633
-6.57086
107.734
188.164
220.5
214.441
190.143
162.668
138.43
118.499
102.208
88.709
77.3555
67.7715
59.7151
52.9587
47.2126
42.2193
37.7878
33.7975
30.1851
26.9263
24.0244
21.483
19.2728
17.3343
15.603
14.0329
12.5974
11.2833
10.0885
9.01767
8.07344
7.2434
6.50637
5.83971
5.22855
4.66388
4.14272
3.67018
3.17025
2.34622
1.79752
1.41494
1.13979
0.930943
0.769301
-2.14976
-2.38787
-2.3899
-2.6527
-2.65495
-2.94982
-2.95236
-3.28697
-3.28986
-3.668
-3.67123
-4.09195
-4.09552
-4.55702
-4.56092
-5.06322
-5.06747
-5.61515
-5.61979
-6.22144
-6.22656
-6.89745
-6.90324
-7.66308
-7.66965
-8.5378
-8.54531
-9.52993
-9.53836
-10.636
-10.6453
-11.8514
-11.8616
-13.1788
-13.1899
-14.6325
-14.6448
-16.2404
-16.254
-18.0463
-18.0618
-20.1081
-20.1258
-22.4786
-22.499
-25.1747
-25.1976
-28.1908
-28.2164
-31.522
-31.55
-35.1904
-35.2215
-39.2573
-39.2918
-43.8281
-43.8671
-49.0727
-49.118
-55.2049
-55.2585
-62.44
-62.5031
-70.9233
-70.9968
-80.797
-80.8828
-92.325
-92.4253
-105.981
-106.101
-122.551
-122.698
-143.046
-143.23
-168.397
-168.621
-197.563
-197.805
-224.134
-224.302
-232.06
-231.996
-200.987
-200.551
-121.037
-120.228
-7.0586
-6.08298
107.326
108.141
187.929
188.399
220.457
220.542
214.509
214.374
190.252
190.034
162.773
162.562
138.519
138.341
118.571
118.427
102.267
102.149
88.7587
88.6594
77.3973
77.3136
67.8068
67.7363
59.7446
59.6855
52.9837
52.9338
47.234
47.1913
42.2381
42.2005
37.8047
37.771
33.8128
33.7823
30.1989
30.1713
26.9386
26.9139
24.0353
24.0134
21.4925
21.4735
19.2811
19.2645
17.3416
17.3269
15.6096
15.5964
14.0389
14.0269
12.6029
12.5919
11.2883
11.2783
10.0931
10.084
9.02171
9.01363
8.07699
8.06989
7.24654
7.24027
6.50918
6.50357
5.84227
5.83716
5.23091
5.2262
4.66606
4.6617
4.14473
4.14072
3.67196
3.6684
3.17442
3.16609
2.34887
2.34356
1.79934
1.79569
1.41622
1.41365
1.14074
1.13884
0.931686
0.9302
0.769896
-2.15738
-2.37955
-2.39826
-2.64344
-2.66423
-2.93938
-2.96287
-3.2751
-3.30179
-3.65468
-3.6846
-4.07723
-4.11029
-4.54096
-4.57704
-5.04576
-5.085
-5.59607
-5.63893
-6.20036
-6.24774
-6.87366
-6.92718
-7.63603
-7.69683
-8.50692
-8.57635
-9.49523
-9.57322
-10.5976
-10.6838
-11.8094
-11.9038
-13.1329
-13.236
-14.5821
-14.6954
-16.1843
-16.3104
-17.9826
-18.1257
-20.035
-20.1993
-22.3949
-22.5832
-25.0801
-25.2926
-28.0858
-28.3219
-31.4064
-31.6661
-35.0629
-35.3498
-39.1153
-39.4344
-43.6672
-44.0288
-48.8863
-49.3056
-54.9848
-55.4801
-62.1806
-62.7643
-70.6211
-71.301
-80.4452
-81.2373
-91.9129
-92.8408
-105.487
-106.597
-121.946
-123.308
-142.294
-143.989
-167.476
-169.548
-196.566
-198.801
-223.434
-224.983
-232.3
-231.711
-202.759
-198.722
-124.349
-116.87
-11.0776
-2.07667
103.939
111.48
186.008
190.312
220.081
220.851
215.103
213.79
191.15
189.12
163.647
161.692
139.256
137.611
119.169
117.834
102.755
101.663
89.1701
88.251
77.7436
76.9698
68.099
67.4463
59.9894
59.4424
53.1897
52.729
47.4108
47.0154
42.3937
42.0457
37.9438
37.6325
33.9388
33.6567
30.313
30.0577
27.041
26.812
24.1258
23.9234
21.5711
21.3954
19.3498
19.1962
17.4023
17.2666
15.6642
15.542
14.0886
13.9773
12.6485
12.5464
11.33
11.2367
10.1308
10.0465
9.05516
8.98036
8.10634
8.0407
7.27244
7.21452
6.53239
6.48044
5.86341
5.81609
5.25038
5.20679
4.68407
4.64374
4.16131
4.1242
3.68669
3.65377
3.20915
3.13206
2.37097
2.32181
1.8145
1.78073
1.42688
1.40312
1.14862
1.13105
0.93785
0.924104
0.774818
-2.18101
-2.2147
-2.24888
-2.28347
-2.31847
-2.35403
-2.4242
-2.4612
-2.49879
-2.5369
-2.57563
-2.6151
-2.69313
-2.73449
-2.77657
-2.81941
-2.86301
-2.9074
-2.99556
-3.0424
-3.0902
-3.1388
-3.18832
-3.23882
-3.3389
-3.39211
-3.44617
-3.50114
-3.55704
-3.6139
-3.72613
-3.78553
-3.84592
-3.90709
-3.96923
-4.03212
-4.15615
-4.22155
-4.28789
-4.35497
-4.42286
-4.49171
-4.62704
-4.69837
-4.77051
-4.84351
-4.91734
-4.99221
-5.1394
-5.21702
-5.29575
-5.37536
-5.45599
-5.53756
-5.69846
-5.78342
-5.86958
-5.95688
-6.04559
-6.13574
-6.31392
-6.40807
-6.50373
-6.60112
-6.70016
-6.80108
-7.00144
-7.10754
-7.21579
-7.32601
-7.43863
-7.55332
-7.78139
-7.90264
-8.02663
-8.15275
-8.28125
-8.41248
-8.67287
-8.81118
-8.95209
-9.09533
-9.24073
-9.38894
-9.68152
-9.8366
-9.99386
-10.1534
-10.3153
-10.4798
-10.8036
-10.9743
-11.1476
-11.3229
-11.5004
-11.6805
-12.0346
-12.2213
-12.4105
-12.6018
-12.7956
-12.9921
-13.3792
-13.5833
-13.7905
-13.9998
-14.2122
-14.4277
-14.8527
-15.0773
-15.3055
-15.5372
-15.7731
-16.0124
-16.4854
-16.7367
-16.9926
-17.2526
-17.5178
-17.7878
-18.3249
-18.6104
-18.9017
-19.199
-19.5024
-19.8118
-20.4283
-20.7574
-21.0923
-21.4339
-21.7826
-22.1387
-22.8453
-23.2209
-23.6038
-23.9927
-24.3881
-24.7907
-25.5877
-26.0097
-26.4388
-26.8739
-27.3155
-27.7643
-28.6493
-29.1166
-29.5903
-30.0708
-30.5581
-31.0522
-32.0264
-32.5408
-33.0622
-33.5912
-34.1276
-34.6718
-35.7484
-36.317
-36.8937
-37.4795
-38.0747
-38.6803
-39.8779
-40.513
-41.1608
-41.8196
-42.4894
-43.1763
-44.5336
-45.2581
-45.9975
-46.7531
-47.5272
-48.317
-49.8908
-50.7337
-51.5976
-52.4825
-53.3881
-54.3135
-56.1705
-57.1648
-58.1834
-59.2271
-60.2957
-61.3885
-63.5779
-64.7488
-65.9441
-67.1673
-68.4171
-69.6961
-72.2494
-73.6112
-75.0032
-76.4305
-77.8862
-79.3717
-82.341
-83.9282
-85.5511
-87.2121
-88.9127
-90.6535
-94.1394
-96.0088
-97.9248
-99.8856
-101.902
-103.981
-108.156
-110.408
-112.726
-115.109
-117.564
-120.102
-125.217
-127.993
-130.87
-133.801
-136.851
-140
-146.369
-149.8
-153.359
-157.04
-160.785
-164.655
-172.425
-176.562
-180.726
-184.96
-189.232
-193.505
-201.823
-205.99
-210.026
-213.978
-217.695
-221.17
-226.873
-229.365
-231.251
-232.425
-233.009
-232.815
-230.558
-227.982
-224.476
-219.471
-214.172
-207.939
-192.682
-183.049
-172.249
-160.569
-147.885
-134.318
-106.271
-90.6626
-74.2574
-57.5297
-40.4815
-23.3837
10.1594
27.3597
44.4931
61.3514
77.6031
93.2447
121.305
134.456
147.492
159.252
170.137
179.803
195.62
202.265
207.966
212.536
215.997
218.653
221.366
221.866
221.495
220.52
219.02
216.891
211.728
208.606
205.182
201.558
197.799
193.928
186.228
182.198
178.163
174.183
170.259
166.369
159.04
155.362
151.77
148.254
144.877
141.565
135.391
132.345
129.389
126.518
123.732
121.039
116.031
113.551
111.136
108.787
106.499
104.29
100.179
98.131
96.1327
94.1927
92.3035
90.4554
87.0066
85.2911
83.6147
81.9788
80.3838
78.8261
75.9206
74.4713
73.0546
71.6733
70.3255
69.0112
66.5612
65.3391
64.1483
62.9875
61.8574
60.7545
58.7014
57.6794
56.682
55.7093
54.76
53.8319
52.103
51.2363
50.3911
49.5633
48.7546
47.9624
46.4774
45.7294
44.9957
44.2764
43.5711
42.8779
41.5719
40.9127
40.2639
39.6256
38.9967
38.3768
37.2076
36.6151
36.0313
35.4563
34.889
34.3301
33.2718
32.7358
32.2076
31.6868
31.1735
30.6673
29.7096
29.2247
28.7475
28.2775
27.8147
27.3593
26.5004
26.0664
25.641
25.2223
24.8104
24.4075
23.6487
23.2669
22.8936
22.5274
22.1677
21.816
21.1566
20.8249
20.5003
20.1821
19.8695
19.5631
18.9876
18.6978
18.4137
18.1348
17.8603
17.5909
17.0815
16.8241
16.5705
16.3214
16.0756
15.8337
15.3752
15.1426
14.9134
14.687
14.4632
14.2429
13.8255
13.613
13.4035
13.1966
12.9919
12.7901
12.4071
12.2125
12.0206
11.8312
11.6441
11.4595
11.1094
10.932
10.7572
10.5849
10.415
10.2477
9.93172
9.77188
9.61481
9.46043
9.30846
9.15923
8.8786
8.73722
8.59857
8.46237
8.32863
8.19767
7.9514
7.82733
7.7057
7.58604
7.46853
7.35311
7.13566
7.02602
6.9181
6.81199
6.70734
6.60446
6.40953
6.3107
6.21338
6.11735
6.02262
5.92898
5.7515
5.6612
5.57202
5.48391
5.39675
5.31076
5.14723
5.06401
4.9816
4.90018
4.81952
4.7399
4.58866
4.51163
4.43561
4.36052
4.28626
4.21279
4.07367
4.00311
3.93371
3.86552
3.79841
3.73258
3.60906
3.54725
3.48708
3.42856
3.37173
3.31698
3.03061
2.89657
2.77162
2.65494
2.5449
2.44089
2.25675
2.16902
2.08586
2.00694
1.93239
1.86229
1.73563
1.67472
1.61701
1.56282
1.51072
1.46071
1.37125
1.3278
1.28635
1.24683
1.2092
1.17331
1.10742
1.07508
1.04401
1.01417
0.985267
0.957159
0.905648
0.880963
0.85763
0.834725
0.812218
0.790164
