-2.28707
-2.57005
-2.89006
-3.25926
-3.68362
-4.16117
-4.68843
-5.26682
-5.90378
-6.61519
-7.42761
-8.37213
-9.46437
-10.6977
-12.0642
-13.5688
-15.2342
-17.1058
-19.2594
-21.7805
-24.7132
-28.0429
-31.7566
-35.8873
-40.5224
-45.8327
-52.0956
-59.6459
-68.7358
-79.5461
-92.4241
-108.077
-127.75
-153.248
-186.116
-223.244
-248.669
-230.314
-144.665
-6.67427
131.214
217.584
237.339
214.449
179.618
148.363
123.631
104.281
88.7707
76.0767
65.6166
57.0622
50.0486
44.1464
39.0212
34.475
30.4001
26.7607
23.5627
20.8186
18.4764
16.4386
14.6226
12.9803
11.4883
10.1406
8.94702
7.91242
7.01868
6.23105
5.521
4.87195
4.27637
3.73659
3.22384
2.29833
1.7158
1.32469
1.04917
0.844559
-2.28804
-2.56897
-2.57113
-2.88882
-2.8913
-3.25783
-3.26068
-3.68199
-3.68525
-4.15935
-4.16298
-4.68644
-4.69043
-5.26463
-5.269
-5.90136
-5.9062
-6.61246
-6.61792
-7.42445
-7.43077
-8.36845
-8.3758
-9.46017
-9.46857
-10.693
-10.7024
-12.059
-12.0694
-13.5631
-13.5745
-15.2278
-15.2405
-17.0986
-17.113
-19.251
-19.2678
-21.7707
-21.7904
-24.7019
-24.7245
-28.0302
-28.0556
-31.7425
-31.7708
-35.8715
-35.903
-40.5046
-40.5402
-45.812
-45.8534
-52.0708
-52.1203
-59.616
-59.6759
-68.7
-68.7717
-79.5037
-79.5886
-92.3732
-92.4751
-108.014
-108.14
-127.67
-127.831
-153.143
-153.354
-185.984
-186.248
-223.116
-223.372
-248.635
-248.702
-230.497
-230.131
-145.094
-144.234
-7.21207
-6.13635
130.786
131.642
217.401
217.765
237.364
237.313
214.564
214.334
179.743
179.492
148.464
148.262
123.71
123.553
104.344
104.219
88.8211
88.7202
76.1182
76.0352
65.6508
65.5824
57.09
57.0343
50.0717
50.0256
44.1661
44.1266
39.0386
39.0039
34.4905
34.4595
30.414
30.3862
26.773
26.7484
23.5734
23.552
20.8278
20.8095
18.4842
18.4685
16.4455
16.4317
14.6288
14.6164
12.986
12.9747
11.4934
11.4831
10.1452
10.136
8.95105
8.94299
7.91588
7.90896
7.0217
7.01567
6.23374
6.22836
5.52345
5.51856
4.87419
4.8697
4.27843
4.27431
3.73842
3.73476
3.22817
3.21951
2.30093
2.29574
1.71751
1.7141
1.32586
1.32352
1.05002
1.04832
0.845193
-2.29627
-2.55979
-2.58035
-2.87835
-2.90183
-3.2457
-3.27284
-3.66816
-3.69914
-4.14394
-4.17845
-4.66952
-4.70741
-5.24609
-5.28762
-5.88085
-5.92683
-6.58931
-6.64119
-7.39769
-7.45765
-8.33734
-8.40713
-9.42455
-9.50435
-10.6531
-10.7424
-12.0151
-12.1134
-13.5148
-13.6231
-15.1739
-15.2947
-17.0375
-17.1746
-19.1798
-19.3393
-21.6874
-21.8745
-24.6061
-24.821
-27.9223
-28.164
-31.6226
-31.8911
-35.7379
-36.0371
-40.3537
-40.692
-45.6368
-46.03
-51.8614
-52.3313
-59.3626
-59.9312
-68.3963
-69.0773
-79.1438
-79.9509
-91.9417
-92.9097
-107.483
-108.676
-126.988
-128.517
-152.254
-154.251
-184.864
-187.37
-222.043
-224.454
-248.333
-248.969
-232.005
-228.533
-148.711
-140.54
-11.7785
-1.55912
127.116
135.253
215.813
219.274
237.562
237.08
215.56
213.349
180.814
178.43
149.324
147.41
124.38
122.89
104.872
103.692
89.2514
88.2933
76.4723
75.6838
65.9423
65.2932
57.3282
56.7987
50.2683
49.8301
44.3344
43.959
39.1864
38.8567
34.6227
34.3279
30.5327
30.2681
26.8783
26.6436
23.6648
23.4613
20.9056
20.7322
18.5511
18.402
16.5045
16.373
14.6817
14.5637
13.0341
12.9268
11.5371
11.4396
10.1845
10.097
8.98527
8.90887
7.94536
7.87965
7.04741
6.99008
6.25664
6.20554
5.54426
5.49781
4.8933
4.85065
4.29593
4.25687
3.75402
3.71924
3.26576
3.18306
2.32316
2.27387
1.73208
1.69973
1.33588
1.31364
1.05731
1.04111
0.850592
-2.32356
-2.36355
-2.40417
-2.44531
-2.48719
-2.52985
-2.61088
-2.65582
-2.7016
-2.74819
-2.79574
-2.84421
-2.93685
-2.98837
-3.04114
-3.09495
-3.14984
-3.20608
-3.31327
-3.37285
-3.43359
-3.49555
-3.55869
-3.62303
-3.74512
-3.81265
-3.88126
-3.95094
-4.02171
-4.0936
-4.22962
-4.30445
-4.3804
-4.45726
-4.53519
-4.61427
-4.76357
-4.84576
-4.92893
-5.01325
-5.09885
-5.1855
-5.34926
-5.4394
-5.53095
-5.62374
-5.71807
-5.81388
-5.99509
-6.09514
-6.19707
-6.30074
-6.40636
-6.51379
-6.71835
-6.832
-6.94786
-7.06606
-7.18693
-7.31059
-7.54693
-7.67844
-7.8133
-7.95077
-8.0915
-8.23578
-8.51112
-8.66406
-8.82045
-8.97983
-9.14232
-9.3082
-9.62336
-9.79715
-9.9744
-10.1543
-10.3373
-10.5231
-10.8748
-11.0686
-11.2652
-11.4645
-11.6665
-11.8716
-12.2593
-12.4725
-12.6891
-12.9085
-13.131
-13.3569
-13.784
-14.0194
-14.2584
-14.501
-14.7476
-14.9983
-15.4742
-15.7371
-16.0046
-16.2768
-16.5545
-16.8381
-17.3788
-17.6794
-17.9857
-18.2995
-18.6199
-18.9483
-19.5772
-19.9277
-20.2869
-20.6545
-21.0312
-21.4166
-22.1534
-22.5631
-22.9829
-23.4111
-23.8477
-24.2934
-25.1406
-25.6097
-26.0877
-26.5735
-27.0673
-27.5701
-28.5227
-29.0479
-29.5811
-30.1228
-30.6727
-31.231
-32.2897
-32.8732
-33.4659
-34.0683
-34.6804
-35.3016
-36.4817
-37.1336
-37.7969
-38.4732
-39.1614
-39.8613
-41.1955
-41.9365
-42.6944
-43.4676
-44.257
-45.0666
-46.6178
-47.4831
-48.3703
-49.2823
-50.2183
-51.1806
-53.0338
-54.0757
-55.1432
-56.2425
-57.3745
-58.5395
-60.7812
-62.0381
-63.3286
-64.6535
-66.0139
-67.4098
-70.0891
-71.5887
-73.126
-74.7026
-76.3182
-77.9738
-81.1581
-82.9383
-84.7639
-86.6371
-88.5611
-90.5389
-94.3568
-96.499
-98.7104
-100.987
-103.329
-105.754
-110.468
-113.135
-115.894
-118.754
-121.716
-124.787
-130.81
-134.236
-137.792
-141.501
-145.363
-149.383
-157.247
-161.717
-166.342
-171.143
-176.103
-181.258
-191.06
-196.502
-201.944
-207.486
-213.028
-218.488
-227.963
-232.769
-237.151
-241.118
-244.517
-247.078
-249.612
-249.449
-248.285
-245.461
-241.534
-236.442
-222.767
-213.339
-202.345
-189.691
-175.662
-160.193
-128
-109.204
-89.5891
-69.1844
-47.998
-26.697
13.4686
34.8402
55.8465
76.4031
96.1787
114.846
146.688
162.348
176.597
189.503
200.532
210.089
223.785
229.518
233.571
236.271
237.74
237.946
236.073
233.93
230.815
227.245
223.237
218.817
209.942
204.871
199.724
194.504
189.357
184.295
175.028
170.199
165.468
160.916
156.483
152.204
144.647
140.771
137.036
133.439
129.965
126.629
120.74
117.718
114.804
111.984
109.264
106.637
101.985
99.5839
97.2559
95
92.8128
90.6855
86.9031
84.9481
83.0472
81.1975
79.4002
77.6523
74.5424
72.9233
71.355
69.8311
68.3496
66.9126
64.3556
63.0309
61.7493
60.5048
59.2953
58.121
56.034
54.9549
53.9064
52.8871
51.8932
50.9253
49.1941
48.2933
47.4149
46.5553
45.7152
44.8934
43.4132
42.6379
41.8769
41.1302
40.397
39.6771
38.3763
37.6913
37.0179
36.3547
35.702
35.0607
33.8979
33.2842
32.6807
32.0865
31.5017
30.9257
29.8823
29.333
28.7926
28.2614
27.7396
27.2273
26.3019
25.815
25.3388
24.8723
24.4151
23.9684
23.1653
22.7458
22.3367
21.9375
21.5458
21.1648
20.4808
20.1243
19.7753
19.4344
19.0998
18.773
18.1852
17.8765
17.5741
17.2776
16.9862
16.6996
16.1815
15.9079
15.6391
15.3744
15.1135
14.857
14.3915
14.1449
13.902
13.6625
13.426
13.1932
12.7701
12.546
12.3254
12.1078
11.8931
11.6817
11.2974
11.0942
10.8944
10.6979
10.5043
10.3142
9.96992
9.78889
9.61129
9.43708
9.26632
9.09899
8.79784
8.6402
8.48615
8.3355
8.18774
8.0434
7.7842
7.64851
7.51573
7.38565
7.25783
7.13252
6.90666
6.78777
6.67113
6.5565
6.44354
6.33246
6.13095
6.02445
5.91941
5.81597
5.71379
5.6131
5.42999
5.3328
5.23693
5.14232
5.04885
4.9565
4.78838
4.69929
4.6112
4.52437
4.43867
4.3539
4.19985
4.11835
4.03827
3.9595
3.88186
3.80575
3.66872
3.59713
3.52755
3.46007
3.39465
3.33132
3.06736
2.9119
2.76963
2.63715
2.51352
2.3983
2.20414
2.10843
2.01854
1.93438
1.85554
1.78122
1.65368
1.59055
1.53075
1.47366
1.42026
1.36955
1.28189
1.23793
1.19644
1.15668
1.11843
1.08177
1.01791
0.985388
0.953944
0.923865
0.895109
0.868513
