-2.66416
-2.98523
-3.35578
-3.779
-4.25072
-4.7678
-5.33202
-5.95098
-6.63959
-7.42407
-8.33475
-9.38612
-10.5697
-11.8758
-13.3063
-14.8791
-16.6299
-18.625
-20.95
-23.6624
-26.7547
-30.2033
-34.0157
-38.2503
-43.0213
-48.54
-55.1183
-63.06
-72.5502
-83.7808
-97.1889
-113.634
-134.541
-162.071
-197.967
-238.842
-266.438
-246.172
-153.784
-6.68984
140.509
233.334
254.922
229.523
191.275
157.068
130.411
109.837
93.5172
80.2225
69.2476
60.2378
52.872
46.7386
41.4679
36.8109
32.6326
28.8663
25.5015
22.5622
20.0483
17.8879
15.9881
14.2789
12.7221
11.3002
10.0119
8.86865
7.87688
7.01836
6.25892
5.57177
4.94099
4.35958
3.82818
3.36264
2.48717
1.85515
1.43376
1.13791
-2.66528
-2.98394
-2.98652
-3.3543
-3.35726
-3.77732
-3.78067
-4.24887
-4.25257
-4.76578
-4.76982
-5.32982
-5.33423
-5.94856
-5.95341
-6.63686
-6.64233
-7.42091
-7.42722
-8.33109
-8.33842
-9.38193
-9.39031
-10.5651
-10.5744
-11.8707
-11.8809
-13.3007
-13.3119
-14.8729
-14.8852
-16.6229
-16.6368
-18.6169
-18.633
-20.9406
-20.9594
-23.6515
-23.6732
-26.7424
-26.7669
-30.1897
-30.2168
-34.0007
-34.0307
-38.2336
-38.267
-43.0022
-43.0403
-48.5177
-48.5624
-55.0914
-55.1453
-63.0275
-63.0925
-72.5116
-72.5887
-83.7352
-83.8265
-97.1337
-97.244
-113.565
-113.703
-134.452
-134.63
-161.953
-162.189
-197.819
-198.116
-238.698
-238.985
-266.398
-266.478
-246.38
-245.962
-154.263
-153.303
-7.28271
-6.09686
140.036
140.982
233.126
233.54
254.952
254.89
229.659
229.386
191.415
191.134
157.182
156.955
130.498
130.324
109.906
109.769
93.5719
93.4626
80.2675
80.1775
69.2848
69.2105
60.2682
60.2075
52.897
52.8471
46.7598
46.7175
41.4864
41.4494
36.8274
36.7945
32.6475
32.6178
28.8797
28.853
25.5133
25.4897
22.5724
22.552
20.057
20.0396
17.8954
17.8803
15.9949
15.9814
14.285
14.2728
12.7276
12.7165
11.3053
11.2952
10.0165
10.0074
8.87264
8.86466
7.88032
7.87344
7.02137
7.01536
6.26161
6.25623
5.57422
5.56932
4.94325
4.93873
4.36166
4.35749
3.83006
3.8263
3.36423
3.36106
2.49011
2.48425
1.85704
1.85327
1.43505
1.43246
1.13886
-2.67484
-2.97301
-2.99751
-3.34174
-3.36993
-3.76312
-3.79494
-4.23318
-4.26831
-4.74865
-4.78704
-5.31113
-5.35299
-5.92793
-5.97407
-6.61371
-6.66558
-7.39416
-7.45414
-8.30001
-8.36967
-9.3464
-9.426
-10.5256
-10.614
-11.8274
-11.9243
-13.2532
-13.3595
-14.8205
-14.9379
-16.564
-16.6961
-18.549
-18.7014
-20.8609
-21.0397
-23.5593
-23.7659
-26.6387
-26.8711
-30.0748
-30.3323
-33.8736
-34.1583
-38.0912
-38.4095
-42.8406
-43.2029
-48.3281
-48.7534
-54.8631
-55.3753
-62.7524
-63.3695
-72.1851
-72.9173
-83.3483
-84.2158
-96.6671
-97.7145
-112.984
-114.291
-133.7
-135.391
-160.951
-163.202
-196.559
-199.381
-237.477
-240.198
-266.023
-266.783
-248.108
-244.145
-158.302
-149.193
-12.3172
-1.05163
135.987
144.971
231.316
235.258
255.182
254.595
230.813
228.219
192.616
189.944
158.152
155.995
131.242
129.589
110.488
109.192
94.0386
93.0001
80.6517
79.796
69.6018
68.8958
60.5272
59.9507
53.1097
52.6357
46.9402
46.5376
41.644
41.2926
36.9676
36.6549
32.7738
32.492
28.9933
28.7399
25.6139
25.3897
22.6591
22.4656
20.131
19.9661
17.9597
17.8165
16.0521
15.9245
14.3368
14.2212
12.7749
12.6693
11.3485
11.2521
10.0553
9.96873
8.90663
8.83086
7.90964
7.84429
7.04697
6.98987
6.28452
6.23341
5.59509
5.54848
4.96251
4.91954
4.37941
4.3398
3.8461
3.81039
3.37774
3.34765
2.51528
2.45954
1.87313
1.83739
1.44612
1.4215
1.14692
-2.7056
-2.75036
-2.79598
-2.84249
-2.88999
-2.93846
-3.03297
-3.08456
-3.13723
-3.19097
-3.24589
-3.30192
-3.41073
-3.47003
-3.53046
-3.59187
-3.65447
-3.71811
-3.84088
-3.90744
-3.97499
-4.04345
-4.11296
-4.18339
-4.31893
-4.39217
-4.46632
-4.54131
-4.61736
-4.69427
-4.84234
-4.92212
-5.00298
-5.08476
-5.16772
-5.25175
-5.41329
-5.50066
-5.58928
-5.67904
-5.7701
-5.8625
-6.04063
-6.13735
-6.23548
-6.33529
-6.43695
-6.54037
-6.74075
-6.85007
-6.96149
-7.07493
-7.19101
-7.30966
-7.54084
-7.66731
-7.79649
-7.92831
-8.0635
-8.20171
-8.47049
-8.61728
-8.76698
-8.91942
-9.07517
-9.23383
-9.54071
-9.70729
-9.87661
-10.0483
-10.2229
-10.4002
-10.7414
-10.9259
-11.1132
-11.3027
-11.495
-11.6898
-12.064
-12.2664
-12.4715
-12.6787
-12.8892
-13.1024
-13.5127
-13.7344
-13.9597
-14.1875
-14.4191
-14.6543
-15.1071
-15.3526
-15.6026
-15.8562
-16.1141
-16.3771
-16.8869
-17.1646
-17.4481
-17.737
-18.0321
-18.3342
-18.9221
-19.244
-19.5736
-19.9106
-20.2557
-20.6092
-21.2985
-21.6756
-22.061
-22.4546
-22.8569
-23.2677
-24.0645
-24.4985
-24.9395
-25.3882
-25.8451
-26.3095
-27.2064
-27.6924
-28.1853
-28.686
-29.1943
-29.7098
-30.7036
-31.2404
-31.7854
-32.3395
-32.9004
-33.4702
-34.5691
-35.1641
-35.7682
-36.3817
-37.0057
-37.6408
-38.8687
-39.5349
-40.2137
-40.9041
-41.61
-42.3286
-43.7278
-44.4919
-45.2723
-46.0716
-46.8911
-47.73
-49.3708
-50.2741
-51.2025
-52.1566
-53.1366
-54.1427
-56.1207
-57.2129
-58.3336
-59.4858
-60.6699
-61.885
-64.2656
-65.5763
-66.9211
-68.2976
-69.7084
-71.153
-73.98
-75.5318
-77.1201
-78.746
-80.4138
-82.1251
-85.4745
-87.3146
-89.204
-91.1443
-93.1412
-95.1963
-99.2431
-101.478
-103.785
-106.157
-108.609
-111.154
-116.202
-119.02
-121.928
-124.939
-128.069
-131.338
-137.867
-141.538
-145.374
-149.358
-153.49
-157.824
-166.469
-171.296
-176.333
-181.552
-186.977
-192.539
-203.521
-209.471
-215.414
-221.488
-227.593
-233.498
-244.017
-249.253
-254.005
-258.141
-261.677
-264.604
-267.378
-267.115
-265.605
-262.817
-258.769
-253.116
-237.811
-227.332
-215.451
-201.998
-187.129
-170.781
-135.72
-115.708
-94.773
-73.0833
-50.8981
-28.3495
14.8465
37.6034
59.7717
81.2025
102.21
122.536
157.286
173.839
188.97
202.586
214.47
224.954
240.206
246.177
250.552
253.53
255.287
255.632
253.49
250.917
247.554
243.672
239.399
234.431
224.545
219.001
213.35
207.637
201.977
196.447
186.197
180.898
175.731
170.745
165.939
161.31
152.986
148.825
144.829
140.976
137.25
133.669
127.276
124.073
120.987
118.013
115.143
112.369
107.375
104.856
102.426
100.068
97.7784
95.553
91.536
89.4952
87.5137
85.5908
83.7191
81.8958
78.5923
76.9096
75.2748
73.6811
72.1331
70.6287
67.9018
66.5185
65.1721
63.8669
62.5986
61.3668
59.1401
58.0089
56.9092
55.8413
54.8051
53.7984
51.9681
51.0341
50.1243
49.2366
48.3677
47.5209
45.9718
45.1768
44.3981
43.6354
42.887
42.1514
40.7958
40.0972
39.4111
38.7369
38.0728
37.4186
36.212
35.5866
34.9709
34.3649
33.7681
33.1802
32.0927
31.529
30.9734
30.4267
29.889
29.359
28.3811
27.8753
27.3781
26.8895
26.4098
25.9378
25.073
24.6275
24.1916
23.7651
23.3476
22.9391
22.1936
21.8119
21.4385
21.0738
20.7174
20.3694
19.7335
19.4072
19.0874
18.7744
18.4678
18.1669
17.6141
17.3291
17.0492
16.7739
16.5029
16.2362
15.7438
15.4886
15.2366
14.9889
14.7446
14.5034
14.0571
13.8251
13.5962
13.3703
13.1471
12.927
12.5195
12.3075
12.0983
11.8921
11.6883
11.4874
11.1156
10.9226
10.7325
10.5455
10.3614
10.1802
9.84633
9.67388
9.50451
9.33857
9.17588
9.01613
8.72387
8.57359
8.42666
8.28302
8.14221
8.00426
7.75218
7.62263
7.49568
7.37136
7.24925
7.12939
6.90913
6.79515
6.68321
6.57331
6.4649
6.35815
6.16098
6.05845
5.95745
5.85785
5.75933
5.66219
5.48222
5.38839
5.2957
5.20429
5.11382
5.02434
4.85857
4.77216
4.68668
4.6023
4.51886
4.43641
4.28362
4.20414
4.12576
4.04862
3.97255
3.89771
3.75997
3.68898
3.61941
3.55155
3.48554
3.42152
3.3056
3.16583
3.0065
2.85987
2.72442
2.5983
2.38313
2.27981
2.18283
2.09206
2.00649
1.92623
1.78782
1.71995
1.65569
1.59501
1.53745
1.48223
1.38721
1.34003
1.29507
1.25232
1.21177
1.17315
