-2.10372
-2.41349
-2.76604
-3.17942
-3.66735
-4.22787
-4.8562
-5.55654
-6.34569
-7.25812
-8.34282
-9.62786
-11.1031
-12.7604
-14.6183
-16.7319
-19.2091
-22.184
-25.7171
-29.784
-34.3895
-39.6339
-45.7501
-53.1619
-62.3899
-73.7916
-87.7396
-105.08
-127.589
-158.012
-198.274
-239.089
-243.155
-163.777
-6.67427
150.234
231.192
228.959
191.018
152.941
123.475
101.322
84.1363
70.4744
59.626
51.0448
44.0674
38.1541
32.9974
28.4602
24.5176
21.1933
18.4294
16.0791
14.0177
12.1785
10.5383
9.1033
7.88482
6.85629
5.96416
5.16842
4.44943
3.80398
3.18093
2.15837
1.55325
1.1656
0.897269
0.700672
-2.10463
-2.41247
-2.4145
-2.76487
-2.76721
-3.17803
-3.18082
-3.66572
-3.66897
-4.22604
-4.22971
-4.85415
-4.85824
-5.55425
-5.55883
-6.34309
-6.3483
-7.25506
-7.26119
-8.33916
-8.34647
-9.62358
-9.63215
-11.0983
-11.108
-12.755
-12.7658
-14.6122
-14.6244
-16.7249
-16.7389
-19.2007
-19.2174
-22.174
-22.1941
-25.7053
-25.7289
-29.7706
-29.7974
-34.3744
-34.4047
-39.6166
-39.6513
-45.7295
-45.7707
-53.1365
-53.1874
-62.3581
-62.4216
-73.7527
-73.8305
-87.692
-87.7874
-105.019
-105.141
-127.509
-127.67
-157.903
-158.121
-198.139
-198.409
-238.991
-239.187
-243.255
-243.053
-164.169
-163.384
-7.21207
-6.13635
149.845
150.622
231.089
231.295
229.046
228.873
191.145
190.891
153.045
152.836
123.553
123.396
101.381
101.262
84.1835
84.0892
70.5121
70.4368
59.6558
59.5961
51.0684
51.0211
44.0871
44.0476
38.1711
38.137
33.0123
32.9824
28.4734
28.4471
24.5288
24.5063
21.2027
21.184
18.4372
18.4216
16.0859
16.0724
14.0237
14.0117
12.1839
12.1732
10.543
10.5335
9.1074
9.09919
7.88826
7.88138
6.85924
6.85335
5.96675
5.96156
5.17075
5.16608
4.45155
4.44732
3.80584
3.80212
3.18519
3.17669
2.16074
2.156
1.55474
1.55176
1.16657
1.16463
0.897967
0.896571
0.70122
-2.11301
-2.4031
-2.4239
-2.75408
-2.77809
-3.16521
-3.19373
-3.65074
-3.68403
-4.20905
-4.24677
-4.83524
-4.87723
-5.53312
-5.58005
-6.31902
-6.37248
-7.22683
-7.2896
-8.30544
-8.3804
-9.58402
-9.67175
-11.0536
-11.1528
-12.705
-12.816
-14.5559
-14.681
-16.66
-16.8041
-19.1235
-19.2951
-22.0812
-22.2873
-25.5968
-25.8379
-29.6472
-29.9214
-34.2345
-34.5452
-39.4564
-39.8125
-45.5393
-45.9623
-52.9019
-53.4242
-62.0657
-62.7163
-73.3943
-74.1921
-87.2523
-88.2302
-104.46
-105.706
-126.769
-128.416
-156.9
-159.135
-196.89
-199.658
-238.069
-240.087
-244.15
-242.076
-167.754
-159.708
-12.1811
-1.15484
146.209
154.25
230.083
232.194
229.864
228.057
192.322
189.72
154.013
151.87
124.281
122.676
101.937
100.711
84.6211
83.6549
70.8616
70.0902
59.9327
59.3212
51.288
50.801
44.27
43.8656
38.3286
37.9801
33.1509
32.8446
28.595
28.3261
24.6331
24.4028
21.2894
21.0976
18.5098
18.3494
16.1488
16.0098
14.0794
13.9562
12.2337
12.1235
10.5871
10.4896
9.14547
9.06134
7.9202
7.84964
6.88653
6.82619
5.99079
5.93761
5.19239
5.14453
4.4711
4.42781
3.8231
3.78494
3.22492
3.13781
2.18284
2.13425
1.56829
1.53812
1.17563
1.15567
0.904465
0.890204
0.70631
-2.14254
-2.18663
-2.23145
-2.27704
-2.32336
-2.37059
-2.45705
-2.50676
-2.55753
-2.6094
-2.66244
-2.71662
-2.81656
-2.87435
-2.93363
-2.99449
-3.05702
-3.12088
-3.23943
-3.30787
-3.37814
-3.45004
-3.52362
-3.59879
-3.7371
-3.81661
-3.89772
-3.98041
-4.06451
-4.1501
-4.30678
-4.39639
-4.48743
-4.58002
-4.67399
-4.76953
-4.94408
-5.04391
-5.14536
-5.24849
-5.35325
-5.45977
-5.65486
-5.76682
-5.88061
-5.99668
-6.1149
-6.2356
-6.45779
-6.58592
-6.71682
-6.85119
-6.9884
-7.12916
-7.39015
-7.54147
-7.69677
-7.85647
-8.02021
-8.18848
-8.50044
-8.68091
-8.86588
-9.05549
-9.24919
-9.44716
-9.81129
-10.0207
-10.2341
-10.4518
-10.673
-10.8984
-11.3109
-11.5469
-11.7869
-12.0311
-12.2792
-12.5314
-12.9929
-13.2572
-13.5256
-13.7993
-14.0775
-14.3607
-14.8803
-15.1787
-15.4836
-15.7946
-16.1114
-16.4356
-17.0346
-17.381
-17.7358
-18.0998
-18.4734
-18.857
-19.5699
-19.9841
-20.4098
-20.848
-21.2982
-21.7598
-22.617
-23.1139
-23.6229
-24.1443
-24.6765
-25.2204
-26.2228
-26.7992
-27.3869
-27.9868
-28.5974
-29.2191
-30.3582
-31.0118
-31.6778
-32.356
-33.0463
-33.7498
-35.0399
-35.7811
-36.5371
-37.3082
-38.0956
-38.901
-40.3818
-41.2371
-42.1139
-43.0137
-43.9352
-44.8825
-46.6416
-47.6648
-48.7197
-49.809
-50.933
-52.0935
-54.2637
-55.5329
-56.8463
-58.207
-59.6085
-61.0567
-63.7607
-65.3403
-66.9702
-68.6493
-70.3751
-72.1569
-75.4724
-77.404
-79.394
-81.4468
-83.5599
-85.7363
-89.7997
-92.1825
-94.6421
-97.1862
-99.8249
-102.557
-107.706
-110.747
-113.914
-117.209
-120.651
-124.236
-131.07
-135.133
-139.393
-143.86
-148.543
-153.45
-162.762
-168.268
-174.038
-180.03
-186.215
-192.526
-204.016
-210.578
-217.081
-223.191
-229.149
-234.675
-242.997
-246.424
-248.615
-249.681
-249.142
-246.766
-238.216
-230.813
-221.128
-209.592
-195.593
-179.705
-146.342
-125.125
-102.786
-79.167
-54.5829
-29.3968
16.2043
41.2961
65.9098
89.6444
112.012
132.886
166.464
182.643
196.687
208.405
218.081
225.844
234.898
237.327
237.95
237.298
235.5
232.567
224.977
219.928
214.401
208.617
202.615
196.475
185.672
179.712
173.895
168.223
162.745
157.486
148.556
143.839
139.319
134.989
130.845
126.884
120.2
116.669
113.286
110.025
106.912
103.914
98.8138
96.1054
93.4934
90.9686
88.5315
86.1721
82.1567
80.0118
77.9353
75.9281
73.9858
72.1011
68.8966
67.1861
65.5341
63.937
62.396
60.909
58.3779
57.0274
55.7253
54.466
53.2484
52.0691
50.0467
48.9627
47.9096
46.8856
45.8877
44.9161
43.2369
42.3279
41.4388
40.5688
39.7176
38.8841
37.4367
36.648
35.874
35.115
34.3704
33.6393
32.3665
31.6726
30.9911
30.3224
29.6666
29.0238
27.907
27.3001
26.7062
26.1241
25.5562
25.0018
24.0447
23.528
23.0248
22.535
22.0594
21.5959
20.7995
20.3714
19.9547
19.5482
19.1524
18.7661
18.0995
17.7384
17.3856
17.0399
16.7017
16.3702
15.7929
15.4784
15.1696
14.8661
14.5683
14.2755
13.7634
13.4836
13.2083
12.9375
12.6711
12.4091
11.9514
11.7014
11.4555
11.2134
10.9759
10.7428
10.3373
10.1165
9.90043
9.6887
9.4818
9.27989
8.93053
8.7417
8.5578
8.37856
8.20362
8.03331
7.73977
7.58125
7.42661
7.27517
7.12731
6.98288
6.73207
6.59589
6.46227
6.33096
6.20219
6.0755
5.85445
5.73365
5.61471
5.49757
5.38224
5.26857
5.06967
4.96059
4.85311
4.74711
4.64277
4.53997
4.36005
4.26148
4.16454
4.06921
3.97588
3.88424
3.72544
3.63967
3.5564
3.47596
3.39839
3.32389
3.00741
2.83209
2.67165
2.52405
2.38814
2.26267
2.06054
1.95871
1.86453
1.77666
1.69428
1.61732
1.49184
1.42786
1.3679
1.31121
1.2579
1.20792
1.12498
1.08159
1.04036
1.00122
0.963557
0.927735
0.869127
0.838715
0.809057
0.780125
0.751979
0.724578
