-2.16364
-2.45179
-2.7772
-3.15383
-3.59258
-4.09262
-4.64969
-5.26463
-5.9463
-6.71432
-7.60207
-8.64553
-9.85667
-11.2247
-12.7441
-14.4304
-16.3232
-18.4993
-21.0628
-24.0879
-27.5694
-31.4891
-35.8794
-40.8446
-46.5974
-53.4821
-61.9005
-72.1222
-84.4084
-99.3059
-117.95
-142.183
-174.294
-213.561
-246.046
-236.377
-152.472
-6.67427
139.023
223.716
235.192
205.353
168.468
137.699
114.014
95.591
80.8473
68.8632
59.166
51.3417
44.8741
39.3349
34.4672
30.1365
26.3013
22.9717
20.1536
17.7628
15.684
13.8323
12.1624
10.6579
9.3235
8.17029
7.18493
6.32851
5.5639
4.8697
4.23642
3.66773
2.99231
2.1151
1.56719
1.20278
0.944721
-2.16456
-2.45076
-2.45282
-2.77603
-2.77838
-3.15246
-3.15521
-3.59099
-3.59418
-4.09083
-4.09441
-4.64771
-4.65167
-5.26245
-5.26682
-5.94386
-5.94874
-6.71155
-6.7171
-7.59882
-7.60532
-8.64172
-8.64935
-9.8523
-9.86104
-11.2198
-11.2295
-12.7387
-12.7496
-14.4244
-14.4364
-16.3163
-16.33
-18.4913
-18.5072
-21.0533
-21.0722
-24.0769
-24.099
-27.5569
-27.582
-31.475
-31.5031
-35.8636
-35.8951
-40.8267
-40.8626
-46.5763
-46.6186
-53.4564
-53.5079
-61.8691
-61.9319
-72.0842
-72.1601
-84.363
-84.454
-99.2501
-99.3618
-117.879
-118.021
-142.089
-142.278
-174.171
-174.416
-213.423
-213.698
-245.984
-246.108
-236.519
-236.233
-152.885
-152.057
-7.21207
-6.13635
138.607
139.439
223.566
223.865
235.243
235.14
205.476
205.229
168.585
168.35
137.791
137.608
114.084
113.944
95.6464
95.5356
80.8922
80.8025
68.8997
68.8267
59.1955
59.1365
51.3655
51.3178
44.8942
44.8539
39.3524
39.3174
34.4827
34.4517
30.1503
30.1227
26.3134
26.2891
22.9821
22.9613
20.1623
20.1449
17.7703
17.7553
15.6907
15.6774
13.8382
13.8263
12.1678
12.1571
10.6627
10.6531
9.32771
9.3193
8.17388
8.1667
7.18802
7.18185
6.33124
6.32579
5.56636
5.56144
4.87195
4.86746
4.23846
4.23437
3.66953
3.66594
2.99617
2.98846
2.11741
2.1128
1.56866
1.56572
1.20378
1.20177
0.945473
-2.1729
-2.44152
-2.46211
-2.76546
-2.78902
-3.14011
-3.16763
-3.57671
-3.60853
-4.07475
-4.11056
-4.62993
-4.66952
-5.24283
-5.28652
-5.92197
-5.97071
-6.68662
-6.74224
-7.56968
-7.63465
-8.60748
-8.68379
-9.81303
-9.90047
-11.1759
-11.2736
-12.6901
-12.7984
-14.3703
-14.4908
-16.255
-16.3916
-18.42
-18.579
-20.9686
-21.1574
-23.9779
-24.1985
-27.4443
-27.695
-31.349
-31.6297
-35.7222
-36.0371
-40.6651
-41.0246
-46.3867
-46.8096
-53.2256
-53.7405
-61.5862
-62.2156
-71.744
-72.5023
-83.9547
-84.865
-98.7498
-99.8672
-117.239
-118.666
-141.248
-143.134
-173.07
-175.528
-212.186
-214.939
-245.397
-246.641
-237.755
-234.888
-156.57
-148.289
-12.0469
-1.28961
134.83
143.109
222.179
225.316
235.684
234.648
206.612
204.105
169.65
167.296
138.617
136.79
114.718
113.315
96.1472
95.039
81.2972
80.4004
69.2294
68.499
59.4621
58.8728
51.5811
51.104
45.0759
44.6733
39.5104
39.1603
34.6227
34.3124
30.275
29.9986
26.4232
26.1798
23.0759
22.8682
20.2412
20.0664
17.838
17.6879
15.7504
15.618
13.8919
13.7729
12.2162
12.1088
10.7061
10.6099
9.36568
9.28157
8.20633
8.13443
7.21618
7.15414
6.35581
6.30131
5.58852
5.53936
4.89217
4.8473
4.25687
4.21602
3.6857
3.64988
3.0313
2.95423
2.13834
2.09221
1.58205
1.55251
1.21291
1.19273
0.952272
-2.20075
-2.24152
-2.28287
-2.32494
-2.36769
-2.4111
-2.49321
-2.53886
-2.5854
-2.63287
-2.68131
-2.73074
-2.82466
-2.87712
-2.9308
-2.98579
-3.04207
-3.09959
-3.20932
-3.27069
-3.33337
-3.39746
-3.46289
-3.52971
-3.65656
-3.72705
-3.79882
-3.87195
-3.94625
-4.02179
-4.16453
-4.24354
-4.32369
-4.40511
-4.48762
-4.57132
-4.72915
-4.81638
-4.90483
-4.99468
-5.08576
-5.17817
-5.35237
-5.44873
-5.54659
-5.64612
-5.7473
-5.84997
-6.04421
-6.15198
-6.26191
-6.37405
-6.48812
-6.60469
-6.82632
-6.94989
-7.07628
-7.20586
-7.33833
-7.474
-7.73313
-7.87816
-8.02683
-8.17934
-8.33551
-8.49502
-8.79919
-8.96907
-9.14253
-9.31979
-9.50013
-9.68413
-10.0322
-10.2255
-10.4221
-10.6221
-10.8251
-11.0314
-11.4206
-11.6358
-11.8543
-12.0764
-12.3016
-12.5301
-12.9614
-13.2
-13.442
-13.6882
-13.9383
-14.1922
-14.6724
-14.9387
-15.2097
-15.4865
-15.7677
-16.0537
-16.5979
-16.9017
-17.212
-17.5297
-17.8536
-18.1856
-18.8199
-19.1756
-19.5404
-19.9145
-20.2977
-20.6909
-21.4437
-21.8646
-22.2964
-22.7384
-23.1906
-23.6527
-24.5314
-25.0211
-25.5196
-26.0288
-26.5468
-27.0741
-28.0726
-28.6265
-29.1895
-29.7617
-30.3435
-30.9346
-32.0522
-32.6718
-33.3017
-33.9427
-34.5946
-35.2571
-36.5118
-37.2089
-37.9193
-38.6445
-39.383
-40.1357
-41.5669
-42.3682
-43.1875
-44.0251
-44.8842
-45.7638
-47.4498
-48.3973
-49.3729
-50.3762
-51.4096
-52.4726
-54.5194
-55.6753
-56.8673
-58.0982
-59.3626
-60.6649
-63.1685
-64.5802
-66.0324
-67.525
-69.0593
-70.6301
-73.6491
-75.3493
-77.0927
-78.884
-80.7255
-82.6174
-86.2447
-88.2903
-90.3962
-92.5687
-94.804
-97.1091
-101.568
-104.089
-106.716
-109.43
-112.243
-115.16
-120.841
-124.089
-127.482
-131.007
-134.678
-138.504
-146.019
-150.347
-154.853
-159.532
-164.398
-169.439
-179.287
-184.864
-190.559
-196.361
-202.174
-208.1
-218.917
-224.39
-229.739
-234.72
-239.187
-243.131
-248.096
-249.457
-249.556
-248.517
-245.598
-241.416
-229.792
-220.886
-210.501
-198.028
-184.047
-168.36
-135.283
-115.51
-94.8834
-73.2102
-50.7354
-27.9489
14.737
37.5164
59.8837
81.6815
102.542
121.986
154.872
170.876
185.179
197.598
208.161
217.064
229.394
233.719
236.5
237.857
237.874
236.893
232.69
229.046
225.02
220.477
215.501
210.351
200.301
194.724
189.226
183.82
178.43
173.208
163.864
159.068
154.392
149.902
145.577
141.405
134.129
130.399
126.823
123.37
120.055
116.856
111.256
108.391
105.613
102.934
100.341
97.8312
93.417
91.1295
88.9137
86.7618
84.6804
82.6597
79.085
77.2293
75.4302
73.681
71.9815
70.3367
67.4302
65.9251
64.4655
63.0483
61.6803
60.3554
58.0127
56.7987
55.6249
54.4854
53.3805
52.3078
50.3999
49.4081
48.4417
47.5
46.5808
45.6836
44.0805
43.2385
42.4144
41.6066
40.8149
40.0387
38.6441
37.9082
37.1856
36.4749
35.7762
35.0902
33.8539
33.1996
32.5568
31.9246
31.3029
30.6915
29.5907
29.0093
28.4384
27.878
27.3284
26.7895
25.8215
25.3132
24.8158
24.3293
23.8544
23.3906
22.5629
22.1308
21.7092
21.2979
20.8964
20.5058
19.8091
19.4444
19.0876
18.7384
18.3981
18.0647
17.4667
17.1523
16.8434
16.5403
16.2426
15.9499
15.4223
15.1433
14.8689
14.5987
14.333
14.071
13.5969
13.3458
13.0985
12.8546
12.6144
12.3778
11.9501
11.7236
11.5003
11.2802
11.0638
10.8511
10.4678
10.2655
10.0666
9.87155
9.68036
9.49296
9.15744
8.98124
8.80889
8.64039
8.47599
8.31536
8.02818
7.87794
7.73119
7.5875
7.44717
7.30954
7.06301
6.93325
6.80601
6.681
6.55847
6.438
6.2207
6.10562
5.99236
5.8807
5.77084
5.66252
5.46656
5.36243
5.25971
5.15826
5.05839
4.95968
4.78084
4.68583
4.59208
4.49954
4.40837
4.31837
4.15557
4.06941
3.98482
3.90151
3.81983
3.73997
3.59721
3.52297
3.4511
3.38156
3.31462
3.15286
2.84579
2.69896
2.56304
2.43649
2.31922
2.20975
2.02599
1.93579
1.85177
1.77264
1.69805
1.62788
1.50912
1.44974
1.39423
1.3414
1.29137
1.24403
1.16331
1.12228
1.08301
1.04547
1.00974
0.975294
