-2.65487
-2.88204
-3.13328
-3.41119
-3.71636
-4.04718
-4.40255
-4.78186
-5.18647
-5.61866
-6.08305
-6.5866
-7.13845
-7.75031
-8.43117
-9.18466
-10.0085
-10.8989
-11.8535
-12.8746
-13.9675
-15.1423
-16.4157
-17.812
-19.3605
-21.0911
-23.0218
-25.1526
-27.4755
-29.9852
-32.6863
-35.5968
-38.7491
-42.1902
-45.9987
-50.2741
-55.1355
-60.6905
-67.0079
-74.1431
-82.1895
-91.2862
-101.692
-113.784
-128.072
-145.205
-165.842
-190.142
-216.424
-239.381
-249.681
-234.81
-186.937
-106.541
-6.67427
93.4756
173.807
222.099
237.914
229.218
208.001
183.424
160.443
140.619
123.946
109.897
97.9547
87.6437
78.6647
70.8142
63.9729
58.0365
52.8799
48.3456
44.3047
40.6427
37.2881
34.189
31.3172
28.6576
26.2101
23.9799
21.9737
20.1798
18.5708
17.1126
15.7736
14.5328
13.3748
12.2918
11.2794
10.3378
9.47001
8.68039
7.968
7.32583
6.74104
6.20286
5.70163
5.23174
4.78937
4.37277
3.9822
3.62243
3.30478
2.59096
2.0809
1.70479
1.41917
1.19825
-2.65599
-2.88081
-2.88327
-3.13191
-3.13464
-3.40969
-3.4127
-3.71471
-3.718
-4.04541
-4.04896
-4.40066
-4.40445
-4.77984
-4.78389
-5.18432
-5.18863
-5.61634
-5.62097
-6.08056
-6.08554
-6.58388
-6.58931
-7.13545
-7.14145
-7.74697
-7.75365
-8.42747
-8.43488
-9.18058
-9.18874
-10.004
-10.0129
-10.8941
-10.9036
-11.8484
-11.8586
-12.8692
-12.8801
-13.9617
-13.9734
-15.136
-15.1486
-16.4088
-16.4226
-17.8044
-17.8196
-19.352
-19.3689
-21.0816
-21.1005
-23.0113
-23.0323
-25.1412
-25.1641
-27.463
-27.4881
-29.9718
-29.9987
-32.6718
-32.7008
-35.5812
-35.6125
-38.7321
-38.7662
-42.1715
-42.2089
-45.9779
-46.0196
-50.2506
-50.2976
-55.1087
-55.1623
-60.6599
-60.7211
-66.9731
-67.0426
-74.1039
-74.1823
-82.1454
-82.2336
-91.2361
-91.3365
-101.635
-101.75
-113.716
-113.852
-127.992
-128.153
-145.108
-145.302
-165.726
-165.958
-190.01
-190.274
-216.289
-216.558
-239.284
-239.478
-249.685
-249.676
-234.965
-234.654
-187.272
-186.6
-107.012
-106.069
-7.21207
-6.13635
92.9934
93.9573
173.466
174.147
221.94
222.258
237.914
237.914
229.304
229.132
208.126
207.875
183.549
183.299
160.553
160.332
140.713
140.525
124.025
123.867
109.964
109.83
98.0118
97.8976
87.6935
87.5939
78.708
78.6213
70.8521
70.7763
64.0059
63.9398
58.065
58.008
52.9048
52.8551
48.3677
48.3235
44.3245
44.2849
40.6607
40.6246
37.3047
37.2715
34.2044
34.1736
31.3315
31.3029
28.6708
28.6444
26.2222
26.198
23.9909
23.969
21.9835
21.9639
20.1886
20.1711
18.5786
18.5629
17.1198
17.1054
15.7803
15.767
14.5389
14.5266
13.3805
13.369
12.2972
12.2864
11.2845
11.2744
10.3425
10.3331
9.47429
9.46572
8.68427
8.67652
7.97149
7.96451
7.329
7.32266
6.74393
6.73814
6.20554
6.20018
5.70414
5.69913
5.2341
5.22939
4.79159
4.78716
4.37486
4.37068
3.98414
3.98025
3.62419
3.62067
3.30629
3.30327
2.59404
2.58789
2.08316
2.07865
1.70648
1.7031
1.42045
1.41788
1.19925
-2.6644
-2.87159
-2.89253
-3.1217
-3.1449
-3.39843
-3.42404
-3.70241
-3.73034
-4.03213
-4.06228
-4.38645
-4.4187
-4.76468
-4.7991
-5.16815
-5.20485
-5.59903
-5.63834
-6.06192
-6.10426
-6.56355
-6.60974
-7.11301
-7.16401
-7.72199
-7.77876
-8.39974
-8.46275
-9.15004
-9.21942
-9.97087
-10.0462
-10.8584
-10.9395
-11.8102
-11.8969
-12.8283
-12.9211
-13.9179
-14.0173
-15.0887
-15.1961
-16.3574
-16.4742
-17.7479
-17.8764
-19.2888
-19.4326
-21.0109
-21.1716
-22.9326
-23.1113
-25.0555
-25.2505
-27.3695
-27.582
-29.8711
-30.0997
-32.5635
-32.8096
-35.4642
-35.73
-38.6049
-38.8939
-42.0317
-42.3494
-45.8224
-46.1765
-50.0748
-50.4746
-54.9077
-55.3639
-60.431
-60.9515
-66.7134
-67.3036
-73.8111
-74.4771
-81.8153
-82.5657
-90.8607
-91.7144
-101.204
-102.184
-113.21
-114.361
-127.388
-128.76
-144.382
-146.035
-164.858
-166.835
-189.02
-191.262
-215.278
-217.557
-238.545
-240.207
-249.689
-249.614
-236.089
-233.443
-189.76
-184.047
-110.567
-102.507
-11.2418
-2.09807
89.3608
97.5542
170.876
176.666
220.719
223.416
237.898
237.944
229.975
228.479
209.066
206.929
184.488
182.365
161.382
159.507
141.421
139.823
124.618
123.279
110.467
109.338
98.4417
97.4709
88.0683
87.2218
79.0342
78.2973
71.1372
70.4933
64.2545
63.693
58.2798
57.7946
53.0918
52.6691
48.534
48.1589
44.4736
44.1365
40.7967
40.4892
37.4297
37.1469
34.3201
34.0583
31.4389
31.1959
28.7699
28.5456
26.3134
26.1072
24.0732
23.8871
22.057
21.8907
20.2544
20.1056
18.6379
18.5039
17.174
17.0514
15.8303
15.7172
14.5854
14.4803
13.424
13.3256
12.3379
12.2459
11.3225
11.2365
10.3776
10.2981
9.50651
9.43366
8.71342
8.64753
7.99773
7.93841
7.35281
7.299
6.76567
6.71649
6.22567
6.18013
5.72296
5.68036
5.25179
5.21175
4.80826
4.77054
4.39054
4.35504
3.99875
3.9657
3.63745
3.60746
3.31765
3.27473
2.61733
2.56501
2.10018
2.06188
1.71921
1.69051
1.43013
1.40831
1.20681
-2.68739
-2.71846
-2.74988
-2.78175
-2.81405
-2.84676
-2.91787
-2.9521
-2.98682
-3.02211
-3.05801
-3.09421
-3.17297
-3.21094
-3.24948
-3.28845
-3.328
-3.36809
-3.455
-3.49679
-3.53911
-3.58202
-3.62536
-3.66922
-3.76409
-3.80945
-3.85542
-3.90193
-3.94885
-3.99627
-4.09862
-4.14756
-4.19697
-4.24695
-4.29728
-4.34806
-4.45755
-4.50981
-4.56254
-4.61584
-4.66952
-4.72373
-4.84055
-4.89627
-4.9525
-5.00937
-5.06666
-5.12447
-5.24903
-5.3085
-5.36856
-5.42929
-5.4905
-5.5523
-5.68581
-5.74966
-5.81412
-5.87928
-5.94508
-6.01159
-6.15539
-6.22435
-6.29414
-6.36489
-6.43632
-6.50867
-6.66551
-6.74084
-6.81726
-6.89475
-6.9731
-7.05262
-7.22561
-7.30889
-7.39345
-7.4794
-7.56644
-7.65478
-7.84717
-7.93976
-8.03381
-8.12952
-8.22659
-8.32511
-8.5389
-8.64172
-8.746
-8.85195
-8.95913
-9.06776
-9.30323
-9.41618
-9.53039
-9.64651
-9.76306
-9.8814
-10.1371
-10.2595
-10.3832
-10.5083
-10.6344
-10.7619
-11.0372
-11.1686
-11.3013
-11.4355
-11.5706
-11.7071
-12.0014
-12.142
-12.284
-12.4274
-12.572
-12.7179
-13.0329
-13.1833
-13.335
-13.4884
-13.6432
-13.7996
-14.1371
-14.2984
-14.4614
-14.6266
-14.7931
-14.9614
-15.3257
-15.5003
-15.6769
-15.8556
-16.0359
-16.2187
-16.6154
-16.8059
-16.9991
-17.1952
-17.3939
-17.5952
-18.0322
-18.2431
-18.4568
-18.6741
-18.8946
-19.1186
-19.6064
-19.8414
-20.0806
-20.3234
-20.5701
-20.8205
-21.3665
-21.629
-21.8958
-22.1674
-22.4418
-22.7208
-23.3272
-23.6186
-23.9138
-24.2134
-24.5162
-24.8227
-25.487
-25.8055
-26.1277
-26.4543
-26.784
-27.1172
-27.8382
-28.1831
-28.5318
-28.884
-29.24
-29.5994
-30.3752
-30.7465
-31.1215
-31.5008
-31.884
-32.2711
-33.1061
-33.506
-33.9102
-34.3189
-34.732
-35.1489
-36.0503
-36.4824
-36.9193
-37.3614
-37.8087
-38.262
-39.2423
-39.7122
-40.1886
-40.6711
-41.16
-41.6556
-42.7331
-43.2516
-43.7773
-44.3109
-44.854
-45.4046
-46.6045
-47.1839
-47.7721
-48.3713
-48.9814
-49.6027
-50.959
-51.6165
-52.2857
-52.9673
-53.6628
-54.3705
-55.9161
-56.6668
-57.4326
-58.2142
-59.0073
-59.8158
-61.581
-62.4375
-63.3084
-64.1951
-65.0967
-66.0153
-68.0173
-68.9873
-69.9685
-70.9701
-71.9895
-73.0251
-75.2829
-76.3739
-77.4828
-78.6113
-79.7589
-80.9278
-83.4738
-84.7049
-85.957
-87.2327
-88.5309
-89.8528
-92.7476
-94.1504
-95.5788
-97.037
-98.5276
-100.046
-103.371
-104.989
-106.654
-108.35
-110.086
-111.856
-115.759
-117.665
-119.619
-121.62
-123.667
-125.773
-130.427
-132.71
-135.039
-137.437
-139.906
-142.436
-148.049
-150.806
-153.634
-156.531
-159.495
-162.546
-169.222
-172.521
-175.859
-179.287
-182.784
-186.336
-194.011
-197.666
-201.324
-205.011
-208.765
-212.483
-220.192
-223.627
-227.063
-230.357
-233.534
-236.457
-242.072
-244.319
-246.18
-247.633
-248.702
-249.47
-249.311
-248.556
-246.858
-244.731
-242.049
-238.857
-229.885
-224.488
-218.45
-211.887
-204.508
-196.24
-176.862
-166.696
-155.891
-144.521
-132.512
-120.092
-92.5606
-78.9569
-65.0878
-50.8241
-36.4428
-22.1327
8.85364
23.3434
37.6033
51.7283
65.6974
79.37
107.055
119.276
131.071
142.437
153.163
163.57
183.313
191.601
198.998
205.703
211.823
217.156
226.577
230.055
232.785
234.979
236.541
237.559
237.881
237.364
236.544
235.301
233.771
231.7
226.628
223.914
221.042
217.976
214.793
211.585
204.378
200.922
197.412
193.909
190.447
187.037
179.827
176.466
173.208
169.966
166.773
163.657
157.276
154.356
151.515
148.733
146.02
143.364
137.943
135.485
133.094
130.753
128.472
126.252
121.705
119.641
117.624
115.654
113.734
111.85
108.01
106.257
104.551
102.873
101.232
99.6255
96.3242
94.8194
93.3456
91.8993
90.4806
89.0908
86.2245
84.9183
83.6354
82.375
81.1394
79.927
77.427
76.2846
75.1641
74.063
72.9774
71.917
69.7336
68.7354
67.7558
66.7973
65.8564
64.9335
63.0322
62.1662
61.3173
60.4859
59.6708
58.868
57.2205
56.4685
55.7321
55.0086
54.2997
53.6039
52.169
51.5091
50.8626
50.2258
49.6014
48.987
47.7159
47.1321
46.5563
45.9893
45.4313
44.8808
43.7365
43.2096
42.6894
42.1756
41.6684
41.1677
40.1248
39.6425
39.1661
38.6957
38.2306
37.7705
36.8109
36.3663
35.9264
35.491
35.0613
34.6357
33.7471
33.335
32.9277
32.5248
32.1261
31.7315
30.9074
30.5257
30.1481
29.7746
29.4055
29.0405
28.2793
27.9274
27.5795
27.2361
26.8969
26.562
25.8632
25.5415
25.2242
24.9106
24.602
24.2982
23.6664
23.3763
23.0899
22.8079
22.5309
22.2582
21.6928
21.4332
21.1779
20.9253
20.6779
20.4345
19.9293
19.697
19.4682
19.2422
19.0197
18.8005
18.3447
18.1348
17.9276
17.7227
17.5208
17.3217
16.9059
16.714
16.5243
16.3361
16.1505
15.9667
15.5827
15.405
15.2291
15.0548
14.8825
14.712
14.3553
14.1897
14.0259
13.863
13.702
13.5425
13.2086
13.0539
12.9006
12.7484
12.5978
12.4487
12.1364
11.9917
11.8484
11.7061
11.5654
11.4261
11.1344
10.9993
10.8658
10.7334
10.6027
10.4735
10.2037
10.0787
9.95549
9.83358
9.71332
9.59454
9.34731
9.23357
9.12117
9.01012
8.90086
8.79311
8.56942
8.4666
8.36537
8.26499
8.1667
8.06967
7.86815
7.77555
7.68431
7.59408
7.50534
7.41779
7.23542
7.15107
7.06817
6.98603
6.90503
6.82502
6.65813
6.58104
6.50474
6.42915
6.35444
6.28057
6.1259
6.0542
5.98325
5.91284
5.84321
5.77426
5.6297
5.56267
5.49623
5.43023
5.36483
5.30003
5.1641
5.10106
5.0385
4.97629
4.91472
4.85368
4.72563
4.66618
4.6072
4.54864
4.49072
4.43329
4.31277
4.25687
4.20148
4.14651
4.09223
4.03857
3.92643
3.87454
3.82329
3.77273
3.72288
3.67374
3.572
3.52551
3.48004
3.43525
3.39162
3.34895
3.18582
3.07321
2.96689
2.86696
2.77235
2.68217
2.50411
2.42623
2.3519
2.28066
2.21257
2.14738
2.01736
1.96025
1.90558
1.85327
1.80298
1.75444
1.65708
1.61406
1.57288
1.53286
1.49409
1.45681
1.38275
1.34959
1.31752
1.28648
1.25654
1.2277
