-2.29808
-2.45539
-2.62309
-2.8033
-2.99789
-3.20879
-3.43699
-3.68257
-3.9451
-4.22411
-4.51913
-4.83032
-5.15832
-5.50493
-5.87188
-6.26254
-6.68113
-7.13265
-7.62214
-8.1547
-8.73341
-9.35865
-10.029
-10.7437
-11.5012
-12.302
-13.1481
-14.0442
-14.995
-16.0103
-17.1004
-18.2801
-19.5634
-20.9651
-22.4939
-24.1522
-25.9376
-27.8486
-29.8833
-32.0448
-34.3407
-36.788
-39.4041
-42.2199
-45.2759
-48.6225
-52.3093
-56.3979
-60.9355
-65.9596
-71.4954
-77.585
-84.2811
-91.6769
-99.8878
-109.106
-119.544
-131.467
-145.128
-160.745
-178.261
-196.837
-214.736
-228.463
-232.825
-222.563
-194.226
-145.391
-80.7217
-6.57086
67.7911
131.952
181.369
210.84
221.391
218.288
205.876
189.378
171.888
155.324
140.361
127.106
115.487
105.222
96.1349
88.0168
80.7303
74.1777
68.2858
63.0022
58.2775
54.0446
50.2294
46.7663
43.5881
40.6516
37.9143
35.3524
32.9457
30.6853
28.564
26.582
24.7415
23.044
21.4877
20.0634
18.7551
17.5485
16.4246
15.3733
14.3825
13.4473
12.5616
11.724
10.9327
10.1892
9.4943
8.8497
8.25499
7.70754
7.20129
6.73165
6.29202
5.87817
5.48622
5.11395
4.75931
4.42206
4.10178
3.801
3.52372
3.20385
2.63596
2.20423
1.86573
1.59631
1.38017
1.20352
1.05689
0.931686
-2.29906
-2.45436
-2.45643
-2.62198
-2.6242
-2.8021
-2.8045
-2.99659
-2.99918
-3.20739
-3.21019
-3.43548
-3.43851
-3.68095
-3.68419
-3.94337
-3.94683
-4.22228
-4.22594
-4.5172
-4.52107
-4.82827
-4.83236
-5.15617
-5.16047
-5.50266
-5.50721
-5.86946
-5.87429
-6.25996
-6.26512
-6.67836
-6.6839
-7.12966
-7.13565
-7.61888
-7.62541
-8.15116
-8.15825
-8.72956
-8.73726
-9.35451
-9.3628
-10.0246
-10.0334
-10.739
-10.7484
-11.4962
-11.5061
-12.2968
-12.3073
-13.1426
-13.1537
-14.0383
-14.0501
-14.9887
-15.0013
-16.0036
-16.0171
-17.0931
-17.1076
-18.2722
-18.2879
-19.5549
-19.572
-20.9558
-20.9745
-22.4837
-22.5041
-24.1412
-24.1632
-25.9258
-25.9494
-27.836
-27.8612
-29.8699
-29.8967
-32.0305
-32.059
-34.3256
-34.3558
-36.7719
-36.8041
-39.3868
-39.4214
-42.2013
-42.2386
-45.2555
-45.2963
-48.6001
-48.6449
-52.2845
-52.3341
-56.3704
-56.4254
-60.905
-60.966
-65.9259
-65.9933
-71.4583
-71.5325
-77.5442
-77.6257
-84.2362
-84.3261
-91.6274
-91.7266
-99.8326
-99.9431
-109.044
-109.169
-119.473
-119.616
-131.387
-131.548
-145.034
-145.221
-160.639
-160.851
-178.149
-178.373
-196.717
-196.958
-214.628
-214.843
-228.393
-228.533
-232.838
-232.812
-222.705
-222.42
-194.472
-193.98
-145.771
-145.011
-81.1806
-80.2626
-7.0586
-6.08298
67.3368
68.2449
131.599
132.303
181.119
181.619
210.716
210.963
221.359
221.423
218.345
218.231
205.974
205.778
189.491
189.263
171.997
171.778
155.426
155.223
140.452
140.271
127.185
127.027
115.557
115.418
105.283
105.161
96.1897
96.0802
88.0661
87.9676
80.7744
80.6861
74.2174
74.138
68.3215
68.2502
63.0341
62.9703
58.306
58.249
54.0703
54.0188
50.2526
50.2062
46.7874
46.7451
43.6076
43.5687
40.6697
40.6335
37.9311
37.8974
35.3682
35.3365
32.9606
32.9307
30.6993
30.6714
28.5771
28.5509
26.5942
26.5698
24.7528
24.7302
23.0544
23.0336
21.4972
21.4782
20.0721
20.0547
18.7631
18.747
17.5559
17.541
16.4316
16.4177
15.3798
15.3667
14.3886
14.3763
13.4532
13.4415
12.5671
12.5561
11.7292
11.7188
10.9376
10.9278
10.1938
10.1846
9.49857
9.49003
8.85365
8.84575
8.25863
8.25134
7.71091
7.70419
7.2044
7.19818
6.73455
6.72875
6.29474
6.2893
5.88074
5.8756
5.48867
5.48378
5.11627
5.11163
4.76153
4.7571
4.42416
4.41996
4.10377
4.0998
3.80285
3.79915
3.5254
3.52203
3.20809
3.19962
2.63909
2.63284
2.20667
2.20181
1.86764
1.86382
1.59784
1.59479
1.38142
1.37893
1.20453
1.20251
1.05775
1.05602
0.93243
-2.30588
-2.44711
-2.4637
-2.61422
-2.632
-2.79372
-2.81287
-2.98756
-3.00826
-3.19759
-3.22003
-3.4249
-3.44913
-3.66961
-3.69557
-3.93127
-3.95897
-4.20947
-4.23881
-4.50366
-4.53464
-4.814
-4.84668
-5.14112
-5.17558
-5.48676
-5.52316
-5.85259
-5.89123
-6.24196
-6.28329
-6.65898
-6.70337
-7.10874
-7.15667
-7.59608
-7.64831
-8.12638
-8.18314
-8.70269
-8.76427
-9.32558
-9.39184
-9.99364
-10.0645
-10.7061
-10.7814
-11.4614
-11.541
-12.26
-12.3442
-13.1037
-13.1927
-13.9971
-14.0914
-14.9449
-15.0452
-15.9568
-16.0642
-17.0426
-17.1583
-18.2174
-18.343
-19.4952
-19.632
-20.8905
-21.0401
-22.4126
-22.5755
-24.0644
-24.2404
-25.8432
-26.0323
-27.7479
-27.9496
-29.7763
-29.9906
-31.9312
-32.1587
-34.2198
-34.4619
-36.6592
-36.9173
-39.2659
-39.5428
-42.0708
-42.3697
-45.1132
-45.4394
-48.444
-48.8019
-52.1113
-52.5084
-56.1784
-56.6186
-60.6922
-61.18
-65.6909
-66.2296
-71.1994
-71.7928
-77.2595
-77.9117
-83.9226
-84.6413
-91.28
-92.0749
-99.4475
-100.331
-108.608
-109.608
-118.976
-120.117
-130.827
-132.114
-144.383
-145.878
-159.903
-161.595
-177.365
-179.193
-195.872
-197.805
-213.875
-215.582
-227.886
-229.005
-232.913
-232.704
-223.673
-221.399
-196.154
-192.23
-148.397
-142.331
-84.3876
-77.0434
-10.4692
-2.68242
64.1354
71.4074
129.107
134.978
179.344
183.337
209.835
211.799
221.224
221.638
218.728
217.816
206.652
205.087
190.252
188.464
172.76
171.01
156.137
154.515
141.09
139.638
127.741
126.475
116.045
114.933
105.714
104.734
96.575
95.6981
88.4116
87.6245
81.0841
80.3783
74.4962
73.8607
68.5718
68.0014
63.2581
62.7478
58.5062
58.0499
54.251
53.8393
50.4154
50.0442
46.9357
46.5975
43.7441
43.4327
40.7967
40.5071
38.0496
37.7794
35.4795
35.2256
33.0651
32.8266
30.7975
30.5736
28.669
28.4593
26.6799
26.4845
24.832
24.6514
23.1272
22.9612
21.5639
21.4119
20.1334
19.9938
18.8193
18.691
17.608
17.4891
16.4802
16.3693
15.4255
15.3212
14.4318
14.3334
13.4939
13.4009
12.6057
12.5176
11.7656
11.6824
10.9719
10.8936
10.226
10.1525
9.52863
9.46022
8.88138
8.81814
8.28419
8.22591
7.73447
7.68073
7.22621
7.17645
6.75488
6.7085
6.31384
6.27027
5.89877
5.85764
5.50577
5.46673
5.13255
5.09541
4.77702
4.74167
4.43887
4.40529
4.1177
4.08592
3.81584
3.78622
3.53723
3.51034
3.23797
3.17025
2.66109
2.61114
2.22378
2.18491
1.8811
1.85051
1.60857
1.58423
1.39017
1.37026
1.21166
1.19546
1.06382
1.05001
0.937663
-2.32245
-2.34354
-2.36483
-2.38626
-2.40793
-2.42973
-2.48132
-2.50374
-2.52638
-2.54918
-2.57225
-2.59557
-2.6509
-2.67498
-2.69931
-2.72382
-2.74864
-2.77368
-2.83321
-2.85916
-2.8854
-2.9119
-2.93875
-2.96587
-3.03032
-3.05846
-3.08692
-3.11561
-3.14468
-3.17409
-3.24392
-3.27439
-3.30519
-3.33626
-3.36773
-3.39951
-3.47491
-3.50779
-3.54099
-3.57443
-3.60825
-3.64238
-3.72318
-3.75835
-3.79388
-3.82962
-3.86575
-3.9022
-3.98841
-4.02586
-4.06362
-4.1016
-4.13997
-4.17865
-4.27
-4.30967
-4.34962
-4.38976
-4.43029
-4.47113
-4.56756
-4.60941
-4.65156
-4.69388
-4.73664
-4.77971
-4.88134
-4.92541
-4.96982
-5.01446
-5.05952
-5.10493
-5.21223
-5.25881
-5.30579
-5.35299
-5.4006
-5.44855
-5.56185
-5.6111
-5.66071
-5.71071
-5.76119
-5.81206
-5.93232
-5.98463
-6.03749
-6.09069
-6.14446
-6.1987
-6.32762
-6.38331
-6.43973
-6.49661
-6.55427
-6.61248
-6.7506
-6.81086
-6.87179
-6.93344
-6.99573
-7.05854
-7.20775
-7.27293
-7.3389
-7.40551
-7.47303
-7.54138
-7.70394
-7.77487
-7.84656
-7.91907
-7.99263
-8.06693
-8.24357
-8.32079
-8.39886
-8.47765
-8.55753
-8.63822
-8.82987
-8.91348
-8.99792
-9.08306
-9.16917
-9.25608
-9.46232
-9.55208
-9.64266
-9.73403
-9.82638
-9.91934
-10.1398
-10.2356
-10.3324
-10.4297
-10.5281
-10.6271
-10.8613
-10.9631
-11.0656
-11.1687
-11.2728
-11.3778
-11.6256
-11.7333
-11.8417
-11.9507
-12.0607
-12.1717
-12.4336
-12.5472
-12.6617
-12.7768
-12.8931
-13.0103
-13.2873
-13.4077
-13.529
-13.6511
-13.7743
-13.8982
-14.1917
-14.3191
-14.4476
-14.5769
-14.7077
-14.8396
-15.1518
-15.2876
-15.4248
-15.563
-15.703
-15.8443
-16.1785
-16.3241
-16.4709
-16.6192
-16.7696
-16.9213
-17.2815
-17.4387
-17.5977
-17.7582
-17.9211
-18.0858
-18.477
-18.6477
-18.8205
-18.995
-19.1721
-19.352
-19.7779
-19.9645
-20.1534
-20.3442
-20.538
-20.7338
-21.1996
-21.4032
-21.6094
-21.8175
-22.0285
-22.242
-22.7492
-22.9706
-23.1945
-23.4203
-23.649
-23.8799
-24.4276
-24.6662
-24.9074
-25.1506
-25.3966
-25.6449
-26.2333
-26.4894
-26.7477
-27.0079
-27.2709
-27.5362
-28.1642
-28.4371
-28.7124
-28.9896
-29.2692
-29.5511
-30.2187
-30.5086
-30.8009
-31.0955
-31.3924
-31.6919
-32.4011
-32.7088
-33.019
-33.3319
-33.6474
-33.9656
-34.7196
-35.0474
-35.3784
-35.7123
-36.049
-36.3882
-37.1922
-37.5419
-37.895
-38.2513
-38.6117
-38.9753
-39.8377
-40.2133
-40.5929
-40.977
-41.3651
-41.7571
-42.6887
-43.0991
-43.5087
-43.9242
-44.3452
-44.7716
-45.7876
-46.2315
-46.6814
-47.1374
-47.6008
-48.069
-49.1842
-49.6722
-50.1672
-50.6694
-51.1793
-51.6961
-52.9327
-53.4742
-54.0226
-54.579
-55.1448
-55.7184
-57.0889
-57.6898
-58.2997
-58.9182
-59.5454
-60.1818
-61.7019
-62.3691
-63.0451
-63.7298
-64.4241
-65.1273
-66.8053
-67.5399
-68.2839
-69.0371
-69.803
-70.5786
-72.4263
-73.234
-74.0516
-74.8807
-75.7225
-76.5762
-78.6077
-79.4955
-80.3956
-81.309
-82.2336
-83.1705
-85.4085
-86.3879
-87.3819
-88.3899
-89.411
-90.4474
-92.925
-94.013
-95.1162
-96.2352
-97.3706
-98.5239
-101.28
-102.496
-103.734
-104.991
-106.266
-107.563
-110.682
-112.057
-113.451
-114.871
-116.315
-117.788
-121.34
-122.901
-124.491
-126.109
-127.766
-129.465
-133.506
-135.3
-137.128
-138.988
-140.893
-142.825
-147.473
-149.52
-151.614
-153.751
-155.93
-158.138
-163.414
-165.754
-168.127
-170.524
-172.941
-175.4
-181.182
-183.695
-186.217
-188.756
-191.311
-193.84
-199.837
-202.357
-204.834
-207.279
-209.664
-212.03
-217.3
-219.401
-221.427
-223.319
-225.105
-226.688
-230.034
-231.107
-231.929
-232.5
-232.966
-232.993
-232.336
-231.655
-230.71
-229.325
-227.627
-225.594
-218.998
-215.899
-212.548
-208.785
-204.537
-199.983
-187.815
-181.856
-175.489
-168.796
-161.808
-154.524
-135.988
-127.722
-119.181
-110.39
-101.348
-92.0197
-69.2248
-59.2765
-49.1522
-39.0378
-28.8896
-18.6854
5.48668
15.6597
25.9006
36.1077
46.252
56.3015
78.9483
88.2752
97.4016
106.27
114.859
122.937
141.263
148.74
155.768
162.539
168.961
174.879
187.32
192.154
196.48
200.472
204.132
207.459
213.654
215.654
217.352
218.819
220.008
220.892
221.838
221.838
221.564
221.088
220.403
219.559
216.714
215.214
213.688
211.962
210.145
208.243
203.398
201.217
198.989
196.728
194.42
192.097
186.544
184.144
181.753
179.358
176.95
174.607
169.165
166.857
164.571
162.307
160.073
157.868
152.828
150.71
148.627
146.6
144.61
142.638
138.127
136.253
134.416
132.614
130.842
129.102
125.154
123.513
121.905
120.327
118.77
117.239
113.77
112.323
110.9
109.503
108.126
106.77
103.705
102.429
101.174
99.9366
98.7173
97.5153
94.7834
93.6469
92.5269
91.4216
90.3302
89.2534
86.8036
85.7824
84.7759
83.7822
82.8026
81.8385
79.6405
78.7205
77.8137
76.9213
76.0416
75.1747
73.1961
72.3684
71.555
70.7526
69.9607
69.1815
67.4055
66.6633
65.932
65.212
64.5028
63.8044
62.2147
61.5516
60.8976
60.2532
59.6191
58.9943
57.5729
56.9788
56.394
55.8177
55.2493
54.6894
53.4115
52.8779
52.3509
51.8304
51.3167
50.8112
49.6556
49.1716
48.6944
48.2229
47.7562
47.2964
46.2428
45.7991
45.3608
44.9275
44.4993
44.0761
43.1059
42.6972
42.293
41.8932
41.4972
41.1051
40.2036
39.8238
39.4474
39.0744
38.7042
38.3375
37.4959
37.1405
36.788
36.4388
36.0925
35.7494
34.9589
34.6253
34.2947
33.9669
33.6415
33.3188
32.5764
32.263
31.9523
31.6443
31.3389
31.0359
30.3384
30.044
29.7521
29.4629
29.1762
28.8922
28.2392
27.9638
27.6908
27.4207
27.1531
26.8881
26.2798
26.0234
25.7699
25.5195
25.2709
25.0249
24.4621
24.225
23.9905
23.7594
23.5305
23.3043
22.7872
22.5699
22.355
22.143
21.9332
21.7261
21.2528
21.0539
20.8574
20.6636
20.4716
20.282
19.8475
19.665
19.4849
19.3069
19.1303
18.9559
18.5566
18.3886
18.2224
18.0584
17.8955
17.7345
17.3644
17.2082
17.0531
16.9005
16.7485
16.5982
16.253
16.1072
15.9626
15.8196
15.6775
15.5364
15.2118
15.0746
14.9385
14.8036
14.6694
14.5363
14.2301
14.1007
13.9722
13.8451
13.7186
13.5927
13.3032
13.1806
13.0588
12.9383
12.8184
12.6993
12.4251
12.3091
12.1939
12.08
11.9666
11.854
11.595
11.4853
11.3764
11.2687
11.1615
11.0553
10.8112
10.708
10.6057
10.5045
10.4039
10.3043
10.0753
9.97867
9.883
9.78844
9.69455
9.60158
9.38856
9.29861
9.20963
9.12186
9.03487
8.94882
8.75185
8.66892
8.58691
8.5059
8.42565
8.34634
8.16487
8.08854
8.01303
7.93851
7.86471
7.7917
7.62422
7.55382
7.48411
7.41525
7.3469
7.27922
7.12427
7.05896
6.9943
6.93046
6.86706
6.80422
6.65988
6.59891
6.53846
6.47862
6.41909
6.36015
6.22456
6.16722
6.11031
6.054
5.99802
5.94246
5.81443
5.76023
5.70639
5.65308
5.59998
5.54725
5.42572
5.37426
5.32315
5.27251
5.22208
5.17199
5.05641
5.00742
4.95872
4.91045
4.8624
4.81461
4.70454
4.65789
4.61154
4.56564
4.51994
4.47455
4.36999
4.32565
4.28163
4.23803
4.19463
4.15156
4.05259
4.01071
3.96924
3.92825
3.88761
3.84738
3.75519
3.71636
3.67802
3.64026
3.60287
3.56602
3.48237
3.44744
3.41313
3.37953
3.34655
3.31321
3.101
3.01689
2.93656
2.86004
2.7861
2.71527
2.55968
2.49678
2.43584
2.37732
2.3205
2.26579
2.14482
2.09558
2.04783
2.00172
1.95711
1.91409
1.81885
1.77983
1.74191
1.7052
1.66953
1.63501
1.55924
1.52815
1.49769
1.46808
1.43928
1.4116
1.34962
1.32415
1.29936
1.27532
1.2519
1.22916
1.17863
1.15776
1.13733
1.11737
1.0978
1.07866
1.0357
1.018
1.00074
0.983674
0.966868
0.950425
