-2.16966
-2.45954
-2.78717
-3.16566
-3.60467
-4.10447
-4.66226
-5.27912
-5.96436
-6.73826
-7.63194
-8.67783
-9.88834
-11.2569
-12.7801
-14.4742
-16.3806
-18.5735
-21.1485
-24.1742
-27.6538
-31.5781
-35.9817
-40.9695
-46.754
-53.6598
-62.0474
-72.1853
-84.3261
-98.9832
-117.157
-140.423
-170.364
-205.113
-231.374
-217.549
-138.791
-6.57086
125.674
205.928
220.622
196.987
164.42
135.798
113.151
95.237
80.7744
68.9494
59.3177
51.4904
44.9965
39.4401
34.5592
30.2265
26.3935
23.0648
20.2344
17.8255
15.7323
13.8712
12.1972
10.6924
9.35852
8.20237
7.21062
6.34807
5.57956
4.88318
4.24905
3.68088
3.00824
2.13059
1.57601
1.20757
0.94784
-2.17059
-2.4585
-2.46058
-2.78598
-2.78836
-3.16428
-3.16704
-3.60308
-3.60626
-4.10268
-4.10626
-4.66028
-4.66424
-5.27692
-5.28132
-5.9619
-5.96681
-6.73546
-6.74106
-7.62867
-7.63521
-8.67402
-8.68165
-9.88398
-9.8927
-11.252
-11.2618
-12.7747
-12.7855
-14.4682
-14.4803
-16.3738
-16.3875
-18.5655
-18.5815
-21.1391
-21.158
-24.1632
-24.1852
-27.6413
-27.6663
-31.5641
-31.5922
-35.9659
-35.9975
-40.9514
-40.9876
-46.7327
-46.7753
-53.6341
-53.6854
-62.0162
-62.0787
-72.1478
-72.2228
-84.2811
-84.371
-98.9287
-99.0377
-117.088
-117.226
-140.333
-140.512
-170.251
-170.477
-204.997
-205.228
-231.333
-231.415
-217.686
-217.41
-139.167
-138.415
-7.0586
-6.08298
125.306
126.035
205.772
206.083
220.656
220.588
197.093
196.88
164.527
164.314
135.884
135.711
113.219
113.083
95.2911
95.1829
80.8185
80.7303
68.9855
68.9133
59.3471
59.2885
51.5144
51.4664
45.0168
44.9763
39.4577
39.4226
34.5748
34.5437
30.2403
30.2127
26.4056
26.3814
23.0752
23.0544
20.2432
20.2256
17.8331
17.818
15.7389
15.7256
13.8772
13.8653
12.2025
12.1918
10.6972
10.6876
9.36275
9.3543
8.20598
8.19875
7.21374
7.20751
6.35081
6.34532
5.58203
5.57708
4.88543
4.88093
4.2511
4.24701
3.68266
3.67909
3.01208
3.00441
2.13292
2.12827
1.5775
1.57453
1.20859
1.20656
0.948599
-2.17896
-2.44918
-2.46994
-2.77533
-2.7991
-3.15189
-3.17949
-3.58881
-3.6206
-4.08659
-4.12241
-4.64246
-4.68213
-5.25716
-5.30115
-5.93989
-5.98894
-6.71033
-6.76634
-7.59933
-7.66472
-8.63974
-8.71611
-9.84484
-9.93203
-11.2081
-11.3059
-12.7259
-12.8344
-14.4138
-14.5349
-16.3121
-16.4495
-18.4937
-18.6537
-21.0542
-21.2432
-24.0644
-24.2845
-27.5287
-27.7793
-31.4379
-31.719
-35.8238
-36.1401
-40.7888
-41.151
-46.5419
-46.9674
-53.404
-53.9171
-61.7356
-62.3613
-71.8115
-72.5613
-83.8779
-84.7769
-98.4377
-99.5298
-116.469
-117.852
-139.528
-141.321
-169.239
-171.494
-203.96
-206.263
-230.937
-231.756
-218.986
-216.091
-142.516
-135.003
-11.4425
-1.71339
121.975
129.286
204.336
207.446
220.945
220.265
198.05
195.913
165.488
163.355
136.667
134.936
113.833
112.475
95.7798
94.6984
81.2172
80.3345
69.3116
68.5897
59.6117
59.0258
51.7315
51.2512
45.1995
44.7948
39.616
39.2649
34.715
34.4042
30.3649
30.0887
26.5149
26.2726
23.1689
22.9612
20.3226
20.1465
17.9012
17.7502
15.7989
15.6659
13.9309
13.8118
12.251
12.1435
10.7405
10.6444
9.40081
9.31643
8.23861
8.16631
7.24184
7.17955
6.37556
6.32067
5.60431
5.55488
4.90571
4.86072
4.26953
4.22865
3.69879
3.66307
3.04699
2.97032
2.15399
2.10755
1.591
1.56128
1.21782
1.19747
0.955469
-2.20692
-2.24788
-2.28948
-2.33176
-2.37477
-2.41853
-2.50121
-2.54714
-2.59398
-2.64187
-2.69062
-2.74036
-2.83496
-2.88776
-2.94178
-2.99705
-3.05349
-3.11121
-3.22123
-3.28265
-3.34544
-3.40963
-3.47507
-3.54185
-3.66856
-3.73895
-3.81071
-3.88381
-3.9581
-4.03362
-4.17638
-4.25542
-4.33565
-4.41716
-4.4998
-4.58369
-4.74187
-4.8293
-4.91796
-5.00804
-5.09938
-5.19214
-5.36734
-5.46412
-5.56243
-5.66247
-5.76416
-5.86741
-6.06306
-6.17172
-6.28237
-6.3954
-6.51033
-6.62771
-6.85102
-6.97595
-7.10322
-7.23345
-7.36664
-7.50301
-7.76352
-7.90914
-8.05836
-8.21114
-8.36731
-8.52712
-8.83162
-9.0015
-9.17483
-9.35182
-9.53204
-9.71573
-10.0638
-10.2571
-10.4538
-10.6539
-10.8571
-11.0634
-11.4532
-11.6689
-11.8879
-12.1105
-12.3363
-12.5654
-12.9979
-13.2374
-13.4808
-13.7286
-13.9795
-14.2349
-14.7175
-14.9856
-15.2582
-15.5366
-15.8205
-16.1091
-16.6575
-16.9635
-17.276
-17.5959
-17.923
-18.2577
-18.896
-19.254
-19.6204
-19.9961
-20.3812
-20.7758
-21.5294
-21.9517
-22.3837
-22.8262
-23.278
-23.7396
-24.6168
-25.1059
-25.6046
-26.1136
-26.6313
-27.1585
-28.1568
-28.7113
-29.2747
-29.8476
-30.4303
-31.0228
-32.1421
-32.7631
-33.3945
-34.0368
-34.6903
-35.3563
-36.6163
-37.3162
-38.0295
-38.7576
-39.4994
-40.256
-41.6971
-42.5012
-43.3272
-44.1684
-45.0321
-45.917
-47.6136
-48.5666
-49.5438
-50.5491
-51.5845
-52.65
-54.6955
-55.8516
-57.04
-58.2638
-59.5232
-60.8187
-63.3087
-64.7117
-66.1507
-67.6296
-69.1469
-70.7094
-73.6959
-75.3758
-77.104
-78.8737
-80.6902
-82.5577
-86.1379
-88.1564
-90.2314
-92.3669
-94.5669
-96.8317
-101.191
-103.67
-106.231
-108.878
-111.62
-114.452
-119.961
-123.104
-126.358
-129.766
-133.263
-136.919
-144.043
-148.097
-152.319
-156.715
-161.222
-165.911
-174.902
-179.898
-184.984
-190.126
-195.27
-200.46
-209.619
-214.36
-218.757
-222.791
-226.289
-229.305
-232.57
-232.976
-232.406
-230.835
-227.779
-223.24
-211.334
-202.918
-193.069
-181.394
-168.125
-153.608
-123.316
-105.511
-86.5893
-66.7094
-46.3449
-25.8299
12.6027
33.2831
53.7675
73.5767
92.4783
110.438
140.309
155.093
168.505
180.195
190.485
199.153
211.426
215.801
218.958
220.973
221.814
221.625
218.972
216.332
213.213
209.571
205.533
201.174
192.672
187.895
183.035
178.186
173.414
168.703
160.221
155.781
151.461
147.265
143.245
139.309
132.411
128.866
125.446
122.147
118.969
115.894
110.485
107.695
104.998
102.395
99.8741
97.4269
93.1157
90.8784
88.7008
86.5909
84.5457
82.5563
79.0391
77.2092
75.4342
73.7093
72.0331
70.4076
67.531
66.037
64.5881
63.1832
61.8224
60.5012
58.1682
56.9581
55.7841
54.6439
53.5353
52.4596
50.5475
49.551
48.5818
47.635
46.7134
45.8112
44.1996
43.3552
42.5278
41.7179
40.9241
40.1456
38.746
38.0073
37.2832
36.5708
35.871
35.1835
33.9451
33.29
32.6465
32.014
31.3924
30.7811
29.6807
29.0994
28.5291
27.9691
27.4196
26.8809
25.915
25.4074
24.91
24.4236
23.9479
23.4836
22.6551
22.2213
21.7981
21.385
20.9823
20.5891
19.8868
19.5193
19.1599
18.8085
18.4651
18.1294
17.5273
17.2101
16.8987
16.5929
16.2936
15.9994
15.469
15.1886
14.9128
14.6407
14.3733
14.1104
13.6353
13.3835
13.1354
12.8907
12.6499
12.4129
11.9846
11.7578
11.5345
11.3143
11.098
10.8855
10.5023
10.3001
10.1015
9.90643
9.71536
9.52798
9.19202
9.01565
8.84318
8.67433
8.50931
8.34801
8.05979
7.90869
7.76099
7.61608
7.4747
7.33608
7.08763
6.95706
6.82902
6.70316
6.57975
6.45833
6.23954
6.12387
6.01005
5.89786
5.78747
5.67869
5.48171
5.37726
5.27428
5.17257
5.07231
4.9734
4.79401
4.69884
4.60495
4.51226
4.42101
4.33104
4.16816
4.08196
3.99727
3.91401
3.83259
3.75291
3.61054
3.53638
3.46471
3.39531
3.32872
3.16754
2.86198
2.71559
2.58007
2.45345
2.33562
2.22587
2.04069
1.94944
1.86449
1.78416
1.70843
1.63731
1.51793
1.45772
1.40134
1.34787
1.29719
1.24931
1.16788
1.12659
1.08708
1.04929
1.01331
0.978717
