-1.84255
-2.03902
-2.24992
-2.47835
-2.72983
-3.01189
-3.33179
-3.69162
-4.08811
-4.51845
-4.98224
-5.48217
-6.02444
-6.61918
-7.28407
-8.04028
-8.90236
-9.86807
-10.9275
-12.0759
-13.3163
-14.6612
-16.1316
-17.7667
-19.6192
-21.7482
-24.1726
-26.8745
-29.8377
-33.0661
-36.588
-40.4657
-44.7978
-49.7481
-55.5421
-62.374
-70.3446
-79.5538
-90.209
-102.712
-117.76
-136.408
-160.021
-190.102
-225.531
-257.703
-266.91
-229.618
-136.84
-6.77006
123.574
216.777
254.757
246.82
217.013
183.741
155.176
132.261
113.934
99.0129
86.5716
76.0446
67.1022
59.5792
53.2645
47.8883
43.1898
38.9883
35.1765
31.6919
28.5033
25.6102
23.0329
20.7832
18.8213
17.0815
15.5087
14.066
12.7325
11.4977
10.3608
9.32773
8.4089
7.6014
6.88634
6.24009
5.64643
5.09481
4.58002
4.1
3.65865
3.26449
2.44442
1.89758
1.51371
1.23328
1.01953
0.852468
0.715102
0.596889
-1.84338
-2.03814
-2.03991
-2.24897
-2.25087
-2.47731
-2.47938
-2.72869
-2.73098
-3.01059
-3.01319
-3.33032
-3.33327
-3.68998
-3.69327
-4.08631
-4.0899
-4.51651
-4.52039
-4.98016
-4.98433
-5.47992
-5.48443
-6.02199
-6.0269
-6.61647
-6.6219
-7.28099
-7.28716
-8.03677
-8.0438
-8.8984
-8.90633
-9.86367
-9.87246
-10.9227
-10.9322
-12.0707
-12.081
-13.3107
-13.3219
-14.6551
-14.6673
-16.1249
-16.1383
-17.7593
-17.7742
-19.6106
-19.6278
-21.7383
-21.7581
-24.1615
-24.1837
-26.8622
-26.8868
-29.8243
-29.8511
-33.0515
-33.0807
-36.5721
-36.6041
-40.4479
-40.4834
-44.7778
-44.8178
-49.7249
-49.7713
-55.5149
-55.5693
-62.342
-62.4061
-70.3074
-70.3817
-79.511
-79.5967
-90.1592
-90.2588
-102.654
-102.771
-117.687
-117.832
-136.318
-136.499
-159.906
-160.137
-189.957
-190.247
-225.375
-225.686
-257.6
-257.806
-266.953
-266.866
-229.908
-229.327
-137.337
-136.342
-7.3662
-6.17384
123.074
124.072
216.466
217.086
254.708
254.805
246.921
246.719
217.159
216.867
183.877
183.604
155.287
155.065
132.35
132.172
114.005
113.863
99.0719
98.9538
86.6212
86.522
76.0867
76.0025
67.1378
67.0666
59.609
59.5495
53.2897
53.2394
47.91
47.8666
43.209
43.1705
39.0056
38.971
35.1923
35.1607
31.7064
31.6775
28.5165
28.4901
25.6221
25.5983
23.0434
23.0224
20.7923
20.7741
18.8292
18.8133
17.0886
17.0743
15.5152
15.5022
14.072
14.06
12.738
12.7269
11.5028
11.4925
10.3655
10.3561
9.33198
9.32347
8.41264
8.40517
7.60468
7.59812
6.88929
6.88339
6.24277
6.23741
5.6489
5.64395
5.09712
5.0925
4.58217
4.57786
4.102
4.098
3.66047
3.65683
3.26893
3.26006
2.44727
2.44158
1.89954
1.89562
1.51513
1.5123
1.23432
1.23223
1.02036
1.01871
0.853103
0.851834
0.715659
0.714546
0.597356
-1.84998
-2.0311
-2.04698
-2.24139
-2.25848
-2.46903
-2.48771
-2.71953
-2.74019
-3.00024
-3.02362
-3.31854
-3.34518
-3.67685
-3.70645
-4.07198
-4.10428
-4.50101
-4.53594
-4.9635
-5.00107
-5.4619
-5.50251
-6.00235
-6.04655
-6.59479
-6.64367
-7.25637
-7.31183
-8.00875
-8.07198
-8.86677
-8.93812
-9.82856
-9.9077
-10.8844
-10.9706
-12.0294
-12.1225
-13.266
-13.3668
-14.6066
-14.7161
-16.0713
-16.1921
-17.6993
-17.8341
-19.542
-19.6969
-21.6595
-21.8373
-24.0721
-24.2729
-26.7641
-26.9854
-29.7171
-29.9587
-32.935
-33.1977
-36.4443
-36.7323
-40.3064
-40.6256
-44.6185
-44.9781
-49.5403
-49.9575
-55.2982
-55.7881
-62.0867
-62.6631
-70.0111
-70.6799
-79.1692
-79.9408
-89.7613
-90.6581
-102.184
-103.244
-117.11
-118.414
-135.598
-137.227
-158.989
-161.067
-188.802
-191.413
-224.123
-226.927
-256.751
-258.609
-267.251
-266.483
-232.184
-227.016
-141.295
-132.252
-12.0992
-1.40095
118.983
128.034
213.95
219.423
254.301
255.159
247.715
245.901
218.327
215.691
184.961
182.517
156.179
154.183
133.063
131.466
114.58
113.294
99.5481
98.4831
87.019
86.1268
76.4244
75.6672
67.424
66.7828
59.8483
59.3122
53.4912
53.0393
48.0844
47.6932
43.363
43.0172
39.1442
38.8327
35.3189
35.0346
31.8225
31.562
28.6222
28.3848
25.7176
25.5032
23.1274
22.9389
20.8654
20.7014
18.8931
18.7498
17.1459
17.0173
15.5675
15.4501
14.1202
14.012
12.7825
12.6825
11.5442
11.4513
10.4033
10.3184
9.36599
9.28954
8.44257
8.37541
7.63099
7.57195
6.91292
6.8599
6.26425
6.21601
5.66876
5.62416
5.11566
5.07402
4.59946
4.56062
4.11805
4.082
3.67505
3.64233
3.28738
3.22497
2.47023
2.41897
1.91533
1.88009
1.52655
1.50105
1.24273
1.22394
1.02696
1.01218
0.85819
0.846773
0.720128
0.710109
0.601106
-1.86969
-1.89727
-1.9251
-1.9532
-1.98159
-2.01028
-2.06808
-2.09762
-2.12747
-2.15765
-2.18816
-2.21901
-2.28119
-2.31311
-2.3454
-2.37805
-2.4111
-2.44462
-2.51257
-2.5475
-2.58287
-2.61888
-2.65539
-2.69247
-2.76775
-2.80665
-2.84637
-2.88678
-2.92779
-2.96968
-3.05487
-3.09901
-3.14397
-3.18976
-3.23639
-3.28387
-3.38059
-3.4304
-3.48111
-3.5326
-3.58493
-3.6381
-3.74586
-3.80111
-3.85718
-3.91402
-3.97153
-4.02967
-4.14724
-4.20748
-4.26837
-4.33
-4.3923
-4.45526
-4.58233
-4.64736
-4.71303
-4.77939
-4.84651
-4.9143
-5.05098
-5.12096
-5.19169
-5.26322
-5.33553
-5.40871
-5.55646
-5.63222
-5.70881
-5.78632
-5.86478
-5.94442
-6.10533
-6.18802
-6.27181
-6.3568
-6.44316
-6.53095
-6.70886
-6.80075
-6.89416
-6.9892
-7.08578
-7.18423
-7.38552
-7.48954
-7.59572
-7.70398
-7.81419
-7.92651
-8.15629
-8.27532
-8.39659
-8.52017
-8.64587
-8.77354
-9.03343
-9.16777
-9.30427
-9.44256
-9.58298
-9.72497
-10.0129
-10.161
-10.3108
-10.4626
-10.6161
-10.7715
-11.085
-11.2457
-11.4083
-11.5727
-11.7391
-11.9073
-12.2463
-12.42
-12.5956
-12.773
-12.9526
-13.1341
-13.5006
-13.6886
-13.8788
-14.071
-14.2657
-14.4631
-14.8617
-15.0663
-15.2742
-15.4844
-15.6975
-15.9136
-16.3531
-16.5794
-16.809
-17.0432
-17.2809
-17.5228
-18.0147
-18.2693
-18.5291
-18.7946
-19.0649
-19.3403
-19.9039
-20.1964
-20.4948
-20.7994
-21.1104
-21.4275
-22.0754
-22.4101
-22.7506
-23.0977
-23.4504
-23.8097
-24.5402
-24.9166
-25.2972
-25.6841
-26.0772
-26.4747
-27.2798
-27.6936
-28.1122
-28.5362
-28.966
-29.4008
-30.2802
-30.7315
-31.1881
-31.6497
-32.1172
-32.5909
-33.5473
-34.0389
-34.5362
-35.0399
-35.5503
-36.0674
-37.1157
-37.6546
-38.2015
-38.7555
-39.3177
-39.8891
-41.0503
-41.6488
-42.2575
-42.8756
-43.5058
-44.1486
-45.4582
-46.1373
-46.8305
-47.5377
-48.2605
-48.9987
-50.5177
-51.3075
-52.1157
-52.9452
-53.7926
-54.6609
-56.4471
-57.3801
-58.335
-59.3132
-60.3143
-61.3371
-63.4342
-64.5277
-65.6459
-66.7886
-67.9536
-69.143
-71.5739
-72.8393
-74.1293
-75.4465
-76.7901
-78.1628
-80.9724
-82.4297
-83.919
-85.4423
-86.9992
-88.5926
-91.8579
-93.5606
-95.3069
-97.0946
-98.9246
-100.803
-104.679
-106.712
-108.804
-110.955
-113.158
-115.435
-120.164
-122.661
-125.237
-127.908
-130.652
-133.488
-139.429
-142.568
-145.814
-149.191
-152.687
-156.312
-163.87
-167.922
-172.107
-176.412
-180.871
-185.426
-194.925
-199.894
-204.945
-210.024
-215.157
-220.359
-230.58
-235.575
-240.458
-245.22
-249.759
-254.015
-260.797
-263.52
-265.806
-267.554
-268.294
-267.844
-265.013
-261.962
-257.896
-252.463
-245.996
-238.484
-219.735
-208.523
-196.274
-183.001
-168.564
-152.963
-119.901
-102.139
-83.9112
-65.1042
-45.8106
-26.3508
12.8007
32.504
51.7636
70.4677
88.8193
106.62
139.557
155.059
169.672
183.153
195.355
206.446
225.611
233.153
239.549
244.942
249.174
252.737
255.914
256.246
255.811
254.479
252.492
249.93
243.357
239.675
235.539
231.027
226.42
221.76
212.158
207.326
202.461
197.627
192.901
188.241
179.328
175.016
170.818
166.716
162.714
158.877
151.609
148.111
144.723
141.444
138.265
135.204
129.404
126.622
123.932
121.314
118.771
116.312
111.626
109.379
107.184
105.052
102.981
100.966
97.1082
95.2414
93.419
91.6401
89.9061
88.2125
84.9683
83.3919
81.8514
80.344
78.8736
77.4372
74.6834
73.3432
72.0321
70.7508
69.5017
68.2833
65.9508
64.8207
63.7185
62.6432
61.5917
60.5685
58.6151
57.6671
56.7415
55.8373
54.9559
54.0958
52.4515
51.6484
50.8645
50.0945
49.3426
48.6071
47.1833
46.4863
45.8043
45.1336
44.4736
43.8241
42.5654
41.9466
41.336
40.7345
40.1421
39.559
38.4249
37.8645
37.3114
36.7665
36.2281
35.6971
34.6626
34.1515
33.647
33.1483
32.6556
32.169
31.2209
30.7523
30.2898
29.833
29.3824
28.9382
28.0737
27.6475
27.2274
26.8135
26.4055
26.0035
25.2235
24.8416
24.466
24.0967
23.7343
23.3791
22.6934
22.3583
22.0301
21.7085
21.3932
21.0844
20.4877
20.1962
19.9101
19.6299
19.3555
19.0846
18.5615
18.3046
18.0526
17.8037
17.5586
17.3173
16.8496
16.6188
16.3902
16.1648
15.9428
15.7236
15.2964
15.0851
14.8762
14.6696
14.4656
14.264
13.8702
13.675
13.482
13.291
13.1023
12.9157
12.5514
12.3706
12.1917
12.0148
11.8402
11.6675
11.3299
11.1632
10.9985
10.8357
10.6746
10.5162
10.2075
10.0551
9.90458
9.75647
9.61084
9.46764
9.18995
9.05369
8.91981
8.7882
8.659
8.53226
8.28784
8.16801
8.05053
7.93485
7.82129
7.7099
7.49493
7.38945
7.28546
7.18339
7.08236
6.98329
6.79065
6.6957
6.60208
6.50969
6.41851
6.32842
6.15285
6.06601
5.98014
5.8952
5.8112
5.72803
5.56567
5.48509
5.40528
5.32636
5.24829
5.17094
5.01946
4.94435
4.87002
4.79635
4.72341
4.65109
4.50967
4.43948
4.36999
4.30119
4.23318
4.16595
4.03478
3.96987
3.90575
3.84253
3.78007
3.71852
3.59972
3.54165
3.48483
3.42941
3.37566
3.32361
3.12294
2.98974
2.86714
2.75179
2.64294
2.54021
2.35355
2.26696
2.18481
2.10705
2.03337
1.96345
1.83522
1.77536
1.71809
1.66338
1.61116
1.56124
1.46818
1.425
1.38359
1.34355
1.3051
1.26826
1.19987
1.16719
1.13555
1.10494
1.07537
1.04685
0.993087
0.967259
0.942314
0.918252
0.895073
0.87342
0.831873
0.811481
0.791452
0.771785
0.752479
0.733536
0.697075
0.679305
0.661938
0.644974
0.628461
0.612394
