-2.65772
-2.97681
-3.34683
-3.77163
-4.24466
-4.76187
-5.32511
-5.94128
-6.62494
-7.40244
-8.31067
-9.36498
-10.5525
-11.8594
-13.2876
-14.8538
-16.5914
-18.5684
-20.8814
-23.598
-26.6988
-30.1462
-33.9468
-38.1522
-42.8765
-48.318
-54.8098
-62.697
-72.1119
-83.1979
-96.3423
-112.328
-132.545
-158.996
-194.137
-235.931
-267.217
-250.444
-157.539
-6.57466
144.05
237.39
254.983
226.478
187.493
154.217
128.513
108.575
92.664
79.6006
68.7568
59.8427
52.5931
46.5595
41.3486
36.7255
32.563
28.7998
25.4276
22.4855
19.9868
17.8475
15.9609
14.2576
12.7043
11.2817
9.98852
8.84263
7.85439
7.00238
6.24842
5.56364
4.9337
4.35045
3.81307
3.33332
2.48248
1.85203
1.43109
1.13644
-2.65883
-2.97553
-2.97809
-3.34534
-3.34832
-3.76995
-3.77331
-4.24281
-4.24651
-4.75986
-4.76389
-5.32291
-5.32731
-5.93888
-5.94369
-6.62223
-6.62766
-7.39931
-7.40556
-8.307
-8.31433
-9.36078
-9.36918
-10.5479
-10.5572
-11.8543
-11.8645
-13.282
-13.2931
-14.8477
-14.86
-16.5845
-16.5983
-18.5605
-18.5764
-20.872
-20.8908
-23.5871
-23.6089
-26.6866
-26.7111
-30.1327
-30.1597
-33.9319
-33.9617
-38.1357
-38.1688
-42.8577
-42.8953
-48.296
-48.3401
-54.7831
-54.8365
-62.6646
-62.7293
-72.0737
-72.1501
-83.1528
-83.243
-96.2885
-96.3962
-112.261
-112.394
-132.459
-132.631
-158.882
-159.111
-193.99
-194.285
-235.777
-236.085
-267.17
-267.264
-250.634
-250.254
-158.009
-157.069
-7.18635
-5.96311
143.566
144.533
237.184
237.595
255.03
254.935
226.619
226.336
187.633
187.352
154.326
154.108
128.597
128.43
108.641
108.509
92.7175
92.6105
79.6451
79.5561
68.7937
68.72
59.8727
59.8128
52.6177
52.5685
46.5804
46.5387
41.3669
41.3304
36.7418
36.7091
32.5778
32.5482
28.8131
28.7864
25.4394
25.4157
22.4956
22.4753
19.9955
19.9782
17.8549
17.84
15.9676
15.9543
14.2637
14.2515
12.7098
12.6987
11.2868
11.2766
9.99307
9.98397
8.84662
8.83863
7.8578
7.85099
7.00536
6.99941
6.2511
6.24574
5.56609
5.56119
4.93597
4.93143
4.35255
4.34836
3.81499
3.81115
3.33494
3.3317
2.48537
2.47959
1.85392
1.85015
1.43237
1.42981
1.13739
-2.66831
-2.96467
-2.989
-3.3327
-3.36102
-3.75567
-3.78762
-4.22712
-4.26226
-4.74275
-4.78106
-5.30424
-5.34604
-5.91839
-5.96418
-6.59922
-6.65076
-7.37281
-7.43224
-8.27594
-8.34561
-9.32517
-9.40503
-10.5083
-10.597
-11.811
-11.908
-13.2345
-13.3408
-14.7953
-14.9123
-16.5262
-16.6569
-18.4932
-18.6441
-20.7925
-20.9707
-23.4948
-23.7017
-26.5826
-26.8155
-30.0179
-30.2748
-33.8055
-34.0888
-37.9951
-38.3104
-42.6981
-43.0558
-48.1086
-48.5283
-54.5571
-55.0644
-62.3909
-63.005
-71.7499
-72.4759
-82.7713
-83.626
-95.8324
-96.8554
-111.699
-112.964
-131.734
-133.364
-157.912
-160.09
-192.744
-195.545
-234.462
-237.386
-266.611
-267.633
-252.159
-248.492
-161.985
-153.024
-12.3879
-0.77075
139.378
148.616
235.448
239.283
255.397
254.505
227.819
225.139
188.832
186.158
155.259
153.186
129.312
127.721
109.205
107.952
93.1742
92.1572
80.0244
79.1792
69.1078
68.4081
60.1281
59.559
52.8274
52.3604
46.7579
46.3623
41.5224
41.1755
36.8814
36.5701
32.7035
32.423
28.927
28.6731
25.5401
25.3156
22.5821
22.3895
20.0689
19.9052
17.9184
17.7768
16.0245
15.8976
14.3154
14.2
12.7572
12.6515
11.33
11.2335
10.0321
9.94537
8.88069
8.8048
7.88686
7.82209
7.03072
6.97417
6.27389
6.22304
5.58697
5.54041
4.95527
4.91216
4.37038
4.33062
3.83131
3.7949
3.34873
3.31803
2.51016
2.45519
1.8701
1.83426
1.4435
1.41902
1.14546
-2.69888
-2.74336
-2.7887
-2.83484
-2.882
-2.9303
-3.02424
-3.07556
-3.12807
-3.18182
-3.23682
-3.29282
-3.40199
-3.46158
-3.52219
-3.58377
-3.64657
-3.7104
-3.83367
-3.90054
-3.96833
-4.03701
-4.10668
-4.17726
-4.31285
-4.38618
-4.46041
-4.53539
-4.61134
-4.68836
-4.83613
-4.91591
-4.99672
-5.07834
-5.16103
-5.24497
-5.40617
-5.49311
-5.58119
-5.67041
-5.76133
-5.85333
-6.03033
-6.12667
-6.22408
-6.323
-6.42379
-6.52637
-6.72513
-6.83313
-6.9434
-7.0563
-7.17159
-7.28908
-7.51869
-7.64441
-7.77307
-7.90449
-8.03949
-8.1776
-8.44667
-8.59384
-8.74396
-8.89726
-9.05328
-9.21235
-9.52031
-9.68759
-9.85756
-10.03
-10.2051
-10.3827
-10.7249
-10.9098
-11.0969
-11.2867
-11.4789
-11.6735
-12.0479
-12.25
-12.4544
-12.6617
-12.8718
-13.0844
-13.4937
-13.7149
-13.9388
-14.1653
-14.3956
-14.6294
-15.0808
-15.3245
-15.5723
-15.8246
-16.081
-16.3416
-16.8457
-17.1213
-17.4016
-17.6878
-17.9804
-18.2802
-18.8629
-19.1824
-19.51
-19.8453
-20.1888
-20.541
-21.2293
-21.6059
-21.9917
-22.3867
-22.7908
-23.2025
-24.0011
-24.4359
-24.879
-25.3285
-25.7871
-26.2527
-27.1511
-27.6376
-28.1304
-28.6301
-29.1383
-29.6535
-30.6449
-31.1811
-31.7253
-32.2762
-32.8357
-33.4037
-34.4972
-35.0896
-35.6911
-36.3013
-36.9203
-37.5489
-38.7674
-39.4289
-40.101
-40.784
-41.4835
-42.1935
-43.5737
-44.3276
-45.0986
-45.8865
-46.6909
-47.5155
-49.1378
-50.0274
-50.9406
-51.8829
-52.8501
-53.8449
-55.8032
-56.884
-57.9974
-59.1416
-60.3187
-61.5257
-63.8936
-65.1935
-66.5252
-67.8918
-69.2919
-70.7257
-73.5277
-75.0599
-76.6283
-78.238
-79.8823
-81.5659
-84.8644
-86.6738
-88.5256
-90.4319
-92.3859
-94.3922
-98.343
-100.519
-102.764
-105.086
-107.476
-109.933
-114.805
-117.521
-120.355
-123.279
-126.313
-129.464
-135.742
-139.266
-142.916
-146.732
-150.733
-154.919
-163.306
-168.048
-172.96
-178.074
-183.359
-188.811
-199.638
-205.599
-211.674
-217.801
-223.989
-230.209
-241.466
-247.011
-252.303
-257.142
-261.235
-264.522
-268.5
-268.827
-267.777
-265.481
-261.493
-256.556
-242.141
-231.809
-219.927
-206.502
-191.424
-174.562
-139.39
-118.737
-97.2003
-75.0494
-52.2555
-28.9221
15.7411
38.952
61.9674
84.0612
105.262
125.671
161.02
177.702
192.916
206.816
218.995
229.573
244.099
249.682
253.144
255.256
256.489
256.244
252.822
249.722
246.207
241.904
236.833
231.578
221.184
215.487
209.695
203.941
198.298
192.682
182.478
177.326
172.323
167.503
162.829
158.325
150.29
146.255
142.395
138.663
135.075
131.637
125.488
122.388
119.396
116.515
113.732
111.035
106.197
103.747
101.365
99.0552
96.8226
94.6542
90.7272
88.7297
86.7861
84.8916
83.0472
81.2522
77.9887
76.3313
74.7137
73.1408
71.6143
70.1264
67.4242
66.053
64.7225
63.4281
62.1698
60.955
58.758
57.6428
56.5642
55.5177
54.4982
53.5057
51.7032
50.7849
49.8893
49.0175
48.1647
47.3306
45.8034
45.0188
44.249
43.4947
42.7532
42.0237
40.6852
39.9934
39.3111
38.6386
37.9795
37.3285
36.1292
35.5083
34.8962
34.2918
33.6959
33.1089
32.0251
31.4625
30.9083
30.3623
29.8238
29.2935
28.3133
27.8061
27.3082
26.8184
26.3371
25.8647
24.9977
24.551
24.1137
23.6875
23.27
22.8616
22.1179
21.7373
21.3651
21.0032
20.6503
20.3055
19.6745
19.351
19.0342
18.7248
18.4206
18.1231
17.5764
17.2935
17.0153
16.7417
16.472
16.2073
15.7178
15.4636
15.2131
14.9666
14.7225
14.4817
14.037
13.8056
13.5772
13.3522
13.1294
12.9092
12.5016
12.2898
12.0807
11.8743
11.6699
11.4691
11.0966
10.903
10.7122
10.5246
10.3396
10.1578
9.82293
9.65004
9.4799
9.31349
9.15023
8.99047
8.69788
8.54788
8.40107
8.25773
8.11736
7.98053
7.73064
7.60194
7.47587
7.35234
7.23126
7.11243
6.89422
6.78149
6.67051
6.56124
6.45349
6.34725
6.151
6.04899
5.94827
5.84896
5.75099
5.65412
5.47448
5.381
5.28848
5.19697
5.10653
5.01722
4.85098
4.76449
4.67884
4.59429
4.51056
4.42767
4.27419
4.19415
4.11506
4.03703
3.95986
3.88378
3.74334
3.67054
3.59903
3.52863
3.46007
3.39378
3.27519
3.1413
2.9892
2.84777
2.71589
2.59208
2.37929
2.27613
2.17949
2.08913
2.00377
1.92336
1.78506
1.71729
1.65302
1.59235
1.53471
1.48017
1.38515
1.3383
1.29344
1.25085
1.21042
1.17169
