-1.78819
-2.00557
-2.24167
-2.50084
-2.79015
-3.11845
-3.49273
-3.91405
-4.3805
-4.89081
-5.44832
-6.06094
-6.74387
-7.51855
-8.4077
-9.42306
-10.5617
-11.8183
-13.1955
-14.7092
-16.3909
-18.2918
-20.4764
-22.9993
-25.8727
-29.0888
-32.6473
-36.5869
-40.9876
-45.9967
-51.8284
-58.7313
-66.911
-76.5125
-87.7543
-101.059
-117.192
-137.207
-162.236
-191.99
-220.864
-232.721
-204.794
-124.449
-6.57086
111.58
192.417
221.245
211.451
184.788
156.749
132.691
113.185
97.2966
84.1493
73.1342
63.9048
56.2198
49.7796
44.2756
39.4577
35.1545
31.2783
27.7876
24.6795
21.9601
19.6079
17.5596
15.7422
14.1022
12.6084
11.2455
10.0114
8.91123
7.94686
7.10248
6.35356
5.67656
5.05619
4.48431
3.95977
3.4938
2.75343
2.05246
1.57974
1.24893
1.00804
0.823997
0.673852
0.551536
-1.789
-2.00469
-2.00644
-2.24071
-2.24262
-2.49979
-2.5019
-2.78896
-2.79134
-3.1171
-3.11981
-3.49119
-3.49427
-3.91233
-3.91577
-4.37861
-4.38238
-4.88875
-4.89287
-5.44607
-5.45057
-6.05844
-6.06344
-6.74106
-6.74667
-7.51534
-7.52176
-8.40401
-8.41138
-9.41889
-9.42723
-10.557
-10.5663
-11.8132
-11.8234
-13.1899
-13.2011
-14.7031
-14.7154
-16.3841
-16.3978
-18.284
-18.2997
-20.4673
-20.4855
-22.9888
-23.0097
-25.8609
-25.8844
-29.0757
-29.1018
-32.6328
-32.6617
-36.5708
-36.6029
-40.9695
-41.0058
-45.9759
-46.0175
-51.804
-51.8529
-58.7022
-58.7604
-66.8767
-66.9453
-76.4723
-76.5527
-87.7072
-87.8015
-101.003
-101.116
-117.123
-117.261
-137.12
-137.293
-162.129
-162.344
-191.873
-192.108
-220.77
-220.957
-232.738
-232.704
-204.999
-204.588
-124.847
-124.049
-7.0586
-6.08298
111.178
111.982
192.207
192.626
221.224
221.265
211.535
211.366
184.901
184.676
156.851
156.647
132.774
132.607
113.253
113.117
97.3524
97.2408
84.1958
84.1028
73.1732
73.0952
63.9374
63.8722
56.2469
56.1928
49.8025
49.7566
44.2954
44.2558
39.4752
39.4401
35.1703
35.1387
31.2926
31.2641
27.8004
27.7748
24.6908
24.6683
21.9699
21.9503
19.6163
19.5994
17.5671
17.5522
15.7489
15.7356
14.1083
14.0962
12.614
12.6029
11.2506
11.2405
10.0159
10.0069
8.91522
8.90724
7.95035
7.94337
7.10554
7.09941
6.35631
6.35081
5.67907
5.67406
5.05848
5.05389
4.48643
4.48218
3.9617
3.95784
3.49546
3.49214
2.75675
2.75011
2.05467
2.05025
1.58123
1.57824
1.25001
1.24786
1.00885
1.00724
0.824624
0.823371
0.674378
0.673326
0.551957
-1.79567
-1.99748
-2.01368
-2.23285
-2.25051
-2.49112
-2.5106
-2.77917
-2.8012
-3.10594
-3.13103
-3.47852
-3.50701
-3.89817
-3.92998
-4.36306
-4.39799
-4.87178
-4.90989
-5.42751
-5.46921
-6.03786
-6.08406
-6.718
-6.76986
-7.48895
-7.54831
-8.37372
-8.44184
-9.38457
-9.46169
-10.5188
-10.6046
-11.7713
-11.8655
-13.144
-13.2472
-14.6524
-14.7662
-16.3275
-16.4546
-18.2193
-18.3647
-20.3925
-20.5608
-22.9029
-23.0961
-25.7638
-25.9819
-28.9679
-29.21
-32.5138
-32.7813
-36.4387
-36.7356
-40.8203
-41.1555
-45.8048
-46.1896
-51.6027
-52.0557
-58.4631
-59.0011
-66.5948
-67.2289
-76.1414
-76.8851
-87.3193
-88.1919
-100.541
-101.583
-116.555
-117.834
-136.41
-138.01
-161.249
-163.234
-190.893
-193.082
-219.984
-221.716
-232.854
-232.543
-206.666
-202.865
-128.116
-120.734
-11.0776
-2.07667
107.836
115.245
190.427
194.325
221.093
221.463
212.229
210.663
185.829
183.753
157.697
155.807
133.469
131.918
113.816
112.559
97.8144
96.7824
84.5808
83.7204
73.4962
72.7741
64.207
63.6045
56.4712
55.97
49.9923
49.5681
44.4595
44.0926
39.6205
39.2955
35.3008
35.0087
31.4102
31.1469
27.906
27.6697
24.7839
24.5757
22.0508
21.8699
19.6862
19.5298
17.6285
17.491
15.8039
15.6808
14.1582
14.0464
12.6596
12.5575
11.2921
11.1991
10.0533
9.96967
8.94822
8.87444
7.97919
7.91475
7.13088
7.07419
6.37901
6.3282
5.69974
5.65346
5.0775
5.03493
4.50396
4.46471
3.97765
3.94196
3.5091
3.4785
2.78441
2.72294
2.07305
2.03217
1.59366
1.56604
1.25895
1.23904
1.01555
1.00062
0.829806
0.818218
0.678735
0.669003
0.555442
-1.81703
-1.84783
-1.879
-1.91054
-1.94244
-1.97468
-2.03683
-2.07023
-2.10404
-2.13825
-2.17291
-2.208
-2.27577
-2.31224
-2.34926
-2.38686
-2.42502
-2.4637
-2.53856
-2.57906
-2.62032
-2.66226
-2.70493
-2.74834
-2.83273
-2.87849
-2.92518
-2.97278
-3.02129
-3.07075
-3.16704
-3.21933
-3.27259
-3.32689
-3.3822
-3.43851
-3.54787
-3.60705
-3.66719
-3.72826
-3.79037
-3.85345
-3.97549
-4.0413
-4.10805
-4.17574
-4.24434
-4.31387
-4.44795
-4.5201
-4.5932
-4.66722
-4.74217
-4.81807
-4.9644
-5.04312
-5.12289
-5.20375
-5.28572
-5.36879
-5.52887
-5.61515
-5.7027
-5.79152
-5.88155
-5.97294
-6.15016
-6.24581
-6.34348
-6.44212
-6.54275
-6.64519
-6.84431
-6.95263
-7.06268
-7.17475
-7.28908
-7.40583
-7.63358
-7.75736
-7.88355
-8.01256
-8.14407
-8.27818
-8.53968
-8.68165
-8.82636
-8.9737
-9.12375
-9.27618
-9.57216
-9.73231
-9.89488
-10.06
-10.2277
-10.3981
-10.7272
-10.9046
-11.0844
-11.2667
-11.4515
-11.6387
-12.0001
-12.1946
-12.3918
-12.5913
-12.7936
-12.9987
-13.395
-13.6086
-13.825
-14.0442
-14.2668
-14.4924
-14.9293
-15.1651
-15.4048
-15.6487
-15.8968
-16.1487
-16.6374
-16.9027
-17.1728
-17.4479
-17.7287
-18.0154
-18.5735
-18.8768
-19.1868
-19.5037
-19.8266
-20.157
-20.8022
-21.1532
-21.5115
-21.8775
-22.251
-22.6319
-23.3735
-23.7758
-24.1852
-24.6017
-25.0258
-25.4574
-26.2943
-26.7465
-27.206
-27.6726
-28.1462
-28.6272
-29.5566
-30.0579
-30.5667
-31.0828
-31.6062
-32.1373
-33.1641
-33.7181
-34.2802
-34.851
-35.4317
-36.0213
-37.161
-37.7774
-38.4043
-39.0424
-39.6907
-40.3507
-41.6356
-42.3322
-43.0467
-43.7695
-44.5095
-45.2657
-46.7434
-47.5518
-48.3773
-49.2202
-50.0835
-50.9692
-52.7085
-53.6598
-54.6339
-55.635
-56.6601
-57.7111
-59.7755
-60.905
-62.0631
-63.2499
-64.4651
-65.7077
-68.1407
-69.4696
-70.8316
-72.2228
-73.6447
-75.0999
-77.9527
-79.506
-81.0974
-82.726
-84.3935
-86.0994
-89.4471
-91.28
-93.1574
-95.0857
-97.0628
-99.0921
-103.086
-105.294
-107.557
-109.892
-112.3
-114.776
-119.687
-122.404
-125.201
-128.102
-131.106
-134.182
-140.333
-143.735
-147.244
-150.865
-154.622
-158.49
-166.114
-170.308
-174.568
-178.899
-183.312
-187.749
-196.234
-200.736
-205.113
-209.361
-213.496
-217.408
-224.008
-226.893
-229.481
-231.395
-232.533
-233.002
-231.792
-229.941
-226.974
-222.775
-217.41
-211.561
-197.077
-187.658
-176.885
-165.025
-152.236
-138.227
-109.936
-93.8311
-76.8131
-59.3941
-41.6084
-23.7617
10.5369
28.4982
46.3705
63.9055
80.7471
96.9443
125.122
138.898
151.984
163.961
174.722
184.3
199.399
205.772
211.024
215.017
217.998
220.187
221.854
221.593
220.639
219.115
216.91
214.271
208.343
204.736
200.933
196.987
192.927
188.806
180.809
176.587
172.487
168.396
164.367
160.412
153.166
149.458
145.89
142.417
139.01
135.711
129.758
126.75
123.837
121.023
118.282
115.626
110.806
108.366
105.993
103.7
101.472
99.3007
95.3452
93.3437
91.3915
89.4835
87.6245
85.8181
82.5184
80.8406
79.2044
77.6069
76.0518
74.5361
71.7666
70.3579
68.9855
67.6482
66.3448
65.0753
62.7637
61.5902
60.4459
59.3324
58.249
57.1936
55.2691
54.2899
53.3339
52.4021
51.4904
50.6021
48.975
48.1441
47.3303
46.5343
45.7526
44.9864
43.5784
42.8548
42.1442
41.4465
40.7604
40.0861
38.8383
38.194
37.5614
36.9378
36.3233
35.7187
34.5981
34.0192
33.4484
32.8861
32.3325
31.7871
30.7764
30.2541
29.7397
29.2331
28.7348
28.2446
27.3378
26.8706
26.4117
25.9608
25.5184
25.0834
24.2831
23.8719
23.4693
23.0752
22.6892
22.311
21.6165
21.2612
20.9133
20.5725
20.2388
19.9114
19.3102
19.0014
18.699
18.4023
18.1113
17.8255
17.2976
17.0249
16.7574
16.4941
16.2352
15.9802
15.5074
15.2628
15.0219
14.7841
14.5494
14.318
13.8891
13.6669
13.4473
13.2308
13.0168
12.8058
12.4137
12.2106
12.0103
11.8126
11.6177
11.4252
11.0682
10.8838
10.702
10.5229
10.3466
10.1731
9.85228
9.6869
9.52433
9.36486
9.20797
9.05414
8.77102
8.6256
8.48287
8.34302
8.20598
8.07167
7.82443
7.69748
7.57271
7.4504
7.33019
7.21218
6.9946
6.88261
6.77235
6.66389
6.55709
6.45178
6.25671
6.15585
6.05637
5.95829
5.86148
5.76593
5.58821
5.49599
5.40494
5.31505
5.2262
5.13837
4.97488
4.88993
4.80592
4.72297
4.64103
4.56006
4.40948
4.33135
4.25417
4.17795
4.10277
4.02881
3.89187
3.82138
3.75227
3.68445
3.61814
3.55338
3.43572
3.37625
3.31893
3.16401
3.014
2.87564
2.63909
2.52523
2.41803
2.31723
2.22255
2.13292
1.97624
1.90054
1.82889
1.7606
1.69573
1.63437
1.52779
1.47482
1.42461
1.37707
1.33153
1.2881
1.21166
1.1741
1.1379
1.10303
1.06949
1.0373
0.979626
0.950501
0.922452
0.895509
0.870608
0.846443
0.801964
0.779165
0.756895
0.734913
0.713499
0.692784
0.655435
0.636541
0.618222
0.600478
0.583309
0.566715
