-2.93628
-3.5373
-4.26574
-5.11239
-6.09302
-7.26732
-8.73768
-10.5507
-12.6821
-15.1612
-18.13
-21.8646
-26.5529
-32.1615
-38.7832
-46.8522
-57.3141
-71.2372
-89.4281
-113.852
-149.125
-200.631
-247.909
-199.216
-6.67427
186.415
236.753
193.248
144.398
109.964
85.8053
68.0121
54.899
45.1164
37.3214
30.7993
25.319
20.8964
17.4141
14.5513
12.1008
9.99683
8.25715
6.86513
5.71166
4.71322
3.84234
2.86288
1.78041
1.20328
-2.93754
-3.53574
-3.53887
-4.26389
-4.26759
-5.11026
-5.11453
-6.09053
-6.09552
-7.26425
-7.27039
-8.73382
-8.74155
-10.546
-10.5553
-12.6767
-12.6874
-15.1549
-15.1676
-18.1223
-18.1378
-21.8547
-21.8745
-26.5408
-26.565
-32.1472
-32.1758
-38.7662
-38.8002
-46.8309
-46.8735
-57.2856
-57.3425
-71.1998
-71.2746
-89.3793
-89.4769
-113.784
-113.919
-149.024
-149.226
-200.497
-200.765
-247.864
-247.953
-199.526
-198.906
-7.21207
-6.13635
186.093
186.736
236.786
236.719
193.376
193.12
144.496
144.3
110.031
109.897
85.8536
85.7571
68.048
67.9762
54.9253
54.8727
45.1366
45.0961
37.338
37.3047
30.8134
30.7852
25.3306
25.3073
20.9056
20.8872
17.4215
17.4068
14.5575
14.5451
12.1062
12.0955
10.0014
9.9923
8.26079
8.2535
6.86808
6.86218
5.71417
5.70915
4.71541
4.71102
3.84423
3.84045
2.86643
2.85934
1.7822
1.77862
1.20429
-2.95115
-3.51893
-3.55577
-4.244
-4.28752
-5.08736
-5.13753
-6.06378
-6.12242
-7.2314
-7.30348
-8.69242
-8.78324
-10.4963
-10.6053
-12.6189
-12.7455
-15.0872
-15.2358
-18.0391
-18.2216
-21.7485
-21.9814
-26.4109
-26.6956
-31.9941
-32.3297
-38.5837
-38.9836
-46.6027
-47.1034
-56.9819
-57.6494
-70.7999
-71.6781
-88.857
-90.0048
-113.059
-114.651
-147.94
-150.322
-199.051
-202.207
-247.368
-248.379
-202.811
-195.593
-12.9859
-0.34605
182.643
189.951
237.116
236.322
194.756
191.749
145.552
143.259
110.753
109.19
86.3747
85.2407
68.4356
67.5927
55.2091
54.5916
45.3549
44.8791
37.5175
37.1262
30.9652
30.6342
25.4564
25.1824
21.0047
20.789
17.5006
17.3282
14.6242
14.4788
12.1638
12.0381
10.0502
9.94377
8.30024
8.21447
6.89985
6.83059
5.7412
5.68224
4.73906
4.68747
3.86457
3.8203
2.90514
2.82148
1.80161
1.75954
1.21521
-3.00485
-3.08898
-3.17581
-3.26583
-3.3586
-3.45431
-3.62231
-3.72581
-3.83208
-3.94121
-4.05295
-4.16735
-4.36586
-4.48714
-4.61102
-4.73769
-4.86696
-4.99897
-5.22783
-5.36767
-5.51069
-5.6572
-5.80721
-5.96069
-6.22844
-6.39347
-6.56328
-6.73832
-6.91888
-7.10526
-7.43424
-7.63874
-7.85072
-8.07039
-8.29815
-8.53345
-8.94761
-9.20407
-9.46815
-9.73967
-10.0184
-10.3045
-10.8019
-11.1068
-11.4184
-11.7372
-12.0629
-12.3959
-12.9737
-13.3272
-13.6885
-14.059
-14.4379
-14.8265
-15.5042
-15.9211
-16.3498
-16.7925
-17.2491
-17.7208
-18.5518
-19.0696
-19.6068
-20.1644
-20.7426
-21.3429
-22.4022
-23.0612
-23.7421
-24.4445
-25.1669
-25.9107
-27.2093
-28.0079
-28.8265
-29.665
-30.5239
-31.4038
-32.9345
-33.8741
-34.8377
-35.8257
-36.8399
-37.8819
-39.705
-40.8311
-41.9929
-43.1956
-44.4389
-45.7277
-48.0119
-49.4436
-50.9369
-52.4956
-54.1246
-55.8227
-58.8627
-60.7748
-62.7695
-64.849
-67.0166
-69.2723
-73.2722
-75.7793
-78.3847
-81.0982
-83.9208
-86.8585
-92.098
-95.3976
-98.8559
-102.48
-106.29
-110.305
-117.565
-122.212
-127.141
-132.376
-137.923
-143.844
-154.685
-161.646
-168.995
-176.785
-184.962
-193.408
-207.951
-216.658
-224.823
-232.561
-239.308
-244.831
-249.561
-249.057
-245.28
-238.48
-228.195
-214.051
-181.763
-157.69
-130.29
-100.551
-68.65
-35.1731
22.06
55.308
87.3711
117.097
144.215
168.555
201.281
215.478
226.145
233.376
237.207
237.927
234.184
229.153
223.048
215.904
208.22
200.161
186.485
178.524
170.849
163.44
156.416
149.74
139.303
133.567
128.149
123.039
118.206
113.635
106.474
102.513
98.7365
95.1444
91.7194
88.4479
83.2658
80.367
77.5937
74.9432
72.3995
69.9722
66.1288
63.9811
61.933
59.9826
58.115
56.3341
53.5172
51.9389
50.4213
48.9664
47.5664
46.2161
44.046
42.8117
41.6144
40.4517
39.3218
38.2236
36.4382
35.4128
34.4143
33.4395
32.4892
31.5622
30.0525
29.1867
28.3436
27.5234
26.7268
25.9522
24.7027
23.9936
23.3084
22.6467
22.0104
21.3963
20.4127
19.857
19.3205
18.8009
18.2989
17.8123
17.0256
16.5758
16.1376
15.7099
15.293
14.8863
14.2225
13.8397
13.4652
13.0988
12.7406
12.3901
11.8172
11.487
11.1642
10.8489
10.5418
10.2428
9.75699
9.47965
9.21109
8.95064
8.69883
8.45572
8.06452
7.8428
7.6286
7.42115
7.2201
7.02502
6.70901
6.52825
6.35198
6.17986
6.01165
5.8473
5.57842
5.42322
5.27094
5.12166
4.97538
4.83188
4.59651
4.46052
4.32718
4.1965
4.06892
3.94463
3.74281
3.62816
3.51807
3.41303
3.31348
3.06555
2.68071
2.48543
2.31031
2.15221
2.00899
1.8798
1.68785
1.58693
1.49423
1.40945
1.33145
1.25936
