-3.02211
-3.22192
-3.43775
-3.66949
-3.91616
-4.17714
-4.45191
-4.74053
-5.04329
-5.36123
-5.69613
-6.04983
-6.42521
-6.82647
-7.25863
-7.72726
-8.23619
-8.78773
-9.38165
-10.0153
-10.6872
-11.3959
-12.1418
-12.9258
-13.7511
-14.6225
-15.5448
-16.5267
-17.5813
-18.7198
-19.9587
-21.3099
-22.7789
-24.3656
-26.0639
-27.8706
-29.784
-31.8065
-33.9434
-36.2061
-38.6119
-41.1811
-43.9438
-46.9403
-50.2224
-53.8455
-57.8561
-62.2947
-67.1868
-72.5407
-78.4022
-84.8221
-91.8777
-99.6848
-108.409
-118.227
-129.441
-142.296
-157.157
-174.266
-193.44
-213.645
-232.592
-246.48
-250.397
-237.814
-205.75
-153.35
-84.8784
-6.63449
71.5563
140.159
192.918
225.043
238.168
235.648
223.011
205.329
186.427
168.402
152.184
137.839
125.322
114.305
104.609
95.9671
88.2211
81.237
74.9379
69.2452
64.1204
59.522
55.3969
51.6831
48.3079
45.2141
42.3454
39.6681
37.1564
34.7912
32.5581
30.4464
28.4557
26.587
24.8423
23.227
21.743
20.382
19.1318
17.9747
16.8969
15.8843
14.9287
14.0226
13.1616
12.3429
11.564
10.8251
10.1279
9.4743
8.8658
8.30357
7.78461
7.30521
6.8585
6.43992
6.04425
5.66878
5.31078
4.96872
4.64159
4.3286
4.03022
3.74844
3.487
3.18491
2.64914
2.2355
1.90826
1.64677
-3.02342
-3.22051
-3.22334
-3.43622
-3.43927
-3.66786
-3.67112
-3.91443
-3.91788
-4.17532
-4.17896
-4.44999
-4.45383
-4.73852
-4.74254
-5.04118
-5.04539
-5.35901
-5.36344
-5.6938
-5.69847
-6.04736
-6.05229
-6.42257
-6.42784
-6.82364
-6.8293
-7.25556
-7.2617
-7.72395
-7.73057
-8.23258
-8.2398
-8.78383
-8.79163
-9.37746
-9.38584
-10.0109
-10.0198
-10.6825
-10.6919
-11.391
-11.4008
-12.1366
-12.147
-12.9204
-12.9313
-13.7453
-13.7569
-14.6165
-14.6286
-15.5384
-15.5513
-16.5198
-16.5336
-17.5739
-17.5888
-18.7117
-18.7279
-19.95
-19.9675
-21.3003
-21.3195
-22.7685
-22.7893
-24.3544
-24.3768
-26.0519
-26.0758
-27.8579
-27.8832
-29.7706
-29.7974
-31.7923
-31.8206
-33.9285
-33.9584
-36.1902
-36.222
-38.5951
-38.6288
-41.1631
-41.1992
-43.9242
-43.9633
-46.9191
-46.9616
-50.1989
-50.2458
-53.8196
-53.8715
-57.8273
-57.8849
-62.263
-62.3264
-67.152
-67.2216
-72.5026
-72.5789
-78.3605
-78.4439
-84.7764
-84.8679
-91.8274
-91.9281
-99.6288
-99.7408
-108.346
-108.472
-118.156
-118.298
-129.36
-129.523
-142.203
-142.39
-157.049
-157.264
-174.142
-174.39
-193.305
-193.575
-213.508
-213.782
-232.472
-232.712
-246.415
-246.544
-250.423
-250.37
-237.961
-237.666
-206.048
-205.452
-153.771
-152.927
-85.3845
-84.3718
-7.16459
-6.10379
71.0417
72.0703
139.738
140.58
192.629
193.206
224.88
225.203
238.138
238.197
235.702
235.594
223.115
222.906
205.456
205.202
186.555
186.3
168.518
168.287
152.286
152.081
137.93
137.748
125.402
125.242
114.375
114.235
104.671
104.547
96.0226
95.9117
88.2711
88.1712
81.2821
81.1919
74.9787
74.8972
69.2819
69.2085
64.1533
64.0875
59.5516
59.4925
55.4235
55.3704
51.7072
51.6591
48.33
48.2859
45.2343
45.1939
42.3642
42.3267
39.6857
39.6505
37.173
37.1398
34.8068
34.7756
32.5729
32.5434
30.4603
30.4324
28.4688
28.4425
26.5993
26.5747
24.8537
24.8309
23.2375
23.2165
21.7527
21.7334
20.3909
20.3732
19.14
19.1237
17.9823
17.9671
16.904
16.8898
15.891
15.8776
14.935
14.9224
14.0286
14.0166
13.1673
13.1559
12.3483
12.3375
11.5692
11.5588
10.83
10.8202
10.1325
10.1233
9.47859
9.47
8.86978
8.86182
8.30724
8.29991
7.78799
7.78122
7.30835
7.30207
6.86145
6.85556
6.44268
6.43716
6.04687
6.04164
5.67128
5.66629
5.31315
5.3084
4.971
4.96644
4.64377
4.63941
4.33068
4.32652
4.0322
4.02825
3.7503
3.74658
3.48869
3.48532
3.1893
3.18051
2.65232
2.64597
2.238
2.233
1.91024
1.90628
1.64837
-3.03223
-3.21098
-3.2329
-3.42596
-3.44958
-3.6569
-3.68212
-3.90279
-3.92956
-4.16306
-4.19127
-4.43707
-4.46679
-4.72497
-4.75613
-5.02695
-5.05964
-5.34405
-5.37844
-5.67806
-5.71426
-6.03072
-6.06899
-6.40481
-6.44567
-6.80458
-6.84843
-7.2349
-7.28241
-7.70163
-7.75309
-8.20823
-8.26423
-8.75757
-8.81799
-9.34932
-9.41419
-9.98094
-10.0498
-10.6508
-10.7236
-11.3576
-11.4343
-12.1016
-12.1822
-12.8835
-12.9683
-13.7064
-13.7959
-14.5754
-14.6697
-15.4948
-15.595
-16.4731
-16.5805
-17.5238
-17.6391
-18.6572
-18.7827
-19.8908
-20.0272
-21.2357
-21.3844
-22.6985
-22.8596
-24.2791
-24.4525
-25.9715
-26.1565
-27.7728
-27.9687
-29.6804
-29.8878
-31.6971
-31.9162
-33.8277
-34.0595
-36.0833
-36.3292
-38.4814
-38.7429
-41.0417
-41.3212
-43.7927
-44.0954
-46.7758
-47.1056
-50.0412
-50.4045
-53.6449
-54.0469
-57.6339
-58.0798
-62.0498
-62.541
-66.9166
-67.4572
-72.2454
-72.8375
-78.0797
-78.7263
-84.4686
-85.1773
-91.4885
-92.2692
-99.2518
-100.12
-107.92
-108.9
-117.678
-118.78
-128.813
-130.074
-141.573
-143.022
-156.324
-157.992
-173.312
-175.227
-192.382
-194.479
-212.579
-214.687
-231.659
-233.516
-245.972
-246.966
-250.575
-250.156
-238.933
-236.648
-208.038
-203.419
-156.588
-150.046
-88.7858
-80.9375
-10.7464
-2.48596
67.5499
75.5216
136.875
143.404
190.658
195.23
223.831
226.254
237.921
238.372
236.043
235.207
223.846
222.156
206.31
204.337
187.419
185.439
169.3
167.508
152.982
151.385
138.547
137.136
125.943
124.705
114.851
113.762
105.093
104.128
96.3979
95.5385
88.6094
87.8351
81.5884
80.8883
75.2544
74.6229
69.5306
68.9614
64.3771
63.8656
59.7525
59.2935
55.6033
55.1919
51.8699
51.4974
48.479
48.1376
45.3709
45.0579
42.4913
42.2002
39.8048
39.5318
37.2853
37.0281
34.9126
34.6702
32.6728
32.4438
30.5547
30.3384
28.5576
28.3541
26.6825
26.4917
24.931
24.7539
23.3089
23.1455
21.818
21.6684
20.4509
20.3135
19.1953
19.0687
18.0337
17.9158
16.952
16.842
15.9362
15.8326
14.9778
14.8797
14.0693
13.9761
13.2059
13.1174
12.3851
12.3008
11.6041
11.524
10.8631
10.7873
10.1637
10.0922
9.50763
9.44108
8.89671
8.83502
8.33207
8.2752
7.81093
7.75842
7.32961
7.28091
6.88136
6.83574
6.46135
6.41855
6.06458
6.02398
5.68812
5.64945
5.32923
5.29236
4.98638
4.95111
4.65849
4.62473
4.34474
4.31249
4.04558
4.01494
3.76289
3.73405
3.50013
3.47396
3.21911
3.15117
2.67389
2.62471
2.25497
2.21632
1.92368
1.89304
1.65923
-3.05326
-3.07971
-3.10648
-3.13349
-3.16084
-3.18857
-3.25564
-3.28428
-3.31332
-3.34248
-3.37193
-3.40183
-3.47403
-3.50488
-3.53601
-3.5674
-3.59908
-3.6311
-3.70828
-3.74124
-3.77438
-3.80771
-3.84136
-3.87539
-3.95728
-3.99208
-4.02727
-4.06262
-4.09823
-4.13417
-4.22048
-4.25717
-4.2942
-4.33141
-4.36895
-4.40666
-4.49748
-4.53605
-4.57496
-4.61404
-4.65346
-4.69304
-4.78836
-4.8288
-4.86961
-4.91059
-4.95183
-4.99345
-5.09347
-5.13593
-5.17876
-5.22176
-5.26507
-5.30884
-5.41404
-5.45871
-5.50381
-5.54912
-5.59477
-5.6409
-5.75175
-5.79901
-5.84654
-5.89448
-5.94273
-5.99148
-6.10863
-6.15863
-6.20897
-6.2598
-6.31126
-6.36306
-6.48798
-6.54122
-6.59518
-6.64952
-6.70436
-6.75997
-6.89387
-6.95103
-7.00897
-7.06744
-7.12673
-7.18648
-7.33165
-7.39369
-7.45657
-7.51997
-7.58395
-7.64911
-7.80651
-7.87389
-7.94208
-8.01086
-8.08051
-8.15115
-8.32225
-8.39538
-8.46951
-8.54412
-8.61947
-8.69584
-8.88064
-8.95942
-9.03922
-9.11978
-9.20107
-9.28316
-9.4813
-9.56569
-9.65095
-9.73655
-9.82306
-9.91053
-10.1212
-10.2107
-10.3011
-10.3921
-10.4838
-10.5763
-10.799
-10.8937
-10.9891
-11.085
-11.1816
-11.2792
-11.5136
-11.6132
-11.7138
-11.8148
-11.9164
-12.019
-12.2656
-12.3702
-12.4759
-12.582
-12.6888
-12.7967
-13.056
-13.1661
-13.2772
-13.3888
-13.5013
-13.615
-13.8884
-14.0047
-14.1217
-14.2396
-14.3585
-14.4785
-14.7674
-14.8901
-15.0143
-15.1393
-15.2652
-15.3923
-15.6988
-15.8292
-15.9612
-16.0942
-16.2281
-16.3637
-16.6916
-16.8313
-16.9728
-17.1156
-17.2606
-17.4061
-17.7584
-17.9085
-18.0612
-18.2154
-18.3712
-18.5293
-18.9128
-19.0767
-19.2428
-19.4101
-19.5797
-19.7518
-20.1687
-20.3474
-20.5287
-20.7115
-20.8965
-21.0841
-21.5389
-21.7336
-21.9308
-22.1289
-22.3299
-22.5339
-23.0266
-23.2371
-23.4507
-23.6656
-23.8826
-24.1022
-24.6321
-24.8582
-25.0864
-25.3158
-25.548
-25.7826
-26.3479
-26.5886
-26.832
-27.0767
-27.3235
-27.5725
-28.1718
-28.427
-28.6842
-28.9435
-29.2047
-29.4679
-30.1026
-30.3726
-30.6446
-30.9186
-31.1946
-31.4727
-32.1432
-32.4282
-32.7154
-33.0049
-33.2965
-33.5904
-34.2995
-34.601
-34.9047
-35.2109
-35.5199
-35.8317
-36.584
-36.9043
-37.2273
-37.5531
-37.8817
-38.2141
-39.0144
-39.3561
-39.7014
-40.0499
-40.4013
-40.7558
-41.6117
-41.9778
-42.3483
-42.7235
-43.1021
-43.4838
-44.409
-44.8061
-45.2076
-45.6137
-46.0255
-46.4396
-47.448
-47.8799
-48.3182
-48.7631
-49.2136
-49.6703
-50.7826
-51.2601
-51.7438
-52.2339
-52.731
-53.2368
-54.4649
-54.9927
-55.5281
-56.0711
-56.6219
-57.1803
-58.5427
-59.1295
-59.7223
-60.3226
-60.9304
-61.5483
-63.0523
-63.6979
-64.3516
-65.0147
-65.6849
-66.3642
-68.0182
-68.7257
-69.4406
-70.1645
-70.8988
-71.6425
-73.4528
-74.2277
-75.0116
-75.8051
-76.6077
-77.4205
-79.4004
-80.2492
-81.1046
-81.9735
-82.8538
-83.7457
-85.9149
-86.8463
-87.7899
-88.746
-89.7135
-90.6938
-93.0817
-94.1077
-95.1485
-96.2046
-97.2752
-98.3673
-101.024
-102.165
-103.321
-104.5
-105.701
-106.924
-109.92
-111.2
-112.503
-113.826
-115.173
-116.555
-119.933
-121.397
-122.889
-124.409
-125.956
-127.531
-131.391
-133.067
-134.773
-136.516
-138.287
-140.095
-144.544
-146.483
-148.459
-150.481
-152.536
-154.625
-159.742
-161.979
-164.268
-166.597
-168.98
-171.372
-177.224
-179.749
-182.32
-184.947
-187.575
-190.23
-196.648
-199.352
-202.077
-204.808
-207.589
-210.363
-216.84
-219.5
-222.105
-224.669
-227.236
-229.713
-235.391
-237.494
-239.554
-241.464
-243.254
-244.889
-247.876
-248.847
-249.739
-250.411
-250.761
-250.787
-249.531
-248.484
-247.11
-245.381
-243.32
-241.051
-234.098
-230.572
-226.59
-222.217
-217.456
-212.306
-198.579
-192.21
-185.473
-178.365
-170.889
-163.052
-143.173
-134.319
-125.238
-115.93
-106.383
-96.6606
-72.717
-62.2583
-51.5782
-40.8202
-30.1175
-19.4376
6.08279
17.0103
27.7415
38.3819
48.96
59.2334
83.5568
93.3398
102.858
112.064
121.151
129.986
149.959
157.771
165.355
172.538
179.375
185.854
199.643
204.764
209.494
213.682
217.616
221.207
228.657
231.052
233.004
234.788
236.178
237.286
238.657
238.756
238.669
238.324
237.705
236.885
234.164
232.709
231.092
229.32
227.493
225.525
220.353
218.062
215.738
213.304
210.819
208.317
202.287
199.713
197.086
194.498
191.905
189.426
183.414
180.925
178.459
175.995
173.571
171.185
165.658
163.371
161.123
158.92
156.765
154.65
149.75
147.742
145.758
143.807
141.901
140.024
135.703
133.933
132.215
130.537
128.874
127.236
123.452
121.912
120.396
118.904
117.434
115.986
112.655
111.296
109.961
108.657
107.367
106.095
103.147
101.942
100.75
99.5731
98.4197
97.2923
94.663
93.5839
92.5155
91.4667
90.4343
89.4158
87.0473
86.0747
85.1159
84.1693
83.2365
82.3171
80.1762
79.299
78.4342
77.5832
76.7416
75.9113
73.9794
73.1883
72.4065
71.6347
70.8737
70.1236
68.3817
67.6674
66.9617
66.2683
65.5842
64.9099
63.3444
62.7025
62.0696
61.447
60.8332
60.2291
58.8271
58.2514
57.6819
57.1237
56.5747
56.0328
54.7721
54.2557
53.7469
53.2437
52.7478
52.2571
51.1181
50.649
50.1857
49.7297
49.279
48.8331
47.7904
47.362
46.9386
46.5187
46.1052
45.696
44.7378
44.3418
43.9484
43.5591
43.1745
42.7936
41.9014
41.5316
41.1657
40.8032
40.4438
40.0877
39.2527
38.907
38.564
38.2238
37.8866
37.5521
36.7651
36.4395
36.1167
35.7965
35.4787
35.1635
34.4222
34.1149
33.8098
33.5073
33.2075
32.91
32.2094
31.9189
31.6302
31.3442
31.0605
30.779
30.1171
29.8431
29.5712
29.3013
29.0338
28.7686
28.1459
27.8881
27.6326
27.3801
27.1291
26.8803
26.2967
26.0553
25.8167
25.5805
25.3455
25.1144
24.5733
24.3493
24.1278
23.9093
23.6925
23.4785
22.979
22.7729
22.5696
22.3688
22.1697
21.9736
21.5158
21.3265
21.1394
20.9555
20.7733
20.5936
20.1734
20.0003
19.8293
19.6601
19.4924
19.3265
18.9395
18.7792
18.6208
18.4645
18.3093
18.1559
17.7958
17.647
17.4999
17.3541
17.2093
17.066
16.7297
16.5905
16.4521
16.315
16.1786
16.0437
15.7266
15.5949
15.4646
15.3352
15.2066
15.0792
14.7793
14.6547
14.5313
14.4088
14.2869
14.1659
13.8807
13.7622
13.6449
13.5284
13.4127
13.2975
13.0267
12.9141
12.8025
12.6917
12.5815
12.4722
12.2146
12.1075
12.0013
11.8958
11.7908
11.6869
11.4421
11.3403
11.2395
11.1395
11.04
10.9415
10.7098
10.6137
10.5187
10.4244
10.3305
10.2377
10.0194
9.92905
9.83969
9.75111
9.6633
9.57659
9.37312
9.28876
9.20548
9.12317
9.04146
8.96082
8.77208
8.69414
8.61717
8.54106
8.46557
8.39113
8.21719
8.14504
8.0739
8.0038
7.93425
7.86549
7.70485
7.63857
7.57312
7.50825
7.44382
7.38016
7.23117
7.16932
7.10834
7.04798
6.98798
6.92865
6.78927
6.73169
6.67442
6.61772
6.56134
6.50567
6.37474
6.32029
6.26635
6.21279
6.15947
6.10666
5.98244
5.93079
5.87962
5.82881
5.77835
5.72807
5.6099
5.56072
5.51197
5.46352
5.41537
5.36738
5.25457
5.20758
5.16099
5.11469
5.06853
5.02281
4.91501
4.87009
4.82557
4.7813
4.73718
4.69341
4.59016
4.54712
4.5045
4.46214
4.41993
4.37809
4.27948
4.23855
4.19778
4.15735
4.11711
4.07729
3.98365
3.9449
3.90638
3.86827
3.83034
3.79277
3.70457
3.66817
3.63239
3.59701
3.56189
3.52739
3.44736
3.41457
3.38246
3.3512
3.32054
3.28953
3.08605
3.00781
2.9334
2.86224
2.79291
2.72578
2.5754
2.5156
2.458
2.40212
2.34787
2.29566
2.17759
2.13036
2.08464
2.0405
1.99756
1.95603
1.86233
1.82511
1.78873
1.75339
1.71884
1.68536
