-2.41139
-2.75192
-3.14932
-3.61775
-4.15535
-4.75663
-5.42366
-6.1696
-7.02198
-8.0267
-9.22014
-10.5982
-12.147
-13.8727
-15.8121
-18.0416
-20.6889
-23.8569
-27.5438
-31.7218
-36.4287
-41.8003
-48.1075
-55.8122
-65.3686
-77.0399
-91.2262
-108.852
-131.665
-162.365
-202.551
-241.787
-242.911
-161.575
-6.63449
148.451
230.663
231.391
194.946
157.127
127.504
105.047
87.5749
73.6087
62.4035
53.5071
46.3201
40.2713
35.0108
30.3628
26.2687
22.7488
19.8084
17.3355
15.1899
13.2819
11.5692
10.0408
8.71223
7.58805
6.63035
5.78936
5.03266
4.34526
3.72617
3.05306
2.11101
1.53709
1.16447
0.903155
-2.4124
-2.75075
-2.75308
-3.14794
-3.1507
-3.61614
-3.61936
-4.15354
-4.15716
-4.75461
-4.75865
-5.42142
-5.4259
-6.16707
-6.17212
-7.01905
-7.02491
-8.02321
-8.03019
-9.21603
-9.22424
-10.5936
-10.6029
-12.1418
-12.1522
-13.8669
-13.8785
-15.8056
-15.8187
-18.0339
-18.0493
-20.6797
-20.6981
-23.846
-23.8679
-27.5312
-27.5563
-31.7077
-31.7359
-36.4128
-36.4447
-41.782
-41.8187
-48.0854
-48.1295
-55.7849
-55.8395
-65.3349
-65.4022
-76.9991
-77.0808
-91.1763
-91.2761
-108.789
-108.916
-131.582
-131.748
-162.25
-162.479
-202.414
-202.688
-241.696
-241.877
-243.024
-242.796
-161.975
-161.174
-7.16459
-6.10379
148.043
148.859
230.553
230.771
231.474
231.307
195.075
194.817
157.235
157.02
127.586
127.423
105.109
104.985
87.6244
87.5255
73.6484
73.569
62.4353
62.3717
53.5324
53.4818
46.3408
46.2993
40.2892
40.2534
35.0265
34.9951
30.3767
30.3488
26.2809
26.2566
22.7591
22.7386
19.8169
19.7998
17.3428
17.3282
15.1964
15.1835
13.2877
13.2762
11.5743
11.564
10.0453
10.0362
8.71613
8.70833
7.59134
7.58477
6.6332
6.62751
5.79189
5.78683
5.03496
5.03037
4.34735
4.34318
3.72802
3.72432
3.057
3.04913
2.11331
2.10871
1.53855
1.53563
1.16545
1.1635
0.903859
-2.42178
-2.74
-2.76385
-3.13527
-3.16347
-3.60132
-3.63425
-4.13679
-4.17396
-4.736
-4.77733
-5.40074
-5.44667
-6.1438
-6.19552
-6.99205
-7.0521
-7.99108
-8.06258
-9.17816
-9.26231
-10.5505
-10.6461
-12.0938
-12.2004
-13.8132
-13.9323
-15.7449
-15.8797
-17.963
-18.1207
-20.5946
-20.7837
-23.745
-23.9693
-27.4156
-27.6722
-31.5775
-31.8666
-36.2656
-36.5926
-41.6124
-41.9894
-47.8826
-48.334
-55.5338
-56.0929
-65.0245
-65.7145
-76.6229
-77.4599
-90.7168
-91.7394
-108.204
-109.506
-130.815
-132.526
-161.198
-163.541
-201.147
-203.953
-240.839
-242.713
-244.04
-241.771
-165.622
-157.413
-12.1149
-1.14503
144.235
152.557
229.504
231.737
232.229
230.511
196.269
193.617
158.234
156.031
128.346
126.672
105.687
104.407
88.0839
87.0699
74.0179
73.2031
62.7306
62.0788
53.7669
53.2489
46.5335
46.1078
40.4551
40.0884
35.172
34.8499
30.5058
30.2204
26.3937
26.1446
22.8543
22.644
19.8962
19.7211
17.4104
17.261
15.2558
15.1243
13.341
13.2231
11.6222
11.5163
10.0876
9.99417
8.75227
8.67239
7.62174
7.55447
6.65956
6.60129
5.81534
5.76345
5.0562
5.0092
4.36668
4.32392
3.74519
3.70724
3.09388
3.01318
2.1348
2.08758
1.55214
1.52227
1.17451
1.15454
0.910411
-2.45406
-2.50192
-2.55087
-2.60073
-2.65163
-2.70366
-2.80102
-2.85659
-2.91344
-2.97172
-3.03138
-3.09255
-3.20753
-3.27316
-3.34027
-3.40899
-3.47927
-3.5512
-3.68547
-3.76161
-3.83898
-3.91797
-3.99823
-4.08004
-4.2317
-4.31726
-4.40409
-4.49237
-4.58192
-4.67292
-4.84146
-4.93636
-5.03264
-5.13047
-5.22967
-5.33067
-5.518
-5.62373
-5.73115
-5.84055
-5.95187
-6.06515
-6.27618
-6.39602
-6.51798
-6.64294
-6.77056
-6.90102
-7.14587
-7.28594
-7.42938
-7.57652
-7.72759
-7.88273
-8.17433
-8.34105
-8.51217
-8.68717
-8.86645
-9.0499
-9.3934
-9.58808
-9.78643
-9.98892
-10.1949
-10.4048
-10.7947
-11.0145
-11.2383
-11.4655
-11.6963
-11.9311
-12.366
-12.6109
-12.8601
-13.1132
-13.3699
-13.6316
-14.1172
-14.3915
-14.6709
-14.955
-15.2449
-15.5396
-16.0898
-16.4016
-16.7213
-17.0478
-17.3826
-17.7247
-18.3669
-18.7348
-19.1127
-19.5002
-19.8982
-20.3077
-21.0794
-21.5209
-21.9745
-22.439
-22.9154
-23.404
-24.3187
-24.8388
-25.3681
-25.9098
-26.4613
-27.0243
-28.0709
-28.6626
-29.2651
-29.8783
-30.5021
-31.1368
-32.3158
-32.9818
-33.6597
-34.3497
-35.0517
-35.7676
-37.1013
-37.8569
-38.6281
-39.4151
-40.2201
-41.041
-42.5782
-43.4565
-44.3548
-45.2786
-46.2279
-47.201
-49.0413
-50.1025
-51.1958
-52.3226
-53.4877
-54.6893
-56.9692
-58.2857
-59.6451
-61.043
-62.4893
-63.9786
-66.7961
-68.4138
-70.073
-71.7835
-73.5463
-75.3558
-78.7699
-80.7305
-82.7464
-84.824
-86.964
-89.1699
-93.342
-95.7476
-98.2384
-100.815
-103.472
-106.24
-111.536
-114.595
-117.799
-121.131
-124.615
-128.245
-135.23
-139.328
-143.609
-148.109
-152.822
-157.718
-167.229
-172.778
-178.519
-184.494
-190.611
-196.849
-208.344
-214.704
-220.861
-226.812
-232.487
-237.655
-245.275
-248.094
-250.131
-250.805
-249.728
-246.979
-237.549
-229.755
-219.755
-207.806
-193.681
-177.723
-144.013
-123.232
-101.204
-78.2275
-53.9656
-29.135
16.0116
40.7344
64.7907
88.1751
110.053
130.822
164.704
180.87
194.992
207.054
216.804
224.753
234.649
237.49
238.692
238.566
237.073
234.535
227.643
222.919
217.677
212.11
206.326
200.429
189.61
183.773
178.033
172.408
167.004
161.721
152.72
148.017
143.468
139.119
134.949
130.976
124.15
120.598
117.171
113.882
110.723
107.701
102.474
99.7248
97.0858
94.536
92.0605
89.6742
85.5359
83.3529
81.2388
79.1935
77.2159
75.297
71.9693
70.214
68.5173
66.8742
65.2867
63.752
61.0966
59.7043
58.3572
57.0521
55.7944
54.5765
52.4658
51.3513
50.2682
49.219
48.1952
47.2001
45.4615
44.5352
43.6272
42.7414
41.875
41.0257
39.5311
38.7301
37.9442
37.1724
36.4151
35.6725
34.3591
33.6525
32.9597
32.2778
31.6074
30.9495
29.7861
29.1611
28.5482
27.9473
27.3591
26.782
25.7661
25.2232
24.6949
24.1776
23.6741
23.1828
22.3252
21.8702
21.428
20.9959
20.577
20.169
19.4556
19.0756
18.7049
18.343
17.9887
17.6429
17.0337
16.7072
16.3872
16.0724
15.7634
15.4603
14.9237
14.6348
14.3506
14.0705
13.7948
13.524
13.0432
12.7838
12.5291
12.2776
12.03
11.7867
11.3548
11.1222
10.894
10.6695
10.4495
10.2335
9.852
9.64799
9.44879
9.25347
9.06289
8.87695
8.55116
8.37778
8.20905
8.04387
7.88322
7.72662
7.45219
7.30553
7.16222
7.02205
6.88476
6.75016
6.51264
6.38516
6.25987
6.13647
6.01524
5.89591
5.68425
5.56994
5.45745
5.34642
5.2371
5.12921
4.9374
4.83372
4.73156
4.6306
4.53114
4.43302
4.25869
4.16454
4.07201
3.98101
3.89188
3.80426
3.64987
3.56801
3.48878
3.41229
3.33934
3.22821
2.8965
2.73702
2.58995
2.45373
2.32744
2.21031
2.01806
1.92238
1.83372
1.75058
1.6725
1.59961
1.47794
1.41701
1.35961
1.30527
1.25406
1.20601
1.1246
1.08257
1.04261
1.00454
0.968106
0.933279
