-2.94729
-3.54944
-4.27759
-5.1261
-6.11229
-7.29524
-8.77007
-10.5825
-12.7178
-15.2095
-18.2017
-21.9517
-26.6373
-32.2516
-38.8969
-47.0103
-57.4845
-71.3102
-89.2786
-113.183
-146.961
-193.89
-232.481
-182.508
-6.57086
169.605
221.546
186.591
142.141
109.238
85.6519
68.1079
55.058
45.2402
37.4193
30.8889
25.4132
20.9823
17.4743
14.5929
12.1355
10.0317
8.28969
6.88854
5.72803
4.72627
3.85508
2.8792
1.79205
1.20808
-2.94856
-3.54787
-3.551
-4.27574
-4.27944
-5.12396
-5.12825
-6.10978
-6.11481
-7.29216
-7.29833
-8.76621
-8.77394
-10.5779
-10.5872
-12.7124
-12.7232
-15.2032
-15.2159
-18.1939
-18.2095
-21.9418
-21.9616
-26.6252
-26.6495
-32.2373
-32.266
-38.8798
-38.914
-46.9889
-47.0317
-57.4563
-57.5128
-71.2732
-71.3472
-89.2305
-89.3267
-113.117
-113.248
-146.867
-147.056
-193.77
-194.009
-232.459
-232.502
-182.797
-182.218
-7.0586
-6.08298
169.319
169.889
221.565
221.526
186.704
186.478
142.233
142.05
109.302
109.173
85.6993
85.6045
68.1434
68.0723
55.0843
55.0317
45.2605
45.2198
37.436
37.4026
30.903
30.8748
25.4249
25.4016
20.9915
20.9731
17.4817
17.4669
14.5992
14.5867
12.1409
12.1302
10.0363
10.0272
8.29335
8.28602
6.8915
6.88557
5.73055
5.72551
4.72846
4.72407
3.85696
3.8532
2.88277
2.87564
1.79387
1.79023
1.2091
-2.96223
-3.53108
-3.56789
-4.25588
-4.29942
-5.10098
-5.15133
-6.0828
-6.14193
-7.25912
-7.3316
-8.72475
-8.81565
-10.5281
-10.6371
-12.6544
-12.7814
-15.135
-15.2844
-18.1102
-18.2938
-21.8357
-22.0683
-26.4954
-26.78
-32.0839
-32.4203
-38.6966
-39.0982
-46.7593
-47.2636
-57.1543
-57.8178
-70.8774
-71.7463
-88.7155
-89.8463
-112.414
-113.959
-145.854
-148.073
-192.489
-195.3
-232.192
-232.744
-185.819
-179.061
-12.2937
-0.8662
166.183
172.885
221.738
221.299
187.923
185.266
143.222
141.067
109.999
108.479
86.2114
85.0968
68.527
67.6922
55.3685
54.7502
45.4802
45.0016
37.6158
37.2235
31.0548
30.7239
25.5506
25.2767
21.091
20.8744
17.5615
17.3876
14.6663
14.5199
12.1985
12.0728
10.0851
9.97867
8.33287
8.24679
6.92346
6.85377
5.7577
5.69848
4.75213
4.70048
3.87721
3.83306
2.92141
2.83773
1.81358
1.77085
1.22015
-3.0162
-3.10055
-3.18769
-3.27776
-3.37069
-3.4665
-3.63436
-3.73772
-3.84397
-3.95307
-4.06478
-4.17919
-4.37785
-4.49932
-4.62349
-4.75042
-4.88
-5.01235
-5.24207
-5.38272
-5.52636
-5.67358
-5.82438
-5.97883
-6.24864
-6.41495
-6.58596
-6.7624
-6.94464
-7.13235
-7.46302
-7.66883
-7.88151
-8.10204
-8.32989
-8.56561
-8.98004
-9.23624
-9.50006
-9.77156
-10.05
-10.336
-10.8338
-11.1388
-11.451
-11.7705
-12.097
-12.4309
-13.0103
-13.3654
-13.7289
-14.1009
-14.4818
-14.8726
-15.5545
-15.9752
-16.4074
-16.8536
-17.3134
-17.7886
-18.6264
-19.147
-19.6871
-20.2472
-20.8277
-21.4287
-22.4898
-23.1487
-23.8289
-24.5301
-25.2523
-25.9955
-27.2938
-28.0922
-28.9114
-29.7507
-30.6111
-31.4927
-33.0264
-33.9681
-34.9343
-35.9277
-36.9457
-37.992
-39.8232
-40.9559
-42.1251
-43.3353
-44.5844
-45.8807
-48.1794
-49.6147
-51.1111
-52.6731
-54.2994
-55.9988
-59.0255
-60.9279
-62.9125
-64.9783
-67.1256
-69.3587
-73.323
-75.8021
-78.3807
-81.0581
-83.8444
-86.7434
-91.9047
-95.1509
-98.5419
-102.085
-105.816
-109.728
-116.784
-121.292
-126.033
-131.073
-136.367
-141.991
-152.161
-158.671
-165.495
-172.638
-179.986
-187.501
-200.332
-207.713
-214.727
-221.058
-226.38
-230.543
-232.96
-231.56
-227.436
-219.724
-209.86
-196.521
-165.984
-143.574
-118.842
-91.797
-62.5568
-32.3824
19.1679
49.5695
78.7275
105.928
130.269
152.944
183.72
197.573
208.238
215.468
219.883
221.762
219.953
216.418
211.626
205.868
199.393
192.554
180.575
173.496
166.57
159.831
153.339
147.117
137.318
131.877
126.718
121.831
117.192
112.784
105.832
101.987
98.3119
94.8012
91.4558
88.2429
83.1528
80.3016
77.5685
74.9533
72.4454
70.0466
66.239
64.1087
62.0741
60.1285
58.2703
56.494
53.6722
52.0898
50.569
49.1078
47.7019
46.3474
44.165
42.9266
41.7257
40.5597
39.427
38.3233
36.534
35.5073
34.5062
33.5303
32.5788
31.6515
30.1426
29.2767
28.4343
27.6146
26.8182
26.0455
24.7969
24.0874
23.4014
22.7391
22.1
21.4839
20.4953
19.9352
19.3944
18.8709
18.3651
17.8754
17.0822
16.6287
16.188
15.7582
15.3391
14.9302
14.2624
13.8787
13.5033
13.1357
12.7764
12.4251
11.8514
11.5212
11.1983
10.8833
10.5764
10.2774
9.79198
9.51466
9.24578
8.98499
8.73293
8.4889
8.09619
7.87331
7.65767
7.44846
7.24576
7.04938
6.73136
6.54932
6.37171
6.19846
6.02944
5.86431
5.59415
5.43819
5.28555
5.13581
4.98913
4.84524
4.60938
4.47318
4.33985
4.20913
4.08147
3.95707
3.75574
3.64141
3.53148
3.42672
3.32759
3.08097
2.69745
2.50258
2.32666
2.16795
2.02349
1.89293
1.69809
1.59593
1.50291
1.41674
1.33778
1.26481
