-2.44201
-2.80865
-3.24304
-3.75812
-4.3487
-5.00958
-5.74771
-6.58524
-7.56776
-8.75009
-10.1462
-11.736
-13.5175
-15.526
-17.8453
-20.6244
-23.991
-27.9388
-32.4378
-37.5446
-43.4531
-50.5582
-59.4658
-70.6529
-84.4689
-101.742
-124.298
-155.473
-199.083
-248.866
-264.085
-182.881
-6.68984
169.488
251.938
239.039
192.333
150.727
120.352
98.0407
80.9014
67.4218
56.8906
48.6346
41.886
36.1175
31.0706
26.6497
22.87
19.7475
17.1521
14.914
12.9318
11.1614
9.59938
8.2671
7.15494
6.20531
5.36562
4.60911
3.9281
3.34294
2.27467
1.61132
1.19622
-2.44303
-2.80746
-2.80985
-3.24161
-3.24446
-3.75646
-3.75979
-4.34681
-4.35058
-5.00749
-5.01168
-5.74536
-5.75006
-6.58254
-6.58795
-7.56452
-7.57101
-8.74621
-8.75397
-10.1417
-10.1507
-11.731
-11.7411
-13.5118
-13.5232
-15.5195
-15.5324
-17.8377
-17.8528
-20.6151
-20.6336
-23.98
-24.0021
-27.9261
-27.9515
-32.4234
-32.4522
-37.5282
-37.5611
-43.4338
-43.4724
-50.5344
-50.582
-59.4357
-59.4959
-70.6155
-70.6902
-84.4228
-84.5149
-101.683
-101.801
-124.219
-124.376
-155.361
-155.585
-198.934
-199.232
-248.736
-248.995
-264.159
-264.01
-183.29
-182.472
-7.28271
-6.09686
169.068
169.906
251.857
252.018
239.159
238.917
192.474
192.191
150.834
150.621
120.429
120.274
98.099
97.9825
80.9469
80.8559
67.4576
67.3861
56.9186
56.8627
48.6569
48.6124
41.9047
41.8673
36.1337
36.1014
31.0848
31.0563
26.662
26.6373
22.8804
22.8597
19.7561
19.739
17.1593
17.1449
14.9203
14.9077
12.9374
12.9262
11.1665
11.1564
9.60374
9.59502
8.27076
8.26345
7.15801
7.15188
6.20798
6.20264
5.36802
5.36323
4.61128
4.60695
3.93002
3.92617
3.34451
3.34138
2.27724
2.2721
1.61287
1.60978
1.19721
-2.45277
-2.79616
-2.82122
-3.22809
-3.25805
-3.74067
-3.77565
-4.32896
-4.36851
-4.9876
-5.03164
-5.72306
-5.77246
-6.5569
-6.61371
-7.53394
-7.60192
-8.70944
-8.79092
-10.099
-10.1935
-11.6829
-11.7893
-13.4581
-13.5772
-15.4583
-15.5939
-17.766
-17.925
-20.5279
-20.7213
-23.8755
-24.1072
-27.8058
-28.0725
-32.2869
-32.589
-37.3723
-37.7178
-43.2509
-43.6565
-50.3095
-50.8088
-59.1511
-59.7827
-70.2621
-71.0463
-83.9866
-84.9543
-101.128
-102.361
-123.479
-125.124
-154.311
-156.655
-197.522
-200.663
-247.486
-250.209
-264.826
-263.257
-187.129
-178.537
-12.9089
-0.4575
165.041
173.839
251.036
252.726
240.282
237.741
193.812
190.853
151.86
149.613
121.169
119.543
98.6548
97.4299
81.3807
80.4254
67.7993
67.0481
57.1843
56.5986
48.8689
48.401
42.0826
41.6904
36.2877
35.9479
31.2204
30.9214
26.7796
26.5204
22.9792
22.7615
19.8371
19.6585
17.2278
17.0767
14.9804
14.8479
12.991
12.8728
11.2143
11.1088
9.64532
9.55367
8.30559
8.22883
7.18726
7.12283
6.23341
6.17732
5.39079
5.34053
4.63187
4.58643
3.94834
3.90794
3.35948
3.3266
2.30187
2.24792
1.62768
1.59524
1.20671
-2.48718
-2.53883
-2.59155
-2.64545
-2.70059
-2.75706
-2.86145
-2.922
-2.98426
-3.04827
-3.11392
-3.18133
-3.30615
-3.37853
-3.45274
-3.52874
-3.60644
-3.68588
-3.8317
-3.91565
-4.00116
-4.08825
-4.17684
-4.26692
-4.43165
-4.52597
-4.62178
-4.71903
-4.81804
-4.9185
-5.10196
-5.20706
-5.31387
-5.42245
-5.53302
-5.64557
-5.85148
-5.96981
-6.09044
-6.21363
-6.33944
-6.46807
-6.7049
-6.84226
-6.98293
-7.12721
-7.27549
-7.42802
-7.71104
-7.87567
-8.04504
-8.21935
-8.39828
-8.5821
-8.9218
-9.11879
-9.32037
-9.52627
-9.73652
-9.95109
-10.3447
-10.5709
-10.801
-11.0353
-11.2737
-11.5162
-11.9589
-12.2127
-12.471
-12.7332
-13
-13.2714
-13.7675
-14.0527
-14.3427
-14.6385
-14.9394
-15.2462
-15.8108
-16.1359
-16.469
-16.81
-17.1591
-17.5177
-18.1809
-18.5669
-18.9639
-19.3725
-19.7932
-20.2266
-21.0326
-21.5023
-21.9851
-22.4813
-22.9908
-23.5134
-24.4788
-25.0359
-25.606
-26.1881
-26.7822
-27.3882
-28.4992
-29.1383
-29.7889
-30.4515
-31.1257
-31.8125
-33.0718
-33.7954
-34.5324
-35.2839
-36.05
-36.8319
-38.2712
-39.1005
-39.9485
-40.8159
-41.7065
-42.6185
-44.3085
-45.2909
-46.3037
-47.3481
-48.4228
-49.5338
-51.6153
-52.8375
-54.1011
-55.4092
-56.7665
-58.1705
-60.8009
-62.3431
-63.9366
-65.5848
-67.2874
-69.041
-72.3097
-74.2208
-76.192
-78.2219
-80.316
-82.4794
-86.5151
-88.8802
-91.3261
-93.8627
-96.4894
-99.2195
-104.352
-107.384
-110.546
-113.858
-117.316
-120.937
-127.8
-131.933
-136.271
-140.841
-145.668
-150.733
-160.452
-166.297
-172.413
-178.851
-185.602
-192.6
-205.755
-213.252
-220.873
-228.558
-235.922
-242.912
-254.224
-259.303
-263.446
-266.261
-267.443
-266.596
-260.048
-253.213
-243.651
-231.435
-216.927
-199.941
-163.782
-140.191
-115.058
-88.4491
-60.8086
-32.4928
19.0485
47.5071
74.9181
101.543
127.032
150.375
186.887
204.015
218.615
230.823
240.305
247.533
254.619
255.662
254.784
252.534
248.655
243.871
233.388
226.782
219.894
212.776
205.577
198.509
186.255
179.591
173.145
167.008
161.143
155.518
146.163
141.26
136.574
132.105
127.86
123.81
117.029
113.469
110.059
106.777
103.642
100.633
95.5296
92.8236
90.2104
87.6938
85.27
82.9271
78.9406
76.8137
74.7618
72.7754
70.8616
69.0159
65.8801
64.2133
62.6066
61.0582
59.5684
58.1314
55.6905
54.3933
53.1411
51.9296
50.7564
49.6208
47.6739
46.6275
45.6098
44.6188
43.6532
42.7107
41.0769
40.1908
39.3251
38.4776
37.6462
36.8315
35.4151
34.6433
33.8865
33.1439
32.4145
31.6987
30.4535
29.7757
29.1106
28.4589
27.8205
27.1957
26.1139
25.5281
24.9563
24.399
23.8569
23.329
22.4227
21.9362
21.4632
21.0035
20.5573
20.1244
19.3802
18.9785
18.5874
18.2061
17.8333
17.4697
16.8402
16.4977
16.1621
15.8327
15.5098
15.1923
14.6403
14.3383
14.0415
13.7496
13.4625
13.1799
12.6873
12.4177
12.1524
11.8915
11.635
11.3829
10.9436
10.7039
10.4689
10.2388
10.0131
9.7923
9.41044
9.2039
9.00234
8.80609
8.61492
8.42891
8.10899
7.93651
7.76869
7.60531
7.44605
7.29066
7.02212
6.87631
6.73367
6.59415
6.4573
6.32307
6.08929
5.96159
5.83594
5.71228
5.59079
5.47105
5.26163
5.14689
5.03373
4.92236
4.81264
4.70443
4.51513
4.41137
4.30922
4.20871
4.10996
4.01305
3.84469
3.75333
3.66419
3.57739
3.49349
3.41274
3.25029
3.0427
2.85588
2.687
2.53253
2.39112
2.16629
2.05374
1.94967
1.85374
1.76453
1.68106
1.54587
1.47614
1.41224
1.35167
1.29462
1.24103
