-2.65576
-2.88329
-3.13468
-3.41258
-3.71737
-4.04802
-4.4033
-4.78262
-5.18714
-5.61974
-6.08454
-6.58878
-7.14155
-7.75373
-8.43456
-9.18768
-10.0109
-10.9011
-11.8557
-12.8766
-13.9704
-15.146
-16.4209
-17.8193
-19.3703
-21.1016
-23.032
-25.1608
-27.4835
-29.9934
-32.6948
-35.6088
-38.764
-42.2117
-46.0268
-50.3118
-55.1799
-60.7369
-67.0561
-74.1935
-82.2412
-91.3448
-101.752
-113.85
-128.14
-145.251
-165.819
-189.918
-215.835
-238.444
-248.143
-232.889
-185.272
-105.65
-6.71238
92.5564
172.266
220.692
236.531
228.408
207.449
183.223
160.412
140.631
123.995
109.966
98.0147
87.7018
78.7251
70.8707
64.0287
58.0864
52.9193
48.3749
44.325
40.6594
37.2996
34.1994
31.3268
28.6672
26.2206
23.9922
21.9846
20.1893
18.5775
17.1179
15.7776
14.5353
13.3771
12.2939
11.2817
10.3406
9.47397
8.6843
7.97183
7.32853
6.74324
6.20435
5.70303
5.23315
4.79079
4.37448
3.98473
3.62624
3.30906
2.59365
2.08296
1.70627
1.4204
1.19889
-2.65688
-2.88206
-2.88453
-3.13331
-3.13604
-3.41107
-3.41408
-3.71573
-3.71901
-4.04625
-4.0498
-4.4014
-4.40519
-4.7806
-4.78465
-5.18498
-5.1893
-5.61743
-5.62205
-6.08204
-6.08704
-6.58606
-6.5915
-7.13856
-7.14455
-7.7504
-7.75706
-8.43086
-8.43827
-9.1836
-9.19176
-10.0065
-10.0153
-10.8963
-10.9059
-11.8506
-11.8608
-12.8712
-12.8821
-13.9646
-13.9763
-15.1397
-15.1523
-16.414
-16.4277
-17.8117
-17.827
-19.3619
-19.3788
-21.0921
-21.111
-23.0215
-23.0425
-25.1493
-25.1723
-27.471
-27.496
-29.98
-30.0069
-32.6803
-32.7093
-35.5932
-35.6245
-38.747
-38.781
-42.193
-42.2304
-46.0059
-46.0476
-50.2883
-50.3354
-55.1531
-55.2068
-60.7063
-60.7676
-67.0214
-67.0908
-74.1544
-74.2327
-82.197
-82.2853
-91.2948
-91.3949
-101.695
-101.81
-113.782
-113.918
-128.059
-128.221
-145.153
-145.349
-165.705
-165.934
-189.787
-190.05
-215.703
-215.967
-238.347
-238.541
-248.146
-248.139
-233.05
-232.728
-185.602
-184.941
-106.123
-105.176
-7.24873
-6.17583
92.0805
93.0318
171.921
172.611
220.525
220.857
236.532
236.529
228.495
228.321
207.57
207.329
183.346
183.101
160.522
160.302
140.725
140.537
124.074
123.917
110.033
109.9
98.072
97.9575
87.7515
87.6522
78.7684
78.6816
70.9086
70.8329
64.0617
63.9958
58.115
58.0579
52.9443
52.8943
48.397
48.3528
44.3449
44.3051
40.6775
40.6413
37.3162
37.283
34.2149
34.184
31.3411
31.3125
28.6804
28.654
26.2327
26.2085
24.0032
23.9813
21.9944
21.9748
20.1981
20.1805
18.5854
18.5696
17.1251
17.1106
15.7843
15.7709
14.5415
14.5292
13.3829
13.3713
12.2993
12.2885
11.2868
11.2767
10.3453
10.336
9.47825
9.46969
8.68819
8.68042
7.97533
7.96834
7.3317
7.32536
6.74614
6.74035
6.20703
6.20167
5.70554
5.70053
5.23552
5.23079
4.79301
4.78857
4.37656
4.37239
3.98667
3.98279
3.628
3.62449
3.31057
3.30755
2.59674
2.59057
2.08522
2.08071
1.70796
1.70458
1.42169
1.41912
1.19989
-2.6653
-2.87282
-2.8938
-3.12309
-3.14633
-3.39981
-3.4254
-3.70344
-3.73135
-4.03297
-4.06312
-4.38719
-4.41945
-4.76545
-4.79986
-5.16881
-5.20552
-5.60011
-5.63944
-6.06334
-6.10582
-6.56568
-6.61196
-7.11614
-7.16708
-7.72548
-7.78212
-8.40313
-8.46613
-9.15308
-9.22242
-9.97332
-10.0486
-10.8606
-10.9417
-11.8123
-11.8992
-12.8303
-12.9231
-13.9208
-14.0202
-15.0924
-15.1998
-16.3626
-16.4794
-17.7546
-17.8843
-19.2986
-19.4424
-21.0214
-21.1821
-22.9429
-23.1215
-25.0633
-25.2588
-27.3775
-27.5899
-29.8792
-30.108
-32.5719
-32.8182
-35.4758
-35.742
-38.6197
-38.9088
-42.0529
-42.3709
-45.8503
-46.2042
-50.1125
-50.5125
-54.9523
-55.4089
-60.4771
-60.9983
-66.7617
-67.3521
-73.8617
-74.5274
-81.8671
-82.6174
-90.9205
-91.7716
-101.263
-102.246
-113.276
-114.427
-127.455
-128.83
-144.428
-146.079
-164.847
-166.8
-188.805
-191.036
-214.71
-216.952
-237.612
-239.26
-248.156
-248.091
-234.203
-231.514
-188.047
-182.43
-109.646
-101.602
-11.2642
-2.14452
88.4954
96.581
169.32
175.18
219.251
222.07
236.512
236.546
229.138
227.658
208.482
206.425
184.268
182.185
161.349
159.479
141.431
139.837
124.663
123.331
110.54
109.401
98.503
97.5295
88.1257
87.2809
79.0943
78.3557
71.1937
70.5498
64.3097
63.7495
58.3299
57.8443
53.1319
52.7078
48.5632
48.1875
44.4942
44.1565
40.8135
40.5058
37.4413
37.1583
34.3307
34.0686
31.4484
31.2056
28.7795
28.5553
26.3237
26.1178
24.0854
23.8995
22.0682
21.9015
20.2642
20.1148
18.6448
18.5104
17.1794
17.0565
15.8344
15.721
14.588
14.4828
13.4264
13.328
12.34
12.248
11.3248
11.2389
10.3805
10.301
9.51041
9.43768
8.71738
8.65146
8.00162
7.94218
7.35552
7.30165
6.76789
6.71868
6.22717
6.18159
5.72436
5.68177
5.25322
5.2131
4.80969
4.77195
4.39225
4.35679
4.00125
3.96828
3.64121
3.61135
3.322
3.27904
2.62003
2.56762
2.10226
2.06391
1.72075
1.69196
1.43139
1.40952
1.20744
-2.68832
-2.7194
-2.75088
-2.78281
-2.81514
-2.84793
-2.91915
-2.95343
-2.98819
-3.0235
-3.05927
-3.09555
-3.17441
-3.21233
-3.25077
-3.28981
-3.32934
-3.36943
-3.45632
-3.49806
-3.54031
-3.58316
-3.62646
-3.67028
-3.76501
-3.81039
-3.85633
-3.90283
-3.94974
-3.99713
-4.09946
-4.14837
-4.19772
-4.24764
-4.29803
-4.34883
-4.4583
-4.51057
-4.56331
-4.61659
-4.67035
-4.72451
-4.84127
-4.89697
-4.95325
-5.01008
-5.06735
-5.12514
-5.24983
-5.30946
-5.36954
-5.43031
-5.49151
-5.55336
-5.68692
-5.7508
-5.81527
-5.88049
-5.9463
-6.01287
-6.15709
-6.22618
-6.29628
-6.3669
-6.43833
-6.51073
-6.66784
-6.74313
-6.81962
-6.89731
-6.97577
-7.05565
-7.22872
-7.312
-7.39654
-7.48248
-7.56974
-7.65834
-7.85069
-7.94339
-8.03748
-8.13316
-8.2301
-8.32847
-8.54228
-8.64515
-8.74936
-8.85519
-8.96234
-9.0709
-9.30613
-9.41897
-9.53314
-9.64888
-9.76566
-9.88387
-10.1394
-10.2618
-10.3855
-10.5107
-10.6369
-10.7643
-11.0393
-11.1707
-11.3034
-11.4375
-11.5728
-11.7092
-12.0036
-12.1442
-12.2861
-12.4294
-12.574
-12.72
-13.0348
-13.1852
-13.3371
-13.491
-13.6462
-13.8026
-14.1401
-14.3015
-14.4645
-14.6296
-14.7963
-14.9649
-15.3293
-15.504
-15.6806
-15.86
-16.0408
-16.2239
-16.6209
-16.812
-17.0054
-17.2015
-17.4001
-17.6016
-18.0404
-18.2511
-18.4651
-18.6829
-18.9036
-19.128
-19.6165
-19.8516
-20.0904
-20.3336
-20.5804
-20.831
-21.3766
-21.6394
-21.9064
-22.178
-22.4528
-22.7314
-23.3371
-23.6281
-23.923
-24.2224
-24.525
-24.8312
-25.4952
-25.8137
-26.1359
-26.4623
-26.7919
-27.1253
-27.8458
-28.1903
-28.5395
-28.8921
-29.2479
-29.6075
-30.3837
-30.755
-31.1307
-31.5098
-31.8929
-32.2799
-33.1154
-33.5154
-33.9196
-34.3283
-34.7413
-35.1591
-36.0625
-36.4949
-36.9321
-37.3748
-37.8226
-38.2762
-39.2575
-39.7281
-40.2047
-40.6881
-41.1786
-41.6759
-42.7568
-43.2754
-43.8014
-44.336
-44.88
-45.4321
-46.6329
-47.2146
-47.8046
-48.4065
-49.0181
-49.6394
-50.9972
-51.6544
-52.3254
-53.0098
-53.7051
-54.4132
-55.9622
-56.7133
-57.479
-58.259
-59.0526
-59.8616
-61.6293
-62.4853
-63.3566
-64.2438
-65.1459
-66.0638
-68.0667
-69.0356
-70.0213
-71.0237
-72.0421
-73.0764
-75.3342
-76.4282
-77.5385
-78.6666
-79.8128
-80.9804
-83.5263
-84.7598
-86.0132
-87.2919
-88.5923
-89.9152
-92.8062
-94.2118
-95.6435
-97.1044
-98.5917
-100.106
-103.441
-105.068
-106.728
-108.419
-110.149
-111.923
-115.825
-117.732
-119.685
-121.688
-123.738
-125.841
-130.502
-132.792
-135.12
-137.515
-139.963
-142.486
-148.087
-150.832
-153.659
-156.555
-159.527
-162.546
-169.179
-172.469
-175.799
-179.223
-182.681
-186.156
-193.73
-197.353
-201.003
-204.667
-208.355
-212.007
-219.591
-223.047
-226.424
-229.678
-232.725
-235.565
-241.087
-243.302
-245.111
-246.515
-247.443
-247.881
-247.813
-247.045
-245.524
-243.28
-240.468
-237.09
-227.992
-222.664
-216.67
-210.09
-202.705
-194.541
-175.281
-165.297
-154.537
-143.143
-131.32
-119.049
-91.6871
-78.0442
-64.259
-50.3116
-36.3761
-22.0878
8.66521
22.9979
37.142
51.1851
65.0768
78.6335
105.985
118.15
129.877
141.076
151.699
162.04
181.963
190.008
197.27
203.934
210.119
215.556
224.727
228.566
231.496
233.659
235.162
236.196
236.555
236.108
235.346
234.18
232.639
230.772
225.807
223.188
220.349
217.337
214.19
210.957
203.947
200.527
197.084
193.625
190.185
186.785
179.684
176.384
173.119
169.89
166.717
163.61
157.263
154.349
151.495
148.721
146.017
143.369
137.962
135.509
133.119
130.781
128.506
126.283
121.763
119.692
117.673
115.7
113.784
111.913
108.056
106.305
104.602
102.928
101.289
99.6841
96.3815
94.8776
93.4047
91.9602
90.5432
89.1512
86.2859
84.9779
83.6934
82.433
81.1983
79.9866
77.4861
76.3441
75.2225
74.1204
73.0357
71.974
69.79
68.7924
67.8138
66.8546
65.9132
64.9889
63.0882
62.2203
61.3707
60.537
59.7199
58.9189
57.2713
56.5177
55.7786
55.0534
54.343
53.6447
52.2061
51.5455
50.8966
50.2587
49.6322
49.0167
47.7431
47.1579
46.5817
46.0129
45.4534
44.902
43.7563
43.2286
42.7074
42.1933
41.686
41.1847
40.1406
39.6583
39.1815
38.7097
38.2436
37.7826
36.8223
36.3774
35.9372
35.5024
35.0722
34.6465
33.7572
33.345
32.9373
32.5342
32.1355
31.7409
30.9171
30.5354
30.158
29.7846
29.4153
29.0501
28.2893
27.9376
27.5894
27.2458
26.9065
26.5716
25.8738
25.5525
25.2355
24.9222
24.6139
24.3101
23.6787
23.388
23.102
22.82
22.5428
22.27
21.704
21.4443
21.1889
20.9368
20.6888
20.4447
19.9382
19.7053
19.4764
19.2504
19.0275
18.8075
18.351
18.141
17.9336
17.7287
17.5267
17.3273
16.9107
16.7183
16.5283
16.3401
16.1545
15.9709
15.5863
15.4086
15.2325
15.0581
14.8857
14.7148
14.3574
14.1918
14.028
13.8654
13.7042
13.5449
13.211
13.0563
12.9029
12.7506
12.6
12.4508
12.1386
11.9938
11.8504
11.7081
11.5675
11.4283
11.1368
11.0018
10.8684
10.7363
10.6057
10.4764
10.2066
10.0822
9.95894
9.83693
9.71684
9.59827
9.35136
9.23748
9.1252
9.01403
8.90473
8.79705
8.57333
8.47041
8.36895
8.26881
8.17038
8.07344
7.87174
7.77903
7.68754
7.59722
7.50835
7.42058
7.23772
7.1535
7.07039
6.98821
6.90724
6.82725
6.66027
6.58306
6.50662
6.43086
6.35611
6.28214
6.12739
6.05571
5.98474
5.91429
5.84465
5.77565
5.63104
5.5639
5.49747
5.43145
5.36614
5.30139
5.16547
5.10243
5.03987
4.97773
4.9162
4.85515
4.72708
4.66768
4.60878
4.55027
4.49238
4.43497
4.31466
4.25885
4.20356
4.14871
4.09452
4.041
3.9291
3.8774
3.82633
3.77588
3.7262
3.67732
3.57607
3.52967
3.48428
3.43964
3.39609
3.35345
3.19048
3.07756
2.97123
2.87098
2.77523
2.6849
2.50671
2.42858
2.35417
2.28281
2.21473
2.1495
2.01934
1.96215
1.90765
1.85531
1.80483
1.75611
1.6584
1.6152
1.57382
1.53438
1.49555
1.45814
1.38386
1.35055
1.31836
1.28721
1.25723
1.22836
