-1.77628
-2.07767
-2.41488
-2.80338
-3.26976
-3.82948
-4.474
-5.1987
-6.01584
-6.95948
-8.09674
-9.4817
-11.0984
-12.9294
-14.9993
-17.3922
-20.275
-23.8289
-28.0517
-32.8986
-38.4481
-44.958
-52.977
-63.2627
-76.2883
-92.5881
-113.651
-142.64
-184.549
-238.59
-267.538
-193.644
-6.77006
180.51
255.548
229.263
178.498
138.336
109.869
88.9389
72.8533
60.408
50.8939
43.3438
37.0091
31.5259
26.7544
22.7113
19.4276
16.7252
14.3997
12.3474
10.5293
8.95711
7.65413
6.57326
5.63776
4.80357
4.05411
3.40279
2.32742
1.60694
1.17085
0.880375
0.670966
-1.77708
-2.07678
-2.07856
-2.41388
-2.41589
-2.80219
-2.80457
-3.26832
-3.2712
-3.82778
-3.83118
-4.47207
-4.47592
-5.19654
-5.20086
-6.01339
-6.0183
-6.95659
-6.96237
-8.0932
-8.10028
-9.47746
-9.48595
-11.0935
-11.1032
-12.9239
-12.9348
-14.9931
-15.0056
-17.3849
-17.3996
-20.266
-20.284
-23.8179
-23.8399
-28.0389
-28.0644
-32.8841
-32.9131
-38.4313
-38.4649
-44.9379
-44.9781
-52.9516
-53.0024
-63.2301
-63.2953
-76.2475
-76.3292
-92.5366
-92.6396
-113.583
-113.719
-142.544
-142.736
-184.41
-184.688
-238.442
-238.737
-267.56
-267.514
-194.036
-193.251
-7.3662
-6.17384
180.114
180.905
255.514
255.58
229.402
229.124
178.631
178.366
138.431
138.241
109.937
109.801
88.9901
88.8876
72.8931
72.8134
60.4385
60.3775
50.9173
50.8704
43.363
43.3245
37.0256
36.9926
31.5403
31.5115
26.7668
26.7419
22.7216
22.701
19.4359
19.4193
16.7322
16.7182
14.4059
14.3936
12.3529
12.342
10.5341
10.5246
8.96115
8.95307
7.65744
7.65081
6.57606
6.57045
5.64023
5.63528
4.8058
4.80135
4.0561
4.05213
3.40443
3.40116
2.33008
2.32476
1.60847
1.6054
1.17183
1.16988
0.881024
0.879726
0.671493
-1.78491
-2.06808
-2.08729
-2.40406
-2.42577
-2.79064
-2.8162
-3.25428
-3.28532
-3.81125
-3.84779
-4.45334
-4.49473
-5.17555
-5.22196
-5.98949
-6.04224
-6.92849
-6.99066
-8.05875
-8.1349
-9.43623
-9.52741
-11.0464
-11.1505
-12.8707
-12.9882
-14.9327
-15.0663
-17.3137
-17.4712
-20.1785
-20.372
-23.7111
-23.9474
-27.915
-28.1889
-32.7427
-33.0552
-38.2682
-38.6289
-44.7429
-45.1744
-52.7046
-53.2514
-62.9134
-63.6147
-75.8509
-76.7284
-92.0365
-93.1441
-112.921
-114.39
-141.608
-143.687
-183.063
-186.061
-236.995
-240.167
-267.76
-267.243
-197.813
-189.368
-13.1246
-0.35615
176.181
184.696
255.149
255.856
230.751
227.76
179.928
177.08
139.362
137.321
110.6
109.143
89.4918
88.3902
73.283
72.4264
60.7372
60.0816
51.1473
50.6424
43.5517
43.1369
37.1868
36.8321
31.6811
31.3713
26.8883
26.6211
22.8222
22.6014
19.5169
19.3389
16.8006
16.6501
14.4656
14.334
12.406
12.289
10.5807
10.478
9.00069
8.91378
7.68986
7.61864
6.60349
6.54315
5.66441
5.6112
4.82752
4.7797
4.07551
4.03281
3.42037
3.38534
2.35625
2.29914
1.62357
1.59058
1.18143
1.16039
0.887368
0.87342
0.676648
-1.81356
-1.85681
-1.90075
-1.94538
-1.99069
-2.03673
-2.11916
-2.16732
-2.21634
-2.2662
-2.31701
-2.36876
-2.46191
-2.51678
-2.57278
-2.63033
-2.68907
-2.74931
-2.85899
-2.92403
-2.99109
-3.05998
-3.13093
-3.20401
-3.33713
-3.41598
-3.49687
-3.57989
-3.66499
-3.75195
-3.90855
-4.00052
-4.09421
-4.1898
-4.28697
-4.38596
-4.56344
-4.66721
-4.77262
-4.88
-4.98903
-5.1
-5.29894
-5.41541
-5.53403
-5.65501
-5.77806
-5.90363
-6.12991
-6.26288
-6.3989
-6.53857
-6.68133
-6.82789
-7.09422
-7.25253
-7.41575
-7.58387
-7.75712
-7.93562
-8.26204
-8.45623
-8.65605
-8.86124
-9.07188
-9.28826
-9.67901
-9.90881
-10.1436
-10.3835
-10.6278
-10.8768
-11.3235
-11.5853
-11.8518
-12.123
-12.3988
-12.6795
-13.1831
-13.478
-13.7785
-14.0848
-14.3969
-14.7154
-15.2891
-15.6261
-15.9708
-16.3248
-16.6866
-17.0586
-17.7338
-18.1335
-18.5462
-18.973
-19.4121
-19.8658
-20.6959
-21.1915
-21.7028
-22.2305
-22.7715
-23.3284
-24.3413
-24.9396
-25.5504
-26.1774
-26.8162
-27.4691
-28.6443
-29.3346
-30.0385
-30.7567
-31.4882
-32.2338
-33.5745
-34.3622
-35.1656
-35.986
-36.8248
-37.682
-39.2292
-40.1434
-41.0802
-42.041
-43.0272
-44.0438
-45.8958
-47.0008
-48.1429
-49.3245
-50.5532
-51.8235
-54.167
-55.5761
-57.0432
-58.5651
-60.146
-61.7827
-64.791
-66.5968
-68.4612
-70.3849
-72.3755
-74.4324
-78.1979
-80.4495
-82.7727
-85.1782
-87.6706
-90.2545
-95.0046
-97.8652
-100.841
-103.94
-107.182
-110.571
-116.866
-120.725
-124.777
-129.049
-133.532
-138.278
-147.21
-152.741
-158.581
-164.766
-171.334
-178.244
-191.133
-198.981
-207.032
-215.21
-223.533
-231.685
-245.268
-252.379
-258.403
-263.045
-266.689
-268.293
-265.442
-260.413
-252.436
-241.604
-227.672
-210.758
-174.466
-149.792
-123.256
-94.8224
-65.1042
-34.2455
20.7985
51.7636
81.4714
109.982
136.422
161.006
197.558
214.663
228.653
239.52
247.526
253.202
256.246
255.113
252.06
247.51
241.992
235.584
222.787
215.138
207.375
199.624
192.051
184.703
172.546
165.981
159.724
153.791
148.164
142.806
134.09
129.447
125.048
120.858
116.867
113.052
106.802
103.447
100.237
97.1463
94.1867
91.3397
86.617
84.0562
81.5907
79.2121
76.9231
74.7177
71.0451
69.0557
67.1409
65.3024
63.5374
61.8401
59.0295
57.5119
56.0498
54.6446
53.2959
51.9951
49.8232
48.6401
47.4902
46.3756
45.295
44.2428
42.4646
41.4828
40.524
39.5882
38.6734
37.7777
36.2551
35.4101
34.5822
33.7712
32.9759
32.1959
30.8677
30.13
29.4073
28.7007
28.0088
27.3329
26.1873
25.5537
24.9375
24.3385
23.756
23.1917
22.2446
21.7278
21.2269
20.7413
20.2708
19.8148
19.0493
18.6283
18.2191
17.8198
17.4302
17.05
16.405
16.0466
15.6963
15.3522
15.0152
14.6842
14.1196
13.8049
13.4957
13.1915
12.8932
12.6001
12.0985
11.8192
11.5447
11.2749
11.0109
10.7516
10.3109
10.0666
9.82725
9.59401
9.36705
9.14569
8.773
8.56852
8.37021
8.17756
7.99069
7.80887
7.50348
7.33564
7.17211
7.01204
6.85624
6.70384
6.44505
6.30131
6.1604
6.02204
5.88624
5.75275
5.52442
5.39687
5.27151
5.14799
5.02632
4.90675
4.70176
4.58703
4.47418
4.36297
4.2537
4.14644
3.96332
3.86162
3.76198
3.66483
3.57061
3.47948
3.32927
3.19377
2.97769
2.78668
2.61275
2.4547
2.20957
2.08538
1.97142
1.86649
1.77005
1.68029
1.53795
1.4641
1.39644
1.33249
1.27264
1.21686
1.12677
1.0789
1.03368
0.990821
0.950155
0.911736
0.85082
0.81793
0.785962
0.754887
0.724764
0.695633
