-1.74149
-1.87615
-2.0175
-2.16617
-2.32311
-2.48979
-2.66851
-2.86191
-3.07316
-3.30462
-3.55667
-3.82863
-4.1187
-4.42607
-4.75065
-5.09278
-5.45404
-5.8367
-6.24443
-6.68202
-7.15646
-7.67674
-8.24897
-8.87664
-9.55836
-10.2891
-11.0669
-11.8907
-12.7608
-13.6814
-14.6582
-15.6991
-16.8178
-18.0319
-19.3635
-20.8344
-22.4587
-24.2337
-26.1521
-28.2049
-30.3926
-32.7174
-35.19
-37.8317
-40.6702
-43.7428
-47.1129
-50.8566
-55.0557
-59.7884
-65.0922
-70.9983
-77.5453
-84.8032
-92.8978
-102.008
-112.4
-124.43
-138.564
-155.338
-175.385
-198.867
-224.594
-249.052
-265.535
-265.243
-239.15
-183.733
-102.548
-6.77006
89.2299
170.419
226.292
252.987
254.254
239.044
216.133
191.944
169.846
150.673
134.37
120.515
108.623
98.3072
89.2469
81.2204
74.081
67.73
62.1234
57.1805
52.8154
48.9221
45.4013
42.175
39.1876
36.4027
33.7953
31.3462
29.0487
26.9039
24.9133
23.0906
21.4382
19.9422
18.5831
17.3336
16.1732
15.0867
14.063
13.0952
12.1796
11.3134
10.4983
9.73535
9.0302
8.3847
7.79665
7.25976
6.76385
6.30198
5.86773
5.45656
5.06595
4.69429
4.3402
4.0047
3.68963
3.40198
2.92282
2.3925
1.99215
1.68424
1.44007
1.24485
1.08444
0.949217
0.837028
0.737953
0.64841
0.56962
-1.74229
-1.87532
-1.87698
-2.01662
-2.01837
-2.16525
-2.16709
-2.32213
-2.32408
-2.48875
-2.49083
-2.66739
-2.66963
-2.86069
-2.86313
-3.07183
-3.0745
-3.30316
-3.30609
-3.55508
-3.55825
-3.82693
-3.83033
-4.1169
-4.12051
-4.42416
-4.42798
-4.74863
-4.75266
-5.09066
-5.0949
-5.45179
-5.45628
-5.83432
-5.83908
-6.24189
-6.24697
-6.67927
-6.68476
-7.15346
-7.15945
-7.67344
-7.68003
-8.24534
-8.25259
-8.87269
-8.88059
-9.55408
-9.56264
-10.2845
-10.2936
-11.0621
-11.0717
-11.8856
-11.8958
-12.7554
-12.7663
-13.6757
-13.6871
-14.6521
-14.6643
-15.6926
-15.7056
-16.8107
-16.8248
-18.0243
-18.0396
-19.3551
-19.372
-20.8251
-20.8438
-22.4485
-22.469
-24.2226
-24.2449
-26.1401
-26.1642
-28.1921
-28.2177
-30.3789
-30.4062
-32.7029
-32.7319
-35.1746
-35.2055
-37.8151
-37.8482
-40.6523
-40.688
-43.7234
-43.7623
-47.0915
-47.1343
-50.8327
-50.8805
-55.0289
-55.0826
-59.7581
-59.8187
-65.0583
-65.1261
-70.9608
-71.0359
-77.5036
-77.587
-84.7569
-84.8494
-92.8461
-92.9496
-101.949
-102.066
-112.333
-112.467
-124.351
-124.508
-138.471
-138.657
-155.227
-155.449
-175.254
-175.517
-198.714
-199.02
-224.437
-224.75
-248.916
-249.187
-265.471
-265.6
-265.312
-265.173
-239.391
-238.909
-184.15
-183.315
-103.093
-102.003
-7.3662
-6.17384
88.6823
89.7769
169.992
170.844
226.045
226.538
252.912
253.062
254.308
254.199
239.165
238.923
216.28
215.986
192.086
191.803
169.971
169.721
150.779
150.566
134.46
134.279
120.593
120.438
108.69
108.557
98.3658
98.2487
89.2984
89.1955
81.2661
81.1747
74.1217
74.0403
67.7661
67.6939
62.1553
62.0915
57.2086
57.1525
52.8402
52.7907
48.9443
48.8999
45.4216
45.3811
42.1937
42.1563
39.205
39.1702
36.4189
36.3864
33.8106
33.7801
31.3606
31.3319
29.0621
29.0352
26.9164
26.8914
24.9248
24.9018
23.1011
23.0801
21.4477
21.4287
19.9508
19.9336
18.591
18.5753
17.3409
17.3264
16.18
16.1664
15.093
15.0803
14.069
14.057
13.1009
13.0895
12.185
12.1742
11.3185
11.3083
10.5031
10.4935
9.73979
9.73092
9.03428
9.02613
8.38841
8.38098
7.80004
7.79326
7.26287
7.25666
6.76674
6.76096
6.30469
6.29928
5.87028
5.86518
5.45898
5.45414
5.06826
5.06365
4.69649
4.6921
4.34229
4.33811
4.00667
4.00273
3.69146
3.68781
3.40361
3.40034
2.92653
2.91912
2.39527
2.38974
1.99426
1.99004
1.68589
1.6826
1.44136
1.43878
1.24591
1.24379
1.08534
1.08356
0.949967
0.948467
0.837654
0.836402
0.738524
0.737382
0.648921
0.6479
0.570063
-1.74785
-1.86948
-1.88281
-2.0105
-2.02451
-2.1588
-2.17356
-2.3153
-2.33093
-2.48146
-2.49815
-2.65957
-2.6775
-2.85216
-2.8717
-3.06251
-3.08387
-3.29296
-3.31634
-3.54401
-3.56937
-3.81506
-3.84224
-4.10428
-4.13319
-4.41083
-4.44136
-4.73457
-4.76677
-5.07582
-5.10978
-5.43609
-5.47203
-5.81768
-5.8558
-6.22411
-6.26479
-6.66006
-6.70403
-7.13255
-7.18047
-7.65043
-7.70315
-8.22002
-8.27805
-8.84507
-8.90831
-9.52421
-9.59263
-10.2526
-10.3256
-11.0283
-11.1056
-11.8498
-11.9317
-12.7177
-12.8042
-13.6356
-13.7273
-14.6096
-14.7069
-15.6472
-15.7512
-16.7616
-16.8742
-17.9709
-18.0932
-19.2961
-19.4312
-20.7599
-20.9094
-22.3769
-22.5409
-24.1448
-24.3233
-26.0563
-26.2483
-28.1027
-28.3075
-30.2836
-30.5018
-32.6017
-32.8333
-35.0669
-35.3136
-37.6998
-37.9644
-40.5278
-40.8131
-43.5879
-43.8985
-46.9422
-47.2844
-50.6659
-51.0483
-54.8411
-55.2712
-59.5464
-60.0315
-64.8218
-65.3641
-70.6986
-71.2996
-77.2127
-77.8795
-84.4342
-85.1743
-92.4852
-93.313
-101.541
-102.477
-111.867
-112.938
-123.803
-125.059
-137.823
-139.312
-154.454
-156.228
-174.336
-176.445
-197.654
-200.085
-223.336
-225.842
-247.966
-250.128
-265.007
-266.072
-265.771
-264.659
-241.045
-237.152
-187.039
-180.358
-106.894
-98.1715
-11.5131
-1.99786
84.8352
93.5917
166.984
173.798
224.289
228.144
252.307
253.554
254.667
253.802
240.002
238.073
217.306
214.953
193.079
190.813
170.85
168.848
151.528
149.821
135.092
133.647
121.138
119.897
109.16
108.091
98.777
97.8414
89.6598
88.8364
81.5867
80.8559
74.4069
73.7564
68.0195
67.4419
62.3785
61.869
57.4057
56.9569
53.0144
52.6176
49.1007
48.7449
45.564
45.2394
42.325
42.0257
39.327
39.0489
36.5331
36.2727
33.9175
33.6735
31.4612
31.2316
29.1561
28.9415
27.004
26.8041
25.0056
24.8215
23.1748
23.0068
21.5144
21.3624
20.0113
19.8737
18.6462
18.5204
17.3918
17.2756
16.2276
16.1191
15.1377
15.0358
14.1111
14.015
13.1407
13.0498
12.2227
12.1366
11.3541
11.2728
10.5365
10.4602
9.77094
9.69991
9.0629
8.99764
8.4145
8.35502
7.82385
7.76958
7.28468
7.23496
6.78702
6.7408
6.32367
6.28039
5.88816
5.84735
5.47596
5.43721
5.08441
5.04754
4.71187
4.67676
4.35691
4.32353
4.02047
3.98897
3.70428
3.67505
3.41505
3.38897
2.95271
2.89339
2.41477
2.37052
2.00913
1.97537
1.6975
1.67112
1.45043
1.42979
1.25338
1.23641
1.09159
1.07736
0.955243
0.943242
0.842047
0.832029
0.742532
0.733394
0.652506
0.64434
0.573171
-1.76194
-1.78029
-1.79873
-1.81727
-1.83597
-1.85482
-1.89761
-1.91685
-1.93622
-1.95568
-1.97533
-1.99512
-2.04004
-2.0603
-2.08067
-2.10113
-2.12179
-2.14261
-2.18993
-2.21128
-2.23274
-2.25434
-2.27615
-2.29816
-2.34825
-2.37085
-2.39362
-2.41655
-2.43976
-2.4632
-2.51668
-2.54086
-2.56521
-2.58981
-2.61473
-2.63997
-2.69747
-2.72353
-2.74984
-2.77641
-2.80338
-2.83073
-2.89346
-2.92184
-2.95064
-2.97986
-3.0093
-3.03916
-3.10767
-3.13881
-3.17038
-3.20225
-3.2346
-3.26738
-3.34242
-3.37647
-3.41084
-3.44553
-3.48072
-3.51628
-3.59758
-3.63445
-3.67169
-3.70917
-3.74711
-3.78536
-3.87242
-3.91185
-3.9516
-3.99154
-4.03189
-4.07261
-4.16525
-4.20702
-4.2491
-4.29144
-4.33423
-4.37734
-4.47525
-4.51942
-4.56393
-4.60865
-4.6538
-4.69924
-4.80249
-4.84906
-4.89593
-4.94305
-4.9906
-5.03854
-5.14745
-5.19654
-5.24603
-5.29577
-5.346
-5.39668
-5.5119
-5.56388
-5.61628
-5.66903
-5.72225
-5.77594
-5.8982
-5.95353
-6.00934
-6.06541
-6.12216
-6.17945
-6.30999
-6.36915
-6.42894
-6.4893
-6.55036
-6.61199
-6.75293
-6.81692
-6.88161
-6.94691
-7.01317
-7.08017
-7.23388
-7.30413
-7.37491
-7.4464
-7.51908
-7.5928
-7.7618
-7.83869
-7.91655
-7.99531
-8.07551
-8.15664
-8.34265
-8.42728
-8.513
-8.59956
-8.68725
-8.77588
-8.97869
-9.07087
-9.16407
-9.2581
-9.35327
-9.44932
-9.66849
-9.76739
-9.86741
-9.96807
-10.07
-10.1727
-10.4067
-10.5124
-10.6189
-10.7262
-10.8344
-10.9435
-11.1914
-11.3033
-11.4162
-11.5297
-11.6444
-11.7599
-12.0224
-12.1407
-12.2599
-12.3798
-12.5009
-12.6229
-12.9002
-13.0252
-13.1513
-13.278
-13.4061
-13.5352
-13.829
-13.9616
-14.0951
-14.2296
-14.3656
-14.5029
-14.815
-14.9559
-15.0983
-15.2419
-15.387
-15.5332
-15.8667
-16.018
-16.1709
-16.3252
-16.4813
-16.6388
-16.9994
-17.1634
-17.329
-17.4963
-17.6656
-17.8367
-18.2296
-18.4084
-18.5897
-18.7734
-18.9598
-19.1487
-19.5818
-19.7794
-19.9796
-20.1821
-20.3879
-20.5967
-21.0762
-21.2947
-21.5161
-21.7398
-21.9669
-22.1976
-22.7236
-22.9629
-23.2049
-23.4493
-23.6974
-23.9485
-24.5221
-24.7819
-25.044
-25.3077
-25.5751
-25.8453
-26.4614
-26.7396
-27.0205
-27.3034
-27.5896
-27.878
-28.5351
-28.8319
-29.1313
-29.4328
-29.7372
-30.0442
-30.744
-31.0596
-31.3774
-31.6978
-32.0211
-32.3476
-33.0904
-33.4254
-33.7637
-34.1051
-34.4491
-34.796
-35.5879
-35.9454
-36.3064
-36.6708
-37.0387
-37.4101
-38.2584
-38.6415
-39.0286
-39.4193
-39.8149
-40.2153
-41.1297
-41.5437
-41.9625
-42.3865
-42.8143
-43.2482
-44.2454
-44.6981
-45.1559
-45.6201
-46.0906
-46.5682
-47.6662
-48.1667
-48.6742
-49.1896
-49.7134
-50.248
-51.475
-52.0352
-52.6058
-53.1852
-53.7731
-54.3712
-55.7514
-56.3842
-57.0268
-57.6791
-58.3423
-59.0168
-60.5732
-61.2824
-62.002
-62.7329
-63.4751
-64.2299
-65.9695
-66.7624
-67.5656
-68.3803
-69.2066
-70.042
-71.9701
-72.849
-73.74
-74.6413
-75.5575
-76.4859
-78.6247
-79.5967
-80.5837
-81.583
-82.5973
-83.6269
-86.0002
-87.0827
-88.1827
-89.2998
-90.4332
-91.5825
-94.2396
-95.454
-96.6896
-97.9435
-99.2198
-100.519
-103.522
-104.907
-106.312
-107.745
-109.207
-110.697
-114.142
-115.732
-117.35
-119.011
-120.706
-122.437
-126.473
-128.339
-130.239
-132.177
-134.172
-136.212
-140.98
-143.173
-145.425
-147.732
-150.108
-152.535
-158.213
-160.833
-163.516
-166.308
-169.141
-172.054
-178.821
-181.93
-185.083
-188.323
-191.633
-195.012
-202.795
-206.282
-209.799
-213.322
-216.93
-220.531
-228.572
-232.094
-235.513
-238.909
-242.237
-245.517
-252.433
-255.236
-257.738
-259.871
-261.946
-263.752
-267.077
-267.913
-268.284
-268.067
-267.526
-266.737
-263.087
-260.557
-257.597
-253.908
-249.778
-245.002
-232.417
-225.835
-218.739
-211.02
-202.803
-194.102
-172.656
-162.198
-151.217
-139.98
-128.419
-116.367
-88.4254
-75.5801
-62.4439
-49.0768
-35.6718
-22.1223
8.56006
22.2463
35.7952
49.1073
62.1704
75.0141
103.108
115.114
126.719
137.83
148.693
159.176
180.97
189.682
197.816
205.447
212.67
219.649
232.155
236.843
240.958
244.637
247.722
250.444
254.566
255.531
256.067
256.244
256.062
255.427
252.7
251.04
249.076
246.854
244.478
242.038
235.816
232.712
229.564
226.362
223.157
219.874
212.316
208.976
205.62
202.253
198.905
195.593
188.323
185.164
182.066
179.007
176.005
173.089
166.665
163.885
161.186
158.542
155.955
153.437
147.964
145.611
143.31
141.062
138.86
136.706
132.069
130.071
128.121
126.215
124.354
122.527
118.55
116.849
115.17
113.53
111.922
110.357
106.928
105.451
104.005
102.585
101.192
99.8256
96.8273
95.5354
94.2647
93.0158
91.7863
90.58
87.9385
86.795
85.6684
84.5629
83.4746
82.404
80.0554
79.039
78.0396
77.0548
76.0867
75.1333
73.0463
72.1403
71.2481
70.3724
69.5111
68.6647
66.8123
66.0114
65.2256
64.4529
63.6937
62.9472
61.3124
60.6068
59.9133
59.2334
58.5642
57.9055
56.4675
55.844
55.2324
54.6295
54.0381
53.4574
52.1841
51.6303
51.0861
50.5502
50.0198
49.4989
48.3543
47.8557
47.3632
46.8771
46.3981
45.9259
44.8842
44.429
43.9789
43.5339
43.0938
42.6585
41.6967
41.2764
40.8598
40.4476
40.04
39.6365
38.7437
38.3523
37.9641
37.5807
37.1992
36.8225
35.9874
35.6211
35.2581
34.8986
34.542
34.1887
33.406
33.062
32.7212
32.3833
32.0483
31.7161
30.9799
30.6572
30.3374
30.0204
29.706
29.3948
28.7063
28.4045
28.1052
27.8093
27.5163
27.2263
26.5851
26.3045
26.0265
25.7518
25.4795
25.2107
24.6199
24.362
24.1067
23.8553
23.6071
23.362
22.8232
22.5886
22.3573
22.1298
21.9051
21.6835
21.1965
20.9849
20.7754
20.5691
20.3655
20.1647
19.7236
19.5315
19.3423
19.1546
18.9693
18.7867
18.3828
18.2069
18.0328
17.8607
17.69
17.5211
17.1484
16.9853
16.8244
16.6648
16.5058
16.3482
16.0003
15.8478
15.6966
15.5469
15.3982
15.2507
14.9241
14.7805
14.6379
14.497
14.3569
14.2172
13.9095
13.7738
13.6392
13.5059
13.3732
13.2416
12.9501
12.8217
12.6944
12.5684
12.443
12.3184
12.042
11.9206
11.8003
11.681
11.5623
11.4444
11.1838
11.0693
10.9559
10.8436
10.7316
10.6211
10.3766
10.2693
10.1629
10.0578
9.95342
9.84992
9.62223
9.52265
9.42429
9.32709
9.23068
9.13555
8.92624
8.83479
8.74447
8.65551
8.56756
8.48075
8.29004
8.20683
8.12459
8.04381
7.96359
7.88432
7.71024
7.63429
7.5594
7.4856
7.41254
7.34005
7.18061
7.11042
7.0413
6.9732
6.90553
6.8384
6.69028
6.62538
6.56106
6.49746
6.43432
6.37171
6.23299
6.17207
6.11166
6.05189
5.99244
5.93344
5.80257
5.74496
5.6878
5.6312
5.57487
5.51893
5.39471
5.34005
5.28581
5.23205
5.17853
5.12529
5.00711
4.95511
4.90348
4.85233
4.80135
4.75073
4.63823
4.58865
4.53943
4.49068
4.44213
4.39392
4.28691
4.23984
4.19315
4.14694
4.101
4.05541
3.95444
3.91009
3.86621
3.82274
3.7796
3.7369
3.64296
3.60194
3.56162
3.52185
3.4827
3.44423
3.36063
3.32477
3.28986
3.21135
3.11329
3.02038
2.83015
2.75094
2.67489
2.60207
2.53194
2.4649
2.32304
2.26379
2.2065
2.15157
2.09846
2.04735
1.93911
1.89367
1.84994
1.80787
1.76696
1.72729
1.64264
1.60694
1.57229
1.53861
1.50596
1.4742
1.40739
1.37896
1.35119
1.32424
1.298
1.27253
1.21814
1.19511
1.17247
1.15038
1.12873
1.10759
1.06193
1.04241
1.02336
1.00477
0.986547
0.968722
0.930245
0.913794
0.897766
0.88255
0.867787
0.853198
0.821076
0.80705
0.793198
0.779549
0.766043
0.752711
0.723413
0.710662
0.698111
0.685774
0.673603
0.661626
0.635462
0.624158
0.613067
0.602213
0.591548
0.581097
