-2.24262
-2.42451
-2.62032
-2.83333
-3.06676
-3.32324
-3.60388
-3.90804
-4.23513
-4.58438
-4.95606
-5.3521
-5.77485
-6.22913
-6.72149
-7.25989
-7.85299
-8.50785
-9.22704
-10.0091
-10.8523
-11.7548
-12.7178
-13.7468
-14.8483
-16.0372
-17.3299
-18.7506
-20.3226
-22.0659
-23.9878
-26.0857
-28.357
-30.7998
-33.4216
-36.2434
-39.2918
-42.6142
-46.2786
-50.3645
-54.9648
-60.1642
-66.027
-72.599
-79.9473
-88.1801
-97.4646
-108.05
-120.296
-134.602
-151.408
-170.985
-192.519
-213.821
-229.692
-231.646
-211.476
-164.696
-93.1671
-6.57086
80.0873
151.653
199.307
219.995
219.286
205.037
185.294
165.007
146.405
130.166
116.221
104.185
93.7394
84.5691
76.4833
69.3479
63.066
57.5565
52.7105
48.4087
44.5443
41.0335
37.8047
34.8165
32.0406
29.4618
27.0752
24.8832
22.8889
21.0887
19.4647
17.9925
16.6445
15.3993
14.2386
13.1534
12.1355
11.1828
10.2955
9.47511
8.72417
8.04158
7.42136
6.85451
6.33162
5.84483
5.38808
4.95781
4.55148
4.16887
3.81213
3.48799
3.00632
2.41113
1.97
1.63517
1.37707
1.17361
1.00885
0.872236
-2.24358
-2.42348
-2.42553
-2.61921
-2.62143
-2.83212
-2.83454
-3.06543
-3.06809
-3.32178
-3.3247
-3.60229
-3.60546
-3.90632
-3.90975
-4.23329
-4.23697
-4.58242
-4.58634
-4.95398
-4.95814
-5.34988
-5.35432
-5.77248
-5.77723
-6.22656
-6.23169
-6.7187
-6.72428
-7.25682
-7.26295
-7.8496
-7.85638
-8.50412
-8.51159
-9.22296
-9.23113
-10.0047
-10.0135
-10.8476
-10.8571
-11.7497
-11.7599
-12.7124
-12.7232
-13.741
-13.7526
-14.8421
-14.8546
-16.0305
-16.044
-17.3225
-17.3372
-18.7425
-18.7587
-20.3136
-20.3316
-22.0559
-22.0758
-23.9769
-23.9988
-26.0738
-26.0976
-28.3443
-28.3698
-30.786
-30.8135
-33.4068
-33.4364
-36.2275
-36.2593
-39.2746
-39.3091
-42.5954
-42.6331
-46.2577
-46.2996
-50.341
-50.388
-54.9383
-54.9914
-60.1342
-60.1942
-65.9933
-66.0607
-72.5613
-72.6368
-79.9051
-79.9895
-88.1327
-88.2276
-97.4109
-97.5183
-107.988
-108.112
-120.224
-120.368
-134.518
-134.686
-151.309
-151.507
-170.872
-171.098
-192.401
-192.636
-213.712
-213.929
-229.633
-229.752
-231.683
-231.608
-211.646
-211.305
-165.025
-164.368
-93.61
-92.7235
-7.0586
-6.08298
79.6468
80.5273
151.323
151.984
199.122
199.491
219.946
220.044
219.333
219.237
205.136
204.937
185.406
185.181
165.114
164.9
146.499
146.311
130.247
130.084
116.291
116.151
104.246
104.125
93.7923
93.6866
84.6159
84.5223
76.5245
76.442
69.3843
69.3116
63.098
63.0341
57.5846
57.5285
52.7352
52.6857
48.4308
48.3865
44.5642
44.5243
41.0518
41.0153
37.8215
37.7878
34.8322
34.8009
32.0551
32.0261
29.4753
29.4483
27.0877
27.0628
24.8946
24.8718
22.8992
22.8786
21.098
21.0794
19.4731
19.4564
18.0001
17.9848
16.6515
16.6375
15.4059
15.3928
14.2447
14.2325
13.1591
13.1477
12.1409
12.1302
11.1878
11.1778
10.3001
10.2908
9.47937
9.47085
8.72806
8.72028
8.04511
8.03805
7.42458
7.41815
6.85746
6.85155
6.33436
6.32888
5.84739
5.84227
5.39049
5.38568
4.96008
4.95553
4.55362
4.54933
4.17088
4.16685
3.81398
3.81027
3.48965
3.48634
3.01016
3.0025
2.41388
2.40837
1.97208
1.96793
1.63676
1.63358
1.37831
1.37583
1.17459
1.17263
1.00966
1.00804
0.872887
-2.25051
-2.41608
-2.43296
-2.61117
-2.62949
-2.82338
-2.84332
-3.05581
-3.07776
-3.31122
-3.33531
-3.59079
-3.61701
-3.89389
-3.92222
-4.21999
-4.25034
-4.56824
-4.60056
-4.9389
-4.97327
-5.33378
-5.37046
-5.75526
-5.7945
-6.20802
-6.25031
-6.69849
-6.74457
-7.23467
-7.28523
-7.82511
-7.881
-8.4771
-8.53874
-9.19346
-9.2608
-9.9727
-10.0456
-10.8132
-10.8915
-11.713
-11.7967
-12.6733
-12.7625
-13.6992
-13.7945
-14.7972
-14.8997
-15.9819
-16.0929
-17.2694
-17.3906
-18.6839
-18.8176
-20.2485
-20.397
-21.9839
-22.1482
-23.8979
-24.0781
-25.9878
-26.1838
-28.2515
-28.4628
-30.6864
-30.9134
-33.3
-33.5436
-36.1124
-36.3748
-39.1497
-39.4344
-42.4589
-42.7719
-46.106
-46.4522
-50.1711
-50.559
-54.7461
-55.1849
-59.9172
-60.4124
-65.7496
-66.3059
-72.2885
-72.911
-79.6002
-80.2965
-87.7897
-88.5724
-97.0228
-97.9091
-107.542
-108.562
-119.705
-120.892
-133.909
-135.3
-150.595
-152.228
-170.054
-171.919
-191.55
-193.501
-212.924
-214.709
-229.183
-230.164
-231.939
-231.317
-212.847
-210.039
-167.397
-161.974
-96.7991
-89.4861
-10.5909
-2.56124
76.4384
83.702
148.908
154.361
197.763
200.8
219.568
220.381
219.66
218.873
205.852
204.213
186.224
184.368
165.89
164.127
147.179
145.634
130.842
129.493
116.802
115.644
104.689
103.685
94.1772
93.3042
84.9557
84.1841
76.8244
76.144
69.6489
69.0487
63.3303
62.8033
57.7885
57.3258
52.9152
52.5067
48.5909
48.2266
44.7094
44.3798
41.1845
40.8831
37.9438
37.666
34.9458
34.6877
32.1607
31.9209
29.5733
29.3506
27.1781
26.9727
24.9773
24.7895
22.9741
22.8041
21.1654
21.0123
19.5341
19.3957
18.0557
17.9296
16.7026
16.5866
15.4533
15.3456
14.289
14.1885
13.2006
13.1063
12.1797
12.0914
11.2242
11.1416
10.3338
10.2572
9.51037
9.44003
8.75635
8.69213
8.07078
8.01251
7.44798
7.39485
6.8789
6.8302
6.35425
6.30906
5.86597
5.82374
5.40796
5.36826
4.97659
4.93907
4.56918
4.53382
4.18552
4.15226
3.82744
3.79684
3.50167
3.47438
3.0382
2.97501
2.43402
2.38857
1.98723
1.95301
1.64837
1.62217
1.38735
1.36688
1.18175
1.16553
1.01555
1.00222
0.877622
-2.26916
-2.29404
-2.31921
-2.34464
-2.3704
-2.39633
-2.45291
-2.4797
-2.5068
-2.53412
-2.56179
-2.58982
-2.65112
-2.6802
-2.70964
-2.73949
-2.76962
-2.80012
-2.86693
-2.8988
-2.93097
-2.96363
-2.99672
-3.03032
-3.10372
-3.13867
-3.17409
-3.21005
-3.24634
-3.28315
-3.36388
-3.40213
-3.44093
-3.4802
-3.52003
-3.56026
-3.648
-3.68963
-3.73179
-3.77429
-3.81734
-3.86083
-3.95567
-4.00057
-4.0459
-4.09168
-4.13799
-4.18456
-4.28612
-4.33424
-4.38257
-4.43144
-4.48073
-4.53057
-4.6387
-4.68979
-4.74136
-4.79347
-4.84586
-4.89874
-5.01393
-5.06821
-5.12311
-5.1785
-5.23444
-5.29101
-5.4137
-5.47169
-5.53036
-5.58938
-5.64904
-5.70941
-5.84081
-5.903
-5.96583
-6.0294
-6.09383
-6.15864
-6.30055
-6.368
-6.43574
-6.50454
-6.57425
-6.64478
-6.79909
-6.87251
-6.94711
-7.02256
-7.0986
-7.17581
-7.34528
-7.42584
-7.50765
-7.59071
-7.67491
-7.76019
-7.94724
-8.03638
-8.12673
-8.21829
-8.31116
-8.4053
-8.61167
-8.70978
-8.80924
-8.90994
-9.01185
-9.11507
-9.34045
-9.44747
-9.55567
-9.66506
-9.77589
-9.88769
-10.1317
-10.2474
-10.3643
-10.4823
-10.6016
-10.7221
-10.9839
-11.1078
-11.233
-11.3593
-11.4867
-11.6153
-11.8953
-12.0276
-12.1612
-12.296
-12.432
-12.5691
-12.8677
-13.0089
-13.1515
-13.2955
-13.4408
-13.5876
-13.9069
-14.0584
-14.2107
-14.3648
-14.5203
-14.6776
-15.0207
-15.1832
-15.3475
-15.5138
-15.6823
-15.8526
-16.224
-16.4002
-16.5786
-16.7597
-16.9428
-17.1282
-17.5342
-17.7276
-17.9241
-18.1226
-18.3241
-18.5284
-18.976
-19.1897
-19.4069
-19.6264
-19.8497
-20.0757
-20.5731
-20.8101
-21.0505
-21.2941
-21.5415
-21.7924
-22.3427
-22.6047
-22.8702
-23.1397
-23.4118
-23.6878
-24.2912
-24.5776
-24.8677
-25.1615
-25.4586
-25.7597
-26.416
-26.7265
-27.041
-27.3589
-27.6801
-28.005
-28.7129
-29.0479
-29.3862
-29.7279
-30.0731
-30.4217
-31.1817
-31.5413
-31.9047
-32.2713
-32.6419
-33.016
-33.8317
-34.218
-34.6083
-35.003
-35.4024
-35.8061
-36.6853
-37.102
-37.5234
-37.9497
-38.3811
-38.8179
-39.7714
-40.2244
-40.6832
-41.1487
-41.6195
-42.0964
-43.1445
-43.6405
-44.1445
-44.657
-45.1767
-45.7041
-46.8632
-47.4183
-47.9817
-48.5527
-49.1322
-49.7212
-51.0201
-51.6423
-52.2752
-52.9191
-53.5733
-54.2375
-55.706
-56.4082
-57.1228
-57.8498
-58.5897
-59.3423
-61.0003
-61.7939
-62.6019
-63.4224
-64.2564
-65.1037
-66.9667
-67.857
-68.761
-69.6811
-70.6166
-71.565
-73.6496
-74.6447
-75.658
-76.6885
-77.7329
-78.7924
-81.1243
-82.239
-83.3716
-84.523
-85.6921
-86.8812
-89.5014
-90.7559
-92.0313
-93.329
-94.651
-95.9956
-98.9628
-100.38
-101.831
-103.311
-104.826
-106.364
-109.773
-111.418
-113.092
-114.801
-116.546
-118.332
-122.303
-124.212
-126.163
-128.172
-130.234
-132.307
-136.958
-139.206
-141.513
-143.862
-146.267
-148.709
-154.177
-156.823
-159.496
-162.223
-165.022
-167.88
-174.123
-177.117
-180.089
-183.121
-186.162
-189.232
-195.827
-198.936
-201.99
-204.983
-207.924
-210.789
-216.718
-219.267
-221.705
-223.955
-226.007
-227.84
-231.124
-232.079
-232.707
-233.004
-232.903
-232.485
-230.321
-228.495
-226.196
-223.28
-219.584
-215.879
-206.291
-200.905
-195.051
-188.495
-181.309
-173.549
-155.388
-146.007
-136.289
-126.288
-115.896
-105.14
-80.6643
-68.7801
-56.7428
-44.5093
-32.2831
-19.9974
6.78017
19.0674
31.4306
43.702
55.854
67.7344
92.1033
102.957
113.435
123.23
132.544
142.165
160.569
168.42
175.561
182.207
188.311
193.943
204.112
208.087
211.461
214.25
216.505
218.398
221.052
221.604
221.864
221.716
221.21
220.417
217.778
216.063
214.229
212.219
210.026
207.705
202.261
199.591
196.866
194.081
191.272
188.421
182.198
179.306
176.408
173.592
170.778
167.977
162.073
159.386
156.736
154.125
151.564
149.033
143.834
141.466
139.133
136.853
134.626
132.45
127.931
125.897
123.904
121.958
120.055
118.183
114.305
112.55
110.831
109.148
107.496
105.876
102.525
101.011
99.5224
98.0605
96.6234
95.2167
92.2905
90.9615
89.6534
88.3684
87.1075
85.8716
83.2886
82.1175
80.9678
79.8377
78.7259
77.6332
75.3548
74.3218
73.3051
72.306
71.3274
70.3626
68.3528
67.4419
66.5469
65.6678
64.8046
63.9577
62.1925
61.3937
60.608
59.8372
59.0804
58.3381
56.7894
56.0879
55.3983
54.7209
54.0542
53.3999
52.0319
51.4094
50.7985
50.1975
49.6052
49.0227
47.8024
47.2474
46.7002
46.16
45.6264
45.1004
43.9965
43.4934
42.9961
42.5049
42.02
41.5411
40.5319
40.0705
39.6138
39.1623
38.715
38.2728
37.3421
36.9151
36.4925
36.0743
35.6608
35.2513
34.3867
33.9904
33.5979
33.2093
32.8248
32.4444
31.6413
31.273
30.9083
30.5474
30.1903
29.8368
29.091
28.7497
28.412
28.0781
27.7477
27.4212
26.7336
26.419
26.1083
25.8018
25.4991
25.2003
24.5718
24.2842
24.0008
23.7217
23.4465
23.1752
22.6063
22.347
22.0916
21.8393
21.5911
21.3468
20.834
20.6004
20.3701
20.143
19.9188
19.6976
19.2343
19.023
18.8141
18.6082
18.405
18.2046
17.783
17.5901
17.3994
17.2111
17.0238
16.8398
16.4513
16.2736
16.0977
15.9236
15.7512
15.5805
15.2199
15.0545
14.8906
14.7281
14.5671
14.4077
14.0711
13.9166
13.7636
13.6115
13.4613
13.3118
12.9962
12.8511
12.7074
12.5649
12.4238
12.284
11.9883
11.8525
11.718
11.5847
11.4526
11.3217
11.0451
10.9185
10.793
10.6688
10.5459
10.4243
10.1681
10.0503
9.93419
9.81944
9.70594
9.59378
9.35789
9.24994
9.1434
9.03832
8.93461
8.83233
8.61735
8.51916
8.42229
8.32679
8.23262
8.13975
7.94459
7.8556
7.76776
7.68106
7.59527
7.51081
7.3329
7.25157
7.17134
7.09207
7.01377
6.93658
6.77337
6.69869
6.62498
6.55172
6.47932
6.40759
6.25631
6.18691
6.11815
6.05006
5.98276
5.9158
5.77441
5.70953
5.64498
5.58104
5.51765
5.45481
5.32184
5.26067
5.19999
5.13988
5.08003
5.02082
4.89534
4.8374
4.78001
4.72319
4.66682
4.611
4.49248
4.43803
4.38418
4.33052
4.27742
4.22478
4.11351
4.06243
4.01189
3.9619
3.91259
3.86373
3.76114
3.71437
3.66813
3.6227
3.57795
3.53402
3.44274
3.40155
3.36127
3.32216
3.22234
3.11515
2.9039
2.81308
2.72654
2.6441
2.56495
2.48927
2.33654
2.27007
2.20642
2.14482
2.08563
2.02859
1.91409
1.86401
1.81561
1.7688
1.72367
1.68002
1.59229
1.55423
1.51685
1.4805
1.44538
1.41186
1.34329
1.31286
1.28342
1.25504
1.22754
1.2011
1.1468
1.12253
1.0988
1.07574
1.05331
1.03156
0.986663
0.966362
0.946589
0.927349
0.90855
0.890343
