-2.15457
-2.43961
-2.76018
-3.13307
-3.57234
-4.07429
-4.63105
-5.24313
-5.91839
-6.67531
-7.55032
-8.59002
-9.80536
-11.1756
-12.6905
-14.3628
-16.2314
-18.3713
-20.9096
-23.9385
-27.4302
-31.3417
-35.7015
-40.6032
-46.2533
-53.0275
-61.4049
-71.636
-83.8973
-98.7216
-117.235
-141.503
-174.669
-218.167
-260.407
-259.256
-170.636
-6.57466
157.184
246.972
248.969
210.043
169.118
137.27
113.45
95.0314
80.2936
68.2985
58.6463
50.9484
44.6003
39.1341
34.3021
29.9825
26.1352
22.803
20.0127
17.6621
15.6103
13.7731
12.1093
10.6022
9.26331
8.1138
7.14241
6.29812
5.54041
4.84907
4.21465
3.63722
2.96227
2.09741
1.55585
1.19683
0.940915
-2.15548
-2.43859
-2.44063
-2.75902
-2.76134
-3.1317
-3.13444
-3.57074
-3.57393
-4.07249
-4.07608
-4.62908
-4.63303
-5.24095
-5.2453
-5.91599
-5.9208
-6.67258
-6.67805
-7.54711
-7.55354
-8.5862
-8.59384
-9.80096
-9.80975
-11.1707
-11.1805
-12.6851
-12.6959
-14.3569
-14.3688
-16.2247
-16.2381
-18.3635
-18.3792
-20.9002
-20.919
-23.9275
-23.9496
-27.4177
-27.4427
-31.3277
-31.3557
-35.6859
-35.7171
-40.5855
-40.621
-46.2326
-46.274
-53.0021
-53.053
-61.3735
-61.4364
-71.5981
-71.674
-83.852
-83.9426
-98.6663
-98.777
-117.164
-117.307
-141.408
-141.597
-174.538
-174.801
-218.01
-218.324
-260.304
-260.514
-259.382
-259.129
-171.094
-170.178
-7.18635
-5.96311
156.738
157.63
246.828
247.115
249.059
248.88
210.192
209.894
169.241
168.995
137.363
137.176
113.52
113.38
95.0867
94.9761
80.3386
80.2486
68.335
68.262
58.6754
58.6173
50.9718
50.925
44.6202
44.5805
39.1515
39.1167
34.3176
34.2867
29.9963
29.9686
26.1474
26.123
22.8134
22.7927
20.0213
20.0041
17.6695
17.6547
15.6169
15.6038
13.779
13.7672
12.1147
12.104
10.607
10.5973
9.26753
9.25909
8.11736
8.11023
7.14546
7.13936
6.30082
6.29542
5.54285
5.53797
4.85131
4.84683
4.21671
4.2126
3.63907
3.63538
2.96601
2.95853
2.09968
2.09514
1.55732
1.55437
1.19783
1.19582
0.941656
-2.16374
-2.42945
-2.44981
-2.74856
-2.77185
-3.11941
-3.14684
-3.55642
-3.58834
-4.05638
-4.09226
-4.61134
-4.65085
-5.22141
-5.26488
-5.89436
-5.94249
-6.64803
-6.70273
-7.5182
-7.58258
-8.55196
-8.6283
-9.76148
-9.8494
-11.1269
-11.2245
-12.6367
-12.7444
-14.3033
-14.4225
-16.1644
-16.2987
-18.2931
-18.4498
-20.8158
-21.0038
-23.8281
-24.0494
-27.305
-27.5558
-31.202
-31.4819
-35.5457
-35.8579
-40.4271
-40.781
-46.0471
-46.4609
-52.7745
-53.2826
-61.0917
-61.7205
-71.2578
-72.0165
-83.4458
-84.3526
-98.1683
-99.2774
-116.529
-117.952
-140.565
-142.453
-173.368
-175.988
-216.596
-219.735
-259.385
-261.373
-260.456
-257.927
-175.159
-166.006
-12.6936
-0.46564
152.652
161.605
245.542
248.386
249.854
248.061
211.536
208.554
170.356
167.89
138.207
136.351
114.156
112.75
95.5866
94.4802
80.7448
79.8457
68.6648
67.9347
58.9384
58.3566
51.1835
50.7151
44.7991
44.4027
39.3082
38.9604
34.457
34.1478
30.121
29.8445
26.2574
26.0138
22.9068
22.6999
20.0992
19.9266
17.736
17.5885
15.676
15.545
13.8323
13.7141
12.163
12.0558
10.6506
10.554
9.30565
9.22123
8.14958
8.07828
7.17297
7.11198
6.32515
6.27121
5.56487
5.51606
4.87152
4.82668
4.23522
4.19415
3.6557
3.61886
3.00001
2.92524
2.1203
2.07484
1.57069
1.54122
1.20689
1.18684
0.948366
-2.19131
-2.23167
-2.27266
-2.31428
-2.35641
-2.39937
-2.48045
-2.52536
-2.57112
-2.61789
-2.66551
-2.71423
-2.80702
-2.85871
-2.91191
-2.96639
-3.02209
-3.07911
-3.18841
-3.24969
-3.31227
-3.37656
-3.44229
-3.50933
-3.63656
-3.70733
-3.77945
-3.85286
-3.92747
-4.00326
-4.14629
-4.22527
-4.30535
-4.38684
-4.46936
-4.5529
-4.71038
-4.79726
-4.88529
-4.97479
-5.06533
-5.15708
-5.33028
-5.42589
-5.52279
-5.62129
-5.72138
-5.82313
-6.01489
-6.12168
-6.22988
-6.34026
-6.45266
-6.56731
-6.78517
-6.9066
-7.03143
-7.15914
-7.28954
-7.42327
-7.68009
-7.82405
-7.97181
-8.12393
-8.27958
-8.43917
-8.74396
-8.91463
-9.08838
-9.26619
-9.4473
-9.63205
-9.98179
-10.1757
-10.3726
-10.5729
-10.7763
-10.9823
-11.3715
-11.5863
-11.8041
-12.0257
-12.25
-12.4773
-12.9063
-13.1432
-13.3837
-13.6283
-13.8759
-14.127
-14.602
-14.8661
-15.1338
-15.4059
-15.6835
-15.9659
-16.5012
-16.7993
-17.1045
-17.4163
-17.735
-18.062
-18.687
-19.0375
-19.3977
-19.7686
-20.1485
-20.5392
-21.2889
-21.7092
-22.1413
-22.5854
-23.039
-23.5018
-24.3834
-24.8749
-25.3754
-25.8865
-26.4059
-26.9344
-27.9328
-28.4857
-29.0483
-29.6201
-30.2003
-30.789
-31.9019
-32.5176
-33.1443
-33.7807
-34.4268
-35.0844
-36.3278
-37.0168
-37.718
-38.4333
-39.1639
-39.9066
-41.3167
-42.1044
-42.9078
-43.731
-44.5737
-45.438
-47.0882
-48.0206
-48.9795
-49.9657
-50.9804
-52.0309
-54.053
-55.1994
-56.3838
-57.6072
-58.8683
-60.1709
-62.6755
-64.087
-65.539
-67.032
-68.5667
-70.1421
-73.1645
-74.8607
-76.6009
-78.392
-80.225
-82.1107
-85.7289
-87.7649
-89.8607
-92.0214
-94.2438
-96.5398
-100.966
-103.485
-106.094
-108.785
-111.567
-114.462
-120.132
-123.382
-126.767
-130.291
-133.968
-137.814
-145.354
-149.74
-154.352
-159.15
-164.253
-169.568
-179.982
-185.939
-192.112
-198.53
-205.13
-211.884
-224.526
-231.409
-238.095
-244.463
-250.445
-256.006
-263.934
-267.17
-268.618
-268.683
-267.084
-263.721
-253.289
-244.48
-233.333
-220.252
-205.281
-188.19
-151.885
-129.772
-106.224
-81.8489
-56.7222
-30.8418
17.6595
43.4101
68.862
92.9506
116.14
138.217
174.492
191.664
207.156
220.548
231.747
240.538
251.822
254.596
256.321
256.352
254.935
252.285
245.266
240.096
234.407
228.473
222.31
215.981
204.137
197.865
191.637
185.549
179.769
174.129
164.278
159.219
154.363
149.745
145.298
141.055
133.654
129.905
126.305
122.836
119.497
116.296
110.694
107.822
105.053
102.368
99.7699
97.2679
92.8604
90.5794
88.3671
86.2199
84.134
82.109
78.5261
76.6689
74.8646
73.114
71.4207
69.774
66.8662
65.3628
63.9073
62.4949
61.1353
59.8228
57.5067
56.3146
55.1603
54.0392
52.9512
51.8956
50.0261
49.0544
48.1068
47.1823
46.2796
45.3979
43.82
42.9907
42.1757
41.379
40.5985
39.8315
38.4481
37.7174
37.0021
36.2961
35.6036
34.9223
33.6908
33.039
32.3985
31.7681
31.1475
30.5372
29.436
28.8533
28.2804
27.7177
27.1665
26.6253
25.6549
25.1453
24.6463
24.1583
23.6837
23.2206
22.3961
21.9662
21.5477
21.14
20.7448
20.36
19.6728
19.314
18.9634
18.6207
18.2859
17.9585
17.3706
17.0605
16.7557
16.4559
16.1624
15.8733
15.3512
15.0753
14.803
14.5341
14.2697
14.01
13.5393
13.2897
13.0432
12.7999
12.5603
12.3243
11.897
11.6699
11.447
11.2267
11.0098
10.7963
10.4116
10.2082
10.0084
9.81307
9.62134
9.43324
9.09702
8.92094
8.74887
8.58095
8.41732
8.25773
7.97359
7.82549
7.68068
7.5388
7.40031
7.2648
7.0222
6.89466
6.76955
6.64643
6.52544
6.4064
6.19151
6.07774
5.96555
5.85481
5.74597
5.63853
5.4438
5.3404
5.23813
5.137
5.0375
4.93904
4.76039
4.66535
4.57156
4.47882
4.38721
4.29703
4.13329
4.04633
3.96055
3.87603
3.79299
3.71135
3.56436
3.48711
3.41245
3.34085
3.27235
3.11671
2.81937
2.67533
2.54089
2.41608
2.29944
2.19089
2.00944
1.92005
1.83677
1.75902
1.68539
1.61625
1.49883
1.44019
1.38576
1.33376
1.28431
1.2376
1.15759
1.11682
1.07783
1.04055
1.00499
0.971091
