-2.15622
-2.34909
-2.55726
-2.78491
-3.03738
-3.31894
-3.63099
-3.97175
-4.33929
-4.73257
-5.15269
-5.60228
-6.08609
-6.61236
-7.19252
-7.84087
-8.56786
-9.37565
-10.2592
-11.2138
-12.2376
-13.3343
-14.5125
-15.7862
-17.179
-18.7256
-20.4638
-22.4224
-24.6056
-27.0003
-29.5985
-32.4018
-35.4274
-38.7132
-42.313
-46.3195
-50.8567
-56.0745
-62.0962
-68.9955
-76.838
-85.7479
-95.9593
-107.843
-121.979
-139.11
-160.306
-186.342
-216.686
-246.884
-266.116
-258.387
-210.226
-121.177
-6.68984
107.793
197.277
245.776
254.669
237.168
208.842
180.294
155.378
134.884
118.063
104.097
92.2965
82.1673
73.4053
65.8367
59.3375
53.7559
48.9138
44.6338
40.7806
37.266
34.0282
31.035
28.2718
25.7386
23.4488
21.4086
19.5995
17.9825
16.5167
15.1682
13.9172
12.7499
11.6597
10.6447
9.70916
8.85869
8.09558
7.41322
6.7966
6.23207
5.70791
5.21753
4.75668
4.32319
3.91849
3.54837
3.1049
2.41548
1.93295
1.58092
1.3143
1.10773
0.940837
0.807085
-2.15714
-2.3481
-2.35008
-2.55618
-2.55833
-2.78373
-2.78609
-3.03606
-3.0387
-3.31748
-3.32041
-3.62937
-3.6326
-3.97
-3.9735
-4.33741
-4.34117
-4.73056
-4.73457
-5.15054
-5.15483
-5.59998
-5.60458
-6.0836
-6.08857
-6.60964
-6.61507
-7.1895
-7.19554
-7.83748
-7.84425
-8.56407
-8.57166
-9.37147
-9.37984
-10.2547
-10.2638
-11.2089
-11.2186
-12.2323
-12.2428
-13.3287
-13.3399
-14.5065
-14.5186
-15.7796
-15.7928
-17.1718
-17.1863
-18.7175
-18.7337
-20.4547
-20.4729
-22.4122
-22.4326
-24.5944
-24.6169
-26.988
-27.0127
-29.5851
-29.6118
-32.3875
-32.4162
-35.4119
-35.443
-38.6962
-38.7301
-42.2944
-42.3317
-46.2985
-46.3405
-50.8328
-50.8807
-56.0468
-56.1023
-62.0645
-62.128
-68.9592
-69.0319
-76.7968
-76.8792
-85.701
-85.7949
-95.9051
-96.0135
-107.779
-107.906
-121.903
-122.055
-139.017
-139.204
-160.19
-160.423
-186.201
-186.483
-216.53
-216.842
-246.749
-247.018
-266.07
-266.162
-258.515
-258.257
-210.567
-209.883
-121.698
-120.654
-7.28271
-6.09686
107.263
108.322
196.929
197.623
245.64
245.911
254.705
254.632
237.296
237.039
208.989
208.694
180.428
180.16
155.49
155.267
134.976
134.793
118.139
117.988
104.16
104.034
92.3504
92.2427
82.2139
82.1207
73.4456
73.3651
65.8714
65.802
59.3673
59.3079
53.7814
53.7304
48.9362
48.8913
44.6538
44.6138
40.7988
40.7624
37.2826
37.2493
34.0436
34.0129
31.0492
31.0208
28.2849
28.2588
25.7506
25.7267
23.4595
23.4381
21.4181
21.3992
19.6079
19.5911
17.9901
17.9749
16.5237
16.5098
15.1746
15.1618
13.9232
13.9113
12.7554
12.7443
11.6649
11.6545
10.6495
10.6399
9.71357
9.70474
8.86267
8.85471
8.09916
8.09201
7.41641
7.41002
6.79951
6.79369
6.23475
6.22939
5.7104
5.70541
5.21987
5.21518
4.75889
4.75447
4.32527
4.32112
3.92041
3.91657
3.55009
3.54664
3.10905
3.10076
2.41829
2.41268
1.93497
1.93094
1.58242
1.57942
1.31546
1.31315
1.10865
1.10682
0.94158
0.940096
0.807695
-2.16405
-2.34071
-2.3575
-2.54816
-2.56639
-2.7749
-2.79497
-3.0262
-3.0486
-3.30651
-3.33143
-3.61729
-3.64474
-3.9569
-3.98665
-4.32333
-4.35529
-4.71553
-4.74965
-5.13449
-5.17094
-5.58274
-5.62188
-6.06498
-6.10728
-6.5893
-6.6355
-7.16689
-7.21826
-7.81215
-7.86971
-8.5357
-8.60017
-9.34015
-9.41129
-10.2207
-10.2979
-11.1723
-11.2554
-12.1931
-12.2822
-13.2867
-13.382
-14.4612
-14.564
-15.7306
-15.842
-17.1176
-17.2406
-18.6571
-18.7945
-20.3866
-20.5417
-22.3357
-22.5095
-24.5097
-24.7019
-26.8957
-27.1053
-29.4854
-29.712
-32.2797
-32.5242
-35.2955
-35.5598
-38.5695
-38.8574
-42.1547
-42.4721
-46.1413
-46.4984
-50.6535
-51.0613
-55.8396
-56.3109
-61.827
-62.3671
-68.6876
-69.3052
-76.4886
-77.1891
-85.35
-86.1483
-95.5004
-96.4213
-107.305
-108.385
-121.333
-122.629
-138.316
-139.912
-159.325
-161.305
-185.146
-187.543
-215.361
-218.014
-245.728
-248.016
-265.756
-266.478
-259.441
-257.245
-213.095
-207.274
-125.593
-116.746
-11.7253
-1.64564
103.277
112.281
194.291
200.19
244.588
246.886
254.952
254.333
238.241
236.058
210.094
207.587
181.437
179.157
156.333
154.435
135.668
134.108
118.705
117.423
104.634
103.564
92.7559
91.8392
82.5644
81.7723
73.7485
73.0644
66.1327
65.543
59.5908
59.0859
53.9733
53.5392
49.1048
48.7237
44.8039
44.4644
40.9353
40.6266
37.4075
37.1249
34.159
33.8979
31.1561
30.9143
28.3833
28.1608
25.8401
25.6376
23.5397
23.3582
21.4894
21.3283
19.6712
19.5281
18.0472
17.9181
16.5757
16.4579
15.2228
15.1139
13.968
13.8666
12.7973
12.7026
11.7039
11.6156
10.6858
10.6038
9.74678
9.67168
8.89261
8.82491
8.12603
8.06538
7.44043
7.38613
6.82136
6.77193
6.25489
6.20932
5.72918
5.68669
5.23748
5.19762
4.77548
4.73793
4.34084
4.3056
3.93484
3.9022
3.56305
3.53377
3.1404
3.07
2.4395
2.39181
1.95018
1.91596
1.59372
1.5683
1.32416
1.30455
1.11553
1.1
0.947173
0.93456
0.812286
-2.1836
-2.21031
-2.23738
-2.26469
-2.29221
-2.32002
-2.37849
-2.40725
-2.43629
-2.46575
-2.49553
-2.52571
-2.58921
-2.62056
-2.6523
-2.68455
-2.71715
-2.75025
-2.82014
-2.85475
-2.88986
-2.92556
-2.96182
-2.99867
-3.07665
-3.11527
-3.1545
-3.1944
-3.23484
-3.27589
-3.36262
-3.4056
-3.44914
-3.49339
-3.53816
-3.5835
-3.67908
-3.72619
-3.77381
-3.82212
-3.87091
-3.92024
-4.02385
-4.07482
-4.12632
-4.17838
-4.23088
-4.28392
-4.39521
-4.44982
-4.50496
-4.5607
-4.61686
-4.67348
-4.79231
-4.85072
-4.90952
-4.96902
-5.02901
-5.08953
-5.21647
-5.2788
-5.34172
-5.40538
-5.46959
-5.5345
-5.67079
-5.73772
-5.80537
-5.8739
-5.94309
-6.01293
-6.16021
-6.23268
-6.30619
-6.38073
-6.45614
-6.53245
-6.69342
-6.77318
-6.85405
-6.93623
-7.01935
-7.10383
-7.28271
-7.37145
-7.46176
-7.55354
-7.6468
-7.74143
-7.94188
-8.04153
-8.14283
-8.24589
-8.35035
-8.45648
-8.68091
-8.7919
-8.90454
-9.01911
-9.13508
-9.2526
-9.5002
-9.62225
-9.74584
-9.87112
-9.99761
-10.1255
-10.3944
-10.5267
-10.6603
-10.7955
-10.9319
-11.0698
-11.3591
-11.5012
-11.6446
-11.7898
-11.9359
-12.0834
-12.3934
-12.5454
-12.6989
-12.8544
-13.011
-13.1692
-13.5011
-13.6642
-13.8289
-13.9963
-14.1645
-14.3346
-14.6924
-14.8683
-15.0461
-15.2263
-15.4086
-15.5932
-15.9814
-16.1729
-16.3672
-16.5647
-16.7643
-16.9666
-17.3947
-17.6068
-17.8218
-18.0406
-18.2628
-18.4885
-18.9668
-19.2042
-19.446
-19.6919
-19.9423
-20.1965
-20.7361
-21.0042
-21.2769
-21.5543
-21.8358
-22.1217
-22.7276
-23.0277
-23.3323
-23.6417
-23.9552
-24.2729
-24.9424
-25.2729
-25.6078
-25.9473
-26.2902
-26.6374
-27.3676
-27.727
-28.0905
-28.4583
-28.8303
-29.2064
-29.995
-30.3833
-30.7758
-31.172
-31.5727
-31.9782
-32.829
-33.2477
-33.6714
-34.0995
-34.5324
-34.9703
-35.8899
-36.3432
-36.8023
-37.2674
-37.7384
-38.2154
-39.2176
-39.7129
-40.2151
-40.7231
-41.2399
-41.7647
-42.8707
-43.4193
-43.977
-44.5433
-45.1186
-45.7034
-46.9463
-47.5648
-48.1932
-48.8343
-49.4877
-50.1544
-51.5745
-52.283
-53.0069
-53.7443
-54.4967
-55.2646
-56.903
-57.7215
-58.556
-59.4082
-60.2777
-61.1637
-63.0465
-63.9862
-64.945
-65.9223
-66.9181
-67.9312
-70.0801
-71.1497
-72.2393
-73.3487
-74.4789
-75.6295
-78.0679
-79.2817
-80.5189
-81.7799
-83.0651
-84.3728
-87.1509
-88.5375
-89.9512
-91.394
-92.8675
-94.3739
-97.5805
-99.1911
-100.833
-102.514
-104.231
-105.986
-109.746
-111.653
-113.594
-115.595
-117.643
-119.753
-124.265
-126.54
-128.892
-131.316
-133.81
-136.377
-141.933
-144.767
-147.673
-150.663
-153.735
-156.928
-163.812
-167.273
-170.841
-174.528
-178.315
-182.204
-190.542
-194.746
-198.996
-203.356
-207.747
-212.148
-221.319
-225.84
-230.266
-234.58
-238.734
-242.795
-250.722
-254.167
-257.275
-260.028
-262.475
-264.576
-267.13
-267.459
-266.988
-265.944
-264.141
-261.691
-254.131
-249.043
-243.06
-236.174
-228.393
-219.881
-199.631
-188.622
-176.879
-164.09
-150.525
-136.349
-105.623
-89.8377
-73.7894
-57.4615
-40.929
-24.1779
10.6617
27.5791
44.1658
60.4685
76.2985
91.9579
123.17
137.302
150.678
163.36
175.366
186.573
206.873
215.543
223.317
230.231
236.179
241.245
249.305
251.998
253.898
255.167
255.666
255.458
253.471
251.66
249.344
246.727
243.817
240.751
233.277
229.42
225.565
221.5
217.381
213.191
204.506
200.352
196.294
192.25
188.243
184.305
176.357
172.634
169.025
165.503
162.088
158.736
152.123
149.06
146.095
143.198
140.386
137.637
132.209
129.697
127.255
124.878
122.574
120.32
115.863
113.79
111.77
109.797
107.866
105.985
102.256
100.513
98.8073
97.1359
95.5014
93.9056
90.7176
89.224
87.7609
86.3308
84.9305
83.5569
80.8066
79.517
78.2529
77.0127
75.7996
74.6107
72.2281
71.1115
70.0184
68.9481
67.8987
66.874
64.8239
63.8641
62.9244
62.0045
61.1048
60.2252
58.4686
57.6432
56.8372
56.0472
55.275
54.5192
53.0073
52.2962
51.5987
50.9136
50.2421
49.5828
48.2552
47.6307
47.0163
46.4099
45.8152
45.2292
44.0476
43.4882
42.9364
42.3916
41.8533
41.3218
40.2474
39.7382
39.235
38.7383
38.2471
37.7613
36.7766
36.308
35.8446
35.386
34.9329
34.4851
33.5766
33.1439
32.7156
32.2918
31.8727
31.4582
30.6169
30.2168
29.8214
29.4301
29.0435
28.6614
27.8871
27.5192
27.1558
26.7972
26.4436
26.0939
25.3885
25.0545
24.7254
24.4007
24.082
23.7679
23.1352
22.8364
22.5428
22.2538
21.9705
21.6917
21.1301
20.8656
20.6054
20.3495
20.0983
19.8508
19.3525
19.1167
18.8845
18.6556
18.4307
18.2088
17.7595
17.5469
17.3371
17.1298
16.9252
16.723
16.313
16.118
15.9251
15.7343
15.5458
15.3591
14.9797
14.7993
14.6207
14.4434
14.2682
14.0947
13.7416
13.5734
13.4065
13.241
13.0773
12.9155
12.5859
12.4286
12.2729
12.1184
11.9657
11.8143
11.5066
11.36
11.2148
11.0709
10.9288
10.7883
10.5029
10.3673
10.2334
10.1007
9.96986
9.84073
9.57932
9.45542
9.33329
9.21285
9.09424
8.97745
8.74169
8.63034
8.52065
8.41265
8.30651
8.202
7.99112
7.89151
7.79355
7.69702
7.60202
7.50846
7.31942
7.22981
7.14147
7.05421
6.96822
6.88324
6.71111
6.62947
6.54874
6.46878
6.38986
6.31182
6.15314
6.07747
6.00265
5.92845
5.85505
5.7823
5.63431
5.5638
5.49377
5.42424
5.35546
5.28728
5.1484
5.08203
5.01623
4.95095
4.88635
4.82233
4.69161
4.62915
4.56728
4.50585
4.44506
4.38485
4.26213
4.20363
4.14572
4.08835
4.03169
3.97566
3.86201
3.80806
3.7549
3.70239
3.65075
3.5999
3.49793
3.45039
3.40359
3.35774
3.31312
3.23177
2.98593
2.87773
2.77583
2.67928
2.58768
2.50072
2.33456
2.25996
2.18876
2.12083
2.05595
1.99397
1.87484
1.82123
1.76957
1.71978
1.67205
1.62626
1.5373
1.49633
1.45737
1.42009
1.38399
1.34909
1.28078
1.24953
1.21952
1.19067
1.16253
1.13518
1.08112
1.05615
1.03197
1.00839
0.985432
0.963154
0.919232
0.898996
0.879883
0.861395
0.843212
0.825302
