-1.72451
-1.89709
-2.08118
-2.27839
-2.49127
-2.72422
-2.98212
-3.27069
-3.59179
-3.94451
-4.32715
-4.73849
-5.18
-5.65463
-6.1684
-6.73104
-7.35545
-8.05602
-8.84274
-9.71555
-10.6695
-11.7013
-12.812
-14.0085
-15.3043
-16.7214
-18.294
-20.0615
-22.0587
-24.2984
-26.7718
-29.4711
-32.3979
-35.5734
-39.0392
-42.8596
-47.1409
-52.0214
-57.6566
-64.1676
-71.631
-80.1435
-89.8693
-101.118
-114.361
-130.275
-149.734
-173.497
-201.235
-229.239
-248.041
-241.994
-198.75
-115.276
-6.67427
102.306
185.932
229.998
236.851
220.012
193.824
167.705
144.987
126.103
110.467
97.3857
86.2408
76.6606
68.3903
61.2915
55.2157
49.9795
45.3905
41.29
37.5719
34.1659
31.0325
28.1536
25.5298
23.1701
21.0767
19.2245
17.5689
16.069
14.6911
13.4153
12.2297
11.1286
10.113
9.18785
8.35663
7.61504
6.94965
6.34488
5.78729
5.26834
4.78272
4.32801
3.90505
3.52128
2.99039
2.31922
1.84641
1.50112
1.24206
1.04154
0.880551
0.749796
0.635122
0.538813
-1.7253
-1.89625
-1.89793
-2.08029
-2.08208
-2.27742
-2.27935
-2.49022
-2.49232
-2.72306
-2.72537
-2.98084
-2.98341
-3.26926
-3.27213
-3.5902
-3.59338
-3.94277
-3.94625
-4.32528
-4.32902
-4.73648
-4.7405
-5.17784
-5.18216
-5.65229
-5.65697
-6.16587
-6.17093
-6.72825
-6.73384
-7.35233
-7.35856
-8.05251
-8.05952
-8.83882
-8.84666
-9.71127
-9.71983
-10.6648
-10.6742
-11.6962
-11.7063
-12.8065
-12.8174
-14.0027
-14.0144
-15.2979
-15.3107
-16.7143
-16.7284
-18.2862
-18.3018
-20.0526
-20.0704
-22.0488
-22.0687
-24.2873
-24.3095
-26.7596
-26.784
-29.4578
-29.4843
-32.3835
-32.4123
-35.5578
-35.589
-39.0221
-39.0563
-42.8406
-42.8786
-47.1195
-47.1624
-51.9968
-52.0461
-57.6279
-57.6852
-64.1347
-64.2005
-71.5934
-71.6686
-80.1007
-80.1864
-89.8201
-89.9185
-101.061
-101.175
-114.293
-114.429
-130.193
-130.358
-149.633
-149.836
-173.375
-173.619
-201.1
-201.369
-229.119
-229.36
-247.997
-248.082
-242.103
-241.884
-199.061
-198.439
-115.744
-114.807
-7.21207
-6.13635
101.833
102.778
185.61
186.254
229.883
230.112
236.883
236.819
220.124
219.899
193.952
193.696
167.822
167.588
145.085
144.888
126.185
126.023
110.534
110.4
97.4425
97.329
86.2894
86.1922
76.7026
76.6187
68.4265
68.3541
61.3225
61.2606
55.2422
55.1892
50.0025
49.9565
45.4109
45.3702
41.3084
41.2716
37.5886
37.5551
34.1813
34.1505
31.0466
31.0183
28.1666
28.1407
25.5415
25.518
23.1806
23.1596
21.086
21.0674
19.2327
19.2162
17.5763
17.5615
16.0757
16.0622
14.6973
14.6849
13.4211
13.4095
12.2351
12.2243
11.1336
11.1236
10.1176
10.1084
9.192
9.1837
8.36035
8.35292
7.61834
7.61173
6.95264
6.94667
6.34761
6.34215
5.78983
5.78476
5.2707
5.26597
4.78494
4.7805
4.33008
4.32593
3.90696
3.90314
3.52297
3.51959
2.99424
2.98654
2.32185
2.31659
1.84829
1.84453
1.50253
1.49971
1.24313
1.241
1.04238
1.04069
0.881203
0.879899
0.750377
0.749215
0.635619
0.634626
0.539239
-1.73142
-1.88975
-1.90445
-2.07334
-2.08905
-2.26997
-2.28683
-2.48212
-2.50045
-2.71415
-2.73432
-2.9709
-2.9934
-3.25819
-3.28326
-3.5779
-3.60574
-3.92935
-3.95973
-4.3108
-4.34355
-4.72092
-4.75611
-5.16116
-5.1989
-5.63428
-5.67506
-6.14631
-6.19058
-6.7067
-6.75557
-7.32824
-7.38279
-8.02544
-8.08674
-8.80854
-8.87708
-9.67815
-9.75331
-10.6286
-10.7106
-11.6572
-11.7455
-12.7645
-12.8596
-13.9573
-14.0599
-15.2485
-15.3603
-16.66
-16.783
-18.2255
-18.3628
-19.9841
-20.1391
-21.9714
-22.1464
-24.2012
-24.3959
-26.6652
-26.8787
-29.3553
-29.5872
-32.2724
-32.5238
-35.4369
-35.7104
-38.8896
-39.1893
-42.6936
-43.0264
-46.9536
-47.3292
-51.8061
-52.2381
-57.4065
-57.908
-63.8805
-64.4561
-71.3026
-71.9612
-79.7695
-80.52
-89.4403
-90.3013
-100.618
-101.62
-113.767
-114.96
-129.556
-131
-148.847
-150.627
-172.429
-174.57
-200.06
-202.409
-228.181
-230.287
-247.652
-248.379
-242.925
-241.003
-201.446
-196.059
-119.357
-111.158
-11.376
-1.96335
98.1509
106.336
183.126
188.639
228.959
230.958
237.116
236.558
220.978
219.022
194.95
192.705
168.733
166.685
145.848
144.129
126.816
125.398
111.058
109.88
97.8834
96.8907
86.6679
85.8174
77.0286
76.295
68.7081
68.0749
61.5632
61.0216
55.4486
54.9845
50.1815
49.7785
45.5691
45.2127
41.4511
41.1295
37.7186
37.4256
34.3008
34.0314
31.1567
30.9086
28.2674
28.0403
25.6329
25.4271
23.2623
23.0785
21.1583
20.9954
19.2969
19.1524
17.6339
17.5042
16.1284
16.0098
14.7458
14.6366
13.4661
13.3646
12.2769
12.1826
11.1725
11.085
10.1533
10.073
9.2242
9.15165
8.38915
8.32422
7.64402
7.58618
6.97583
6.92358
6.36883
6.32102
5.80949
5.76516
5.28909
5.24766
4.80214
4.76334
4.34619
4.30988
3.92182
3.88834
3.53613
3.50655
3.02441
2.95705
2.34231
2.29639
1.86292
1.83008
1.51354
1.48884
1.25142
1.23283
1.04896
1.03419
0.886269
0.874858
0.754897
0.744729
0.639484
0.630792
0.542551
-1.74892
-1.77294
-1.79721
-1.8217
-1.84639
-1.87133
-1.9231
-1.94875
-1.97461
-2.00072
-2.02705
-2.05367
-2.10898
-2.13635
-2.16405
-2.19204
-2.22028
-2.24885
-2.30823
-2.33775
-2.36764
-2.39785
-2.42833
-2.45922
-2.52374
-2.55586
-2.58845
-2.62145
-2.65498
-2.68893
-2.75996
-2.79538
-2.83139
-2.86798
-2.90512
-2.94285
-3.02204
-3.0618
-3.10201
-3.14292
-3.18443
-3.22678
-3.31525
-3.35949
-3.40435
-3.44996
-3.49617
-3.54311
-3.64113
-3.68998
-3.73933
-3.78949
-3.84004
-3.89137
-3.99829
-4.05135
-4.10508
-4.15944
-4.21428
-4.26981
-4.38513
-4.44224
-4.50005
-4.55844
-4.61732
-4.67688
-4.80072
-4.86204
-4.92406
-4.98671
-5.04993
-5.11389
-5.24675
-5.31258
-5.37924
-5.44659
-5.51467
-5.58338
-5.72678
-5.79793
-5.86989
-5.94277
-6.01641
-6.09103
-6.24688
-6.32461
-6.4032
-6.48292
-6.56382
-6.64585
-6.81768
-6.9035
-6.99044
-7.07895
-7.16883
-7.26027
-7.45226
-7.54822
-7.64593
-7.74547
-7.84632
-7.94905
-8.16486
-8.27307
-8.38298
-8.49465
-8.60786
-8.72301
-8.9643
-9.08468
-9.20693
-9.33099
-9.45639
-9.58381
-9.84924
-9.98125
-10.1151
-10.2506
-10.3875
-10.5261
-10.8147
-10.9579
-11.1029
-11.2493
-11.3971
-11.5467
-11.8576
-12.0117
-12.1678
-12.3255
-12.4845
-12.6455
-12.9803
-13.1463
-13.3143
-13.4839
-13.6552
-13.8289
-14.1901
-14.3694
-14.551
-14.735
-14.9207
-15.1088
-15.5023
-15.6978
-15.8959
-16.0966
-16.3
-16.5067
-16.9394
-17.1553
-17.3751
-17.5982
-17.8241
-18.0542
-18.5375
-18.7796
-19.0258
-19.2766
-19.5314
-19.7909
-20.3365
-20.6099
-20.8885
-21.1721
-21.4606
-21.7529
-22.3687
-22.6763
-22.9897
-23.308
-23.6305
-23.9582
-24.6433
-24.985
-25.331
-25.6824
-26.0377
-26.3982
-27.1499
-27.5237
-27.9028
-28.2861
-28.6734
-29.0654
-29.8817
-30.2875
-30.6979
-31.1128
-31.5329
-31.958
-32.8428
-33.2827
-33.7281
-34.1786
-34.6346
-35.0957
-36.0575
-36.5364
-37.0212
-37.5124
-38.0101
-38.5154
-39.5696
-40.0954
-40.6286
-41.1698
-41.7193
-42.2783
-43.4499
-44.0357
-44.6327
-45.239
-45.856
-46.4858
-47.8076
-48.4725
-49.151
-49.8428
-50.5486
-51.2693
-52.7893
-53.5562
-54.339
-55.1365
-55.9514
-56.7845
-58.5468
-59.4332
-60.3385
-61.2613
-62.2038
-63.1645
-65.1903
-66.2104
-67.25
-68.3086
-69.3877
-70.4841
-72.7999
-73.9622
-75.1486
-76.3553
-77.5842
-78.8367
-81.4776
-82.8046
-84.1567
-85.5338
-86.9391
-88.3725
-91.4014
-92.929
-94.4874
-96.0786
-97.7061
-99.3736
-102.9
-104.678
-106.518
-108.394
-110.318
-112.29
-116.486
-118.621
-120.814
-123.063
-125.378
-127.767
-132.863
-135.449
-138.123
-140.88
-143.72
-146.645
-152.911
-156.105
-159.379
-162.756
-166.206
-169.743
-177.312
-181.174
-185.055
-189.025
-193.029
-197.087
-205.423
-209.57
-213.693
-217.762
-221.619
-225.434
-232.875
-236.161
-239.231
-242.046
-244.517
-246.509
-249.11
-249.669
-249.511
-248.874
-247.286
-245.002
-238.322
-233.956
-228.637
-222.417
-215.465
-207.799
-189.005
-178.649
-167.482
-155.535
-142.884
-129.478
-100.691
-85.7969
-70.5933
-54.9573
-39.0068
-23.1753
9.90266
25.9293
41.6651
57.2663
72.6011
87.5136
116.299
129.442
142.082
153.97
165.39
175.902
194.893
202.716
209.736
215.916
221.234
225.964
233.077
235.36
236.946
237.809
237.954
237.651
235.57
233.93
231.675
229.085
226.363
223.333
216.465
212.955
209.258
205.471
201.674
197.793
189.904
186.137
182.37
178.612
174.948
171.351
164.153
160.788
157.481
154.247
151.105
148.04
142.01
139.183
136.43
133.76
131.155
128.621
123.648
121.319
119.045
116.829
114.674
112.571
108.437
106.488
104.594
102.739
100.927
99.1554
95.6581
94.0085
92.3954
90.8151
89.2704
87.7579
84.7617
83.3455
81.9567
80.5993
79.2689
77.9655
75.3841
74.1623
72.9593
71.7867
70.6393
69.5163
67.2905
66.2397
65.21
64.2033
63.2164
62.2545
60.3516
59.451
58.5691
57.7084
56.8644
56.0407
54.4088
53.6366
52.8809
52.1395
51.4103
50.6948
49.277
48.6032
47.9413
47.2916
46.652
46.023
44.7677
44.1686
43.5781
42.9974
42.4246
41.8597
40.7279
40.1865
39.652
39.1248
38.6047
38.091
37.0593
36.5641
36.0749
35.5914
35.1144
34.6427
33.6944
33.2391
32.7894
32.3452
31.9059
31.4718
30.5986
30.1797
29.766
29.3577
28.9543
28.556
27.7567
27.3742
26.9968
26.6247
26.2569
25.8949
25.1702
24.8243
24.4845
24.1498
23.8201
23.4965
22.8496
22.5421
22.2403
21.9439
21.6513
21.3651
20.7931
20.5215
20.2548
19.9923
19.734
19.4804
18.9727
18.73
18.4925
18.2578
18.0269
17.7988
17.3425
17.1242
16.9087
16.6961
16.4861
16.2788
15.8617
15.6616
15.464
15.2685
15.0752
14.8844
14.5
14.3152
14.1325
13.9514
13.772
13.5949
13.2376
13.0658
12.8961
12.7278
12.5612
12.3966
12.0645
11.9049
11.7473
11.591
11.4363
11.2835
10.9756
10.8279
10.6822
10.538
10.3957
10.2553
9.97286
9.83782
9.70474
9.57326
9.4437
9.31636
9.06114
8.93937
8.81956
8.70155
8.58547
8.47148
8.24331
8.13479
8.02782
7.92263
7.81924
7.71759
7.5141
7.41699
7.32123
7.227
7.13374
7.04226
6.85835
6.77032
6.68358
6.59787
6.51327
6.42957
6.26123
6.1804
6.10046
6.02132
5.94317
5.86571
5.70965
5.63454
5.56034
5.48673
5.41382
5.34163
5.19579
5.12572
5.0562
4.98723
4.9189
4.85132
4.71475
4.64896
4.58389
4.51935
4.45545
4.39222
4.26446
4.203
4.14229
4.0822
4.02287
3.96434
3.84649
3.79023
3.73485
3.68021
3.62657
3.57399
3.46982
3.42059
3.37273
3.32596
3.24085
3.11318
2.87606
2.77099
2.67149
2.57702
2.48717
2.40202
2.24024
2.16692
2.09688
2.0299
1.96613
1.90549
1.78975
1.73666
1.6856
1.63673
1.5901
1.54555
1.4586
1.41929
1.38138
1.34474
1.30943
1.2755
1.21005
1.17992
1.15067
1.12223
1.09466
1.06798
1.01599
0.991723
0.968044
0.945059
0.92281
0.90133
0.860626
0.84146
0.822625
0.80406
0.785827
0.767864
0.732088
0.714902
0.698238
0.681984
0.6661
0.650613
0.620019
0.605659
0.591644
0.578
0.564726
0.551844
