-2.26255
-2.48362
-2.72632
-2.99638
-3.29944
-3.63771
-4.01004
-4.41469
-4.85076
-5.32048
-5.82805
-6.3817
-6.99331
-7.67923
-8.45311
-9.32122
-10.28
-11.3247
-12.454
-13.6749
-14.9984
-16.4484
-18.0608
-19.8778
-21.9396
-24.2629
-26.8408
-29.6653
-32.7383
-36.0889
-39.7629
-43.847
-48.4662
-53.7827
-59.9619
-67.1256
-75.3608
-84.8056
-95.7147
-108.524
-123.891
-142.708
-165.934
-193.686
-223.047
-245.131
-243.219
-202.421
-118.43
-6.71238
105.382
189.729
231.431
234.197
214.19
186.743
160.522
138.175
119.842
104.705
92.0305
81.2433
71.9997
64.0947
57.3649
51.6178
46.6379
42.2372
38.2778
34.6724
31.3697
28.3458
25.5996
23.1402
20.9677
19.052
17.3466
15.8043
14.3903
13.0846
11.8749
10.7573
9.73443
8.81143
7.98934
7.2576
6.60005
5.99946
5.4444
4.92749
4.44476
3.99639
3.58877
3.10605
2.37207
1.86737
1.50403
1.23427
1.02811
0.864026
-2.26351
-2.48257
-2.48466
-2.72517
-2.72748
-2.99509
-2.99767
-3.29799
-3.30089
-3.6361
-3.63932
-4.00829
-4.0118
-4.41279
-4.41659
-4.84872
-4.8528
-5.31827
-5.32269
-5.82566
-5.83044
-6.37908
-6.38432
-6.99039
-6.99624
-7.67594
-7.68253
-8.4494
-8.45683
-9.31708
-9.32536
-10.2754
-10.2845
-11.3198
-11.3297
-12.4487
-12.4593
-13.6692
-13.6807
-14.9921
-15.0046
-16.4415
-16.4552
-18.0531
-18.0685
-19.869
-19.8865
-21.9297
-21.9495
-24.2518
-24.274
-26.8286
-26.853
-29.6519
-29.6786
-32.7238
-32.7529
-36.0731
-36.1047
-39.7455
-39.7804
-43.8275
-43.8665
-48.4438
-48.4887
-53.7568
-53.8085
-59.9318
-59.9921
-67.0908
-67.1604
-75.3208
-75.4007
-84.7598
-84.8514
-95.6614
-95.768
-108.461
-108.587
-123.814
-123.968
-142.613
-142.802
-165.819
-166.05
-193.553
-193.819
-222.92
-223.174
-245.072
-245.189
-243.311
-243.126
-202.705
-202.135
-118.894
-117.965
-7.24873
-6.17583
104.93
105.834
189.45
190.008
231.333
231.528
234.247
234.146
214.31
214.07
186.868
186.619
160.632
160.412
138.267
138.084
119.918
119.767
104.768
104.643
92.0832
91.9778
81.2884
81.1983
72.0384
71.9611
64.1277
64.0617
57.393
57.3368
51.642
51.5937
46.659
46.6168
42.256
42.2184
38.2949
38.2607
34.688
34.6568
31.384
31.3554
28.3588
28.3328
25.6114
25.5878
23.1507
23.1297
20.9769
20.9584
19.0602
19.0439
17.3539
17.3393
15.811
15.7976
14.3964
14.3841
13.0903
13.079
11.8802
11.8696
10.7621
10.7525
9.73884
9.73003
8.81538
8.80749
7.99284
7.98583
7.26074
7.25447
6.60289
6.59722
6.00206
5.99685
5.44682
5.44197
4.92975
4.92523
4.44687
4.44266
3.99833
3.99444
3.5905
3.58704
3.11015
3.10195
2.37478
2.36937
1.86928
1.86546
1.50545
1.50261
1.23533
1.23322
1.02894
1.02729
0.864671
-2.27096
-2.4745
-2.49277
-2.71623
-2.73645
-2.9851
-3.00772
-3.28677
-3.31216
-3.62365
-3.65182
-3.99468
-4.02546
-4.39808
-4.43135
-4.83291
-4.86866
-5.3012
-5.33982
-5.80716
-5.84901
-6.35881
-6.40469
-6.96777
-7.01901
-7.65046
-7.7081
-8.42068
-8.4857
-9.28508
-9.3575
-10.2403
-10.3197
-11.2818
-11.3678
-12.4077
-12.5006
-13.6247
-13.7253
-14.9437
-15.0532
-16.3883
-16.5089
-17.9933
-18.1285
-19.8015
-19.9544
-21.8529
-22.0267
-24.166
-24.3602
-26.734
-26.948
-29.5488
-29.7821
-32.6116
-32.8655
-35.9506
-36.2277
-39.6106
-39.9159
-43.6765
-44.0182
-48.2707
-48.6631
-53.5569
-54.0098
-59.6991
-60.2263
-66.8221
-67.4307
-75.0121
-75.7113
-84.4058
-85.2074
-95.2499
-96.1832
-107.974
-109.077
-123.224
-124.564
-141.881
-143.541
-164.932
-166.945
-192.523
-194.851
-221.942
-224.152
-244.594
-245.626
-244.001
-242.376
-204.881
-199.89
-122.457
-114.395
-11.3979
-2.00993
101.386
109.319
187.238
192.142
230.546
232.254
234.623
233.736
215.212
213.141
187.834
185.657
161.487
159.561
138.98
137.377
120.507
119.186
105.25
104.162
92.4932
91.5709
81.6389
80.85
72.3393
71.6626
64.3844
63.8068
57.6109
57.1199
51.8298
51.4072
46.8229
46.4536
42.4022
42.0729
38.4277
38.1285
34.8092
34.5362
31.495
31.2448
28.4602
28.2319
25.7028
25.4966
23.2321
23.0488
21.0486
20.8872
19.1237
18.9807
17.4107
17.2828
15.8629
15.7459
14.4442
14.3366
13.1344
13.035
11.921
11.8289
10.7998
10.715
9.77302
9.69599
8.84603
8.777
8.02008
7.95873
7.2851
7.23023
6.62491
6.57528
6.0223
5.97668
5.46563
5.42323
4.9473
4.90774
4.46324
4.42634
4.01344
3.9794
3.60393
3.57366
3.14227
3.07051
2.39593
2.34855
1.88415
1.85077
1.51651
1.49168
1.24353
1.22513
1.03539
1.02091
0.869678
-2.29299
-2.32382
-2.35498
-2.38653
-2.41851
-2.45088
-2.51678
-2.55045
-2.58457
-2.61928
-2.65447
-2.69014
-2.76304
-2.80033
-2.83827
-2.87688
-2.91602
-2.95591
-3.03753
-3.07938
-3.122
-3.16533
-3.20937
-3.25405
-3.34559
-3.39247
-3.4401
-3.48848
-3.53757
-3.58728
-3.68882
-3.74059
-3.79314
-3.84639
-3.90034
-3.95487
-4.06588
-4.12237
-4.17959
-4.23739
-4.29598
-4.35504
-4.475
-4.53596
-4.59763
-4.66004
-4.72301
-4.78657
-4.91567
-4.98129
-5.04767
-5.11478
-5.1825
-5.25114
-5.39048
-5.46123
-5.53289
-5.60542
-5.67873
-5.75304
-5.90392
-5.9808
-6.05886
-6.13802
-6.21813
-6.29965
-6.46498
-6.54969
-6.63578
-6.72305
-6.81168
-6.90191
-7.08654
-7.18094
-7.27721
-7.37511
-7.47452
-7.57606
-7.78396
-7.89063
-7.99937
-8.10999
-8.22237
-8.33687
-8.57131
-8.69142
-8.81356
-8.93774
-9.06366
-9.19156
-9.45268
-9.58594
-9.72112
-9.85829
-9.99696
-10.1376
-10.424
-10.5697
-10.7175
-10.8668
-11.0177
-11.1704
-11.4807
-11.6387
-11.7981
-11.9597
-12.1226
-12.2877
-12.6226
-12.7928
-12.9653
-13.1396
-13.3157
-13.4944
-13.8571
-14.0414
-14.2282
-14.4172
-14.6083
-14.8022
-15.1969
-15.3982
-15.6025
-15.8101
-16.0197
-16.2327
-16.6678
-16.8907
-17.1172
-17.3471
-17.5807
-17.819
-18.3064
-18.5563
-18.8114
-19.071
-19.3353
-19.6044
-20.1562
-20.44
-20.7294
-21.0242
-21.3238
-21.6292
-22.2556
-22.5764
-22.9032
-23.2357
-23.5731
-23.9153
-24.6154
-24.9728
-25.3364
-25.7053
-26.0786
-26.4575
-27.2291
-27.6224
-28.0211
-28.4251
-28.834
-29.2474
-30.0883
-30.5171
-30.9509
-31.3901
-31.8345
-32.2842
-33.199
-33.6656
-34.1378
-34.616
-35.1004
-35.5925
-36.5917
-37.1019
-37.6194
-38.144
-38.6769
-39.2166
-40.3176
-40.882
-41.4562
-42.0397
-42.6342
-43.2363
-44.4695
-45.1051
-45.7515
-46.4098
-47.0828
-47.7673
-49.178
-49.9053
-50.648
-51.4059
-52.1812
-52.9749
-54.6078
-55.4528
-56.3164
-57.199
-58.1011
-59.0219
-60.9225
-61.9047
-62.907
-63.9304
-64.9745
-66.0398
-68.2333
-69.3647
-70.5189
-71.6951
-72.8929
-74.1137
-76.633
-77.9293
-79.2496
-80.5966
-81.9714
-83.3746
-86.2643
-87.7579
-89.2819
-90.8354
-92.4247
-94.0532
-97.4145
-99.153
-100.931
-102.76
-104.636
-106.561
-110.54
-112.616
-114.749
-116.939
-119.192
-121.511
-126.344
-128.881
-131.495
-134.18
-136.94
-139.777
-145.741
-148.868
-152.095
-155.423
-158.848
-162.357
-169.626
-173.46
-177.37
-181.389
-185.403
-189.52
-197.894
-202.144
-206.413
-210.685
-214.893
-219.027
-226.957
-230.702
-234.117
-237.344
-240.315
-242.998
-246.717
-247.591
-248.099
-248.011
-247.354
-245.788
-239.879
-235.803
-230.902
-225.147
-218.428
-210.959
-192.83
-182.557
-171.362
-159.343
-146.302
-132.67
-103.732
-88.2898
-72.3739
-56.2659
-40.0125
-23.5225
10.095
26.7324
43.1117
59.383
75.2917
90.63
119.488
133.015
145.734
157.985
169.45
180.208
198.136
205.756
212.629
218.604
223.554
227.971
233.891
235.526
236.443
236.564
236.307
235.503
232.383
230.117
227.414
224.489
221.287
217.833
210.43
206.591
202.71
198.705
194.705
190.694
182.85
178.977
175.152
171.377
167.658
164.029
157.079
153.701
150.41
147.222
144.121
141.105
135.327
132.558
129.864
127.245
124.713
122.25
117.499
115.215
113.007
110.856
108.744
106.69
102.764
100.865
99.0112
97.2008
95.4345
93.7114
90.3861
88.7733
87.1966
85.6591
84.1536
82.6803
79.8377
78.4587
77.1107
75.7929
74.5022
73.2353
70.7935
69.6127
68.4585
67.3303
66.2276
65.1476
63.0654
62.0587
61.0762
60.1152
59.1763
58.2593
56.4892
55.6317
54.7934
53.9741
53.1726
52.3873
50.864
50.1242
49.3996
48.69
47.9929
47.3085
45.9776
45.3284
44.69
44.0618
43.4439
42.8354
41.6481
41.0663
40.493
39.9276
39.3704
38.8197
37.7425
37.2144
36.6928
36.1777
35.6692
35.1675
34.1834
33.6995
33.2213
32.7494
32.2836
31.8234
30.9212
30.4778
30.0401
29.6079
29.1812
28.7602
27.9371
27.5327
27.1345
26.7421
26.3552
25.9741
25.2308
24.8674
24.5104
24.1591
23.8135
23.4737
22.8128
22.4912
22.175
21.8644
21.5595
21.261
20.6793
20.3957
20.1174
19.8438
19.5748
19.3116
18.7963
18.5447
18.2978
18.0544
17.8146
17.5789
17.1175
16.8907
16.6677
16.4474
16.2302
16.016
15.5949
15.3881
15.1839
14.982
14.7823
14.5852
14.1976
14.007
13.8187
13.6318
13.4473
13.2649
12.9062
12.7294
12.5547
12.3818
12.2108
12.0419
11.7096
11.5462
11.3847
11.2248
11.067
10.911
10.6054
10.4551
10.307
10.1609
10.0167
9.87444
9.59654
9.4605
9.32669
9.19471
9.06472
8.93696
8.688
8.56646
8.44711
8.32956
8.21406
8.10076
7.87966
7.77174
7.66566
7.56124
7.45843
7.35727
7.15951
7.0628
6.96768
6.87383
6.78127
6.69005
6.5111
6.42311
6.33642
6.25062
6.16584
6.08216
5.91765
5.8366
5.7566
5.67728
5.59868
5.52112
5.36841
5.29308
5.21851
5.14469
5.07147
4.99915
4.85649
4.78602
4.71643
4.64745
4.57914
4.51162
4.37854
4.31311
4.24822
4.18403
4.12059
4.05809
3.93543
3.87532
3.816
3.75758
3.70017
3.64394
3.53467
3.48188
3.43018
3.37982
3.3306
3.23967
2.98113
2.86469
2.75422
2.65065
2.55277
2.45993
2.28873
2.20959
2.13414
2.06213
1.99364
1.92873
1.80839
1.75171
1.6975
1.64556
1.59607
1.54922
1.46027
1.41892
1.37907
1.34059
1.30368
1.2682
1.20185
1.17052
1.14016
1.11071
1.08225
1.05469
1.00228
0.97708
0.952714
0.929078
0.906263
0.884526
