-2.28041
-2.56155
-2.87951
-3.24732
-3.67157
-4.14912
-4.67567
-5.25208
-5.88567
-6.59201
-7.39887
-8.34026
-9.43232
-10.6655
-12.0297
-13.5289
-15.1847
-17.0422
-19.1812
-21.6952
-24.6282
-27.9579
-31.6677
-35.7865
-40.402
-45.6845
-51.9296
-59.4959
-68.6515
-79.5709
-92.6207
-108.577
-128.816
-155.529
-190.96
-233.297
-265.12
-249.954
-158.302
-6.68984
144.971
237.081
253.843
224.356
184.704
150.781
124.804
104.825
88.9792
76.0831
65.5086
56.9186
49.9129
44.0296
38.921
34.3829
30.3105
26.6682
23.4701
20.7356
18.4093
16.3856
14.5798
12.9431
11.4532
10.1057
8.91264
7.88204
6.99437
6.21199
5.5057
4.85891
4.26439
3.72535
3.21145
2.28239
1.70558
1.31893
1.04572
0.84274
-2.28137
-2.56048
-2.56262
-2.87828
-2.88074
-3.24589
-3.24875
-3.66994
-3.6732
-4.14731
-4.15094
-4.67368
-4.67766
-5.2499
-5.25426
-5.88327
-5.88808
-6.5893
-6.59472
-7.39573
-7.40202
-8.33659
-8.34393
-9.42811
-9.43652
-10.6608
-10.6702
-12.0245
-12.0348
-13.5232
-13.5345
-15.1784
-15.191
-17.035
-17.0494
-19.1728
-19.1895
-21.6854
-21.7051
-24.6169
-24.6396
-27.9452
-27.9706
-31.6536
-31.6818
-35.7708
-35.8022
-40.3843
-40.4197
-45.6639
-45.7051
-51.9049
-51.9543
-59.4658
-59.526
-68.6154
-68.6876
-79.5279
-79.6138
-92.5689
-92.6726
-108.513
-108.641
-128.732
-128.899
-155.417
-155.641
-190.816
-191.104
-233.147
-233.448
-265.058
-265.18
-250.143
-249.764
-158.773
-157.83
-7.28271
-6.09686
144.504
145.437
236.893
237.267
253.884
253.802
224.497
224.215
184.842
184.567
150.888
150.674
124.885
124.722
104.888
104.761
89.0307
88.9277
76.1251
76.041
65.543
65.4743
56.9466
56.8906
49.9359
49.8899
44.0492
44.0099
38.9383
38.9037
34.3984
34.3675
30.3244
30.2966
26.6806
26.6559
23.4808
23.4595
20.7447
20.7265
18.4171
18.4015
16.3925
16.3788
14.586
14.5736
12.9487
12.9374
11.4584
11.4481
10.1103
10.1011
8.91665
8.90863
7.88548
7.8786
6.99736
6.99137
6.21466
6.20932
5.50814
5.50327
4.86114
4.85667
4.26644
4.26234
3.72717
3.72352
3.21585
3.20706
2.28498
2.27981
1.70727
1.70391
1.32009
1.31777
1.04656
1.04487
0.84337
-2.28956
-2.55137
-2.57178
-2.86786
-2.89122
-3.23378
-3.26092
-3.6561
-3.68711
-4.13192
-4.16638
-4.65683
-4.69457
-5.23143
-5.27279
-5.86286
-5.90858
-6.56633
-6.61779
-7.36911
-7.42881
-8.30549
-8.3752
-9.3924
-9.47232
-10.621
-10.7101
-11.9808
-12.0787
-13.475
-13.5829
-15.125
-15.2446
-16.9745
-17.1104
-19.1021
-19.2607
-21.6021
-21.7888
-24.521
-24.7359
-27.8374
-28.0788
-31.534
-31.8019
-35.6378
-35.9357
-40.2342
-40.5703
-45.4896
-45.881
-51.6952
-52.1649
-59.2109
-59.7827
-68.3097
-68.9955
-79.1643
-79.9802
-92.1306
-93.1151
-107.97
-109.189
-128.027
-129.611
-154.476
-156.598
-189.601
-192.342
-231.867
-234.715
-264.516
-265.626
-251.71
-248.108
-162.742
-153.784
-12.3172
-1.05163
140.509
149.35
235.258
238.797
254.211
253.429
225.688
223.011
186.013
183.404
151.806
149.771
125.583
124.032
105.432
104.223
89.4693
88.4919
76.4844
75.6846
65.8367
65.1835
57.1843
56.654
50.1321
49.695
44.2167
43.8434
39.0856
38.757
34.5303
34.2361
30.443
30.1787
26.7858
26.5511
23.5719
23.3689
20.8221
20.6496
18.4834
18.3354
16.451
16.3205
14.6387
14.521
12.9966
12.8896
11.502
11.4046
10.1495
10.0622
8.95083
8.87463
7.91483
7.84943
7.02287
6.96598
6.23743
6.18664
5.5289
5.48258
4.88018
4.8377
4.28393
4.24493
3.74275
3.70802
3.25365
3.17013
2.3071
2.25805
1.72166
1.68973
1.33001
1.30798
1.0538
1.03772
0.848736
-2.31666
-2.35636
-2.39673
-2.43762
-2.47921
-2.52163
-2.60213
-2.64667
-2.69213
-2.73841
-2.78567
-2.83391
-2.926
-2.97731
-3.02987
-3.08348
-3.13826
-3.19433
-3.30134
-3.36076
-3.42156
-3.48346
-3.54658
-3.61094
-3.73314
-3.80067
-3.86929
-3.93897
-4.00971
-4.08162
-4.21745
-4.29221
-4.36813
-4.44494
-4.52277
-4.60173
-4.75056
-4.83264
-4.91551
-4.99953
-5.08476
-5.17105
-5.33411
-5.4238
-5.51494
-5.60735
-5.70107
-5.79624
-5.97638
-6.07577
-6.17709
-6.27994
-6.38479
-6.49145
-6.69439
-6.80719
-6.92242
-7.03972
-7.15968
-7.28255
-7.51775
-7.64877
-7.78289
-7.91991
-8.06033
-8.20423
-8.4791
-8.63195
-8.78819
-8.94746
-9.11005
-9.27596
-9.591
-9.76518
-9.94247
-10.1224
-10.3052
-10.491
-10.8422
-11.0357
-11.2323
-11.4314
-11.6331
-11.8378
-12.2242
-12.4371
-12.6527
-12.8712
-13.0928
-13.3178
-13.7428
-13.9772
-14.215
-14.4564
-14.7015
-14.9506
-15.4227
-15.6839
-15.9496
-16.2198
-16.4956
-16.777
-17.313
-17.6116
-17.9159
-18.2272
-18.5458
-18.8722
-19.4976
-19.8466
-20.2046
-20.5711
-20.9467
-21.3312
-22.067
-22.4772
-22.8967
-23.3248
-23.7615
-24.2077
-25.0555
-25.525
-26.0033
-26.4891
-26.9831
-27.4858
-28.4374
-28.9627
-29.4959
-30.0371
-30.5865
-31.1436
-32.2003
-32.7824
-33.3735
-33.9739
-34.5837
-35.2033
-36.3784
-37.028
-37.6895
-38.3627
-39.047
-39.7441
-41.0716
-41.81
-42.5627
-43.3318
-44.1187
-44.9227
-46.4659
-47.3291
-48.2125
-49.1205
-50.0537
-51.0139
-52.8682
-53.9081
-54.9781
-56.0803
-57.2164
-58.3835
-60.6378
-61.9021
-63.1995
-64.5344
-65.9065
-67.3153
-70.02
-71.5323
-73.0837
-74.6766
-76.3094
-77.9822
-81.1996
-83.0029
-84.8518
-86.7509
-88.7026
-90.7087
-94.5889
-96.7697
-99.023
-101.345
-103.742
-106.211
-111.028
-113.763
-116.603
-119.553
-122.601
-125.762
-131.994
-135.559
-139.279
-143.167
-147.233
-151.453
-159.779
-164.565
-169.505
-174.675
-180.047
-185.643
-196.479
-202.558
-208.749
-214.927
-221.246
-227.599
-238.764
-244.464
-249.866
-254.73
-258.912
-262.458
-266.765
-267.457
-266.714
-264.609
-261.176
-256.167
-242.15
-231.954
-220.233
-206.847
-191.815
-175.311
-140.087
-119.41
-97.832
-75.3172
-52.2649
-28.8154
15.3173
38.973
61.9673
84.2354
106.003
126.928
161.793
178.626
193.861
207.241
219.128
229.318
243.469
248.752
252.497
254.788
255.668
255.169
251.644
248.285
244.356
239.966
234.852
229.449
219.007
213.124
207.183
201.294
195.557
189.868
179.63
174.29
169.165
164.239
159.463
154.874
146.862
142.772
138.844
135.049
131.407
127.92
121.801
118.676
115.666
112.764
109.965
107.251
102.48
100.026
97.6452
95.3348
93.1018
90.9313
87.0823
85.094
83.1606
81.2795
79.4558
77.6821
74.5265
72.8898
71.303
69.7626
68.2665
66.8166
64.2396
62.9095
61.619
60.3682
59.1561
57.979
55.8875
54.8084
53.7612
52.7422
51.7508
50.7849
49.0607
48.1611
47.2856
46.4282
45.5919
44.773
43.3005
42.5281
41.7687
41.0227
40.2914
39.5743
38.2776
37.5937
36.9215
36.2599
35.6086
34.9677
33.8068
33.1947
32.5913
31.9971
31.412
30.8359
29.7934
29.2436
28.7028
28.1711
27.6486
27.1354
26.2086
25.722
25.2457
24.779
24.3218
23.8755
23.0738
22.655
22.2468
21.8488
21.4594
21.0793
20.3995
20.0453
19.6983
19.3599
19.0279
18.7036
18.1202
17.8135
17.5134
17.2191
16.9298
16.645
16.1302
15.8584
15.5913
15.328
15.0683
14.8131
14.3493
14.1038
13.8619
13.6234
13.3877
13.1554
12.7335
12.5099
12.2896
12.0724
11.8578
11.6465
11.2625
11.0594
10.8597
10.663
10.4694
10.2793
9.93498
9.75387
9.57628
9.40211
9.2314
9.06424
8.76388
8.60663
8.45309
8.30302
8.15603
8.01233
7.75453
7.61966
7.48776
7.35853
7.23167
7.10744
6.8831
6.76498
6.64918
6.5353
6.42309
6.31277
6.11247
6.00667
5.90223
5.79926
5.69754
5.59743
5.41496
5.31814
5.22269
5.12842
5.0351
4.94314
4.77559
4.68668
4.59874
4.51203
4.4264
4.34177
4.188
4.10667
4.02669
3.94795
3.87046
3.79445
3.65756
3.58586
3.5162
3.44883
3.38317
3.31958
3.05398
2.89743
2.75386
2.62086
2.49703
2.38203
2.18863
2.09376
2.00478
1.92153
1.84363
1.77019
1.64433
1.58189
1.52253
1.46619
1.41364
1.36338
1.27651
1.23299
1.19196
1.15247
1.11447
1.07807
1.01463
0.982202
0.951078
0.921317
0.89288
0.866553
