-2.51829
-2.84302
-3.21722
-3.64865
-4.13682
-4.67914
-5.27692
-5.93867
-6.68252
-7.53623
-8.5303
-9.67852
-10.9762
-12.4182
-14.0148
-15.7973
-17.8236
-20.1793
-22.9419
-26.1332
-29.7429
-33.7776
-38.3032
-43.4588
-49.4827
-56.7016
-65.4237
-75.8519
-88.275
-103.26
-121.892
-145.643
-175.794
-209.416
-232.318
-214.687
-135.194
-6.57086
122.161
202.841
221.398
200.984
169.536
140.862
117.78
99.4723
84.6627
72.4936
62.4948
54.3287
47.5775
41.845
36.8388
32.3912
28.4267
24.9288
21.9064
19.331
17.1156
15.1661
13.4183
11.8388
10.4168
9.15635
8.06281
7.11935
6.29338
5.55365
4.88093
4.26645
3.7132
3.11677
2.21887
1.64796
1.2669
-2.51935
-2.84181
-2.84423
-3.21581
-3.21862
-3.64704
-3.65026
-4.13502
-4.13862
-4.67715
-4.68113
-5.27472
-5.27912
-5.93622
-5.94111
-6.67974
-6.68529
-7.53301
-7.53945
-8.52656
-8.53405
-9.67424
-9.68281
-10.9714
-10.981
-12.4129
-12.4235
-14.0089
-14.0207
-15.7906
-15.8039
-17.816
-17.8312
-20.1704
-20.1882
-22.9315
-22.9523
-26.1213
-26.1451
-29.7296
-29.7563
-33.7627
-33.7925
-38.2863
-38.32
-43.4395
-43.478
-49.4598
-49.5056
-56.6739
-56.7293
-65.3904
-65.457
-75.8121
-75.8918
-88.2276
-88.3226
-103.202
-103.319
-121.819
-121.965
-145.549
-145.737
-175.678
-175.91
-209.306
-209.527
-232.292
-232.343
-214.837
-214.536
-135.575
-134.812
-7.0586
-6.08298
121.788
122.534
202.672
203.01
221.421
221.377
201.088
200.881
169.645
169.427
140.953
140.771
117.851
117.708
99.5296
99.4151
84.7096
84.6159
72.5322
72.4551
62.5264
62.4633
54.3547
54.3028
47.5991
47.5559
41.8636
41.8264
36.8553
36.8223
32.4059
32.3765
28.4397
28.4136
24.9402
24.9174
21.9162
21.8967
19.3393
19.3227
17.1229
17.1084
15.1725
15.1596
13.4241
13.4125
11.8441
11.8336
10.4215
10.4121
9.16046
9.15224
8.06635
8.05926
7.12243
7.11628
6.29611
6.29066
5.55611
5.55118
4.88318
4.87868
4.2685
4.2644
3.71501
3.71139
3.12084
3.11272
2.22132
2.21642
1.64958
1.64635
1.268
-2.52868
-2.83122
-2.85488
-3.20354
-3.23096
-3.633
-3.66436
-4.11927
-4.15443
-4.65978
-4.69857
-5.25552
-5.29839
-5.9149
-5.96252
-6.65553
-6.70963
-7.50493
-7.56768
-8.49385
-8.56693
-9.63691
-9.72047
-10.9296
-11.023
-12.3666
-12.4699
-13.9575
-14.0722
-15.7327
-15.8619
-17.7495
-17.898
-20.0925
-20.2664
-22.8407
-23.0437
-26.0174
-26.2495
-29.6131
-29.8733
-33.6326
-33.9232
-38.1394
-38.4677
-43.2713
-43.6478
-49.26
-49.7068
-56.4323
-56.9726
-65.0996
-65.7496
-75.4647
-76.2415
-87.8133
-88.7394
-102.697
-103.832
-121.183
-122.606
-144.731
-146.561
-174.656
-176.927
-208.331
-210.497
-232.045
-232.538
-216.206
-213.17
-138.885
-131.443
-11.3209
-1.83447
118.494
125.766
201.155
204.458
221.597
221.182
201.992
199.971
170.6
168.477
141.752
139.977
118.481
117.085
100.032
98.916
85.1203
84.2074
72.8712
72.1191
62.8033
62.1886
54.5811
54.0767
47.7888
47.3679
42.027
41.6638
36.9997
36.6785
32.5346
32.2484
28.5542
28.2997
25.0403
24.8178
22.0017
21.8116
19.4124
19.25
17.1864
17.0448
15.2289
15.1035
13.475
13.3618
11.89
11.7878
10.4627
10.3712
9.19657
9.11634
8.09743
8.02835
7.14939
7.08947
6.31999
6.26688
5.5777
5.52967
4.90289
4.85903
4.28646
4.2465
3.73086
3.69565
3.15675
3.07758
2.24292
2.19515
1.66379
1.63239
1.27771
-2.55963
-2.60521
-2.65169
-2.69903
-2.74735
-2.79653
-2.89042
-2.94266
-2.99608
-3.05065
-3.10642
-3.16346
-3.27202
-3.3326
-3.39428
-3.45728
-3.52151
-3.58699
-3.71122
-3.78011
-3.85032
-3.92162
-3.994
-4.06762
-4.20691
-4.2838
-4.36183
-4.44107
-4.52136
-4.60272
-4.75657
-4.84126
-4.92718
-5.01435
-5.1029
-5.19268
-5.36233
-5.45599
-5.55084
-5.6473
-5.74543
-5.84502
-6.03376
-6.13839
-6.24491
-6.35351
-6.46367
-6.57629
-6.7906
-6.91005
-7.03198
-7.15637
-7.28322
-7.41323
-7.66176
-7.80027
-7.94207
-8.0871
-8.23531
-8.38692
-8.67631
-8.83747
-9.00189
-9.16957
-9.34045
-9.51456
-9.84528
-10.0283
-10.2147
-10.4042
-10.5969
-10.7925
-11.1624
-11.3667
-11.574
-11.7845
-11.998
-12.2147
-12.6241
-12.85
-13.0793
-13.3124
-13.549
-13.7893
-14.2438
-14.4945
-14.7499
-15.0097
-15.2739
-15.5431
-16.0547
-16.3388
-16.6276
-16.9231
-17.2245
-17.5323
-18.1207
-18.4487
-18.7843
-19.127
-19.479
-19.8384
-20.5275
-20.9124
-21.306
-21.7092
-22.1217
-22.5433
-23.348
-23.7959
-24.253
-24.718
-25.193
-25.6771
-26.5962
-27.1055
-27.6237
-28.151
-28.687
-29.2314
-30.2622
-30.8325
-31.4116
-32.0003
-32.5985
-33.2063
-34.3577
-34.9953
-35.645
-36.3051
-36.9761
-37.6595
-38.9589
-39.6798
-40.4151
-41.1669
-41.9338
-42.7167
-44.2137
-45.0498
-45.9058
-46.7833
-47.6854
-48.6085
-50.3792
-51.3754
-52.3994
-53.4518
-54.532
-55.6452
-57.7857
-58.9901
-60.228
-61.4992
-62.8079
-64.1504
-66.727
-68.1714
-69.6541
-71.1763
-72.7359
-74.3336
-77.4068
-79.1249
-80.8881
-82.6985
-84.5568
-86.4631
-90.1319
-92.1936
-94.3152
-96.4976
-98.7442
-101.052
-105.539
-108.073
-110.695
-113.405
-116.204
-119.109
-124.757
-127.973
-131.317
-134.76
-138.349
-142.078
-149.314
-153.444
-157.729
-162.116
-166.684
-171.367
-180.265
-185.186
-190.161
-195.134
-200.159
-205.041
-213.672
-217.992
-221.975
-225.504
-228.507
-230.931
-233.033
-232.756
-231.641
-229.363
-225.744
-220.343
-208.068
-199.364
-189.224
-177.376
-164.163
-149.736
-119.975
-102.581
-84.1017
-64.8291
-45.1011
-25.2533
12.0267
32.0284
51.8688
71.1261
89.5201
107.071
136.344
151.116
164.462
176.299
186.672
195.752
208.855
213.802
217.392
219.989
221.286
221.866
220.261
218.324
215.586
212.468
208.877
204.899
196.92
192.394
187.767
183.067
178.379
173.755
165.368
160.945
156.634
152.432
148.334
144.412
137.402
133.797
130.319
126.957
123.713
120.588
115.063
112.214
109.457
106.783
104.208
101.714
97.2896
95.0008
92.786
90.6294
88.5292
86.4929
82.8767
81.001
79.1774
77.4025
75.6794
74.0041
71.0262
69.48
67.9792
66.5211
65.1045
63.73
61.2938
60.0303
58.8048
57.6162
56.461
55.3386
53.3433
52.307
51.2959
50.3136
49.3551
48.4225
46.753
45.8792
45.0244
44.1889
43.3722
42.5713
41.1318
40.3744
39.6315
38.9012
38.1834
37.4798
36.2077
35.5372
34.8772
34.2285
33.5903
32.9624
31.8287
31.2303
30.6416
30.0629
29.4939
28.9347
27.9269
27.396
26.8753
26.3645
25.8639
25.3736
24.4929
24.0309
23.5796
23.1392
22.708
22.287
21.5339
21.1407
20.7565
20.3812
20.0142
19.6552
19.0124
18.6759
18.3464
18.0242
17.7078
17.3975
16.838
16.5436
16.2548
15.9707
15.6917
15.4163
14.9191
14.656
14.3969
14.1421
13.8912
13.6442
13.1955
12.958
12.724
12.4935
12.2664
12.0427
11.6376
11.4232
11.2121
11.0044
10.8003
10.5995
10.2369
10.0458
9.85828
9.67423
9.49366
9.31685
8.99889
8.83233
8.66931
8.50968
8.35355
8.20092
7.92723
7.78388
7.64343
7.50591
7.37115
7.23902
7.00169
6.87698
6.75459
6.63412
6.51579
6.39929
6.18892
6.07773
5.9683
5.86059
5.75416
5.64934
5.45907
5.3583
5.25889
5.16076
5.06401
4.96827
4.79456
4.70246
4.61144
4.52175
4.4333
4.34617
4.18775
4.10406
4.02176
3.94071
3.86138
3.78364
3.64423
3.57151
3.50109
3.43274
3.36668
3.28018
2.96601
2.81636
2.67806
2.54921
2.42885
2.31619
2.12688
2.03293
1.94505
1.86305
1.78543
1.71209
1.58776
1.52656
1.46774
1.4125
1.36025
1.31054
