-2.09798
-2.40599
-2.75619
-3.16778
-3.65528
-4.21571
-4.84306
-5.54042
-6.32454
-7.23042
-8.31097
-9.59549
-11.0703
-12.7237
-14.5731
-16.6717
-19.1312
-22.0975
-25.6325
-29.6986
-34.2939
-39.5176
-45.6022
-52.9963
-62.2553
-73.7568
-87.869
-105.528
-128.649
-160.599
-204.568
-252.249
-262.612
-179.164
-6.68984
165.682
250.323
242.127
197.414
155.658
124.641
101.802
84.2683
70.4129
59.4863
50.9038
43.9511
38.0558
32.9081
28.3702
24.4243
21.1077
18.3626
16.0285
13.977
12.143
10.5033
9.06855
7.85456
6.83305
5.94674
5.15445
4.43715
3.79268
3.16798
2.14322
1.54477
1.16132
0.895015
0.699831
-2.09888
-2.40498
-2.407
-2.75502
-2.75736
-3.16639
-3.16916
-3.65366
-3.65691
-4.21387
-4.21754
-4.84101
-4.8451
-5.53814
-5.5427
-6.32195
-6.32713
-7.22738
-7.23346
-8.30731
-8.31462
-9.59121
-9.59976
-11.0655
-11.0751
-12.7183
-12.7291
-14.5671
-14.5792
-16.6647
-16.6786
-19.1229
-19.1395
-22.0875
-22.1076
-25.6207
-25.6443
-29.6852
-29.712
-34.2788
-34.309
-39.5003
-39.5349
-45.5816
-45.6227
-52.9708
-53.0218
-62.2235
-62.2872
-73.7174
-73.7961
-87.8206
-87.9174
-105.467
-105.59
-128.566
-128.732
-160.482
-160.716
-204.415
-204.721
-252.128
-252.37
-262.7
-262.523
-179.58
-178.746
-7.28271
-6.09686
165.255
166.108
250.224
250.422
242.234
242.019
197.555
197.273
155.77
155.546
124.722
124.559
101.863
101.741
84.3162
84.2204
70.4509
70.3749
59.5162
59.4565
50.9274
50.8802
43.9707
43.9314
38.0728
38.0389
32.923
32.8931
28.3833
28.357
24.4355
24.413
21.117
21.0983
18.3704
18.3548
16.0352
16.0217
13.983
13.971
12.1484
12.1377
10.5081
10.4986
9.07266
9.06445
7.85799
7.85114
6.83598
6.83013
5.94932
5.94417
5.15678
5.15213
4.43926
4.43504
3.79454
3.79082
3.17228
3.16369
2.14557
2.14088
1.54624
1.5433
1.16229
1.16036
0.895706
0.894326
0.700385
-2.10722
-2.39567
-2.41634
-2.74426
-2.76816
-3.15361
-3.18203
-3.63867
-3.67198
-4.19691
-4.23457
-4.82212
-4.86402
-5.5171
-5.56383
-6.29807
-6.35113
-7.19932
-7.2617
-8.27362
-8.34852
-9.55176
-9.63941
-11.0208
-11.12
-12.6685
-12.7792
-14.511
-14.6354
-16.6004
-16.7433
-19.0463
-19.2167
-21.995
-22.2009
-25.5121
-25.7534
-29.5618
-29.8359
-34.1395
-34.4489
-39.3407
-39.6955
-45.3927
-45.8136
-52.7363
-53.2582
-61.9297
-62.5833
-73.3551
-74.1613
-87.3747
-88.3668
-104.9
-106.162
-127.8
-129.506
-159.411
-161.805
-202.998
-206.138
-250.991
-253.473
-263.482
-261.659
-183.392
-174.785
-12.761
-0.60604
161.268
170.011
249.27
251.283
243.205
240.997
198.863
195.964
156.813
154.518
125.48
123.81
102.431
101.177
84.7614
83.7786
70.8041
70.0246
59.793
59.1819
51.147
50.6623
44.1526
43.7506
38.2301
37.8822
33.0613
32.7552
28.505
28.2359
24.5398
24.3096
21.2036
21.0127
18.4424
18.2832
16.0977
15.9596
14.0385
13.9158
12.1981
12.0881
10.5522
10.4547
9.11072
9.02669
7.88979
7.81955
6.86309
6.80315
5.97322
5.92034
5.17834
5.13063
4.45881
4.41557
3.81179
3.77365
3.21255
3.12467
2.16748
2.11933
1.55986
1.52982
1.17129
1.15146
0.90213
0.888119
0.705525
-2.1366
-2.18049
-2.22509
-2.27043
-2.31646
-2.36336
-2.44928
-2.49867
-2.54912
-2.60065
-2.65325
-2.70703
-2.80639
-2.86389
-2.92281
-2.98342
-3.04562
-3.10937
-3.22753
-3.29595
-3.36605
-3.43799
-3.51153
-3.58669
-3.72512
-3.80463
-3.88575
-3.96842
-4.05252
-4.13807
-4.29454
-4.38412
-4.47507
-4.56754
-4.66129
-4.7565
-4.9306
-5.03006
-5.13107
-5.23382
-5.33808
-5.44407
-5.63826
-5.74948
-5.86262
-5.97796
-6.09542
-6.21528
-6.4359
-6.56296
-6.69287
-6.82625
-6.96265
-7.10235
-7.36162
-7.51231
-7.66699
-7.82598
-7.98914
-8.1571
-8.46843
-8.64879
-8.83354
-9.02313
-9.21695
-9.41507
-9.77932
-9.98874
-10.2021
-10.4197
-10.6409
-10.8658
-11.2779
-11.5137
-11.7533
-11.9967
-12.2441
-12.4957
-12.9553
-13.2184
-13.4858
-13.758
-14.0351
-14.3167
-14.8334
-15.1297
-15.432
-15.741
-16.0556
-16.3775
-16.9716
-17.3152
-17.6676
-18.0291
-18.4003
-18.7815
-19.4903
-19.9027
-20.3269
-20.7639
-21.2132
-21.6746
-22.5311
-23.0277
-23.5366
-24.0584
-24.5915
-25.1356
-26.1383
-26.7149
-27.3028
-27.9018
-28.5121
-29.1339
-30.2723
-30.925
-31.589
-32.2666
-32.9551
-33.6566
-34.9422
-35.6808
-36.4335
-37.2022
-37.9871
-38.788
-40.2622
-41.113
-41.9862
-42.8802
-43.7976
-44.7396
-46.4896
-47.5105
-48.5605
-49.6454
-50.7669
-51.9275
-54.0968
-55.3685
-56.6867
-58.0493
-59.4583
-60.9142
-63.6345
-65.2272
-66.8713
-68.5644
-70.3084
-72.1052
-75.4545
-77.4068
-79.4171
-81.4918
-83.6326
-85.8379
-89.9597
-92.375
-94.8798
-97.4697
-100.161
-102.95
-108.198
-111.316
-114.564
-117.96
-121.503
-125.196
-132.265
-136.498
-140.953
-145.651
-150.575
-155.744
-165.671
-171.582
-177.803
-184.314
-191.068
-198.103
-211.094
-218.444
-225.944
-233.235
-240.163
-246.805
-257.038
-261.488
-265.022
-267.02
-267.372
-265.685
-257.983
-250.472
-240.429
-227.876
-213.178
-196.125
-160.142
-136.936
-112.355
-86.3158
-59.3767
-31.8118
18.358
46.0759
72.8033
98.7784
123.761
146.787
183.015
200.274
215.02
227.585
237.587
245.354
253.617
255.539
255.367
253.777
250.74
246.502
237.092
230.779
224.298
217.477
210.499
203.513
191.403
184.807
178.368
172.146
166.213
160.537
150.986
146.009
141.244
136.683
132.328
128.186
121.241
117.593
114.101
110.758
107.534
104.45
99.2411
96.4661
93.7957
91.2206
88.7351
86.3392
82.2566
80.0763
77.9696
75.9324
73.9619
72.058
68.8187
67.0924
65.4258
63.8199
62.2699
60.7752
58.237
56.8837
55.5784
54.3197
53.1034
51.9255
49.911
48.8298
47.7787
46.758
45.7638
44.7956
43.1248
42.2188
41.331
40.4627
39.6147
38.7843
37.3394
36.5525
35.7803
35.0221
34.2785
33.5488
32.2771
31.5831
30.9014
30.233
29.5775
28.9342
27.8162
27.2083
26.6137
26.0311
25.4632
24.9085
23.9517
23.4354
22.9334
22.4444
21.9705
21.5094
20.7165
20.2908
19.8765
19.4729
19.08
18.6968
18.035
17.6764
17.3262
16.9832
16.6471
16.3177
15.7442
15.4315
15.1241
14.8222
14.5256
14.2339
13.7239
13.4451
13.1705
12.9003
12.6347
12.3733
11.9161
11.6662
11.4205
11.1785
10.9411
10.708
10.3024
10.0816
9.86538
9.65366
9.44683
9.24498
8.89621
8.70784
8.52445
8.34579
8.17186
8.00233
7.71039
7.55285
7.39918
7.24894
7.10226
6.95883
6.70968
6.57444
6.44169
6.31128
6.18331
6.05741
5.83759
5.71729
5.59903
5.48234
5.36742
5.2542
5.05589
4.94721
4.84015
4.73441
4.63024
4.52762
4.34791
4.24953
4.15276
4.05762
3.9643
3.87283
3.71421
3.62847
3.5451
3.46462
3.38693
3.31212
2.99374
2.81651
2.65549
2.50753
2.37189
2.24691
2.04635
1.9456
1.85252
1.76568
1.68436
1.60839
1.48397
1.42118
1.36174
1.30558
1.25275
1.2033
1.12098
1.0779
1.03697
0.997893
0.960592
0.925146
0.867163
0.83693
0.807451
0.778698
0.75073
0.723568
