-2.53352
-2.80389
-3.10882
-3.45447
-3.84157
-4.26759
-4.73045
-5.23195
-5.7769
-6.37445
-7.0404
-7.79552
-8.65699
-9.63001
-10.7071
-11.8841
-13.1638
-14.5574
-16.0895
-17.8007
-19.7457
-21.9789
-24.5218
-27.3633
-30.4932
-33.9227
-37.6929
-41.8832
-46.6292
-52.1203
-58.5821
-66.1805
-75.031
-85.3013
-97.3175
-111.681
-129.29
-151.37
-178.986
-211.089
-240.111
-248.647
-214.27
-128.209
-6.67427
115.051
201.511
236.637
229.886
203.092
172.93
146.564
125.137
107.836
93.6234
81.7273
71.6727
63.1881
56.0735
50.0717
44.9043
40.3454
36.2525
32.5371
29.1565
26.1012
23.3816
21.0023
18.9307
17.1018
15.4572
13.9577
12.5785
11.3098
10.1498
9.10535
8.18108
7.36873
6.6463
5.99275
5.39247
4.83612
4.31971
3.84423
3.42205
2.68103
2.04091
1.60097
1.28575
1.05173
-2.53459
-2.8027
-2.80509
-3.10747
-3.11017
-3.45294
-3.456
-3.83987
-3.84327
-4.26574
-4.26944
-4.72845
-4.73246
-5.22978
-5.23413
-5.77452
-5.77927
-6.37183
-6.37707
-7.03745
-7.04334
-7.79217
-7.79887
-8.65317
-8.66081
-9.62572
-9.6343
-10.7024
-10.7118
-11.879
-11.8893
-13.1582
-13.1694
-14.5514
-14.5635
-16.0828
-16.0963
-17.7931
-17.8082
-19.7371
-19.7544
-21.9689
-21.9889
-24.5106
-24.5331
-27.3508
-27.3757
-30.4796
-30.5069
-33.9078
-33.9377
-37.6764
-37.7094
-41.8647
-41.9017
-46.608
-46.6503
-52.0956
-52.1451
-58.5529
-58.6113
-66.1463
-66.2147
-74.9913
-75.0707
-85.2552
-85.3474
-97.2631
-97.372
-111.615
-111.746
-129.208
-129.372
-151.267
-151.474
-178.858
-179.115
-210.953
-211.226
-240.015
-240.207
-248.691
-248.602
-214.508
-214.031
-128.664
-127.753
-7.21207
-6.13635
114.603
115.499
201.26
201.76
236.59
236.684
229.975
229.797
203.218
202.965
173.049
172.811
146.663
146.465
125.217
125.057
107.901
107.77
93.6773
93.5695
81.7728
81.6819
71.7112
71.6343
63.2204
63.1558
56.1006
56.0464
50.0948
50.0486
44.9244
44.8841
40.3634
40.3275
36.2687
36.2362
32.5519
32.5224
29.1699
29.1431
26.1133
26.0891
23.3922
23.3709
21.0116
20.9931
18.9388
18.9226
17.109
17.0946
15.4637
15.4506
13.9637
13.9517
12.584
12.573
11.3149
11.3047
10.1544
10.1452
9.10945
9.10124
8.18468
8.17748
7.37192
7.36554
6.64915
6.64345
5.99535
5.99014
5.39488
5.39006
4.83835
4.83389
4.32179
4.31764
3.84611
3.84234
3.42366
3.42043
2.68428
2.67779
2.0431
2.03872
1.6025
1.59944
1.28687
1.28463
1.05259
-2.54314
-2.79318
-2.81465
-3.09669
-3.12102
-3.44074
-3.46826
-3.82632
-3.85687
-4.25093
-4.28427
-4.71241
-4.74855
-5.21242
-5.25154
-5.75558
-5.79828
-6.35091
-6.39807
-7.01398
-7.06695
-7.76535
-7.82575
-8.62268
-8.69146
-9.5915
-9.66855
-10.6648
-10.7494
-11.8382
-11.9302
-13.1138
-13.2139
-14.5029
-14.6122
-16.0293
-16.1501
-17.7328
-17.8688
-19.6679
-19.824
-21.8894
-22.0687
-24.421
-24.623
-27.2514
-27.4755
-30.3706
-30.6162
-33.7883
-34.0577
-37.5446
-37.8418
-41.717
-42.0503
-46.4393
-46.8202
-51.8982
-52.3438
-58.3204
-58.8455
-65.8735
-66.4892
-74.6745
-75.3892
-84.8879
-85.717
-96.8294
-97.8091
-111.09
-112.276
-128.558
-130.028
-150.449
-152.306
-177.842
-180.149
-209.861
-212.323
-239.235
-240.961
-248.931
-248.186
-216.47
-212.092
-132.287
-124.092
-11.5102
-1.82861
110.993
119.055
199.214
203.718
236.178
237.028
230.671
229.089
204.231
201.946
174.005
171.854
147.46
145.675
125.861
124.42
108.424
107.251
94.1102
93.14
82.1377
81.3198
72.0202
71.3278
63.4802
62.8983
56.3181
55.8305
50.2799
49.8645
45.086
44.7234
40.5072
40.1843
36.3989
36.1066
32.6702
32.4045
29.2774
29.036
26.2101
25.9929
23.4773
23.2861
21.086
20.9194
19.0035
18.8582
17.1668
17.0371
15.5161
15.3985
14.0117
13.9038
12.6282
12.529
11.3555
11.2643
10.1914
10.1084
9.14237
9.06849
8.21357
8.14876
7.39747
7.3401
6.67198
6.62071
6.01622
5.96935
5.41418
5.37082
4.85625
4.81605
4.33839
4.30109
3.86125
3.82731
3.43664
3.40758
2.71045
2.65208
2.06077
2.02135
1.61484
1.58731
1.29589
1.27572
1.05947
-2.56956
-2.6072
-2.6456
-2.68449
-2.72404
-2.76423
-2.84421
-2.88648
-2.92961
-2.97353
-3.01818
-3.06392
-3.15459
-3.20263
-3.25169
-3.30139
-3.3521
-3.4036
-3.50617
-3.56035
-3.61525
-3.67108
-3.72762
-3.78515
-3.89884
-3.95868
-4.01923
-4.08064
-4.14285
-4.20575
-4.33005
-4.39516
-4.4611
-4.52781
-4.59531
-4.66346
-4.79818
-4.8687
-4.94013
-5.01241
-5.08544
-5.15944
-5.30531
-5.3818
-5.45932
-5.53779
-5.61715
-5.69776
-5.85692
-5.94045
-6.0253
-6.11127
-6.19846
-6.28717
-6.46297
-6.55571
-6.64997
-6.74588
-6.84336
-6.94252
-7.1401
-7.24467
-7.35139
-7.46018
-7.57081
-7.68371
-7.9091
-8.0284
-8.15025
-8.2747
-8.40104
-8.52988
-8.78635
-8.92186
-9.05991
-9.20018
-9.34282
-9.48729
-9.77412
-9.92505
-10.0783
-10.2337
-10.391
-10.5504
-10.8657
-11.0312
-11.1988
-11.3685
-11.5399
-11.7137
-12.0567
-12.2365
-12.4187
-12.603
-12.7894
-12.9784
-13.3513
-13.5466
-13.745
-13.9459
-14.1489
-14.355
-14.7626
-14.9767
-15.1942
-15.4152
-15.639
-15.8662
-16.3167
-16.5545
-16.7967
-17.0432
-17.2937
-17.549
-18.0569
-18.3262
-18.6006
-18.8807
-19.166
-19.4577
-20.0398
-20.3482
-20.6637
-20.9855
-21.3136
-21.6479
-22.3156
-22.6686
-23.0291
-23.3961
-23.7687
-24.1481
-24.9014
-25.298
-25.7018
-26.1116
-26.5269
-26.9486
-27.7839
-28.2231
-28.6681
-29.1189
-29.5756
-30.0385
-30.9536
-31.4347
-31.9225
-32.4164
-32.9168
-33.424
-34.428
-34.956
-35.4908
-36.0338
-36.5845
-37.1431
-38.2515
-38.8364
-39.4297
-40.0322
-40.645
-41.2681
-42.5101
-43.1676
-43.8367
-44.5195
-45.2153
-45.9251
-47.3462
-48.101
-48.8729
-49.6634
-50.4716
-51.2996
-52.9598
-53.8476
-54.7538
-55.6832
-56.6354
-57.6124
-59.5724
-60.6178
-61.6869
-62.7815
-63.9009
-65.0452
-67.3399
-68.5613
-69.8059
-71.0801
-72.3833
-73.7122
-76.3755
-77.7908
-79.2372
-80.7164
-82.2281
-83.7722
-86.8644
-88.5129
-90.2003
-91.9311
-93.7026
-95.5148
-99.1686
-101.125
-103.129
-105.189
-107.319
-109.502
-113.922
-116.3
-118.754
-121.282
-123.887
-126.587
-132.076
-135.035
-138.1
-141.275
-144.563
-147.961
-154.893
-158.627
-162.495
-166.459
-170.554
-174.781
-183.306
-187.849
-192.43
-197.098
-201.755
-206.486
-215.689
-220.229
-224.607
-228.913
-233.001
-236.751
-243.12
-245.704
-247.627
-248.933
-249.662
-249.456
-246.532
-243.639
-239.83
-235.151
-229.224
-222.108
-205.487
-195.008
-183.631
-171.154
-157.639
-143.172
-112.672
-96.1466
-78.8516
-61.126
-42.826
-24.6293
11.3746
29.7389
47.7741
65.591
82.9356
99.6789
129.729
144.165
157.739
170.453
182.038
192.579
209.416
216.498
222.448
227.68
231.682
234.692
237.748
237.955
237.535
236.54
234.904
232.68
226.89
223.447
219.707
215.703
211.621
207.313
198.785
194.322
189.915
185.583
181.267
176.953
168.934
164.914
161.027
157.227
153.528
149.94
143.279
139.998
136.816
133.738
130.75
127.858
122.499
119.857
117.291
114.804
112.386
110.033
105.684
103.53
101.429
99.3841
97.3929
95.4548
91.8357
90.0364
88.2828
86.568
84.9004
83.2716
80.2207
78.7026
77.2204
75.7749
74.364
72.979
70.3977
69.1147
67.8613
66.6419
65.4503
64.2891
62.1176
61.0408
59.9939
58.9665
57.9688
56.9937
55.1749
54.2707
53.3878
52.5261
51.6808
50.8556
49.3052
48.5312
47.7728
47.03
46.3003
45.5853
44.2345
43.5555
42.8889
42.2329
41.5874
40.9521
39.7479
39.1407
38.5432
37.954
37.3734
36.8006
35.7114
35.1617
34.6194
34.0845
33.5563
33.0354
32.0453
31.5448
31.0507
30.5636
30.083
29.6093
28.7099
28.256
27.809
27.3689
26.9357
26.5093
25.7003
25.2939
24.8951
24.503
24.1184
23.7409
23.0284
22.6717
22.3227
21.9805
21.644
21.3157
20.6955
20.3856
20.0821
19.7839
19.4912
19.2043
18.6613
18.3892
18.1217
17.8584
17.5993
17.345
16.8618
16.6184
16.3785
16.1416
15.9079
15.6778
15.2394
15.0179
14.7994
14.5835
14.3703
14.1597
13.7578
13.5542
13.3534
13.1546
12.9583
12.7645
12.3947
12.2073
12.0225
11.8397
11.6591
11.4808
11.1409
10.9689
10.7996
10.6324
10.4676
10.3053
9.9966
9.84116
9.68826
9.53756
9.3894
9.24421
8.96895
8.83081
8.69514
8.56199
8.43141
8.30319
8.06114
7.93962
7.82078
7.70386
7.58898
7.47635
7.26283
7.15522
7.04983
6.94577
6.84336
6.74263
6.55129
6.45463
6.35937
6.26529
6.17239
6.08064
5.90588
5.81736
5.73
5.64348
5.558
5.4736
5.31218
5.23021
5.1493
5.06921
4.98985
4.91145
4.76158
4.6855
4.61034
4.5359
4.46232
4.3896
4.25063
4.18029
4.11076
4.04221
3.97462
3.90802
3.78161
3.71815
3.65576
3.59468
3.53511
3.47704
3.36864
3.31515
3.19073
3.04795
2.91575
2.793
2.57549
2.4727
2.37601
2.28464
2.19818
2.11637
1.96945
1.89969
1.83389
1.77095
1.71088
1.65368
1.55095
1.50091
1.45343
1.40856
1.36545
1.32417
1.24895
1.21275
1.17814
1.1446
1.11219
1.08097
