-1.8474
-2.04452
-2.25646
-2.48639
-2.73971
-3.02342
-3.34402
-3.70384
-4.1003
-4.53099
-4.99596
-5.49803
-6.04366
-6.6428
-7.31245
-8.07224
-8.93519
-9.90042
-10.9601
-12.1106
-13.3553
-14.7079
-16.1886
-17.8359
-19.7015
-21.8363
-24.2597
-26.9603
-29.9247
-33.159
-36.6929
-40.5901
-44.9442
-49.9186
-55.7169
-62.5171
-70.423
-79.5402
-90.0622
-102.36
-117.063
-135.074
-157.534
-185.414
-216.811
-243.568
-248.492
-211.342
-125.257
-6.63449
112.083
198.648
236.186
232.986
208.29
178.901
152.543
130.826
113.153
98.6126
86.4209
76.0476
67.2102
59.7303
53.4187
48.023
43.3069
39.091
35.2707
31.7827
28.5939
25.7042
23.1272
20.868
18.8929
17.14
15.5565
14.107
12.7693
11.533
10.3959
9.36336
8.44266
7.63081
6.91024
6.25973
5.66255
5.10878
4.59275
4.11189
3.67025
3.27761
2.461
1.91024
1.52191
1.23823
1.02296
0.854391
0.71619
0.597689
-1.84822
-2.04363
-2.04541
-2.25551
-2.25742
-2.48534
-2.48743
-2.73855
-2.74087
-3.02211
-3.02472
-3.34255
-3.34549
-3.7022
-3.70548
-4.0985
-4.1021
-4.52905
-4.53293
-4.99387
-4.99806
-5.49576
-5.5003
-6.0412
-6.04613
-6.64006
-6.64555
-7.30937
-7.31555
-8.06873
-8.07576
-8.93122
-8.93915
-9.89602
-9.90481
-10.9553
-10.9649
-12.1055
-12.1158
-13.3497
-13.361
-14.7018
-14.714
-16.1818
-16.1953
-17.8284
-17.8435
-19.6929
-19.7102
-21.8264
-21.8462
-24.2485
-24.2708
-26.948
-26.9726
-29.9113
-29.9381
-33.1443
-33.1736
-36.6768
-36.709
-40.5723
-40.6079
-44.924
-44.9643
-49.8953
-49.942
-55.6897
-55.7441
-62.4853
-62.549
-70.3862
-70.4598
-79.4976
-79.5827
-90.0131
-90.1112
-102.302
-102.418
-116.992
-117.133
-134.987
-135.161
-157.426
-157.641
-185.282
-185.545
-216.677
-216.946
-243.482
-243.654
-248.552
-248.431
-211.602
-211.082
-125.718
-124.795
-7.16459
-6.10379
111.62
112.546
198.377
198.917
236.119
236.252
233.061
232.91
208.416
208.164
179.024
178.776
152.646
152.44
130.91
130.742
113.223
113.084
98.6699
98.5554
86.4696
86.3722
76.0891
76.0062
67.2456
67.1748
59.7599
59.7006
53.4439
53.3935
48.0448
48.0012
43.3262
43.2876
39.1084
39.0737
35.2865
35.2549
31.7973
31.7682
28.6071
28.5807
25.7161
25.6924
23.1377
23.1167
20.8771
20.8589
18.9009
18.8848
17.1472
17.1328
15.563
15.5499
14.1131
14.101
12.7749
12.7637
11.5382
11.5279
10.4006
10.3912
9.3676
9.35912
8.44641
8.43891
7.63411
7.62751
6.9132
6.90727
6.26243
6.25703
5.66505
5.66005
5.1111
5.10646
4.59492
4.59059
4.1139
4.10989
3.67206
3.66844
3.28202
3.27322
2.46386
2.45814
1.91222
1.90826
1.52335
1.52048
1.23928
1.23717
1.02378
1.02214
0.855029
0.853753
0.716748
0.715632
0.598157
-1.85484
-2.03656
-2.0525
-2.24788
-2.26508
-2.47702
-2.49579
-2.72929
-2.75017
-3.01168
-3.03518
-3.33081
-3.35729
-3.68907
-3.71866
-4.08416
-4.1165
-4.51353
-4.5485
-4.97715
-5.01486
-5.47766
-5.51846
-6.02147
-6.06589
-6.61819
-6.66752
-7.28471
-7.34034
-8.04068
-8.10397
-8.89957
-8.97096
-9.86091
-9.94006
-10.9171
-11.0032
-12.064
-12.1574
-13.3049
-13.406
-14.653
-14.7631
-16.128
-16.2494
-17.7682
-17.9039
-19.6239
-19.7796
-21.7474
-21.9254
-24.1597
-24.36
-26.8497
-27.0712
-29.8041
-30.0458
-33.0274
-33.291
-36.5486
-36.8377
-40.4301
-40.7506
-44.7635
-45.1257
-49.7098
-50.1287
-55.4729
-55.9625
-62.2314
-62.8046
-70.0927
-70.7552
-79.1584
-79.9234
-89.622
-90.5047
-101.841
-102.882
-116.429
-117.696
-134.292
-135.861
-156.565
-158.51
-184.225
-186.599
-215.6
-218.017
-242.78
-244.333
-249.005
-247.912
-213.712
-208.949
-129.388
-121.079
-11.4309
-1.81556
107.91
116.219
196.177
201.041
235.631
236.737
233.65
232.288
209.423
207.161
180.012
177.78
153.475
151.617
131.583
130.075
113.78
112.532
99.1324
98.0994
86.8615
85.9839
76.4223
75.6754
67.5296
66.8931
59.9979
59.4629
53.6464
53.1925
48.2199
47.8275
43.4808
43.1336
39.2476
38.9351
35.4132
35.1287
31.9135
31.6524
28.7128
28.4754
25.8113
25.5976
23.2217
23.0331
20.9504
20.786
18.9654
18.8205
17.2049
17.0753
15.6156
15.4975
14.1616
14.0527
12.8195
12.7192
11.5795
11.4867
10.4383
10.3535
9.40161
9.32527
8.47649
8.409
7.66059
7.60118
6.93698
6.88358
6.28406
6.23548
5.685
5.64013
5.12968
5.08793
4.61225
4.57329
4.12998
4.09385
3.68657
3.65401
3.30008
3.23799
2.48687
2.43547
1.92819
1.89255
1.53491
1.50908
1.24778
1.22879
1.03041
1.01557
0.860147
0.848661
0.721225
0.711184
0.601917
-1.87459
-1.90224
-1.93018
-1.95839
-1.98689
-2.01567
-2.07368
-2.10338
-2.13338
-2.16369
-2.19432
-2.22535
-2.28796
-2.32008
-2.35257
-2.38545
-2.41874
-2.45246
-2.52082
-2.55602
-2.59168
-2.6279
-2.66466
-2.70201
-2.77791
-2.81707
-2.85702
-2.89766
-2.93893
-2.98095
-3.06658
-3.11081
-3.15587
-3.20183
-3.24856
-3.29611
-3.39273
-3.44271
-3.49341
-3.54497
-3.59733
-3.65041
-3.75803
-3.81325
-3.86932
-3.9261
-3.98358
-4.0418
-4.15943
-4.21965
-4.28062
-4.3423
-4.40466
-4.46775
-4.59496
-4.66011
-4.72597
-4.79251
-4.85977
-4.92776
-5.06494
-5.13518
-5.20617
-5.27798
-5.35069
-5.42422
-5.5727
-5.64893
-5.72598
-5.80401
-5.8831
-5.96322
-6.125
-6.20821
-6.29286
-6.3786
-6.46554
-6.55375
-6.73337
-6.82576
-6.9198
-7.0154
-7.11287
-7.21207
-7.41457
-7.51933
-7.62595
-7.73474
-7.84553
-7.95826
-8.18846
-8.30787
-8.42931
-8.55279
-8.67832
-8.80626
-9.06625
-9.20066
-9.33684
-9.47518
-9.61544
-9.75729
-10.0454
-10.1934
-10.3431
-10.4949
-10.6485
-10.804
-11.1179
-11.2789
-11.4417
-11.6064
-11.7731
-11.9416
-12.2816
-12.4557
-12.6318
-12.81
-12.9902
-13.1725
-13.5405
-13.7295
-13.9207
-14.114
-14.31
-14.5085
-14.9097
-15.1159
-15.325
-15.5367
-15.7514
-15.9691
-16.4112
-16.6397
-16.8713
-17.1069
-17.3471
-17.5906
-18.0859
-18.3429
-18.6049
-18.8723
-19.1443
-19.4211
-19.9874
-20.2812
-20.5809
-20.8862
-21.1975
-21.515
-22.1621
-22.4974
-22.8387
-23.1855
-23.539
-23.898
-24.6271
-25.0027
-25.3833
-25.7702
-26.1625
-26.56
-27.3658
-27.7791
-28.1979
-28.6222
-29.052
-29.4873
-30.3675
-30.8192
-31.2764
-31.7394
-32.2079
-32.6823
-33.6417
-34.1345
-34.6333
-35.1382
-35.6507
-36.1704
-37.2226
-37.7639
-38.3138
-38.8702
-39.436
-40.0111
-41.1766
-41.7774
-42.3896
-43.014
-43.6472
-44.2915
-45.6094
-46.2928
-46.9882
-47.6974
-48.4228
-49.1652
-50.6884
-51.4809
-52.2906
-53.1215
-53.969
-54.8361
-56.6185
-57.5482
-58.5001
-59.4745
-60.4681
-61.4845
-63.5716
-64.657
-65.7653
-66.8992
-68.055
-69.2318
-71.641
-72.8951
-74.1739
-75.4769
-76.8056
-78.1627
-80.9406
-82.3827
-83.8567
-85.3614
-86.8992
-88.4707
-91.6891
-93.3656
-95.0807
-96.8366
-98.6422
-100.487
-104.279
-106.274
-108.33
-110.436
-112.583
-114.79
-119.392
-121.815
-124.316
-126.892
-129.543
-132.271
-137.961
-140.969
-144.067
-147.284
-150.613
-154.04
-161.141
-164.931
-168.844
-172.823
-176.915
-181.112
-189.756
-194.212
-198.687
-203.202
-207.781
-212.371
-221.159
-225.42
-229.586
-233.575
-237.252
-240.601
-246.002
-247.984
-249.539
-250.596
-250.776
-250.052
-246.051
-242.653
-238.505
-233.336
-227.067
-219.686
-201.925
-191.509
-180.079
-167.623
-154.297
-140.068
-109.832
-93.7495
-77.0918
-59.7979
-42.0104
-24.2985
11.064
28.9239
46.5052
63.6334
80.5771
96.7734
126.892
141.106
154.498
167.071
178.663
189.175
206.984
214.148
220.419
225.794
230.416
233.662
237.816
238.638
238.705
238.194
236.978
235.236
230.289
227.265
223.9
220.235
216.421
212.396
204.143
199.895
195.56
191.267
187.163
182.967
174.859
170.892
167.047
163.243
159.547
155.978
149.188
145.886
142.676
139.562
136.551
133.618
128.099
125.422
122.827
120.305
117.847
115.453
110.916
108.735
106.606
104.531
102.507
100.529
96.761
94.9341
93.1479
91.3994
89.6977
88.034
84.8432
83.2888
81.7704
80.2855
78.8361
77.4225
74.7041
73.3808
72.0871
70.8216
69.586
68.3802
66.0684
64.9449
63.8492
62.7786
61.7339
60.7149
58.7679
57.8176
56.8942
55.9933
55.1129
54.2525
52.6025
51.7975
51.011
50.2385
49.4848
48.7451
47.3166
46.6173
45.9327
45.2596
44.5974
43.9443
42.6804
42.0599
41.4463
40.8432
40.2489
39.6637
38.5261
37.9647
37.4104
36.8631
36.3237
35.7918
34.756
34.2439
33.7381
33.2393
32.747
32.2601
31.3115
30.843
30.3802
29.9237
29.4733
29.0288
28.1649
27.7387
27.3196
26.9057
26.4979
26.0963
25.3181
24.9367
24.5614
24.192
23.8297
23.4737
22.7873
22.4513
22.1217
21.7986
21.4821
21.1702
20.5716
20.2782
19.9908
19.7084
19.4309
19.1584
18.6311
18.3726
18.118
17.8667
17.6203
17.3775
16.9058
16.6732
16.4438
16.2171
15.9934
15.7727
15.343
15.1307
14.9208
14.7133
14.5084
14.3061
13.9102
13.7144
13.5208
13.3294
13.1402
12.9529
12.5878
12.4069
12.2278
12.0508
11.8758
11.7028
11.3652
11.1982
11.0333
10.8704
10.7096
10.5511
10.2426
10.0899
9.93987
9.79195
9.64646
9.50332
9.22546
9.08908
8.955
8.82314
8.69375
8.56661
8.32102
8.20074
8.08207
7.96606
7.85193
7.73989
7.5235
7.417
7.31229
7.20927
7.10773
7.00792
6.81385
6.7183
6.62396
6.53093
6.43923
6.34863
6.17186
6.08432
5.99791
5.91249
5.82805
5.74454
5.58139
5.5005
5.42044
5.34116
5.26273
5.18507
5.03323
4.95792
4.88335
4.80952
4.73641
4.66395
4.52225
4.45196
4.38239
4.31353
4.24543
4.17804
4.04657
3.9816
3.91754
3.85436
3.79193
3.73034
3.61156
3.55343
3.49673
3.44149
3.38774
3.33603
3.13462
3.0036
2.88248
2.76766
2.65948
2.55704
2.3698
2.28297
2.20043
2.12199
2.0475
1.97684
1.84715
1.78657
1.72852
1.67308
1.62033
1.57003
1.47594
1.43195
1.39001
1.3496
1.31078
1.27357
1.20444
1.17156
1.13972
1.10891
1.07915
1.05043
0.996343
0.970357
0.945147
0.92082
0.897377
0.875467
0.833671
0.813154
0.792999
0.773206
0.753775
0.734694
0.698118
0.68031
0.662904
0.6459
0.629345
0.613236
