-1.73976
-1.87453
-2.01577
-2.1642
-2.32074
-2.4868
-2.6644
-2.8569
-3.06756
-3.29888
-3.55166
-3.82402
-4.11481
-4.42237
-4.74677
-5.08861
-5.44935
-5.83108
-6.23708
-6.67258
-7.14463
-7.66247
-8.23412
-8.86283
-9.54535
-10.278
-11.0564
-11.8798
-12.7498
-13.6691
-14.6424
-15.6803
-16.7923
-17.9995
-19.3247
-20.7925
-22.4161
-24.1943
-26.1159
-28.1709
-30.3562
-32.6763
-35.1435
-37.7728
-40.5944
-43.6474
-46.9858
-50.6949
-54.8632
-59.5731
-64.8552
-70.7319
-77.2313
-84.4212
-92.4114
-101.378
-111.567
-123.343
-137.119
-153.457
-173.11
-196.141
-221.897
-247.218
-265.46
-266.386
-241.688
-186.327
-104.071
-6.57466
90.8549
172.667
229.122
253.958
253.6
237.031
213.555
189.396
167.645
148.886
132.976
119.459
107.822
97.6774
88.7551
80.8128
73.7296
67.4301
61.8529
56.9584
52.6423
48.7889
45.3002
42.095
39.1254
36.3503
33.7492
31.3047
29.0076
26.858
24.8663
23.0426
21.3921
19.9052
18.5526
17.3116
16.1557
15.0721
14.0499
13.0838
12.1684
11.302
10.4847
9.72092
9.01432
8.36887
7.78319
7.24823
6.75563
6.29542
5.86207
5.45188
5.0616
4.6895
4.33478
3.99747
3.67892
3.38439
2.91428
2.39069
1.99103
1.68291
1.43887
1.24409
1.08373
0.948741
0.8366
0.737518
0.648405
0.569407
-1.74056
-1.87369
-1.87536
-2.0149
-2.01665
-2.16328
-2.16512
-2.31977
-2.32171
-2.48577
-2.48784
-2.66328
-2.66551
-2.85569
-2.85811
-3.06623
-3.06889
-3.29742
-3.30034
-3.55007
-3.55324
-3.82232
-3.82573
-4.11301
-4.11662
-4.42046
-4.42428
-4.74476
-4.74878
-5.08649
-5.09073
-5.44711
-5.45158
-5.82871
-5.83346
-6.23455
-6.23961
-6.66985
-6.67531
-7.14165
-7.14762
-7.65918
-7.66576
-8.23049
-8.23775
-8.85886
-8.8668
-9.54107
-9.54964
-10.2734
-10.2825
-11.0516
-11.0613
-11.8747
-11.8849
-12.7444
-12.7552
-13.6634
-13.6748
-14.6363
-14.6485
-15.6738
-15.6868
-16.7853
-16.7993
-17.9918
-18.0071
-19.3163
-19.3331
-20.7832
-20.8018
-22.4057
-22.4264
-24.1831
-24.2055
-26.1039
-26.1279
-28.1581
-28.1837
-30.3426
-30.3698
-32.6618
-32.6908
-35.1281
-35.1589
-37.7564
-37.7892
-40.5766
-40.6121
-43.6282
-43.6667
-46.9647
-47.007
-50.6713
-50.7186
-54.8365
-54.89
-59.5429
-59.6034
-64.8216
-64.8889
-70.6945
-70.7693
-77.19
-77.2726
-84.3755
-84.4669
-92.3604
-92.4624
-101.32
-101.435
-111.501
-111.633
-123.267
-123.42
-137.028
-137.209
-153.348
-153.566
-172.981
-173.239
-195.992
-196.29
-221.737
-222.057
-247.08
-247.361
-265.381
-265.538
-266.45
-266.321
-241.935
-241.439
-186.759
-185.896
-104.634
-103.513
-7.18635
-5.96311
90.307
91.4023
172.243
173.09
228.874
229.369
253.9
254.013
253.663
253.536
237.166
236.899
213.704
213.406
189.538
189.255
167.767
167.523
148.991
148.781
133.064
132.888
119.534
119.384
107.887
107.756
97.7347
97.6201
88.8059
88.7043
80.8581
80.7675
73.77
73.6892
67.466
67.3943
61.8845
61.8214
56.9861
56.9307
52.6669
52.6177
48.8109
48.7668
45.3204
45.28
42.1136
42.0764
39.1428
39.108
36.3666
36.3341
33.7645
33.734
31.319
31.2904
29.021
28.9941
26.8705
26.8455
24.8778
24.8547
23.0531
23.0321
21.4015
21.3826
19.9138
19.8966
18.5605
18.5448
17.3188
17.3043
16.1624
16.1489
15.0785
15.0658
14.0559
14.0439
13.0895
13.0782
12.1738
12.163
11.3071
11.2969
10.4894
10.4799
9.72536
9.71648
9.01841
9.01024
8.37259
8.36516
7.78656
7.77982
7.25133
7.24514
6.7585
6.75277
6.29812
6.29273
5.86461
5.85952
5.4543
5.44947
5.06389
5.0593
4.6917
4.6873
4.33687
4.3327
3.99946
3.99549
3.68078
3.67705
3.38605
3.38273
2.91792
2.91064
2.39344
2.38793
1.99315
1.98892
1.68456
1.68126
1.44019
1.43755
1.24515
1.24303
1.08462
1.08284
0.949491
0.947992
0.837226
0.835974
0.738089
0.736948
0.648913
0.647897
0.569854
-1.74613
-1.86788
-1.8812
-2.0088
-2.02277
-2.15686
-2.17156
-2.31297
-2.32851
-2.47854
-2.49509
-2.65549
-2.67334
-2.84726
-2.86662
-3.05694
-3.07824
-3.28722
-3.31059
-3.53898
-3.56437
-3.81041
-3.83769
-4.10036
-4.12931
-4.40711
-4.43767
-4.73071
-4.76288
-5.07168
-5.10559
-5.43147
-5.46727
-5.81211
-5.85011
-6.21689
-6.25739
-6.65076
-6.69449
-7.1208
-7.16859
-7.63623
-7.68884
-8.20516
-8.2632
-8.83113
-8.89466
-9.51113
-9.5797
-10.2415
-10.3145
-11.0177
-11.0952
-11.839
-11.9208
-12.7066
-12.7931
-13.6234
-13.7149
-14.5938
-14.6912
-15.6283
-15.7323
-16.7366
-16.8481
-17.9385
-18.0608
-19.2576
-19.3922
-20.718
-20.8673
-22.3337
-22.4987
-24.105
-24.2839
-26.0199
-26.2123
-28.0686
-28.2734
-30.2477
-30.465
-32.5608
-32.7922
-35.0204
-35.2669
-37.6416
-37.9044
-40.4534
-40.7365
-43.4937
-43.8018
-46.817
-47.1554
-50.506
-50.885
-54.65
-55.0779
-59.3317
-59.8156
-64.5865
-65.1256
-70.4333
-71.0319
-76.9016
-77.563
-84.0563
-84.7879
-92.0044
-92.8207
-100.918
-101.84
-111.044
-112.095
-122.732
-123.959
-136.398
-137.845
-152.588
-154.334
-172.083
-174.147
-194.951
-197.346
-220.616
-223.183
-246.113
-248.35
-264.818
-266.069
-266.868
-265.838
-243.643
-239.674
-189.756
-182.851
-108.552
-99.6215
-11.4707
-1.6863
86.4571
95.2197
169.242
176.026
227.11
230.979
253.464
254.369
254.087
253.072
238.103
235.972
214.746
212.359
190.528
188.267
168.626
166.67
149.728
148.05
133.684
132.275
120.063
118.86
108.345
107.302
98.1372
97.2203
89.1622
88.3502
81.1763
80.4512
74.0535
73.4076
67.7178
67.1443
62.1062
61.6017
57.1804
56.7376
52.8397
52.4459
48.9657
48.6127
45.462
45.1391
42.2441
41.9463
39.2647
38.9864
36.4805
36.2205
33.8714
33.6273
31.4194
31.1903
29.1154
28.9001
26.9583
26.758
24.9588
24.7741
23.1269
22.9589
21.468
21.3165
19.9739
19.8368
18.6156
18.4903
17.3695
17.2538
16.2097
16.1017
15.123
15.0213
14.0979
14.0019
13.1294
13.0383
12.2115
12.1254
11.3428
11.2614
10.5229
10.4465
9.75654
9.68545
9.04706
8.98172
8.39864
8.33925
7.81023
7.75627
7.27302
7.22356
6.77861
6.73273
6.31703
6.27389
5.88247
5.84172
5.47121
5.4326
5.08
5.04323
4.7071
4.67193
4.3515
4.31812
4.01338
3.9816
3.69385
3.66404
3.39769
3.37102
2.94366
2.88537
2.41287
2.36878
2.00805
1.97422
1.6962
1.66977
1.44949
1.42854
1.25261
1.23566
1.09087
1.07664
0.954764
0.94277
0.841619
0.831602
0.742093
0.73297
0.65248
0.644353
0.572993
-1.76023
-1.77859
-1.79711
-1.8157
-1.83444
-1.85327
-1.89597
-1.91525
-1.93465
-1.95412
-1.97373
-1.99347
-2.03827
-2.0585
-2.07887
-2.09934
-2.11998
-2.14073
-2.18788
-2.20915
-2.23059
-2.25217
-2.27395
-2.2959
-2.34574
-2.36827
-2.39107
-2.41394
-2.43706
-2.4604
-2.51347
-2.53747
-2.56172
-2.58617
-2.61094
-2.63599
-2.69322
-2.7192
-2.7455
-2.77203
-2.79891
-2.82609
-2.88836
-2.91671
-2.94542
-2.97444
-3.00386
-3.03368
-3.10198
-3.13307
-3.16465
-3.19657
-3.22897
-3.26167
-3.33664
-3.37076
-3.40534
-3.44022
-3.47553
-3.51121
-3.5926
-3.6295
-3.66674
-3.70427
-3.74227
-3.78063
-3.86798
-3.90747
-3.94728
-3.98735
-4.02784
-4.06864
-4.16141
-4.20319
-4.24531
-4.28763
-4.33042
-4.37357
-4.47157
-4.51569
-4.56011
-4.60475
-4.64986
-4.69536
-4.79857
-4.84501
-4.89188
-4.939
-4.98658
-5.03448
-5.14318
-5.19221
-5.24171
-5.29142
-5.34163
-5.39218
-5.50698
-5.55874
-5.61096
-5.66345
-5.7167
-5.77041
-5.89232
-5.9473
-6.00265
-6.05856
-6.11542
-6.1725
-6.30246
-6.36132
-6.42078
-6.48075
-6.54145
-6.60287
-6.74304
-6.80652
-6.87074
-6.93562
-7.0018
-7.06863
-7.22167
-7.29107
-7.36147
-7.43272
-7.5054
-7.57886
-7.74737
-7.82405
-7.90175
-7.9805
-8.06065
-8.14177
-8.32775
-8.41242
-8.49834
-8.58487
-8.67262
-8.76158
-8.96514
-9.05733
-9.15053
-9.24461
-9.33982
-9.43607
-9.6558
-9.75493
-9.85535
-9.95641
-10.0585
-10.1614
-10.3956
-10.5013
-10.608
-10.7155
-10.8239
-10.933
-11.1812
-11.2933
-11.4062
-11.5196
-11.634
-11.7493
-12.0117
-12.13
-12.2492
-12.3688
-12.4898
-12.6118
-12.8889
-13.0138
-13.1396
-13.266
-13.3942
-13.5231
-13.8162
-13.9483
-14.0812
-14.2155
-14.3509
-14.4875
-14.7993
-14.9401
-15.082
-15.2248
-15.3688
-15.5144
-15.8475
-15.998
-16.15
-16.3031
-16.4579
-16.6145
-16.9726
-17.1356
-17.2997
-17.4661
-17.6347
-17.8049
-18.1971
-18.3752
-18.5553
-18.7376
-18.9228
-19.1106
-19.5426
-19.7395
-19.9391
-20.1409
-20.3464
-20.5548
-21.0336
-21.2519
-21.4725
-21.6959
-21.9229
-22.1535
-22.6824
-22.9225
-23.1652
-23.4099
-23.658
-23.9092
-24.4828
-24.7429
-25.0057
-25.2699
-25.5383
-25.8091
-26.426
-26.705
-26.9863
-27.2694
-27.5558
-27.8439
-28.5008
-28.7973
-29.0966
-29.3982
-29.7025
-30.009
-30.7066
-31.0214
-31.3394
-31.6596
-31.9822
-32.3072
-33.0492
-33.3841
-33.7214
-34.0613
-34.4042
-34.75
-35.5405
-35.8971
-36.2566
-36.619
-36.9846
-37.3537
-38.1964
-38.5789
-38.9654
-39.3546
-39.7478
-40.1447
-41.0515
-41.4653
-41.8813
-42.301
-42.7262
-43.1568
-44.145
-44.5935
-45.0484
-45.509
-45.9753
-46.447
-47.5335
-48.0316
-48.5358
-49.0472
-49.5668
-50.0931
-51.3085
-51.8665
-52.4319
-53.0063
-53.5908
-54.1837
-55.5571
-56.1847
-56.8229
-57.4727
-58.1329
-58.804
-60.3544
-61.0605
-61.7787
-62.5087
-63.2486
-63.9986
-65.7265
-66.5136
-67.3131
-68.1238
-68.9466
-69.7795
-71.6992
-72.572
-73.4563
-74.3522
-75.2597
-76.1802
-78.3009
-79.264
-80.2394
-81.2289
-82.2365
-83.258
-85.6047
-86.6738
-87.757
-88.856
-89.976
-91.1144
-93.7312
-94.9277
-96.1452
-97.3814
-98.6386
-99.9141
-102.872
-104.232
-105.614
-107.019
-108.448
-109.901
-113.277
-114.828
-116.412
-118.036
-119.701
-121.398
-125.334
-127.157
-129.011
-130.903
-132.846
-134.827
-139.466
-141.597
-143.786
-146.032
-148.338
-150.716
-156.273
-158.825
-161.47
-164.213
-166.996
-169.841
-176.474
-179.531
-182.648
-185.823
-189.049
-192.355
-200.016
-203.496
-207.062
-210.639
-214.237
-217.827
-226.024
-229.687
-233.26
-236.801
-240.252
-243.601
-250.727
-253.762
-256.565
-259.14
-261.419
-263.406
-267.248
-268.139
-268.696
-268.872
-268.536
-267.755
-264.28
-261.85
-259.214
-255.969
-252.245
-247.75
-235.002
-228.394
-221.376
-213.776
-205.648
-197.007
-175.085
-164.596
-153.833
-142.488
-130.567
-118.283
-89.6543
-76.585
-63.3472
-49.7681
-36.0844
-22.2448
9.07638
22.9081
36.4722
50.0576
63.5271
76.6292
104.813
116.918
128.729
140.205
151.233
161.532
183.263
192.038
200.42
208.339
215.564
222.265
234.761
239.379
243.471
246.924
250.082
252.245
255.237
256.122
256.523
256.416
255.883
255.014
251.791
249.898
247.845
245.737
243.275
240.381
233.591
230.463
227.279
224.052
220.695
217.356
209.721
206.329
202.962
199.646
196.348
193.041
185.784
182.7
179.658
176.651
173.702
170.813
164.538
161.828
159.181
156.592
154.053
151.598
146.238
143.954
141.715
139.517
137.363
135.271
130.745
128.807
126.908
125.043
123.219
121.421
117.546
115.872
114.238
112.634
111.058
109.515
106.165
104.717
103.292
101.89
100.514
99.162
96.2209
94.9484
93.6972
92.4682
91.2593
90.0694
87.4646
86.3345
85.2207
84.1262
83.0472
81.9859
79.66
78.6504
77.6586
76.6831
75.7227
74.7753
72.7042
71.8086
70.9268
70.057
69.2006
68.3593
66.5193
65.7238
64.9424
64.1738
63.4171
62.672
61.0529
60.3547
59.6682
58.9923
58.3277
57.6757
56.2558
55.6419
55.0374
54.4421
53.8563
53.2794
52.0163
51.4681
50.9288
50.3987
49.8742
49.3592
48.2263
47.7328
47.2458
46.7649
46.2899
45.8204
44.7859
44.334
43.888
43.4466
43.0097
42.5762
41.6202
41.2028
40.7899
40.3813
39.9757
39.5734
38.6816
38.2923
37.9059
37.5218
37.1449
36.7691
35.9365
35.5718
35.2103
34.8519
34.4958
34.1426
33.3597
33.0165
32.6763
32.3397
32.0057
31.674
30.939
30.6167
30.2971
29.9802
29.6658
29.3545
28.6642
28.3616
28.0619
27.7651
27.4716
27.1812
26.5386
26.2574
25.9793
25.7051
25.4335
25.1646
24.5721
24.3135
24.0582
23.8073
23.5592
23.3142
22.7756
22.5414
22.3106
22.0832
21.8586
21.6372
21.1512
20.9403
20.7326
20.5283
20.3261
20.1265
19.6871
19.4958
19.307
19.1209
18.9365
18.7548
18.3539
18.179
18.0059
17.8352
17.6658
17.4981
17.1272
16.9646
16.8034
16.6439
16.4857
16.3295
15.9833
15.8311
15.6803
15.5309
15.3826
15.2355
14.9098
14.7663
14.6238
14.483
14.3428
14.2039
13.8967
13.7613
13.6269
13.4939
13.3617
13.2302
12.9385
12.8102
12.6829
12.5567
12.4312
12.3069
12.031
11.9095
11.7887
11.6691
11.5507
11.4332
11.1721
11.0573
10.9434
10.8307
10.7188
10.6077
10.3626
10.2549
10.1485
10.0429
9.93857
9.83549
9.60746
9.50746
9.40871
9.31137
9.21494
9.11975
8.91026
8.8187
8.72843
8.63953
8.5517
8.46493
8.27423
8.19103
8.10899
8.02841
7.94882
7.87026
7.69728
7.62167
7.54692
7.4733
7.40031
7.32818
7.16945
7.09986
7.03117
6.96337
6.89612
6.82956
6.68244
6.61778
6.5537
6.49034
6.42737
6.36492
6.22664
6.16593
6.10566
6.04599
5.98662
5.92768
5.79707
5.73971
5.68266
5.62614
5.56977
5.514
5.39022
5.33564
5.28137
5.22752
5.17391
5.12077
5.0028
4.95073
4.89892
4.84761
4.79668
4.74601
4.63336
4.58378
4.53448
4.48565
4.43689
4.38858
4.28145
4.23419
4.1873
4.1408
4.09455
4.04863
3.94676
3.90199
3.85764
3.81374
3.77014
3.72694
3.63142
3.58964
3.54806
3.50721
3.467
3.42754
3.34198
3.30526
3.26953
3.19123
3.09943
3.01018
2.8235
2.74579
2.67099
2.59891
2.52939
2.46276
2.3214
2.26207
2.20508
2.1502
2.09741
2.04633
1.93789
1.89236
1.84855
1.80654
1.76579
1.72609
1.64136
1.60563
1.57091
1.53738
1.50489
1.47331
1.40625
1.37797
1.35035
1.32345
1.29722
1.27176
1.21739
1.19432
1.17169
1.14961
1.12798
1.10685
1.06123
1.04169
1.02262
1.00406
0.985932
0.968235
0.92978
0.913338
0.89732
0.882116
0.867355
0.852768
0.820651
0.806627
0.792776
0.77913
0.765626
0.752276
0.723026
0.710339
0.697861
0.685584
0.673472
0.661554
0.635498
0.624206
0.613106
0.602223
0.591509
0.580988
