-2.28578
-2.56812
-2.88745
-3.25607
-3.6809
-4.15898
-4.68646
-5.26431
-5.90064
-6.61001
-7.42008
-8.36364
-9.45727
-10.6919
-12.0588
-13.5618
-15.2249
-17.0906
-19.2382
-21.7573
-24.6921
-28.0227
-31.7359
-35.8586
-40.4834
-45.7684
-52.0004
-59.5267
-68.5963
-79.3702
-92.1806
-107.716
-127.19
-152.393
-185.151
-222.682
-249.188
-232.348
-146.104
-6.63449
132.902
219.395
237.958
213.857
178.651
147.604
123.118
103.927
88.5215
75.8819
65.4607
56.9426
49.9685
44.097
38.987
34.4487
30.3767
26.7351
23.5353
20.7951
18.4602
16.4282
14.6152
12.9741
11.4816
10.1325
8.93788
7.90445
7.01318
6.22742
5.5182
4.86931
4.27268
3.72987
3.21579
2.29643
1.71441
1.32383
1.04851
0.844224
-2.28675
-2.56704
-2.5692
-2.88622
-2.88869
-3.25464
-3.25749
-3.67927
-3.68253
-4.15716
-4.16079
-4.68447
-4.68845
-5.26212
-5.2665
-5.89822
-5.90306
-6.60729
-6.61274
-7.41693
-7.42323
-8.35996
-8.36732
-9.45306
-9.46148
-10.6872
-10.6966
-12.0536
-12.064
-13.5561
-13.5675
-15.2186
-15.2312
-17.0834
-17.0978
-19.2298
-19.2465
-21.7474
-21.7671
-24.6808
-24.7035
-28.01
-28.0354
-31.7218
-31.75
-35.8428
-35.8743
-40.4656
-40.5011
-45.7478
-45.7889
-51.9758
-52.025
-59.4969
-59.5566
-68.5607
-68.632
-79.3278
-79.4127
-92.1301
-92.2313
-107.654
-107.779
-127.11
-127.269
-152.289
-152.496
-185.018
-185.282
-222.553
-222.811
-249.141
-249.235
-232.522
-232.174
-146.526
-145.669
-7.16459
-6.10379
132.469
133.335
219.214
219.576
237.99
237.925
213.981
213.734
178.776
178.527
147.704
147.505
123.196
123.041
103.989
103.866
88.5717
88.4713
75.9233
75.8405
65.4948
65.4267
56.9702
56.915
49.9914
49.9456
44.1167
44.0772
39.0043
38.9697
34.4642
34.4332
30.3906
30.3628
26.7474
26.7227
23.546
23.5245
20.8042
20.786
18.4681
18.4524
16.4351
16.4213
14.6214
14.609
12.9797
12.9684
11.4867
11.4765
10.1371
10.1279
8.94193
8.93384
7.90791
7.90099
7.01619
7.01018
6.2301
6.22473
5.52064
5.51575
4.87155
4.86706
4.27474
4.27063
3.73173
3.72802
3.22022
3.21136
2.29901
2.29386
1.71611
1.71271
1.325
1.32267
1.04937
1.04766
0.844857
-2.29498
-2.5579
-2.57838
-2.87573
-2.89921
-3.2425
-3.2697
-3.66542
-3.69645
-4.14177
-4.17623
-4.66756
-4.70542
-5.24359
-5.28511
-5.87768
-5.92366
-6.58419
-6.63596
-7.39024
-7.45008
-8.32881
-8.39871
-9.41734
-9.49736
-10.6473
-10.7366
-12.0097
-12.1081
-13.5078
-13.6161
-15.1648
-15.2852
-17.0224
-17.1595
-19.1589
-19.3178
-21.6639
-21.8512
-24.5847
-24.8
-27.9022
-28.1436
-31.6021
-31.8701
-35.7095
-36.0083
-40.315
-40.6524
-45.5735
-45.9657
-51.7673
-52.2349
-59.2442
-59.811
-68.2585
-68.9357
-78.9682
-79.7744
-91.7017
-92.6631
-107.123
-108.314
-126.438
-127.947
-151.409
-153.384
-183.894
-186.401
-221.452
-223.906
-248.749
-249.613
-233.967
-230.596
-150.154
-141.945
-11.7046
-1.54736
128.763
136.981
217.64
221.071
238.243
237.628
215.021
212.676
179.827
177.47
148.557
146.657
123.859
122.383
104.516
103.343
88.9998
88.0465
76.2763
75.4902
65.785
65.1387
57.2059
56.6809
50.1867
49.7515
44.2849
43.9099
39.1519
38.8227
34.5962
34.3017
30.5093
30.2446
26.8528
26.6178
23.6374
23.4338
20.8817
20.709
18.5346
18.3862
16.4939
16.3627
14.6743
14.5563
13.0278
12.9205
11.5305
11.4329
10.1764
10.0888
8.97612
8.89971
7.93737
7.87168
7.04179
6.98469
6.25299
6.20193
5.54145
5.49501
4.89066
4.84802
4.29227
4.25314
3.74751
3.71231
3.25793
3.17393
2.32113
2.27213
1.73068
1.69836
1.335
1.3128
1.05665
1.04046
0.85025
-2.32223
-2.36209
-2.4026
-2.44367
-2.48545
-2.52805
-2.60882
-2.65358
-2.69921
-2.74575
-2.79314
-2.84156
-2.93413
-2.98557
-3.0382
-3.09188
-3.14671
-3.20296
-3.31025
-3.36969
-3.43059
-3.49255
-3.55578
-3.62024
-3.74257
-3.81014
-3.87882
-3.94858
-4.0194
-4.09141
-4.22737
-4.30222
-4.37822
-4.45517
-4.53313
-4.61227
-4.76157
-4.8437
-4.92682
-5.01107
-5.09656
-5.18307
-5.34671
-5.43679
-5.52824
-5.62096
-5.71508
-5.81068
-5.99185
-6.09157
-6.19311
-6.29662
-6.40192
-6.50888
-6.713
-6.82604
-6.94152
-7.05932
-7.17983
-7.30335
-7.5392
-7.67067
-7.80516
-7.9426
-8.08315
-8.22735
-8.5028
-8.65572
-8.81232
-8.97176
-9.13465
-9.30074
-9.61629
-9.79035
-9.96789
-10.1481
-10.331
-10.5171
-10.8691
-11.0627
-11.2596
-11.4588
-11.661
-11.8663
-12.2538
-12.4668
-12.6832
-12.9023
-13.1245
-13.35
-13.7768
-14.0117
-14.2506
-14.4931
-14.7391
-14.9893
-15.4639
-15.7259
-15.9928
-16.2643
-16.5413
-16.8239
-17.3632
-17.6626
-17.9672
-18.2798
-18.5997
-18.9279
-19.5549
-19.9048
-20.2636
-20.6309
-21.0072
-21.3922
-22.1289
-22.5395
-22.9594
-23.3879
-23.8252
-24.2713
-25.1197
-25.589
-26.0674
-26.5533
-27.0477
-27.5507
-28.5022
-29.0274
-29.5609
-30.1026
-30.6526
-31.2108
-32.2681
-32.8508
-33.4425
-34.0439
-34.6542
-35.274
-36.452
-37.1027
-37.7645
-38.4388
-39.1241
-39.8235
-41.1534
-41.8901
-42.6444
-43.4149
-44.2007
-45.0054
-46.5479
-47.4085
-48.2905
-49.1984
-50.1317
-51.0895
-52.9359
-53.9723
-55.0372
-56.133
-57.2605
-58.421
-60.6574
-61.9119
-63.2
-64.5228
-65.8798
-67.2753
-69.9451
-71.4393
-72.9735
-74.5448
-76.1532
-77.8017
-80.9713
-82.7426
-84.5615
-86.4278
-88.3444
-90.3097
-94.0991
-96.2267
-98.4226
-100.683
-103.005
-105.408
-110.097
-112.723
-115.44
-118.277
-121.211
-124.262
-130.215
-133.597
-137.119
-140.78
-144.584
-148.559
-156.346
-160.76
-165.403
-170.221
-175.149
-180.25
-190.119
-195.594
-201.084
-206.658
-212.284
-217.755
-227.5
-232.457
-237.051
-241.117
-244.662
-247.31
-250.529
-250.736
-249.594
-247.173
-243.347
-238.319
-224.898
-215.305
-204.163
-191.523
-177.386
-161.758
-129.407
-110.492
-90.7686
-70.1121
-48.5565
-26.8167
13.6451
35.4042
56.6711
77.531
97.4321
116.238
148.638
164.363
178.677
191.38
202.625
212.055
225.593
231.079
234.855
237.351
238.578
238.697
236.383
233.943
230.77
227.076
222.893
218.301
209.177
204.063
198.833
193.557
188.454
183.309
174.044
169.227
164.553
159.992
155.62
151.407
143.903
140.063
136.369
132.801
129.395
126.081
120.251
117.251
114.355
111.561
108.874
106.269
101.652
99.2563
96.9549
94.7176
92.5377
90.4258
86.6672
84.7182
82.8233
80.9799
79.1897
77.4526
74.3515
72.7454
71.1813
69.6616
68.1865
66.7519
64.204
62.8869
61.608
60.3672
59.1651
57.9951
55.9201
54.8465
53.804
52.789
51.8005
50.8388
49.1199
48.2227
47.3478
46.4926
45.6584
44.8413
43.3655
42.5929
41.8345
41.0895
40.3586
39.641
38.343
37.6597
36.9861
36.3244
35.6739
35.0337
33.8721
33.26
32.6574
32.0633
31.478
30.9024
29.8591
29.3092
28.7686
28.237
27.7147
27.2024
26.2754
25.7887
25.3117
24.8457
24.3885
23.941
23.1382
22.7191
22.3102
21.911
21.5211
21.1394
20.458
20.1024
19.7547
19.4146
19.0817
18.756
18.1701
17.8618
17.5607
17.265
16.9744
16.6886
16.1715
15.8983
15.6301
15.366
15.1057
14.8494
14.3843
14.1379
13.895
13.6558
13.4197
13.187
12.764
12.5403
12.3196
12.1018
11.8869
11.6752
11.2906
11.0873
10.8874
10.6905
10.4969
10.3064
9.96155
9.78016
9.60265
9.42848
9.25724
9.0899
8.7888
8.63121
8.47725
8.32673
8.17937
8.03506
7.77632
7.64105
7.50873
7.37889
7.25158
7.12664
6.90149
6.78288
6.66656
6.55208
6.43951
6.32873
6.12745
6.02111
5.91622
5.81293
5.71089
5.61027
5.4272
5.33007
5.23427
5.13967
5.04609
4.95383
4.78574
4.69659
4.60834
4.52128
4.43535
4.35037
4.19594
4.1141
4.03359
3.95441
3.87647
3.79983
3.66131
3.58913
3.51881
3.45068
3.38478
3.32176
3.05917
2.90685
2.76579
2.63429
2.5112
2.39633
2.20238
2.10664
2.01698
1.93282
1.85391
1.77976
1.65246
1.58953
1.5294
1.47258
1.41925
1.36862
1.28111
1.23728
1.19582
1.15604
1.11777
1.0811
1.01726
0.984773
0.953414
0.923395
0.894699
0.868155
