-2.28113
-2.43554
-2.59952
-2.77595
-2.96722
-3.17601
-3.40404
-3.65065
-3.91442
-4.19401
-4.48862
-4.79827
-5.12367
-5.46614
-5.82752
-6.21058
-6.61952
-7.06026
-7.54068
-8.06771
-8.64561
-9.27304
-9.94684
-10.6628
-11.4193
-12.216
-13.055
-13.9396
-14.8754
-15.8695
-16.9325
-18.0839
-19.3415
-20.7273
-22.2518
-23.9164
-25.7099
-27.625
-29.6557
-31.8053
-34.0813
-36.497
-39.0703
-41.8295
-44.8119
-48.0756
-51.695
-55.7438
-60.2881
-65.3464
-70.938
-77.0869
-83.852
-91.3231
-99.6416
-109.018
-119.701
-132.074
-146.515
-163.709
-183.983
-207.167
-231.956
-254.458
-268.024
-263.232
-234.635
-178.48
-99.0636
-6.57466
85.9051
164.871
221.886
251.43
255.771
243.904
222.825
199.743
177.917
158.705
142.184
128.054
115.872
105.285
95.9497
87.6723
80.2486
73.5885
67.6277
62.3134
57.6146
53.4511
49.7155
46.3313
43.2196
40.3307
37.6251
35.0896
32.6961
30.4415
28.3155
26.3249
24.4772
22.7824
21.2413
19.8453
18.5683
17.3913
16.2911
15.257
14.2789
13.3531
12.4723
11.6361
10.8438
10.0967
9.39948
8.75537
8.16577
7.62826
7.13326
6.67435
6.24307
5.83538
5.44826
5.07885
4.72581
4.38826
4.06638
3.76065
3.47394
3.15135
2.59627
2.1695
1.83798
1.57593
1.3652
1.19282
1.04805
0.925168
-2.28209
-2.43452
-2.43656
-2.59844
-2.60061
-2.77478
-2.77712
-2.96595
-2.9685
-3.17461
-3.17741
-3.40252
-3.40556
-3.64901
-3.65228
-3.91268
-3.91615
-4.19218
-4.19584
-4.48669
-4.49055
-4.79624
-4.8003
-5.12154
-5.1258
-5.4639
-5.46839
-5.82515
-5.82989
-6.20806
-6.2131
-6.61681
-6.62223
-7.05733
-7.0632
-7.53747
-7.54389
-8.06418
-8.07124
-8.64176
-8.64946
-9.26889
-9.2772
-9.9424
-9.95129
-10.6581
-10.6675
-11.4143
-11.4243
-12.2108
-12.2212
-13.0495
-13.0605
-13.9338
-13.9455
-14.8692
-14.8815
-15.8629
-15.8761
-16.9254
-16.9396
-18.0762
-18.0916
-19.3331
-19.35
-20.718
-20.7366
-22.2415
-22.262
-23.9054
-23.9275
-25.698
-25.7217
-27.6125
-27.6376
-29.6423
-29.6691
-31.7912
-31.8194
-34.0663
-34.0962
-36.4811
-36.5129
-39.0533
-39.0873
-41.8112
-41.8477
-44.792
-44.8318
-48.0536
-48.0976
-51.6704
-51.7194
-55.7164
-55.7712
-60.2575
-60.3187
-65.3124
-65.3803
-70.9005
-70.9755
-77.0457
-77.1281
-83.8067
-83.8973
-91.273
-91.3734
-99.5854
-99.6979
-108.954
-109.081
-119.628
-119.775
-131.989
-132.16
-146.415
-146.615
-163.588
-163.829
-183.844
-184.122
-207.009
-207.324
-231.8
-232.113
-254.333
-254.583
-267.99
-268.058
-263.336
-263.128
-234.91
-234.358
-178.918
-178.041
-99.6215
-98.5052
-7.18635
-5.96311
85.3526
86.4571
164.438
165.303
221.601
222.171
251.347
251.513
255.802
255.739
244.016
243.791
222.972
222.678
199.887
199.598
178.049
177.786
158.819
158.59
142.282
142.087
128.137
127.971
115.944
115.8
105.348
105.221
96.0057
95.8937
87.7222
87.6223
80.2936
80.2037
73.6287
73.5482
67.6637
67.5917
62.3453
62.2814
57.6428
57.5864
53.4763
53.4259
49.7382
49.6929
46.3519
46.3106
43.2387
43.2005
40.3485
40.3129
37.6418
37.6083
35.1053
35.0739
32.7109
32.6813
30.4554
30.4275
28.3287
28.3023
26.3371
26.3126
24.4885
24.4659
22.7927
22.772
21.2507
21.2319
19.8539
19.8368
18.5762
18.5605
17.3986
17.384
16.2979
16.2843
15.2634
15.2506
14.2849
14.2728
13.3588
13.3473
12.4777
12.4668
11.6413
11.6309
10.8487
10.8388
10.1014
10.0921
9.40377
9.39519
8.75931
8.75143
8.16937
8.16217
7.63156
7.62496
7.13631
7.13021
6.67719
6.67151
6.24574
6.24039
5.83791
5.83284
5.45068
5.44585
5.08116
5.07655
4.72801
4.72361
4.39037
4.38616
4.06839
4.06437
3.76255
3.75876
3.47568
3.47221
3.15538
3.14733
2.59938
2.59316
2.1719
2.1671
1.83984
1.83612
1.57743
1.57443
1.36641
1.36399
1.19382
1.19182
1.0489
1.0472
0.925892
-2.28881
-2.42742
-2.44368
-2.59086
-2.60822
-2.76659
-2.78534
-2.95703
-2.97745
-3.16485
-3.18722
-3.3919
-3.41623
-3.63762
-3.66372
-3.90054
-3.92834
-4.17936
-4.2087
-4.47321
-4.50407
-4.78207
-4.81448
-5.10665
-5.14073
-5.44823
-5.48411
-5.80856
-5.84654
-6.19045
-6.23077
-6.59787
-6.64123
-7.03683
-7.0838
-7.515
-7.56643
-8.03949
-8.09603
-8.61488
-8.67649
-9.23985
-9.30637
-9.91132
-9.98246
-10.6252
-10.7006
-11.3797
-11.4591
-12.1742
-12.2578
-13.011
-13.099
-13.8933
-13.986
-14.8261
-14.9247
-15.8171
-15.9221
-16.8761
-16.9893
-18.0225
-18.1456
-19.2743
-19.4092
-20.6531
-20.8018
-22.1703
-22.3337
-23.8281
-24.005
-25.6151
-25.8049
-27.5244
-27.7258
-29.5489
-29.7628
-31.6925
-31.9184
-33.9617
-34.2011
-36.37
-36.6243
-38.9342
-39.2065
-41.6836
-41.9759
-44.6529
-44.9716
-47.9001
-48.2519
-51.4991
-51.8911
-55.5253
-55.9636
-60.044
-60.5337
-65.0748
-65.6185
-70.6384
-71.239
-76.7579
-77.4177
-83.4908
-84.2157
-90.9227
-91.726
-99.1937
-100.093
-108.511
-109.527
-119.114
-120.293
-131.394
-132.76
-145.717
-147.319
-162.743
-164.677
-182.877
-185.1
-205.912
-208.426
-230.705
-233.208
-253.441
-255.445
-267.733
-268.274
-264.043
-262.367
-236.773
-232.385
-181.974
-174.935
-103.513
-94.5776
-11.4707
-1.6863
81.4704
90.307
161.386
168.375
219.58
224.137
250.673
252.069
256.023
255.494
244.778
242.982
224.004
221.649
200.901
198.587
178.973
176.869
159.622
157.795
142.967
141.409
128.723
127.39
116.454
115.296
105.793
104.78
96.399
95.5031
88.0732
87.2738
80.6092
79.8903
73.9116
73.2672
67.9166
67.3406
62.5699
62.0586
57.841
57.3898
53.6531
53.2502
49.8969
49.5351
46.4971
46.1661
43.3729
43.0669
40.4734
40.1884
37.7594
37.4911
35.2156
34.9641
32.8149
32.5778
30.5535
30.3297
28.421
28.2103
26.4233
26.2268
24.5681
24.3867
22.8652
22.6999
21.3165
21.1665
19.9138
19.7772
18.6313
18.5058
17.4495
17.3333
16.3455
16.2368
15.3084
15.2058
14.3275
14.2303
13.3992
13.3069
12.5162
12.4285
11.6777
11.5946
10.8832
10.8044
10.1338
10.0597
9.43388
9.36523
8.78697
8.72391
8.19465
8.13703
7.6547
7.60194
7.15768
7.10895
6.69709
6.65167
6.2645
6.22171
5.8557
5.81513
5.46758
5.42899
5.09729
5.06045
4.74346
4.7082
4.40514
4.37143
4.08246
4.05034
3.77584
3.74551
3.48799
3.46007
3.1837
3.1193
2.62127
2.57158
2.18882
2.15055
1.85298
1.82319
1.58802
1.56398
1.37492
1.35556
1.20085
1.18485
1.05489
1.04127
0.930984
-2.30512
-2.32583
-2.34667
-2.36767
-2.38897
-2.41037
-2.46096
-2.48293
-2.50507
-2.52736
-2.54991
-2.57268
-2.62672
-2.65023
-2.67402
-2.69803
-2.72236
-2.74694
-2.8053
-2.83076
-2.85642
-2.8825
-2.90892
-2.93564
-2.9992
-3.02699
-3.05509
-3.08347
-3.11227
-3.14146
-3.21105
-3.24146
-3.27213
-3.30311
-3.33456
-3.36641
-3.44214
-3.47515
-3.50846
-3.54199
-3.57593
-3.61024
-3.69147
-3.72684
-3.76255
-3.79842
-3.8347
-3.87134
-3.95788
-3.99548
-4.03336
-4.07142
-4.10984
-4.14857
-4.23985
-4.27944
-4.31933
-4.35946
-4.39997
-4.44074
-4.53685
-4.57847
-4.6204
-4.66256
-4.70517
-4.74798
-4.8489
-4.8927
-4.93682
-4.98115
-5.02587
-5.07083
-5.1769
-5.22304
-5.26946
-5.3161
-5.36317
-5.41051
-5.52223
-5.57069
-5.61957
-5.66866
-5.71845
-5.76864
-5.88693
-5.93828
-5.98981
-6.04197
-6.09481
-6.14811
-6.27369
-6.32841
-6.38363
-6.43926
-6.49556
-6.55242
-6.68736
-6.74608
-6.8054
-6.86523
-6.92587
-6.98754
-7.13389
-7.19786
-7.26243
-7.32759
-7.39384
-7.4611
-7.62123
-7.69131
-7.76221
-7.83387
-7.90655
-7.98033
-8.15625
-8.23321
-8.31103
-8.38969
-8.46962
-8.55045
-8.7422
-8.82618
-8.91103
-8.99627
-9.08269
-9.17007
-9.3772
-9.46747
-9.55865
-9.6504
-9.74293
-9.83661
-10.058
-10.1542
-10.2511
-10.3484
-10.4468
-10.546
-10.7806
-10.8823
-10.9845
-11.0875
-11.1915
-11.2963
-11.5433
-11.6503
-11.7582
-11.8665
-11.9761
-12.0865
-12.3464
-12.4592
-12.573
-12.6872
-12.8026
-12.9186
-13.1924
-13.3113
-13.4313
-13.5518
-13.6734
-13.7958
-14.0844
-14.2102
-14.3366
-14.4638
-14.5923
-14.7224
-15.0294
-15.1626
-15.2968
-15.4317
-15.5684
-15.707
-16.0338
-16.1761
-16.3196
-16.464
-16.6104
-16.7582
-17.1098
-17.2629
-17.4181
-17.5749
-17.7331
-17.8936
-18.2767
-18.4439
-18.613
-18.7839
-18.9575
-19.1334
-19.5533
-19.7374
-19.9237
-20.112
-20.3034
-20.4975
-20.9604
-21.1631
-21.3685
-21.5755
-21.7859
-21.9993
-22.5081
-22.7305
-22.9553
-23.1817
-23.411
-23.6427
-24.1932
-24.433
-24.6755
-24.9198
-25.1664
-25.4159
-26.0067
-26.2636
-26.5228
-26.7835
-27.0469
-27.3125
-27.9402
-28.2125
-28.4868
-28.7635
-29.0429
-29.3244
-29.9898
-30.2782
-30.5686
-30.8613
-31.1567
-31.455
-32.1587
-32.4637
-32.7717
-33.0821
-33.3951
-33.7103
-34.4557
-34.7792
-35.1063
-35.4357
-35.7679
-36.1029
-36.8949
-37.2388
-37.5857
-37.936
-38.2895
-38.6477
-39.4961
-39.8647
-40.2363
-40.6106
-40.9904
-41.3758
-42.2872
-42.6841
-43.0858
-43.4921
-43.9034
-44.3195
-45.3116
-45.745
-46.1827
-46.6262
-47.0758
-47.5318
-48.6266
-49.1057
-49.5916
-50.0834
-50.5826
-51.0901
-52.3094
-52.8438
-53.3872
-53.9379
-54.4975
-55.0667
-56.4325
-57.0326
-57.6433
-58.2617
-58.8906
-59.5303
-61.0578
-61.7285
-62.4096
-63.0998
-63.7973
-64.5057
-66.199
-66.9416
-67.6934
-68.4555
-69.2282
-70.0097
-71.8798
-72.6971
-73.5246
-74.3621
-75.2097
-76.0687
-78.1227
-79.0203
-79.9287
-80.8468
-81.7826
-82.7304
-84.9911
-85.9818
-86.9844
-88.0002
-89.0303
-90.0795
-92.5859
-93.6837
-94.7999
-95.935
-97.0863
-98.2557
-101.057
-102.29
-103.549
-104.829
-106.13
-107.45
-110.616
-112.012
-113.44
-114.89
-116.371
-117.887
-121.554
-123.171
-124.819
-126.506
-128.228
-129.979
-134.221
-136.106
-138.035
-139.998
-142
-144.054
-149.055
-151.284
-153.575
-155.919
-158.282
-160.738
-166.739
-169.39
-172.094
-174.855
-177.684
-180.559
-187.471
-190.527
-193.634
-196.805
-200.029
-203.28
-211.066
-214.433
-217.788
-221.163
-224.593
-228.028
-235.841
-239.09
-242.262
-245.333
-248.315
-251.186
-257.467
-259.772
-261.834
-263.658
-265.362
-266.928
-268.67
-268.879
-268.637
-267.999
-266.991
-265.609
-260.466
-257.752
-254.48
-250.838
-246.292
-241.169
-227.345
-220.762
-213.632
-206.045
-198.021
-189.294
-167.213
-157.187
-146.831
-135.875
-124.56
-112.94
-84.9487
-72.6938
-60.2361
-47.5256
-34.7264
-21.7887
8.62038
21.5495
34.2591
46.9242
59.5721
71.9608
99.5207
111.017
122.192
133.073
143.687
153.856
175.57
184.287
192.446
200.271
207.693
214.523
228.604
233.415
237.816
241.843
245.356
248.398
253.251
254.499
255.464
256.258
256.53
256.396
254.743
253.52
252.028
250.297
248.405
246.463
240.831
238.07
235.225
232.313
229.392
226.395
219.18
216.042
212.87
209.683
206.514
203.365
196.143
193.053
190.018
187.012
184.067
181.224
174.675
171.955
169.293
166.681
164.109
161.584
155.885
153.537
151.252
149
146.789
144.641
139.78
137.76
135.794
133.87
131.992
130.153
125.998
124.273
122.579
120.909
119.29
117.7
114.091
112.593
111.12
109.677
108.263
106.878
103.721
102.404
101.108
99.8343
98.5852
97.358
94.5673
93.4037
92.259
91.1326
90.0221
88.9286
86.437
85.394
84.3683
83.3566
82.3596
81.3778
79.1388
78.2018
77.2834
76.3769
75.4824
74.6008
72.5956
71.76
70.9363
70.1233
69.3214
68.5332
66.7397
65.9922
65.2573
64.5343
63.8215
63.1195
61.5263
60.8653
60.216
59.5764
58.9458
58.3253
56.9192
56.3349
55.7598
55.1932
54.6347
54.084
52.8295
52.3055
51.7892
51.2801
50.7791
50.285
49.1564
48.6841
48.2172
47.7561
47.3006
46.8505
45.8187
45.386
44.9571
44.5327
44.1139
43.6989
42.7453
42.3423
41.9447
41.5514
41.1619
40.7765
39.8889
39.5135
39.1413
38.7718
38.407
38.0456
37.212
36.8608
36.5117
36.1655
35.8231
35.4831
34.6995
34.3679
34.0388
33.7124
33.3886
33.0677
32.3287
32.0166
31.7066
31.3991
31.0941
30.7916
30.0944
29.7997
29.5075
29.2179
28.9303
28.6453
27.9891
27.7123
27.4387
27.1675
26.8987
26.6325
26.0211
25.7638
25.5092
25.258
25.0082
24.7614
24.1968
23.9598
23.7261
23.4957
23.2673
23.0416
22.5271
22.3116
22.0986
21.8888
21.6816
21.4766
21.0101
20.8149
20.6225
20.4329
20.245
20.0594
19.6345
19.4564
19.2803
19.1067
18.9345
18.7647
18.3751
18.2114
18.0493
17.8893
17.7305
17.5731
17.2114
17.0587
16.9073
16.7575
16.6084
16.461
16.1226
15.9793
15.8371
15.6964
15.5564
15.4175
15.0982
14.9628
14.8284
14.695
14.5625
14.431
14.1282
14.0004
13.8732
13.7471
13.6217
13.4971
13.2099
13.0881
12.967
12.8472
12.7279
12.6094
12.3365
12.221
12.1061
11.9923
11.879
11.7663
11.5075
11.3978
11.2888
11.1809
11.0735
10.967
10.7217
10.6179
10.5152
10.4137
10.3125
10.2124
9.98215
9.88545
9.78959
9.69475
9.60041
9.50702
9.29335
9.20342
9.11458
9.027
8.94014
8.85423
8.65795
8.57559
8.49423
8.41396
8.33463
8.25608
8.07687
8.00178
7.92775
7.85474
7.78235
7.71077
7.54676
7.4778
7.40953
7.34213
7.27535
7.20942
7.05798
6.9942
6.93106
6.86867
6.80671
6.74532
6.60398
6.54422
6.48495
6.42627
6.36792
6.31
6.17678
6.12038
6.06441
6.00891
5.95368
5.89883
5.77255
5.71906
5.6659
5.61314
5.56058
5.50853
5.38842
5.33743
5.2867
5.23636
5.18619
5.13642
5.02169
4.9729
4.9244
4.87625
4.82836
4.7809
4.67105
4.62445
4.57815
4.53223
4.4865
4.44093
4.33604
4.29162
4.2474
4.20357
4.15993
4.11657
4.01657
3.97418
3.93212
3.89049
3.84914
3.80809
3.7137
3.6738
3.63427
3.59529
3.55638
3.51798
3.4309
3.39478
3.35924
3.32462
3.2906
3.25678
3.05263
2.9707
2.89219
2.81747
2.74496
2.67501
2.52078
2.45876
2.3987
2.3407
2.2845
2.23037
2.11133
2.06313
2.01642
1.9713
1.92758
1.88535
1.79264
1.75482
1.71797
1.68225
1.64757
1.61399
1.53919
1.50874
1.47914
1.45029
1.4225
1.39571
1.33547
1.31061
1.28643
1.26297
1.24012
1.21795
1.16822
1.1476
1.12742
1.10772
1.08841
1.06953
1.02713
1.00963
0.992543
0.975903
0.959505
0.943439
