-1.74253
-1.87713
-2.01852
-2.16728
-2.32451
-2.49161
-2.6709
-2.86481
-3.07652
-3.30797
-3.55984
-3.83128
-4.12108
-4.42832
-4.75267
-5.09506
-5.45665
-5.84013
-6.24863
-6.68762
-7.16389
-7.68543
-8.2582
-8.88514
-9.56561
-10.2956
-11.0727
-11.8962
-12.767
-13.6885
-14.6674
-15.711
-16.8329
-18.0513
-19.3873
-20.8609
-22.4838
-24.2573
-26.1731
-28.2258
-30.414
-32.7408
-35.2182
-37.8668
-40.7127
-43.8025
-47.1914
-50.9527
-55.1723
-59.9193
-65.2357
-71.1592
-77.7296
-85.024
-93.1673
-102.361
-112.848
-125.005
-139.298
-156.316
-176.487
-199.982
-225.565
-249.446
-265.33
-263.857
-237.348
-182.267
-101.579
-6.68984
87.9363
168.858
224.49
251.692
253.984
239.578
217.128
193.18
170.892
151.535
135.068
121.052
109.056
98.6548
89.5211
81.4495
74.2785
67.9078
62.2779
57.3107
52.9219
49.0036
45.4615
42.2235
39.2248
36.4341
33.8215
31.3708
29.0737
26.929
24.9419
23.1205
21.4656
19.9661
18.6012
17.3473
16.1842
15.0947
14.07
13.1015
12.186
11.3206
10.5057
9.74456
9.03991
8.39438
7.80509
7.2664
6.76904
6.30614
5.871
5.45953
5.06878
4.6973
4.34396
4.00962
3.69713
3.41233
2.92877
2.39458
1.99376
1.68559
1.44156
1.24553
1.0852
0.949799
0.8374
0.738221
0.64853
0.570262
-1.74332
-1.87629
-1.87796
-2.01764
-2.01939
-2.16636
-2.16821
-2.32354
-2.32549
-2.49057
-2.49266
-2.66977
-2.67202
-2.86359
-2.86603
-3.07518
-3.07786
-3.30651
-3.30943
-3.55826
-3.56142
-3.82958
-3.83298
-4.11927
-4.12288
-4.42641
-4.43022
-4.75066
-4.75469
-5.09293
-5.09718
-5.4544
-5.4589
-5.83774
-5.84251
-6.24606
-6.2512
-6.68486
-6.69038
-7.16088
-7.16689
-7.68213
-7.68873
-8.25458
-8.26183
-8.88119
-8.8891
-9.56135
-9.56987
-10.2911
-10.3002
-11.0679
-11.0776
-11.8911
-11.9013
-12.7616
-12.7724
-13.6828
-13.6942
-14.6613
-14.6735
-15.7044
-15.7175
-16.8258
-16.8399
-18.0437
-18.059
-19.3788
-19.3958
-20.8515
-20.8702
-22.4736
-22.4941
-24.2462
-24.2685
-26.1611
-26.1851
-28.213
-28.2386
-30.4003
-30.4276
-32.7263
-32.7552
-35.2027
-35.2336
-37.8503
-37.8834
-40.6948
-40.7306
-43.783
-43.822
-47.1699
-47.213
-50.9287
-50.9768
-55.1453
-55.1993
-59.8889
-59.9497
-65.2018
-65.2696
-71.1215
-71.1968
-77.6879
-77.7714
-84.9775
-85.0704
-93.1151
-93.2196
-102.301
-102.42
-112.78
-112.916
-124.926
-125.084
-139.204
-139.393
-156.203
-156.429
-176.355
-176.619
-199.831
-200.133
-225.408
-225.722
-249.318
-249.574
-265.27
-265.388
-263.934
-263.78
-237.601
-237.094
-182.677
-181.856
-102.13
-101.028
-7.28271
-6.09686
87.3925
88.4798
168.437
169.278
224.236
224.743
251.608
251.775
254.023
253.944
239.697
239.459
217.272
216.983
193.32
193.039
171.018
170.766
151.643
151.427
135.16
134.976
121.13
120.974
109.124
108.989
98.7135
98.5961
89.5729
89.4693
81.4955
81.4036
74.3195
74.2376
67.944
67.8716
62.3099
62.246
57.3389
57.2826
52.9469
52.897
49.026
48.9811
45.482
45.4411
42.2423
42.2047
39.2422
39.2074
36.4504
36.4178
33.8368
33.8062
31.3851
31.3564
29.0871
29.0603
26.9415
26.9165
24.9534
24.9304
23.131
23.11
21.4751
21.4561
19.9747
19.9574
18.6091
18.5933
17.3546
17.34
16.191
16.1774
15.1011
15.0884
14.0761
14.064
13.1072
13.0958
12.1914
12.1806
11.3256
11.3155
10.5105
10.501
9.749
9.74013
9.04398
9.03584
8.3981
8.39066
7.80849
7.8017
7.26953
7.26328
6.77193
6.76614
6.30884
6.30343
5.87356
5.86845
5.46195
5.4571
5.07108
5.06647
4.69949
4.69511
4.34604
4.34188
4.01158
4.00766
3.69894
3.69531
3.41395
3.41071
2.93255
2.925
2.39735
2.39181
1.99587
1.99165
1.68725
1.68394
1.44287
1.44026
1.2466
1.24447
1.08609
1.08431
0.950551
0.949048
0.838027
0.836773
0.738791
0.73765
0.649037
0.648023
0.570701
-1.74889
-1.87046
-1.88381
-2.01151
-2.02554
-2.1599
-2.17469
-2.31671
-2.33235
-2.48327
-2.49998
-2.66192
-2.67991
-2.85505
-2.8746
-3.06584
-3.08724
-3.29631
-3.31968
-3.54721
-3.57252
-3.81772
-3.84488
-4.10666
-4.13554
-4.41308
-4.4436
-4.73658
-4.76881
-5.07808
-5.11208
-5.43869
-5.47466
-5.82106
-5.85927
-6.22823
-6.26917
-6.66558
-6.70975
-7.1399
-7.18799
-7.6591
-7.71187
-8.22927
-8.28726
-8.85358
-8.91684
-9.53157
-9.59976
-10.2592
-10.3321
-11.0341
-11.1115
-11.8554
-11.9371
-12.7237
-12.8104
-13.6427
-13.7344
-14.6187
-14.7162
-15.6588
-15.7633
-16.7766
-16.8894
-17.99
-18.113
-19.3197
-19.4553
-20.7862
-20.9359
-22.4019
-22.5661
-24.1682
-24.3468
-26.0773
-26.2692
-28.1235
-28.3285
-30.3051
-30.5232
-32.6251
-32.8568
-35.0947
-35.342
-37.7343
-37.9995
-40.5703
-40.8563
-43.6468
-43.959
-47.0195
-47.3643
-50.7609
-51.1459
-54.9569
-55.3888
-59.6768
-60.163
-64.9648
-65.508
-70.8586
-71.4613
-77.3964
-78.0644
-84.6534
-85.3966
-92.7505
-93.5864
-101.889
-102.836
-112.307
-113.394
-124.376
-125.639
-138.549
-140.055
-155.417
-157.221
-175.433
-177.548
-198.785
-201.199
-224.304
-226.816
-248.41
-250.461
-264.84
-265.713
-264.449
-263.215
-239.342
-235.284
-185.522
-178.955
-105.937
-97.1644
-11.4294
-1.94259
83.575
92.2734
165.469
172.195
222.43
226.488
250.991
252.327
254.29
253.653
240.513
238.612
218.283
215.964
194.305
192.05
171.903
169.888
152.404
150.674
135.807
134.335
121.679
120.429
109.599
108.518
99.128
98.1865
89.9365
89.108
81.8186
81.0836
74.6072
73.9517
68.1982
67.6189
62.5342
62.0231
57.5366
57.0862
53.1222
52.7226
49.1838
48.8242
45.6252
45.2986
42.3743
42.0732
39.3645
39.0856
36.5648
36.3039
33.9439
33.6995
31.4858
31.2561
29.1812
28.9665
27.0291
26.8293
25.0342
24.85
23.2047
23.0367
21.5419
21.3897
20.0353
19.8971
18.6643
18.5383
17.4056
17.2892
16.2386
16.1298
15.1458
15.0438
14.1183
14.022
13.1471
13.0561
12.2291
12.143
11.3613
11.28
10.5439
10.4677
9.78007
9.70916
9.07266
9.0074
8.42423
8.36466
7.83233
7.77799
7.29144
7.24146
6.79224
6.74592
6.32782
6.28452
5.89147
5.85058
5.47894
5.44017
5.08723
5.05037
4.71484
4.67979
4.36062
4.32734
4.02531
3.99397
3.71166
3.68265
3.42535
3.39939
2.95923
2.89891
2.41688
2.37258
2.01076
1.97699
1.69888
1.67246
1.45199
1.43116
1.25409
1.23708
1.09235
1.07812
0.955838
0.943812
0.842425
0.832396
0.7428
0.733668
0.652597
0.644489
0.573787
-1.76299
-1.78133
-1.79976
-1.81828
-1.83697
-1.85581
-1.8986
-1.91785
-1.93721
-1.95668
-1.97632
-1.99612
-2.0411
-2.06132
-2.08169
-2.10217
-2.12284
-2.14369
-2.19109
-2.21242
-2.23402
-2.25567
-2.27753
-2.29956
-2.34973
-2.37241
-2.39527
-2.41827
-2.4415
-2.46497
-2.51856
-2.54282
-2.5673
-2.59199
-2.61698
-2.64223
-2.69991
-2.72606
-2.75252
-2.77919
-2.80627
-2.83367
-2.89636
-2.92481
-2.95367
-2.98285
-3.01246
-3.04246
-3.11107
-3.14224
-3.17381
-3.2057
-3.23805
-3.27077
-3.34565
-3.37966
-3.41406
-3.44876
-3.48393
-3.5195
-3.60067
-3.63745
-3.67459
-3.71201
-3.7498
-3.78797
-3.87503
-3.91435
-3.95402
-3.99395
-4.03431
-4.075
-4.16756
-4.20928
-4.25137
-4.2937
-4.33647
-4.37957
-4.47747
-4.5216
-4.56607
-4.61077
-4.65584
-4.70125
-4.80461
-4.85123
-4.89809
-4.94521
-4.99283
-5.04079
-5.14979
-5.19896
-5.24849
-5.29829
-5.34857
-5.39925
-5.5146
-5.5667
-5.61923
-5.67206
-5.7254
-5.77919
-5.9017
-5.95705
-6.01281
-6.06907
-6.12607
-6.18352
-6.31458
-6.37394
-6.43392
-6.49438
-6.55556
-6.61739
-6.7589
-6.82314
-6.88815
-6.95368
-7.02009
-7.08737
-7.24154
-7.31167
-7.38271
-7.45461
-7.52752
-7.60144
-7.77066
-7.84764
-7.92557
-8.00446
-8.08465
-8.16586
-8.35182
-8.43634
-8.52193
-8.60834
-8.69593
-8.78449
-8.98721
-9.07922
-9.17223
-9.26603
-9.36101
-9.45693
-9.67556
-9.77453
-9.87442
-9.97499
-10.0767
-10.1793
-10.413
-10.5186
-10.625
-10.732
-10.8401
-10.9492
-11.1974
-11.3094
-11.4222
-11.5356
-11.6502
-11.7657
-12.0279
-12.1462
-12.2656
-12.3858
-12.5068
-12.6288
-12.9064
-13.0316
-13.1578
-13.2848
-13.413
-13.5422
-13.8362
-13.9693
-14.1032
-14.2378
-14.3741
-14.5116
-14.8245
-14.9658
-15.1083
-15.2519
-15.3974
-15.5444
-15.8792
-16.0306
-16.1837
-16.3382
-16.4949
-16.6532
-17.0147
-17.179
-17.3452
-17.5132
-17.6833
-17.8555
-18.2502
-18.4299
-18.6117
-18.7957
-18.9824
-19.1716
-19.6062
-19.8042
-20.0049
-20.2077
-20.4138
-20.623
-21.1027
-21.321
-21.5421
-21.7656
-21.9925
-22.2222
-22.7489
-22.9881
-23.2303
-23.4746
-23.7222
-23.9728
-24.5453
-24.8041
-25.0658
-25.3299
-25.5972
-25.8671
-26.4824
-26.7608
-27.0417
-27.3246
-27.6106
-27.8987
-28.5563
-28.8531
-29.1526
-29.4544
-29.7588
-30.0658
-30.7655
-31.0806
-31.3986
-31.7194
-32.0436
-32.3707
-33.1145
-33.4504
-33.7892
-34.1307
-34.4755
-34.8234
-35.617
-35.9751
-36.3366
-36.7017
-37.0706
-37.4434
-38.2949
-38.6793
-39.0677
-39.46
-39.8567
-40.2578
-41.1748
-41.5916
-42.0125
-42.4376
-42.8691
-43.3054
-44.3068
-44.7613
-45.2216
-45.6879
-46.1622
-46.6429
-47.7481
-48.2504
-48.761
-49.2792
-49.8058
-50.341
-51.5764
-52.1401
-52.7131
-53.2945
-53.8853
-54.4857
-55.8717
-56.5065
-57.1512
-57.8055
-58.4703
-59.1462
-60.7058
-61.4172
-62.1386
-62.8708
-63.6153
-64.3713
-66.1147
-66.9093
-67.7151
-68.5313
-69.36
-70.2004
-72.1339
-73.0143
-73.9078
-74.8147
-75.7343
-76.6666
-78.8097
-79.786
-80.7773
-81.7835
-82.8055
-83.8418
-86.2269
-87.3146
-88.4197
-89.5414
-90.6816
-91.8402
-94.52
-95.743
-96.9871
-98.2544
-99.5463
-100.858
-103.895
-105.282
-106.697
-108.14
-109.611
-111.12
-114.616
-116.226
-117.869
-119.549
-121.257
-123.002
-127.058
-128.941
-130.867
-132.837
-134.853
-136.917
-141.747
-143.996
-146.285
-148.629
-151.024
-153.472
-159.229
-161.893
-164.62
-167.385
-170.221
-173.133
-179.917
-183.044
-186.248
-189.482
-192.784
-196.164
-203.904
-207.402
-210.902
-214.377
-217.935
-221.515
-229.542
-232.996
-236.37
-239.653
-242.877
-246.048
-252.631
-255.265
-257.668
-259.852
-261.843
-263.636
-266.465
-267.162
-267.45
-267.317
-266.65
-265.577
-261.618
-259.14
-256.054
-252.47
-248.208
-243.412
-230.499
-223.984
-216.9
-209.308
-201.142
-192.511
-171.3
-160.882
-150.001
-138.734
-127.141
-115.275
-87.3832
-74.5888
-61.619
-48.4969
-35.2621
-21.8686
8.37816
21.8535
35.1945
48.3175
61.2529
73.8583
101.765
113.857
125.569
136.785
147.517
157.801
179.336
188.103
196.348
203.99
211.099
217.673
230.583
235.356
239.553
243.347
246.568
249.227
253.499
254.696
255.453
255.666
255.484
254.942
252.702
251.072
249.177
247.101
244.852
242.465
236.367
233.355
230.294
227.188
224.074
220.812
213.375
210.021
206.668
203.332
200.032
196.801
189.572
186.428
183.291
180.204
177.162
174.165
167.694
164.915
162.197
159.517
156.898
154.342
148.808
146.445
144.123
141.856
139.638
137.455
132.738
130.716
128.748
126.815
124.926
123.083
119.072
117.348
115.663
114.011
112.392
110.81
107.342
105.85
104.391
102.962
101.557
100.178
97.1602
95.8545
94.5734
93.3172
92.081
90.8628
88.2031
87.0554
85.925
84.8137
83.7191
82.6421
80.2826
79.2614
78.2564
77.2668
76.2939
75.3372
73.238
72.3299
71.4368
70.5589
69.6955
68.8464
66.989
66.1852
65.3942
64.6186
63.8558
63.1058
61.466
60.7572
60.0612
59.3772
58.7041
58.0425
56.594
55.9679
55.3528
54.7482
54.1535
53.5689
52.286
51.7296
51.1808
50.6408
50.109
49.5846
48.4306
47.929
47.4349
46.9473
46.464
45.9889
44.9413
44.4843
44.0328
43.5868
43.1457
42.7091
41.7431
41.3202
40.9018
40.4883
40.0794
39.6749
38.78
38.3878
37.9993
37.614
37.2327
36.8548
36.0179
35.6506
35.2868
34.9264
34.5692
34.2154
33.4315
33.0875
32.7465
32.4084
32.0731
31.7409
31.0042
30.6814
30.3616
30.0451
29.7312
29.42
28.731
28.4293
28.1304
27.8345
27.5415
27.2515
26.6106
26.3301
26.0522
25.7786
25.5074
25.2392
24.6486
24.3906
24.1362
23.8854
23.6364
23.3918
22.8529
22.6182
22.3865
22.1588
21.9337
21.7115
21.2234
21.0104
20.8006
20.5942
20.3902
20.189
19.7463
19.5533
19.3628
19.1749
18.9886
18.8048
18.4003
18.2234
18.0484
17.8755
17.7043
17.5351
17.1618
16.9982
16.8359
16.6758
16.5167
16.3592
16.0106
15.8577
15.7062
15.5562
15.4071
15.2592
14.932
14.7883
14.6459
14.5047
14.3643
14.2251
13.9163
13.7806
13.646
13.5126
13.3799
13.2481
12.9563
12.828
12.7007
12.5746
12.4491
12.3246
12.0486
11.9272
11.8067
11.6875
11.569
11.4515
11.1909
11.0764
10.9629
10.8506
10.7391
10.6286
10.3842
10.2772
10.171
10.0661
9.96193
9.85888
9.63152
9.53198
9.43354
9.33646
9.24038
9.14543
8.93614
8.84476
8.75445
8.66554
8.57742
8.49056
8.29953
8.21613
8.13375
8.05248
7.97223
7.89289
7.71859
7.64247
7.56723
7.49309
7.41961
7.34699
7.1868
7.11673
7.04742
6.97896
6.91106
6.84373
6.69521
6.63018
6.56572
6.50195
6.43866
6.3759
6.23703
6.17599
6.11538
6.05544
5.9959
5.93682
5.80572
5.74801
5.6908
5.63419
5.5779
5.52193
5.39763
5.34292
5.28859
5.23478
5.18126
5.12808
5.00996
4.95797
4.90636
4.85522
4.80431
4.7537
4.64132
4.59183
4.54271
4.49403
4.44559
4.39752
4.29083
4.2439
4.19733
4.15125
4.10547
4.06009
3.95965
3.91561
3.87198
3.82884
3.78617
3.74395
3.65093
3.6103
3.57025
3.53095
3.49223
3.45433
3.37113
3.33514
3.29995
3.21959
3.12153
3.0283
2.83465
2.75488
2.67846
2.60521
2.5348
2.4672
2.32513
2.2657
2.20839
2.15347
2.10037
2.0491
1.94073
1.8953
1.85168
1.80952
1.76851
1.72874
1.64402
1.60824
1.5737
1.54015
1.50728
1.47532
1.40856
1.37997
1.35215
1.32515
1.29886
1.27331
1.21875
1.19573
1.17315
1.15108
1.12945
1.10833
1.0627
1.04318
1.02416
1.00551
0.987211
0.969346
0.930786
0.914297
0.898233
0.882969
0.868191
0.853587
0.821431
0.80739
0.793523
0.779859
0.766338
0.752991
0.723708
0.710984
0.698256
0.685783
0.673589
0.661663
0.635666
0.624433
0.613413
0.602631
0.592038
0.581659
