-2.45042
-2.81994
-3.25626
-3.77108
-4.36172
-5.02406
-5.76617
-6.61059
-7.60061
-8.78557
-10.1805
-11.7717
-13.5603
-15.5818
-17.9225
-20.7184
-24.086
-28.0312
-32.5358
-37.6655
-43.6134
-50.762
-59.6617
-70.77
-84.44
-101.435
-123.433
-153.221
-193.154
-235.444
-243.403
-165.867
-6.71238
152.288
231.625
225.7
186.246
148.301
119.392
97.7004
80.8836
67.5706
57.085
48.7966
42.0121
36.2229
31.17
26.7518
22.9734
19.8334
17.2156
14.9617
12.9713
11.1986
9.63807
8.30306
7.18283
6.22583
5.38172
4.62316
3.94225
3.35916
2.29273
1.62145
1.20139
-2.45145
-2.81874
-2.82114
-3.25484
-3.25769
-3.76941
-3.77274
-4.35983
-4.3636
-5.02196
-5.02617
-5.76381
-5.76854
-6.60786
-6.61333
-7.59735
-7.60386
-8.78169
-8.78945
-10.176
-10.185
-11.7666
-11.7767
-13.5546
-13.566
-15.5753
-15.5883
-17.9149
-17.9301
-20.7091
-20.7276
-24.075
-24.097
-28.0185
-28.0438
-32.5215
-32.5502
-37.6489
-37.682
-43.594
-43.6328
-50.7382
-50.7859
-59.6317
-59.6916
-70.7329
-70.807
-84.3944
-84.4856
-101.377
-101.493
-123.357
-123.509
-153.117
-153.326
-193.021
-193.287
-235.34
-235.548
-243.493
-243.311
-166.246
-165.487
-7.24873
-6.17583
151.895
152.68
231.528
231.72
225.792
225.607
186.37
186.122
148.402
148.201
119.467
119.317
97.7575
97.6434
80.9284
80.8389
67.6061
67.5352
57.1129
57.0571
48.819
48.7744
42.0308
41.9934
36.2392
36.2067
31.1842
31.1558
26.7642
26.7395
22.9838
22.963
19.842
19.8249
17.2228
17.2083
14.9681
14.9554
12.977
12.9657
11.2037
11.1936
9.64243
9.63371
8.30673
8.29939
7.18593
7.17973
6.22852
6.22314
5.38412
5.37932
4.62532
4.62099
3.94417
3.94033
3.36072
3.35759
2.29531
2.29015
1.62302
1.61988
1.2024
-2.46126
-2.80736
-2.83259
-3.2413
-3.27129
-3.75365
-3.78861
-4.34198
-4.38151
-5.00201
-5.0462
-5.74135
-5.79109
-6.58198
-6.63935
-7.5665
-7.63489
-8.74492
-8.82643
-10.1334
-10.2279
-11.7185
-11.8251
-13.5003
-13.6204
-15.5137
-15.6501
-17.8423
-18.0029
-20.6217
-20.8157
-23.9706
-24.2019
-27.8982
-28.1647
-32.385
-32.6876
-37.4925
-37.8392
-43.4101
-43.8177
-50.5125
-51.0131
-59.3486
-59.977
-70.3822
-71.1602
-83.9629
-84.9202
-100.833
-102.042
-122.638
-124.236
-152.125
-154.328
-191.762
-194.551
-234.354
-236.517
-244.322
-242.401
-169.792
-161.823
-12.3329
-1.0674
148.151
156.354
230.572
232.587
226.658
224.709
187.553
184.946
149.361
147.251
120.184
118.609
98.3016
97.104
81.3561
80.4152
67.9447
67.1995
57.3789
56.7934
49.0317
48.5632
42.209
41.8161
36.3937
36.0528
31.3197
31.0209
26.8817
26.6225
23.0827
22.8648
19.924
19.7436
17.2919
17.1395
15.0285
14.8952
13.0307
12.9122
11.2515
11.146
9.68394
9.59242
8.34174
8.26461
7.2154
7.15042
6.25413
6.19765
5.40696
5.35656
4.64593
4.60046
3.96248
3.92211
3.37558
3.3428
2.32008
2.26583
1.63804
1.60512
1.21201
-2.49591
-2.54788
-2.60103
-2.65548
-2.71106
-2.76797
-2.87313
-2.93412
-2.9967
-3.06093
-3.12684
-3.19445
-3.31946
-3.39194
-3.4661
-3.54203
-3.61964
-3.69894
-3.8446
-3.92852
-4.014
-4.10108
-4.1897
-4.27989
-4.44471
-4.53916
-4.63515
-4.73274
-4.83189
-4.93268
-5.11681
-5.22236
-5.32987
-5.43906
-5.55015
-5.66331
-5.87062
-5.98975
-6.11147
-6.23576
-6.36272
-6.49222
-6.73127
-6.86982
-7.01165
-7.15731
-7.3066
-7.45991
-7.74458
-7.90994
-8.07986
-8.25443
-8.43363
-8.61754
-8.95737
-9.15409
-9.35542
-9.56109
-9.77107
-9.98547
-10.3791
-10.6053
-10.8357
-11.0702
-11.3088
-11.5515
-11.9954
-12.2499
-12.5086
-12.772
-13.0398
-13.3123
-13.8119
-14.0982
-14.3898
-14.6871
-14.9905
-15.3
-15.8692
-16.1975
-16.5332
-16.8776
-17.2298
-17.5911
-18.2609
-18.6498
-19.0498
-19.4615
-19.8843
-20.3192
-21.1276
-21.598
-22.0816
-22.578
-23.0873
-23.6092
-24.5727
-25.1292
-25.6989
-26.2806
-26.8745
-27.4804
-28.5923
-29.2315
-29.8826
-30.5461
-31.2222
-31.9106
-33.1728
-33.8985
-34.6383
-35.3937
-36.1642
-36.9497
-38.3955
-39.2302
-40.0827
-40.9565
-41.8531
-42.7743
-44.4737
-45.4645
-46.4828
-47.534
-48.618
-49.7339
-51.8198
-53.0457
-54.3103
-55.6189
-56.9724
-58.3724
-60.9906
-62.525
-64.1095
-65.7438
-67.4307
-69.1708
-72.4115
-74.3013
-76.2558
-78.2666
-80.3367
-82.4733
-86.4619
-88.7978
-91.2073
-93.7044
-96.2909
-98.9655
-103.999
-106.98
-110.068
-113.293
-116.656
-120.166
-126.836
-130.828
-134.997
-139.35
-143.923
-148.729
-157.903
-163.346
-168.992
-174.943
-181.128
-187.404
-198.994
-205.603
-212.218
-218.677
-224.896
-230.773
-239.73
-243.789
-246.577
-247.791
-248.011
-246.619
-238.62
-231.555
-222.401
-211.141
-197.488
-181.666
-148.257
-126.968
-104.346
-80.1879
-55.2606
-29.9684
16.5411
42.1001
67.222
91.2465
113.82
134.944
168.533
184.855
198.316
209.856
219.295
226.546
234.701
236.443
236.535
235.394
233.052
229.579
221.353
215.905
210.102
204.144
197.946
191.731
180.858
174.907
169.075
163.431
158.031
152.791
143.988
139.35
134.909
130.661
126.598
122.729
116.174
112.729
109.418
106.226
103.178
100.237
95.2484
92.5994
90.0407
87.5653
85.181
82.8748
78.9529
76.8565
74.8317
72.868
70.975
69.1483
66.0423
64.3844
62.7852
61.2445
59.7571
58.3227
55.8843
54.5832
53.3266
52.1102
50.9303
49.7868
47.8319
46.7805
45.7562
44.7594
43.7874
42.8394
41.2014
40.3122
39.4427
38.5909
37.7558
36.9391
35.5196
34.7466
33.988
33.2433
32.5133
31.7975
30.5528
29.8747
29.2098
28.5586
27.9215
27.2972
26.2176
25.632
25.061
24.5042
23.9622
23.4331
22.5251
22.0362
21.561
21.0996
20.6503
20.2135
19.463
19.0582
18.6627
18.278
17.9025
17.5359
16.9007
16.5554
16.2175
15.8863
15.5607
15.2416
14.6861
14.3826
14.0846
13.7917
13.5035
13.2202
12.7261
12.4557
12.1901
11.929
11.6721
11.4201
10.9809
10.7416
10.5067
10.2765
10.0513
9.83069
9.4494
9.24269
9.04086
8.84405
8.65242
8.4657
8.14435
7.97096
7.80196
7.63722
7.4767
7.31982
7.04884
6.90206
6.75846
6.6178
6.47978
6.34449
6.10911
5.98058
5.85423
5.73002
5.60771
5.4875
5.27744
5.16222
5.04881
4.9371
4.82697
4.71852
4.5291
4.42529
4.32312
4.22264
4.12389
4.02711
3.85898
3.76778
3.67893
3.59266
3.50901
3.42848
3.26687
3.06048
2.87492
2.7058
2.55171
2.40974
2.18378
2.07005
1.96472
1.86785
1.77725
1.69238
1.55529
1.48539
1.42008
1.35873
1.30093
1.24673
