-2.79533
-3.01298
-3.25178
-3.51321
-3.79688
-4.1012
-4.42513
-4.76874
-5.1325
-5.51846
-5.92973
-6.37011
-6.8463
-7.36679
-7.94019
-8.57262
-9.2654
-10.0153
-10.8194
-11.6756
-12.5849
-13.5504
-14.58
-15.6812
-16.8695
-18.1652
-19.5939
-21.1761
-22.9249
-24.8399
-26.9111
-29.134
-31.5108
-34.0482
-36.7653
-39.692
-42.8668
-46.3501
-50.2224
-54.5782
-59.4969
-65.0329
-71.2197
-78.1108
-85.7891
-94.3871
-104.115
-115.283
-128.309
-143.612
-161.794
-183.168
-206.839
-230.043
-246.92
-248.979
-226.703
-175.578
-98.7534
-6.63449
85.6878
162.53
213.791
236.71
235.998
220.662
199.003
176.79
156.591
139.123
124.212
111.406
100.366
90.7116
82.1929
74.6533
67.9755
62.0866
56.915
52.3622
48.3079
44.6522
41.3038
38.2146
35.3419
32.6617
30.1546
27.819
25.6568
23.6752
21.8789
20.2584
18.7924
17.4525
16.2154
15.062
13.9806
12.9628
12.0042
11.1017
10.2577
9.4743
8.75521
8.10075
7.50646
6.96228
6.45928
5.98945
5.54758
5.12968
4.73366
4.35779
4.00265
3.67116
3.37223
2.81135
2.28872
1.8945
1.59233
1.35471
-2.79651
-3.01168
-3.01428
-3.25035
-3.25321
-3.51165
-3.51477
-3.7952
-3.79856
-4.0994
-4.103
-4.42322
-4.42704
-4.76672
-4.77076
-5.13036
-5.13464
-5.51618
-5.52073
-5.9273
-5.93216
-6.3675
-6.37272
-6.84346
-6.84914
-7.36367
-7.36992
-7.93675
-7.94363
-8.56884
-8.5764
-9.26128
-9.26953
-10.0109
-10.0198
-10.8146
-10.8241
-11.6706
-11.6807
-12.5796
-12.5903
-13.5447
-13.5561
-14.5739
-14.5861
-15.6747
-15.6877
-16.8624
-16.8766
-18.1575
-18.173
-19.5853
-19.6024
-21.1666
-21.1856
-22.9144
-22.9353
-24.8285
-24.8513
-26.8988
-26.9234
-29.1209
-29.1471
-31.4968
-31.5249
-34.0332
-34.0632
-36.7492
-36.7814
-39.6745
-39.7094
-42.8478
-42.8859
-46.3293
-46.371
-50.1989
-50.2458
-54.5517
-54.6046
-59.4671
-59.5267
-64.9993
-65.0664
-71.1824
-71.2571
-78.0693
-78.1523
-85.7427
-85.8355
-94.335
-94.4392
-104.055
-104.174
-115.215
-115.352
-128.228
-128.389
-143.517
-143.708
-161.68
-161.908
-183.036
-183.3
-206.699
-206.978
-229.922
-230.166
-246.858
-246.981
-249.032
-248.924
-226.911
-226.493
-175.951
-175.204
-99.2402
-98.2664
-7.16459
-6.10379
85.1924
86.1825
162.151
162.908
213.589
213.995
236.653
236.765
236.058
235.954
220.775
220.548
199.135
198.871
176.913
176.666
156.698
156.485
139.215
139.03
124.291
124.133
111.473
111.338
100.425
100.307
90.7633
90.6599
82.2387
82.1471
74.6939
74.6128
68.0114
67.9397
62.1182
62.0551
56.9426
56.8873
52.3868
52.3376
48.33
48.2859
44.6722
44.6323
41.3222
41.2855
38.2316
38.1976
35.3577
35.326
32.6765
32.6469
30.1684
30.1408
27.8318
27.8061
25.6687
25.645
23.686
23.6644
21.8887
21.8692
20.2672
20.2496
18.8005
18.7844
17.4598
17.4452
16.2222
16.2086
15.0684
15.0557
13.9866
13.9746
12.9684
12.9572
12.0095
11.9989
11.1067
11.0968
10.2623
10.253
9.47859
9.47
8.75913
8.75129
8.10431
8.09719
7.5097
7.50322
6.96526
6.9593
6.46205
6.45651
5.99205
5.98685
5.55004
5.54513
5.132
5.12735
4.73586
4.73146
4.35988
4.3557
4.00461
4.00069
3.67297
3.66935
3.37381
3.37066
2.81481
2.80789
2.29129
2.28616
1.89646
1.89255
1.59384
1.59082
1.35592
-2.80513
-3.00225
-3.02374
-3.24001
-3.26358
-3.50038
-3.52612
-3.78306
-3.81073
-4.08639
-4.11605
-4.40941
-4.44089
-4.7521
-4.78542
-5.11488
-5.15017
-5.49973
-5.53724
-5.90972
-5.9498
-6.3486
-6.39169
-6.82293
-6.86976
-7.34111
-7.39259
-7.9119
-7.96861
-8.54149
-8.60389
-9.23143
-9.2995
-9.97873
-10.0521
-10.7802
-10.8587
-11.6341
-11.7173
-12.5408
-12.6291
-13.5035
-13.5975
-14.5298
-14.6301
-15.6275
-15.7351
-16.8112
-16.928
-18.1013
-18.2294
-19.5232
-19.6648
-21.0978
-21.2548
-22.8387
-23.0114
-24.746
-24.9341
-26.8099
-27.0126
-29.0258
-29.2426
-31.3951
-31.6267
-33.9247
-34.1721
-36.6327
-36.8983
-39.5486
-39.836
-42.71
-43.0235
-46.1786
-46.5225
-50.0295
-50.4163
-54.3607
-54.7963
-59.2516
-59.7436
-64.757
-65.3097
-70.9127
-71.5283
-77.7691
-78.4543
-85.4075
-86.1727
-93.9586
-94.8182
-103.626
-104.607
-114.722
-115.852
-127.648
-128.975
-142.835
-144.403
-160.858
-162.737
-182.085
-184.258
-205.685
-207.99
-229.034
-231.052
-246.399
-247.409
-249.393
-248.507
-228.395
-224.943
-178.625
-172.468
-102.749
-94.7264
-11.0203
-2.21781
81.58
89.7489
159.375
165.617
212.098
215.457
236.203
237.142
236.475
235.58
221.595
219.72
200.093
197.915
177.811
175.775
157.477
155.713
139.888
138.364
124.864
123.566
111.967
110.849
100.856
99.8791
91.1391
90.2864
82.5716
81.8159
74.9889
74.3196
68.272
67.6808
62.3479
61.8276
57.1434
56.6878
52.5654
52.1609
48.49
48.1266
44.817
44.488
41.4555
41.1527
38.3552
38.0746
35.4728
35.2114
32.7841
32.5397
30.2689
30.0406
27.9252
27.7131
25.7548
25.5593
23.7645
23.5863
21.9594
21.7986
20.3311
20.1861
18.8586
18.7264
17.5131
17.3921
16.2718
16.1592
15.1147
15.0095
14.0301
13.9312
13.0094
12.9163
12.0481
11.9604
11.143
11.0606
10.2962
10.2193
9.50979
9.43895
8.78762
8.72295
8.13027
8.07142
7.53326
7.47978
6.98694
6.93773
6.48216
6.43647
6.01093
5.96803
5.56785
5.52737
5.14887
5.11052
4.75186
4.71549
4.37505
4.34057
4.01887
3.98648
3.68612
3.65626
3.38534
3.3593
2.84007
2.78298
2.31003
2.26766
1.91073
1.8785
1.60488
1.57986
1.36472
-2.82741
-2.85684
-2.88665
-2.91681
-2.94735
-2.97819
-3.04817
-3.08044
-3.11297
-3.14602
-3.17957
-3.21359
-3.29045
-3.32584
-3.36151
-3.39776
-3.43455
-3.47165
-3.55538
-3.59389
-3.63288
-3.6721
-3.71182
-3.75195
-3.84229
-3.88362
-3.92541
-3.96757
-4.01013
-4.05318
-4.14965
-4.19373
-4.23824
-4.28322
-4.3285
-4.37406
-4.47659
-4.52352
-4.57066
-4.61827
-4.66626
-4.71464
-4.8232
-4.87279
-4.92279
-4.97318
-5.02411
-5.07532
-5.19018
-5.24272
-5.29586
-5.34936
-5.40319
-5.45759
-5.57994
-5.63579
-5.69228
-5.74916
-5.80663
-5.8648
-5.99528
-6.05501
-6.11525
-6.17629
-6.23792
-6.30025
-6.44065
-6.50514
-6.57023
-6.63623
-6.70297
-6.77056
-6.92296
-6.99307
-7.06419
-7.13629
-7.20949
-7.28364
-7.45118
-7.52846
-7.60668
-7.6863
-7.7668
-7.84841
-8.03316
-8.11848
-8.20499
-8.29276
-8.38152
-8.47156
-8.67486
-8.76865
-8.8635
-8.95942
-9.05656
-9.15506
-9.37683
-9.47877
-9.58168
-9.68551
-9.79035
-9.89646
-10.1353
-10.2446
-10.355
-10.4665
-10.5789
-10.6923
-10.9475
-11.064
-11.1816
-11.3003
-11.4199
-11.5406
-11.8117
-11.9357
-12.0606
-12.1866
-12.3136
-12.4419
-12.7293
-12.8609
-12.9935
-13.1273
-13.2621
-13.3981
-13.7041
-13.8442
-13.9854
-14.1279
-14.2718
-14.417
-14.7437
-14.8932
-15.0443
-15.1971
-15.3511
-15.5067
-15.8573
-16.0181
-16.1808
-16.3453
-16.5118
-16.6804
-17.0607
-17.2366
-17.4138
-17.5932
-17.7746
-17.9584
-18.3751
-18.5676
-18.7632
-18.9612
-19.1618
-19.3649
-19.8261
-20.0392
-20.2551
-20.4744
-20.6967
-20.9222
-21.4338
-21.6698
-21.9091
-22.1505
-22.3966
-22.6452
-23.2078
-23.4673
-23.7298
-23.9952
-24.2635
-24.5351
-25.1473
-25.4281
-25.7124
-25.9995
-26.2895
-26.5831
-27.2427
-27.545
-27.8501
-28.158
-28.4689
-28.7827
-29.4889
-29.8125
-30.1386
-30.468
-30.8003
-31.1356
-31.8896
-32.2347
-32.583
-32.9344
-33.2892
-33.6473
-34.4531
-34.8219
-35.1941
-35.5706
-35.9511
-36.3351
-37.2002
-37.5969
-37.998
-38.4038
-38.8129
-39.227
-40.1628
-40.5923
-41.026
-41.4642
-41.9086
-42.3592
-43.3796
-43.8487
-44.3235
-44.8061
-45.2956
-45.7915
-46.9164
-47.4354
-47.9619
-48.498
-49.0432
-49.5973
-50.8581
-51.4415
-52.0343
-52.6367
-53.2517
-53.8748
-55.2943
-55.9523
-56.6219
-57.303
-57.9965
-58.7014
-60.3049
-61.0457
-61.8017
-62.5689
-63.3483
-64.14
-65.9392
-66.773
-67.6193
-68.4761
-69.3444
-70.2255
-72.2311
-73.1597
-74.1006
-75.0546
-76.0224
-77.0042
-79.2377
-80.2706
-81.3144
-82.3772
-83.4572
-84.554
-87.0466
-88.2005
-89.3724
-90.5603
-91.7708
-93.0007
-95.8007
-97.0995
-98.4273
-99.7759
-101.147
-102.541
-105.732
-107.224
-108.749
-110.301
-111.868
-113.47
-117.16
-118.879
-120.64
-122.443
-124.287
-126.172
-130.495
-132.515
-134.584
-136.706
-138.874
-141.096
-146.213
-148.618
-151.087
-153.607
-156.176
-158.797
-164.888
-167.746
-170.66
-173.604
-176.616
-179.685
-186.715
-189.94
-193.221
-196.503
-199.797
-203.116
-210.584
-213.936
-217.197
-220.427
-223.568
-226.695
-233.293
-236.095
-238.622
-241.015
-243.21
-245.16
-248.394
-249.512
-250.383
-250.787
-250.712
-250.144
-247.237
-245.124
-242.533
-239.579
-236.008
-231.971
-220.726
-214.724
-208.29
-201.058
-193.437
-185.27
-165.184
-155.394
-145.069
-134.319
-123.232
-111.809
-85.4477
-73.0201
-60.2643
-47.2051
-34.1414
-21.1487
7.82936
21.0799
34.0697
46.9695
59.5322
72.1345
98.7455
110.053
121.151
131.873
142.205
152.118
172.331
180.622
188.313
195.493
202.047
208.02
219.01
223.174
226.965
230.291
232.762
234.923
237.908
238.544
238.76
238.661
238.176
237.329
234.424
232.67
230.676
228.497
226.174
223.644
217.572
214.702
211.694
208.653
205.598
202.487
195.479
192.33
189.293
186.22
183.141
180.12
173.51
170.609
167.781
164.975
162.209
159.506
153.749
151.243
148.771
146.346
143.96
141.639
136.675
134.503
132.4
130.356
128.336
126.357
122.123
120.276
118.465
116.685
114.948
113.249
109.61
108.029
106.471
104.945
103.443
101.972
98.7918
97.4143
96.0572
94.7222
93.4092
92.1131
89.3353
88.115
86.9166
85.7363
84.5756
83.4345
80.9725
79.8923
78.8306
77.7888
76.7626
75.7527
73.574
72.6181
71.6764
70.7505
69.8409
68.9477
67.0203
66.1762
65.3461
64.5312
63.7303
62.9432
61.2482
60.5059
59.7785
59.0627
58.3597
57.6654
56.1796
55.5266
54.8858
54.2557
53.6369
53.027
51.7102
51.1319
50.5612
50
49.4481
48.9036
47.722
47.2019
46.6884
46.1827
45.684
45.1914
44.1192
43.6435
43.1745
42.7113
42.254
41.8003
40.8138
40.3765
39.9442
39.5165
39.0932
38.6742
37.7605
37.3541
36.9517
36.5537
36.1598
35.7698
34.9185
34.5399
34.1649
33.7933
33.4255
33.0617
32.2656
31.9116
31.5606
31.2134
30.8694
30.5285
29.785
29.4546
29.1276
28.8039
28.4836
28.1665
27.4761
27.1699
26.8668
26.567
26.27
25.9771
25.3403
25.0585
24.7807
24.5062
24.2349
23.9672
23.3871
23.1308
22.8785
22.6297
22.3844
22.1425
21.619
21.3886
21.1595
20.9353
20.7144
20.4964
20.024
19.8156
19.6099
19.4067
19.2063
19.0086
18.5787
18.3889
18.2012
18.0154
17.8318
17.6507
17.2567
17.0814
16.9083
16.737
16.5675
16.3996
16.0329
15.8699
15.7087
15.5489
15.3907
15.2339
14.8914
14.7389
14.5879
14.4382
14.2899
14.1425
13.82
13.6767
13.5345
13.3936
13.2538
13.1151
12.8117
12.6768
12.5431
12.4102
12.2784
12.1477
11.8621
11.7346
11.6085
11.4834
11.3594
11.2365
10.9681
10.8488
10.7307
10.6137
10.4981
10.3834
10.133
10.0219
9.91216
9.80353
9.6962
9.59026
9.35955
9.25724
9.15637
9.05676
8.95841
8.86122
8.65051
8.55745
8.46557
8.375
8.28562
8.19749
8.00573
7.92125
7.83772
7.75538
7.6742
7.59412
7.41973
7.34257
7.26638
7.19098
7.11641
7.04284
6.88255
6.81138
6.74092
6.67128
6.60228
6.53401
6.38516
6.31893
6.25326
6.18815
6.12374
6.05959
5.91983
5.85775
5.79607
5.73473
5.67402
5.61374
5.48199
5.42309
5.36474
5.30685
5.24937
5.19244
5.06738
5.01171
4.95656
4.9017
4.84712
4.79307
4.67467
4.6218
4.56919
4.51711
4.46543
4.41414
4.30181
4.2518
4.20216
4.1529
4.10417
4.0557
3.95014
3.9034
3.85703
3.81096
3.76541
3.72034
3.62293
3.57986
3.53757
3.49606
3.45533
3.41546
3.33041
3.29421
3.19194
3.09046
2.99541
2.90595
2.72068
2.64249
2.56718
2.49514
2.42592
2.35926
2.22087
2.16217
2.10549
2.05102
1.99872
1.94814
1.84313
1.79857
1.75532
1.7133
1.67283
1.63382
1.55199
1.51669
1.48263
1.44962
1.41829
1.3877
