-1.72503
-1.89757
-2.0817
-2.27891
-2.49198
-2.72517
-2.98349
-3.27201
-3.59291
-3.9454
-4.32792
-4.73927
-5.18067
-5.65573
-6.17013
-6.73336
-7.35857
-8.05969
-8.84599
-9.7181
-10.6719
-11.7034
-12.814
-14.0114
-15.3079
-16.7272
-18.3021
-20.0713
-22.0691
-24.3073
-26.7797
-29.4792
-32.4065
-35.5854
-39.0542
-42.8838
-47.1716
-52.0603
-57.7025
-64.2163
-71.6842
-80.1973
-89.9316
-101.177
-114.427
-130.35
-149.764
-173.444
-200.913
-228.575
-246.898
-240.411
-197.1
-114.28
-6.71238
101.269
184.477
228.508
235.639
219.333
193.54
167.644
144.986
126.136
110.54
97.4442
86.3021
76.7202
68.448
61.3449
55.261
50.0114
45.4125
41.3071
37.5835
34.1763
31.0421
28.1637
25.5407
23.1821
21.088
19.2326
17.5748
16.0731
14.6939
13.4177
12.2318
11.131
10.1165
9.19181
8.36024
7.61816
6.95184
6.34654
5.78868
5.26975
4.78413
4.32984
3.90779
3.52544
2.99474
2.32139
1.84842
1.50261
1.24274
1.04231
0.880896
0.75
0.635272
0.539168
-1.72582
-1.89673
-1.89841
-2.0808
-2.0826
-2.27795
-2.27988
-2.49094
-2.49303
-2.72401
-2.72632
-2.98221
-2.98478
-3.27058
-3.27345
-3.59132
-3.5945
-3.94367
-3.94714
-4.32605
-4.32979
-4.73726
-4.74128
-5.17851
-5.18282
-5.6534
-5.65806
-6.1676
-6.17267
-6.73057
-6.73615
-7.35545
-7.36168
-8.05619
-8.06319
-8.84207
-8.8499
-9.71378
-9.72242
-10.6673
-10.6766
-11.6984
-11.7084
-12.8086
-12.8194
-14.0056
-14.0173
-15.3016
-15.3143
-16.7201
-16.7342
-18.2942
-18.3099
-20.0625
-20.0802
-22.0591
-22.0791
-24.2962
-24.3184
-26.7675
-26.7919
-29.4659
-29.4924
-32.3922
-32.4208
-35.5697
-35.601
-39.037
-39.0713
-42.8648
-42.9029
-47.1501
-47.1931
-52.0355
-52.0851
-57.6739
-57.7311
-64.1834
-64.2493
-71.6466
-71.7217
-80.1545
-80.2402
-89.8825
-89.9807
-101.119
-101.234
-114.359
-114.496
-130.268
-130.433
-149.663
-149.865
-173.322
-173.566
-200.778
-201.048
-228.456
-228.694
-246.858
-246.937
-240.526
-240.295
-197.41
-196.789
-114.74
-113.82
-7.24873
-6.17583
100.803
101.735
184.173
184.78
228.392
228.623
235.669
235.61
219.443
219.223
193.668
193.413
167.76
167.527
145.084
144.888
126.216
126.055
110.607
110.473
97.5011
97.3874
86.3508
86.2536
76.7621
76.6782
68.4842
68.4119
61.3758
61.314
55.2876
55.2344
50.0345
49.9883
45.433
45.3921
41.3255
41.2887
37.6003
37.5668
34.1917
34.1609
31.0563
31.028
28.1767
28.1507
25.5525
25.529
23.1926
23.1716
21.0973
21.0787
19.2409
19.2244
17.5822
17.5674
16.0799
16.0663
14.7001
14.6876
13.4235
13.4119
12.2372
12.2264
11.136
11.126
10.1211
10.1119
9.19596
9.18767
8.36395
8.35654
7.62147
7.61486
6.95483
6.94886
6.34927
6.3438
5.79122
5.78615
5.27212
5.26739
4.78635
4.78192
4.33191
4.32777
3.9097
3.90588
3.52713
3.52375
2.9986
2.9909
2.32402
2.31877
1.8503
1.84654
1.50403
1.50119
1.2438
1.24167
1.04316
1.04147
0.881549
0.880243
0.750579
0.74942
0.635766
0.634778
0.539594
-1.73194
-1.89024
-1.90493
-2.07384
-2.08955
-2.27048
-2.28737
-2.48284
-2.50116
-2.71508
-2.73529
-2.97226
-2.99476
-3.25948
-3.28461
-3.57905
-3.60684
-3.93025
-3.96061
-4.31156
-4.34433
-4.72171
-4.75689
-5.16182
-5.19957
-5.63538
-5.67615
-6.14799
-6.19236
-6.709
-6.75783
-7.33136
-7.38589
-8.02911
-8.09042
-8.81181
-8.88032
-9.68049
-9.75593
-10.631
-10.713
-11.6593
-11.7476
-12.7665
-12.8616
-13.9602
-14.0629
-15.2522
-15.3639
-16.6657
-16.789
-18.2336
-18.3709
-19.994
-20.149
-21.9818
-22.1569
-24.2102
-24.4047
-26.6731
-26.8867
-29.3634
-29.5954
-32.2812
-32.5322
-35.4484
-35.7224
-38.9045
-39.2044
-42.7172
-43.051
-46.9834
-47.3604
-51.8444
-52.2776
-57.453
-57.9534
-63.9291
-64.5052
-71.3562
-72.0138
-79.8235
-80.5733
-89.5032
-90.3626
-100.677
-101.68
-113.833
-115.026
-129.628
-131.079
-148.88
-150.653
-172.378
-174.514
-199.733
-202.093
-227.527
-229.609
-246.534
-247.191
-241.388
-239.37
-199.743
-194.356
-118.314
-110.229
-11.3979
-2.00993
97.1698
105.269
181.78
187.091
227.444
229.513
235.874
235.36
220.286
218.363
194.657
192.428
168.664
166.631
145.845
144.133
126.84
125.436
111.128
109.949
97.9432
96.9485
86.7284
85.8781
77.088
76.3545
68.7651
68.1329
61.6165
61.075
55.4942
55.0292
50.2141
49.8098
45.5915
45.2343
41.4684
41.1464
37.7306
37.4371
34.3114
34.0417
31.1664
30.9183
28.2774
28.0504
25.6438
25.4381
23.2742
23.0905
21.1693
21.0069
19.305
19.1606
17.6398
17.5101
16.1324
16.014
14.7487
14.6393
13.4686
13.367
12.279
12.1847
11.1748
11.0874
10.1565
10.0764
9.22812
9.15566
8.39274
8.3279
7.64718
7.58932
6.97801
6.92579
6.3705
6.32264
5.81088
5.76656
5.29047
5.24909
4.80357
4.76476
4.34797
4.31177
3.92451
3.89114
3.54028
3.51069
3.02877
2.9614
2.34455
2.29855
1.86499
1.83203
1.51508
1.49028
1.2521
1.23349
1.04973
1.03497
0.886623
0.875193
0.755085
0.744943
0.63961
0.630965
0.542901
-1.74942
-1.77342
-1.79768
-1.82218
-1.84686
-1.87181
-1.92359
-1.94924
-1.97507
-2.00119
-2.02752
-2.05415
-2.10946
-2.13686
-2.16455
-2.19253
-2.22076
-2.24934
-2.30879
-2.33829
-2.36817
-2.39839
-2.42896
-2.45992
-2.52447
-2.55658
-2.5892
-2.62232
-2.65588
-2.68985
-2.76099
-2.79647
-2.83253
-2.8692
-2.90641
-2.94417
-3.02343
-3.06305
-3.10337
-3.14433
-3.18588
-3.22812
-3.31661
-3.36083
-3.40573
-3.45128
-3.49744
-3.5443
-3.64222
-3.69102
-3.74034
-3.79038
-3.84096
-3.89228
-3.99915
-4.0522
-4.10592
-4.16024
-4.215
-4.27051
-4.38586
-4.44299
-4.50081
-4.55922
-4.61806
-4.6777
-4.80148
-4.86272
-4.92479
-4.98745
-5.05063
-5.11457
-5.24754
-5.31353
-5.38022
-5.44761
-5.51568
-5.58445
-5.72792
-5.79906
-5.8711
-5.94398
-6.01769
-6.09254
-6.24878
-6.32679
-6.40521
-6.48499
-6.56595
-6.64815
-6.82005
-6.90607
-6.99317
-7.0821
-7.1719
-7.26342
-7.45531
-7.55145
-7.64947
-7.7489
-7.84984
-7.95268
-8.16852
-8.27648
-8.38637
-8.49803
-8.61127
-8.7264
-8.9675
-9.08783
-9.20994
-9.33385
-9.45918
-9.58637
-9.85174
-9.9837
-10.1175
-10.253
-10.3899
-10.5285
-10.817
-10.9601
-11.105
-11.2514
-11.3992
-11.5488
-11.8598
-12.0139
-12.17
-12.3276
-12.4865
-12.6476
-12.9823
-13.1482
-13.3163
-13.4864
-13.6583
-13.8319
-14.1931
-14.3724
-14.5541
-14.7381
-14.9241
-15.1126
-15.5059
-15.7016
-15.9003
-16.1016
-16.3052
-16.512
-16.9456
-17.1616
-17.3813
-17.6046
-17.8316
-18.0623
-18.5459
-18.7886
-19.0349
-19.2864
-19.5414
-19.8011
-20.3467
-20.6203
-20.8991
-21.1826
-21.4706
-21.7638
-22.3795
-22.687
-23
-23.3179
-23.64
-23.9673
-24.652
-24.9928
-25.3393
-25.6907
-26.0459
-26.4062
-27.158
-27.5316
-27.9103
-28.2933
-28.6814
-29.0734
-29.8898
-30.2959
-30.7064
-31.1221
-31.5419
-31.9668
-32.8516
-33.2921
-33.7375
-34.188
-34.644
-35.1056
-36.0697
-36.549
-37.0342
-37.526
-38.0242
-38.5301
-39.5853
-40.1114
-40.6456
-41.1884
-41.7398
-42.3
-43.4737
-44.0599
-44.6579
-45.2661
-45.884
-46.5137
-47.8402
-48.5083
-49.1876
-49.88
-50.5866
-51.3071
-52.8312
-53.5988
-54.3815
-55.181
-55.9975
-56.831
-58.5918
-59.4788
-60.3845
-61.3088
-62.2515
-63.2126
-65.2394
-66.2589
-67.2983
-68.3576
-69.437
-70.5374
-72.8514
-74.0127
-75.1996
-76.4095
-77.6399
-78.8919
-81.5297
-82.8564
-84.2106
-85.59
-86.9978
-88.4336
-91.4596
-92.988
-94.5498
-96.1451
-97.774
-99.4358
-102.966
-104.757
-106.592
-108.463
-110.383
-112.356
-116.553
-118.687
-120.88
-123.132
-125.446
-127.834
-132.943
-135.531
-138.197
-140.927
-143.768
-146.687
-152.937
-156.129
-159.411
-162.757
-166.179
-169.707
-177.254
-181.08
-184.894
-188.81
-192.772
-196.779
-205.067
-209.149
-213.178
-217.153
-221.037
-224.829
-232.112
-235.275
-238.295
-241.061
-243.494
-245.43
-247.621
-248.121
-248.002
-247.378
-245.95
-243.564
-236.541
-232.02
-226.758
-220.623
-213.804
-205.994
-187.306
-177.062
-166.073
-154.177
-141.53
-128.33
-99.7793
-84.9044
-69.7096
-54.3405
-38.8646
-23.1254
9.69922
25.5599
41.1742
56.6978
71.927
86.6723
115.178
128.27
140.727
152.5
163.852
174.398
193.238
200.965
208.084
214.28
219.788
224.22
231.795
234.032
235.562
236.435
236.56
236.376
234.455
232.802
230.75
228.274
225.548
222.609
215.842
212.302
208.672
205.026
201.271
197.453
189.645
185.889
182.19
178.501
174.862
171.267
164.105
160.756
157.466
154.239
151.086
148.029
142.019
139.199
136.453
133.784
131.182
128.654
123.699
121.378
119.096
116.878
114.721
112.628
108.486
106.536
104.645
102.794
100.984
99.2146
95.7158
94.0672
92.4555
90.8779
89.3312
87.8157
84.8211
83.403
82.0155
80.6585
79.329
78.024
75.4428
74.2195
73.0175
71.8437
70.6959
69.5726
67.3479
66.2968
65.2661
64.2587
63.273
62.3085
60.4019
59.5008
58.6196
57.7581
56.9146
56.0887
54.4521
53.6774
52.9203
52.1765
51.4462
50.73
49.3071
48.6326
47.9692
47.3175
46.6775
46.0467
44.7887
44.1887
43.5978
43.016
42.4424
41.8774
40.7447
40.2025
39.6678
39.14
38.6187
38.1036
37.0707
36.5754
36.0858
35.6027
35.1254
34.6535
33.7046
33.2489
32.7989
32.3545
31.9153
31.4812
30.6082
30.1897
29.776
29.3675
28.9639
28.5657
27.767
27.3839
27.0065
26.6343
26.2673
25.9054
25.1816
24.836
24.4963
24.1619
23.8326
23.5084
22.8617
22.554
22.252
21.9547
21.6626
21.3762
20.8043
20.5319
20.2646
20.0013
19.7424
19.4885
18.9803
18.7373
18.499
18.264
18.033
17.8049
17.3481
17.1294
16.9135
16.7004
16.49
16.2828
15.8659
15.6652
15.4676
15.2719
15.0785
14.8876
14.5026
14.3173
14.1346
13.9537
13.7745
13.5972
13.24
13.0682
12.8984
12.73
12.5633
12.3987
12.0667
11.907
11.7493
11.593
11.4385
11.2858
10.9781
10.8306
10.6851
10.5409
10.3985
10.2582
9.97634
9.84116
9.70828
9.57704
9.44769
9.32037
9.06512
8.94318
8.82348
8.7055
8.58939
8.4753
8.24711
8.13843
8.03171
7.92636
7.82275
7.72092
7.51714
7.41978
7.32394
7.2293
7.13612
7.04444
6.86057
6.77254
6.68575
6.59991
6.51517
6.43127
6.26278
6.18186
6.10197
6.02282
5.94466
5.86713
5.71105
5.63589
5.56156
5.48799
5.41503
5.34294
5.19712
5.12714
5.05755
4.98866
4.92037
4.8528
4.71622
4.65049
4.58548
4.521
4.45711
4.39392
4.26642
4.20508
4.1445
4.08452
4.02535
3.96692
3.84948
3.79335
3.73811
3.68375
3.63037
3.57805
3.4741
3.42502
3.37723
3.33037
3.24557
3.11757
2.88013
2.77386
2.67421
2.57967
2.48971
2.40434
2.24238
2.16905
2.09895
2.0319
1.96803
1.90755
1.79155
1.73826
1.68704
1.63796
1.59112
1.5467
1.45994
1.42053
1.38249
1.34568
1.31023
1.27621
1.21069
1.18058
1.15136
1.12294
1.09539
1.06874
1.01678
0.992335
0.96865
0.945645
0.923326
0.901769
0.860937
0.841736
0.822868
0.804269
0.785995
0.76803
0.732285
0.715132
0.6984
0.682033
0.666088
0.650681
0.620251
0.60597
0.592035
0.578471
0.565277
0.552374
