-1.74609
-1.88106
-2.02291
-2.17224
-2.33013
-2.49789
-2.67788
-2.87265
-3.08492
-3.31691
-3.56907
-3.84076
-4.13092
-4.4385
-4.76369
-5.10688
-5.46976
-5.85482
-6.26509
-6.70617
-7.18406
-7.70741
-8.28147
-8.90945
-9.59085
-10.3214
-11.0998
-11.9249
-12.7977
-13.7223
-14.7049
-15.7531
-16.8801
-18.1033
-19.4444
-20.9213
-22.5462
-24.3209
-26.2373
-28.2906
-30.4799
-32.809
-35.2888
-37.9418
-40.7953
-43.8852
-47.2715
-51.0285
-55.2305
-59.9462
-65.2174
-71.0707
-77.5525
-84.7307
-92.714
-101.669
-111.843
-123.532
-137.138
-153.122
-171.881
-193.305
-216.004
-236.711
-249.351
-246.339
-220.341
-168.321
-94.116
-6.63449
80.9535
155.173
207.638
233.966
238.068
226.756
207.537
186.3
166.147
148.305
132.819
119.535
108.005
97.9293
89.0504
81.1468
74.1083
67.8324
62.2606
57.3313
52.9679
49.0629
45.5284
42.2891
39.2912
36.4986
33.8868
31.4367
29.1393
26.9961
25.0085
23.1849
21.5273
20.0231
18.6528
17.3939
16.2257
15.1323
14.104
13.1331
12.2157
11.3487
10.5332
9.77083
9.06554
8.41834
7.82712
7.28639
6.78695
6.32206
5.88488
5.47189
5.07984
4.70724
4.35257
4.01641
3.70125
3.414
2.93724
2.40891
2.00585
1.69418
1.44718
1.24992
1.08829
0.952124
0.838857
0.73914
0.649345
0.570343
-1.74688
-1.88022
-1.88189
-2.02203
-2.02379
-2.17131
-2.17317
-2.32915
-2.33111
-2.49684
-2.49893
-2.67675
-2.67901
-2.87142
-2.87388
-3.08358
-3.08626
-3.31545
-3.31838
-3.56748
-3.57065
-3.83906
-3.84246
-4.12912
-4.13273
-4.43659
-4.44042
-4.76167
-4.76571
-5.10475
-5.10901
-5.46751
-5.47202
-5.85242
-5.85722
-6.26251
-6.26767
-6.70339
-6.70896
-7.18104
-7.18708
-7.7041
-7.71071
-8.27784
-8.28511
-8.9055
-8.9134
-9.58659
-9.59513
-10.3169
-10.326
-11.0949
-11.1046
-11.9198
-11.93
-12.7923
-12.8032
-13.7165
-13.728
-14.6987
-14.711
-15.7465
-15.7596
-16.873
-16.8872
-18.0955
-18.111
-19.4359
-19.4529
-20.9119
-20.9307
-22.5359
-22.5565
-24.3098
-24.3321
-26.2253
-26.2493
-28.2778
-28.3035
-30.4663
-30.4935
-32.7945
-32.8236
-35.2734
-35.3043
-37.9252
-37.9585
-40.7774
-40.8132
-43.8657
-43.9047
-47.25
-47.2929
-51.0046
-51.0525
-55.2036
-55.2573
-59.9161
-59.9763
-65.1838
-65.2509
-71.0335
-71.1079
-77.5114
-77.5937
-84.6851
-84.7764
-92.6631
-92.765
-101.611
-101.726
-111.778
-111.909
-123.456
-123.609
-137.049
-137.226
-153.018
-153.227
-171.76
-172.002
-193.17
-193.44
-215.869
-216.139
-236.607
-236.815
-249.305
-249.396
-246.425
-246.251
-220.578
-220.104
-168.711
-167.925
-94.6044
-93.6273
-7.16459
-6.10379
80.4516
81.4548
154.788
155.558
207.401
207.873
233.873
234.057
238.099
238.037
226.854
226.658
207.663
207.412
186.427
186.172
166.263
166.03
148.406
148.205
132.905
132.733
119.609
119.46
108.07
107.94
97.9859
97.8726
89.1009
88.9998
81.1919
81.1018
74.1485
74.0681
67.8681
67.7967
62.2923
62.2289
57.3592
57.3034
52.9928
52.943
49.0853
49.0405
45.5488
45.508
42.3079
42.2704
39.3087
39.2738
36.5149
36.4823
33.9021
33.8715
31.4511
31.4224
29.1527
29.1259
27.0086
26.9836
25.02
24.997
23.1954
23.1744
21.5368
21.5177
20.0318
20.0145
18.6607
18.6449
17.4012
17.3866
16.2325
16.2188
15.1387
15.1259
14.11
14.098
13.1388
13.1274
12.2211
12.2103
11.3538
11.3436
10.538
10.5285
9.77527
9.7664
9.06963
9.06146
8.42207
8.4146
7.83054
7.82371
7.28952
7.28326
6.78985
6.78404
6.32478
6.31934
5.88744
5.88231
5.47432
5.46947
5.08215
5.07753
4.70944
4.70504
4.35465
4.35048
4.01838
4.01444
3.70309
3.69941
3.41563
3.41237
2.9409
2.93359
2.41169
2.40614
2.00798
2.00372
1.69585
1.69251
1.44848
1.44588
1.25099
1.24885
1.08918
1.08739
0.952882
0.951366
0.839487
0.838227
0.739716
0.738565
0.649857
0.648834
0.570787
-1.75246
-1.87438
-1.88775
-2.01589
-2.02995
-2.16484
-2.17966
-2.32228
-2.338
-2.48952
-2.50628
-2.66887
-2.68693
-2.86283
-2.88252
-3.07424
-3.09564
-3.30522
-3.32862
-3.55641
-3.58178
-3.82719
-3.85438
-4.1165
-4.14539
-4.42322
-4.45383
-4.74757
-4.77985
-5.08986
-5.12395
-5.45173
-5.48784
-5.83564
-5.87407
-6.24456
-6.28575
-6.68404
-6.7285
-7.15996
-7.20828
-7.68103
-7.7339
-8.25245
-8.3106
-8.87788
-8.94114
-9.55675
-9.62507
-10.285
-10.358
-11.0611
-11.1386
-11.8839
-11.966
-12.7544
-12.8413
-13.6763
-13.7684
-14.656
-14.7539
-15.7007
-15.8056
-16.8236
-16.9369
-18.0416
-18.1652
-19.3767
-19.5125
-20.8465
-20.9964
-22.4641
-22.6286
-24.2319
-24.4104
-26.1415
-26.3334
-28.1883
-28.3933
-30.3709
-30.5892
-32.6931
-32.9253
-35.1652
-35.4129
-37.8093
-38.0753
-40.6524
-40.9386
-43.7296
-44.0415
-47.1002
-47.4435
-50.8372
-51.2209
-55.0161
-55.4459
-59.7061
-60.1875
-64.9491
-65.4865
-70.7737
-71.3692
-77.224
-77.8828
-84.3663
-85.0969
-92.3073
-93.1221
-101.211
-102.129
-111.322
-112.368
-122.924
-124.143
-136.431
-137.849
-152.289
-153.961
-170.915
-172.854
-192.211
-194.379
-214.924
-217.08
-235.871
-237.533
-248.98
-249.697
-246.996
-245.614
-222.208
-218.413
-171.417
-165.135
-98.0227
-90.1642
-10.8833
-2.35189
76.9187
84.9444
152.069
158.308
205.717
209.486
233.223
234.667
238.297
237.807
227.528
225.96
208.542
206.531
187.323
185.28
167.076
165.22
149.112
147.505
133.51
132.134
120.135
118.938
108.524
107.488
98.384
97.4777
89.4559
88.647
81.5089
80.7874
74.4307
73.7876
68.119
67.5474
62.5149
62.0078
57.556
57.1087
53.1675
52.7694
49.2424
48.8841
45.6917
45.3659
42.4395
42.1394
39.431
39.1519
36.6293
36.3684
34.0093
33.7647
31.5516
31.3222
29.2469
29.0321
27.0962
26.8963
25.1006
24.9166
23.2692
23.101
21.6037
21.4512
20.0924
19.9542
18.7164
18.5897
17.4525
17.3355
16.2804
16.1711
15.1835
15.0812
14.1525
14.0557
13.1787
13.0875
12.2589
12.1726
11.3895
11.3081
10.5713
10.4952
9.80642
9.73543
9.09831
9.0329
8.44829
8.38853
7.8545
7.79987
7.3115
7.26139
6.81021
6.76375
6.34386
6.30032
5.90542
5.86439
5.49136
5.45248
5.09835
5.06138
4.72485
4.68968
4.36929
4.33588
4.0322
4.00069
3.716
3.68657
3.42708
3.40101
2.96677
2.90828
2.43125
2.38685
2.02301
1.9889
1.70762
1.68089
1.45789
1.43679
1.25854
1.2414
1.09548
1.08115
0.958214
0.946086
0.843907
0.833828
0.743756
0.734551
0.65345
0.645265
0.573904
-1.76658
-1.78496
-1.80347
-1.82206
-1.84081
-1.8597
-1.90258
-1.92189
-1.94135
-1.96088
-1.9806
-2.00046
-2.04554
-2.06586
-2.08634
-2.10691
-2.12767
-2.14858
-2.19609
-2.21755
-2.23918
-2.26091
-2.28288
-2.30505
-2.35544
-2.37819
-2.40114
-2.42422
-2.44758
-2.47116
-2.52496
-2.54932
-2.5739
-2.59865
-2.62374
-2.64912
-2.70704
-2.73333
-2.75988
-2.78663
-2.81378
-2.84132
-2.90436
-2.93294
-2.9619
-2.99111
-3.02081
-3.05082
-3.11948
-3.1507
-3.18236
-3.21437
-3.24678
-3.27958
-3.35456
-3.3886
-3.42307
-3.45784
-3.49302
-3.52863
-3.60997
-3.64677
-3.68392
-3.72138
-3.75928
-3.79747
-3.88456
-3.92394
-3.96365
-4.0036
-4.04402
-4.08478
-4.17741
-4.21919
-4.26133
-4.30371
-4.34653
-4.38967
-4.48775
-4.53196
-4.57653
-4.62133
-4.66656
-4.71213
-4.81567
-4.86233
-4.90935
-4.95662
-5.00434
-5.05246
-5.16176
-5.21103
-5.2607
-5.31071
-5.36123
-5.41213
-5.5279
-5.58017
-5.63289
-5.68598
-5.7395
-5.79354
-5.91674
-5.97238
-6.0285
-6.08486
-6.14191
-6.19958
-6.33146
-6.39104
-6.45123
-6.51181
-6.57335
-6.63555
-6.77768
-6.84205
-6.90718
-6.97287
-7.03959
-7.10721
-7.26216
-7.33258
-7.40389
-7.47593
-7.54899
-7.623
-7.79291
-7.87014
-7.94827
-8.02722
-8.1075
-8.18882
-8.37524
-8.46
-8.54563
-8.63204
-8.71978
-8.80861
-9.01151
-9.10373
-9.19698
-9.2908
-9.38584
-9.48194
-9.70078
-9.79971
-9.89976
-10.0004
-10.1024
-10.2051
-10.439
-10.5447
-10.6513
-10.7585
-10.867
-10.9761
-11.2246
-11.3367
-11.4497
-11.5633
-11.6781
-11.7939
-12.057
-12.1757
-12.2952
-12.4154
-12.5368
-12.6592
-12.9376
-13.0632
-13.1897
-13.3169
-13.4455
-13.5752
-13.8706
-14.0038
-14.1382
-14.2736
-14.4104
-14.5486
-14.8626
-15.0046
-15.1481
-15.2925
-15.4385
-15.5859
-15.922
-16.0744
-16.2281
-16.3832
-16.5406
-16.6996
-17.0629
-17.2285
-17.3955
-17.5639
-17.7344
-17.9066
-18.3029
-18.4831
-18.6661
-18.8511
-19.0386
-19.2286
-19.664
-19.8623
-20.0636
-20.2668
-20.4735
-20.6829
-21.1633
-21.382
-21.6037
-21.8279
-22.0545
-22.2842
-22.8117
-23.0508
-23.2932
-23.5379
-23.7859
-24.0365
-24.609
-24.8684
-25.13
-25.3938
-25.6612
-25.9312
-26.5467
-26.8252
-27.1064
-27.3895
-27.6753
-27.9634
-28.6211
-28.9179
-29.2173
-29.5193
-29.8242
-30.1313
-30.8318
-31.1477
-31.4663
-31.7876
-32.1116
-32.4384
-33.1833
-33.5194
-33.8588
-34.2009
-34.5459
-34.8939
-35.6885
-36.0477
-36.4101
-36.776
-37.1453
-37.5183
-38.371
-38.7556
-39.1448
-39.5384
-39.9366
-40.3386
-41.2563
-41.6719
-42.0929
-42.5192
-42.9523
-43.3884
-44.3884
-44.8437
-45.3049
-45.7718
-46.2461
-46.7247
-47.8262
-48.3284
-48.8391
-49.3571
-49.8837
-50.4183
-51.6492
-52.2101
-52.7806
-53.361
-53.9495
-54.5473
-55.926
-56.5559
-57.1957
-57.8465
-58.5074
-59.1801
-60.7247
-61.4299
-62.1471
-62.874
-63.6123
-64.3614
-66.0852
-66.8731
-67.6705
-68.4775
-69.2949
-70.1233
-72.0336
-72.9047
-73.7874
-74.6808
-75.5867
-76.5048
-78.618
-79.5827
-80.5574
-81.5448
-82.5486
-83.5677
-85.9128
-86.9817
-88.0668
-89.1677
-90.2831
-91.4177
-94.0319
-95.2254
-96.4385
-97.6716
-98.933
-100.209
-103.153
-104.503
-105.881
-107.289
-108.725
-110.186
-113.539
-115.079
-116.664
-118.274
-119.917
-121.598
-125.51
-127.309
-129.144
-131.014
-132.93
-134.885
-139.445
-141.55
-143.692
-145.898
-148.155
-150.468
-155.833
-158.291
-160.811
-163.416
-166.071
-168.794
-175.03
-177.891
-180.801
-183.783
-186.797
-189.834
-196.776
-199.882
-203.008
-206.163
-209.349
-212.521
-219.439
-222.424
-225.366
-228.279
-231.082
-233.822
-239.366
-241.559
-243.597
-245.37
-246.858
-248.143
-250.323
-250.757
-250.767
-250.35
-249.496
-248.253
-243.836
-241.269
-238.204
-234.682
-230.691
-226.106
-213.931
-207.818
-200.995
-193.83
-186.18
-178.045
-158.064
-148.425
-138.477
-128.169
-117.562
-106.651
-81.2354
-69.4371
-57.3478
-45.0223
-32.7322
-20.4969
7.16213
19.6584
31.9105
44.073
56.0085
67.853
93.6019
104.468
115
125.305
135.271
144.891
165.03
173.261
181.021
188.25
195.004
201.258
213.216
217.734
221.809
225.468
228.917
231.543
235.962
237.249
238.118
238.624
238.756
238.641
237.115
235.954
234.627
233.011
231.181
229.154
224.124
221.623
219.02
216.372
213.609
210.761
204.283
201.368
198.365
195.377
192.412
189.543
183.041
180.198
177.366
174.565
171.816
169.116
163.196
160.625
158.117
155.669
153.267
150.913
145.746
143.512
141.335
139.2
137.114
135.064
130.645
128.739
126.868
125.029
123.235
121.475
117.633
115.971
114.352
112.762
111.203
109.678
106.357
104.921
103.507
102.119
100.752
99.4048
96.4863
95.222
93.9772
92.7498
91.5429
90.3592
87.7649
86.6407
85.5337
84.4433
83.3704
82.315
80.001
78.999
78.0143
77.0451
76.0891
75.1487
73.0882
72.1939
71.3133
70.447
69.5953
68.7578
66.9223
66.1287
65.3474
64.5798
63.8246
63.0814
61.4562
60.753
60.0627
59.3843
58.7172
58.0583
56.6215
56.0001
55.388
54.7864
54.1946
53.6125
52.3336
51.7794
51.2335
50.6949
50.1636
49.6416
48.4919
47.9903
47.4967
47.01
46.5283
46.0545
45.0093
44.5526
44.1002
43.6524
43.2105
42.7738
41.8089
41.3865
40.9688
40.5556
40.1463
39.7415
38.8458
38.4534
38.0647
37.68
37.2978
36.9194
36.0825
35.7158
35.3524
34.9925
34.6352
34.2811
33.4966
33.1532
32.8126
32.4745
32.1393
31.8069
31.0706
30.7478
30.4278
30.1108
29.7969
29.4857
28.7968
28.4951
28.1963
27.9005
27.6077
27.3185
26.6774
26.3968
26.1192
25.8454
25.574
25.3052
24.7153
24.4574
24.2021
23.9508
23.7022
23.4567
22.9173
22.6823
22.4503
22.2219
21.9961
21.7735
21.2839
21.0702
20.8602
20.6535
20.4486
20.2465
19.8028
19.609
19.4175
19.2289
19.0423
18.8578
18.4513
18.2737
18.098
17.9241
17.7524
17.5825
17.2075
17.043
16.8802
16.7195
16.5599
16.4016
16.0515
15.8977
15.7454
15.5949
15.4453
15.2971
14.9689
14.8245
14.6814
14.5399
14.3993
14.2598
13.9497
13.8135
13.6784
13.5448
13.4118
13.2799
12.9874
12.8587
12.7312
12.6049
12.4794
12.3546
12.078
11.9564
11.8358
11.7163
11.5976
11.4798
11.2189
11.1042
10.9906
10.8783
10.7666
10.656
10.4117
10.3043
10.198
10.0927
9.9885
9.88542
9.65783
9.5584
9.45993
9.36273
9.26627
9.17105
8.96143
8.86978
8.77936
8.69025
8.60201
8.51486
8.32323
8.23968
8.15694
8.07532
7.99487
7.91536
7.74022
7.6639
7.58854
7.51408
7.44028
7.36729
7.20648
7.13596
7.06643
6.99772
6.92955
6.86189
6.71284
6.64743
6.58259
6.51864
6.45513
6.39216
6.25258
6.19123
6.13037
6.07009
6.01028
5.95094
5.81941
5.76155
5.70413
5.64721
5.59064
5.53447
5.40983
5.35492
5.30043
5.24642
5.19268
5.13932
5.02086
4.96872
4.91693
4.8656
4.81453
4.7638
4.65107
4.60141
4.55207
4.50322
4.45461
4.40634
4.29922
4.25211
4.20533
4.15897
4.1129
4.06723
3.96618
3.92188
3.878
3.8346
3.79146
3.74872
3.65464
3.61378
3.57336
3.53368
3.49462
3.45625
3.37278
3.33718
3.30243
3.22399
3.12538
3.03407
2.84569
2.76681
2.69131
2.61877
2.54876
2.48153
2.33921
2.27979
2.22222
2.16694
2.11331
2.06162
1.95223
1.90628
1.86205
1.81948
1.77806
1.73785
1.65214
1.61606
1.58122
1.54712
1.51405
1.48201
1.41413
1.38534
1.35731
1.33011
1.30361
1.27789
1.22293
1.19965
1.17687
1.15464
1.13286
1.11158
1.06562
1.04596
1.0268
1.0081
0.989782
0.971835
0.932947
0.916313
0.900102
0.884651
0.869801
0.855125
0.822808
0.808695
0.794755
0.78102
0.767427
0.754008
0.724517
0.711739
0.699156
0.686793
0.674595
0.662591
0.636364
0.62503
0.61391
0.603027
0.592333
0.581853
