-2.41298
-2.75437
-3.15246
-3.62054
-4.15754
-4.75863
-5.42627
-6.17346
-7.02864
-8.03503
-9.22762
-10.6041
-12.1525
-13.88
-15.8236
-18.0603
-20.7126
-23.8793
-27.5632
-31.7425
-36.4584
-41.8462
-48.1866
-55.9206
-65.5005
-77.2089
-91.4622
-109.217
-132.284
-163.316
-203.389
-241.777
-241.09
-160.009
-6.67427
146.507
229.051
231.419
195.884
158.026
128.06
105.403
87.8183
73.7947
62.5469
53.6081
46.3813
40.3095
35.0377
30.3862
26.2952
22.7756
19.8292
17.3483
15.1979
13.2882
11.5758
10.049
8.72121
7.59524
6.63491
5.79236
5.0354
4.34879
3.73293
3.06113
2.1128
1.53849
1.16511
0.903583
-2.41399
-2.7532
-2.75553
-3.15108
-3.15383
-3.61894
-3.62214
-4.15572
-4.15935
-4.75661
-4.76065
-5.42402
-5.42851
-6.17093
-6.176
-7.0257
-7.03158
-8.03154
-8.03852
-9.22352
-9.23173
-10.5995
-10.6088
-12.1472
-12.1577
-13.8742
-13.8858
-15.817
-15.8302
-18.0526
-18.0681
-20.7033
-20.7218
-23.8684
-23.8903
-27.5506
-27.5757
-31.7284
-31.7566
-36.4424
-36.4744
-41.8277
-41.8647
-48.1645
-48.2087
-55.8932
-55.9479
-65.4667
-65.5343
-77.1679
-77.2499
-91.4119
-91.5126
-109.153
-109.281
-132.199
-132.369
-163.203
-163.43
-203.253
-203.526
-241.688
-241.866
-241.206
-240.973
-160.409
-159.608
-7.21207
-6.13635
146.11
146.902
228.928
229.173
231.504
231.334
196.013
195.755
158.136
157.916
128.142
127.978
105.466
105.34
87.8682
87.7683
73.8349
73.7546
62.5787
62.5151
53.6334
53.5827
46.4022
46.3604
40.3275
40.2916
35.0534
35.022
30.4001
30.3723
26.3073
26.283
22.7858
22.7653
19.8377
19.8206
17.3556
17.341
15.2043
15.1915
13.2939
13.2824
11.5809
11.5706
10.0536
10.0445
8.72511
8.71731
7.59853
7.59194
6.63776
6.63207
5.79489
5.78983
5.03769
5.0331
4.35088
4.34671
3.73476
3.7311
3.06515
3.05713
2.1151
2.1105
1.53995
1.53702
1.16609
1.16414
0.904288
-2.42339
-2.74244
-2.76634
-3.1384
-3.1666
-3.60414
-3.63702
-4.13896
-4.17617
-4.73799
-4.77933
-5.40332
-5.44929
-6.14757
-6.19948
-6.99862
-7.05882
-7.99935
-8.07092
-9.18568
-9.26978
-10.5564
-10.652
-12.0992
-12.2059
-13.8205
-13.9398
-15.7562
-15.8913
-17.9815
-18.1397
-20.6182
-20.8075
-23.7676
-23.9916
-27.435
-27.6919
-31.598
-31.8876
-36.2949
-36.6226
-41.6572
-42.0363
-47.9604
-48.414
-55.6414
-56.2022
-65.1554
-65.8479
-76.79
-77.6307
-90.9481
-91.9797
-108.566
-109.874
-131.419
-133.159
-162.158
-164.484
-202.006
-204.791
-240.845
-242.668
-242.239
-239.884
-164.071
-155.857
-12.1811
-1.15484
142.403
150.526
227.741
230.252
232.264
230.565
197.207
194.563
159.151
156.904
128.908
127.222
106.05
104.763
88.3308
87.3084
74.2078
73.3844
62.8742
62.2216
53.8691
53.349
46.5966
46.1674
40.4937
40.1263
35.1992
34.8767
30.5292
30.2438
26.4201
26.1707
22.8811
22.6707
19.9172
19.7417
17.4233
17.2737
15.264
15.1321
13.3473
13.2293
11.6288
11.523
10.0958
10.0025
8.76128
8.68136
7.6291
7.56156
6.66413
6.6058
5.81838
5.76642
5.05896
5.0119
4.37016
4.32749
3.75172
3.71423
3.10271
3.02049
2.13658
2.08938
1.55362
1.52357
1.17514
1.15519
0.910854
-2.45571
-2.50371
-2.55274
-2.60276
-2.65386
-2.70607
-2.80366
-2.85924
-2.91612
-2.97449
-3.03425
-3.09562
-3.21066
-3.27629
-3.34339
-3.41202
-3.48226
-3.55412
-3.68819
-3.76417
-3.84148
-3.92036
-4.00057
-4.08225
-4.23395
-4.31948
-4.40625
-4.49446
-4.58394
-4.67489
-4.84351
-4.93847
-5.03484
-5.13282
-5.23217
-5.33322
-5.5207
-5.62652
-5.7342
-5.84374
-5.95508
-6.06862
-6.28033
-6.40044
-6.52296
-6.64819
-6.77624
-6.90724
-7.15287
-7.29314
-7.43692
-7.5844
-7.73563
-7.89079
-8.18274
-8.34958
-8.52049
-8.6955
-8.87453
-9.0579
-9.40073
-9.59513
-9.79323
-9.9954
-10.2011
-10.4109
-10.8005
-11.0204
-11.244
-11.4712
-11.7018
-11.9364
-12.3716
-12.6167
-12.8662
-13.1197
-13.3769
-13.6386
-14.125
-14.3994
-14.6791
-14.9639
-15.2542
-15.5502
-16.1016
-16.4147
-16.7351
-17.063
-17.3983
-17.7418
-18.3868
-18.7549
-19.1335
-19.5225
-19.9211
-20.331
-21.1033
-21.5451
-21.9984
-22.4627
-22.9389
-23.4271
-24.3407
-24.8598
-25.3891
-25.9302
-26.4815
-27.0439
-28.0911
-28.6831
-29.2856
-29.8985
-30.5222
-31.1568
-32.3374
-33.0043
-33.6835
-34.375
-35.079
-35.7962
-37.1322
-37.8895
-38.6635
-39.4527
-40.2586
-41.0825
-42.6282
-43.5095
-44.4131
-45.3408
-46.2947
-47.2744
-49.1243
-50.189
-51.2875
-52.4196
-53.5885
-54.7935
-57.0814
-58.4038
-59.7646
-61.1685
-62.6165
-64.1087
-66.9311
-68.5524
-70.2174
-71.9343
-73.6992
-75.5174
-78.9452
-80.9152
-82.9421
-85.0273
-87.1754
-89.3896
-93.5946
-96.0163
-98.5254
-101.12
-103.8
-106.595
-111.931
-115.037
-118.269
-121.635
-125.143
-128.818
-135.879
-140.032
-144.378
-148.927
-153.683
-158.636
-168.155
-173.726
-179.497
-185.461
-191.543
-197.762
-209.148
-215.464
-221.473
-227.297
-232.798
-237.76
-245.142
-247.769
-249.36
-249.576
-248.456
-245.255
-235.679
-227.683
-217.675
-205.908
-191.833
-175.997
-142.594
-121.846
-100.13
-77.1671
-53.3258
-28.9802
15.782
40.0588
63.8876
86.9436
108.771
129.155
162.689
178.768
193
204.923
214.97
222.991
233.349
236.435
237.875
237.816
236.643
234.438
227.784
223.263
218.193
212.819
207.103
201.279
190.537
184.755
178.997
173.402
167.925
162.637
153.537
148.779
144.206
139.819
135.607
131.577
124.675
121.089
117.639
114.327
111.135
108.083
102.815
100.054
97.388
94.8171
92.3335
89.9294
85.7672
83.5789
81.4572
79.404
77.4147
75.49
72.1448
70.3852
68.6823
67.0353
65.4417
63.8999
61.2361
59.8392
58.4824
57.1727
55.9079
54.684
52.5631
51.4402
50.3505
49.2939
48.2658
47.2666
45.5172
44.5858
43.6755
42.7871
41.9172
41.0662
39.5669
38.7639
37.9765
37.2043
36.4457
35.7007
34.3852
33.6779
32.983
32.3011
31.6312
30.9728
29.8094
29.185
28.5725
27.972
27.3837
26.8075
25.7924
25.2503
24.7214
24.2051
23.7015
23.2101
22.3517
21.8965
21.4526
21.0204
20.5999
20.1912
19.4753
19.0937
18.7216
18.3587
18.0037
17.6566
17.0457
16.7182
16.3975
16.0822
15.7726
15.4689
14.9312
14.6422
14.3578
14.0776
13.8017
13.5305
13.0494
12.7899
12.5347
12.2834
12.036
11.7931
11.3616
11.1291
10.901
10.6769
10.457
10.2414
9.86059
9.6567
9.45737
9.26256
9.07196
8.88607
8.56009
8.38673
8.21737
8.05226
7.89119
7.73439
7.45909
7.3119
7.16814
7.02759
6.88994
6.75494
6.51691
6.38902
6.26353
6.13999
6.01857
5.89907
5.68711
5.57276
5.46025
5.34915
5.23976
5.13187
4.94006
4.83634
4.73421
4.63342
4.53419
4.43635
4.26241
4.16857
4.07645
3.98599
3.89721
3.81013
3.65737
3.57624
3.49784
3.42197
3.34903
3.236
2.90131
2.74066
2.59266
2.45578
2.32949
2.21208
2.01962
1.92394
1.83529
1.75198
1.67379
1.60067
1.47904
1.41801
1.36052
1.3061
1.25476
1.20661
1.12526
1.08324
1.04327
1.00528
0.968664
0.933769
