-2.67112
-2.9935
-3.36471
-3.7885
-4.26069
-4.77884
-5.3446
-5.96627
-6.6579
-7.44533
-8.35812
-9.41105
-10.5959
-11.9044
-13.3385
-14.9174
-16.6763
-18.6794
-21.0105
-23.726
-26.8191
-30.269
-34.0857
-38.3264
-43.1044
-48.6181
-55.1767
-63.0616
-72.4453
-83.5077
-96.635
-112.599
-132.632
-158.455
-191.468
-227.568
-250.304
-228.746
-141.945
-6.63449
128.763
215.804
238.635
218.364
184.581
153.423
128.449
108.752
92.9466
79.942
69.1535
60.2378
52.9182
46.802
41.5339
36.8755
32.6988
28.9319
25.5681
22.6261
20.1055
17.9367
16.0288
14.3137
12.7526
11.3284
10.0385
8.89371
7.89926
7.03726
6.27459
5.58447
4.95168
4.36825
3.83394
3.36438
2.5014
1.86557
1.43938
1.14138
-2.67224
-2.99221
-2.99479
-3.36322
-3.3662
-3.78682
-3.79017
-4.25883
-4.26254
-4.77682
-4.78087
-5.34239
-5.34682
-5.96383
-5.96871
-6.65515
-6.66064
-7.44217
-7.44849
-8.35444
-8.3618
-9.40685
-9.41524
-10.5913
-10.6006
-11.8993
-11.9095
-13.3329
-13.3441
-14.9112
-14.9236
-16.6693
-16.6832
-18.6713
-18.6875
-21.0011
-21.0199
-23.7151
-23.7368
-26.8069
-26.8313
-30.2554
-30.2825
-34.0707
-34.1007
-38.3096
-38.3431
-43.0854
-43.1235
-48.5957
-48.6405
-55.1499
-55.2036
-63.0294
-63.0938
-72.4072
-72.4835
-83.4628
-83.5526
-96.5814
-96.6887
-112.533
-112.665
-132.547
-132.718
-158.346
-158.564
-191.333
-191.603
-227.442
-227.694
-250.274
-250.332
-228.945
-228.546
-142.386
-141.505
-7.16459
-6.10379
128.324
129.202
215.606
216.001
238.644
238.624
218.48
218.248
184.708
184.454
153.527
153.319
128.532
128.367
108.817
108.686
93.0004
92.8929
79.9862
79.8978
69.1901
69.1168
60.2679
60.2078
52.943
52.8933
46.8231
46.7808
41.5523
41.5154
36.8919
36.859
32.7136
32.6839
28.9453
28.9186
25.5799
25.5563
22.6363
22.6159
20.1142
20.0968
17.9442
17.9291
16.0356
16.0221
14.3198
14.3076
12.7581
12.747
11.3335
11.3233
10.0431
10.0339
8.89771
8.88972
7.90272
7.89581
7.04028
7.03425
6.27729
6.27189
5.58694
5.58201
4.95395
4.94941
4.37034
4.36615
3.83583
3.83204
3.36595
3.36282
2.50432
2.49849
1.86747
1.86366
1.44068
1.43809
1.14233
-2.68184
-2.98127
-3.00582
-3.35065
-3.37886
-3.77263
-3.80443
-4.24313
-4.2783
-4.75965
-4.79809
-5.32361
-5.36566
-5.9431
-5.98952
-6.63185
-6.68404
-7.41536
-7.47546
-8.32334
-8.39316
-9.37119
-9.45095
-10.5517
-10.6403
-11.8558
-11.9531
-13.2853
-13.3919
-14.8586
-14.9765
-16.6101
-16.7427
-18.6029
-18.7563
-20.9213
-21.1002
-23.6228
-23.8296
-26.703
-26.9357
-30.1403
-30.3981
-33.9434
-34.2285
-38.1673
-38.4856
-42.9238
-43.286
-48.4062
-48.8315
-54.9227
-55.4324
-62.7566
-63.3686
-72.0841
-72.8087
-83.0822
-83.9357
-96.1267
-97.1468
-111.975
-113.228
-131.832
-133.438
-157.426
-159.498
-190.191
-192.759
-226.358
-228.756
-249.99
-250.541
-230.596
-226.807
-146.104
-137.735
-11.7046
-1.54736
124.564
132.902
213.893
217.64
238.699
238.48
219.461
217.267
185.79
183.378
154.417
152.44
129.239
127.668
109.372
108.134
93.4562
92.4375
80.3633
79.5235
69.5029
68.8063
60.5248
59.9531
53.155
52.6829
47.0029
46.6015
41.7096
41.3589
37.0322
36.7194
32.8399
32.5581
29.0589
28.8056
25.6805
25.4559
22.7232
22.5296
20.1882
20.0231
18.0089
17.8649
16.0931
15.9648
14.3717
14.2559
12.8056
12.6998
11.3767
11.2802
10.0819
9.9953
8.93182
8.85586
7.93217
7.86652
7.06597
7.00868
6.30032
6.24894
5.60793
5.56109
4.97327
4.93015
4.38816
4.34839
3.85198
3.81596
3.37934
3.34956
2.52932
2.47389
1.88381
1.84762
1.45183
1.42713
1.15045
-2.71276
-2.75773
-2.80346
-2.85019
-2.89797
-2.94665
-3.04129
-3.09296
-3.14568
-3.19958
-3.25464
-3.31084
-3.41974
-3.47912
-3.53963
-3.60116
-3.6638
-3.72749
-3.85038
-3.91702
-3.98463
-4.05318
-4.12281
-4.19328
-4.32897
-4.40229
-4.47659
-4.55172
-4.62794
-4.70512
-4.85342
-4.93346
-5.01454
-5.09656
-5.17973
-5.26398
-5.42624
-5.51391
-5.60284
-5.69298
-5.7844
-5.87732
-6.05637
-6.15322
-6.25186
-6.35225
-6.45427
-6.55807
-6.75955
-6.86904
-6.98071
-7.09471
-7.21131
-7.33056
-7.56233
-7.68926
-7.81882
-7.95102
-8.08632
-8.22482
-8.49418
-8.64101
-8.79105
-8.94372
-9.09967
-9.2586
-9.56591
-9.73245
-9.90195
-10.0739
-10.2487
-10.4261
-10.7679
-10.9529
-11.1403
-11.33
-11.5226
-11.7178
-12.0933
-12.296
-12.5014
-12.7093
-12.9204
-13.1342
-13.5456
-13.7684
-13.9942
-14.223
-14.4556
-14.6917
-15.1468
-15.3936
-15.6444
-15.8989
-16.1583
-16.4222
-16.9344
-17.214
-17.4987
-17.7881
-18.084
-18.3869
-18.978
-19.301
-19.6312
-19.9689
-20.3149
-20.6691
-21.3593
-21.7376
-22.1229
-22.5169
-22.9196
-23.3306
-24.1282
-24.5621
-25.0038
-25.4521
-25.9092
-26.3738
-27.2712
-27.757
-28.2501
-28.7507
-29.259
-29.7751
-30.7699
-31.3078
-31.8536
-32.4072
-32.969
-33.5392
-34.6396
-35.2347
-35.8403
-36.4553
-37.0804
-37.7157
-38.9454
-39.6137
-40.2944
-40.9864
-41.6902
-42.4099
-43.8105
-44.5738
-45.3558
-46.1561
-46.9723
-47.8081
-49.4488
-50.3515
-51.2772
-52.2266
-53.204
-54.2056
-56.1731
-57.2569
-58.3715
-59.5167
-60.6891
-61.8948
-64.2567
-65.5539
-66.8847
-68.2466
-69.638
-71.0645
-73.8586
-75.3873
-76.9515
-78.5552
-80.201
-81.8802
-85.1734
-86.9817
-88.8366
-90.7375
-92.6885
-94.6917
-98.6375
-100.813
-103.047
-105.355
-107.748
-110.218
-115.056
-117.766
-120.563
-123.468
-126.477
-129.591
-135.788
-139.248
-142.843
-146.585
-150.485
-154.524
-162.555
-167.076
-171.74
-176.527
-181.466
-186.577
-196.441
-201.729
-207.095
-212.498
-217.75
-222.854
-232.071
-236.555
-240.514
-244.01
-246.734
-248.81
-250.815
-250.148
-248.285
-245.169
-240.902
-235.302
-220.775
-210.952
-199.621
-186.984
-172.943
-157.585
-125.411
-107.061
-87.9901
-68.0403
-47.2726
-26.3936
13.2118
34.1364
54.6397
74.7147
94.0051
112.238
144.408
159.857
174.083
186.887
198.241
208.069
222.448
228.479
232.804
235.988
237.912
238.725
237.677
235.862
233.371
230.207
226.608
222.538
214.022
209.172
204.261
199.245
194.169
189.237
179.992
175.194
170.525
166.011
161.576
157.307
149.653
145.762
142
138.372
134.871
131.513
125.468
122.422
119.472
116.61
113.85
111.18
106.389
103.958
101.599
99.2978
97.0835
94.9294
91.0137
89.0251
87.0903
85.2057
83.3704
81.5845
78.3427
76.6944
75.0875
73.5228
71.9999
70.516
67.8265
66.4575
65.1274
63.8356
62.5787
61.3578
59.1493
58.0249
56.9333
55.8741
54.8432
53.841
52.0172
51.0876
50.1789
49.2949
48.4292
47.5827
46.0374
45.2445
44.4665
43.7012
42.9517
42.2173
40.8629
40.1641
39.4777
38.8026
38.1382
37.4843
36.2764
35.652
35.0369
34.4307
33.8333
33.2456
32.1588
31.5948
31.0398
30.493
29.9546
29.4247
28.4469
27.9414
27.445
26.9566
26.4764
26.0047
25.1393
24.6943
24.2577
23.8307
23.4126
23.0035
22.2568
21.8741
21.5001
21.1339
20.7769
20.4277
19.79
19.4623
19.1412
18.8273
18.519
18.217
17.6618
17.3756
17.0943
16.818
16.546
16.278
15.7833
15.527
15.2745
15.0261
14.7805
14.5387
14.091
13.8581
13.6285
13.4023
13.1787
12.958
12.5499
12.3375
12.1278
11.9212
11.7171
11.5158
11.1435
10.9504
10.76
10.573
10.3888
10.2073
9.87286
9.70016
9.53093
9.36485
9.20153
9.04166
8.74875
8.59817
8.45073
8.30669
8.16543
8.02697
7.77395
7.64403
7.51668
7.39179
7.26919
7.14866
6.92761
6.81312
6.70078
6.59023
6.48146
6.37433
6.17613
6.07312
5.97166
5.87168
5.77292
5.67539
5.49465
5.40054
5.30756
5.2158
5.12503
5.0353
4.86897
4.7823
4.69659
4.61192
4.52814
4.4454
4.29196
4.21216
4.13331
4.0557
3.97916
3.90388
3.76494
3.69298
3.62293
3.55448
3.48785
3.42323
3.30791
3.16955
3.0128
2.87039
2.73669
2.61191
2.39743
2.29386
2.19654
2.10492
2.0187
1.93757
1.79758
1.72895
1.66394
1.60274
1.5444
1.48894
1.39264
1.3451
1.29979
1.25675
1.21588
1.17687
