-2.1359
-2.37283
-2.63352
-2.92623
-3.26111
-3.64257
-4.06751
-4.53205
-5.0357
-5.58217
-6.17983
-6.84371
-7.59816
-8.46841
-9.46264
-10.5706
-11.7836
-13.1024
-14.5401
-16.1215
-17.8947
-19.9281
-22.2903
-24.9942
-28.0134
-31.3378
-34.9823
-39.0059
-43.5107
-48.6779
-54.7743
-62.0549
-70.6612
-80.7214
-92.5109
-106.603
-123.959
-146.038
-174.794
-211.019
-248.645
-268.163
-239.51
-145.984
-6.77006
132.68
226.661
256.2
238.682
203.381
169.284
141.664
120.051
102.873
88.862
77.1902
67.406
59.2826
52.556
46.8806
41.9512
37.5583
33.59
29.9812
26.7171
23.8077
21.2823
19.1069
17.2034
15.4989
13.9462
12.5198
11.2072
10.0104
8.93894
8.00209
7.18568
6.4605
5.80295
5.19723
4.63529
4.11404
3.63781
3.13477
2.31157
1.77314
1.40006
1.13061
0.924907
0.766337
-2.13681
-2.37184
-2.37383
-2.63242
-2.63462
-2.92497
-2.92748
-3.25967
-3.26255
-3.64095
-3.6442
-4.06572
-4.0693
-4.53011
-4.534
-5.0336
-5.0378
-5.57988
-5.58446
-6.17731
-6.18235
-6.84089
-6.84655
-7.59491
-7.60141
-8.46466
-8.47217
-9.45841
-9.46687
-10.566
-10.5753
-11.7785
-11.7886
-13.0968
-13.1079
-14.534
-14.5461
-16.1148
-16.1282
-17.8871
-17.9023
-19.9193
-19.9369
-22.2802
-22.3005
-24.9827
-25.0056
-28.0007
-28.0262
-31.3239
-31.3518
-34.9669
-34.9976
-38.9888
-39.0229
-43.4914
-43.5299
-48.6555
-48.7003
-54.7476
-54.801
-62.0231
-62.0867
-70.6239
-70.6986
-80.678
-80.7651
-92.4594
-92.5623
-106.54
-106.665
-123.881
-124.037
-145.938
-146.138
-174.663
-174.925
-210.859
-211.177
-248.509
-248.781
-268.179
-268.148
-239.749
-239.27
-146.477
-145.49
-7.3662
-6.17384
132.194
133.165
226.415
226.906
256.192
256.207
238.803
238.561
203.528
203.233
169.409
169.159
141.762
141.566
120.128
119.974
102.935
102.811
88.9132
88.8109
77.2331
77.1474
67.4419
67.3702
59.3122
59.253
52.5806
52.5314
46.9017
46.8594
41.9698
41.9327
37.5751
37.5415
33.6052
33.5749
29.995
29.9674
26.7295
26.7047
23.8187
23.7968
21.2917
21.2729
19.1151
19.0988
17.2106
17.1962
15.5055
15.4924
13.9522
13.9402
12.5253
12.5143
11.2122
11.2021
10.015
10.0059
8.94297
8.93491
8.0056
7.99858
7.18875
7.18262
6.46327
6.45774
5.80549
5.80041
5.19957
5.19489
4.63747
4.63311
4.11605
4.11203
3.63961
3.636
3.13908
3.13046
2.3142
2.30894
1.77492
1.77137
1.40131
1.39881
1.13155
1.12967
0.925631
0.924184
0.766924
-2.14435
-2.36366
-2.38204
-2.62331
-2.64373
-2.91466
-2.93786
-3.24782
-3.27446
-3.62756
-3.65768
-4.051
-4.08407
-4.51409
-4.55008
-5.01626
-5.0552
-5.56103
-5.60338
-6.15658
-6.20317
-6.81762
-6.86995
-7.56816
-7.62832
-8.4338
-8.50319
-9.42357
-9.50187
-10.5275
-10.6138
-11.7366
-11.8307
-13.0514
-13.1535
-14.4842
-14.596
-16.0597
-16.1837
-17.8247
-17.9652
-19.847
-20.0096
-22.1966
-22.3845
-24.8879
-25.1003
-27.8959
-28.1314
-31.209
-31.4672
-34.8405
-35.1246
-38.8487
-39.1636
-43.3328
-43.6895
-48.4712
-48.8858
-54.5279
-55.0221
-61.7617
-62.35
-70.3167
-71.0077
-80.3192
-81.1254
-92.0365
-92.9885
-106.028
-107.182
-123.24
-124.685
-145.12
-146.971
-173.588
-176.013
-209.547
-212.433
-247.388
-249.894
-268.284
-268.111
-241.681
-237.216
-150.525
-141.418
-12.2458
-1.25171
128.157
137.144
224.353
228.723
256.104
256.245
239.795
237.544
204.745
202.02
170.441
168.135
142.575
140.762
120.768
119.341
103.447
102.303
89.3371
88.3902
77.5882
76.7954
67.739
67.0755
59.5569
59.01
52.7845
52.3291
47.0768
46.6851
42.1236
41.7787
37.7134
37.4033
33.7306
33.45
30.1092
29.8537
26.8321
26.6025
23.909
23.7072
21.3695
21.1956
19.1824
19.0319
17.2702
17.1369
15.5594
15.4387
14.0015
13.891
12.5706
12.469
11.2539
11.1606
10.0528
9.96823
8.97634
8.90173
8.03463
7.9697
7.21412
7.15713
6.48609
6.435
5.8264
5.77956
5.2189
5.17561
4.65545
4.61515
4.13263
4.0955
3.65456
3.62113
3.17468
3.09513
2.33608
2.28747
1.78963
1.75686
1.41168
1.38854
1.13933
1.12197
0.931632
0.918252
0.771785
-2.16774
-2.20107
-2.23482
-2.26893
-2.30349
-2.33857
-2.40753
-2.44395
-2.48099
-2.51858
-2.55666
-2.5954
-2.6721
-2.71277
-2.75413
-2.7962
-2.83926
-2.88314
-2.97026
-3.01657
-3.0639
-3.11215
-3.16136
-3.21163
-3.3115
-3.36475
-3.41871
-3.47368
-3.52961
-3.5866
-3.69936
-3.75897
-3.81938
-3.88066
-3.94297
-4.00589
-4.12993
-4.19529
-4.26151
-4.3285
-4.39628
-4.46496
-4.5999
-4.67098
-4.7427
-4.81529
-4.88873
-4.96308
-5.10914
-5.18598
-5.26387
-5.34259
-5.42244
-5.50319
-5.66219
-5.74592
-5.83087
-5.91704
-6.00443
-6.09301
-6.26785
-6.36043
-6.45454
-6.55023
-6.64735
-6.74639
-6.94274
-7.04705
-7.15361
-7.26236
-7.37351
-7.48651
-7.71209
-7.83226
-7.9551
-8.08063
-8.20866
-8.33952
-8.59975
-8.73793
-8.87881
-9.02213
-9.16818
-9.31696
-9.61068
-9.76564
-9.92337
-10.0832
-10.2451
-10.4097
-10.7335
-10.904
-11.0768
-11.2515
-11.4286
-11.6081
-11.961
-12.1464
-12.3345
-12.5245
-12.7169
-12.9119
-13.295
-13.4969
-13.7018
-13.909
-14.1186
-14.3315
-14.7509
-14.972
-15.197
-15.4249
-15.6559
-15.8908
-16.3561
-16.6025
-16.8534
-17.1091
-17.3695
-17.6343
-18.1602
-18.4407
-18.728
-19.0212
-19.3201
-19.6261
-20.2363
-20.5627
-20.8958
-21.2365
-21.5845
-21.9399
-22.6462
-23.022
-23.4051
-23.7954
-24.1932
-24.5974
-25.3958
-25.8185
-26.2489
-26.684
-27.1257
-27.5746
-28.4582
-28.9251
-29.398
-29.8775
-30.3636
-30.856
-31.8255
-32.3375
-32.8556
-33.3807
-33.9134
-34.4535
-35.5185
-36.0813
-36.6528
-37.2328
-37.8213
-38.4194
-39.6014
-40.2292
-40.8674
-41.5157
-42.1761
-42.848
-44.1872
-44.9003
-45.6278
-46.3712
-47.1316
-47.9094
-49.4647
-50.3022
-51.1576
-52.0343
-52.9357
-53.8586
-55.7114
-56.7102
-57.7331
-58.7829
-59.8604
-60.9639
-63.1718
-64.3563
-65.5703
-66.8134
-68.0831
-69.3806
-71.9719
-73.36
-74.7759
-76.2255
-77.7069
-79.2242
-82.2495
-83.8677
-85.5259
-87.2243
-88.9659
-90.7478
-94.3211
-96.2437
-98.2145
-100.24
-102.323
-104.469
-108.802
-111.145
-113.551
-116.043
-118.624
-121.292
-126.72
-129.677
-132.727
-135.909
-139.206
-142.62
-149.605
-153.43
-157.409
-161.531
-165.846
-170.316
-179.439
-184.358
-189.456
-194.733
-200.142
-205.639
-216.412
-222.088
-227.705
-233.247
-238.572
-243.793
-253.204
-257.352
-260.778
-263.724
-266.203
-267.836
-267.566
-266.151
-263.501
-259.479
-254.048
-247.267
-230.281
-219.453
-207.167
-193.66
-178.913
-162.765
-128.57
-109.528
-89.8835
-69.5994
-48.6627
-27.5131
13.9738
35.3784
56.2707
76.4835
96.2335
115.263
149.258
165.519
180.526
194.02
206.16
217.485
234.408
241.092
246.559
250.908
253.956
255.589
256.013
254.758
252.675
249.911
246.478
242.696
234.19
229.245
224.236
219.059
213.782
208.494
198.29
193.132
188.06
183.133
178.316
173.674
165.01
160.747
156.624
152.664
148.831
145.123
138.316
134.991
131.771
128.662
125.664
122.768
117.425
114.787
112.234
109.77
107.373
105.05
100.758
98.6226
96.5497
94.5342
92.571
90.661
87.1082
85.3378
83.6146
81.9342
80.2933
78.696
75.7211
74.2387
72.7919
71.3791
70.0044
68.6664
66.178
64.9435
63.7419
62.5721
61.4308
60.323
58.2682
57.2472
56.2513
55.2822
54.3377
53.4208
51.7095
50.8557
50.0189
49.2027
48.4049
47.6222
46.1556
45.4191
44.6967
43.9863
43.2883
42.6025
41.3092
40.6554
40.0126
39.3801
38.7573
38.1428
36.9809
36.3925
35.8126
35.2403
34.6763
34.1201
33.0664
32.5316
32.0039
31.4833
30.9699
30.4637
29.5052
29.0202
28.5423
28.071
27.6074
27.1512
26.2898
25.8538
25.4256
25.0062
24.5944
24.1907
23.433
23.0523
22.68
22.3161
21.9599
21.6119
20.96
20.6322
20.3121
19.9987
19.6923
19.3921
18.8276
18.5427
18.2638
17.9903
17.7205
17.4554
16.9556
16.7035
16.4536
16.2075
15.9652
15.7266
15.2742
15.0444
14.8178
14.5939
14.3728
14.1541
13.7401
13.5292
13.321
13.1154
12.9121
12.7113
12.33
12.1357
11.9442
11.7552
11.568
11.3832
11.0335
10.8558
10.6804
10.5081
10.3377
10.1701
9.85285
9.69262
9.53545
9.38111
9.22901
9.08011
8.80027
8.65939
8.52162
8.38674
8.25441
8.12477
7.88139
7.75895
7.63907
7.52173
7.40648
7.29311
7.07948
6.97186
6.86562
6.7611
6.65826
6.557
6.3653
6.26788
6.17194
6.07727
5.98376
5.89123
5.71564
5.62626
5.53798
5.45063
5.36416
5.27884
5.11636
5.03354
4.9516
4.87069
4.79046
4.71121
4.56019
4.48322
4.40717
4.33197
4.2576
4.1841
4.04479
3.97398
3.90421
3.83548
3.7676
3.70098
3.57597
3.51331
3.45226
3.3931
3.33581
3.28097
2.99378
2.86032
2.73548
2.61844
2.50854
2.40555
2.22295
2.13628
2.05461
1.97756
1.90465
1.83606
1.7131
1.65392
1.5977
1.544
1.4928
1.4442
1.35738
1.31496
1.27451
1.23594
1.19923
1.16374
1.09863
1.06671
1.03606
1.00655
0.977991
0.950493
0.900298
0.876391
0.853388
0.830814
0.808637
0.78692
