-2.79902
-3.01716
-3.25626
-3.51746
-3.80031
-4.10422
-4.42801
-4.7715
-5.13552
-5.52217
-5.93412
-6.37646
-6.8548
-7.37729
-7.952
-8.58435
-9.27581
-10.0242
-10.8274
-11.6832
-12.5928
-13.5603
-14.5909
-15.696
-16.89
-18.1926
-19.6263
-21.2107
-22.9586
-24.8692
-26.9388
-29.1624
-31.5402
-34.0821
-36.8082
-39.7455
-42.9412
-46.4459
-50.3471
-54.726
-59.6617
-65.2129
-71.4216
-78.3395
-86.052
-94.7094
-104.522
-115.802
-128.953
-144.428
-162.752
-184.009
-207.269
-229.756
-245.639
-246.15
-222.768
-172.343
-96.7727
-6.71238
83.6713
159.005
210.224
234.217
234.634
220.42
199.509
177.655
157.462
139.837
124.782
111.89
100.754
91.0359
82.4713
74.9028
68.1958
62.2835
57.085
52.4973
48.4081
44.7243
41.3623
38.2607
35.3805
32.6944
30.1879
27.854
25.694
23.7149
21.9161
20.2907
18.8168
17.4713
16.2295
15.0731
13.9899
12.9713
12.0124
11.1111
10.2684
9.48681
8.76817
8.11304
7.51649
6.96978
6.46515
5.99424
5.55161
5.13377
4.73774
4.36303
4.01002
3.68205
3.3866
2.81866
2.29273
1.89818
1.59439
1.3566
-2.80021
-3.01586
-3.01847
-3.25484
-3.25769
-3.51591
-3.51901
-3.79863
-3.80199
-4.10242
-4.10601
-4.42611
-4.42992
-4.76948
-4.77352
-5.13338
-5.13767
-5.51989
-5.52445
-5.93169
-5.93656
-6.37384
-6.37908
-6.85194
-6.85765
-7.37417
-7.38042
-7.94855
-7.95544
-8.58057
-8.58814
-9.27169
-9.27993
-10.0198
-10.0286
-10.8227
-10.8322
-11.6782
-11.6883
-12.5874
-12.5982
-13.5546
-13.566
-14.5848
-14.597
-15.6895
-15.7026
-16.8829
-16.8971
-18.1848
-18.2004
-19.6177
-19.635
-21.2012
-21.2202
-22.9482
-22.9691
-24.8578
-24.8806
-26.9265
-26.9511
-29.1493
-29.1755
-31.5261
-31.5542
-34.067
-34.0971
-36.7921
-36.8244
-39.7281
-39.7629
-42.922
-42.9603
-46.4248
-46.467
-50.3236
-50.3707
-54.6995
-54.7526
-59.6317
-59.6916
-65.1794
-65.2465
-71.3842
-71.4591
-78.2978
-78.3811
-86.0055
-86.0986
-94.6569
-94.7619
-104.461
-104.582
-115.733
-115.871
-128.871
-129.034
-144.331
-144.524
-162.639
-162.865
-183.882
-184.135
-207.133
-207.405
-229.638
-229.873
-245.585
-245.693
-246.207
-246.093
-222.976
-222.559
-172.703
-171.982
-97.2589
-96.2859
-7.24873
-6.17583
83.1861
84.156
158.629
159.38
210.014
210.434
234.159
234.275
234.679
234.589
220.528
220.313
199.636
199.381
177.776
177.534
157.57
157.353
139.93
139.744
124.861
124.703
111.959
111.822
100.813
100.695
91.0879
90.9839
82.5173
82.4254
74.9435
74.8622
68.2318
68.1598
62.3152
62.2519
57.1129
57.0571
52.522
52.4727
48.4302
48.386
44.7443
44.7042
41.3808
41.3439
38.2778
38.2436
35.3964
35.3647
32.7092
32.6796
30.2018
30.1741
27.8669
27.8412
25.7058
25.6821
23.7257
23.7041
21.9259
21.9063
20.2995
20.2819
18.8249
18.8087
17.4787
17.464
16.2363
16.2227
15.0795
15.0667
13.9959
13.9839
12.977
12.9657
12.0177
12.0071
11.1161
11.1061
10.273
10.2638
9.4911
9.48253
8.7721
8.76425
8.11661
8.10947
7.51974
7.51323
6.97277
6.96678
6.46793
6.46236
5.99685
5.99164
5.55407
5.54916
5.1361
5.13144
4.73994
4.73554
4.36511
4.36095
4.01198
4.00807
3.68384
3.68027
3.38818
3.38502
2.82221
2.81512
2.29531
2.29015
1.90013
1.89624
1.59592
1.59287
1.35782
-2.80886
-3.00642
-3.02795
-3.2445
-3.26807
-3.50465
-3.53031
-3.78652
-3.81417
-4.08944
-4.11904
-4.41232
-4.44376
-4.75487
-4.78819
-5.11788
-5.15322
-5.50341
-5.541
-5.91409
-5.95424
-6.35491
-6.39811
-6.83127
-6.8784
-7.35156
-7.40313
-7.92364
-7.98048
-8.5532
-8.61564
-9.24189
-9.30985
-9.98767
-10.0608
-10.7884
-10.8666
-11.6417
-11.7249
-12.5486
-12.6371
-13.5132
-13.6075
-14.5408
-14.6412
-15.6419
-15.7503
-16.8314
-16.9488
-18.1285
-18.257
-19.5555
-19.6975
-21.1323
-21.2894
-22.8725
-23.0452
-24.7756
-24.9631
-26.8378
-27.0402
-29.0543
-29.271
-31.4245
-31.6562
-33.9583
-34.2062
-36.6754
-36.9416
-39.602
-39.8896
-42.7838
-43.0987
-46.2723
-46.6205
-50.1534
-50.5421
-54.5077
-54.9456
-59.4155
-59.9092
-64.937
-65.4903
-71.1136
-71.7311
-77.9966
-78.684
-85.6691
-86.4384
-94.2771
-95.1441
-104.029
-105.023
-115.232
-116.376
-128.281
-129.628
-143.636
-145.226
-161.837
-163.684
-182.966
-185.061
-206.145
-208.389
-228.783
-230.716
-245.175
-246.066
-246.594
-245.59
-224.458
-221.013
-175.312
-169.331
-100.762
-92.7276
-11.1306
-2.2791
79.6535
87.6548
155.875
162.071
208.471
211.929
233.717
234.675
234.986
234.235
221.301
219.525
200.558
198.454
178.658
176.656
158.358
156.571
140.608
139.072
125.436
124.132
112.454
111.331
101.244
100.266
91.4662
90.6078
82.8516
82.0934
75.2395
74.568
68.4932
67.9001
62.5456
62.0233
57.3157
56.8557
52.7016
52.2941
48.591
48.226
44.8902
44.5591
41.5146
41.2106
38.4019
38.12
35.5117
35.2498
32.8169
32.5723
30.3022
30.074
27.9601
27.7483
25.7917
25.5966
23.8043
23.6259
21.9969
21.8357
20.3637
20.2179
18.8833
18.7505
17.5322
17.4107
16.2859
16.1732
15.1259
15.0205
14.0394
13.9406
13.018
12.9248
12.0563
11.9686
11.1523
11.07
10.3068
10.2301
9.52224
9.45154
8.8006
8.7359
8.14256
8.08372
7.5434
7.48967
6.99452
6.94513
6.48816
6.44222
6.01577
5.97278
5.57189
5.53139
5.15292
5.1146
4.75592
4.71961
4.38021
4.34589
4.02613
3.99396
3.69684
3.66734
3.39967
3.37361
2.84801
2.78976
2.31418
2.27155
1.91431
1.88222
1.60705
1.5819
1.36667
-2.8312
-2.86068
-2.89052
-2.92078
-2.9514
-2.98233
-3.05244
-3.0848
-3.11745
-3.15059
-3.18413
-3.2181
-3.29487
-3.33022
-3.36602
-3.40221
-3.43888
-3.47592
-3.55946
-3.59783
-3.63674
-3.67588
-3.71548
-3.75547
-3.84571
-3.88696
-3.92869
-3.9708
-4.0133
-4.05628
-4.15263
-4.19672
-4.24117
-4.28621
-4.33148
-4.37698
-4.47942
-4.52635
-4.57346
-4.62102
-4.66906
-4.7174
-4.82598
-4.87555
-4.92562
-4.97607
-5.02701
-5.07827
-5.1933
-5.24601
-5.29933
-5.35289
-5.40678
-5.46123
-5.58376
-5.63967
-5.6963
-5.7534
-5.81097
-5.86918
-5.99982
-6.05986
-6.12051
-6.18194
-6.24383
-6.30653
-6.4472
-6.51208
-6.57749
-6.64375
-6.71067
-6.77848
-6.93186
-7.0024
-7.07407
-7.14635
-7.21974
-7.29396
-7.46181
-7.53936
-7.61805
-7.6977
-7.77827
-7.86001
-8.04517
-8.1305
-8.21699
-8.30461
-8.39336
-8.48327
-8.68663
-8.78013
-8.87482
-8.97068
-9.06768
-9.16568
-9.38704
-9.48862
-9.59126
-9.69482
-9.7997
-9.90556
-10.1439
-10.2532
-10.3636
-10.4749
-10.5872
-10.7005
-10.9553
-11.0719
-11.1894
-11.308
-11.4276
-11.5483
-11.8192
-11.9432
-12.0682
-12.1942
-12.3213
-12.4495
-12.7373
-12.869
-13.0018
-13.1357
-13.2709
-13.4073
-13.7143
-13.8545
-13.9959
-14.1387
-14.2827
-14.428
-14.7553
-14.9054
-15.0569
-15.2099
-15.3646
-15.5208
-15.8732
-16.0348
-16.1981
-16.3633
-16.5304
-16.6998
-17.0823
-17.2579
-17.4358
-17.6162
-17.7991
-17.9848
-18.4033
-18.5964
-18.7922
-18.9907
-19.1924
-19.3966
-19.859
-20.0722
-20.2886
-20.5082
-20.7308
-20.9566
-21.4681
-21.7039
-21.9431
-22.1855
-22.4314
-22.6793
-23.2415
-23.5
-23.7616
-24.0266
-24.2945
-24.5654
-25.1763
-25.4573
-25.7412
-26.0281
-26.3178
-26.6112
-27.27
-27.5723
-27.8776
-28.1855
-28.4971
-28.8112
-29.5173
-29.8407
-30.1671
-30.4966
-30.8289
-31.1649
-31.9194
-32.2651
-32.6134
-32.9659
-33.3216
-33.6805
-34.488
-34.8581
-35.2321
-35.6108
-35.992
-36.377
-37.2445
-37.6428
-38.045
-38.4525
-38.864
-39.2797
-40.2172
-40.6485
-41.0856
-41.528
-41.9761
-42.4294
-43.456
-43.9276
-44.4064
-44.8927
-45.3852
-45.884
-47.0183
-47.5422
-48.0736
-48.6151
-49.1629
-49.7194
-50.9861
-51.572
-52.1688
-52.7765
-53.3934
-54.0195
-55.4461
-56.1073
-56.7797
-57.4636
-58.1589
-58.865
-60.4733
-61.2184
-61.9755
-62.7442
-63.5255
-64.3193
-66.1222
-66.9563
-67.8035
-68.6636
-69.5365
-70.4236
-72.4353
-73.3633
-74.3062
-75.2659
-76.2406
-77.2285
-79.4678
-80.5033
-81.5552
-82.6229
-83.7085
-84.8113
-87.3175
-88.4777
-89.6559
-90.8521
-92.0688
-93.31
-96.1362
-97.4464
-98.7784
-100.132
-101.514
-102.927
-106.156
-107.654
-109.18
-110.74
-112.334
-113.96
-117.687
-119.427
-121.207
-123.025
-124.882
-126.787
-131.173
-133.226
-135.313
-137.452
-139.633
-141.869
-147.049
-149.473
-151.956
-154.501
-157.1
-159.765
-165.805
-168.624
-171.543
-174.499
-177.517
-180.6
-187.485
-190.658
-193.869
-197.102
-200.357
-203.627
-210.898
-214.127
-217.328
-220.462
-223.539
-226.542
-232.766
-235.301
-237.748
-240.027
-242.16
-243.989
-246.893
-247.558
-247.945
-248.148
-247.917
-247.376
-244.12
-241.826
-239.046
-235.873
-232.18
-228.03
-216.847
-211.045
-204.569
-197.526
-189.847
-181.879
-162.262
-152.489
-142.276
-131.709
-120.801
-109.588
-83.397
-71.1482
-58.786
-46.2671
-33.851
-21.0493
7.63016
20.4317
33.1017
45.649
58.1485
70.4254
96.5221
107.693
118.536
129.013
139.092
148.579
168.752
177.085
184.893
191.835
198.221
204.117
215.596
219.958
223.618
227.056
229.97
232.377
235.558
236.341
236.528
236.563
236.246
235.636
233.221
231.678
229.856
227.781
225.572
223.226
217.446
214.654
211.768
208.836
205.896
202.909
196.114
193.016
189.949
186.914
183.915
180.936
174.411
171.515
168.65
165.838
163.082
160.398
154.574
152.019
149.526
147.09
144.704
142.368
137.366
135.186
133.057
130.969
128.932
126.931
122.681
120.822
118.99
117.2
115.446
113.741
110.076
108.464
106.888
105.352
103.846
102.364
99.1759
97.7789
96.4072
95.0627
93.743
92.4468
89.65
88.4203
87.2131
86.0293
84.8647
83.7187
81.249
80.1654
79.0998
78.049
77.0195
76.0065
73.8174
72.8532
71.9079
70.9797
70.0674
69.1712
67.2391
66.392
65.5579
64.7385
63.9341
63.1434
61.4417
60.6956
59.9626
59.2424
58.5352
57.8408
56.3431
55.6854
55.0391
54.4045
53.7791
53.1664
51.8389
51.2546
50.679
50.1126
49.5551
49.0064
47.8183
47.2943
46.7779
46.2674
45.7639
45.2673
44.1887
43.7116
43.2407
42.7749
42.3149
41.8604
40.8703
40.4314
39.9973
39.568
39.1428
38.7219
37.8043
37.3975
36.9948
36.5959
36.2006
35.8092
34.9562
34.577
34.2014
33.8291
33.4603
33.095
32.2983
31.9443
31.5938
31.2465
30.9024
30.5616
29.8182
29.488
29.1611
28.8376
28.5176
28.201
27.5105
27.2045
26.9019
26.6026
26.3067
26.0137
25.3785
25.0967
24.8189
24.5446
24.274
24.007
23.4262
23.1701
22.9175
22.6683
22.4227
22.1805
21.6554
21.4244
21.1959
20.9709
20.7487
20.5297
20.0547
19.845
19.6382
19.4346
19.2335
19.0345
18.602
18.4112
18.2227
18.0364
17.8523
17.6704
17.2748
17.0987
16.9246
16.7525
16.5823
16.4139
16.0467
15.8836
15.7216
15.5613
15.4028
15.2454
14.9022
14.7493
14.598
14.4479
14.299
14.1516
13.8294
13.6856
13.5434
13.4023
13.2624
13.1236
12.8201
12.685
12.5509
12.418
12.2863
12.1557
11.8704
11.7431
11.617
11.4922
11.3684
11.2457
10.9776
10.8587
10.7408
10.6241
10.5084
10.3938
10.1444
10.0337
9.92401
9.81556
9.7085
9.60262
9.3723
9.27023
9.16948
9.06982
8.97135
8.87423
8.66342
8.57028
8.47832
8.38753
8.29792
8.20953
8.01779
7.93296
7.84925
7.76666
7.68503
7.60447
7.42942
7.35187
7.27518
7.19941
7.1246
7.05066
6.88992
6.81862
6.74787
6.67801
6.60885
6.54031
6.39069
6.32428
6.25845
6.19323
6.12872
6.06452
5.9245
5.86228
5.80047
5.73908
5.67828
5.61788
5.48604
5.4271
5.36877
5.31089
5.25346
5.19642
5.07147
5.01582
4.96068
4.90582
4.85123
4.79712
4.67891
4.62619
4.57376
4.52185
4.47033
4.4192
4.30733
4.25752
4.20812
4.15915
4.11072
4.06262
3.95785
3.91141
3.8654
3.8198
3.77486
3.73046
3.63442
3.59197
3.55025
3.50918
3.46899
3.42953
3.34451
3.30733
3.20525
3.10359
3.00672
2.91524
2.72694
2.6481
2.57249
2.49995
2.43027
2.36357
2.2248
2.16607
2.10937
2.0547
2.00222
1.95159
1.84673
1.80191
1.7584
1.71621
1.67552
1.63621
1.55442
1.51952
1.48518
1.45218
1.42053
1.3898
