-2.11676
-2.48666
-2.92079
-3.44534
-4.07055
-4.79165
-5.61284
-6.56174
-7.69601
-9.08146
-10.7343
-12.6423
-14.8297
-17.3888
-20.4946
-24.3177
-28.8865
-34.1972
-40.3951
-47.8688
-57.2874
-69.3617
-84.6188
-104.082
-130.103
-166.059
-210.19
-232.347
-168.286
-6.57086
155.255
220.905
201.709
160.36
125.77
100.278
81.0619
66.242
54.8743
46.053
38.8816
32.8044
27.5903
23.2003
19.6248
16.7008
14.2204
12.0608
10.18
8.58538
7.27165
6.17458
5.22384
4.3823
3.64714
2.65321
1.7544
1.23453
0.905434
0.675959
-2.11767
-2.48561
-2.48771
-2.91953
-2.92204
-3.44382
-3.44685
-4.06878
-4.07233
-4.78962
-4.79368
-5.61052
-5.61515
-6.55902
-6.56445
-7.69271
-7.69931
-9.07744
-9.08547
-10.7296
-10.739
-12.6369
-12.6477
-14.8235
-14.8359
-17.3814
-17.3962
-20.4855
-20.5038
-24.3067
-24.3288
-28.8735
-28.8995
-34.1822
-34.2123
-40.3773
-40.4128
-47.8468
-47.8908
-57.2593
-57.3155
-69.3258
-69.3977
-84.5737
-84.6639
-104.023
-104.14
-130.022
-130.184
-165.948
-166.17
-210.078
-210.301
-232.372
-232.32
-168.608
-167.963
-7.0586
-6.08298
154.93
155.579
220.874
220.934
201.812
201.606
160.464
160.256
125.848
125.692
100.336
100.22
81.1062
81.0176
66.2762
66.2077
54.9005
54.8481
46.0739
46.0322
38.899
38.8643
32.8192
32.7896
27.603
27.5776
23.2108
23.1898
19.6332
19.6163
16.7079
16.6938
14.2265
14.2143
12.0661
12.0554
10.1846
10.1754
8.5892
8.58156
7.2748
7.2685
6.17726
6.1719
5.2262
5.22149
4.38439
4.38021
3.64891
3.64538
2.65636
2.65006
1.75617
1.75263
1.23559
1.23348
0.906149
0.90472
0.676487
-2.12679
-2.47516
-2.49821
-2.90703
-2.93464
-3.42868
-3.46208
-4.05103
-4.09016
-4.7694
-4.814
-5.58742
-5.63835
-6.53192
-6.59169
-7.65979
-7.73242
-9.03738
-9.12577
-10.6827
-10.7861
-12.5833
-12.7016
-14.7616
-14.8981
-17.3079
-17.4702
-20.3948
-20.5951
-24.1962
-24.4398
-28.7437
-29.0299
-34.0318
-34.3634
-40.2
-40.5913
-47.6281
-48.1112
-56.9796
-57.5976
-68.9691
-69.7578
-84.1241
-85.1167
-103.436
-104.73
-129.218
-130.986
-164.843
-167.281
-208.973
-211.414
-232.601
-232.028
-171.791
-164.696
-11.929
-1.22919
151.653
158.788
220.5
221.13
202.834
200.57
161.508
159.217
126.632
124.915
100.916
99.6443
81.5514
80.5761
66.6202
65.8669
55.1634
54.5876
46.2829
45.8249
39.0729
38.6913
32.968
32.6415
27.7301
27.4512
23.3159
23.0856
19.718
19.532
16.7786
16.6234
14.2874
14.1536
12.1195
12.0023
10.2306
10.1296
8.62752
8.54346
7.3064
7.23715
6.2041
6.14518
5.24979
5.19799
4.40529
4.35937
3.66662
3.62778
2.68812
2.61886
1.77399
1.7351
1.24624
1.223
0.913344
0.897622
0.681788
-2.16127
-2.21399
-2.26786
-2.32275
-2.37889
-2.43635
-2.53797
-2.59914
-2.66203
-2.72649
-2.79265
-2.86075
-2.98234
-3.05594
-3.13178
-3.20977
-3.29
-3.37262
-3.51972
-3.60849
-3.69931
-3.79237
-3.88774
-3.98518
-4.15751
-4.26067
-4.36598
-4.47324
-4.58261
-4.69418
-4.8907
-5.00804
-5.12782
-5.24993
-5.37458
-5.50164
-5.72616
-5.86066
-5.99833
-6.13928
-6.28355
-6.43163
-6.69488
-6.85403
-7.01786
-7.18593
-7.3593
-7.538
-7.8579
-8.05207
-8.25221
-8.45834
-8.67058
-8.88912
-9.27803
-9.51246
-9.753
-9.99893
-10.2508
-10.5086
-10.964
-11.2366
-11.5151
-11.799
-12.0884
-12.3841
-12.9051
-13.217
-13.5359
-13.8609
-14.1929
-14.5322
-15.1331
-15.4943
-15.8655
-16.2452
-16.6346
-17.0358
-17.751
-18.1849
-18.632
-19.0925
-19.5686
-20.0598
-20.9413
-21.4763
-22.029
-22.5981
-23.1839
-23.7872
-24.8603
-25.508
-26.1725
-26.8525
-27.5487
-28.2616
-29.5229
-30.2791
-31.0522
-31.8421
-32.6491
-33.4739
-34.9349
-35.814
-36.7121
-37.632
-38.5756
-39.5435
-41.2685
-42.3111
-43.3873
-44.4937
-45.637
-46.8187
-48.9474
-50.2442
-51.5916
-52.9906
-54.4401
-55.9477
-58.672
-60.3408
-62.0722
-63.8688
-65.7286
-67.654
-71.1242
-73.2388
-75.4268
-77.6955
-80.037
-82.4647
-86.8386
-89.5135
-92.2894
-95.1748
-98.173
-101.287
-106.974
-110.487
-114.161
-118.006
-122.047
-126.272
-134.053
-138.897
-143.993
-149.322
-154.941
-160.802
-171.489
-177.968
-184.585
-191.307
-198.063
-204.714
-215.475
-221.039
-225.835
-229.734
-232.188
-232.989
-230.393
-225.821
-218.377
-209.396
-197.619
-183.073
-151.89
-130.617
-107.714
-82.9188
-56.7428
-29.9419
16.7113
43.702
69.9609
94.7015
117.686
138.545
170.161
184.865
197.101
206.804
213.878
218.475
221.833
221.296
219.32
215.899
211.609
206.552
196.616
190.483
184.14
177.805
171.6
165.484
155.379
149.762
144.42
139.26
134.327
129.632
122.064
117.932
113.984
110.197
106.578
103.125
97.5223
94.4373
91.4795
88.6241
85.8835
83.2466
78.9476
76.571
74.2854
72.0824
69.9653
67.9291
64.6113
62.7835
61.0287
59.3409
57.7216
56.1646
53.6248
52.2212
50.8652
49.5576
48.2954
47.0731
45.0581
43.9326
42.8396
41.776
40.74
39.7301
38.0503
37.1053
36.1807
35.2777
34.3945
33.531
32.0921
31.2801
30.4859
29.7096
28.9513
28.2116
26.9825
26.2919
25.6204
24.9665
24.3313
23.7147
22.6999
22.1331
21.5849
21.0544
20.5397
20.0412
19.2194
18.7599
18.314
17.8807
17.4584
17.0462
16.3627
15.9775
15.601
15.2324
14.8716
14.518
13.9282
13.5939
13.2664
12.9451
12.6297
12.321
11.805
11.5127
11.2264
10.9464
10.6724
10.4049
9.95977
9.70922
9.46532
9.22789
8.99687
8.77278
8.40253
8.1955
7.99477
7.79986
7.61013
7.42604
7.12104
6.95002
6.78315
6.62041
6.46126
6.30551
6.04598
5.89902
5.75504
5.61374
5.47489
5.33879
5.11059
4.9808
4.85331
4.72802
4.60495
4.4842
4.28194
4.16705
4.05475
3.94494
3.83793
3.73395
3.56285
3.46847
3.37812
3.24788
3.01746
2.81239
2.50636
2.34914
2.20594
2.07428
1.95322
1.84286
1.67167
1.58288
1.50093
1.42435
1.35355
1.28748
1.18502
1.13044
1.07893
1.03043
0.984669
0.941004
0.872594
0.83637
0.801165
0.767103
0.733987
0.702023
