-2.28761
-2.57077
-2.89132
-3.26055
-3.68467
-4.16196
-4.68924
-5.26768
-5.90501
-6.61743
-7.43064
-8.37552
-9.46717
-10.7001
-12.0664
-13.5717
-15.2379
-17.1122
-19.2692
-21.7913
-24.7219
-28.0502
-31.7655
-35.8993
-40.5392
-45.8607
-52.1346
-59.6916
-68.7843
-79.6001
-92.4821
-108.146
-127.817
-153.274
-185.939
-222.668
-247.417
-228.417
-143.284
-6.71238
130.018
215.999
236.084
213.831
179.48
148.352
123.683
104.332
88.8302
76.1361
65.6732
57.1129
50.0808
44.1664
39.036
34.4857
30.4099
26.7703
23.5748
20.8299
18.4829
16.4426
14.6253
12.9826
11.4904
10.144
8.95081
7.91613
7.02086
6.23256
5.52222
4.87343
4.27832
3.73984
3.22857
2.3005
1.71732
1.32555
1.04994
0.844841
-2.28858
-2.56969
-2.57186
-2.89009
-2.89256
-3.25912
-3.26198
-3.68304
-3.68629
-4.16015
-4.16378
-4.68725
-4.69123
-5.26548
-5.26987
-5.90259
-5.90743
-6.61469
-6.62016
-7.42749
-7.4338
-8.37185
-8.3792
-9.46296
-9.47137
-10.6954
-10.7048
-12.0612
-12.0715
-13.566
-13.5774
-15.2315
-15.2442
-17.105
-17.1194
-19.2608
-19.2776
-21.7815
-21.8012
-24.7106
-24.7332
-28.0375
-28.0629
-31.7514
-31.7797
-35.8835
-35.9151
-40.5213
-40.557
-45.84
-45.8814
-52.1098
-52.1595
-59.6617
-59.7215
-68.7485
-68.8202
-79.5577
-79.6426
-92.4311
-92.5331
-108.084
-108.209
-127.736
-127.898
-153.169
-153.379
-185.809
-186.069
-222.542
-222.794
-247.392
-247.443
-228.597
-228.235
-143.707
-142.86
-7.24873
-6.17583
129.595
130.44
215.81
216.187
236.108
236.059
213.951
213.711
179.602
179.358
148.452
148.251
123.761
123.604
104.394
104.27
88.8808
88.7796
76.1776
76.0946
65.7074
65.639
57.1408
57.085
50.1039
50.0576
44.1862
44.1466
39.0534
39.0186
34.5012
34.4701
30.4238
30.396
26.7827
26.758
23.5855
23.5641
20.8391
20.8208
18.4907
18.475
16.4495
16.4357
14.6315
14.6191
12.9883
12.977
11.4956
11.4853
10.1485
10.1394
8.95484
8.94679
7.9196
7.91266
7.02388
7.01785
6.23525
6.22987
5.52466
5.51978
4.87567
4.87118
4.28037
4.27626
3.74167
3.73802
3.23292
3.22424
2.30309
2.2979
1.71903
1.71562
1.32673
1.32438
1.05079
1.04909
0.845476
-2.29682
-2.56051
-2.58108
-2.87959
-2.90311
-3.24699
-3.27417
-3.66922
-3.70017
-4.14475
-4.17922
-4.67035
-4.7082
-5.24688
-5.28856
-5.88206
-5.92805
-6.5915
-6.64347
-7.40077
-7.4607
-8.3407
-8.41052
-9.42733
-9.50716
-10.6556
-10.7448
-12.0173
-12.1156
-13.5174
-13.6261
-15.1776
-15.2984
-17.0438
-17.1808
-19.1895
-19.3492
-21.6981
-21.8851
-24.6148
-24.8295
-27.9298
-28.1711
-31.6316
-31.8999
-35.7498
-36.0493
-40.3701
-40.7089
-45.6648
-46.058
-51.8998
-52.3712
-59.4081
-59.977
-68.4451
-69.1257
-79.1986
-80.0048
-91.9991
-92.9687
-107.553
-108.745
-127.055
-128.586
-152.281
-154.275
-184.704
-187.176
-221.466
-223.871
-247.154
-247.584
-230.091
-226.656
-147.308
-139.223
-11.7987
-1.60607
125.976
134.007
214.174
217.75
236.295
235.843
214.955
212.7
180.642
178.323
149.311
147.401
124.427
122.942
104.923
103.745
89.3121
88.3512
76.5318
75.7429
65.9992
65.3495
57.3789
56.8487
50.3014
49.8615
44.3548
43.9788
39.2018
38.871
34.6334
34.3384
30.5424
30.278
26.8879
26.6533
23.6771
23.4731
20.917
20.7433
18.5577
18.4084
16.5084
16.377
14.6845
14.5663
13.0364
12.929
11.5392
11.4418
10.1875
10.1005
8.98912
8.91272
7.94914
7.88327
7.04959
6.99226
6.25818
6.20703
5.54547
5.49906
4.89478
4.85212
4.29785
4.25885
3.75722
3.72257
3.27018
3.18771
2.32534
2.27602
1.73366
1.7012
1.33678
1.31446
1.05808
1.04189
0.850884
-2.32411
-2.36408
-2.40472
-2.44599
-2.4879
-2.53059
-2.61171
-2.65672
-2.70252
-2.74919
-2.79682
-2.84537
-2.93816
-2.98973
-3.04247
-3.09629
-3.15128
-3.20748
-3.31464
-3.3742
-3.43494
-3.49682
-3.55985
-3.62413
-3.74612
-3.81358
-3.88217
-3.95182
-4.02255
-4.09445
-4.23031
-4.30521
-4.38114
-4.45801
-4.53596
-4.61501
-4.76434
-4.84647
-4.92967
-5.01397
-5.09953
-5.18617
-5.35023
-5.44041
-5.53198
-5.62483
-5.71921
-5.81503
-5.99638
-6.09667
-6.19886
-6.3029
-6.40837
-6.51584
-6.72068
-6.8344
-6.95051
-7.06916
-7.19001
-7.3137
-7.55016
-7.68204
-7.81672
-7.95441
-8.09517
-8.23928
-8.5145
-8.66749
-8.8237
-8.98302
-9.14539
-9.31109
-9.62578
-9.7997
-9.97685
-10.1567
-10.3396
-10.5255
-10.877
-11.0707
-11.2673
-11.4666
-11.6686
-11.8739
-12.2614
-12.4745
-12.6912
-12.9105
-13.133
-13.359
-13.787
-14.0223
-14.2615
-14.5041
-14.7507
-15.0018
-15.4778
-15.7411
-16.0093
-16.282
-16.5599
-16.8442
-17.385
-17.6859
-17.9937
-18.3076
-18.6285
-18.9573
-19.5872
-19.9378
-20.2972
-20.6649
-21.0416
-21.4266
-22.1639
-22.5739
-22.9932
-23.4208
-23.8569
-24.3023
-25.1487
-25.6179
-26.0959
-26.5815
-27.0753
-27.578
-28.5304
-29.0559
-29.5892
-30.1311
-30.6812
-31.2402
-32.2985
-32.8819
-33.4753
-34.0777
-34.6898
-35.3125
-36.4943
-37.1466
-37.8108
-38.4877
-39.1764
-39.8771
-41.2143
-41.9575
-42.718
-43.4915
-44.2822
-45.0932
-46.6462
-47.515
-48.4055
-49.3187
-50.256
-51.2185
-53.0765
-54.1173
-55.1877
-56.2888
-57.421
-58.5845
-60.8278
-62.0857
-63.3768
-64.7028
-66.0625
-67.4583
-70.1419
-71.6419
-73.1772
-74.7528
-76.3724
-78.0294
-81.2106
-82.9902
-84.8189
-86.6953
-88.6224
-90.5996
-94.4188
-96.5669
-98.7737
-101.045
-103.399
-105.83
-110.534
-113.201
-115.961
-118.819
-121.784
-124.856
-130.887
-134.316
-137.869
-141.549
-145.409
-149.414
-157.272
-161.74
-166.314
-171.098
-176.043
-181.166
-190.833
-196.2
-201.626
-207.094
-212.534
-217.871
-227.311
-232.012
-236.244
-240.122
-243.494
-245.981
-248.046
-247.948
-246.811
-244.048
-239.928
-234.577
-220.967
-211.618
-200.608
-187.98
-174.088
-158.845
-126.874
-108.3
-88.7072
-68.3119
-47.5602
-26.6506
13.2141
34.399
55.2867
75.7044
95.2238
113.727
145.25
160.825
175.109
187.957
198.791
208.425
222.442
228.021
232.302
234.905
236.379
236.568
234.917
232.802
229.943
226.413
222.515
218.162
209.347
204.435
199.344
194.215
189.101
184.079
174.942
170.122
165.417
160.885
156.477
152.184
144.647
140.784
137.056
133.463
129.997
126.655
120.797
117.768
114.85
112.047
109.326
106.685
102.041
99.6426
97.3142
95.0581
92.8722
90.7482
86.963
85.0077
83.1046
81.2564
79.4603
77.7112
74.6
72.9814
71.4121
69.8874
68.4074
66.9699
64.4106
63.0868
61.8025
60.556
59.3456
58.1711
56.0819
54.9995
53.9483
52.9265
51.9302
50.9592
49.224
48.3225
47.4411
46.5808
45.7381
44.9146
43.4326
42.6558
41.8946
41.1472
40.4134
39.6929
38.3898
37.7032
37.0293
36.3658
35.7131
35.0716
33.9081
33.2941
32.6901
32.0959
31.5112
30.9354
29.8924
29.3427
28.8022
28.2714
27.7499
27.237
26.3122
25.8256
25.35
24.8839
24.427
23.9807
23.1774
22.7578
22.3484
21.9484
21.5571
21.1759
20.4912
20.1336
19.7838
19.4426
19.1081
18.7802
18.1914
17.8825
17.58
17.2831
16.9911
16.7039
16.1855
15.9121
15.6427
15.378
15.1169
14.8601
14.3937
14.147
13.9044
13.6647
13.4284
13.1956
12.7724
12.5481
12.3275
12.1099
11.8952
11.6836
11.2997
11.0966
10.8971
10.7008
10.5072
10.3171
9.9734
9.79227
9.615
9.44109
9.27023
9.10301
8.80178
8.64414
8.49001
8.33916
8.19146
8.04725
7.78768
7.65167
7.51877
7.38838
7.26027
7.13489
6.90887
6.79001
6.67328
6.55848
6.44527
6.3341
6.13244
6.02596
5.92087
5.81737
5.7152
5.6144
5.43121
5.33411
5.23835
5.14376
5.05019
4.95796
4.78979
4.70077
4.61277
4.52601
4.44034
4.35565
4.20193
4.12059
4.04071
3.96209
3.88469
3.80885
3.67233
3.60106
3.53171
3.46438
3.39911
3.33576
3.07172
2.91616
2.7725
2.63985
2.51616
2.40061
2.2063
2.11051
2.02053
1.93628
1.85758
1.78299
1.655
1.59158
1.53228
1.47506
1.4215
1.3706
1.28261
1.2386
1.19709
1.15737
1.11914
1.08251
1.0187
0.985999
0.95454
0.924385
0.895525
0.868837
