-1.78093
-2.08333
-2.42254
-2.81378
-3.28197
-3.84161
-4.4865
-5.2132
-6.03503
-6.9855
-8.12876
-9.5143
-11.1313
-12.9669
-15.0484
-17.4591
-20.3601
-23.9172
-28.1373
-32.9909
-38.5613
-45.1055
-53.1532
-63.401
-76.3094
-92.4087
-113.062
-141.038
-180.309
-228.008
-249.518
-177.616
-6.63449
164.596
237.273
218.769
174.1
136.619
109.208
88.7476
72.8977
60.5552
51.0404
43.4614
37.1067
31.6164
26.8466
22.8053
19.5041
16.7803
14.4422
12.3837
10.5642
8.99229
7.68384
6.59491
5.65381
4.81676
4.06594
3.41481
2.3436
1.61606
1.17524
0.882463
0.671952
-1.78174
-2.08243
-2.08423
-2.42153
-2.42356
-2.81258
-2.81498
-3.28052
-3.28342
-3.83991
-3.84331
-4.48457
-4.48842
-5.21103
-5.21537
-6.03257
-6.0375
-6.9826
-6.98841
-8.12521
-8.1323
-9.51006
-9.51853
-11.1264
-11.1361
-12.9614
-12.9724
-15.0421
-15.0547
-17.4518
-17.4665
-20.351
-20.3691
-23.9062
-23.9281
-28.1245
-28.15
-32.9763
-33.0055
-38.5445
-38.5782
-45.0853
-45.1257
-53.1279
-53.1786
-63.3686
-63.4335
-76.269
-76.3498
-92.358
-92.4595
-112.996
-113.129
-140.946
-141.131
-180.181
-180.437
-227.883
-228.134
-249.563
-249.473
-177.984
-177.248
-7.16459
-6.10379
164.222
164.968
237.226
237.319
218.885
218.654
174.221
173.979
136.708
136.529
109.274
109.143
88.798
88.6973
72.937
72.8584
60.5855
60.5248
51.064
51.0169
43.4808
43.4421
37.1232
37.0901
31.6308
31.602
26.859
26.8342
22.8156
22.795
19.5125
19.4957
16.7873
16.7732
14.4484
14.4361
12.3892
12.3783
10.5689
10.5594
8.99634
8.98824
7.68717
7.68052
6.59775
6.59208
5.65631
5.65132
4.81899
4.81453
4.06793
4.06395
3.41644
3.41318
2.34626
2.34094
1.61761
1.61451
1.17623
1.17426
0.883116
0.881811
0.67248
-1.78961
-2.07368
-2.093
-2.41164
-2.43349
-2.80096
-2.82669
-3.26646
-3.29757
-3.82338
-3.85992
-4.46583
-4.50724
-5.18997
-5.23652
-6.00855
-6.06156
-6.95435
-7.01686
-8.09073
-8.16701
-9.46886
-9.55995
-11.0792
-11.1836
-12.9081
-13.026
-14.9812
-15.1159
-17.3801
-17.5386
-20.2632
-20.4576
-23.7996
-24.0354
-28.0004
-28.2746
-32.8345
-33.148
-38.3808
-38.7429
-44.8889
-45.3235
-52.8798
-53.4269
-63.0536
-63.751
-75.8768
-76.7447
-91.8651
-92.9561
-112.352
-113.779
-140.046
-142.039
-178.937
-181.693
-226.647
-229.342
-249.96
-248.992
-181.518
-173.606
-12.3883
-0.87678
160.53
168.511
236.724
237.725
220.006
217.528
175.408
172.803
137.589
135.654
109.914
108.508
89.2909
88.2086
73.3215
72.4763
60.8829
60.2303
51.2949
50.7868
43.6703
43.2538
37.2853
36.929
31.7719
31.4618
26.9805
26.7134
22.9163
22.6951
19.5943
19.4142
16.8562
16.7048
14.5084
14.3763
12.4424
12.3253
10.6156
10.513
9.03596
8.94897
7.71974
7.64816
6.62538
6.56457
5.68063
5.62711
4.84076
4.79284
4.08736
4.04458
3.43242
3.39737
2.37252
2.31524
1.63287
1.59954
1.18588
1.16472
0.889497
0.875467
0.677646
-1.81835
-1.86169
-1.90574
-1.95054
-1.99601
-2.04222
-2.12503
-2.1734
-2.22265
-2.27286
-2.324
-2.37609
-2.46987
-2.52507
-2.58153
-2.63938
-2.69858
-2.75936
-2.8697
-2.93514
-3.00244
-3.0717
-3.14279
-3.21613
-3.34932
-3.42824
-3.50916
-3.59229
-3.67723
-3.76411
-3.92065
-4.0126
-4.10641
-4.20196
-4.29924
-4.3983
-4.57604
-4.67999
-4.78573
-4.89336
-5.00277
-5.11413
-5.3139
-5.43095
-5.55014
-5.6719
-5.79568
-5.9222
-6.1497
-6.28381
-6.42099
-6.56145
-6.70548
-6.85312
-7.12136
-7.28087
-7.44501
-7.614
-7.78822
-7.9674
-8.29458
-8.48894
-8.68852
-8.89405
-9.10474
-9.32084
-9.71133
-9.94116
-10.176
-10.4158
-10.6602
-10.9095
-11.3569
-11.619
-11.886
-12.1579
-12.4345
-12.7161
-13.2217
-13.5177
-13.8199
-14.1279
-14.442
-14.7625
-15.3399
-15.6795
-16.0268
-16.3828
-16.748
-17.1225
-17.8028
-18.206
-18.6222
-19.0518
-19.4933
-19.9491
-20.7823
-21.2787
-21.7908
-22.3172
-22.8596
-23.4168
-24.4283
-25.0256
-25.6365
-26.2625
-26.9019
-27.555
-28.7302
-29.4209
-30.1256
-30.8445
-31.5775
-32.3247
-33.669
-34.4588
-35.2643
-36.0886
-36.9306
-37.7914
-39.3468
-40.2664
-41.2067
-42.1718
-43.1664
-44.1868
-46.0506
-47.159
-48.3044
-49.4928
-50.7241
-51.9983
-54.3432
-55.7509
-57.2121
-58.7296
-60.3011
-61.9289
-64.9185
-66.7081
-68.5576
-70.463
-72.4358
-74.4743
-78.1975
-80.4255
-82.7222
-85.1008
-87.5618
-90.107
-94.7834
-97.5943
-100.524
-103.558
-106.736
-110.062
-116.19
-119.936
-123.869
-127.994
-132.313
-136.865
-145.403
-150.664
-156.181
-161.975
-168.121
-174.503
-186.346
-193.407
-200.554
-207.828
-215.093
-222.089
-233.615
-239.325
-244.158
-247.652
-250.072
-250.775
-246.586
-241.118
-233.308
-222.758
-209.569
-193.587
-159.728
-137.177
-112.863
-87.1092
-59.7979
-31.4356
18.347
46.5052
73.8211
99.7964
124.007
146.574
180.773
196.802
210.01
220.39
228.735
234.229
238.636
238.53
236.69
233.499
229.117
223.936
213.288
206.689
199.939
193.053
186.395
179.776
168.624
162.562
156.761
151.247
145.936
140.856
132.553
128.14
123.905
119.866
115.989
112.297
106.235
102.962
99.8106
96.7983
93.9007
91.1046
86.4655
83.9437
81.5128
79.1697
76.915
74.7379
71.1128
69.1443
67.2486
65.4238
63.6689
61.979
59.181
57.6618
56.2056
54.8016
53.4502
52.1448
49.9666
48.7784
47.6241
46.5056
45.4217
44.3658
42.5794
41.5939
40.6322
39.693
38.7753
37.8775
36.3508
35.5046
34.6754
33.8626
33.0673
32.287
30.9583
30.2204
29.4982
28.7912
28.0999
27.425
26.2797
25.6479
25.0326
24.4338
23.8514
23.2861
22.3372
21.818
21.3146
20.826
20.3532
19.8949
19.1228
18.6985
18.2861
17.8829
17.4911
17.1083
16.4586
16.0982
15.7451
15.3991
15.0604
14.7279
14.161
13.8447
13.5345
13.2297
12.9304
12.6367
12.1345
11.8547
11.58
11.3101
11.0457
10.7866
10.346
10.1014
9.86276
9.62965
9.40267
9.1812
8.80792
8.60296
8.40378
8.21032
8.02205
7.83943
7.53212
7.36284
7.19795
7.03696
6.87989
6.72651
6.46593
6.32138
6.17947
6.04007
5.90349
5.76938
5.53998
5.412
5.28607
5.16204
5.04012
4.9202
4.71472
4.59978
4.48669
4.37537
4.266
4.15846
3.97505
3.87342
3.77383
3.67641
3.58233
3.4914
3.34166
3.20584
2.99161
2.80237
2.62942
2.47131
2.22531
2.10011
1.9849
1.87879
1.78119
1.69018
1.54646
1.47183
1.40302
1.33844
1.278
1.22163
1.13088
1.0827
1.03718
0.99407
0.953072
0.914232
0.852733
0.819643
0.787474
0.756199
0.725873
0.696673
