-2.78786
-3.00464
-3.24304
-3.50412
-3.78738
-4.09138
-4.41498
-4.75771
-5.1206
-5.50519
-5.91462
-6.35309
-6.82738
-7.34575
-7.91751
-8.54893
-9.24064
-9.98984
-10.7927
-11.6477
-12.5547
-13.5175
-14.5428
-15.6393
-16.8223
-18.113
-19.5364
-21.1155
-22.8621
-24.7757
-26.8466
-29.0693
-31.4429
-33.9783
-36.691
-39.6129
-42.7838
-46.267
-50.1446
-54.5166
-59.4658
-65.0494
-71.31
-78.2955
-86.1011
-94.8844
-104.885
-116.439
-129.991
-146.2
-165.661
-188.818
-215.128
-241.683
-261.925
-266.22
-244.035
-189.906
-106.741
-6.68984
93.0839
176.678
231.207
254.2
251.149
232.224
207.37
182.656
160.527
141.774
125.954
112.603
101.162
91.2252
82.5177
74.8338
68.0528
62.1026
56.8906
52.3146
48.2461
44.5839
41.2374
38.1493
35.2762
32.5956
30.0888
27.7529
25.5902
23.6095
21.8167
20.2008
18.7398
17.4056
16.174
15.0248
13.9471
12.9318
11.9749
11.0739
10.2306
9.44791
8.73033
8.07778
7.4855
6.94366
6.4428
5.97516
5.53501
5.11845
4.72362
4.34916
3.99593
3.66734
3.37058
2.7998
2.27467
1.88366
1.58466
1.34957
-2.78904
-3.00334
-3.00594
-3.24161
-3.24446
-3.50256
-3.50568
-3.7857
-3.78906
-4.08959
-4.09318
-4.41308
-4.41688
-4.75569
-4.75972
-5.11847
-5.12274
-5.50292
-5.50746
-5.9122
-5.91704
-6.35048
-6.35569
-6.82455
-6.83021
-7.34264
-7.34886
-7.91408
-7.92094
-8.54514
-8.55271
-9.23651
-9.24476
-9.98541
-9.99428
-10.7879
-10.7974
-11.6426
-11.6527
-12.5494
-12.5601
-13.5118
-13.5232
-14.5367
-14.5489
-15.6328
-15.6458
-16.8153
-16.8294
-18.1053
-18.1208
-19.5279
-19.545
-21.106
-21.125
-22.8516
-22.8726
-24.7643
-24.7871
-26.8343
-26.8588
-29.0561
-29.0824
-31.4289
-31.4569
-33.9633
-33.9932
-36.675
-36.7071
-39.5955
-39.6303
-42.7648
-42.8027
-46.246
-46.288
-50.1211
-50.1681
-54.4901
-54.5431
-59.4357
-59.4959
-65.0155
-65.0832
-71.2723
-71.3478
-78.2534
-78.3376
-86.0539
-86.1483
-94.8309
-94.9378
-104.824
-104.946
-116.368
-116.511
-129.906
-130.075
-146.098
-146.301
-165.54
-165.781
-188.676
-188.96
-214.972
-215.284
-241.542
-241.824
-261.843
-262.007
-266.267
-266.173
-244.254
-243.816
-190.299
-189.512
-107.276
-106.205
-7.28271
-6.09686
92.5437
93.6238
176.275
177.08
230.988
231.425
254.148
254.251
251.225
251.072
232.358
232.09
207.515
207.225
182.792
182.52
160.644
160.41
141.872
141.676
126.037
125.872
112.673
112.532
101.223
101.102
91.2783
91.172
82.5644
82.471
74.875
74.7926
68.0891
68.0165
62.1344
62.0708
56.9186
56.8627
52.3392
52.2901
48.2681
48.2242
44.6038
44.5639
41.2558
41.219
38.1663
38.1323
35.2921
35.2604
32.6104
32.5808
30.1026
30.075
27.7658
27.7401
25.602
25.5783
23.6202
23.5987
21.8264
21.807
20.2096
20.1921
18.7478
18.7318
17.4129
17.3983
16.1808
16.1672
15.0311
15.0184
13.9531
13.9411
12.9374
12.9262
11.9803
11.9696
11.0789
11.0689
10.2353
10.226
9.4522
9.44362
8.73424
8.72641
8.08133
8.07424
7.48873
7.48227
6.94663
6.94069
6.44556
6.44004
5.97775
5.97258
5.53746
5.53257
5.12077
5.11613
4.72582
4.72143
4.35124
4.34708
3.99788
3.99397
3.66914
3.66554
3.37216
3.36899
2.8033
2.7963
2.27724
2.2721
1.88559
1.88173
1.58617
1.58316
1.35077
-2.79764
-2.99395
-3.01539
-3.23129
-3.25483
-3.49129
-3.51699
-3.77356
-3.80126
-4.07661
-4.10621
-4.39929
-4.4307
-4.7411
-4.77437
-5.10303
-5.13823
-5.48652
-5.52392
-5.8947
-5.9346
-6.33166
-6.37459
-6.80409
-6.85078
-7.32017
-7.37145
-7.8893
-7.94584
-8.51779
-8.5802
-9.20667
-9.27472
-9.9533
-10.0265
-10.7537
-10.8318
-11.6062
-11.6893
-12.5108
-12.5988
-13.4708
-13.5644
-14.4929
-14.5929
-15.5858
-15.693
-16.7643
-16.8805
-18.0494
-18.177
-19.466
-19.6071
-21.0373
-21.1941
-22.776
-22.9486
-24.682
-24.8697
-26.7455
-26.948
-28.961
-29.1778
-31.3275
-31.5586
-33.855
-34.102
-36.5587
-36.8238
-39.4701
-39.7564
-42.628
-42.9403
-46.0943
-46.4404
-49.9514
-50.339
-54.2984
-54.7361
-59.2184
-59.7146
-64.7709
-65.3291
-70.9993
-71.6224
-77.9491
-78.6437
-85.7127
-86.4914
-94.4448
-95.3258
-104.383
-105.39
-115.854
-117.029
-129.296
-130.69
-145.366
-147.041
-164.67
-166.662
-187.649
-189.993
-213.858
-216.413
-240.517
-242.842
-261.233
-262.596
-266.579
-265.804
-245.805
-242.198
-193.124
-186.628
-111.126
-102.268
-11.5774
-1.79412
88.6156
97.5265
173.327
179.961
229.366
232.97
253.745
254.597
251.77
250.495
233.322
231.117
208.584
206.165
183.78
181.539
161.496
159.565
142.586
140.968
126.64
125.274
113.185
112.025
101.664
100.664
91.6651
90.788
82.9036
82.1323
75.1747
74.494
68.3532
67.7541
62.3659
61.8409
57.1212
56.6609
52.5181
52.1124
48.4287
48.0654
44.7488
44.4197
41.3894
41.0861
38.2897
38.0092
35.4072
35.1457
32.718
32.4735
30.203
29.975
27.8592
27.647
25.6881
25.4927
23.6988
23.521
21.8971
21.7367
20.2732
20.1288
18.8056
18.6742
17.466
17.3455
16.2301
16.118
15.0772
14.9725
13.9965
13.8979
12.9783
12.8854
12.0188
11.9312
11.1151
11.0328
10.269
10.1923
9.48338
9.41258
8.7627
8.69811
8.10721
8.04859
7.51219
7.45891
6.96822
6.91919
6.46559
6.42006
5.99655
5.95384
5.55522
5.51485
5.13759
5.09935
4.74179
4.70552
4.36636
4.33201
4.01207
3.97984
3.6822
3.65254
3.38373
3.35751
2.82893
2.77117
2.296
2.25361
1.8997
1.8679
1.59714
1.57236
1.3595
-2.81984
-2.8491
-2.87871
-2.90878
-2.93915
-2.96994
-3.03982
-3.07204
-3.10457
-3.13758
-3.17104
-3.20492
-3.2816
-3.31689
-3.35259
-3.38882
-3.42551
-3.46256
-3.54618
-3.58461
-3.62357
-3.66277
-3.70246
-3.7425
-3.83281
-3.87408
-3.91582
-3.95794
-4.00046
-4.04345
-4.13979
-4.18384
-4.2283
-4.27323
-4.31846
-4.36397
-4.46632
-4.51318
-4.56021
-4.60772
-4.65554
-4.70375
-4.81214
-4.86167
-4.91148
-4.96173
-5.01252
-5.06358
-5.17815
-5.23056
-5.2835
-5.33676
-5.39034
-5.44452
-5.56647
-5.62211
-5.67834
-5.73502
-5.79221
-5.85004
-5.97979
-6.03928
-6.09941
-6.16033
-6.22163
-6.28353
-6.42337
-6.48773
-6.55246
-6.61807
-6.68445
-6.75177
-6.90392
-6.9738
-7.04457
-7.11633
-7.1892
-7.26292
-7.42991
-7.50704
-7.58516
-7.66436
-7.7446
-7.82598
-8.01039
-8.09561
-8.18197
-8.26944
-8.35807
-8.44789
-8.65109
-8.74466
-8.83922
-8.93512
-9.03218
-9.1304
-9.35203
-9.45377
-9.55645
-9.66027
-9.76518
-9.87112
-10.1096
-10.2189
-10.3292
-10.4404
-10.5527
-10.6659
-10.9204
-11.0369
-11.1545
-11.273
-11.3925
-11.5129
-11.7835
-11.9069
-12.0315
-12.1571
-12.284
-12.4122
-12.6987
-12.8299
-12.9621
-13.0955
-13.2301
-13.3657
-13.6705
-13.8099
-13.9509
-14.0929
-14.2361
-14.3807
-14.7061
-14.855
-15.0053
-15.157
-15.3103
-15.4654
-15.8147
-15.9747
-16.1366
-16.3004
-16.4663
-16.6341
-17.0126
-17.187
-17.3635
-17.5425
-17.7235
-17.9071
-18.3224
-18.5139
-18.7082
-18.9053
-19.105
-19.3079
-19.7679
-19.9806
-20.1961
-20.4147
-20.6368
-20.8618
-21.3726
-21.608
-21.8467
-22.0885
-22.3346
-22.5826
-23.1452
-23.4041
-23.6662
-23.9315
-24.1999
-24.4714
-25.0831
-25.3643
-25.6484
-25.9354
-26.2253
-26.5188
-27.1778
-27.4801
-27.7853
-28.0932
-28.404
-28.7179
-29.424
-29.7471
-30.0731
-30.402
-30.734
-31.0685
-31.8214
-32.1668
-32.5152
-32.8659
-33.2202
-33.5781
-34.3827
-34.7514
-35.1236
-35.4994
-35.8787
-36.2618
-37.1255
-37.522
-37.9228
-38.3277
-38.7365
-39.1497
-40.0823
-40.5105
-40.9438
-41.3832
-41.8284
-42.278
-43.2965
-43.7659
-44.2419
-44.7238
-45.2123
-45.7077
-46.835
-47.3562
-47.884
-48.42
-48.9652
-49.5194
-50.7819
-51.3677
-51.9636
-52.5687
-53.1846
-53.8104
-55.2364
-55.8982
-56.5731
-57.2592
-57.9562
-58.6653
-60.2815
-61.0296
-61.7915
-62.5632
-63.3491
-64.1478
-65.9667
-66.8087
-67.6633
-68.5298
-69.4103
-70.3038
-72.3337
-73.2721
-74.2257
-75.1941
-76.1767
-77.1735
-79.4368
-80.4845
-81.5489
-82.6311
-83.7294
-84.8442
-87.3807
-88.5559
-89.7502
-90.9652
-92.2012
-93.4617
-96.3327
-97.6659
-99.0278
-100.412
-101.823
-103.261
-106.543
-108.073
-109.635
-111.24
-112.873
-114.543
-118.386
-120.178
-122.007
-123.878
-125.788
-127.749
-132.29
-134.419
-136.601
-138.841
-141.141
-143.507
-148.963
-151.515
-154.132
-156.839
-159.597
-162.441
-168.954
-172.013
-175.154
-178.365
-181.649
-185.022
-192.692
-196.281
-199.887
-203.591
-207.306
-211.023
-219.324
-223.135
-226.953
-230.678
-234.328
-237.854
-245.434
-248.687
-251.747
-254.608
-257.221
-259.572
-263.996
-265.518
-266.55
-267.235
-267.458
-267.111
-264.666
-262.777
-260.421
-257.436
-253.845
-249.549
-237.759
-231.331
-224.467
-216.966
-208.89
-200.172
-179.007
-168.407
-157.18
-145.455
-133.338
-120.85
-91.9858
-78.4596
-64.7355
-50.8261
-36.7901
-22.5812
9.08251
23.3993
37.5313
51.4369
65.0479
78.4334
107.462
120.133
132.3
143.861
154.936
165.522
187.122
195.925
204.054
211.582
218.512
224.901
236.68
240.951
244.785
247.934
250.507
252.557
255.283
255.664
255.55
255.007
254.124
253.019
248.91
246.675
244.239
241.678
238.872
235.775
228.581
225.327
221.892
218.409
214.883
211.326
203.446
199.944
196.512
193.092
189.682
186.341
179.04
175.825
172.682
169.622
166.625
163.716
157.423
154.698
152.037
149.441
146.922
144.446
139.17
136.866
134.621
132.428
130.291
128.211
123.76
121.827
119.937
118.092
116.281
114.517
110.738
109.082
107.46
105.875
104.326
102.81
99.5496
98.1209
96.7166
95.3396
93.9904
92.6679
89.8129
88.5622
87.3364
86.1318
84.9486
83.7846
81.272
80.1718
79.0897
78.0257
76.979
75.9517
73.7333
72.7605
71.8052
70.8664
69.9445
69.0391
67.088
66.2333
65.3929
64.5695
63.7607
62.9663
61.2564
60.5081
59.7743
59.0527
58.3443
57.6468
56.1484
55.4923
54.8478
54.215
53.5933
52.9813
51.6601
51.0786
50.507
49.9446
49.3904
48.8438
47.6604
47.1396
46.6248
46.1176
45.6175
45.1237
44.0517
43.5779
43.1097
42.6466
42.1882
41.7345
40.7466
40.3093
39.8774
39.4499
39.0271
38.6085
37.6946
37.2888
36.8872
36.4892
36.0953
35.7047
34.8525
34.474
34.0993
33.7281
33.3603
32.9958
32.1994
31.8455
31.4948
31.1472
30.8029
30.4622
29.7192
29.3889
29.0619
28.7382
28.4178
28.1005
27.4094
27.1028
26.7998
26.5004
26.2031
25.9102
25.2743
24.9921
24.714
24.4394
24.1689
23.9018
23.3221
23.0665
22.8141
22.5658
22.3208
22.0797
21.5572
21.3273
21.0993
20.8757
20.655
20.4377
19.9669
19.759
19.5541
19.352
19.1523
18.955
18.5273
18.3382
18.1512
17.9662
17.7835
17.603
17.2108
17.0363
16.8639
16.6932
16.5243
16.3571
15.9922
15.8301
15.6695
15.5104
15.3526
15.1961
14.8548
14.7031
14.5525
14.4032
14.2552
14.1083
13.7871
13.6442
13.5024
13.3617
13.222
13.0836
12.7811
12.6463
12.5127
12.3801
12.2485
12.1181
11.833
11.7058
11.5799
11.455
11.3312
11.2085
10.9404
10.8213
10.7032
10.5862
10.4706
10.356
10.1062
9.99531
9.8856
9.77718
9.66992
9.56388
9.33329
9.2314
9.13074
9.03116
8.93313
8.83622
8.62591
8.533
8.44145
8.35115
8.26198
8.17402
7.98307
7.89876
7.81563
7.73368
7.65275
7.5728
7.39918
7.32241
7.24644
7.17138
7.09725
7.02392
6.86426
6.7934
6.72317
6.65386
6.58527
6.51728
6.36893
6.30303
6.2377
6.17294
6.10878
6.04498
5.90583
5.84396
5.78243
5.72129
5.66083
5.60088
5.46959
5.41086
5.35271
5.29499
5.23772
5.18103
5.05635
5.00083
4.94586
4.89118
4.8368
4.7829
4.66483
4.61214
4.55976
4.50787
4.45637
4.40528
4.29341
4.2436
4.19418
4.14521
4.09681
4.04862
3.9437
3.89723
3.85112
3.80544
3.76043
3.71594
3.61941
3.57669
3.5348
3.49365
3.45343
3.41379
3.3283
3.29112
3.18785
3.08594
2.98866
2.89651
2.7082
2.62913
2.55332
2.48089
2.41156
2.34511
2.20703
2.14875
2.09262
2.03857
1.98671
1.93668
1.83294
1.78881
1.74599
1.70449
1.66449
1.62587
1.54499
1.5099
1.47594
1.44397
1.41268
1.38231
