-2.10519
-2.47081
-2.89927
-3.4211
-4.04674
-4.76578
-5.58044
-6.51666
-7.63616
-9.01669
-10.6702
-12.5707
-14.7376
-17.2588
-20.3278
-24.146
-28.7163
-34.0082
-40.1549
-47.5485
-56.9572
-69.1957
-84.7921
-104.946
-132.561
-173.025
-228.904
-267.442
-200.958
-6.68984
187.917
255.661
220.214
167.591
128.477
101.223
81.2206
66.028
54.5692
45.7998
38.6794
32.6252
27.4078
23.0158
19.4738
16.5931
14.1394
11.9909
10.1103
8.51838
7.21972
6.13748
5.19528
4.35749
3.6227
2.61991
1.73277
1.22457
0.900561
0.674116
-2.1061
-2.46978
-2.47185
-2.89803
-2.90051
-3.41959
-3.42262
-4.04496
-4.04851
-4.76376
-4.7678
-5.57815
-5.58274
-6.51398
-6.51933
-7.63289
-7.63943
-9.01267
-9.02071
-10.6655
-10.6749
-12.5654
-12.5761
-14.7315
-14.7438
-17.2515
-17.266
-20.3188
-20.3368
-24.1349
-24.1571
-28.7033
-28.7293
-33.9932
-34.0232
-40.1373
-40.1725
-47.5268
-47.5702
-56.9289
-56.9855
-69.1592
-69.2322
-84.7458
-84.8384
-104.885
-105.007
-132.474
-132.648
-172.896
-173.154
-228.75
-229.057
-267.436
-267.447
-201.326
-200.589
-7.28271
-6.09686
187.543
188.289
255.664
255.657
220.356
220.072
167.715
167.468
128.563
128.392
101.284
101.162
81.2663
81.1749
66.0629
65.9932
54.5953
54.5431
45.8204
45.7792
38.6967
38.6622
32.6401
32.6104
27.4205
27.3951
23.0262
23.0053
19.4821
19.4654
16.6001
16.5861
14.1455
14.1334
11.9962
11.9856
10.1149
10.1057
8.52217
8.51459
7.22283
7.21662
6.14013
6.13483
5.19762
5.19294
4.35958
4.35541
3.62447
3.62092
2.62308
2.61673
1.73449
1.73106
1.2256
1.22353
0.901258
0.899865
0.674643
-2.11513
-2.45945
-2.48223
-2.88566
-2.91295
-3.40446
-3.43783
-4.02722
-4.06633
-4.74362
-4.78805
-5.55526
-5.60574
-6.48733
-6.54614
-7.6003
-7.67225
-8.9726
-9.06102
-10.6187
-10.7219
-12.5121
-12.6296
-14.6704
-14.8051
-17.179
-17.339
-20.2288
-20.4274
-24.0242
-24.2685
-28.5736
-28.8597
-33.8438
-34.1733
-39.9616
-40.349
-47.3102
-47.7882
-56.6468
-57.2699
-68.7961
-69.5982
-84.2848
-85.3033
-104.277
-105.621
-131.609
-133.524
-171.614
-174.452
-227.205
-230.583
-267.338
-267.451
-204.96
-196.851
-13.2047
-0.1611
183.753
191.959
255.647
255.62
221.802
218.642
168.952
166.243
129.417
127.543
101.893
100.558
81.726
80.7197
66.413
65.6462
54.8577
54.283
46.0269
45.574
38.8691
38.4905
32.7887
32.4624
27.5479
27.2684
23.131
22.9012
19.5659
19.3823
16.6698
16.5167
14.206
14.0731
12.0494
11.9325
10.161
10.0599
8.56023
8.47679
7.25392
7.18572
6.16669
6.10839
5.22104
5.1696
4.38045
4.33461
3.64227
3.60324
2.65516
2.58535
1.75182
1.71402
1.23602
1.21329
0.908272
0.892949
0.679938
-2.14928
-2.20154
-2.25486
-2.30911
-2.36455
-2.4212
-2.52153
-2.58189
-2.64384
-2.70737
-2.77267
-2.83995
-2.96016
-3.03323
-3.10856
-3.18614
-3.26609
-3.34845
-3.49548
-3.5843
-3.67532
-3.76846
-3.8639
-3.96135
-4.13364
-4.23659
-4.34173
-4.44877
-4.55777
-4.66882
-4.86443
-4.98102
-5.09994
-5.22102
-5.34437
-5.47027
-5.69255
-5.82547
-5.96142
-6.10028
-6.24248
-6.38845
-6.64765
-6.80451
-6.96569
-7.13153
-7.30287
-7.47974
-7.79683
-7.98948
-8.18896
-8.3944
-8.60626
-8.82433
-9.21366
-9.44851
-9.68914
-9.93541
-10.1872
-10.4448
-10.8994
-11.1716
-11.4492
-11.732
-12.0199
-12.314
-12.8318
-13.1412
-13.457
-13.7787
-14.1076
-14.4434
-15.037
-15.3932
-15.7587
-16.1322
-16.5163
-16.9109
-17.6157
-18.0425
-18.4837
-18.9389
-19.4094
-19.8965
-20.7718
-21.3052
-21.8561
-22.4244
-23.0103
-23.614
-24.6899
-25.3381
-26.0033
-26.6838
-27.3801
-28.0921
-29.3523
-30.1069
-30.8773
-31.6636
-32.4684
-33.2888
-34.7412
-35.6124
-36.5034
-37.4167
-38.3529
-39.3113
-41.0174
-42.0503
-43.1127
-44.209
-45.3392
-46.5098
-48.6176
-49.9076
-51.25
-52.6467
-54.0978
-55.6077
-58.3519
-60.0372
-61.7888
-63.6057
-65.4952
-67.4568
-70.9884
-73.1453
-75.382
-77.6967
-80.0938
-82.5823
-87.0731
-89.8248
-92.6877
-95.6733
-98.7872
-102.038
-107.967
-111.661
-115.539
-119.627
-123.917
-128.445
-136.882
-142.204
-147.866
-153.84
-160.204
-166.941
-179.417
-187.242
-195.419
-203.911
-212.552
-221.312
-236.171
-244.186
-251.614
-257.902
-262.903
-266.274
-266.621
-263.142
-256.923
-247.261
-234.059
-217.629
-182.078
-156.943
-129.046
-99.2582
-67.7234
-35.2378
21.829
54.432
85.645
115.79
143.627
168.665
204.693
221.212
234.416
244.255
250.91
254.654
254.793
252.048
247.325
241.559
234.59
227.007
213.185
204.9
196.808
188.871
181.151
173.685
161.767
155.281
149.161
143.385
137.903
132.704
124.441
119.975
115.739
111.715
107.874
104.221
98.3349
95.1011
92.0116
89.0456
86.2056
83.4798
79.0418
76.5957
74.2462
71.9876
69.8222
67.7437
64.3735
62.5222
60.7482
59.0502
57.4199
55.8583
53.3248
51.9265
50.5791
49.2808
48.0244
46.8119
44.8147
43.6994
42.615
41.5566
40.525
39.5216
37.8533
36.9119
35.9916
35.091
34.211
33.3503
31.9133
31.1008
30.3065
29.5304
28.7714
28.0302
26.7987
26.106
25.4332
24.779
24.1439
23.5285
22.5169
21.9543
21.4105
20.8844
20.3756
19.8838
19.0743
18.6217
18.1826
17.7551
17.3389
16.9337
16.2593
15.8784
15.5062
15.1413
14.7843
14.4345
13.8491
13.517
13.1911
12.8717
12.558
12.2504
11.7355
11.4435
11.1574
10.8774
10.603
10.3353
9.88987
9.63918
9.39528
9.15849
8.9281
8.70472
8.3371
8.13177
7.93286
7.74023
7.55318
7.37168
7.0713
6.90262
6.73784
6.57739
6.42048
6.26686
6.01031
5.86487
5.72217
5.58232
5.44464
5.30946
5.08272
4.95367
4.827
4.70234
4.57965
4.45923
4.25731
4.1427
4.03061
3.92099
3.81385
3.70975
3.53814
3.44364
3.35269
3.22158
2.98788
2.78049
2.47272
2.31656
2.17454
2.04503
1.92663
1.81884
1.65232
1.5655
1.48438
1.4104
1.34104
1.2764
1.17599
1.12209
1.07127
1.02346
0.978048
0.935259
0.868545
0.832802
0.798086
0.764458
0.73191
0.700357
