-1.71999
-1.89218
-2.07557
-2.27177
-2.48327
-2.71458
-2.97109
-3.25877
-3.57968
-3.93254
-4.3149
-4.72555
-5.16557
-5.63803
-6.14865
-6.70698
-7.32713
-8.0249
-8.81044
-9.68353
-10.6374
-11.6678
-12.7751
-13.9664
-15.2541
-16.6612
-18.2217
-19.9797
-21.9726
-24.2127
-26.6874
-29.3859
-32.3084
-35.4741
-38.9255
-42.727
-46.9873
-51.8555
-57.4987
-64.0441
-71.5749
-80.175
-90.0302
-101.478
-115.025
-131.438
-151.822
-177.215
-207.938
-240.269
-264.005
-261.586
-216.526
-126.109
-6.68984
112.807
203.629
249.192
253.026
230.881
200.53
171.586
147.219
127.374
111.211
97.7784
86.409
76.6754
68.3075
61.1591
55.0691
49.844
45.2681
41.1823
37.4743
34.0743
30.9427
28.0631
25.4367
23.0785
20.9919
19.1515
17.5082
16.0184
14.6481
13.377
12.1941
11.0938
10.0782
9.1531
8.324
7.58641
6.92586
6.3251
5.77069
5.25397
4.76994
4.31594
3.8936
3.50993
2.9766
2.30318
1.83461
1.49318
1.23708
1.03814
0.878521
0.748561
0.634253
0.538051
-1.72078
-1.89134
-1.89302
-2.07468
-2.07646
-2.27081
-2.27273
-2.48223
-2.48431
-2.71343
-2.71572
-2.96981
-2.97237
-3.25733
-3.2602
-3.57808
-3.58127
-3.93081
-3.93428
-4.31303
-4.31677
-4.72354
-4.72755
-5.16342
-5.16772
-5.63572
-5.64035
-6.14613
-6.15116
-6.70421
-6.70975
-7.32403
-7.33023
-8.0214
-8.02839
-8.80653
-8.81435
-9.67922
-9.68784
-10.6327
-10.6421
-11.6628
-11.6729
-12.7697
-12.7805
-13.9606
-13.9723
-15.2478
-15.2605
-16.6542
-16.6682
-18.214
-18.2296
-19.9709
-19.9885
-21.9626
-21.9826
-24.2016
-24.2239
-26.6752
-26.6997
-29.3727
-29.3992
-32.2941
-32.3228
-35.4585
-35.4896
-38.9085
-38.9425
-42.7081
-42.7459
-46.9659
-47.0087
-51.8308
-51.8802
-57.4701
-57.5274
-64.011
-64.0773
-71.537
-71.6129
-80.1317
-80.2184
-89.9804
-90.0801
-101.42
-101.537
-114.955
-115.095
-131.352
-131.523
-151.715
-151.928
-177.083
-177.348
-207.785
-208.092
-240.127
-240.411
-263.935
-264.075
-261.683
-261.488
-216.847
-216.205
-126.625
-125.593
-7.28271
-6.09686
112.281
113.333
203.318
203.938
249.087
249.296
253.087
252.965
231.016
230.745
200.673
200.388
171.713
171.46
147.321
147.116
127.458
127.29
111.28
111.142
97.8367
97.7202
86.4585
86.3596
76.7179
76.6329
68.344
68.2711
61.1902
61.1281
55.0956
55.0426
49.867
49.821
45.2884
45.2478
41.2007
41.164
37.4911
37.4576
34.0897
34.059
30.9568
30.9285
28.0761
28.0501
25.4485
25.425
23.089
23.0681
21.0012
20.9827
19.1597
19.1433
17.5156
17.5009
16.0251
16.0117
14.6543
14.6418
13.3828
13.3712
12.1995
12.1887
11.0988
11.0888
10.0828
10.0736
9.15724
9.14895
8.32769
8.32032
7.58969
7.58313
6.92882
6.92289
6.32782
6.32239
5.77321
5.76816
5.25632
5.25161
4.77216
4.76773
4.31801
4.31387
3.89551
3.89169
3.51162
3.50823
2.98048
2.97272
2.30579
2.30056
1.83646
1.83275
1.49458
1.49178
1.23813
1.23602
1.03898
1.0373
0.87917
0.877873
0.749139
0.747984
0.634749
0.633758
0.538477
-1.72689
-1.88485
-1.89952
-2.06777
-2.0834
-2.2634
-2.28017
-2.47418
-2.49239
-2.70458
-2.72462
-2.95991
-2.98233
-3.24625
-3.27135
-3.56578
-3.59363
-3.91738
-3.94775
-4.29855
-4.3313
-4.70804
-4.74311
-5.14679
-5.1844
-5.61784
-5.65837
-6.1267
-6.17066
-6.68279
-6.73128
-7.30009
-7.35431
-7.99436
-8.05558
-8.77631
-8.84473
-9.64586
-9.72135
-10.5965
-10.6784
-11.6238
-11.712
-12.7278
-12.8226
-13.9153
-14.0176
-15.1989
-15.3096
-16.6004
-16.7223
-18.1537
-18.2902
-19.9027
-20.0571
-21.8854
-22.06
-24.1155
-24.3104
-26.5808
-26.7945
-29.2702
-29.502
-32.1829
-32.4342
-35.3381
-35.6105
-38.7768
-39.0748
-42.5619
-42.8928
-46.8004
-47.1753
-51.6399
-52.0718
-57.2485
-57.7503
-63.7551
-64.3351
-71.244
-71.9078
-79.7968
-80.5553
-89.5952
-90.468
-100.969
-101.992
-114.413
-115.642
-130.69
-132.192
-150.892
-152.759
-176.058
-178.382
-206.598
-209.279
-239.021
-241.507
-263.371
-264.598
-262.41
-260.701
-219.304
-213.676
-130.602
-121.568
-11.8733
-1.49714
108.19
117.367
200.779
206.29
248.236
250.098
253.486
252.468
232.057
229.693
201.796
199.288
172.698
170.483
148.122
146.317
128.115
126.64
111.816
110.609
98.2887
97.2708
86.8433
85.9783
77.0485
76.3045
68.6282
67.9893
61.432
60.8881
55.3017
54.838
50.0454
49.6436
45.4462
45.0908
41.3433
41.022
37.621
37.3284
34.209
33.94
31.067
30.8188
28.1771
27.9497
25.5399
25.334
23.1705
22.9871
21.0728
20.9115
19.2233
19.08
17.5727
17.444
16.0774
15.9596
14.7025
14.5937
13.4277
13.3264
12.2413
12.1471
11.1376
11.0502
10.1184
10.0382
9.18936
9.11691
8.35633
8.29182
7.6152
7.55775
6.95183
6.89995
6.34889
6.30141
5.7928
5.74864
5.27463
5.23337
4.78933
4.75061
4.33409
4.29785
3.91034
3.87692
3.5248
3.49516
3.01084
2.94299
2.32619
2.28046
1.85093
1.81847
1.50551
1.48098
1.24633
1.22793
1.0455
1.03084
0.884206
0.872862
0.753629
0.743518
0.638601
0.629937
0.541787
-1.74435
-1.76836
-1.79257
-1.81697
-1.84157
-1.86647
-1.9181
-1.94364
-1.96938
-1.99542
-2.02168
-2.04821
-2.10321
-2.13044
-2.15801
-2.18588
-2.21393
-2.2424
-2.30145
-2.33073
-2.36043
-2.39045
-2.42075
-2.45143
-2.51555
-2.54746
-2.57983
-2.61264
-2.64584
-2.67958
-2.75013
-2.78532
-2.82116
-2.85755
-2.8945
-2.93196
-3.01089
-3.05038
-3.09054
-3.13135
-3.17277
-3.21493
-3.3033
-3.34742
-3.39235
-3.43791
-3.48408
-3.53101
-3.62905
-3.67794
-3.72735
-3.77741
-3.82806
-3.8794
-3.9863
-4.03936
-4.09309
-4.1474
-4.20213
-4.25756
-4.37286
-4.42994
-4.48768
-4.54598
-4.60477
-4.66416
-4.78764
-4.84888
-4.91066
-4.97308
-5.03606
-5.09973
-5.23208
-5.29763
-5.36394
-5.43096
-5.49873
-5.56715
-5.70971
-5.78038
-5.85196
-5.92442
-5.99747
-6.07168
-6.22645
-6.30361
-6.38165
-6.46091
-6.54104
-6.62242
-6.79297
-6.87828
-6.96468
-7.05251
-7.1417
-7.23255
-7.42344
-7.51903
-7.61641
-7.71535
-7.81586
-7.91819
-8.13357
-8.24137
-8.35109
-8.46264
-8.57583
-8.69092
-8.93193
-9.05234
-9.17469
-9.29876
-9.42432
-9.55155
-9.81726
-9.94932
-10.0832
-10.2186
-10.3555
-10.494
-10.7823
-10.9252
-11.0701
-11.2164
-11.3641
-11.5134
-11.8238
-11.9774
-12.1329
-12.2903
-12.449
-12.6092
-12.9427
-13.108
-13.2753
-13.4443
-13.6148
-13.7874
-14.147
-14.3254
-14.5062
-14.689
-14.8735
-15.0605
-15.4506
-15.6448
-15.8417
-16.0409
-16.2428
-16.448
-16.8773
-17.0914
-17.3094
-17.531
-17.7554
-17.9838
-18.4639
-18.7046
-18.9492
-19.1983
-19.4519
-19.7101
-20.2539
-20.5265
-20.8044
-21.0875
-21.375
-21.6677
-22.2827
-22.5904
-22.9035
-23.2218
-23.5442
-23.8722
-24.5583
-24.8994
-25.2462
-25.5978
-25.9532
-26.3137
-27.0658
-27.4394
-27.8179
-28.2007
-28.5881
-28.9802
-29.7962
-30.2016
-30.6117
-31.0258
-31.4446
-31.8686
-32.7522
-33.1908
-33.635
-34.0838
-34.5381
-34.9979
-35.956
-36.4329
-36.916
-37.4057
-37.9021
-38.4047
-39.4535
-39.977
-40.5075
-41.0459
-41.5939
-42.1493
-43.3141
-43.8977
-44.4911
-45.0941
-45.7077
-46.3344
-47.6526
-48.3142
-48.9899
-49.6791
-50.3833
-51.1026
-52.6234
-53.3899
-54.1722
-54.9714
-55.788
-56.6246
-58.3908
-59.282
-60.1923
-61.1207
-62.0684
-63.0343
-65.0761
-66.1047
-67.1538
-68.2215
-69.3097
-70.4184
-72.7543
-73.9291
-75.1272
-76.3469
-77.5889
-78.854
-81.523
-82.8675
-84.237
-85.6325
-87.0571
-88.5112
-91.5825
-93.1347
-94.7221
-96.3417
-98.0003
-99.7007
-103.301
-105.122
-106.987
-108.901
-110.872
-112.896
-117.211
-119.417
-121.671
-123.988
-126.369
-128.833
-134.123
-136.829
-139.625
-142.512
-145.504
-148.582
-155.171
-158.568
-162.066
-165.665
-169.359
-173.181
-181.363
-185.55
-189.809
-194.195
-198.655
-203.222
-212.652
-217.291
-222.007
-226.745
-231.358
-235.843
-244.591
-248.655
-252.426
-255.871
-258.912
-261.611
-265.81
-266.961
-267.446
-267.114
-266.069
-264.217
-258.088
-253.684
-248.216
-241.79
-234.326
-225.98
-206.108
-194.998
-183.103
-170.241
-156.35
-141.705
-110.047
-93.6454
-76.8662
-59.7827
-42.4508
-24.8899
11.3664
29.1133
46.4816
63.4862
80.0823
96.4296
128.55
143.041
156.751
169.714
181.869
193.116
213.104
221.477
228.956
235.363
240.786
245.464
252.08
254.034
255.286
255.664
255.319
254.387
250.857
248.285
245.413
242.284
238.841
234.972
226.711
222.532
218.217
213.832
209.413
204.996
196.17
191.926
187.731
183.604
179.541
175.55
167.74
164.101
160.531
157.063
153.704
150.438
144.078
141.102
138.206
135.387
132.652
130.002
124.821
122.404
120.046
117.76
115.533
113.365
109.104
107.097
105.146
103.25
101.398
99.5891
96.0081
94.3216
92.6768
91.0637
89.4888
87.9478
84.9044
83.464
82.0527
80.6725
79.3224
78.0002
75.3806
74.1404
72.9263
71.7403
70.5795
69.4445
67.1976
66.1371
65.0997
64.0869
63.0963
62.1277
60.2139
59.3116
58.4287
57.5638
56.72
55.8943
54.2625
53.4916
52.736
51.9955
51.2693
50.5576
49.1434
48.4704
47.8102
47.1628
46.5244
45.8985
44.6479
44.0517
43.4648
42.8863
42.3154
41.7516
40.6213
40.0816
39.5494
39.0242
38.5055
37.9929
36.9628
36.4688
35.9808
35.4981
35.0214
34.5504
33.6038
33.1495
32.7001
32.2557
31.8165
31.3821
30.5089
30.0905
29.677
29.2683
28.8647
28.466
27.6657
27.2826
26.9045
26.5322
26.1636
25.8019
25.077
24.7311
24.3912
24.0567
23.727
23.404
22.7584
22.4514
22.1509
21.8551
21.5644
21.2793
20.7102
20.4399
20.175
19.9139
19.6572
19.4055
18.9014
18.6612
18.4252
18.1923
17.9628
17.7364
17.2834
17.0667
16.8529
16.6415
16.4328
16.227
15.8125
15.6136
15.4172
15.2225
15.0302
14.8404
14.4575
14.2734
14.0914
13.911
13.7325
13.5561
13.1997
13.0283
12.8591
12.6912
12.525
12.3607
12.0292
11.8696
11.712
11.5559
11.4013
11.2486
10.9409
10.7932
10.6474
10.5031
10.3607
10.2204
9.93792
9.80277
9.6697
9.53826
9.40873
9.28145
9.02648
8.90502
8.78555
8.66786
8.55203
8.43845
8.21142
8.10309
7.9969
7.8922
7.78932
7.68834
7.48614
7.38963
7.29474
7.201
7.10866
7.01776
6.8351
6.74765
6.66154
6.5764
6.49235
6.4092
6.24199
6.16165
6.08219
6.00356
5.92587
5.8488
5.69342
5.61875
5.54493
5.47153
5.39884
5.32695
5.18173
5.11185
5.04245
4.97375
4.90568
4.83836
4.70212
4.63643
4.57147
4.50702
4.44317
4.38004
4.2525
4.19114
4.13056
4.07059
4.01129
3.95278
3.83515
3.77894
3.72361
3.66905
3.61534
3.5627
3.45852
3.40925
3.36114
3.31419
3.22866
3.09994
2.86114
2.75522
2.65533
2.5605
2.47069
2.38574
2.2246
2.1517
2.08232
2.01602
1.95294
1.89296
1.77862
1.72618
1.67581
1.6276
1.58144
1.53716
1.4516
1.41268
1.3751
1.33879
1.30381
1.27017
1.2054
1.17555
1.14649
1.11825
1.09087
1.06439
1.01271
0.988479
0.965033
0.942286
0.920273
0.899031
0.858712
0.839658
0.820937
0.802485
0.784364
0.766514
0.730947
0.714087
0.697374
0.680975
0.665138
0.649696
0.619198
0.604883
0.590915
0.577317
0.56409
0.551254
