-1.84355
-2.04008
-2.25124
-2.48015
-2.7324
-3.01507
-3.33512
-3.69449
-4.09049
-4.52063
-4.98446
-5.48482
-6.02795
-6.6246
-7.29162
-8.04943
-8.91089
-9.87508
-10.9331
-12.0813
-13.3231
-14.6704
-16.1443
-17.7848
-19.6436
-21.774
-24.196
-26.8957
-29.8594
-33.0901
-36.6188
-40.5082
-44.8616
-49.8407
-55.6613
-62.5111
-70.5037
-79.7429
-90.4554
-103.074
-118.285
-137.115
-161.069
-191.247
-226.505
-257.635
-265.79
-227.758
-135.551
-6.68984
122.366
214.9
253.731
247.069
217.995
184.979
156.107
132.932
114.418
99.3644
86.8308
76.2517
67.2791
59.7256
53.3744
47.9617
43.2419
39.0249
35.205
31.7168
28.528
25.6376
23.0628
20.8084
18.8396
17.0947
15.518
14.0731
12.7387
11.5046
10.3685
9.33709
8.41862
7.60943
6.89182
6.24414
5.64941
5.09762
4.5832
4.10448
3.66644
3.27393
2.44663
1.89921
1.51509
1.23393
1.02034
0.852857
0.715419
0.597343
-1.84438
-2.0392
-2.04096
-2.25028
-2.25219
-2.47911
-2.48119
-2.73124
-2.73355
-3.01376
-3.01637
-3.33364
-3.33659
-3.69285
-3.69613
-4.08869
-4.09228
-4.5187
-4.52257
-4.98237
-4.98655
-5.48256
-5.48708
-6.02549
-6.03041
-6.62188
-6.62732
-7.28855
-7.2947
-8.04592
-8.05295
-8.90692
-8.91485
-9.87069
-9.87947
-10.9283
-10.9379
-12.0761
-12.0865
-13.3175
-13.3287
-14.6643
-14.6765
-16.1376
-16.151
-17.7773
-17.7924
-19.635
-19.6522
-21.7642
-21.7839
-24.1849
-24.2072
-26.8834
-26.908
-29.846
-29.8728
-33.0755
-33.1047
-36.6028
-36.6348
-40.4905
-40.526
-44.8415
-44.8817
-49.8174
-49.8639
-55.6339
-55.6886
-62.479
-62.5432
-70.4664
-70.5409
-79.6999
-79.786
-90.4053
-90.5056
-103.014
-103.134
-118.211
-118.359
-137.023
-137.207
-160.951
-161.187
-191.104
-191.391
-226.349
-226.661
-257.535
-257.734
-265.844
-265.736
-228.041
-227.474
-136.055
-135.046
-7.28271
-6.09686
121.857
122.874
214.613
215.186
253.671
253.789
247.163
246.974
218.139
217.851
185.117
184.842
156.22
155.995
133.022
132.843
114.49
114.346
99.4236
99.3052
86.8806
86.781
76.2939
76.2095
67.3147
67.2435
59.7556
59.6956
53.3997
53.3491
47.9835
47.9399
43.2612
43.2226
39.0422
39.0076
35.2208
35.1891
31.7313
31.7023
28.5412
28.5149
25.6495
25.6257
23.0733
23.0524
20.8175
20.7993
18.8476
18.8316
17.1018
17.0875
15.5245
15.5114
14.0791
14.067
12.7443
12.7332
11.5097
11.4994
10.3732
10.3638
9.34132
9.33287
8.42236
8.41489
7.61273
7.60614
6.89477
6.88886
6.24682
6.24146
5.65189
5.64694
5.09993
5.09531
4.58536
4.58105
4.10647
4.10248
3.66824
3.66464
3.27846
3.26941
2.44949
2.44377
1.90117
1.89725
1.51652
1.51367
1.23498
1.23288
1.02117
1.01952
0.853492
0.852222
0.715975
0.714864
0.597806
-1.85098
-2.03214
-2.04803
-2.24268
-2.25981
-2.47081
-2.48952
-2.72203
-2.74281
-3.00334
-3.02685
-3.32188
-3.34838
-3.67974
-3.7093
-4.07437
-4.10666
-4.50322
-4.5381
-4.96569
-5.00329
-5.46452
-5.50519
-6.00579
-6.05014
-6.60014
-6.64916
-7.264
-7.31939
-8.0179
-8.08112
-8.87527
-8.94666
-9.83562
-9.91467
-10.8901
-10.9763
-12.0348
-12.128
-13.2728
-13.3736
-14.6157
-14.7254
-16.084
-16.2049
-17.7171
-17.8528
-19.5664
-19.7214
-21.6854
-21.8631
-24.0961
-24.2964
-26.7853
-27.0065
-29.7387
-29.9804
-32.9587
-33.222
-36.4748
-36.7634
-40.349
-40.6681
-44.6813
-45.0428
-49.6319
-50.0508
-55.416
-55.9085
-62.2235
-62.8008
-70.1694
-70.8399
-79.3565
-80.1317
-90.0053
-90.9084
-102.538
-103.614
-117.625
-118.947
-136.293
-137.944
-160.015
-162.13
-189.958
-192.563
-225.094
-227.903
-256.719
-258.514
-266.243
-265.272
-230.27
-225.166
-140.066
-130.985
-12.0213
-1.34865
117.754
126.907
212.285
217.441
253.177
254.226
247.909
246.202
219.287
216.692
186.22
183.746
157.125
155.1
133.744
132.127
115.07
113.772
99.8992
98.8319
87.2802
86.3843
76.6329
75.873
67.6009
66.9595
59.9959
59.4565
53.6029
53.1474
48.1584
47.766
43.4156
43.0689
39.1812
38.8691
35.3476
35.0628
31.8473
31.5867
28.647
28.4096
25.7446
25.5311
23.1573
22.9688
20.8908
20.7265
18.9119
18.7677
17.1593
17.0303
15.5769
15.4592
14.1273
14.0189
12.7889
12.6887
11.551
11.4584
10.4109
10.3262
9.37526
9.29912
8.45233
8.38508
7.63916
7.57984
6.91845
6.86529
6.26834
6.22002
5.67176
5.62714
5.11845
5.07684
4.60262
4.56384
4.12245
4.08656
3.68265
3.65031
3.29743
3.23354
2.47258
2.4211
1.91696
1.88173
1.52801
1.50232
1.24341
1.22457
1.02774
1.01296
0.858585
0.847155
0.720433
0.710422
0.601532
-1.87067
-1.89826
-1.9261
-1.95419
-1.98259
-2.01129
-2.0691
-2.09866
-2.12853
-2.15875
-2.18932
-2.22022
-2.28257
-2.31451
-2.34687
-2.37964
-2.4128
-2.44636
-2.51444
-2.54949
-2.58503
-2.62111
-2.65772
-2.69491
-2.7705
-2.80955
-2.84928
-2.88968
-2.93076
-2.97269
-3.0582
-3.1024
-3.1474
-3.19321
-3.23983
-3.28724
-3.38379
-3.43364
-3.48432
-3.5358
-3.58804
-3.64109
-3.74856
-3.80379
-3.8598
-3.91652
-3.97394
-4.03209
-4.14958
-4.20974
-4.27063
-4.33224
-4.39455
-4.45749
-4.58447
-4.64941
-4.71503
-4.78146
-4.84868
-4.91643
-5.05324
-5.12327
-5.1941
-5.2657
-5.33808
-5.41129
-5.55926
-5.63514
-5.71194
-5.78961
-5.86826
-5.94795
-6.10916
-6.19211
-6.27622
-6.36155
-6.44819
-6.53607
-6.7146
-6.8069
-6.90076
-6.99601
-7.093
-7.19176
-7.39338
-7.49793
-7.60436
-7.7127
-7.82311
-7.93552
-8.1655
-8.28453
-8.40569
-8.5291
-8.65455
-8.78215
-9.04185
-9.17592
-9.31205
-9.45019
-9.59014
-9.73218
-10.0198
-10.1676
-10.3173
-10.4688
-10.6222
-10.7773
-11.0909
-11.2517
-11.4143
-11.5786
-11.7449
-11.9128
-12.252
-12.426
-12.6015
-12.7792
-12.9589
-13.1406
-13.5076
-13.6957
-13.8861
-14.0791
-14.2741
-14.4718
-14.8713
-15.0764
-15.2842
-15.4954
-15.7093
-15.9261
-16.3662
-16.5934
-16.8241
-17.0583
-17.297
-17.5399
-18.034
-18.2902
-18.551
-18.8168
-19.0876
-19.364
-19.9291
-20.2221
-20.521
-20.8258
-21.1369
-21.4538
-22.1001
-22.4352
-22.776
-23.1229
-23.4756
-23.8343
-24.5633
-24.9383
-25.3194
-25.7061
-26.0982
-26.4958
-27.3009
-27.7144
-28.1331
-28.5574
-28.9873
-29.4223
-30.3017
-30.7529
-31.2091
-31.6712
-32.14
-32.6143
-33.5725
-34.0644
-34.5628
-35.0677
-35.5793
-36.0974
-37.1479
-37.6889
-38.2377
-38.7937
-39.3579
-39.931
-41.0949
-41.6973
-42.3083
-42.9308
-43.5644
-44.2098
-45.5254
-46.2093
-46.9071
-47.6191
-48.3448
-49.0873
-50.6118
-51.4073
-52.2208
-53.0536
-53.9049
-54.7762
-56.5696
-57.5059
-58.463
-59.4432
-60.4465
-61.4722
-63.5742
-64.67
-65.7905
-66.9356
-68.1038
-69.296
-71.7364
-73.0046
-74.3001
-75.6229
-76.972
-78.3481
-81.1684
-82.6367
-84.1355
-85.6658
-87.2307
-88.8312
-92.1177
-93.8363
-95.5946
-97.3959
-99.248
-101.143
-105.053
-107.1
-109.205
-111.383
-113.617
-115.924
-120.711
-123.227
-125.818
-128.504
-131.287
-134.164
-140.173
-143.37
-146.683
-150.101
-153.626
-157.305
-164.969
-169.001
-173.186
-177.514
-181.975
-186.589
-196.078
-201.008
-206.061
-211.119
-216.179
-221.345
-231.528
-236.431
-241.154
-245.762
-250.114
-254.11
-260.713
-263.408
-265.547
-266.869
-267.445
-267.019
-263.602
-260.542
-256.35
-251.028
-244.416
-236.646
-217.88
-206.832
-194.663
-181.547
-167.218
-151.737
-118.694
-101.166
-82.8738
-64.2365
-45.2724
-26.0436
12.5133
31.9541
50.9372
69.3981
87.5285
105.272
138.494
153.761
168.121
181.528
193.846
204.934
223.788
231.587
238.13
243.665
248.064
251.415
255.204
255.663
255.248
254.147
252.501
249.997
243.764
240.195
236.091
231.722
227.243
222.692
213.216
208.362
203.537
198.792
194.129
189.491
180.529
176.137
171.871
167.745
163.761
159.856
152.486
148.956
145.549
142.241
139.039
135.923
130.042
127.227
124.498
121.857
119.294
116.804
112.095
109.82
107.601
105.448
103.361
101.329
97.4444
95.5577
93.7225
91.9332
90.1842
88.4791
85.2214
83.636
82.0857
80.5724
79.0953
77.6514
74.8853
73.5363
72.2216
70.9384
69.6861
68.4628
66.124
64.9878
63.8806
62.8002
61.7462
60.7187
58.7553
57.8005
56.8697
55.9611
55.0757
54.2117
52.5552
51.7477
50.957
50.1842
49.4273
48.6847
47.2544
46.5534
45.8668
45.192
44.5291
43.8776
42.6157
41.9936
41.3802
40.7761
40.1819
39.5971
38.4605
37.8991
37.345
36.7986
36.2592
35.7267
34.6901
34.1782
33.6729
33.174
32.6809
32.1939
31.2454
30.7765
30.314
29.858
29.4076
28.9631
28.0989
27.6726
27.2526
26.8386
26.4313
26.0293
25.2521
24.8701
24.4946
24.1262
23.7641
23.4088
22.723
22.3875
22.059
21.7367
21.4205
21.11
20.5126
20.2205
19.9337
19.6522
19.3761
19.1045
18.5795
18.3219
18.0682
17.8183
17.5727
17.331
16.8614
16.6297
16.4011
16.1757
15.9529
15.7333
15.305
15.0931
14.884
14.6776
14.4732
14.2713
13.877
13.6818
13.4887
13.2976
13.1086
12.922
12.5575
12.3768
12.1981
12.0215
11.8467
11.674
11.3371
11.1702
11.0055
10.8428
10.6821
10.5236
10.2155
10.0633
9.9133
9.76563
9.62013
9.47692
9.19975
9.06342
8.92971
8.79819
8.66903
8.54212
8.29732
8.17726
8.05919
7.94346
7.82977
7.71825
7.50247
7.39647
7.29223
7.18957
7.08859
6.98913
6.79587
6.70065
6.60685
6.51421
6.42282
6.33257
6.15673
6.06959
5.98358
5.89851
5.81434
5.73106
5.5687
5.48805
5.40821
5.32921
5.25102
5.17368
5.02229
4.94721
4.87289
4.79931
4.72637
4.65415
4.51299
4.44295
4.37366
4.30508
4.23726
4.1702
4.03955
3.97498
3.9113
3.84847
3.78664
3.7258
3.60809
3.55052
3.49432
3.43969
3.38613
3.33397
3.13095
2.99707
2.87225
2.75574
2.64628
2.54313
2.35561
2.2689
2.1867
2.10896
2.03507
1.96506
1.83693
1.77693
1.71953
1.66473
1.61248
1.56279
1.46944
1.42632
1.38461
1.34449
1.30598
1.26902
1.20045
1.16787
1.13626
1.10568
1.07613
1.04762
0.993771
0.96788
0.942881
0.918765
0.895533
0.87383
0.83224
0.811826
0.791775
0.772086
0.752759
0.73381
0.697208
0.679273
0.661973
0.645118
0.628709
0.612745
