-3.00516
-3.20412
-3.42005
-3.65228
-3.89967
-4.16113
-4.43576
-4.72369
-5.02534
-5.34163
-5.67354
-6.02384
-6.39507
-6.79116
-7.21819
-7.68223
-8.18893
-8.74064
-9.33563
-9.97132
-10.644
-11.3525
-12.0963
-12.8772
-13.6977
-14.5606
-15.4738
-16.4443
-17.4834
-18.6082
-19.8352
-21.1799
-22.6495
-24.2391
-25.9421
-27.751
-29.6624
-31.6784
-33.8055
-36.0543
-38.436
-40.977
-43.7052
-46.6594
-49.9002
-53.4878
-57.4823
-61.9269
-66.8273
-72.2075
-78.0844
-84.5127
-91.5746
-99.3892
-108.134
-117.989
-129.313
-142.357
-157.634
-175.658
-196.29
-219.108
-242.105
-260.874
-268.877
-258.871
-226.261
-169.949
-93.7269
-6.57466
80.6353
156.515
213.42
246.549
256.528
249.37
232.166
210.939
189.538
170.045
152.917
138.112
125.339
114.191
104.403
95.6981
87.9225
80.9035
74.5633
68.849
63.7138
59.1296
55.0462
51.373
48.0454
44.9888
42.1509
39.5004
37.0048
34.6514
32.423
30.3157
28.3221
26.4479
24.6995
23.0847
21.6068
20.2603
19.0249
17.8848
16.8199
15.8179
14.8698
13.9691
13.1123
12.2953
11.5173
10.7775
10.0782
9.42311
8.81472
8.25462
7.74118
7.26681
6.82623
6.41229
6.02034
5.64756
5.29167
4.95073
4.6239
4.31085
4.01139
3.72666
3.4592
3.15538
2.62914
2.21823
1.89432
1.63605
-3.00646
-3.20271
-3.20553
-3.41852
-3.42158
-3.65065
-3.65391
-3.89794
-3.9014
-4.15931
-4.16295
-4.43384
-4.43767
-4.72169
-4.7257
-5.02324
-5.02744
-5.33943
-5.34384
-5.67122
-5.67587
-6.02138
-6.02629
-6.39247
-6.39768
-6.78838
-6.79395
-7.21518
-7.22121
-7.67894
-7.68553
-8.18533
-8.19253
-8.73673
-8.74455
-9.33144
-9.33982
-9.96687
-9.97577
-10.6393
-10.6487
-11.3475
-11.3574
-12.0911
-12.1015
-12.8718
-12.8827
-13.692
-13.7034
-14.5546
-14.5667
-15.4674
-15.4802
-16.4375
-16.4511
-17.4761
-17.4908
-18.6002
-18.6162
-19.8265
-19.844
-21.1703
-21.1895
-22.639
-22.6599
-24.2279
-24.2503
-25.9301
-25.954
-27.7384
-27.7637
-29.649
-29.6757
-31.6643
-31.6925
-33.7906
-33.8203
-36.0385
-36.07
-38.4193
-38.4528
-40.9592
-40.9949
-43.6859
-43.7245
-46.6385
-46.6804
-49.8772
-49.9233
-53.4621
-53.5135
-57.4535
-57.5111
-61.8951
-61.9588
-66.7922
-66.8625
-72.1693
-72.2458
-78.0426
-78.1263
-84.4669
-84.5585
-91.5243
-91.6251
-99.3333
-99.4452
-108.071
-108.197
-117.916
-118.061
-129.23
-129.395
-142.262
-142.453
-157.523
-157.745
-175.525
-175.79
-196.141
-196.44
-218.951
-219.264
-241.959
-242.25
-260.779
-260.961
-268.879
-268.874
-259.001
-258.74
-226.558
-225.962
-170.408
-169.489
-94.2941
-93.1595
-7.18635
-5.96311
80.0778
81.1922
156.067
156.961
213.11
213.729
246.409
246.687
256.526
256.53
249.458
249.281
232.301
232.03
211.088
210.789
189.678
189.396
170.169
169.92
153.025
152.81
138.207
138.018
125.421
125.258
114.262
114.12
104.465
104.34
95.754
95.6424
87.9727
87.8724
80.9489
80.8581
74.6043
74.5224
68.8859
68.8121
63.7469
63.6808
59.1591
59.1001
55.0725
55.02
51.3967
51.3492
48.0671
48.0237
45.0088
44.9688
42.1695
42.1322
39.5179
39.4829
37.0213
36.9883
34.667
34.6358
32.4377
32.4083
30.3297
30.3018
28.3352
28.3089
26.4603
26.4356
24.7109
24.688
23.0952
23.0742
21.6165
21.5972
20.2691
20.2516
19.033
19.0169
17.8923
17.8773
16.827
16.8129
15.8245
15.8112
14.8761
14.8636
13.975
13.9631
13.118
13.1066
12.3007
12.2898
11.5224
11.5121
10.7824
10.7726
10.0829
10.0736
9.42742
9.41881
8.8187
8.81075
8.25828
8.25096
7.74453
7.73783
7.26992
7.26371
6.82913
6.82334
6.41503
6.40955
6.02294
6.01774
5.65004
5.64509
5.29404
5.2893
4.953
4.94846
4.62608
4.62173
4.31292
4.30877
4.01338
4.0094
3.72854
3.72478
3.46094
3.45747
3.15941
3.15135
2.6323
2.62599
2.2207
2.21577
1.89628
1.89236
1.63763
-3.01523
-3.19319
-3.21509
-3.40823
-3.43192
-3.63965
-3.66494
-3.88626
-3.91311
-4.14702
-4.17525
-4.42093
-4.45061
-4.70817
-4.73924
-5.00908
-5.04162
-5.32456
-5.35874
-5.6556
-5.69158
-6.00485
-6.04283
-6.37493
-6.41529
-6.76961
-6.81281
-7.19485
-7.24165
-7.65672
-7.70785
-8.16109
-8.21691
-8.71043
-8.77099
-9.30324
-9.36812
-9.93684
-10.0059
-10.6076
-10.6805
-11.3142
-11.3908
-12.0562
-12.1365
-12.8351
-12.9194
-13.6534
-13.7421
-14.5139
-14.6075
-15.4244
-15.5234
-16.3917
-16.4971
-17.4266
-17.5405
-18.5466
-18.6701
-19.7677
-19.9031
-21.1059
-21.2543
-22.5688
-22.7305
-24.1524
-24.3259
-25.8496
-26.0349
-27.6533
-27.8492
-29.5589
-29.7661
-31.5695
-31.7876
-33.6906
-33.9207
-35.9324
-36.1764
-38.3062
-38.5663
-40.8389
-41.1158
-43.5561
-43.855
-46.4974
-46.8222
-49.7216
-50.0796
-53.289
-53.6875
-57.2601
-57.7059
-61.681
-62.1743
-66.557
-67.0991
-71.9116
-72.5047
-77.7607
-78.4094
-84.1587
-84.8683
-91.1852
-91.9664
-98.9572
-99.8247
-107.648
-108.622
-117.432
-118.549
-128.677
-129.952
-141.621
-143.101
-156.776
-158.51
-174.636
-176.685
-195.136
-197.459
-217.892
-220.336
-240.96
-243.228
-260.077
-261.578
-268.86
-268.83
-259.842
-257.822
-228.622
-223.912
-173.476
-166.357
-98.0861
-89.3221
-11.3178
-1.83892
76.3018
84.9378
153.005
159.956
210.992
215.791
245.43
247.65
256.49
256.525
250.051
248.677
233.236
231.112
212.097
209.782
190.635
188.444
171.012
169.087
153.754
152.087
138.844
137.386
125.97
124.714
114.742
113.643
104.89
103.918
96.1319
95.2668
88.3124
87.535
81.2561
80.5527
74.8817
74.2467
69.1357
68.5638
63.971
63.4582
59.3587
58.9018
55.2504
54.8433
51.5577
51.1894
48.2136
47.878
45.1441
44.834
42.2955
42.0068
39.6363
39.3649
37.1326
36.8773
34.7723
34.5308
32.5372
32.3091
30.424
30.2078
28.4243
28.2201
26.5437
26.3525
24.7885
24.6108
23.1665
23.0033
21.6816
21.5324
20.3283
20.1926
19.0876
18.9626
17.9428
17.827
16.8745
16.7655
15.8693
15.7666
14.9186
14.8212
14.0154
13.9229
13.1564
13.0682
12.3373
12.2533
11.5572
11.4774
10.8155
10.7395
10.1141
10.0424
9.45654
9.38983
8.84563
8.784
8.28305
8.22637
7.76719
7.71527
7.29091
7.24283
6.84874
6.80383
6.43354
6.39109
6.04052
6.00022
5.66676
5.62837
5.31007
5.27332
4.96835
4.93314
4.64077
4.60708
4.32697
4.29474
4.02684
3.99598
3.74126
3.7121
3.47264
3.44581
3.18675
3.12429
2.65372
2.60483
2.23748
2.19919
1.90959
1.87924
1.64837
-3.03611
-3.06238
-3.08904
-3.11594
-3.14318
-3.17084
-3.23783
-3.26635
-3.2953
-3.32449
-3.35406
-3.38403
-3.45648
-3.48745
-3.51858
-3.54999
-3.58169
-3.6138
-3.69114
-3.72418
-3.75743
-3.79091
-3.82462
-3.85878
-3.9409
-3.97581
-4.01106
-4.04647
-4.0821
-4.11807
-4.20447
-4.24115
-4.27814
-4.31529
-4.35285
-4.39055
-4.48129
-4.51976
-4.55855
-4.59748
-4.63678
-4.67629
-4.77136
-4.81164
-4.85227
-4.89311
-4.93423
-4.97573
-5.07527
-5.11749
-5.16007
-5.2029
-5.24606
-5.28956
-5.39407
-5.43839
-5.4831
-5.528
-5.57319
-5.61888
-5.72888
-5.77585
-5.82289
-5.8703
-5.91803
-5.96611
-6.08223
-6.13202
-6.18178
-6.2319
-6.2825
-6.33369
-6.45714
-6.50976
-6.56301
-6.61667
-6.6708
-6.72555
-6.85761
-6.91401
-6.97144
-7.02939
-7.08793
-7.14702
-7.29015
-7.35139
-7.41355
-7.47655
-7.5402
-7.60464
-7.76087
-7.82778
-7.89559
-7.96417
-8.03368
-8.10419
-8.27484
-8.34783
-8.42194
-8.49682
-8.57229
-8.64869
-8.8339
-8.91303
-8.99285
-9.07334
-9.15464
-9.23695
-9.43544
-9.5201
-9.60574
-9.6917
-9.77834
-9.86617
-10.0773
-10.1671
-10.2577
-10.3487
-10.4403
-10.5329
-10.756
-10.8506
-10.9459
-11.0417
-11.1383
-11.2358
-11.47
-11.5693
-11.6695
-11.7701
-11.8714
-11.9738
-12.2196
-12.3238
-12.429
-12.5348
-12.6413
-12.7487
-13.0067
-13.1161
-13.2265
-13.3377
-13.4496
-13.5626
-13.8338
-13.9492
-14.0647
-14.1819
-14.2995
-14.4183
-14.7046
-14.8267
-14.9497
-15.0733
-15.1978
-15.3233
-15.6264
-15.7557
-15.8862
-16.0176
-16.15
-16.2839
-16.6066
-16.7443
-16.8835
-17.0245
-17.1671
-17.3102
-17.6584
-17.8068
-17.9579
-18.1104
-18.2646
-18.4207
-18.7985
-18.9604
-19.1247
-19.2907
-19.4588
-19.6298
-20.0436
-20.2211
-20.4013
-20.5833
-20.7678
-20.9547
-21.4081
-21.602
-21.7988
-21.9978
-22.1992
-22.4037
-22.8982
-23.1092
-23.3226
-23.5376
-23.7549
-23.9751
-24.506
-24.7326
-24.9619
-25.1919
-25.4247
-25.6601
-26.2267
-26.4679
-26.7117
-26.9566
-27.2033
-27.4528
-28.0522
-28.3071
-28.5637
-28.8229
-29.0839
-29.3469
-29.9803
-30.2494
-30.5201
-30.793
-31.0682
-31.3458
-32.0136
-32.297
-32.583
-32.8714
-33.162
-33.4546
-34.1593
-34.4588
-34.7607
-35.0659
-35.3731
-35.6826
-36.4288
-36.7461
-37.0658
-37.3882
-37.7133
-38.0412
-38.8359
-39.1746
-39.5154
-39.8596
-40.2064
-40.5552
-41.4053
-41.7678
-42.1328
-42.5013
-42.8741
-43.251
-44.1654
-44.5564
-44.9524
-45.3529
-45.7577
-46.1663
-47.1599
-47.5868
-48.0215
-48.4609
-48.9055
-49.3567
-50.4521
-50.9237
-51.4026
-51.8902
-52.3831
-52.8827
-54.1019
-54.6268
-55.16
-55.7017
-56.2506
-56.8076
-58.1682
-58.7533
-59.3479
-59.9512
-60.5606
-61.1788
-62.6876
-63.3341
-63.9888
-64.6522
-65.3252
-66.0052
-67.6623
-68.3732
-69.0932
-69.8208
-70.5591
-71.3065
-73.1208
-73.898
-74.6836
-75.4786
-76.2834
-77.0988
-79.0821
-79.9304
-80.787
-81.6595
-82.5424
-83.4363
-85.6068
-86.5387
-87.4806
-88.4351
-89.4036
-90.3883
-92.7802
-93.8071
-94.8504
-95.9106
-96.9843
-98.074
-100.73
-101.876
-103.042
-104.23
-105.433
-106.655
-109.637
-110.922
-112.231
-113.566
-114.922
-116.304
-119.717
-121.195
-122.697
-124.226
-125.786
-127.381
-131.285
-132.986
-134.713
-136.484
-138.29
-140.126
-144.652
-146.627
-148.653
-150.729
-152.845
-155.024
-160.346
-162.698
-165.107
-167.547
-170.036
-172.568
-178.818
-181.52
-184.267
-187.054
-189.894
-192.786
-199.872
-202.908
-205.997
-209.131
-212.234
-215.382
-222.894
-226.098
-229.301
-232.42
-235.527
-238.568
-245.515
-248.297
-250.973
-253.629
-256.09
-258.406
-262.978
-264.583
-266.146
-267.398
-268.15
-268.649
-268.555
-267.911
-266.949
-265.656
-263.799
-261.638
-255.416
-252.137
-248.262
-243.652
-238.677
-233.298
-218.822
-212.054
-204.897
-197.358
-189.17
-180.534
-158.848
-149.288
-139.196
-128.731
-117.988
-106.994
-80.2004
-68.7173
-56.9948
-45.1094
-33.1393
-21.0536
7.88557
19.9577
31.8687
43.6824
55.5207
67.1932
93.7004
104.521
115.127
125.479
135.571
145.398
166.937
175.449
183.611
191.276
198.639
205.661
220.512
226.095
230.988
235.235
239.259
242.867
249.844
251.885
253.295
254.454
255.375
256.147
256.379
255.895
255.164
254.147
252.876
251.383
247.202
245.338
243.154
240.628
238.054
235.399
228.91
226.108
223.261
220.341
217.423
214.48
207.409
204.463
201.549
198.664
195.787
192.904
186.198
183.483
180.831
178.186
175.584
173.027
167.131
164.723
162.352
160.03
157.753
155.504
150.391
148.297
146.251
144.256
142.294
140.367
135.919
134.119
132.359
130.634
128.943
127.283
123.44
121.867
120.325
118.825
117.345
115.887
112.526
111.152
109.803
108.479
107.181
105.902
102.929
101.711
100.512
99.3301
98.1732
97.0331
94.3863
93.3023
92.2348
91.1827
90.1448
89.1219
86.7429
85.7654
84.8015
83.8508
82.9126
81.9879
79.8363
78.9529
78.0804
77.2245
76.3786
75.5433
73.6001
72.8047
72.0215
71.2485
70.4862
69.7316
67.9815
67.2646
66.5589
65.8635
65.1791
64.5049
62.9354
62.2934
61.663
61.0438
60.4341
59.834
58.4372
57.8658
57.3048
56.7524
56.2095
55.6742
54.428
53.9168
53.4123
52.915
52.4245
51.9408
50.8149
50.3534
49.896
49.446
49.0017
48.5624
47.5356
47.1127
46.6943
46.2804
45.8707
45.4662
44.5169
44.1261
43.7384
43.3545
42.9741
42.596
41.7113
41.3463
40.9846
40.6261
40.2706
39.9176
39.0869
38.7424
38.4021
38.0646
37.7279
37.3953
36.6157
36.2914
35.9705
35.6521
35.336
35.0222
34.2834
33.9767
33.6724
33.3704
33.0708
32.7734
32.0756
31.7857
31.4979
31.2123
30.929
30.6477
29.9865
29.7121
29.44
29.1699
28.9018
28.6359
28.0113
27.7527
27.4966
27.2431
26.9913
26.742
26.1572
25.9153
25.6764
25.44
25.2051
24.9728
24.4296
24.2052
23.9841
23.7658
23.5495
23.336
22.8372
22.6317
22.4293
22.2295
22.0312
21.8362
21.3807
21.1931
21.0087
20.8267
20.6467
20.4692
20.0542
19.8825
19.7133
19.5462
19.3807
19.2173
18.8353
18.6774
18.521
18.367
18.2141
18.0629
17.7086
17.5617
17.4164
17.2722
17.129
16.9873
16.654
16.516
16.3793
16.2439
16.1091
15.9756
15.6615
15.5309
15.4016
15.2734
15.1458
15.0194
14.7212
14.5972
14.4744
14.3523
14.2309
14.111
13.8281
13.7103
13.5936
13.4776
13.3626
13.2477
12.9777
12.8654
12.7541
12.6435
12.5333
12.4241
12.1673
12.0603
11.9543
11.8489
11.7437
11.6397
11.3955
11.2936
11.1928
11.0926
10.9929
10.8941
10.6618
10.5653
10.4701
10.3754
10.2812
10.1882
9.96942
9.87914
9.78981
9.70117
9.61296
9.52573
9.32177
9.2374
9.15418
9.0719
8.99027
8.90965
8.72117
8.6434
8.56679
8.49101
8.41582
8.34183
8.16865
8.09725
8.027
7.95764
7.88892
7.82108
7.6623
7.59652
7.53167
7.46752
7.4038
7.34088
7.19379
7.1328
7.07255
7.01295
6.95377
6.89524
6.75793
6.70107
6.64445
6.58839
6.53267
6.47748
6.34766
6.29367
6.24026
6.18726
6.13448
6.08219
5.95897
5.90767
5.85685
5.80641
5.75637
5.70645
5.58894
5.54004
5.49167
5.44356
5.39574
5.34803
5.23565
5.18877
5.14234
5.09625
5.05034
5.00474
4.897
4.8521
4.80767
4.76349
4.71942
4.67566
4.57253
4.52954
4.48693
4.44444
4.40218
4.3603
4.26166
4.22061
4.17973
4.13918
4.09879
4.05875
3.9644
3.92526
3.88631
3.84779
3.80943
3.77147
3.68227
3.64525
3.60871
3.57237
3.53626
3.50072
3.41836
3.38497
3.35191
3.31972
3.28809
3.25589
3.06123
2.98427
2.91046
2.83977
2.77156
2.70512
2.55579
2.49656
2.43942
2.38395
2.33002
2.27793
2.16067
2.1142
2.06914
2.02538
1.98281
1.94165
1.84883
1.81206
1.77632
1.74143
1.70729
1.67419
