-2.44027
-2.80576
-3.2396
-3.75546
-4.34646
-5.00735
-5.74451
-6.57994
-7.55927
-8.74142
-10.1395
-11.7303
-13.5105
-15.5149
-17.8266
-20.5981
-23.9667
-27.9181
-32.4146
-37.511
-43.3952
-50.4645
-59.3357
-70.4934
-84.2505
-101.396
-123.725
-154.509
-197.955
-248.441
-265.448
-184.359
-6.77006
171.056
253.208
238.501
191.096
149.874
119.82
97.6971
80.6741
67.2449
56.7623
48.5572
41.8393
36.0867
31.0462
26.6242
22.8403
19.7248
17.1387
14.9061
12.9256
11.1544
9.59008
8.25769
7.14864
6.20134
5.36272
4.60595
3.92265
3.33254
2.2727
1.61001
1.19561
-2.44129
-2.80457
-2.80695
-3.23817
-3.24102
-3.75379
-3.75713
-4.34458
-4.34834
-5.00526
-5.00945
-5.74217
-5.74686
-6.57725
-6.58264
-7.55604
-7.5625
-8.73754
-8.74531
-10.135
-10.144
-11.7252
-11.7353
-13.5049
-13.5162
-15.5085
-15.5213
-17.8191
-17.8341
-20.5889
-20.6073
-23.9557
-23.9778
-27.9054
-27.9308
-32.4002
-32.4289
-37.4946
-37.5274
-43.376
-43.4144
-50.4409
-50.4881
-59.3057
-59.3658
-70.4561
-70.5306
-84.2047
-84.2963
-101.338
-101.454
-123.647
-123.803
-154.399
-154.619
-197.805
-198.106
-248.305
-248.577
-265.514
-265.381
-184.774
-183.942
-7.3662
-6.17384
170.631
171.481
253.135
253.279
238.622
238.379
191.237
190.954
149.98
149.768
119.897
119.743
97.7548
97.6395
80.7197
80.6284
67.2806
67.2092
56.79
56.7345
48.5794
48.535
41.8581
41.8206
36.1029
36.0706
31.0605
31.032
26.6366
26.6118
22.8506
22.8299
19.7333
19.7164
17.1459
17.1316
14.9124
14.8998
12.9312
12.92
11.1594
11.1493
9.59444
9.58571
8.26134
8.25405
7.15172
7.14555
6.204
6.19867
5.36511
5.36033
4.60811
4.60378
3.92459
3.92072
3.3341
3.33098
2.27526
2.27015
1.61155
1.60847
1.19662
-2.45101
-2.7933
-2.81829
-3.22465
-3.25464
-3.73794
-3.77306
-4.32672
-4.36627
-4.98537
-5.02939
-5.71991
-5.76921
-6.55171
-6.60833
-7.52548
-7.59329
-8.70075
-8.78232
-10.0924
-10.1869
-11.6771
-11.7836
-13.4512
-13.5701
-15.4476
-15.5825
-17.7481
-17.9061
-20.5017
-20.695
-23.8509
-24.0832
-27.7851
-28.0517
-32.2638
-32.5657
-37.3394
-37.6834
-43.194
-43.5975
-50.2164
-50.7134
-59.0217
-59.6522
-70.1036
-70.8857
-83.7709
-84.7338
-100.788
-102.008
-122.911
-124.548
-153.362
-155.671
-196.38
-199.552
-247.011
-249.86
-266.101
-264.697
-188.666
-179.931
-12.9781
-0.50542
166.551
175.46
252.355
253.903
239.765
237.197
192.582
189.613
150.993
148.765
120.632
119.018
98.3072
97.0939
81.1519
80.1976
67.6218
66.8713
57.0546
56.472
48.7891
48.3251
42.035
41.6442
36.2564
35.9176
31.1959
30.8972
26.7544
26.4946
22.9493
22.7319
19.814
19.6363
17.2142
17.0636
14.9724
14.8401
12.9847
12.8665
11.2072
11.1018
9.63604
9.54435
8.29609
8.21951
7.18108
7.11651
6.22938
6.1734
5.38787
5.33767
4.62875
4.58325
3.94305
3.90238
3.34899
3.31628
2.29979
2.24602
1.62631
1.59398
1.20613
-2.48536
-2.53688
-2.58937
-2.64318
-2.69815
-2.75436
-2.85856
-2.91903
-2.98128
-3.04496
-3.11052
-3.17789
-3.3028
-3.37535
-3.44951
-3.52553
-3.60336
-3.683
-3.82906
-3.91315
-3.99875
-4.08586
-4.17455
-4.26466
-4.42941
-4.52379
-4.61969
-4.71703
-4.8159
-4.91636
-5.09968
-5.20464
-5.31134
-5.41987
-5.53028
-5.64263
-5.84804
-5.9663
-6.08669
-6.20951
-6.33476
-6.46302
-6.69921
-6.83594
-6.97613
-7.11989
-7.26789
-7.42
-7.70232
-7.86669
-8.03589
-8.2101
-8.38918
-8.57325
-8.91327
-9.11051
-9.31258
-9.51889
-9.72931
-9.94415
-10.3382
-10.5648
-10.7952
-11.0295
-11.2677
-11.5102
-11.9535
-12.2071
-12.465
-12.7271
-12.9937
-13.2646
-13.7604
-14.0446
-14.3342
-14.6293
-14.9296
-15.2362
-15.7985
-16.1232
-16.4556
-16.7949
-17.1436
-17.5007
-18.1606
-18.545
-18.9413
-19.3487
-19.7685
-20.2009
-21.006
-21.4761
-21.9594
-22.4561
-22.9655
-23.4882
-24.4555
-25.0142
-25.584
-26.1672
-26.761
-27.3671
-28.478
-29.117
-29.7673
-30.4301
-31.1047
-31.7908
-33.0479
-33.7699
-34.5059
-35.2556
-36.0201
-36.8007
-38.2348
-39.0612
-39.9066
-40.7728
-41.6579
-42.5653
-44.2471
-45.2249
-46.231
-47.2683
-48.338
-49.4427
-51.5134
-52.7298
-53.9879
-55.2915
-56.6434
-58.0433
-60.6684
-62.2062
-63.7959
-65.4408
-67.139
-68.8887
-72.1454
-74.0506
-76.0134
-78.0367
-80.1243
-82.2736
-86.287
-88.6414
-91.0724
-93.5868
-96.1963
-98.8966
-103.98
-106.994
-110.134
-113.395
-116.806
-120.388
-127.212
-131.287
-135.576
-140.088
-144.824
-149.819
-159.417
-165.215
-171.334
-177.749
-184.445
-191.45
-204.64
-212.211
-219.883
-227.583
-235.054
-242.274
-254.137
-259.366
-263.558
-266.842
-268.299
-267.484
-261.457
-254.678
-245.234
-233.362
-218.766
-201.594
-165.117
-141.418
-116.141
-89.4903
-61.6194
-32.8671
19.3981
48.2883
76.0873
102.885
128.157
151.606
188.477
205.474
220.57
232.394
241.703
248.684
255.472
256.246
255.237
252.526
248.515
243.473
232.747
225.949
218.945
211.722
204.524
197.335
184.995
178.399
172.081
165.981
160.15
154.596
145.33
140.471
135.834
131.444
127.246
123.248
116.534
112.993
109.615
106.369
103.261
100.277
95.2134
92.5238
89.9321
87.4312
85.0167
82.6875
78.7197
76.6045
74.5604
72.5849
70.6742
68.8337
65.7088
64.0498
62.4505
60.9065
59.4232
57.9938
55.5681
54.2762
53.0331
51.8293
50.6658
49.5349
47.6015
46.5591
45.5487
44.563
43.6001
42.6601
41.0342
40.151
39.2878
38.442
37.6128
36.7993
35.3863
34.6159
33.8602
33.1183
32.3895
31.6739
30.4293
29.7506
29.0856
28.4342
27.7953
27.1706
26.0882
25.5003
24.9277
24.3704
23.8269
23.2992
22.3936
21.9075
21.4359
20.9779
20.5324
20.1002
19.3596
18.9593
18.5694
18.1897
17.8187
17.4558
16.8286
16.4868
16.1512
15.8229
15.5006
15.184
14.6324
14.3309
14.0345
13.7428
13.4558
13.1735
12.6811
12.4115
12.146
11.885
11.6285
11.3758
10.9366
10.6964
10.4614
10.2308
10.0047
9.7832
9.40118
9.19412
8.99256
8.79611
8.60498
8.41917
8.1001
7.92791
7.7603
7.5973
7.43887
7.2839
7.01607
6.8709
6.7286
6.58942
6.45291
6.31891
6.08566
5.95817
5.83274
5.70926
5.58778
5.46807
5.25889
5.14416
5.0309
4.91948
4.80969
4.70143
4.51181
4.40781
4.30534
4.20456
4.10551
4.00815
3.83872
3.74639
3.65638
3.56885
3.48398
3.40238
3.24133
3.03452
2.85103
2.68336
2.52969
2.38905
2.16439
2.05196
1.94805
1.85201
1.763
1.67972
1.54429
1.47502
1.41104
1.35071
1.29377
1.24036
