-1.71721
-1.88955
-2.07275
-2.26822
-2.47854
-2.70779
-2.96276
-3.24969
-3.57154
-3.92572
-4.30882
-4.71969
-5.15889
-5.62968
-6.13788
-6.69175
-7.30636
-8.0009
-8.7877
-9.66379
-10.6205
-11.6516
-12.7579
-13.9455
-15.227
-16.6224
-18.1688
-19.9141
-21.9029
-24.1496
-26.6315
-29.3299
-32.2453
-35.3983
-38.8239
-42.5859
-46.7854
-51.5847
-57.1675
-63.6738
-71.1447
-79.6473
-89.3361
-100.519
-113.67
-129.56
-149.116
-173.822
-204.04
-237.462
-263.827
-264.246
-221.003
-129.506
-6.57466
115.882
207.947
252.22
252.186
227.889
196.855
168.319
144.699
125.583
109.906
96.8226
85.6982
76.1005
67.8261
60.7502
54.7586
49.6139
45.109
41.0667
37.3836
34.0017
30.8776
27.9945
25.3627
23.0007
20.922
19.0977
17.4714
15.991
14.626
13.3588
12.1765
11.0748
10.0551
9.12741
8.29869
7.56596
6.91078
6.31432
5.76226
5.24674
4.76227
4.30669
3.87961
3.48534
2.9604
2.29944
1.83148
1.49101
1.23566
1.03664
0.877673
0.747847
0.634079
0.536941
-1.718
-1.88872
-1.89039
-2.07186
-2.07364
-2.26726
-2.26917
-2.47751
-2.47957
-2.70666
-2.70893
-2.96148
-2.96403
-3.24825
-3.25112
-3.56994
-3.57313
-3.92398
-3.92747
-4.30694
-4.31069
-4.71769
-4.72169
-5.15675
-5.16103
-5.62738
-5.63198
-6.13539
-6.14037
-6.68901
-6.69449
-7.3033
-7.30942
-7.99741
-8.0044
-8.78376
-8.79163
-9.65947
-9.66812
-10.6158
-10.6252
-11.6466
-11.6566
-12.7525
-12.7633
-13.9396
-13.9512
-15.2207
-15.2333
-16.6155
-16.6293
-18.161
-18.1765
-19.9053
-19.9229
-21.8929
-21.9129
-24.1385
-24.1608
-26.6192
-26.6437
-29.3166
-29.3431
-32.2311
-32.2596
-35.3828
-35.4138
-38.8069
-38.8408
-42.5673
-42.6046
-46.7644
-46.8065
-51.5602
-51.6091
-57.1391
-57.196
-63.6409
-63.7067
-71.1071
-71.1824
-79.6046
-79.6901
-89.2871
-89.3852
-100.462
-100.576
-113.603
-113.738
-129.477
-129.642
-149.012
-149.219
-173.692
-173.952
-203.884
-204.195
-237.31
-237.614
-263.746
-263.907
-264.346
-264.145
-221.323
-220.682
-130.037
-128.975
-7.18635
-5.96311
115.364
116.399
207.609
208.283
252.145
252.294
252.26
252.11
228.029
227.748
197
196.71
168.441
168.196
144.799
144.6
125.664
125.502
109.973
109.839
96.8792
96.766
85.747
85.6495
76.1424
76.0585
67.8623
67.79
60.7808
60.7196
54.7846
54.7325
49.6365
49.5914
45.1291
45.0889
41.0848
41.0486
37.4001
37.3671
34.017
33.9863
30.8918
30.8634
28.0075
27.9815
25.3745
25.3509
23.0112
22.9903
20.9311
20.9128
19.1059
19.0896
17.4787
17.4641
15.9977
15.9843
14.6322
14.6198
13.3646
13.3531
12.1819
12.1711
11.0798
11.0698
10.0597
10.0505
9.13155
9.12327
8.30238
8.29501
7.56922
7.5627
6.91371
6.90785
6.31703
6.31162
5.76477
5.75976
5.2491
5.24438
4.76449
4.76006
4.30877
4.30461
3.88155
3.87767
3.48711
3.48358
2.96414
2.95667
2.30206
2.29683
1.83333
1.82963
1.49239
1.48963
1.2367
1.23461
1.03748
1.0358
0.878321
0.877026
0.748425
0.74727
0.634577
0.633582
0.53736
-1.72411
-1.88224
-1.89689
-2.06495
-2.08057
-2.25988
-2.27658
-2.46953
-2.48758
-2.69786
-2.71777
-2.95163
-2.97393
-3.23718
-3.26224
-3.55761
-3.58553
-3.91051
-3.94099
-4.29248
-4.32525
-4.70216
-4.73723
-5.14019
-5.17766
-5.60958
-5.64983
-6.11604
-6.15973
-6.6678
-6.71579
-7.27962
-7.3333
-7.97042
-8.03158
-8.75335
-8.82222
-9.62601
-9.70167
-10.5794
-10.6617
-11.6076
-11.6957
-12.7107
-12.8053
-13.8947
-13.9961
-15.172
-15.282
-16.5622
-16.6829
-18.1012
-18.2366
-19.8374
-19.991
-21.8157
-21.9907
-24.0522
-24.2475
-26.5246
-26.7387
-29.2141
-29.4458
-32.1208
-32.3704
-35.263
-35.534
-38.6758
-38.9725
-42.4229
-42.7496
-46.6018
-46.9699
-51.3713
-51.799
-56.9194
-57.4176
-63.3871
-63.9626
-70.8161
-71.475
-79.2746
-80.0213
-88.9086
-89.7663
-100.022
-101.019
-113.081
-114.264
-128.841
-130.284
-148.209
-150.027
-172.692
-174.965
-202.694
-205.404
-236.124
-238.789
-263.107
-264.516
-265.079
-263.361
-223.758
-218.147
-134.128
-124.83
-11.9294
-1.22848
111.282
120.459
204.957
210.831
251.533
252.843
252.816
251.507
229.113
226.655
198.118
195.587
169.396
167.248
145.574
143.83
126.298
124.875
110.496
109.321
97.3201
96.3286
86.1261
85.2731
76.4682
75.7331
68.1435
67.5108
61.0194
60.4834
54.9872
54.5306
49.8118
49.4171
45.285
44.9338
41.2255
40.9086
37.5288
37.2394
34.1362
33.8676
31.0017
30.754
28.1087
27.8807
25.466
25.2597
23.0926
22.9094
21.0023
20.8422
19.1688
19.027
17.5354
17.4077
16.0496
15.9326
14.6804
14.5718
13.4093
13.3084
12.2237
12.1294
11.1187
11.031
10.0956
10.0148
9.16375
9.09125
8.33094
8.26653
7.59456
7.5375
6.93651
6.88516
6.33802
6.29071
5.78423
5.74033
5.26741
5.22611
4.78168
4.74291
4.32489
4.28851
3.89662
3.86267
3.50081
3.47004
2.99336
2.92799
2.32246
2.27677
1.8478
1.81542
1.50314
1.47893
1.24488
1.22654
1.04402
1.02933
0.883352
0.87202
0.752915
0.74281
0.638445
0.629742
0.540622
-1.74159
-1.7656
-1.78988
-1.81439
-1.83905
-1.8639
-1.91551
-1.94108
-1.96681
-1.99278
-2.01892
-2.04538
-2.10038
-2.12754
-2.15498
-2.18269
-2.21065
-2.23894
-2.29778
-2.3269
-2.35636
-2.38627
-2.41641
-2.44695
-2.51049
-2.54207
-2.57412
-2.60664
-2.63957
-2.67301
-2.74313
-2.77812
-2.81367
-2.84973
-2.88651
-2.92384
-3.0023
-3.04156
-3.08152
-3.1222
-3.1636
-3.20582
-3.29421
-3.33842
-3.3835
-3.42931
-3.47569
-3.52274
-3.62108
-3.6701
-3.71969
-3.77003
-3.82078
-3.87238
-3.97968
-4.03292
-4.08677
-4.1412
-4.19603
-4.25151
-4.36684
-4.42399
-4.48178
-4.54005
-4.59876
-4.65819
-4.78166
-4.84267
-4.90445
-4.96687
-5.02975
-5.09328
-5.22532
-5.29077
-5.35697
-5.42377
-5.4912
-5.5592
-5.70103
-5.77159
-5.84285
-5.9149
-5.98739
-6.06114
-6.21512
-6.29157
-6.36896
-6.44754
-6.52704
-6.60787
-6.77669
-6.861
-6.94657
-7.03406
-7.12258
-7.21276
-7.40181
-7.49694
-7.59376
-7.6923
-7.79236
-7.8944
-8.10952
-8.21727
-8.32701
-8.43879
-8.55234
-8.66759
-8.90984
-9.03039
-9.15299
-9.27741
-9.40335
-9.53122
-9.79788
-9.93062
-10.065
-10.2008
-10.3379
-10.4767
-10.7659
-10.9091
-11.0538
-11.2003
-11.348
-11.4974
-11.8074
-11.9612
-12.1168
-12.2738
-12.4319
-12.5922
-12.9252
-13.0899
-13.2566
-13.4254
-13.5955
-13.7676
-14.125
-14.3024
-14.4821
-14.6641
-14.8483
-15.0343
-15.4215
-15.6144
-15.8102
-16.0083
-16.2086
-16.4117
-16.8363
-17.0488
-17.2643
-17.4838
-17.706
-17.9324
-18.4089
-18.6473
-18.8897
-19.1371
-19.3888
-19.6461
-20.187
-20.4586
-20.7362
-21.0184
-21.3058
-21.5981
-22.214
-22.5231
-22.8375
-23.1566
-23.4796
-23.8083
-24.4958
-24.8387
-25.1861
-25.5389
-25.8955
-26.2569
-27.0104
-27.3844
-27.7632
-28.1458
-28.5325
-28.9242
-29.7398
-30.1445
-30.5532
-30.9665
-31.3855
-31.8082
-32.6877
-33.1254
-33.5679
-34.0146
-34.4664
-34.9239
-35.8781
-36.3522
-36.8314
-37.3164
-37.8077
-38.3056
-39.3482
-39.8668
-40.3914
-40.9242
-41.4676
-42.0164
-43.1655
-43.7414
-44.3269
-44.9224
-45.5285
-46.1441
-47.4393
-48.0948
-48.7616
-49.4421
-50.1347
-50.8424
-52.3436
-53.1007
-53.8741
-54.6643
-55.4743
-56.3015
-58.0541
-58.9389
-59.8447
-60.7665
-61.7087
-62.6714
-64.6968
-65.7166
-66.7558
-67.8161
-68.8967
-69.9959
-72.3143
-73.4774
-74.6606
-75.8645
-77.0921
-78.3448
-80.9719
-82.2976
-83.6468
-85.0199
-86.4215
-87.8467
-90.8623
-92.3795
-93.9287
-95.5141
-97.1339
-98.7886
-102.292
-104.075
-105.897
-107.76
-109.663
-111.614
-115.78
-117.907
-120.104
-122.355
-124.666
-127.053
-132.142
-134.742
-137.432
-140.196
-143.04
-145.986
-152.349
-155.639
-158.992
-162.507
-166.152
-169.889
-177.89
-181.966
-186.143
-190.424
-194.821
-199.342
-208.867
-213.582
-218.318
-223.108
-227.954
-232.693
-242.074
-246.373
-250.505
-254.463
-258.061
-261.162
-266.237
-267.861
-268.68
-268.827
-268.122
-266.683
-260.923
-257.076
-252.252
-246.11
-238.742
-230.433
-210.588
-199.511
-187.207
-174.02
-160.054
-145.523
-112.826
-96.0565
-78.9087
-61.447
-43.5163
-25.3588
12.1841
30.2877
48.1446
65.8844
82.9292
99.4071
131.743
146.641
160.489
173.53
185.808
197.126
217.604
226.163
233.247
239.387
244.648
248.966
254.212
255.609
256.488
256.404
255.617
254.219
249.652
246.925
243.908
240.157
236.221
232.137
223.519
219.112
214.678
210.186
205.719
201.306
192.402
188.144
183.972
179.964
176.006
172.149
164.583
161.025
157.574
154.212
150.982
147.82
141.671
138.785
135.988
133.281
130.663
128.12
123.116
120.757
118.49
116.269
114.111
112.006
107.868
105.928
104.03
102.172
100.358
98.5875
95.0983
93.451
91.8413
90.2657
88.7234
87.2136
84.2155
82.7958
81.4063
80.045
78.7108
77.4065
74.8183
73.5935
72.3969
71.2262
70.0775
68.952
66.7264
65.6764
64.6508
63.6464
62.6626
61.7046
59.8191
58.9274
58.0558
57.2072
56.3791
55.5697
53.9636
53.2033
52.4592
51.7302
51.0158
50.3168
48.9261
48.2653
47.6158
46.9775
46.3494
45.7313
44.4956
43.9067
43.3257
42.7525
42.1858
41.6286
40.5128
39.9779
39.4486
38.9251
38.4091
37.8995
36.8766
36.3849
35.8997
35.4204
34.9464
34.477
33.5318
33.0783
32.6301
32.1877
31.7494
31.316
30.4444
30.0257
29.6116
29.2027
28.7981
28.3984
27.5958
27.2124
26.8335
26.4598
26.0908
25.7284
25.0018
24.6548
24.314
23.9786
23.6495
23.3264
22.6814
22.3754
22.0752
21.7803
21.4904
21.2067
20.6431
20.3755
20.1126
19.8534
19.5989
19.3494
18.8504
18.6124
18.3786
18.1482
17.9214
17.6976
17.2481
17.0327
16.8203
16.6098
16.4025
16.1982
15.7861
15.5881
15.3926
15.1991
15.0077
14.8184
14.4359
14.2521
14.0712
13.8913
13.7133
13.5372
13.1819
13.0105
12.8413
12.6734
12.5071
12.343
12.0115
11.8518
11.6937
11.5376
11.3829
11.2299
10.9213
10.7731
10.6266
10.482
10.3389
10.198
9.91458
9.77932
9.64584
9.51376
9.38384
9.25614
9.00086
8.87909
8.75951
8.64185
8.52633
8.41283
8.18633
8.07864
7.97324
7.86958
7.76753
7.66726
7.4664
7.37051
7.27628
7.18353
7.09185
7.00179
6.82102
6.73444
6.64898
6.56432
6.4808
6.39806
6.23158
6.15166
6.07264
5.99426
5.91677
5.83995
5.68527
5.61067
5.53687
5.46384
5.39142
5.3197
5.17438
5.10457
5.03532
4.96653
4.89824
4.8307
4.69434
4.62847
4.56335
4.49868
4.43445
4.37101
4.24285
4.18106
4.11991
4.05926
3.99916
3.93978
3.82017
3.76274
3.70611
3.65005
3.59484
3.54021
3.43193
3.38123
3.33178
3.28386
3.19959
3.0789
2.84899
2.74613
2.6483
2.55473
2.4662
2.38189
2.22119
2.14844
2.07944
2.0133
1.95013
1.89002
1.77588
1.72352
1.67312
1.62498
1.57871
1.53442
1.44909
1.41032
1.37315
1.33706
1.30215
1.26863
1.20407
1.1741
1.14503
1.11678
1.08939
1.06292
1.01121
0.987186
0.963934
0.941248
0.919297
0.898116
0.857887
0.838856
0.820157
0.801728
0.783629
0.765802
0.730253
0.713429
0.696994
0.680844
0.665028
0.649574
0.618936
0.604499
0.590372
0.57658
0.563123
0.550023
