-2.16115
-2.3548
-2.56381
-2.79237
-3.04572
-3.32788
-3.6403
-3.98139
-4.34935
-4.74354
-5.16467
-5.61587
-6.1019
-6.63049
-7.21283
-7.86334
-8.59155
-9.40054
-10.285
-11.241
-12.2671
-13.3666
-14.5495
-15.8286
-17.2285
-18.7807
-20.5237
-22.4846
-24.6695
-27.065
-29.6637
-32.4695
-35.4985
-38.7895
-42.3943
-46.4023
-50.9327
-56.1272
-62.1049
-68.9357
-76.6736
-85.4421
-95.4365
-106.999
-120.612
-136.96
-156.834
-180.886
-208.234
-234.549
-250.063
-240.523
-194.692
-112.107
-6.63449
99.0432
181.898
228.037
238.524
224.777
200.324
174.646
151.876
132.647
116.658
103.221
91.7521
81.8502
73.2524
65.785
59.345
53.7987
48.9734
44.7021
40.8478
37.3311
34.0937
31.1013
28.3377
25.8054
23.5138
21.4702
19.6554
18.0318
16.5599
15.206
13.9506
12.7804
11.6884
10.6721
9.73543
8.88373
8.11859
7.43385
6.81458
6.2476
5.7213
5.22909
4.76679
4.33172
3.92478
3.55126
3.10906
2.42985
1.94437
1.58855
1.31917
1.11098
0.943086
0.808388
-2.16207
-2.35381
-2.35579
-2.56273
-2.56489
-2.79118
-2.79355
-3.04439
-3.04704
-3.32642
-3.32935
-3.63868
-3.64192
-3.97964
-3.98314
-4.34747
-4.35123
-4.74153
-4.74555
-5.16252
-5.16681
-5.61357
-5.61818
-6.09941
-6.10439
-6.62775
-6.63322
-7.20979
-7.21587
-7.85995
-7.86674
-8.58776
-8.59535
-9.39634
-9.40474
-10.2804
-10.2895
-11.2361
-11.2459
-12.2619
-12.2724
-13.361
-13.3722
-14.5435
-14.5556
-15.822
-15.8352
-17.2213
-17.2358
-18.7725
-18.7888
-20.5145
-20.5328
-22.4743
-22.4948
-24.6582
-24.6808
-27.0527
-27.0773
-29.6503
-29.677
-32.4551
-32.4839
-35.4829
-35.5141
-38.7726
-38.8065
-42.3756
-42.413
-46.3814
-46.4231
-50.9088
-50.9567
-56.0997
-56.1547
-62.0734
-62.1365
-68.9
-68.9715
-76.633
-76.7142
-85.396
-85.4883
-95.3837
-95.4894
-106.937
-107.061
-120.539
-120.686
-136.872
-137.049
-156.726
-156.941
-180.758
-181.015
-208.095
-208.374
-234.431
-234.666
-250.027
-250.099
-240.65
-240.394
-195.013
-194.37
-112.585
-111.629
-7.16459
-6.10379
98.5667
99.5191
181.57
182.226
227.888
228.185
238.546
238.502
224.882
224.672
200.456
200.192
174.768
174.525
151.979
151.772
132.733
132.561
116.731
116.585
103.282
103.16
91.8045
91.6998
81.8957
81.8046
73.2919
73.2129
65.8193
65.7508
59.3745
59.3156
53.8241
53.7733
48.9958
48.9511
44.7221
44.6821
40.8659
40.8296
37.3478
37.3145
34.1091
34.0784
31.1155
31.0871
28.3508
28.3246
25.8173
25.7935
23.5245
23.5031
21.4797
21.4607
19.6639
19.647
18.0395
18.0242
16.5668
16.5529
15.2124
15.1996
13.9566
13.9446
12.786
12.7749
11.6936
11.6832
10.677
10.6673
9.73985
9.73102
8.88772
8.87974
8.12218
8.11502
7.43707
7.43064
6.8175
6.81167
6.25029
6.2449
5.72381
5.71879
5.23145
5.22674
4.769
4.76457
4.3338
4.32964
3.92671
3.92285
3.553
3.54952
3.11312
3.105
2.43266
2.42704
1.94641
1.94234
1.59006
1.58705
1.32034
1.31801
1.1119
1.11006
0.943835
0.942338
0.809002
-2.169
-2.34639
-2.36324
-2.55468
-2.57298
-2.78233
-2.80245
-3.03453
-3.05696
-3.31545
-3.34035
-3.62659
-3.65406
-3.96653
-3.9963
-4.33338
-4.36537
-4.72647
-4.76066
-5.14642
-5.18296
-5.59627
-5.63556
-6.08076
-6.12312
-6.60729
-6.65378
-7.18708
-7.23872
-7.83453
-7.89227
-8.5594
-8.62385
-9.36494
-9.43623
-10.2464
-10.3237
-11.1994
-11.2826
-12.2226
-12.3118
-13.3189
-13.4144
-14.4979
-14.6013
-15.7727
-15.8846
-17.1667
-17.2904
-18.7117
-18.8498
-20.4462
-20.6015
-22.3976
-22.5719
-24.5734
-24.7659
-26.9603
-27.1701
-29.5504
-29.7773
-32.3475
-32.592
-35.3663
-35.6312
-38.6457
-38.934
-42.2355
-42.5538
-46.2253
-46.5804
-50.73
-51.1366
-55.8941
-56.3617
-61.8371
-62.374
-68.632
-69.2409
-76.3296
-77.0195
-85.0511
-85.8355
-94.9887
-95.8871
-106.473
-107.528
-119.99
-121.239
-136.211
-137.715
-155.923
-157.749
-179.797
-181.987
-207.048
-209.419
-233.546
-235.541
-249.738
-250.332
-241.567
-239.389
-197.395
-191.922
-116.147
-108.027
-11.1572
-2.08373
94.9706
103.075
179.082
184.656
226.755
229.278
238.644
238.323
225.656
223.873
201.431
199.201
175.684
173.616
152.75
150.999
133.38
131.922
117.278
116.043
103.742
102.704
92.1986
91.3082
82.2387
81.4634
73.5889
72.9174
66.077
65.4948
59.596
59.0956
54.0152
53.583
49.1638
48.784
44.8721
44.5328
41.0022
40.6939
37.4732
37.1896
34.2246
33.9633
31.2223
30.9808
28.4491
28.2267
25.9069
25.7042
23.6051
23.4232
21.5511
21.3895
19.7275
19.5838
18.0969
17.9671
16.6191
16.5009
15.2607
15.1515
14.0016
13.8998
12.8279
12.7331
11.7328
11.6442
10.7132
10.6312
9.77305
9.69796
8.91775
8.8499
8.14918
8.08829
7.46122
7.40659
6.8394
6.78985
6.27054
6.22473
5.74266
5.7
5.24914
5.2091
4.78563
4.74799
4.34943
4.31405
3.94122
3.9084
3.56608
3.53653
3.14391
3.07485
2.45387
2.40614
1.96179
1.92719
1.60144
1.57569
1.32911
1.30934
1.11883
1.1032
0.949476
0.936754
0.813616
-2.18858
-2.21543
-2.24255
-2.26998
-2.29765
-2.32562
-2.3843
-2.41316
-2.44234
-2.47194
-2.50182
-2.53215
-2.59587
-2.62734
-2.65922
-2.69158
-2.72438
-2.75762
-2.82771
-2.86253
-2.89785
-2.93369
-2.97006
-3.00699
-3.08505
-3.12369
-3.16298
-3.20303
-3.24357
-3.28472
-3.37156
-3.41459
-3.45822
-3.50248
-3.54734
-3.59277
-3.68842
-3.7356
-3.78331
-3.83159
-3.88045
-3.92982
-4.03356
-4.0846
-4.13616
-4.18826
-4.24082
-4.29392
-4.40533
-4.46006
-4.51528
-4.57115
-4.62745
-4.68427
-4.80337
-4.86182
-4.92082
-4.98049
-5.04065
-5.10135
-5.22859
-5.29114
-5.35435
-5.41829
-5.48275
-5.54786
-5.6847
-5.75187
-5.81986
-5.88879
-5.95833
-6.02862
-6.17616
-6.24904
-6.32304
-6.39785
-6.47351
-6.55011
-6.71203
-6.79195
-6.87303
-6.95536
-7.03885
-7.12375
-7.3035
-7.39259
-7.48309
-7.57506
-7.6687
-7.76362
-7.96464
-8.06434
-8.16576
-8.26912
-8.37377
-8.48015
-8.70471
-8.81603
-8.92884
-9.04345
-9.15976
-9.27737
-9.52532
-9.64752
-9.77098
-9.89646
-10.0231
-10.1513
-10.4204
-10.5529
-10.6867
-10.8222
-10.9589
-11.0968
-11.3865
-11.5288
-11.6726
-11.8181
-11.9647
-12.1127
-12.4231
-12.5756
-12.7296
-12.8854
-13.0425
-13.2011
-13.5339
-13.6978
-13.8634
-14.0308
-14.1998
-14.3708
-14.7299
-14.9066
-15.0854
-15.2668
-15.4497
-15.6349
-16.0248
-16.2173
-16.4123
-16.6108
-16.8112
-17.0146
-17.4451
-17.6577
-17.8729
-18.0925
-18.3154
-18.542
-19.0229
-19.2612
-19.5031
-19.75
-20.0007
-20.2555
-20.7963
-21.0647
-21.3377
-21.6159
-21.8982
-22.1837
-22.7903
-23.0903
-23.3954
-23.7053
-24.0188
-24.3365
-25.0067
-25.3367
-25.6718
-26.0114
-26.3545
-26.7018
-27.4325
-27.7917
-28.1553
-28.5231
-28.8951
-29.2711
-30.0604
-30.4492
-30.8422
-31.2393
-31.6408
-32.0464
-32.8975
-33.3167
-33.7408
-34.1696
-34.6029
-35.0408
-35.9623
-36.4168
-36.8767
-37.3422
-37.8134
-38.2915
-39.2951
-39.7922
-40.2958
-40.8058
-41.3212
-41.8448
-42.9539
-43.5023
-44.0594
-44.6253
-45.2017
-45.7872
-47.0273
-47.6433
-48.2712
-48.9124
-49.5656
-50.2321
-51.6472
-52.3526
-53.0749
-53.8088
-54.5583
-55.3223
-56.9493
-57.7627
-58.5926
-59.4399
-60.3011
-61.1784
-63.0483
-63.9799
-64.9295
-65.8954
-66.8818
-67.8843
-70.0044
-71.0614
-72.1377
-73.2353
-74.3501
-75.4835
-77.8863
-79.0843
-80.3044
-81.5413
-82.8038
-84.0903
-86.8208
-88.1825
-89.5691
-90.9815
-92.4214
-93.8895
-97.0164
-98.5867
-100.186
-101.817
-103.48
-105.189
-108.858
-110.692
-112.56
-114.473
-116.447
-118.47
-122.817
-125.011
-127.262
-129.571
-131.936
-134.371
-139.62
-142.273
-144.999
-147.814
-150.715
-153.689
-160.06
-163.311
-166.651
-170.087
-173.558
-177.124
-184.765
-188.555
-192.404
-196.296
-200.19
-204.112
-212.348
-216.24
-220.07
-223.788
-227.474
-231.011
-237.749
-240.649
-243.257
-245.501
-247.322
-248.79
-250.742
-250.72
-250.009
-248.666
-246.655
-243.916
-236.288
-231.488
-225.769
-219.244
-211.925
-203.823
-184.761
-174.36
-163.201
-151.404
-138.959
-125.987
-97.7382
-83.4838
-68.6956
-53.4484
-37.9714
-22.6018
9.32248
24.9059
40.2241
55.2815
70.1394
84.6548
112.815
125.786
138.222
150.112
161.295
171.812
191.05
199.253
206.545
212.892
218.528
223.461
231.619
234.302
236.377
237.774
238.555
238.752
237.661
236.395
234.753
232.712
230.333
227.726
221.557
218.277
214.91
211.356
207.756
204.122
196.422
192.705
189.105
185.46
181.839
178.288
171.09
167.738
164.424
161.174
158.018
154.954
148.851
145.985
143.184
140.464
137.816
135.236
130.151
127.77
125.448
123.189
120.986
118.833
114.545
112.549
110.603
108.714
106.862
105.052
101.434
99.7321
98.0759
96.4629
94.8793
93.3265
90.2178
88.7602
87.3323
85.9314
84.5578
83.2114
80.5154
79.2498
78.0109
76.7958
75.6033
74.4341
72.0935
70.9924
69.9138
68.8579
67.8235
66.8087
64.7825
63.8328
62.9017
61.9894
61.0978
60.2254
58.4837
57.6618
56.8621
56.079
55.3108
54.5582
53.0529
52.3438
51.6491
50.9675
50.2962
49.6398
48.3171
47.6923
47.0789
46.4743
45.8814
45.2967
44.115
43.5535
43.0011
42.4567
41.9194
41.3881
40.3145
39.8048
39.3014
38.804
38.3125
37.827
36.8411
36.3724
35.9095
35.4516
34.999
34.5509
33.6418
33.2094
32.7817
32.3579
31.9389
31.5241
30.6833
30.2828
29.8871
29.4958
29.1091
28.7272
27.9532
27.5855
27.2229
26.8642
26.5101
26.1609
25.4547
25.1208
24.7921
24.4675
24.1477
23.8335
23.1996
22.9007
22.6067
22.3172
22.033
21.7537
21.1903
20.9252
20.6647
20.4077
20.1555
19.9078
19.4071
19.1707
18.9379
18.7077
18.4817
18.259
17.8078
17.5943
17.3837
17.1753
16.9698
16.7669
16.3552
16.1592
15.9655
15.7737
15.5844
15.3972
15.0168
14.8355
14.6562
14.4785
14.303
14.1288
13.7744
13.6056
13.4385
13.2727
13.1088
12.9464
12.6162
12.4588
12.3027
12.1479
11.9949
11.8434
11.5351
11.3882
11.2428
11.0988
10.9565
10.8158
10.5304
10.3947
10.2605
10.1275
9.99644
9.86725
9.60569
9.48181
9.35955
9.23861
9.11988
9.00283
8.76659
8.65496
8.54506
8.43667
8.33022
8.22553
8.01379
7.91397
7.81553
7.71857
7.62339
7.52952
7.33956
7.24971
7.16083
7.07324
6.98694
6.90163
6.72881
6.64672
6.56555
6.48535
6.40617
6.32778
6.16826
6.09224
6.01707
5.94254
5.86887
5.79594
5.64733
5.57647
5.50623
5.43651
5.36749
5.29913
5.15971
5.09314
5.02716
4.96167
4.89686
4.83261
4.70153
4.63887
4.57676
4.51508
4.45408
4.39362
4.27042
4.21165
4.1534
4.09566
4.03864
3.98228
3.86798
3.8136
3.75981
3.70659
3.65446
3.60331
3.50038
3.45226
3.40522
3.35953
3.31535
3.23621
2.99275
2.88781
2.7876
2.69212
2.60136
2.51486
2.34867
2.27405
2.2025
2.13398
2.06851
2.00606
1.88555
1.83131
1.77914
1.72878
1.68048
1.63421
1.54425
1.50308
1.46344
1.42571
1.38939
1.35423
1.28541
1.25395
1.2237
1.19452
1.16618
1.13862
1.08417
1.05903
1.03466
1.01099
0.988003
0.965591
0.921291
0.900872
0.88155
0.862971
0.844698
0.826698
