-2.29143
-2.44768
-2.61424
-2.79318
-2.98663
-3.19688
-3.42479
-3.6706
-3.93324
-4.21226
-4.50691
-4.81739
-5.1445
-5.48937
-5.8544
-6.24227
-6.65767
-7.10556
-7.59234
-8.12296
-8.70107
-9.32663
-9.99739
-10.7118
-11.4685
-12.2674
-13.1111
-14.0027
-14.9481
-15.956
-17.0375
-18.2079
-19.4837
-20.8797
-22.4063
-24.0659
-25.8527
-27.7643
-29.7974
-31.955
-34.2459
-36.6828
-39.2882
-42.0875
-45.1265
-48.453
-52.1327
-56.2229
-60.7824
-65.8395
-71.4244
-77.5791
-84.363
-91.8659
-100.235
-109.665
-120.412
-132.795
-147.167
-163.884
-183.042
-203.936
-224.834
-242.042
-249.689
-240.856
-211.723
-159.608
-88.4858
-6.67427
75.2989
146.11
198.824
228.804
237.944
231.672
215.914
196.4
176.707
158.574
142.515
128.555
116.433
105.844
96.511
88.2182
80.8025
74.1572
68.1917
62.8662
58.1222
53.8882
50.0832
46.6335
43.4706
40.5433
37.8154
35.2584
32.8557
30.5956
28.4734
26.4904
24.6472
22.9509
21.4001
19.9841
18.6855
17.4877
16.373
15.327
14.3422
13.4095
12.5262
11.6897
10.8984
10.1544
9.4593
8.81541
8.22262
7.67814
7.17568
6.70929
6.27285
5.8611
5.47105
5.0999
4.74622
4.40942
4.08925
3.78819
3.51033
3.18945
2.6189
2.18826
1.85299
1.58731
1.3733
1.19875
1.05302
0.928762
-2.29239
-2.44665
-2.4487
-2.61314
-2.61534
-2.79199
-2.79437
-2.98534
-2.98791
-3.19548
-3.19828
-3.42328
-3.42631
-3.66897
-3.67222
-3.93151
-3.93497
-4.21043
-4.21409
-4.50498
-4.50884
-4.81536
-4.81943
-5.14236
-5.14665
-5.4871
-5.49163
-5.852
-5.8568
-6.2397
-6.24483
-6.65492
-6.66042
-7.10258
-7.10854
-7.58909
-7.59558
-8.11942
-8.12651
-8.69722
-8.70491
-9.32249
-9.33078
-9.99297
-10.0018
-10.7071
-10.7165
-11.4635
-11.4734
-12.2622
-12.2727
-13.1055
-13.1166
-13.9968
-14.0085
-14.9418
-14.9543
-15.9493
-15.9626
-17.0303
-17.0447
-18.2001
-18.2157
-19.4751
-19.4922
-20.8703
-20.889
-22.3961
-22.4164
-24.0549
-24.0769
-25.8409
-25.8645
-27.7517
-27.7769
-29.784
-29.8108
-31.9408
-31.9692
-34.2308
-34.261
-36.6668
-36.6989
-39.271
-39.3054
-42.0689
-42.1062
-45.1063
-45.1468
-48.4307
-48.4753
-52.1079
-52.1575
-56.1953
-56.2505
-60.7518
-60.8131
-65.8055
-65.8735
-71.3869
-71.4619
-77.5378
-77.6204
-84.3175
-84.4084
-91.8153
-91.9164
-100.178
-100.291
-109.601
-109.73
-120.338
-120.485
-132.71
-132.881
-147.068
-147.266
-163.77
-163.998
-182.913
-183.172
-203.8
-204.073
-224.707
-224.962
-241.955
-242.13
-249.686
-249.691
-240.973
-240.738
-211.969
-211.464
-160.009
-159.205
-88.9855
-87.986
-7.21207
-6.13635
74.798
75.7992
145.713
146.507
198.563
199.084
228.679
228.928
237.941
237.946
231.755
231.588
216.031
215.796
196.529
196.271
176.828
176.587
158.683
158.465
142.611
142.42
128.638
128.472
116.505
116.361
105.908
105.781
96.5672
96.455
88.2682
88.1682
80.8473
80.7577
74.1976
74.1168
68.2277
68.1557
62.8983
62.8342
58.1508
58.0936
53.9138
53.8627
50.1063
50.0602
46.6546
46.6124
43.4899
43.4512
40.5613
40.5253
37.8322
37.7985
35.2742
35.2426
32.8706
32.8409
30.6096
30.5816
28.4865
28.4602
26.5026
26.4781
24.6585
24.6359
22.9613
22.9406
21.4095
21.3906
19.9927
19.9754
18.6934
18.6775
17.495
17.4803
16.3799
16.3661
15.3335
15.3206
14.3483
14.336
13.4153
13.4037
12.5317
12.5207
11.6949
11.6845
10.9033
10.8934
10.1591
10.1498
9.46358
9.45502
8.81936
8.81146
8.22625
8.219
7.68147
7.67481
7.17876
7.1726
6.71217
6.70642
6.27556
6.27015
5.86366
5.85855
5.47348
5.46862
5.10221
5.09759
4.74843
4.74402
4.41152
4.40732
4.09124
4.08726
3.79004
3.78633
3.51201
3.50865
3.19372
3.18519
2.62203
2.61577
2.19068
2.18585
1.85488
1.85111
1.58882
1.5858
1.37453
1.37207
1.19976
1.19775
1.05388
1.05216
0.929496
-2.29918
-2.43947
-2.45592
-2.60545
-2.62305
-2.7837
-2.8027
-2.97635
-2.99695
-3.18569
-3.20812
-3.4127
-3.43693
-3.65762
-3.68362
-3.91941
-3.94712
-4.19761
-4.22695
-4.49147
-4.52238
-4.80113
-4.8337
-5.12736
-5.1617
-5.47128
-5.50751
-5.83524
-5.87362
-6.22179
-6.26281
-6.63571
-6.67972
-7.08177
-7.12946
-7.56644
-7.61834
-8.09468
-8.15132
-8.67037
-8.73189
-9.29351
-9.35987
-9.96204
-10.0329
-10.6742
-10.7494
-11.4288
-11.5083
-12.2255
-12.3094
-13.0668
-13.1555
-13.9558
-14.0496
-14.8983
-14.9979
-15.9029
-16.0092
-16.9802
-17.095
-18.1456
-18.2705
-19.4156
-19.5519
-20.8052
-20.9545
-22.3252
-22.4877
-23.9779
-24.1542
-25.7583
-25.9474
-27.6636
-27.8653
-29.6905
-29.9046
-31.8415
-32.0688
-34.1253
-34.3668
-36.5544
-36.8116
-39.1507
-39.4261
-41.9388
-42.2369
-44.9648
-45.289
-48.2751
-48.6318
-51.9352
-52.3313
-56.0028
-56.4442
-60.5376
-61.0285
-65.5681
-66.1121
-71.1252
-71.7252
-77.2499
-77.9099
-84
-84.7277
-91.4622
-92.2714
-99.7827
-100.689
-109.153
-110.182
-119.826
-121.001
-132.115
-133.477
-146.378
-147.965
-162.977
-164.8
-182.016
-184.081
-202.845
-205.034
-223.818
-225.85
-241.328
-242.732
-249.643
-249.683
-241.773
-239.913
-213.67
-209.614
-162.793
-156.366
-92.4776
-84.4817
-10.9733
-2.3675
71.2782
79.2873
142.908
149.26
196.71
200.881
227.774
229.767
237.914
237.954
232.324
231.006
216.847
214.967
197.433
195.368
177.685
175.744
159.452
157.696
143.283
141.753
129.22
127.896
117.014
115.856
106.352
105.34
96.9613
96.0635
88.6195
87.8183
81.1619
80.4449
74.4801
73.8349
68.4809
67.9046
63.1235
62.6105
58.3516
57.894
54.0934
53.6843
50.2683
49.899
46.8026
46.4651
43.6259
43.3157
40.6879
40.3993
37.9505
37.6808
35.3851
35.1321
32.975
32.7369
30.7078
30.4838
28.5785
28.3686
26.5884
26.3927
24.7379
24.5569
23.0342
22.8682
21.4758
21.3247
20.0534
19.9151
18.7491
18.6221
17.5467
17.4288
16.4282
16.3179
15.379
15.2753
14.3912
14.2932
13.4559
13.3632
12.5702
12.4823
11.7314
11.6482
10.9377
10.8592
10.1914
10.1176
9.49361
9.42513
8.84703
8.78385
8.25168
8.19369
7.70486
7.6515
7.20052
7.15107
6.73236
6.68631
6.29453
6.25125
5.8816
5.84066
5.4905
5.45164
5.11842
5.08142
4.7639
4.7286
4.42624
4.39264
4.10518
4.07337
3.80305
3.77338
3.52382
3.49692
3.22384
3.15558
2.64412
2.59404
2.20768
2.16907
1.86814
1.83799
1.59944
1.57533
1.38318
1.3635
1.20681
1.19074
1.0599
1.04619
0.934656
-2.31566
-2.33666
-2.35783
-2.3791
-2.40058
-2.42222
-2.47342
-2.49572
-2.51821
-2.54089
-2.56384
-2.58698
-2.6419
-2.66581
-2.68995
-2.71432
-2.73896
-2.76382
-2.82291
-2.8487
-2.87478
-2.90108
-2.92778
-2.95477
-3.0189
-3.04705
-3.07542
-3.10396
-3.13294
-3.16224
-3.23203
-3.26247
-3.29314
-3.32418
-3.35564
-3.38737
-3.46273
-3.49563
-3.52885
-3.56232
-3.59617
-3.63034
-3.71126
-3.74645
-3.78205
-3.81771
-3.85389
-3.89034
-3.97656
-4.01404
-4.0518
-4.08976
-4.12812
-4.1668
-4.25814
-4.29775
-4.33764
-4.37775
-4.41822
-4.45899
-4.55523
-4.59697
-4.63901
-4.68126
-4.72393
-4.7669
-4.86829
-4.91227
-4.95656
-5.00107
-5.04603
-5.09129
-5.19814
-5.24446
-5.29113
-5.33809
-5.38547
-5.43322
-5.54602
-5.595
-5.64438
-5.69413
-5.74435
-5.79496
-5.91444
-5.96643
-6.01888
-6.0716
-6.12493
-6.17878
-6.30644
-6.36201
-6.41809
-6.47453
-6.53184
-6.58959
-6.72658
-6.7865
-6.84692
-6.90781
-6.96947
-7.03187
-7.18029
-7.24513
-7.31074
-7.37699
-7.44419
-7.51211
-7.67366
-7.74447
-7.81599
-7.88805
-7.96129
-8.03538
-8.21182
-8.28906
-8.36698
-8.44564
-8.52537
-8.60597
-8.79744
-8.88102
-8.96549
-9.05066
-9.13685
-9.22393
-9.4304
-9.52021
-9.61116
-9.70229
-9.79454
-9.88775
-10.1082
-10.2041
-10.3008
-10.3981
-10.4963
-10.5953
-10.8294
-10.9311
-11.0336
-11.1366
-11.2405
-11.3453
-11.5927
-11.7
-11.8082
-11.9169
-12.0267
-12.1374
-12.3986
-12.5119
-12.6261
-12.7409
-12.8569
-12.9737
-13.2496
-13.3693
-13.4898
-13.6111
-13.7337
-13.8573
-14.1492
-14.276
-14.4039
-14.5325
-14.6626
-14.7938
-15.1038
-15.2389
-15.3754
-15.5126
-15.6514
-15.7913
-16.1225
-16.2669
-16.4129
-16.5601
-16.7091
-16.8597
-17.2174
-17.3737
-17.5315
-17.6907
-17.8518
-18.0149
-18.4034
-18.573
-18.7448
-18.9183
-19.0945
-19.2728
-19.6973
-19.8829
-20.0713
-20.2609
-20.4538
-20.649
-21.1137
-21.3174
-21.5233
-21.7304
-21.9415
-22.1549
-22.6614
-22.883
-23.1071
-23.3331
-23.562
-23.7932
-24.3418
-24.5808
-24.8222
-25.0659
-25.3113
-25.56
-26.1486
-26.4048
-26.6634
-26.9235
-27.1864
-27.4518
-28.08
-28.3529
-28.6276
-28.9046
-29.1841
-29.4656
-30.1323
-30.4217
-30.7133
-31.0072
-31.3036
-31.6027
-32.3105
-32.6176
-32.9272
-33.2392
-33.5541
-33.8717
-34.6238
-34.9502
-35.2791
-35.6111
-35.9463
-36.2843
-37.0854
-37.4337
-37.7853
-38.1401
-38.4992
-38.8613
-39.7194
-40.0931
-40.4706
-40.8521
-41.2371
-41.6266
-42.555
-42.9596
-43.3687
-43.7822
-44.2003
-44.6252
-45.6351
-46.077
-46.5253
-46.9785
-47.4371
-47.9018
-49.0135
-49.5009
-49.9951
-50.4962
-51.005
-51.521
-52.7547
-53.2959
-53.8466
-54.4033
-54.9679
-55.542
-56.9164
-57.5207
-58.1345
-58.755
-59.3849
-60.0242
-61.5522
-62.2235
-62.9031
-63.5922
-64.2911
-64.9992
-66.6932
-67.4346
-68.1858
-68.9482
-69.7168
-70.4979
-72.3658
-73.1822
-74.0095
-74.8492
-75.6991
-76.5597
-78.6146
-79.5143
-80.4266
-81.3521
-82.2889
-83.2382
-85.5049
-86.4981
-87.5056
-88.5268
-89.5624
-90.6157
-93.1365
-94.2416
-95.3624
-96.5011
-97.6584
-98.8376
-101.659
-102.897
-104.153
-105.44
-106.752
-108.082
-111.281
-112.692
-114.129
-115.591
-117.079
-118.601
-122.262
-123.878
-125.531
-127.221
-128.943
-130.696
-134.93
-136.804
-138.724
-140.683
-142.682
-144.728
-149.675
-151.863
-154.101
-156.378
-158.695
-161.065
-166.767
-169.271
-171.859
-174.468
-177.119
-179.836
-186.303
-189.119
-191.941
-194.832
-197.7
-200.575
-207.376
-210.305
-213.228
-216.144
-218.97
-221.677
-227.957
-230.525
-233.025
-235.366
-237.611
-239.731
-244.121
-245.647
-246.922
-247.95
-248.743
-249.374
-249.519
-249.119
-248.409
-247.056
-245.457
-243.545
-237.766
-234.693
-231.111
-227.08
-222.592
-217.764
-204.958
-198.517
-191.846
-184.762
-177.254
-169.344
-149.378
-140.212
-130.668
-120.903
-110.922
-100.791
-75.9639
-65.0446
-53.8775
-42.5405
-31.3245
-20.0387
6.75345
18.1587
29.4552
40.6014
51.685
62.6704
87.6151
97.9123
107.848
117.468
126.792
135.92
155.882
163.969
171.601
178.782
185.69
192.05
205.012
209.913
214.375
218.379
221.98
225.329
231.588
233.567
235.155
236.386
237.294
237.817
237.826
237.395
236.783
235.935
234.856
233.6
229.537
227.652
225.634
223.469
221.195
218.812
213.009
210.402
207.738
205.053
202.36
199.621
193.195
190.479
187.796
185.127
182.458
179.795
173.716
171.167
168.634
166.145
163.704
161.317
155.858
153.593
151.368
149.181
147.036
144.929
140.158
138.18
136.237
134.342
132.479
130.646
126.517
124.798
123.116
121.469
119.848
118.256
114.653
113.159
111.683
110.237
108.831
107.44
104.287
102.97
101.676
100.405
99.1531
97.9213
95.1262
93.9611
92.8149
91.6844
90.5711
89.4759
86.9792
85.9381
84.9143
83.9051
82.91
81.9282
79.6952
78.7623
77.8425
76.9373
76.0456
75.1674
73.1589
72.3215
71.4967
70.685
69.8853
69.0978
67.3037
66.5562
65.8191
65.0934
64.3793
63.6738
62.0743
61.4078
60.7512
60.1078
59.4696
58.8412
57.4151
56.8194
56.2341
55.6583
55.09
54.5309
53.2568
52.7248
52.1995
51.6798
51.1692
50.6624
49.5123
49.03
48.5542
48.0841
47.6204
47.1623
46.1121
45.6716
45.2363
44.8054
44.3791
43.9573
42.9903
42.5833
42.1803
41.7814
41.3866
40.9954
40.0966
39.7176
39.3422
38.9707
38.6026
38.2377
37.3978
37.0434
36.6917
36.3432
35.9976
35.6546
34.8663
34.5332
34.2031
33.8756
33.5506
33.2284
32.4868
32.1736
31.8629
31.5551
31.2493
30.9463
30.2484
29.9538
29.6621
29.3729
29.0862
28.8019
28.1482
27.8727
27.5996
27.3295
27.0618
26.7967
26.1871
25.9301
25.6761
25.4253
25.1766
24.9306
24.3677
24.1311
23.8969
23.6658
23.4374
23.2111
22.6947
22.4779
22.2637
22.053
21.8443
21.6373
21.1662
20.9677
20.7722
20.5797
20.3891
20.2009
19.7702
19.5891
19.4102
19.2336
19.0583
18.8856
18.4889
18.3222
18.1571
17.9941
17.8323
17.6723
17.3053
17.1505
16.9969
16.8452
16.6947
16.5455
16.2023
16.0571
15.9133
15.771
15.6295
15.4892
15.1664
15.03
14.8945
14.7605
14.6273
14.4951
14.1903
14.0614
13.9331
13.8061
13.6798
13.5545
13.2658
13.1435
13.0222
12.902
12.7824
12.6636
12.3901
12.2742
12.1592
12.0453
11.9321
11.8198
11.5608
11.4511
11.3423
11.2345
11.1274
11.0211
10.7768
10.6735
10.5711
10.47
10.3694
10.2697
10.0404
9.94377
9.84808
9.75346
9.65955
9.56655
9.35343
9.26381
9.17501
9.08731
9.00042
8.91448
8.7177
8.635
8.55324
8.47261
8.39287
8.3137
8.133
8.05688
7.98162
7.90758
7.83426
7.76168
7.59557
7.52564
7.45651
7.3882
7.32028
7.25331
7.09936
7.03454
6.97029
6.90681
6.8438
6.78137
6.63804
6.57751
6.51747
6.4581
6.39908
6.34051
6.20581
6.14877
6.09213
6.0361
5.98039
5.92509
5.79768
5.74371
5.69011
5.63702
5.58421
5.53176
5.4108
5.35944
5.30848
5.25793
5.20764
5.15768
5.04252
4.99362
4.94504
4.8969
4.84897
4.80137
4.69152
4.64494
4.59866
4.55282
4.5072
4.4619
4.35734
4.31298
4.26897
4.2254
4.18201
4.13898
4.04004
3.99826
3.9568
3.91578
3.87501
3.83462
3.74227
3.70334
3.66487
3.62702
3.58954
3.55262
3.46883
3.43379
3.39942
3.36573
3.33255
3.29905
3.08577
3.00101
2.92035
2.84386
2.7698
2.69863
2.54263
2.47963
2.41896
2.36061
2.30418
2.24953
2.12923
2.08034
2.03305
1.9875
1.94339
1.90077
1.8068
1.76838
1.73105
1.69486
1.65967
1.6256
1.55043
1.51926
1.48905
1.4598
1.43175
1.40438
1.34313
1.31799
1.29352
1.26975
1.24659
1.22412
1.17401
1.15326
1.13295
1.11311
1.09367
1.07465
1.03198
1.0144
0.997183
0.980206
0.963557
0.947279
