-2.09695
-2.40431
-2.75349
-3.16434
-3.65238
-4.21344
-4.84089
-5.53767
-6.31991
-7.22279
-8.30176
-9.58835
-11.0645
-12.7177
-14.5642
-16.6572
-19.1084
-22.0729
-25.6104
-29.677
-34.2679
-39.4767
-45.5347
-52.8881
-62.1186
-73.5898
-87.6345
-105.151
-128.051
-159.561
-203.457
-252.026
-264.102
-180.571
-6.77006
167.201
251.607
241.682
196.201
154.734
124.073
101.434
84.0204
70.2268
59.3417
50.8118
43.8974
38.0204
32.8825
28.3454
24.3957
21.0821
18.3452
16.0181
13.9701
12.1366
10.4959
9.0588
7.84605
6.82775
5.94335
5.15171
4.43366
3.78617
3.1607
2.14132
1.54319
1.16063
0.894556
0.699666
-2.09784
-2.4033
-2.40531
-2.75233
-2.75465
-3.16296
-3.16573
-3.65073
-3.65402
-4.21161
-4.21528
-4.83885
-4.84293
-5.5354
-5.53995
-6.31733
-6.32249
-7.21976
-7.22583
-8.2981
-8.30541
-9.58406
-9.59263
-11.0597
-11.0693
-12.7123
-12.7231
-14.5582
-14.5702
-16.6502
-16.6641
-19.1001
-19.1167
-22.0628
-22.083
-25.5987
-25.6222
-29.6636
-29.6903
-34.2529
-34.283
-39.4595
-39.494
-45.5143
-45.5551
-52.8627
-52.9135
-62.0867
-62.1504
-73.5507
-73.629
-87.5863
-87.6826
-105.09
-105.212
-127.969
-128.133
-159.446
-159.675
-203.304
-203.61
-251.898
-252.154
-264.184
-264.019
-180.996
-180.144
-7.3662
-6.17384
166.768
167.632
251.503
251.71
241.795
241.568
196.348
196.054
154.844
154.623
124.153
123.992
101.495
101.374
84.0681
83.9728
70.2647
70.1888
59.3714
59.3122
50.8352
50.7884
43.9169
43.8778
38.0373
38.0035
32.8974
32.8676
28.3585
28.3322
24.4069
24.3845
21.0914
21.0728
18.353
18.3375
16.0248
16.0114
13.9761
13.9641
12.1419
12.1312
10.5007
10.4911
9.0629
9.05471
7.84947
7.84263
6.83066
6.82483
5.94592
5.94077
5.15404
5.14939
4.43578
4.43155
3.78805
3.78429
3.16504
3.15637
2.14367
2.13897
1.54465
1.54173
1.1616
1.15967
0.895245
0.893868
0.700213
-2.10618
-2.39402
-2.41463
-2.74163
-2.76541
-3.15018
-3.17859
-3.63567
-3.66907
-4.19465
-4.2323
-4.81997
-4.86184
-5.5144
-5.56103
-6.29355
-6.34642
-7.19177
-7.25406
-8.2644
-8.33934
-9.54447
-9.63242
-11.0151
-11.1141
-12.6625
-12.773
-14.5023
-14.6263
-16.5863
-16.7284
-19.0236
-19.1936
-21.9694
-22.1763
-25.49
-25.7314
-29.5402
-29.8142
-34.1139
-34.4226
-39.3005
-39.654
-45.3262
-45.7448
-52.6289
-53.1491
-61.7933
-62.4461
-73.1888
-73.9916
-87.1425
-88.13
-104.528
-105.78
-127.212
-128.897
-158.392
-160.746
-201.885
-205.022
-250.695
-253.335
-264.903
-263.129
-184.878
-176.149
-12.8317
-0.6547
162.713
171.587
250.491
252.615
242.802
240.502
197.7
194.749
155.872
153.61
124.899
123.248
102.058
100.816
84.5108
83.5337
70.6169
69.8395
59.6463
59.0394
51.0527
50.5718
44.0984
43.6973
38.1945
37.8477
33.0358
32.7299
28.4803
28.2109
24.5112
24.2807
21.1771
20.9872
18.4248
18.2661
16.087
15.9495
14.0315
13.9089
12.1917
12.0816
10.5449
10.4471
9.10086
9.01696
7.88122
7.81108
6.8577
6.7979
5.96979
5.91699
5.17561
5.12785
4.45538
4.41202
3.80549
3.76694
3.20446
3.11651
2.16559
2.11742
1.55827
1.52834
1.17061
1.15076
0.901655
0.887694
0.705285
-2.13553
-2.17935
-2.22384
-2.26907
-2.31506
-2.36182
-2.44753
-2.49684
-2.54713
-2.59844
-2.65094
-2.70456
-2.8035
-2.861
-2.91984
-2.98044
-3.04232
-3.10598
-3.22408
-3.29259
-3.36289
-3.43475
-3.50832
-3.58357
-3.72233
-3.80195
-3.88315
-3.96602
-4.05011
-4.13572
-4.29228
-4.38189
-4.47284
-4.5654
-4.65926
-4.75447
-4.92845
-5.02781
-5.12875
-5.23138
-5.33553
-5.44147
-5.63534
-5.74627
-5.85915
-5.97447
-6.09165
-6.21116
-6.43091
-6.55774
-6.68724
-6.82002
-6.95586
-7.09511
-7.3539
-7.50389
-7.65831
-7.81706
-7.98001
-8.1479
-8.45942
-8.64012
-8.82501
-9.01467
-9.2089
-9.40736
-9.77218
-9.98183
-10.1955
-10.4134
-10.6349
-10.8601
-11.2719
-11.5077
-11.7475
-11.9913
-12.2384
-12.4897
-12.9491
-13.2117
-13.4788
-13.7509
-14.0271
-14.3083
-14.8239
-15.1196
-15.4214
-15.729
-16.043
-16.3643
-16.9564
-17.2991
-17.65
-18.0098
-18.3789
-18.7592
-19.4661
-19.8776
-20.3011
-20.7376
-21.1867
-21.6487
-22.5059
-23.0024
-23.5115
-24.0343
-24.5685
-25.1135
-26.1174
-26.6938
-27.2816
-27.8812
-28.491
-29.1126
-30.2508
-30.9038
-31.5677
-32.2435
-32.9313
-33.6312
-34.9145
-35.6516
-36.4031
-37.1698
-37.9519
-38.7498
-40.2197
-41.0682
-41.9364
-42.8253
-43.738
-44.6765
-46.4158
-47.4296
-48.4749
-49.5538
-50.6718
-51.8235
-53.9836
-55.2509
-56.5637
-57.9225
-59.3282
-60.7817
-63.4943
-65.0837
-66.7245
-68.4133
-70.1499
-71.9415
-75.2787
-77.2231
-79.2295
-81.2936
-83.4189
-85.6138
-89.7159
-92.1132
-94.5967
-97.1677
-99.8284
-102.59
-107.804
-110.889
-114.091
-117.44
-120.95
-124.62
-131.614
-135.8
-140.198
-144.808
-149.662
-154.775
-164.582
-170.502
-176.7
-183.178
-189.921
-196.966
-209.997
-217.442
-224.971
-232.341
-239.436
-246.307
-257.083
-261.588
-265.203
-267.737
-268.107
-266.825
-259.463
-251.962
-242.102
-229.739
-214.948
-197.749
-161.451
-138.206
-113.337
-87.3582
-60.1518
-32.1774
18.6969
46.8407
73.9388
100.116
124.943
147.951
184.632
201.689
216.906
229.152
239.011
246.543
254.663
256.1
255.957
253.969
250.694
246.219
236.546
230.061
223.387
216.488
209.453
202.436
190.166
183.57
177.19
171.091
165.188
159.55
150.131
145.178
140.455
135.942
131.664
127.567
120.703
117.088
113.619
110.306
107.118
104.062
98.8898
96.1409
93.4919
90.9346
88.4665
86.0817
82.021
79.85
77.7541
75.7264
73.7665
71.8687
68.6371
66.9156
65.257
63.6579
62.1154
60.6247
58.099
56.7553
55.4566
54.203
52.9957
51.8253
49.8232
48.7504
47.7059
46.6886
45.7019
44.7391
43.073
42.1703
41.2871
40.4221
39.5765
38.748
37.3058
36.5208
35.7505
34.9939
34.2517
33.5231
32.2521
31.5584
30.8772
30.2086
29.5523
28.9093
27.791
27.1832
26.5882
26.0053
25.435
24.88
23.9217
23.4057
22.9036
22.4153
21.9417
21.482
20.6914
20.2664
19.8532
19.4516
19.0602
18.6789
18.0196
17.6621
17.3126
16.9705
16.6362
16.3067
15.7345
15.4225
15.116
14.8144
14.5179
14.2263
13.7171
13.4384
13.1641
12.8941
12.6286
12.367
11.9095
11.6597
11.4134
11.1714
10.9342
10.7005
10.2945
10.0735
9.85645
9.64439
9.43758
9.23529
8.88629
8.69787
8.5146
8.33617
8.16261
7.99367
7.70204
7.54508
7.39214
7.24239
7.096
6.9532
6.7047
6.56975
6.43734
6.30712
6.17938
6.05385
5.83439
5.71426
5.59603
5.47937
5.36452
5.25147
5.05306
4.94435
4.83723
4.73144
4.62712
4.52432
4.34416
4.24548
4.14846
4.05292
3.95912
3.86707
3.70685
3.62023
3.53616
3.45469
3.37646
3.30189
2.98648
2.81227
2.65208
2.50485
2.36984
2.24501
2.04461
1.94398
1.85079
1.76414
1.68301
1.60709
1.4828
1.41991
1.36076
1.3047
1.25204
1.20272
1.12025
1.07714
1.03619
0.997197
0.959987
0.924618
0.86676
0.836558
0.807111
0.778389
0.750453
0.723272
