-2.14341
-2.38221
-2.64563
-2.94138
-3.27776
-3.65869
-4.08273
-4.54743
-5.05253
-5.60242
-6.20574
-6.87769
-7.6398
-8.51281
-9.50505
-10.6112
-11.8251
-13.1491
-14.597
-16.1958
-17.9913
-20.0448
-22.412
-25.1093
-28.1264
-31.456
-35.1178
-39.1743
-43.73
-48.9615
-55.0994
-62.3742
-70.9369
-80.9299
-92.6354
-106.594
-123.662
-145.104
-172.226
-204.554
-235.6
-247.847
-216.819
-131.098
-6.71238
117.93
204.089
236.244
225.838
196.98
166.486
140.491
119.617
102.796
88.9821
77.4367
67.7306
59.6158
52.8445
47.1045
42.1245
37.7011
33.7166
30.1051
26.8445
23.9431
21.4065
19.2079
17.281
15.559
13.9959
12.5641
11.2515
10.057
8.9871
8.04566
7.22008
6.48746
5.82424
5.21545
4.65245
4.13238
3.66068
3.16011
2.33194
1.78758
1.40888
1.1361
0.928563
0.768148
-2.14433
-2.38121
-2.38321
-2.6445
-2.64675
-2.94012
-2.94265
-3.27632
-3.2792
-3.65707
-3.66031
-4.08095
-4.08452
-4.54548
-4.54938
-5.05042
-5.05465
-5.60011
-5.60473
-6.20319
-6.2083
-6.87483
-6.88055
-7.63653
-7.64308
-8.50906
-8.51656
-9.50083
-9.50927
-10.6065
-10.6158
-11.82
-11.8302
-13.1435
-13.1546
-14.5909
-14.6031
-16.189
-16.2025
-17.9837
-17.9991
-20.0359
-20.0536
-22.4019
-22.4222
-25.0978
-25.1207
-28.1137
-28.1392
-31.442
-31.47
-35.1023
-35.1333
-39.1571
-39.1915
-43.7105
-43.7495
-48.9389
-48.9842
-55.0726
-55.1262
-62.3425
-62.4059
-70.8998
-70.9741
-80.8865
-80.9733
-92.5842
-92.6865
-106.532
-106.656
-123.585
-123.738
-145.006
-145.202
-172.105
-172.348
-204.419
-204.69
-235.496
-235.703
-247.865
-247.829
-217.041
-216.596
-131.542
-130.653
-7.24873
-6.17583
117.488
118.371
203.856
204.32
236.218
236.269
225.931
225.746
197.105
196.856
166.602
166.371
140.584
140.397
119.692
119.542
102.857
102.736
89.0328
88.9315
77.4792
77.3944
67.7662
67.695
59.6455
59.5861
52.8694
52.8196
47.1259
47.0832
42.1432
42.1057
37.7179
37.6843
33.7318
33.7014
30.1189
30.0913
26.8569
26.8322
23.954
23.9322
21.4159
21.397
19.2161
19.1997
17.2882
17.2737
15.5656
15.5525
14.0019
13.9899
12.5696
12.5586
11.2565
11.2464
10.0616
10.0525
8.99114
8.98306
8.0492
8.04213
7.22321
7.21696
6.49026
6.48467
5.82679
5.82169
5.2178
5.2131
4.65462
4.65027
4.13438
4.13038
3.66245
3.6589
3.16434
3.1559
2.33459
2.3293
1.78939
1.78578
1.41015
1.40761
1.13704
1.13516
0.929299
0.927828
0.768739
-2.15191
-2.37296
-2.39152
-2.63529
-2.65604
-2.92971
-2.95312
-3.26448
-3.29111
-3.64375
-3.67369
-4.06624
-4.09928
-4.52945
-4.56546
-5.03301
-5.07212
-5.58112
-5.62379
-6.18219
-6.22938
-6.85123
-6.9042
-7.60957
-7.67018
-8.47824
-8.54755
-9.46611
-9.54414
-10.5681
-10.6544
-11.778
-11.8723
-13.0978
-13.2005
-14.5408
-14.6535
-16.1332
-16.2586
-17.9206
-18.0627
-19.9632
-20.1268
-22.3182
-22.5063
-25.003
-25.2155
-28.009
-28.2447
-31.3267
-31.5858
-34.9752
-35.2612
-39.0156
-39.3336
-43.5504
-43.9105
-48.7529
-49.1714
-54.8523
-55.3482
-62.0817
-62.6684
-70.5942
-71.2815
-80.5302
-81.3318
-92.1639
-93.1102
-106.026
-107.165
-122.959
-124.371
-144.211
-146.005
-171.103
-173.353
-203.307
-205.807
-234.637
-236.543
-247.992
-247.657
-218.91
-214.73
-135.193
-126.968
-11.6651
-1.74071
113.82
121.981
201.904
206.272
235.972
236.424
226.68
224.972
198.133
195.809
167.556
165.421
141.36
139.628
120.317
118.925
103.362
102.235
89.4522
88.5147
77.8301
77.0458
68.0611
67.4024
59.8916
59.3419
53.0755
52.6148
47.3023
46.9077
42.2984
41.9513
37.8571
37.5458
33.8578
33.5759
30.2329
29.9777
26.9593
26.7302
24.0442
23.8424
21.4942
21.3192
19.2843
19.1319
17.3484
17.2138
15.6199
15.4984
14.0515
13.9406
12.6152
12.5132
11.2982
11.2049
10.0993
10.0151
9.02459
8.94981
8.0784
8.01304
7.24899
7.19135
6.51335
6.46167
5.84784
5.80072
5.23729
5.19372
4.67259
4.63236
4.15091
4.11391
3.67714
3.64429
3.19946
3.12149
2.35658
2.30765
1.80437
1.77099
1.42072
1.39716
1.14486
1.12742
0.9354
0.921795
0.773633
-2.17544
-2.20898
-2.243
-2.27742
-2.31226
-2.34763
-2.41734
-2.45413
-2.49151
-2.52941
-2.56791
-2.60714
-2.68474
-2.72586
-2.76774
-2.81029
-2.85371
-2.89789
-2.98568
-3.03234
-3.07998
-3.12847
-3.17788
-3.22826
-3.32816
-3.38135
-3.43532
-3.49025
-3.5461
-3.60293
-3.71524
-3.77457
-3.83494
-3.89614
-3.95826
-4.02114
-4.14511
-4.21042
-4.27673
-4.34376
-4.41156
-4.48028
-4.61531
-4.68655
-4.7585
-4.83128
-4.90492
-4.97961
-5.12632
-5.20357
-5.28207
-5.36132
-5.44165
-5.52286
-5.68306
-5.76759
-5.85332
-5.94008
-6.0282
-6.11787
-6.29512
-6.38865
-6.48365
-6.58048
-6.67887
-6.77904
-6.97781
-7.08373
-7.19137
-7.30105
-7.41302
-7.52713
-7.7544
-7.8753
-7.99885
-8.12466
-8.25298
-8.38398
-8.644
-8.78207
-8.92291
-9.06607
-9.21158
-9.35978
-9.65252
-9.80731
-9.96472
-10.1242
-10.2861
-10.4505
-10.774
-10.9445
-11.1175
-11.2926
-11.4698
-11.6495
-12.0029
-12.189
-12.3776
-12.5684
-12.7617
-12.9576
-13.343
-13.5466
-13.7529
-13.9614
-14.1727
-14.3871
-14.8099
-15.0334
-15.2605
-15.4907
-15.7246
-15.9626
-16.4326
-16.6822
-16.9367
-17.195
-17.4584
-17.7266
-18.2605
-18.5443
-18.8346
-19.1305
-19.4326
-19.7412
-20.3549
-20.6829
-21.0172
-21.3584
-21.7064
-22.0621
-22.7681
-23.1437
-23.5263
-23.9153
-24.3112
-24.714
-25.5109
-25.9331
-26.3623
-26.7974
-27.239
-27.6877
-28.5724
-29.0395
-29.5129
-29.9929
-30.4796
-30.9728
-31.9455
-32.4585
-32.9793
-33.5074
-34.0426
-34.5856
-35.6591
-36.2257
-36.8008
-37.3851
-37.9783
-38.5823
-39.7753
-40.4079
-41.0523
-41.7091
-42.3779
-43.0613
-44.4131
-45.1355
-45.8718
-46.625
-47.3956
-48.1825
-49.7562
-50.5984
-51.4605
-52.3452
-53.2527
-54.1804
-56.0409
-57.0392
-58.0626
-59.1105
-60.1847
-61.2855
-63.4877
-64.6668
-65.8724
-67.1068
-68.3695
-69.6606
-72.2393
-73.6141
-75.0236
-76.4672
-77.9396
-79.443
-82.4494
-84.0592
-85.7057
-87.3928
-89.1194
-90.8851
-94.4319
-96.3381
-98.2906
-100.292
-102.355
-104.479
-108.758
-111.066
-113.447
-115.903
-118.436
-121.053
-126.357
-129.249
-132.242
-135.32
-138.504
-141.791
-148.525
-152.19
-155.985
-159.915
-163.924
-168.057
-176.491
-181.048
-185.619
-190.307
-195.067
-199.873
-209.262
-214.061
-218.779
-223.36
-227.782
-231.949
-239.043
-242.221
-244.801
-246.672
-247.618
-248.157
-246.791
-244.395
-240.917
-236.45
-230.957
-224.349
-208.285
-198.144
-186.736
-174.33
-160.892
-146.126
-115.332
-98.4106
-80.545
-62.3235
-43.8384
-25.198
11.7642
30.6344
49.2213
67.5788
85.3051
102.335
132.84
147.243
161.072
173.799
185.495
195.473
211.819
218.663
224.138
229.023
232.663
234.884
236.543
236.368
235.468
233.913
231.73
228.944
222.454
218.6
214.485
210.198
205.835
201.376
192.56
188.037
183.587
179.18
174.832
170.546
162.545
158.59
154.716
150.948
147.313
143.791
137.29
134.084
130.976
127.971
125.069
122.264
117.047
114.475
111.99
109.571
107.21
104.937
100.712
98.6111
96.5661
94.579
92.6459
90.7611
87.2459
85.4987
83.793
82.1294
80.5098
78.9294
75.9823
74.5123
73.0736
71.6737
70.3104
68.9822
66.5105
65.2774
64.0769
62.9069
61.7686
60.6601
58.5978
57.5722
56.5716
55.5958
54.6452
53.7177
51.989
51.1234
50.2772
49.4507
48.6437
47.8528
46.3704
45.6249
44.8944
44.1771
43.473
42.7813
41.4784
40.8203
40.1727
39.5357
38.9078
38.2899
37.1217
36.5304
35.9472
35.3732
34.8072
34.249
33.1912
32.6555
32.1276
31.6069
31.0936
30.5872
29.6294
29.1443
28.6667
28.1967
27.7339
27.2778
26.4183
25.9837
25.5578
25.1394
24.7281
24.3251
23.5673
23.1858
22.8128
22.4474
22.0889
21.7383
21.0815
20.751
20.4278
20.1109
19.8005
19.496
18.9242
18.6357
18.3534
18.0763
17.8034
17.5356
17.0299
16.7741
16.522
16.2743
16.0299
15.7889
15.3325
15.1009
14.8728
14.6474
14.4248
14.2052
13.789
13.577
13.3682
13.1618
12.9578
12.7565
12.3742
12.1799
11.9883
11.799
11.6118
11.4275
11.0777
10.9002
10.7256
10.5533
10.3833
10.216
9.9002
9.74038
9.58353
9.42937
9.27756
9.12869
8.84821
8.70706
8.56875
8.43305
8.29976
8.1693
7.92411
7.8006
7.67952
7.56075
7.44391
7.32917
7.11296
7.00399
6.89673
6.79132
6.68733
6.58504
6.39124
6.29299
6.19618
6.10064
6.00637
5.91313
5.73643
5.64647
5.55763
5.47
5.38316
5.29747
5.13447
5.05146
4.96931
4.88815
4.80769
4.72829
4.57742
4.50056
4.42466
4.34963
4.27555
4.20224
4.0635
3.99318
3.92393
3.85578
3.78872
3.72293
3.59967
3.53799
3.47782
3.41931
3.36243
3.3071
3.01917
2.88428
2.7581
2.64064
2.53042
2.42634
2.24263
2.1554
2.07273
1.99459
1.92091
1.85162
1.72641
1.66615
1.60891
1.555
1.50346
1.45396
1.3655
1.32244
1.28138
1.24226
1.20502
1.1694
1.10395
1.07184
1.04101
1.01132
0.982395
0.95454
0.903534
0.879166
0.855964
0.833191
0.810815
0.788891
