-1.78191
-2.08433
-2.42415
-2.81644
-3.28506
-3.84411
-4.48858
-5.21568
-6.0384
-6.99205
-8.13714
-9.52127
-11.137
-12.9732
-15.0574
-17.4752
-20.3836
-23.9395
-28.1576
-33.0134
-38.5964
-45.1671
-53.2511
-63.5299
-76.4751
-92.6537
-113.48
-141.762
-181.317
-228.454
-248.186
-175.891
-6.67427
162.581
236.178
219.278
175.083
137.289
109.6
88.9979
73.0761
60.693
51.1277
43.5094
37.1386
31.6402
26.8721
22.8321
19.5239
16.7915
14.4495
12.3895
10.5716
9.00143
7.69149
6.59942
5.65667
4.81939
4.0704
3.42447
2.34563
1.61717
1.17587
0.882835
0.671941
-1.78271
-2.08343
-2.08523
-2.42314
-2.42517
-2.81524
-2.81764
-3.28362
-3.2865
-3.84242
-3.84581
-4.48666
-4.49051
-5.21351
-5.21784
-6.03594
-6.04087
-6.98913
-6.99497
-8.1336
-8.14068
-9.51703
-9.52552
-11.1322
-11.1419
-12.9677
-12.9787
-15.0511
-15.0636
-17.4677
-17.4826
-20.3745
-20.3926
-23.9286
-23.9505
-28.1448
-28.1704
-32.9988
-33.028
-38.5795
-38.6134
-45.1468
-45.1874
-53.2256
-53.2767
-63.4975
-63.5624
-76.4346
-76.5157
-92.6027
-92.7049
-113.412
-113.547
-141.669
-141.856
-181.19
-181.444
-228.333
-228.575
-248.244
-248.127
-176.256
-175.525
-7.21207
-6.13635
162.208
162.953
236.123
236.233
219.392
219.164
175.203
174.963
137.38
137.198
109.666
109.534
89.0485
88.9474
73.1158
73.0365
60.7234
60.6626
51.1514
51.104
43.5288
43.4899
37.1552
37.122
31.6546
31.6258
26.8845
26.8597
22.8424
22.8218
19.5323
19.5155
16.7985
16.7844
14.4557
14.4434
12.395
12.3841
10.5764
10.5668
9.00547
8.99738
7.69483
7.68815
6.60226
6.59659
5.65916
5.65418
4.82162
4.81716
4.07238
4.06842
3.42609
3.42285
2.34829
2.34297
1.61873
1.61561
1.17686
1.17489
0.883488
0.882182
0.672467
-1.79058
-2.07468
-2.09401
-2.41323
-2.43512
-2.8036
-2.82935
-3.26962
-3.30059
-3.8259
-3.8624
-4.46791
-4.50932
-5.19241
-5.23902
-6.01184
-6.06502
-6.96076
-7.0235
-8.09909
-8.17541
-9.47593
-9.56697
-11.085
-11.1893
-12.9142
-13.0323
-14.9901
-15.1249
-17.3957
-17.555
-20.2864
-20.481
-23.822
-24.0576
-28.0206
-28.2952
-32.8568
-33.1707
-38.4148
-38.7789
-44.9497
-45.3859
-52.9778
-53.5272
-63.1819
-63.8805
-76.0407
-76.9123
-92.1064
-93.2052
-112.758
-114.208
-140.76
-142.777
-179.922
-182.687
-227.136
-229.75
-248.716
-247.515
-179.764
-171.919
-12.4494
-0.88527
158.522
166.524
235.564
236.719
220.486
218.044
176.376
173.795
138.272
136.313
110.316
108.896
89.5439
88.4562
73.5042
72.6534
61.0216
60.3678
51.3835
50.8725
43.7187
43.3013
37.3172
36.9607
31.7953
31.4856
27.0057
26.7391
22.9432
22.7218
19.6145
19.434
16.8675
16.7158
14.5158
14.3835
12.4481
12.3311
10.6231
10.5204
9.04502
8.95808
7.7275
7.65566
6.62994
6.56904
5.68349
5.62995
4.84338
4.79548
4.09173
4.04919
3.44193
3.40718
2.37452
2.31725
1.63403
1.60059
1.1865
1.16536
0.889876
0.875832
0.67762
-1.81929
-1.86264
-1.90669
-1.95149
-1.99698
-2.0432
-2.12607
-2.17453
-2.22388
-2.27415
-2.32533
-2.37759
-2.47155
-2.52687
-2.5835
-2.64156
-2.70097
-2.76183
-2.87233
-2.93786
-3.00524
-3.07475
-3.14593
-3.21927
-3.35246
-3.43124
-3.51216
-3.59513
-3.67995
-3.76667
-3.92304
-4.01492
-4.10858
-4.2042
-4.30147
-4.40047
-4.57807
-4.68196
-4.78774
-4.89544
-5.00495
-5.11645
-5.31644
-5.43356
-5.55288
-5.67471
-5.79888
-5.92537
-6.15349
-6.28794
-6.42548
-6.56653
-6.71086
-6.85916
-7.12826
-7.28806
-7.45258
-7.62193
-7.79636
-7.97562
-8.30307
-8.49726
-8.69684
-8.9021
-9.11254
-9.32829
-9.71812
-9.94772
-10.1822
-10.4219
-10.666
-10.9151
-11.3625
-11.6245
-11.8913
-12.1634
-12.4402
-12.722
-13.2284
-13.5247
-13.8271
-14.1356
-14.45
-14.771
-15.3497
-15.6906
-16.0386
-16.3958
-16.7618
-17.1376
-17.8203
-18.2255
-18.6423
-19.0725
-19.5156
-19.9722
-20.8061
-21.303
-21.8141
-22.3414
-22.883
-23.44
-24.4501
-25.047
-25.6572
-26.2827
-26.9216
-27.5745
-28.7507
-29.4413
-30.1458
-30.8646
-31.598
-32.3464
-33.6928
-34.4843
-35.2919
-36.1176
-36.9611
-37.8239
-39.3844
-40.305
-41.2491
-42.2198
-43.2179
-44.243
-46.1154
-47.2323
-48.3842
-49.5777
-50.8133
-52.0935
-54.4471
-55.8591
-57.3259
-58.848
-60.4234
-62.0551
-65.0494
-66.8431
-68.697
-70.6087
-72.5881
-74.6317
-78.3709
-80.6065
-82.9178
-85.3052
-87.7754
-90.3342
-95.0453
-97.8779
-100.827
-103.887
-107.094
-110.433
-116.647
-120.43
-124.391
-128.564
-132.945
-137.533
-146.19
-151.5
-157.08
-162.93
-169.034
-175.456
-187.316
-194.341
-201.424
-208.639
-215.852
-222.658
-233.882
-239.357
-244.043
-247.384
-249.319
-249.512
-244.84
-239.222
-231.319
-220.643
-207.651
-191.739
-158.162
-135.768
-111.552
-85.9429
-59.0564
-31.2369
18.0699
45.7181
72.7477
98.5483
122.46
144.682
178.672
194.744
207.916
218.587
226.994
232.902
237.81
237.788
236.336
233.528
229.196
224.22
213.92
207.466
200.804
194.005
187.339
180.761
169.58
163.477
157.651
152.043
146.688
141.571
133.188
128.7
124.427
120.351
116.451
112.73
106.602
103.307
100.14
97.0977
94.1781
91.3694
86.7005
84.1717
81.7312
79.3801
77.113
74.9298
71.2864
69.3121
67.4097
65.5795
63.8163
62.1215
59.3113
57.7875
56.3205
54.9099
53.551
52.2404
50.0467
48.8508
47.6925
46.5685
45.4772
44.4156
42.6244
41.636
40.6713
39.7294
38.8092
37.9096
36.3812
35.5322
34.7019
33.8883
33.0909
32.3103
30.9817
30.2438
29.5217
28.8152
28.1244
27.4495
26.3061
25.6743
25.0593
24.4604
23.8789
23.3137
22.3637
21.8443
21.3397
20.8497
20.3758
19.9159
19.1413
18.7153
18.3016
17.8977
17.5042
17.1206
16.4691
16.108
15.7544
15.4076
15.0682
14.7355
14.1679
13.8516
13.541
13.2359
12.9366
12.6425
12.1404
11.861
11.5866
11.3169
11.0527
10.7938
10.3537
10.1096
9.87133
9.63834
9.41129
9.19034
8.81699
8.61192
8.41277
8.21864
8.0303
7.84742
7.53916
7.36953
7.20396
7.04256
6.88505
6.73121
6.47005
6.3251
6.18307
6.04344
5.90666
5.77236
5.54279
5.41478
5.28873
5.16468
5.04287
4.92286
4.71739
4.60266
4.48987
4.37883
4.26969
4.16252
3.98006
3.87882
3.78004
3.68372
3.59041
3.50043
3.35136
3.21411
2.99849
2.80625
2.63225
2.47342
2.22707
2.1019
1.98645
1.88038
1.78265
1.69152
1.54791
1.47291
1.404
1.33932
1.27877
1.22225
1.13154
1.08337
1.03783
0.99477
0.953602
0.914683
0.853077
0.819955
0.787754
0.756447
0.726098
0.696628
