-2.50208
-2.82242
-3.19356
-3.62453
-4.11296
-4.65386
-5.24772
-5.90254
-6.6355
-7.47799
-8.46619
-9.61475
-10.9116
-12.348
-13.9313
-15.6914
-17.6871
-20.015
-22.7681
-25.9639
-29.5718
-33.5911
-38.0828
-43.1838
-49.1499
-56.3667
-65.1848
-75.8154
-88.5497
-104.096
-123.751
-149.707
-184.583
-227.825
-263.277
-253.172
-162.51
-6.68984
149.122
240.263
252.384
219.216
178.624
145.167
119.812
100.378
84.9426
72.4088
62.23
54.0247
47.3133
41.6254
36.6467
32.2122
28.2457
24.7414
21.7294
19.1843
17.0017
15.0756
13.3423
11.7692
10.3473
9.08704
8.00023
7.06964
6.25489
5.52279
4.85444
4.24186
3.68898
3.0884
2.1873
1.62925
1.25624
-2.50313
-2.82122
-2.82362
-3.19215
-3.19496
-3.62292
-3.62615
-4.11116
-4.11476
-4.65188
-4.65584
-5.24555
-5.2499
-5.90013
-5.90495
-6.63277
-6.63823
-7.4748
-7.48117
-8.46245
-8.46993
-9.61046
-9.61903
-10.9068
-10.9164
-12.3427
-12.3533
-13.9255
-13.9372
-15.6849
-15.6979
-17.6796
-17.6946
-20.0062
-20.0239
-22.7577
-22.7786
-25.952
-25.9759
-29.5585
-29.5851
-33.5762
-33.6059
-38.0661
-38.0995
-43.1646
-43.2029
-49.1271
-49.1727
-56.3388
-56.3946
-65.1509
-65.2187
-75.7748
-75.856
-88.5009
-88.5986
-104.036
-104.156
-123.673
-123.829
-149.602
-149.812
-184.442
-184.723
-227.671
-227.98
-263.201
-263.352
-253.337
-253.005
-162.974
-162.046
-7.28271
-6.09686
148.665
149.578
240.094
240.431
252.451
252.316
219.359
219.073
178.757
178.49
145.269
145.066
119.889
119.735
100.438
100.318
84.991
84.8942
72.4483
72.3694
62.2619
62.1981
54.0504
53.999
47.3347
47.2919
41.644
41.6069
36.6631
36.6303
32.2269
32.1976
28.2588
28.2326
24.7528
24.7299
21.7391
21.7198
19.1925
19.1761
17.0089
16.9946
15.082
15.0693
13.3481
13.3365
11.7745
11.764
10.352
10.3426
9.09115
9.08292
8.00373
7.99672
7.07267
7.06661
6.25758
6.2522
5.52523
5.52035
4.85667
4.8522
4.2439
4.23981
3.69079
3.68717
3.09251
3.0843
2.18972
2.18489
1.63082
1.62768
1.25732
-2.51233
-2.81074
-2.83415
-3.17994
-3.20725
-3.60885
-3.64028
-4.09542
-4.13056
-4.63459
-4.67319
-5.22655
-5.26897
-5.87906
-5.92611
-6.60896
-6.66216
-7.447
-7.50911
-8.42983
-8.50274
-9.57307
-9.65661
-10.8651
-10.9583
-12.2966
-12.3995
-13.8744
-13.9884
-15.628
-15.7551
-17.6142
-17.7603
-19.9291
-20.1015
-22.6669
-22.87
-25.8481
-26.0803
-29.4422
-29.7019
-33.4467
-33.7358
-37.9207
-38.2461
-42.9974
-43.3711
-48.9284
-49.3728
-56.0953
-56.6398
-64.8551
-65.5165
-75.4208
-76.2124
-88.075
-89.0275
-103.509
-104.687
-122.995
-124.514
-148.69
-150.733
-183.218
-185.954
-226.31
-229.326
-262.515
-263.988
-254.731
-251.484
-166.99
-157.948
-12.4651
-0.90311
144.621
153.537
238.576
241.875
253.011
251.697
220.607
217.815
179.925
177.327
146.163
144.182
120.565
119.066
100.965
99.7949
85.416
84.4723
72.7953
72.0252
62.5423
61.92
54.2766
53.775
47.5228
47.105
41.8067
41.4448
36.8068
36.4872
32.3555
32.0695
28.3735
28.1184
24.8529
24.6304
21.824
21.6354
19.2645
19.1045
17.0714
16.9323
15.1378
15.0136
13.3987
13.2861
11.8204
11.7183
10.3932
10.3017
9.12723
9.04703
8.03449
7.96611
7.09922
7.04018
6.28115
6.22872
5.54665
5.499
4.87626
4.83268
4.26182
4.22195
3.70666
3.67139
3.12885
3.04873
2.2111
2.16391
1.64465
1.61403
1.26683
-2.54293
-2.58786
-2.63364
-2.68031
-2.72796
-2.77649
-2.86927
-2.92087
-2.97378
-3.02797
-3.08335
-3.14005
-3.24818
-3.30856
-3.37008
-3.43303
-3.49727
-3.56277
-3.68727
-3.75621
-3.82645
-3.89779
-3.97017
-4.0438
-4.18293
-4.25969
-4.3376
-4.41669
-4.49675
-4.57781
-4.73086
-4.81519
-4.90066
-4.98728
-5.07522
-5.16428
-5.33224
-5.42503
-5.51903
-5.61461
-5.71159
-5.81
-5.99625
-6.09941
-6.20451
-6.31122
-6.42008
-6.53098
-6.74201
-6.8596
-6.9796
-7.10235
-7.22768
-7.35617
-7.60225
-7.7396
-7.88026
-8.02437
-8.17212
-8.32322
-8.61196
-8.77281
-8.93711
-9.10497
-9.27617
-9.45061
-9.78149
-9.96481
-10.1511
-10.3406
-10.533
-10.7282
-11.0974
-11.3012
-11.5079
-11.7176
-11.93
-12.1454
-12.5526
-12.777
-13.0046
-13.2356
-13.47
-13.7077
-14.158
-14.4062
-14.6588
-14.9152
-15.1759
-15.4413
-15.9449
-16.2245
-16.5094
-16.8002
-17.0968
-17.4002
-17.9792
-18.3027
-18.6342
-18.973
-19.3205
-19.6768
-20.3603
-20.743
-21.1355
-21.5373
-21.9486
-22.3698
-23.1744
-23.6227
-24.0811
-24.5475
-25.0227
-25.5074
-26.4273
-26.9369
-27.4551
-27.9817
-28.517
-29.0611
-30.09
-30.6585
-31.2352
-31.8214
-32.418
-33.0225
-34.1677
-34.8011
-35.4449
-36.0994
-36.7654
-37.444
-38.7322
-39.4463
-40.1747
-40.9169
-41.6766
-42.4509
-43.932
-44.7588
-45.6047
-46.4747
-47.367
-48.2809
-50.042
-51.0341
-52.0564
-53.1079
-54.1897
-55.3041
-57.4593
-58.6726
-59.9231
-61.2094
-62.5312
-63.8911
-66.5121
-67.9833
-69.4927
-71.0416
-72.6321
-74.2654
-77.4016
-79.1589
-80.9652
-82.8224
-84.7285
-86.6873
-90.4617
-92.5883
-94.7842
-97.0443
-99.383
-101.793
-106.465
-109.116
-111.879
-114.736
-117.707
-120.796
-126.812
-130.276
-133.887
-137.655
-141.599
-145.731
-153.831
-158.511
-163.396
-168.458
-173.753
-179.271
-190.047
-196.17
-202.443
-208.839
-215.225
-221.757
-233.692
-239.754
-245.607
-251.069
-255.935
-260.054
-265.719
-267.191
-267.356
-265.929
-263.079
-258.785
-245.831
-236.099
-224.541
-211.29
-196.235
-179.632
-143.975
-122.805
-100.683
-77.4758
-53.7022
-29.4987
16.0105
40.4119
64.0838
87.0524
109.446
130.823
166.161
183.127
198.356
211.656
223.242
232.996
246.193
250.84
253.882
255.51
255.51
254.295
249.369
245.472
241.067
235.942
230.39
224.727
213.6
207.461
201.379
195.451
189.578
183.831
173.546
168.286
163.236
158.338
153.649
149.152
141.321
137.308
133.462
129.772
126.234
122.842
116.888
113.853
110.928
108.091
105.36
102.732
98.0917
95.6918
93.3739
91.1256
88.947
86.837
83.0977
81.1577
79.278
77.4516
75.6793
73.9568
70.9048
69.3266
67.7947
66.3121
64.8734
63.4806
61.0156
59.7443
58.5111
57.3142
56.1552
55.0327
53.0438
52.0117
51.0074
50.031
49.0795
48.1502
46.4927
45.6277
44.7813
43.9535
43.1433
42.3484
40.9148
40.1618
39.4236
38.6988
37.9859
37.2847
36.0185
35.3496
34.692
34.0455
33.4094
32.7831
31.6499
31.051
30.4622
29.8838
29.3145
28.7548
27.7449
27.2131
26.6914
26.1788
25.6774
25.1862
24.3051
23.8443
23.3939
22.9547
22.525
22.1069
21.3599
20.9698
20.5897
20.2192
19.8572
19.5039
18.8705
18.5391
18.2146
17.8965
17.5845
17.2791
16.7283
16.4379
16.1526
15.8717
15.5959
15.3234
14.8313
14.5711
14.3145
14.0616
13.8123
13.5669
13.1206
12.8846
12.6519
12.4223
12.196
11.9728
11.5682
11.3541
11.1431
10.9355
10.7311
10.53
10.1673
9.97599
9.7883
9.60418
9.4237
9.24707
8.93011
8.76408
8.60181
8.44333
8.28852
8.13717
7.86605
7.72445
7.58591
7.45039
7.31769
7.18757
6.95362
6.83042
6.70968
6.59091
6.47418
6.35938
6.15168
6.04171
5.93347
5.82679
5.72129
5.61751
5.42894
5.32885
5.23008
5.1326
5.03637
4.94122
4.76862
4.67684
4.58611
4.49669
4.40843
4.32143
4.16334
4.07991
3.99768
3.91676
3.83732
3.75951
3.61977
3.54682
3.47621
3.40771
3.34114
3.2541
2.93577
2.78447
2.645
2.51557
2.39568
2.28394
2.09672
2.00457
1.91865
1.83851
1.76295
1.69164
1.57029
1.50962
1.45245
1.39877
1.34759
1.29898
