-3.03635
-3.23698
-3.45294
-3.68419
-3.93041
-4.19121
-4.46614
-4.75526
-5.05898
-5.37882
-5.71566
-6.07217
-6.45142
-6.85717
-7.2937
-7.76569
-8.27637
-8.82831
-9.42097
-10.0534
-10.7249
-11.4341
-12.1816
-12.9685
-13.7989
-14.6754
-15.6061
-16.5989
-17.6646
-18.8156
-20.0637
-21.42
-22.8899
-24.4732
-26.1689
-27.9749
-29.89
-31.917
-34.0618
-36.3389
-38.7604
-41.3513
-44.142
-47.1716
-50.4822
-54.124
-58.1393
-62.5663
-67.4274
-72.7501
-78.5699
-84.9353
-91.9254
-99.6397
-108.236
-117.886
-128.818
-141.231
-155.338
-171.211
-188.346
-205.803
-221.328
-231.553
-231.608
-217.129
-186.846
-138.227
-76.3523
-6.57086
63.4456
125.122
173.909
205.458
219.946
220.772
211.872
197.626
181.37
165.221
150.14
136.58
124.528
113.867
104.368
95.8889
88.2634
81.373
75.1378
69.4936
64.3957
59.8038
55.6681
51.9255
48.5191
45.3932
42.5025
39.8105
37.2859
34.9105
32.6711
30.5596
28.5706
26.7044
24.963
23.3475
21.8577
20.4873
19.2231
18.0538
16.964
15.9431
14.9804
14.069
13.2049
12.3837
11.6048
10.8667
10.1708
9.51788
8.90924
8.34487
7.82272
7.33814
6.88705
6.46434
6.06559
5.68783
5.32816
4.98514
4.65734
4.34482
4.04747
3.76783
3.50951
3.20809
2.669
2.2535
1.92318
1.65768
-3.03767
-3.23556
-3.23839
-3.45142
-3.45446
-3.68257
-3.68581
-3.92869
-3.93214
-4.18939
-4.19303
-4.46422
-4.46806
-4.75325
-4.75728
-5.05687
-5.0611
-5.37659
-5.38105
-5.7133
-5.71802
-6.06968
-6.07467
-6.44876
-6.45408
-6.85431
-6.86004
-7.29062
-7.29678
-7.76236
-7.76903
-8.27276
-8.27999
-8.82441
-8.8322
-9.41681
-9.42514
-10.0489
-10.0578
-10.7202
-10.7296
-11.4292
-11.4391
-12.1764
-12.1868
-12.963
-12.9739
-13.7931
-13.8047
-14.6693
-14.6816
-15.5996
-15.6127
-16.5919
-16.6059
-17.6571
-17.6721
-18.8075
-18.8237
-20.0549
-20.0726
-21.4104
-21.4296
-22.8795
-22.9003
-24.4621
-24.4844
-26.157
-26.1809
-27.9623
-27.9876
-29.8766
-29.9034
-31.9029
-31.9312
-34.0468
-34.0768
-36.323
-36.3549
-38.7434
-38.7775
-41.3331
-41.3696
-44.1222
-44.1618
-47.15
-47.1932
-50.4586
-50.5058
-54.0981
-54.1499
-58.1106
-58.1679
-62.5347
-62.5979
-67.3928
-67.462
-72.7123
-72.7879
-78.5286
-78.6112
-84.89
-84.9806
-91.8756
-91.9752
-99.5847
-99.6948
-108.174
-108.298
-117.817
-117.956
-128.739
-128.898
-141.141
-141.321
-155.236
-155.441
-171.098
-171.324
-188.226
-188.466
-205.688
-205.918
-221.236
-221.42
-231.514
-231.591
-231.646
-231.57
-217.27
-216.987
-187.118
-186.574
-138.603
-137.85
-76.8131
-75.8914
-7.0586
-6.08298
62.9852
63.9055
124.755
125.49
173.637
174.181
205.3
205.615
219.895
219.995
220.805
220.74
211.955
211.788
197.732
197.52
181.482
181.258
165.328
165.114
150.239
150.042
136.667
136.493
124.605
124.451
113.935
113.798
104.429
104.307
95.9435
95.8344
88.3128
88.214
81.4176
81.3284
75.1781
75.0975
69.5301
69.4572
64.4287
64.3628
59.8335
59.7742
55.6948
55.6414
51.9498
51.9012
48.5412
48.497
45.4137
45.3728
42.5215
42.4836
39.8282
39.7928
37.3026
37.2693
34.9262
34.8949
32.6859
32.6563
30.5736
30.5457
28.5837
28.5575
26.7167
26.6921
24.9745
24.9516
23.3581
23.337
21.8675
21.848
20.4962
20.4783
19.2314
19.2148
18.0615
18.0461
16.9712
16.9569
15.9498
15.9364
14.9868
14.9741
14.0751
14.063
13.2107
13.1992
12.3892
12.3783
11.61
11.5997
10.8716
10.8618
10.1754
10.1663
9.52218
9.51359
8.91323
8.90525
8.34856
8.34117
7.82614
7.8193
7.34133
7.33496
6.89002
6.88409
6.46714
6.46154
6.06823
6.06296
5.69033
5.68532
5.33055
5.32578
4.98742
4.98286
4.65952
4.65516
4.3469
4.34275
4.04944
4.0455
3.76966
3.76599
3.51117
3.50786
3.21233
3.20385
2.67218
2.66583
2.256
2.25101
1.92517
1.9212
1.6593
-3.04655
-3.22602
-3.24797
-3.44116
-3.46475
-3.67163
-3.69679
-3.91706
-3.9438
-4.1771
-4.20535
-4.45129
-4.48102
-4.73965
-4.77092
-5.04259
-5.07543
-5.36156
-5.39612
-5.6974
-5.73395
-6.05282
-6.09157
-6.43084
-6.47207
-6.83504
-6.8794
-7.26986
-7.31765
-7.73989
-7.79158
-8.24843
-8.30444
-8.79817
-8.85856
-9.38873
-9.45333
-10.019
-10.0878
-10.6885
-10.7613
-11.3958
-11.4726
-12.1412
-12.2221
-12.9259
-13.0111
-13.754
-13.8438
-14.6279
-14.7231
-15.5555
-15.6569
-16.5448
-16.6532
-17.6064
-17.723
-18.7527
-18.8788
-19.9953
-20.1325
-21.3457
-21.4946
-22.8096
-22.9706
-24.387
-24.5597
-26.0768
-26.2614
-27.877
-28.0731
-29.7863
-29.994
-31.8073
-32.027
-33.9456
-34.1784
-36.2156
-36.4627
-38.6287
-38.8926
-41.2101
-41.4932
-43.9896
-44.2955
-47.0049
-47.3395
-50.2999
-50.6655
-53.9235
-54.3255
-57.9175
-58.3621
-62.3219
-62.8119
-67.16
-67.6961
-72.4577
-73.0438
-78.2503
-78.8909
-84.5849
-85.2872
-91.5404
-92.3125
-99.2149
-100.068
-107.757
-108.717
-117.348
-118.429
-128.201
-129.438
-140.535
-141.931
-154.546
-156.136
-170.336
-172.089
-187.422
-189.277
-204.911
-206.692
-220.605
-222.031
-231.238
-231.835
-231.888
-231.296
-218.238
-215.976
-188.927
-184.71
-141.126
-135.29
-79.9181
-72.775
-10.3475
-2.80361
59.8667
66.9958
122.255
127.937
171.781
175.998
204.214
206.658
219.541
220.314
221.01
220.51
212.52
211.218
198.446
196.799
182.24
180.5
166.051
164.394
150.91
149.385
137.259
135.906
125.128
123.933
114.399
113.338
104.841
103.897
96.3132
95.4672
88.647
87.8817
81.7191
81.0287
75.451
74.8262
69.777
69.2117
64.6513
64.1415
60.034
59.5749
55.8758
55.4615
52.1142
51.7376
48.6907
48.3479
45.552
45.2351
42.6497
42.3559
39.9481
39.6734
37.4151
37.1571
35.0323
34.7892
32.7858
32.5567
30.6679
30.4517
28.6723
28.4691
26.7997
26.6094
25.0518
24.8746
23.4295
23.2659
21.9332
21.7826
20.5568
20.4181
19.2873
19.1591
18.1132
17.9944
17.0195
16.9087
15.9954
15.891
15.0299
14.9312
14.1158
14.0224
13.2494
13.1605
12.4259
12.3416
11.6449
11.5649
10.9046
10.829
10.2064
10.1354
9.55123
9.4847
8.94021
8.8784
8.37355
8.3163
7.84925
7.79629
7.36285
7.31353
6.91007
6.86411
6.48604
6.44272
6.08606
6.04519
5.70727
5.66844
5.34669
5.30968
5.00284
4.96748
4.67424
4.64048
4.36093
4.32876
4.06272
4.03224
3.78207
3.75364
3.52245
3.4967
3.2412
3.17546
2.69374
2.64457
2.27297
2.23425
1.93875
1.90789
1.67035
-3.06769
-3.0943
-3.12124
-3.14838
-3.17582
-3.20361
-3.27073
-3.2994
-3.32843
-3.35767
-3.38719
-3.41707
-3.48919
-3.52003
-3.55108
-3.5824
-3.61398
-3.64591
-3.72285
-3.7557
-3.78878
-3.82213
-3.85574
-3.8897
-3.97149
-4.00626
-4.04139
-4.07669
-4.11227
-4.14819
-4.23457
-4.2713
-4.30836
-4.34558
-4.38314
-4.42087
-4.51178
-4.55039
-4.58937
-4.62852
-4.66801
-4.70766
-4.80322
-4.84382
-4.88473
-4.92583
-4.96721
-5.00899
-5.10942
-5.15208
-5.19518
-5.23847
-5.28209
-5.32613
-5.43189
-5.47679
-5.52214
-5.56771
-5.61365
-5.66001
-5.77176
-5.81935
-5.86717
-5.91539
-5.96399
-6.01317
-6.1317
-6.18227
-6.2331
-6.28447
-6.33658
-6.38869
-6.51491
-6.5688
-6.62332
-6.67822
-6.73364
-6.78975
-6.92558
-6.98356
-7.04215
-7.10113
-7.16089
-7.22111
-7.36726
-7.42979
-7.4931
-7.55703
-7.62165
-7.6871
-7.8452
-7.9129
-7.98156
-8.05067
-8.12055
-8.19133
-8.36255
-8.43574
-8.50991
-8.58465
-8.6601
-8.73649
-8.92114
-8.9999
-9.07965
-9.15988
-9.24073
-9.32269
-9.52024
-9.60438
-9.68947
-9.77524
-9.86157
-9.94872
-10.159
-10.2485
-10.339
-10.4299
-10.5216
-10.6141
-10.8367
-10.9313
-11.0268
-11.1228
-11.2196
-11.3172
-11.552
-11.6517
-11.7525
-11.8537
-11.9556
-12.0584
-12.3057
-12.4108
-12.5168
-12.6232
-12.7305
-12.8388
-13.0993
-13.21
-13.3219
-13.4343
-13.5476
-13.662
-13.9367
-14.0539
-14.1718
-14.2904
-14.4099
-14.5306
-14.8216
-14.9456
-15.0707
-15.1965
-15.3235
-15.4519
-15.7622
-15.8941
-16.0275
-16.1619
-16.2974
-16.4343
-16.7657
-16.907
-17.0502
-17.1943
-17.3402
-17.4873
-17.8441
-17.9969
-18.1514
-18.3072
-18.4646
-18.624
-19.0098
-19.175
-19.3431
-19.5118
-19.6823
-19.8554
-20.275
-20.4546
-20.6368
-20.8203
-21.0059
-21.1939
-21.6492
-21.844
-22.0415
-22.2405
-22.4415
-22.6452
-23.1376
-23.348
-23.5609
-23.7753
-23.9917
-24.2106
-24.7388
-24.9643
-25.1925
-25.4221
-25.6537
-25.888
-26.4527
-26.6931
-26.9362
-27.1807
-27.4272
-27.6764
-28.2766
-28.532
-28.7896
-29.049
-29.3103
-29.5737
-30.2092
-30.4796
-30.7522
-31.0269
-31.3034
-31.5822
-32.2547
-32.5408
-32.829
-33.1196
-33.4124
-33.7075
-34.4196
-34.7228
-35.0287
-35.3375
-35.6489
-35.9626
-36.7189
-37.041
-37.3659
-37.694
-38.0246
-38.3586
-39.1662
-39.5102
-39.8574
-40.2082
-40.5622
-40.9204
-41.7872
-42.157
-42.5302
-42.9106
-43.2929
-43.6777
-44.6136
-45.0144
-45.4197
-45.8299
-46.2446
-46.6645
-47.6872
-48.1251
-48.5675
-49.0152
-49.4684
-49.9274
-51.0461
-51.5268
-52.0136
-52.5074
-53.0074
-53.5135
-54.7451
-55.2752
-55.812
-56.3555
-56.9065
-57.4645
-58.8247
-59.4086
-60.0006
-60.6001
-61.2068
-61.8224
-63.3208
-63.9633
-64.6142
-65.2726
-65.9385
-66.6132
-68.2532
-68.9558
-69.6691
-70.3915
-71.121
-71.8596
-73.6528
-74.4209
-75.1998
-75.9899
-76.7893
-77.5968
-79.5566
-80.3973
-81.2498
-82.1121
-82.9846
-83.8685
-86.017
-86.9394
-87.8742
-88.8211
-89.7796
-90.7517
-93.1173
-94.1351
-95.166
-96.2111
-97.27
-98.3447
-100.959
-102.088
-103.234
-104.403
-105.584
-106.781
-109.715
-110.984
-112.27
-113.575
-114.902
-116.25
-119.559
-120.992
-122.443
-123.919
-125.42
-126.946
-130.724
-132.328
-133.975
-135.658
-137.369
-139.11
-143.386
-145.233
-147.107
-149.007
-150.951
-152.932
-157.79
-159.863
-161.973
-164.127
-166.323
-168.542
-173.904
-176.214
-178.493
-180.834
-183.18
-185.531
-191.187
-193.546
-195.937
-198.345
-200.721
-203.065
-208.495
-210.706
-212.902
-215.052
-217.095
-219.063
-223.43
-225.095
-226.579
-227.994
-229.349
-230.485
-232.31
-232.764
-233.02
-232.965
-232.771
-232.365
-230.499
-229.164
-227.558
-225.659
-223.349
-220.5
-213.495
-210.15
-206.308
-202.182
-197.79
-193.038
-180.11
-174.092
-167.788
-161.238
-154.421
-147.169
-129.116
-121.188
-113.043
-104.679
-96.0876
-87.2126
-65.3721
-56.0334
-46.5622
-37.1179
-27.6383
-18.0998
4.90524
14.4094
23.9596
33.5022
42.9897
52.4175
74.1917
82.9927
91.6383
100.079
108.294
116.221
133.726
141.156
148.166
154.754
161.119
167.23
180.163
185.042
189.688
193.96
197.882
201.513
208.984
211.52
213.718
215.587
217.186
218.589
220.926
221.304
221.773
221.866
221.75
221.392
219.909
219.008
217.905
216.609
215.205
213.787
209.845
208.054
206.165
204.193
202.185
200.123
195.077
192.913
190.737
188.526
186.266
184.028
178.707
176.463
174.284
172.11
169.931
167.77
162.698
160.607
158.542
156.498
154.478
152.491
147.847
145.972
144.119
142.283
140.464
138.672
134.533
132.848
131.189
129.558
127.951
126.374
122.72
121.235
119.768
118.321
116.899
115.502
112.259
110.93
109.624
108.337
107.067
105.82
102.936
101.758
100.594
99.446
98.3142
97.1968
94.6067
93.5479
92.5032
91.4708
90.4511
89.4438
87.1034
86.1457
85.2008
84.2675
83.346
82.4373
80.3253
79.4581
78.601
77.7558
76.923
76.1014
74.1892
73.403
72.6272
71.8631
71.111
70.3657
68.636
67.9261
67.2263
66.5353
65.8542
65.1826
63.6219
62.9823
62.352
61.7306
61.1178
60.5125
59.107
58.5313
57.9638
57.4037
56.8513
56.3069
55.0393
54.5196
54.0049
53.4985
52.9992
52.5058
51.3535
50.8808
50.4144
49.9529
49.497
49.047
47.997
47.564
47.1371
46.7143
46.2959
45.881
44.9114
44.5118
44.1165
43.7253
43.3383
42.9546
42.0558
41.6847
41.3168
40.9522
40.5906
40.2326
39.3926
39.0446
38.6992
38.3568
38.0179
37.6821
36.893
36.566
36.2415
35.9199
35.6009
35.2844
34.5404
34.2324
33.9267
33.6232
33.322
33.0234
32.3221
32.0315
31.7433
31.4572
31.1735
30.8918
30.2305
29.9565
29.6847
29.4151
29.1478
28.8828
28.2613
28.004
27.7488
27.4959
27.2453
26.997
26.4153
26.1744
25.9364
25.701
25.4669
25.2356
24.6941
24.4705
24.2493
24.0304
23.8134
23.5994
23.0991
22.8925
22.6886
22.4871
22.287
22.0897
21.6289
21.4389
21.2514
21.066
20.8821
20.7007
20.2767
20.1014
19.9283
19.7568
19.5876
19.4203
19.0283
18.8665
18.7066
18.5483
18.3913
18.2363
17.8731
17.7228
17.5741
17.4266
17.2801
17.1353
16.795
16.6543
16.5146
16.3766
16.2393
16.1035
15.7842
15.6516
15.5203
15.3899
15.2602
15.132
14.8301
14.7045
14.5802
14.4568
14.334
14.2125
13.9267
13.808
13.6902
13.5731
13.4569
13.3413
13.0696
12.9566
12.8447
12.7335
12.6228
12.5132
12.2553
12.1481
12.0419
11.9364
11.8315
11.7276
11.483
11.3812
11.2805
11.1806
11.0811
10.9828
10.7516
10.6556
10.5607
10.4665
10.3728
10.2801
10.0626
9.97237
9.88322
9.79485
9.70703
9.62023
9.4169
9.3326
9.24932
9.16685
9.08508
9.00434
8.81538
8.73722
8.66005
8.58366
8.50779
8.43294
8.2579
8.18558
8.11419
8.04352
7.97341
7.9042
7.74223
7.67521
7.60881
7.54333
7.47827
7.41396
7.26317
7.20082
7.1392
7.07816
7.01755
6.95766
6.81712
6.75895
6.70114
6.64398
6.58712
6.53085
6.39846
6.34354
6.28916
6.23522
6.18155
6.12839
6.00338
5.95141
5.89992
5.8488
5.79801
5.74746
5.62866
5.57918
5.53016
5.48147
5.4331
5.38495
5.2718
5.22467
5.17796
5.1315
5.08523
5.03941
4.93126
4.88622
4.84155
4.79712
4.75291
4.70914
4.60592
4.56295
4.52037
4.47805
4.43593
4.3942
4.29583
4.25498
4.21431
4.17401
4.1339
4.09424
4.00106
3.96247
3.92413
3.88629
3.8487
3.81157
3.7246
3.68866
3.65324
3.61823
3.58352
3.54946
3.47036
3.4379
3.40606
3.37477
3.34412
3.3123
3.10988
3.03081
2.9552
2.88295
2.81308
2.7458
2.59516
2.53511
2.47714
2.42093
2.36653
2.31384
2.19527
2.14775
2.10172
2.057
2.01347
1.97146
1.87686
1.839
1.80199
1.76603
1.73093
1.69691
