-1.74759
-1.8825
-2.02436
-2.17386
-2.33203
-2.50037
-2.68111
-2.87651
-3.0893
-3.32128
-3.57311
-3.84418
-4.13391
-4.44137
-4.76646
-5.10987
-5.47342
-5.8592
-6.27132
-6.71386
-7.19425
-7.71885
-8.29334
-8.92073
-9.60041
-10.33
-11.1076
-11.9325
-12.8059
-13.7325
-14.7163
-15.7684
-16.9007
-18.1304
-19.4764
-20.9557
-22.5805
-24.3518
-26.2656
-28.3185
-30.5086
-32.8401
-35.3274
-37.9887
-40.8527
-43.9643
-47.3766
-51.1573
-55.3819
-60.1128
-65.3977
-71.2721
-77.7793
-84.9891
-93.0201
-102.042
-112.309
-124.121
-137.887
-154.011
-172.774
-193.952
-216.164
-235.908
-247.498
-243.126
-216.484
-165.297
-92.1035
-6.71238
79.0418
151.699
203.74
231.333
236.167
226.114
207.75
186.992
167.006
149.057
133.482
120.07
108.439
98.3016
89.363
81.4239
74.3556
68.0522
62.458
57.5053
53.1068
49.1667
45.6069
42.3503
39.342
36.5406
33.9228
31.4699
29.1728
27.0309
25.0466
23.2242
21.5634
20.0538
18.6767
17.4125
16.2397
15.1435
14.1132
13.1416
12.2237
11.3577
10.5435
9.78297
9.07862
8.43099
7.83864
7.29534
6.79409
6.32742
5.88941
5.47596
5.08393
4.71139
4.35783
4.02368
3.71171
3.42808
2.94732
2.41321
2.00936
1.69699
1.44973
1.25129
1.08969
0.953246
0.839459
0.739628
0.649517
0.571433
-1.74838
-1.88166
-1.88333
-2.02348
-2.02523
-2.17293
-2.17479
-2.33104
-2.33301
-2.49932
-2.50142
-2.67997
-2.68224
-2.87528
-2.87774
-3.08795
-3.09064
-3.31982
-3.32275
-3.57153
-3.57469
-3.84248
-3.84588
-4.13211
-4.13572
-4.43946
-4.44328
-4.76444
-4.76847
-5.10774
-5.112
-5.47116
-5.47567
-5.8568
-5.86161
-6.26874
-6.2739
-6.71108
-6.71665
-7.19122
-7.19728
-7.71554
-7.72216
-8.28971
-8.29697
-8.91678
-8.92469
-9.59615
-9.60467
-10.3254
-10.3346
-11.1028
-11.1125
-11.9274
-11.9376
-12.8004
-12.8113
-13.7267
-13.7382
-14.7101
-14.7224
-15.7618
-15.775
-16.8936
-16.9078
-18.1227
-18.1382
-19.4679
-19.485
-20.9463
-20.965
-22.5703
-22.5908
-24.3407
-24.3629
-26.2536
-26.2776
-28.3056
-28.3313
-30.4949
-30.5222
-32.8255
-32.8546
-35.3118
-35.343
-37.972
-38.0054
-40.8347
-40.8707
-43.9448
-43.9839
-47.355
-47.3983
-51.1333
-51.1814
-55.3549
-55.4089
-60.0826
-60.1431
-65.364
-65.4313
-71.2348
-71.3095
-77.738
-77.8206
-84.9432
-85.035
-92.9687
-93.0716
-101.984
-102.1
-112.243
-112.375
-124.044
-124.198
-137.798
-137.977
-153.906
-154.117
-172.652
-172.896
-193.819
-194.086
-216.033
-216.296
-235.806
-236.011
-247.48
-247.516
-243.219
-243.032
-216.707
-216.26
-165.678
-164.915
-92.6028
-91.604
-7.24873
-6.17583
78.5519
79.5313
151.305
152.092
203.506
203.973
231.234
231.431
236.189
236.144
226.205
226.023
207.87
207.63
187.117
186.868
167.122
166.89
149.159
148.956
133.569
133.395
120.146
119.994
108.505
108.373
98.3591
98.2441
89.414
89.3121
81.4691
81.3787
74.396
74.3152
68.0881
68.0163
62.4898
62.4262
57.5335
57.4772
53.1319
53.0817
49.1893
49.1442
45.6275
45.5864
42.3692
42.3314
39.3595
39.3245
36.557
36.5243
33.9382
33.9075
31.4843
31.4556
29.1863
29.1594
27.0434
27.0185
25.0581
25.0351
23.2347
23.2136
21.5729
21.5538
20.0625
20.0451
18.6846
18.6687
17.4199
17.4052
16.2466
16.2329
15.1499
15.1371
14.1193
14.1072
13.1473
13.1359
12.2291
12.2183
11.3628
11.3527
10.5483
10.5388
9.7874
9.77855
9.08271
9.07453
8.43474
8.42725
7.84206
7.83522
7.29849
7.29218
6.79701
6.79118
6.33015
6.32469
5.89199
5.88684
5.47839
5.47353
5.08624
5.08162
4.71358
4.7092
4.35991
4.35575
4.02564
4.02173
3.71352
3.70991
3.42969
3.42647
2.95106
2.94358
2.41599
2.41043
2.0115
2.00722
1.69867
1.69531
1.45105
1.44841
1.25237
1.25022
1.09058
1.08879
0.954007
0.952486
0.840091
0.838828
0.740201
0.739055
0.650023
0.649011
0.571872
-1.75395
-1.87581
-1.88919
-2.01734
-2.03139
-2.16644
-2.18129
-2.32416
-2.33992
-2.49198
-2.50879
-2.67206
-2.6902
-2.86669
-2.88638
-3.07858
-3.10006
-3.30961
-3.33301
-3.56048
-3.58577
-3.83063
-3.85777
-4.11949
-4.14837
-4.42611
-4.45667
-4.75034
-4.78262
-5.09283
-5.12696
-5.45537
-5.49151
-5.84002
-5.87844
-6.2506
-6.29201
-6.6917
-6.73615
-7.17009
-7.21852
-7.69242
-7.7454
-8.26436
-8.32245
-8.88918
-8.95241
-9.5664
-9.63453
-10.2936
-10.3665
-11.069
-11.1464
-11.8915
-11.9735
-12.7625
-12.8494
-13.6864
-13.7786
-14.6672
-14.7655
-15.7157
-15.8213
-16.8438
-16.9578
-18.0685
-18.1926
-19.4084
-19.5448
-20.8809
-21.0308
-22.4987
-22.6628
-24.2629
-24.441
-26.1699
-26.3617
-28.2159
-28.4213
-30.3996
-30.6179
-32.7238
-32.9568
-35.203
-35.4523
-37.8558
-38.1224
-40.7089
-40.9972
-43.808
-44.1213
-47.2039
-47.5503
-50.9652
-51.3504
-55.1665
-55.5985
-59.8716
-60.3553
-65.1291
-65.6676
-70.9741
-71.5715
-77.4494
-78.1107
-84.6226
-85.3572
-92.6098
-93.4326
-101.579
-102.509
-111.78
-112.841
-123.509
-124.737
-137.173
-138.605
-153.169
-154.859
-171.801
-173.75
-192.888
-195.017
-215.108
-217.213
-235.079
-236.718
-247.298
-247.603
-243.848
-242.351
-218.285
-214.673
-168.311
-162.214
-96.0422
-88.102
-10.9969
-2.41366
75.1053
82.9434
148.531
154.817
201.844
205.603
230.519
232.094
236.334
235.969
226.841
225.373
208.729
206.786
187.99
185.998
167.934
166.082
149.87
148.251
134.182
132.786
120.679
119.467
108.968
107.915
98.7627
97.8431
89.7715
88.9568
81.7863
81.0632
74.6795
74.0332
68.3398
67.7662
62.7132
62.2045
57.7309
57.2807
53.3077
52.9068
49.3476
48.9868
45.7716
45.4432
42.5016
42.1996
39.4822
39.2018
36.6717
36.41
34.0456
33.8005
31.5848
31.3554
29.2804
29.0657
27.1309
26.9314
25.1388
24.9548
23.3085
23.1402
21.64
21.4871
20.1236
19.9844
18.7405
18.6131
17.4713
17.3539
16.2945
16.1852
15.1948
15.0923
14.1615
14.065
13.1873
13.096
12.2669
12.1807
11.3984
11.3172
10.5817
10.5055
9.81845
9.74765
9.11143
9.04595
8.461
8.40112
7.86607
7.81132
7.32061
7.27016
6.81745
6.7708
6.34927
6.30563
5.91003
5.86892
5.4954
5.45652
5.10243
5.06548
4.72895
4.69388
4.37448
4.34123
4.03934
4.00807
3.7262
3.69729
3.44102
3.41522
2.97751
2.91763
2.43562
2.39113
2.02658
1.99237
1.71051
1.68363
1.46034
1.43922
1.25994
1.24274
1.09688
1.08256
0.959354
0.947189
0.844524
0.834417
0.744222
0.735057
0.653575
0.645485
0.57495
-1.76805
-1.78641
-1.8049
-1.82349
-1.84224
-1.86113
-1.904
-1.92333
-1.94279
-1.96232
-1.98203
-2.00189
-2.047
-2.06735
-2.08785
-2.10842
-2.12922
-2.15016
-2.19777
-2.21925
-2.24091
-2.2627
-2.28471
-2.30689
-2.35741
-2.3802
-2.40325
-2.42646
-2.4499
-2.47356
-2.5275
-2.5519
-2.57657
-2.60147
-2.62669
-2.65221
-2.71037
-2.73674
-2.76339
-2.79028
-2.81754
-2.84513
-2.90828
-2.93696
-2.96599
-2.99528
-3.025
-3.0551
-3.12397
-3.15526
-3.18692
-3.21887
-3.25127
-3.28403
-3.35905
-3.39307
-3.42744
-3.46212
-3.49729
-3.53281
-3.61387
-3.65061
-3.68768
-3.72501
-3.76277
-3.8009
-3.88791
-3.92722
-3.96688
-4.00679
-4.04714
-4.08783
-4.18041
-4.22214
-4.2643
-4.3067
-4.34949
-4.39258
-4.49058
-4.53479
-4.57932
-4.62408
-4.66936
-4.7149
-4.81846
-4.86508
-4.91215
-4.95949
-5.00725
-5.05539
-5.16483
-5.2142
-5.26406
-5.31419
-5.36476
-5.41573
-5.53164
-5.58399
-5.63677
-5.68997
-5.74371
-5.79787
-5.92113
-5.97687
-6.03316
-6.08992
-6.14735
-6.20536
-6.33779
-6.39745
-6.45781
-6.5188
-6.58062
-6.64306
-6.78567
-6.85051
-6.916
-6.98205
-7.04928
-7.11719
-7.27246
-7.34301
-7.41443
-7.48663
-7.56002
-7.6344
-7.80443
-7.88177
-7.9601
-8.03923
-8.11953
-8.20085
-8.3871
-8.47171
-8.55735
-8.64381
-8.73141
-8.81999
-9.02274
-9.1147
-9.20749
-9.30117
-9.396
-9.49177
-9.71011
-9.80905
-9.90885
-10.0094
-10.111
-10.2136
-10.4475
-10.553
-10.6595
-10.7667
-10.8749
-10.9841
-11.2323
-11.3444
-11.4574
-11.571
-11.6858
-11.8014
-12.0646
-12.1832
-12.3029
-12.423
-12.5446
-12.6672
-12.9458
-13.0715
-13.1983
-13.3258
-13.4548
-13.5852
-13.8809
-14.0144
-14.149
-14.2845
-14.4214
-14.5596
-14.8747
-15.0171
-15.1609
-15.3057
-15.4523
-15.6003
-15.9382
-16.0911
-16.2456
-16.4013
-16.5592
-16.7191
-17.0845
-17.2499
-17.4174
-17.5866
-17.7584
-17.9328
-18.3307
-18.5116
-18.695
-18.8803
-19.0685
-19.2595
-19.6966
-19.8953
-20.0966
-20.3003
-20.5073
-20.717
-21.1978
-21.4165
-21.638
-21.8618
-22.0891
-22.3192
-22.8454
-23.0846
-23.3264
-23.5704
-23.8176
-24.0678
-24.639
-24.8976
-25.1591
-25.4229
-25.6901
-25.9598
-26.5748
-26.853
-27.1339
-27.4168
-27.7028
-27.991
-28.6495
-28.9464
-29.2457
-29.5477
-29.8524
-30.1598
-30.8604
-31.1771
-31.4958
-31.8173
-32.1419
-32.4687
-33.2155
-33.5524
-33.8923
-34.2351
-34.5812
-34.9304
-35.7289
-36.0889
-36.4523
-36.819
-37.1894
-37.5638
-38.4194
-38.8065
-39.1972
-39.5918
-39.9904
-40.3938
-41.3182
-41.7375
-42.1618
-42.5923
-43.0273
-43.4649
-44.472
-44.9305
-45.3946
-45.8641
-46.3405
-46.8246
-47.9364
-48.4438
-48.9578
-49.478
-50.0073
-50.5441
-51.7809
-52.3462
-52.921
-53.5034
-54.0945
-54.6951
-56.0809
-56.7133
-57.356
-58.0085
-58.6709
-59.3437
-60.8956
-61.6032
-62.3215
-63.0501
-63.7901
-64.5411
-66.2688
-67.0561
-67.8549
-68.665
-69.4867
-70.3209
-72.2375
-73.1085
-73.9916
-74.8896
-75.8017
-76.7263
-78.848
-79.8128
-80.7928
-81.7866
-82.7952
-83.8196
-86.1765
-87.2523
-88.3433
-89.4503
-90.5729
-91.713
-94.351
-95.555
-96.7801
-98.0227
-99.2849
-100.568
-103.55
-104.917
-106.307
-107.719
-109.156
-110.624
-114.031
-115.595
-117.189
-118.816
-120.478
-122.174
-126.117
-127.938
-129.8
-131.702
-133.641
-135.615
-140.206
-142.329
-144.508
-146.732
-149.006
-151.331
-156.753
-159.249
-161.791
-164.354
-166.974
-169.662
-175.923
-178.799
-181.712
-184.599
-187.567
-190.554
-197.375
-200.441
-203.52
-206.611
-209.705
-212.762
-219.505
-222.416
-225.277
-228.057
-230.745
-233.239
-238.46
-240.559
-242.52
-244.196
-245.585
-246.688
-247.902
-248.155
-247.991
-247.55
-246.706
-245.29
-240.449
-237.622
-234.457
-230.825
-226.75
-222.172
-210.262
-204.116
-197.462
-190.229
-182.768
-174.738
-155.154
-145.612
-135.815
-125.657
-115.198
-104.544
-79.2217
-67.655
-55.9878
-44.2005
-32.4699
-20.4082
6.991
19.048
31.0026
42.8318
54.6228
66.2556
91.4452
102.201
112.513
122.597
132.334
141.671
161.487
169.667
177.492
184.83
191.39
197.442
209.627
214.272
218.523
222.333
225.337
228.547
233.454
234.792
235.817
236.423
236.531
236.558
235.48
234.589
233.397
231.982
230.324
228.423
223.67
221.327
218.854
216.264
213.591
210.876
204.644
201.792
198.891
196.013
193.095
190.206
183.817
181.015
178.221
175.459
172.721
170.008
164.063
161.515
159.005
156.526
154.085
151.685
146.493
144.254
142.062
139.915
137.809
135.747
131.264
129.338
127.446
125.602
123.8
122.03
118.152
116.481
114.847
113.252
111.686
110.146
106.773
105.328
103.91
102.513
101.14
99.7913
96.8405
95.5657
94.3135
93.0835
91.8726
90.6811
88.0674
86.9366
85.8257
84.7319
83.6542
82.5939
80.2745
79.2689
78.2763
77.3027
76.3441
75.3999
73.3264
72.427
71.5443
70.6755
69.8209
68.9806
67.141
66.3443
65.5593
64.7874
64.0287
63.2824
61.6503
60.9443
60.2494
59.5663
58.8945
58.2342
56.7888
56.1624
55.5455
54.9392
54.343
53.7547
52.4686
51.9089
51.3572
50.8138
50.2781
49.7504
48.5929
48.0887
47.5913
47.101
46.6168
46.1376
45.0838
44.6241
44.1697
43.7206
43.2769
42.8378
41.8689
41.4453
41.026
40.6112
40.2002
39.7938
38.8941
38.5007
38.11
37.7236
37.3412
36.9624
36.123
35.7551
35.3911
35.0302
34.6724
34.3178
33.5316
33.1869
32.8454
32.5072
32.172
31.8397
31.1037
30.7807
30.461
30.1442
29.8302
29.5191
28.8304
28.529
28.2308
27.9355
27.6426
27.3528
26.7128
26.4329
26.1558
25.8821
25.6114
25.3436
24.7536
24.4958
24.2414
23.9906
23.7419
23.4961
22.9563
22.7209
22.4887
22.26
22.0337
21.8104
21.3201
21.1066
20.8954
20.6874
20.4818
20.2788
19.8322
19.6374
19.4455
19.2562
19.0684
18.8825
18.4739
18.2954
18.1191
17.945
17.7726
17.6019
17.2254
17.0601
16.8964
16.7349
16.5746
16.416
16.0653
15.9115
15.7586
15.6074
15.4575
15.3088
14.9798
14.8352
14.6917
14.5499
14.4087
14.2688
13.9591
13.8229
13.6874
13.5536
13.4206
13.2885
12.9959
12.8672
12.7395
12.6129
12.4872
12.3625
12.0862
11.9647
11.8441
11.7248
11.6061
11.4886
11.228
11.1136
11.0001
10.888
10.7767
10.6664
10.4221
10.315
10.2089
10.1044
10.0003
9.89729
9.67016
9.57076
9.47247
9.37547
9.27923
9.18416
8.97438
8.88279
8.79233
8.70317
8.61489
8.52766
8.33565
8.25184
8.16912
8.08762
8.00689
7.92706
7.75144
7.67467
7.59886
7.52414
7.45004
7.37672
7.21493
7.14426
7.07435
7.00534
6.93694
6.86926
6.71969
6.65412
6.58914
6.52485
6.46097
6.39771
6.25778
6.19631
6.13536
6.07505
6.01511
5.95566
5.82386
5.76593
5.70842
5.65145
5.59472
5.53848
5.41382
5.35895
5.30447
5.25051
5.19666
5.14341
5.02498
4.97284
4.92105
4.86972
4.81861
4.76786
4.65538
4.60586
4.5567
4.508
4.45954
4.41143
4.30475
4.25783
4.21126
4.16518
4.1194
4.07405
3.97379
3.92977
3.88621
3.84319
3.80058
3.75841
3.66574
3.62536
3.58557
3.54641
3.50775
3.4699
3.38715
3.35135
3.31612
3.23662
3.13914
3.04614
2.85373
2.77352
2.69728
2.62426
2.55398
2.48621
2.34348
2.28371
2.22615
2.17084
2.1172
2.06536
1.95568
1.9099
1.86575
1.82294
1.78128
1.74087
1.65467
1.61832
1.58326
1.54965
1.51686
1.48455
1.41636
1.38742
1.35922
1.33186
1.30522
1.27937
1.2242
1.20089
1.17817
1.15597
1.13422
1.11296
1.06704
1.04739
1.02824
1.00952
0.991056
0.973009
0.93399
0.917262
0.900958
0.885377
0.870488
0.855772
0.823366
0.809213
0.795227
0.781457
0.767852
0.754445
0.724914
0.711984
0.699281
0.686831
0.674581
0.662621
0.636682
0.625474
0.61448
0.603723
0.593155
0.582802
