-2.44272
-2.80987
-3.24455
-3.75923
-4.34954
-5.01037
-5.74889
-6.58769
-7.57147
-8.75379
-10.1488
-11.7378
-13.5198
-15.5299
-17.8535
-20.6356
-24.0009
-27.9477
-32.4461
-37.5593
-43.4797
-50.6005
-59.5165
-70.7069
-84.5248
-101.799
-124.361
-155.484
-198.789
-247.806
-262.359
-181.261
-6.70222
168.169
250.143
238.061
192.046
150.692
120.4
98.0942
80.9627
67.4839
56.9433
48.6659
41.9034
36.1283
31.0816
26.6599
22.8832
19.7571
17.1571
14.917
12.9341
11.1641
9.60346
8.27124
7.15764
6.20693
5.367
4.6108
3.93112
3.34772
2.27709
1.61261
1.19685
-2.44375
-2.80868
-2.81107
-3.24312
-3.24597
-3.75756
-3.76089
-4.34766
-4.35142
-5.00827
-5.01247
-5.74654
-5.75125
-6.58498
-6.5904
-7.56823
-7.57472
-8.74991
-8.75767
-10.1444
-10.1533
-11.7328
-11.7429
-13.5141
-13.5255
-15.5234
-15.5363
-17.8459
-17.8611
-20.6264
-20.6448
-23.9899
-24.0119
-27.9349
-27.9603
-32.4317
-32.4605
-37.5428
-37.5757
-43.4604
-43.4991
-50.5767
-50.6243
-59.4864
-59.5466
-70.6696
-70.7443
-84.4787
-84.571
-101.741
-101.858
-124.283
-124.44
-155.373
-155.595
-198.639
-198.938
-247.679
-247.933
-262.431
-262.286
-181.66
-180.86
-7.28805
-6.11617
167.756
168.582
250.065
250.221
238.18
237.942
192.185
191.906
150.799
150.586
120.478
120.322
98.1525
98.036
81.0082
80.9172
67.5197
67.4481
56.9712
56.9154
48.6882
48.6436
41.9221
41.8848
36.1445
36.1121
31.0958
31.0674
26.6723
26.6475
22.8936
22.8728
19.7657
19.7486
17.1643
17.1499
14.9233
14.9107
12.9398
12.9285
11.1691
11.159
9.60783
9.5991
8.2749
8.26758
7.16072
7.15457
6.2096
6.20425
5.36939
5.36461
4.61296
4.60864
3.93304
3.9292
3.34929
3.34615
2.27966
2.27452
1.61416
1.61106
1.19785
-2.45351
-2.79734
-2.82248
-3.22961
-3.25955
-3.74177
-3.77676
-4.32982
-4.36932
-4.98838
-5.03243
-5.72417
-5.77368
-6.55929
-6.61624
-7.53752
-7.60561
-8.71312
-8.79464
-10.1017
-10.1962
-11.6848
-11.7911
-13.4603
-13.5795
-15.4623
-15.5978
-17.7739
-17.9334
-20.5391
-20.7328
-23.8853
-24.117
-27.8143
-28.0811
-32.2952
-32.5976
-37.3869
-37.7324
-43.2771
-43.6834
-50.3517
-50.8509
-59.2019
-59.8334
-70.3154
-71.1009
-84.0415
-85.0112
-101.186
-102.419
-123.542
-125.188
-154.322
-156.657
-197.224
-200.363
-246.463
-249.127
-263.075
-261.552
-185.414
-177
-12.8424
-0.53762
163.747
172.444
249.266
251.13
239.295
236.791
193.516
190.581
151.823
149.579
121.22
119.589
98.7081
97.485
81.4424
80.4867
67.8618
67.1092
57.2371
56.6516
48.9006
48.4327
42.1001
41.7078
36.2989
35.9587
31.2313
30.9325
26.79
26.5304
22.9924
22.7746
19.847
19.668
17.2331
17.0816
14.9835
14.8508
12.9934
12.8751
11.2168
11.1115
9.64938
9.55778
8.30977
8.23293
7.19
7.12549
6.23505
6.17892
5.39214
5.34193
4.63352
4.58815
3.95134
3.91099
3.36426
3.33134
2.3043
2.25032
1.62899
1.59649
1.20736
-2.48798
-2.53965
-2.59242
-2.64639
-2.70161
-2.75816
-2.8628
-2.92344
-2.98572
-3.04972
-3.11539
-3.18283
-3.30762
-3.37998
-3.45414
-3.53003
-3.60764
-3.687
-3.83278
-3.91666
-4.00213
-4.08918
-4.17769
-4.2678
-4.43242
-4.52663
-4.62244
-4.71979
-4.8187
-4.91926
-5.10276
-5.20785
-5.31468
-5.42349
-5.53415
-5.64661
-5.85281
-5.97125
-6.09217
-6.2157
-6.34166
-6.47036
-6.70759
-6.84492
-6.98573
-7.13055
-7.27902
-7.43147
-7.7149
-7.87961
-8.04905
-8.2233
-8.40215
-8.58577
-8.92541
-9.12204
-9.32339
-9.52921
-9.73932
-9.95383
-10.3472
-10.5732
-10.8034
-11.0376
-11.2757
-11.518
-11.961
-12.2148
-12.4729
-12.7354
-13.0022
-13.2736
-13.7703
-14.0554
-14.3459
-14.6415
-14.9432
-15.2503
-15.8151
-16.1414
-16.4751
-16.8166
-17.1663
-17.5246
-18.1898
-18.5766
-18.9739
-19.3832
-19.8045
-20.2379
-21.0443
-21.5139
-21.9964
-22.4927
-23.0018
-23.5238
-24.4881
-25.0455
-25.6153
-26.197
-26.7911
-27.3969
-28.5081
-29.1468
-29.7972
-30.4593
-31.1344
-31.8215
-33.0816
-33.8055
-34.5429
-35.2949
-36.0624
-36.8457
-38.285
-39.1165
-39.9662
-40.8354
-41.7286
-42.643
-44.336
-45.3209
-46.335
-47.3801
-48.4583
-49.5743
-51.6568
-52.8825
-54.1483
-55.4578
-56.8164
-58.2213
-60.8519
-62.3951
-63.9891
-65.6368
-67.3381
-69.0923
-72.3648
-74.2742
-76.244
-78.2757
-80.3721
-82.5339
-86.5734
-88.94
-91.3842
-93.9249
-96.5552
-99.2782
-104.417
-107.453
-110.611
-113.925
-117.378
-120.996
-127.869
-131.987
-136.327
-140.889
-145.682
-150.733
-160.454
-166.27
-172.353
-178.76
-185.443
-192.374
-205.363
-212.786
-220.298
-227.816
-235.143
-242.1
-253.115
-258.154
-262.045
-264.545
-265.613
-264.752
-258.376
-251.354
-241.587
-229.314
-214.947
-198.199
-162.332
-138.892
-113.921
-87.4479
-60.1215
-32.2297
18.8454
46.8917
74.2612
100.5
125.726
149.035
185.252
202.19
216.802
228.932
238.634
245.614
252.997
254.126
253.226
251.111
247.403
242.868
232.571
226.089
219.193
212.225
205.139
198.188
186.021
179.407
173.012
166.896
161.067
155.469
146.135
141.251
136.575
132.126
127.884
123.857
117.059
113.507
110.11
106.83
103.695
100.686
95.5878
92.8838
90.2761
87.7555
85.3299
82.9866
79.002
76.874
74.8203
72.8376
70.9214
69.0769
65.9418
64.2745
62.6657
61.1153
59.6233
58.1834
55.7418
54.4398
53.1838
51.9685
50.7932
49.6541
47.7038
46.6547
45.6345
44.6418
43.6747
42.7296
41.0956
40.2084
39.3404
38.4916
37.6583
36.8429
35.4267
34.6552
33.8976
33.1539
32.4247
31.7093
30.4644
29.7864
29.1213
28.4696
27.8316
27.2063
26.1253
25.5396
24.9687
24.4116
23.8703
23.3425
22.4359
21.9489
21.4755
21.0156
20.5692
20.1346
19.3894
18.9876
18.5953
18.2132
17.84
17.4757
16.8447
16.502
16.1662
15.8364
15.513
15.1956
14.6429
14.341
14.0442
13.7519
13.4647
13.1822
12.6896
12.4197
12.1547
11.8937
11.637
11.3852
10.9465
10.7071
10.4721
10.2418
10.0166
9.79613
9.41463
9.2082
9.00676
8.81046
8.61915
8.43319
8.11305
7.94062
7.77245
7.60871
7.4492
7.29354
7.02469
6.87884
6.73611
6.5964
6.45924
6.32483
6.09091
5.96295
5.8373
5.71369
5.59201
5.47233
5.26302
5.14826
5.03516
4.92381
4.81407
4.70595
4.51694
4.4132
4.31116
4.21093
4.11248
4.01586
3.84788
3.75679
3.66789
3.58179
3.4982
3.41742
3.25489
3.04734
2.85994
2.68991
2.53537
2.39358
2.16861
2.05591
1.95168
1.85601
1.76644
1.68261
1.5471
1.47783
1.41352
1.35265
1.29538
1.24172
