-2.3957
-2.73104
-3.12446
-3.59202
-4.13013
-4.72964
-5.3917
-6.12809
-6.96709
-7.96026
-9.15175
-10.5312
-12.0746
-13.7869
-15.6994
-17.8933
-20.5084
-23.6729
-27.3655
-31.5348
-36.2126
-41.5276
-47.7635
-55.4342
-65.0892
-76.9734
-91.4907
-109.732
-133.878
-167.839
-215.969
-270.237
-284.488
-193.577
-6.91656
180.371
271.227
259.439
208.621
162.956
129.939
106.027
87.8519
73.4882
62.0851
53.1703
46.0442
40.0472
34.8145
30.1737
26.0733
22.5525
19.6429
17.211
15.0947
13.2028
11.496
9.9675
8.63963
7.52742
6.58484
5.75479
5.0042
4.31968
3.70156
3.02369
2.08029
1.51971
1.15551
0.898251
-2.3967
-2.72989
-2.73219
-3.12309
-3.12583
-3.59042
-3.59363
-4.12832
-4.13195
-4.72764
-4.73165
-5.38948
-5.39392
-6.12561
-6.13058
-6.96421
-6.96997
-7.95679
-7.96371
-9.14764
-9.15587
-10.5265
-10.5358
-12.0694
-12.0798
-13.7812
-13.7927
-15.6929
-15.7058
-17.8858
-17.9009
-20.4992
-20.5176
-23.662
-23.6839
-27.3529
-27.378
-31.5207
-31.5488
-36.1968
-36.2285
-41.5095
-41.5458
-47.7418
-47.7853
-55.4068
-55.4616
-65.055
-65.1234
-76.9317
-77.0151
-91.4394
-91.542
-109.666
-109.798
-133.788
-133.968
-167.71
-167.967
-215.794
-216.145
-270.088
-270.391
-284.591
-284.383
-194.05
-193.102
-7.57328
-6.25975
179.883
180.858
271.121
271.332
259.577
259.301
208.784
208.459
163.081
162.831
130.027
129.851
106.092
105.961
87.9031
87.8008
73.529
73.4475
62.1172
62.0531
53.1954
53.1452
46.0649
46.0236
40.0649
40.0294
34.8303
34.7989
30.1876
30.1598
26.0854
26.0611
22.5628
22.5423
19.6513
19.6345
17.2182
17.2038
15.101
15.0883
13.2085
13.1971
11.5012
11.4909
9.97207
9.96293
8.64351
8.63575
7.53066
7.52419
6.58764
6.58204
5.75729
5.75228
5.00648
5.00192
4.32177
4.3176
3.70341
3.69972
3.02779
3.01965
2.08254
2.07805
1.52113
1.51829
1.15647
1.15455
0.898939
-2.40594
-2.71929
-2.74283
-3.11045
-3.13844
-3.57559
-3.60858
-4.11154
-4.14877
-4.70913
-4.75022
-5.36899
-5.41449
-6.10266
-6.15361
-6.93765
-6.9967
-7.92474
-7.99586
-9.10968
-9.19401
-10.4834
-10.5791
-12.0217
-12.1277
-13.728
-13.8459
-15.6333
-15.7658
-17.8163
-17.9709
-20.4148
-20.6027
-23.561
-23.7857
-27.237
-27.4942
-31.3912
-31.6789
-36.0507
-36.3753
-41.3418
-41.7144
-47.5411
-47.9875
-55.1542
-55.7161
-64.7392
-65.4412
-76.5471
-77.4026
-90.9668
-92.0187
-109.058
-110.412
-132.958
-134.805
-166.524
-169.165
-214.175
-217.775
-268.703
-271.774
-285.428
-283.357
-198.373
-188.661
-13.6345
-0.18698
175.333
185.311
270.088
272.282
260.839
258.057
210.291
206.956
164.241
161.684
130.846
129.04
106.705
105.359
88.3781
87.3297
73.9076
73.072
62.4148
61.7583
53.4285
52.9139
46.2564
45.8333
40.2294
39.8657
34.9756
34.6544
30.3167
30.0312
26.1985
25.9487
22.6576
22.4481
19.7294
19.5569
17.2847
17.1377
15.16
15.0296
13.2615
13.1443
11.5491
11.443
10.0144
9.92076
8.67951
8.59999
7.56068
7.49436
6.6136
6.55622
5.78053
5.72913
5.02763
4.98084
4.34108
4.29835
3.7205
3.68269
3.06682
2.98331
2.10352
2.0575
1.53438
1.50526
1.16542
1.1457
0.905342
-2.43776
-2.48497
-2.53318
-2.58233
-2.63242
-2.68355
-2.77953
-2.83428
-2.89045
-2.94818
-3.00714
-3.06783
-3.18218
-3.2476
-3.31462
-3.38336
-3.45356
-3.52545
-3.65998
-3.73618
-3.81382
-3.89282
-3.97308
-4.05481
-4.20656
-4.29197
-4.37849
-4.46649
-4.55574
-4.64645
-4.81401
-4.90828
-5.00386
-5.10101
-5.1996
-5.29959
-5.48505
-5.58957
-5.69556
-5.80332
-5.91307
-6.025
-6.23285
-6.3505
-6.47074
-6.59361
-6.71908
-6.84767
-7.08891
-7.22676
-7.36839
-7.51365
-7.66297
-7.81693
-8.10685
-8.27285
-8.44348
-8.61873
-8.79794
-8.98144
-9.32531
-9.52012
-9.71926
-9.92169
-10.1276
-10.3376
-10.7273
-10.9467
-11.1696
-11.3962
-11.6262
-11.8599
-12.2924
-12.5356
-12.7828
-13.0341
-13.2892
-13.5482
-14.029
-14.2995
-14.5751
-14.855
-15.1403
-15.4314
-15.9725
-16.2799
-16.5943
-16.9153
-17.2438
-17.5805
-18.2125
-18.5744
-18.9476
-19.3304
-19.7242
-20.1302
-20.8974
-21.3371
-21.7901
-22.2552
-22.7313
-23.2196
-24.1368
-24.6572
-25.1893
-25.7312
-26.2829
-26.8457
-27.8936
-28.4851
-29.0857
-29.6973
-30.3195
-30.9529
-32.1261
-32.7884
-33.4621
-34.148
-34.8469
-35.5569
-36.8793
-37.6277
-38.3902
-39.1672
-39.9621
-40.7755
-42.2951
-43.1597
-44.0492
-44.9611
-45.8982
-46.8626
-48.6867
-49.7367
-50.8239
-51.9448
-53.105
-54.3069
-56.5962
-57.92
-59.289
-60.7062
-62.1689
-63.6772
-66.5386
-68.1805
-69.876
-71.6169
-73.407
-75.2524
-78.7384
-80.7396
-82.7992
-84.9217
-87.1147
-89.3783
-93.6683
-96.1524
-98.7211
-101.383
-104.152
-107.025
-112.537
-115.755
-119.124
-122.649
-126.334
-130.197
-137.72
-142.191
-146.891
-151.825
-157.027
-162.549
-173.348
-179.772
-186.565
-193.618
-201.014
-208.746
-223.371
-231.626
-239.907
-248.18
-256.166
-263.794
-275.801
-281.207
-285.139
-287.665
-288.589
-287.466
-279.213
-270.883
-260.416
-247.221
-231.108
-212.277
-172.78
-148.173
-121.572
-93.3533
-64.1235
-34.3227
20.5687
50.8026
79.8741
108.009
134.787
159.434
199.603
217.95
233.77
247.082
257.919
265.98
274.817
276.319
275.554
273.563
269.793
264.889
253.543
246.452
238.903
231.1
223.248
215.539
201.857
194.53
187.541
180.833
174.424
168.283
157.857
152.541
147.48
142.663
138.082
133.722
126.332
122.515
118.863
115.379
112.036
108.831
103.337
100.478
97.7171
95.0628
92.4984
90.0233
85.7469
83.5004
81.3273
79.224
77.1881
75.2169
71.8089
70.0145
68.2856
66.6115
65.0005
63.4451
60.7674
59.3633
58.0146
56.7114
55.4524
54.2348
52.1385
51.0316
49.9598
48.9162
47.9024
46.917
45.1919
44.2728
43.3744
42.4972
41.6382
40.7965
39.312
38.5153
37.7344
36.9675
36.2138
35.4745
34.1654
33.4614
32.7689
32.0874
31.4178
30.7603
29.5963
28.971
28.3576
27.7555
27.1654
26.5871
25.5688
25.0246
24.4961
23.9778
23.4749
22.9851
22.1317
21.6797
21.242
20.8161
20.4013
19.9986
19.2959
18.9229
18.5592
18.2027
17.8542
17.5137
16.9141
16.5923
16.2765
15.9662
15.6615
15.3623
14.831
14.5451
14.2631
13.9854
13.7123
13.4434
12.9656
12.7075
12.4537
12.2027
11.9556
11.7132
11.2817
11.0494
10.8213
10.5969
10.3763
10.16
9.77811
9.57373
9.37439
9.17939
8.98908
8.80373
8.47964
8.30758
8.14048
7.9776
7.81893
7.66424
7.39382
7.24953
7.10886
6.97032
6.8353
6.70285
6.46885
6.34303
6.21942
6.09771
5.9782
5.86022
5.65069
5.53751
5.42584
5.31576
5.20747
5.10022
4.90948
4.80629
4.70435
4.60399
4.50489
4.40723
4.23322
4.13936
4.04715
3.95631
3.86715
3.77944
3.62522
3.54323
3.46364
3.38662
3.31291
3.19986
2.8641
2.7028
2.55454
2.41869
2.29358
2.17771
1.98942
1.8958
1.80918
1.72808
1.65213
1.58094
1.46188
1.40305
1.34695
1.29364
1.24345
1.19644
1.11614
1.07465
1.03523
0.997641
0.961793
0.927704
