-1.83888
-2.0346
-2.2447
-2.47236
-2.72289
-3.00418
-3.32341
-3.68248
-4.07838
-4.50783
-4.97046
-5.46875
-6.00905
-6.60168
-7.26481
-8.01923
-8.87936
-9.84295
-10.9002
-12.046
-13.2829
-14.6233
-16.0889
-17.7172
-19.567
-21.6914
-24.1121
-26.8123
-29.7733
-32.9989
-36.5175
-40.3933
-44.7278
-49.6961
-55.5171
-62.3959
-70.4465
-79.7753
-90.6185
-103.425
-118.951
-138.36
-163.41
-195.797
-234.927
-271.962
-285.52
-247.534
-148.246
-6.66521
134.742
234.6
273.247
261.442
226.579
189.588
158.619
134.301
115.161
99.7438
86.9971
76.2685
67.2059
59.6027
53.2443
47.8427
43.1329
38.9263
35.1133
31.6289
28.4402
25.5478
22.9752
20.7287
18.7709
17.0366
15.4696
14.0314
12.7011
11.4688
10.3339
9.30302
8.38666
7.58152
6.86872
6.22489
5.63346
5.08402
4.57138
4.09431
3.65774
3.26479
2.43131
1.88809
1.50812
1.22927
1.0175
0.85117
0.714505
0.596956
-1.8397
-2.03372
-2.03548
-2.24376
-2.24565
-2.47133
-2.47339
-2.72174
-2.72404
-3.00288
-3.00547
-3.32194
-3.32489
-3.68084
-3.68412
-4.07659
-4.08017
-4.50589
-4.50976
-4.96838
-4.97254
-5.4665
-5.471
-6.0066
-6.0115
-6.59897
-6.60439
-7.26176
-7.26787
-8.01574
-8.02273
-8.8754
-8.88333
-9.83856
-9.84735
-10.8954
-10.9049
-12.0408
-12.0512
-13.2773
-13.2885
-14.6172
-14.6293
-16.0822
-16.0956
-17.7097
-17.7247
-19.5584
-19.5755
-21.6815
-21.7012
-24.101
-24.1232
-26.8
-26.8246
-29.7599
-29.7867
-32.9843
-33.0135
-36.5014
-36.5335
-40.3756
-40.411
-44.7078
-44.7478
-49.6729
-49.7194
-55.4896
-55.5446
-62.3636
-62.4282
-70.4088
-70.4842
-79.7318
-79.8188
-90.5677
-90.6694
-103.364
-103.485
-118.876
-119.026
-138.264
-138.456
-163.287
-163.533
-195.637
-195.957
-234.751
-235.103
-271.831
-272.092
-285.549
-285.488
-247.832
-247.235
-148.795
-147.696
-7.31391
-6.01661
134.196
135.287
234.295
234.904
273.202
273.29
261.562
261.322
226.745
226.413
189.737
189.439
158.738
158.5
134.394
134.208
115.236
115.087
99.8043
99.6833
87.0476
86.9465
76.3113
76.2257
67.242
67.1698
59.6328
59.5726
53.2696
53.219
47.8645
47.821
43.1521
43.1137
38.9436
38.909
35.1291
35.0975
31.6433
31.6144
28.4534
28.427
25.5596
25.5359
22.9856
22.9648
20.7378
20.7197
18.7789
18.763
17.0437
17.0294
15.4761
15.4631
14.0374
14.0254
12.7067
12.6956
11.474
11.4637
10.3386
10.3292
9.30725
9.29879
8.39039
8.38294
7.58479
7.57825
6.87165
6.8658
6.22756
6.22222
5.63593
5.63099
5.08633
5.08172
4.57352
4.56923
4.0963
4.09232
3.65953
3.65596
3.26934
3.26024
2.43418
2.42845
1.89001
1.88617
1.50954
1.50669
1.23031
1.22823
1.01831
1.01668
0.851803
0.850537
0.715056
0.713955
0.597415
-1.84627
-2.0267
-2.04252
-2.23619
-2.25324
-2.46308
-2.48167
-2.71258
-2.73325
-2.99254
-3.01588
-3.31019
-3.33671
-3.66775
-3.69726
-4.06228
-4.09452
-4.49044
-4.52525
-4.95175
-4.98922
-5.44855
-5.48904
-5.98704
-6.03114
-6.57736
-6.62619
-7.23735
-7.29241
-7.98787
-8.05077
-8.84379
-8.91509
-9.80346
-9.88258
-10.8572
-10.9432
-11.9995
-12.0926
-13.2328
-13.3331
-14.5688
-14.678
-16.0287
-16.1492
-17.6499
-17.7849
-19.4898
-19.6443
-21.6029
-21.7803
-24.0123
-24.2124
-26.702
-26.9232
-29.6527
-29.8942
-32.8676
-33.1306
-36.3736
-36.6618
-40.2343
-40.5529
-44.548
-44.9083
-49.4875
-49.906
-55.2704
-55.7652
-62.106
-62.6876
-70.1084
-70.7867
-79.3845
-80.1682
-90.1616
-91.0779
-102.88
-103.974
-118.28
-119.625
-137.502
-139.227
-162.308
-164.521
-194.38
-197.246
-233.34
-236.512
-270.778
-273.115
-285.744
-285.196
-250.185
-244.803
-153.154
-143.275
-12.5066
-0.83098
129.789
139.618
231.801
237.293
272.809
273.597
262.507
260.35
228.073
225.094
190.936
188.248
159.692
157.55
135.14
133.468
115.829
114.493
100.29
99.201
87.4531
86.5436
76.6546
75.8845
67.532
66.8821
59.8746
59.3334
53.4729
53.017
48.0392
47.6473
43.3065
42.96
39.0827
38.7706
35.2556
34.9714
31.7592
31.4989
28.5592
28.3216
25.6546
25.4414
23.0694
22.8815
20.8107
20.6473
18.8427
18.6995
17.1008
16.9726
15.5282
15.4112
14.0856
13.9775
12.7512
12.6512
11.5152
11.4226
10.3763
10.2916
9.34116
9.26505
8.42028
8.35321
7.61103
7.5521
6.89512
6.84244
6.24893
6.20091
5.65573
5.61127
5.10477
5.06333
4.59073
4.55208
4.11224
4.07644
3.67388
3.64169
3.28845
3.22421
2.45728
2.40576
1.90545
1.87091
1.521
1.49559
1.23867
1.22
1.02489
1.01017
0.856876
0.84549
0.719477
0.709564
0.601103
-1.86588
-1.89336
-1.92109
-1.94911
-1.9774
-2.00597
-2.06352
-2.09296
-2.12273
-2.15281
-2.18318
-2.21387
-2.27591
-2.30767
-2.33981
-2.37234
-2.40527
-2.43871
-2.5064
-2.54116
-2.57643
-2.61226
-2.64861
-2.68558
-2.76081
-2.79967
-2.83923
-2.87947
-2.9204
-2.96207
-3.04707
-3.09111
-3.136
-3.18169
-3.22823
-3.27561
-3.37208
-3.4219
-3.47253
-3.52391
-3.57616
-3.62916
-3.73655
-3.79182
-3.84785
-3.90459
-3.96199
-4.02005
-4.13732
-4.19736
-4.25831
-4.31981
-4.38197
-4.44478
-4.57149
-4.63632
-4.70184
-4.76807
-4.83497
-4.90261
-5.03898
-5.10871
-5.17918
-5.25047
-5.32253
-5.39549
-5.54285
-5.61824
-5.69453
-5.77181
-5.8502
-5.9294
-6.08977
-6.17218
-6.25571
-6.34053
-6.42643
-6.5137
-6.69114
-6.78266
-6.87575
-6.9706
-7.06709
-7.16549
-7.3659
-7.46969
-7.57533
-7.68342
-7.79354
-7.90574
-8.13478
-8.25349
-8.37444
-8.49762
-8.62302
-8.75066
-9.01016
-9.14395
-9.27987
-9.41785
-9.5579
-9.69996
-9.98781
-10.1356
-10.285
-10.4363
-10.5895
-10.7445
-11.0576
-11.2179
-11.3802
-11.5442
-11.7101
-11.8777
-12.216
-12.3892
-12.5644
-12.7415
-12.9205
-13.1014
-13.4666
-13.6538
-13.8434
-14.0353
-14.2296
-14.4259
-14.8233
-15.0274
-15.2341
-15.4434
-15.6558
-15.8713
-16.3094
-16.5348
-16.7636
-16.9965
-17.2334
-17.474
-17.9653
-18.2199
-18.4797
-18.7438
-19.0127
-19.2879
-19.8508
-20.143
-20.4414
-20.7451
-21.0551
-21.3714
-22.0175
-22.3522
-22.6928
-23.0395
-23.3921
-23.7508
-24.479
-24.8546
-25.236
-25.6232
-26.0155
-26.4129
-27.2173
-27.6298
-28.0486
-28.4731
-28.9024
-29.3368
-30.215
-30.6655
-31.1214
-31.5833
-32.0503
-32.5232
-33.4801
-33.9706
-34.4673
-34.9702
-35.4802
-35.9969
-37.0453
-37.584
-38.1295
-38.6831
-39.2458
-39.8178
-40.9785
-41.5773
-42.1863
-42.8058
-43.437
-44.0782
-45.3905
-46.0708
-46.7649
-47.4748
-48.2006
-48.9421
-50.4654
-51.2583
-52.0699
-52.9014
-53.7543
-54.6287
-56.4259
-57.3639
-58.3247
-59.3093
-60.3173
-61.3492
-63.4662
-64.5694
-65.6961
-66.8479
-68.0242
-69.2268
-71.6931
-72.9738
-74.2792
-75.6111
-76.9741
-78.3649
-81.2161
-82.6985
-84.2157
-85.7672
-87.3505
-88.9712
-92.3069
-94.0448
-95.8257
-97.6594
-99.5349
-101.46
-105.444
-107.536
-109.684
-111.9
-114.187
-116.541
-121.435
-124.032
-126.709
-129.485
-132.338
-135.294
-141.547
-144.864
-148.294
-151.851
-155.583
-159.444
-167.522
-171.863
-176.351
-180.991
-185.763
-190.691
-201.06
-206.454
-211.998
-217.656
-223.361
-229.164
-240.684
-246.458
-252.122
-257.523
-262.714
-267.6
-275.978
-279.52
-282.48
-284.585
-285.662
-286.013
-283.987
-281.437
-277.308
-271.768
-264.904
-256.822
-236.888
-225.038
-211.811
-197.565
-182.28
-165.863
-129.902
-110.534
-90.4459
-70.0883
-49.1188
-27.9438
14.4189
35.45
56.5113
76.9915
96.9299
116.239
152.181
169.199
185.078
199.3
212.119
223.931
244.184
252.025
258.74
264.34
268.5
271.255
274.128
273.991
273.018
271.087
268.464
265.183
257.243
252.71
247.798
242.665
237.362
231.991
221.213
215.705
210.26
204.962
199.723
194.56
184.771
180.037
175.465
171.022
166.726
162.585
154.785
151.052
147.46
143.981
140.636
137.394
131.308
128.383
125.551
122.819
120.18
117.621
112.764
110.436
108.172
105.972
103.831
101.749
97.7882
95.8723
94.0034
92.182
90.4039
88.6726
85.3617
83.7519
82.1816
80.6473
79.1463
77.6856
74.8837
73.5225
72.195
70.8999
69.6359
68.4026
66.0402
64.8956
63.781
62.6943
61.636
60.6013
58.6303
57.6748
56.744
55.835
54.9487
54.0837
52.4239
51.6169
50.8277
50.0568
49.302
48.5625
47.1363
46.4382
45.7525
45.0792
44.4179
43.7678
42.5067
41.8862
41.2755
40.6748
40.0826
39.4983
38.3627
37.8026
37.2492
36.7038
36.1649
35.6337
34.5997
34.0883
33.5829
33.0837
32.5913
32.1054
31.1576
30.6886
30.2261
29.7702
29.3198
28.8754
28.0105
27.5835
27.1632
26.7487
26.3404
25.9391
25.1623
24.7802
24.4049
24.0364
23.6747
23.3204
22.6368
22.3017
21.9733
21.652
21.3372
21.0288
20.4342
20.1433
19.8581
19.5784
19.304
19.0342
18.5125
18.2565
18.0049
17.7569
17.5127
17.2718
16.805
16.5746
16.3476
16.1234
15.9022
15.6838
15.258
15.0473
14.839
14.6332
14.4299
14.2288
13.836
13.6412
13.4486
13.2584
13.0703
12.884
12.5202
12.3399
12.1616
11.9852
11.8108
11.6382
11.3016
11.1352
10.9708
10.8082
10.6475
10.4891
10.1807
10.0285
9.87879
9.73121
9.58589
9.44274
9.16583
9.02988
8.89639
8.76528
8.63655
8.50994
8.26584
8.14628
8.02911
7.91398
7.80086
7.68967
7.47517
7.36974
7.26606
7.16418
7.06393
6.96528
6.77358
6.67884
6.58556
6.49346
6.40254
6.31278
6.13797
6.05138
5.96589
5.88134
5.79765
5.71483
5.55303
5.47281
5.39337
5.3147
5.23685
5.15979
5.00905
4.93419
4.86009
4.78672
4.71405
4.64208
4.50138
4.43152
4.36237
4.29402
4.2265
4.15984
4.02956
3.9652
3.9017
3.83908
3.77752
3.71686
3.59978
3.5424
3.48621
3.43127
3.37756
3.32526
3.12091
2.9857
2.85921
2.74126
2.63117
2.5278
2.34044
2.25414
2.17255
2.09551
2.02227
1.95286
1.82649
1.76695
1.71001
1.65566
1.60392
1.55477
1.46372
1.42056
1.37898
1.33903
1.30072
1.26405
1.1961
1.16401
1.13264
1.10229
1.07299
1.0447
0.991151
0.965468
0.940648
0.916692
0.893619
0.872064
0.830632
0.810299
0.790324
0.77072
0.751526
0.732742
0.696641
0.67881
0.661453
0.644569
0.628158
0.61222
