-2.21434
-2.39101
-2.58032
-2.7862
-3.0139
-3.26773
-3.54871
-3.85438
-4.1818
-4.52933
-4.89704
-5.28603
-5.69894
-6.13935
-6.61393
-7.13331
-7.71158
-8.35962
-9.07979
-9.86574
-10.7092
-11.6066
-12.5583
-13.5678
-14.6421
-15.7916
-17.0363
-18.405
-19.9378
-21.6642
-23.5907
-25.7003
-27.9744
-30.4051
-33
-35.7736
-38.7553
-41.9865
-45.5366
-49.5162
-54.0627
-59.3036
-65.3052
-72.088
-79.7038
-88.2795
-98.0492
-109.357
-122.718
-138.932
-159.079
-184.537
-216.401
-253.824
-290.298
-311.783
-299.175
-240.874
-137.356
-6.91764
123.634
227.071
285.954
299.203
279.16
244.797
209.609
179.303
154.763
135.07
119.043
105.721
94.413
84.6542
76.1382
68.6951
62.2441
56.7054
51.9243
47.7257
43.9598
40.5222
37.3451
34.3904
31.63
29.0506
26.6516
24.4462
22.4605
20.6931
19.1222
17.7058
16.4048
15.1943
14.058
12.9887
11.9793
11.0283
10.138
9.31445
8.56748
7.89771
7.29708
6.75075
6.24468
5.77052
5.32264
4.89812
4.49473
4.1128
3.75421
3.42501
2.93472
2.33795
1.9122
1.59484
1.34941
1.15438
0.993909
0.863202
-2.21527
-2.39002
-2.392
-2.57925
-2.58138
-2.78503
-2.78737
-3.0126
-3.0152
-3.26628
-3.26919
-3.54711
-3.55031
-3.85266
-3.8561
-4.17997
-4.18364
-4.52739
-4.53127
-4.89499
-4.8991
-5.28385
-5.28821
-5.69663
-5.70126
-6.13687
-6.14182
-6.61125
-6.61662
-7.13034
-7.13629
-7.70826
-7.71491
-8.3559
-8.36334
-9.07569
-9.08389
-9.86131
-9.87017
-10.7044
-10.7139
-11.6016
-11.6116
-12.553
-12.5637
-13.5621
-13.5734
-14.6361
-14.6481
-15.7851
-15.7981
-17.0292
-17.0434
-18.3972
-18.4128
-19.929
-19.9466
-21.6543
-21.6741
-23.5798
-23.6016
-25.6884
-25.7123
-27.9616
-27.9872
-30.3914
-30.4187
-32.9855
-33.0146
-35.7581
-35.7893
-38.7385
-38.7721
-41.9681
-42.0048
-45.5163
-45.5569
-49.4931
-49.5394
-54.0362
-54.0892
-59.2731
-59.3341
-65.2705
-65.3399
-72.049
-72.127
-79.6599
-79.7477
-88.23
-88.329
-97.9921
-98.1064
-109.29
-109.423
-122.638
-122.798
-138.835
-139.03
-158.955
-159.203
-184.382
-184.692
-216.211
-216.592
-253.611
-254.037
-290.122
-290.473
-311.736
-311.828
-299.359
-298.99
-241.318
-240.429
-138.015
-136.696
-7.6556
-6.17997
122.976
124.292
226.621
227.519
285.768
286.138
299.237
299.168
279.322
278.997
244.992
244.602
209.79
209.427
179.451
179.154
154.883
154.644
135.167
134.974
119.122
118.964
105.787
105.654
94.4701
94.3563
84.7037
84.6047
76.1815
76.0949
68.7329
68.6574
62.2766
62.2116
56.7334
56.6773
51.9485
51.9002
47.7472
47.7042
43.9793
43.9403
40.5401
40.5042
37.3618
37.3285
34.4059
34.3749
31.6445
31.6155
29.0642
29.0371
26.6641
26.639
24.4578
24.4348
22.4707
22.4503
20.7021
20.6841
19.1303
19.1141
17.7132
17.6984
16.4116
16.398
15.2007
15.188
14.064
14.052
12.9944
12.9831
11.9846
11.974
11.0333
11.0233
10.1427
10.1333
9.31873
9.31018
8.57133
8.56365
7.90115
7.89428
7.30019
7.29397
6.75359
6.7479
6.24734
6.24203
5.77302
5.768
5.32501
5.32028
4.90037
4.89588
4.49687
4.4926
4.11482
4.11078
3.7561
3.75233
3.42669
3.42333
2.9386
2.93086
2.34065
2.33524
1.91418
1.91022
1.59636
1.59331
1.3506
1.34823
1.15534
1.15342
0.994698
0.993121
0.863837
-2.22203
-2.38283
-2.3992
-2.57151
-2.58913
-2.77652
-2.79591
-3.00313
-3.02468
-3.25576
-3.27975
-3.53556
-3.56192
-3.84019
-3.86861
-4.16668
-4.19697
-4.51334
-4.54535
-4.88013
-4.91401
-5.26809
-5.30402
-5.67987
-5.71806
-6.11895
-6.15981
-6.59181
-6.63614
-7.10881
-7.15788
-7.68423
-7.73908
-8.32899
-8.3904
-9.04604
-9.11368
-9.82923
-9.90237
-10.6702
-10.7483
-11.5654
-11.6481
-12.5145
-12.6023
-13.5211
-13.6145
-14.5924
-14.6919
-15.7382
-15.8452
-16.9782
-17.0948
-18.3405
-18.4698
-19.8649
-20.0108
-21.5825
-21.7463
-23.5006
-23.6813
-25.6022
-25.7989
-27.869
-28.0802
-30.2928
-30.5177
-32.8801
-33.1204
-35.6452
-35.9025
-38.6168
-38.8943
-41.8354
-42.1383
-45.3693
-45.7047
-49.3258
-49.7078
-53.8448
-54.282
-59.0526
-59.5562
-65.0196
-65.5924
-71.7669
-72.4106
-79.3427
-80.0668
-87.8723
-88.689
-97.5802
-98.5208
-108.81
-109.907
-122.064
-123.378
-138.13
-139.741
-158.064
-160.104
-183.266
-185.82
-214.835
-217.981
-252.072
-255.581
-288.833
-291.728
-311.355
-312.116
-300.667
-297.547
-244.493
-237.146
-142.723
-131.895
-12.9856
-0.83997
118.168
129.029
223.324
230.733
284.379
287.457
299.447
298.877
280.482
277.81
246.411
243.157
211.112
208.117
180.531
178.086
155.753
153.776
135.868
134.28
119.698
118.394
106.271
105.175
94.8859
93.9459
85.0633
84.2473
76.4966
75.7821
69.0073
68.3854
62.5133
61.9768
56.9363
56.476
52.1245
51.7251
47.9035
47.5487
44.1213
43.799
40.6705
40.3744
37.4827
37.208
34.5183
34.2628
31.7499
31.5106
29.1624
28.9391
26.7553
26.5485
24.5413
24.3527
22.5447
22.3768
20.7678
20.6188
19.1891
19.0554
17.7666
17.6452
16.461
16.3487
15.2468
15.1418
14.1074
14.0087
13.0353
12.9423
12.0233
11.9354
11.0697
10.987
10.1766
10.0996
9.34977
9.27928
8.59924
8.5359
7.92616
7.86944
7.32281
7.27147
6.77427
6.7273
6.26664
6.22279
5.79117
5.74989
5.34217
5.30316
4.91668
4.87956
4.51235
4.47715
4.12947
4.09617
3.76973
3.73871
3.43894
3.41118
2.9669
2.90305
2.36041
2.31578
1.92868
1.89593
1.6074
1.5823
1.35924
1.33968
1.16233
1.1465
1.00044
0.987433
0.86845
-2.24019
-2.2644
-2.28888
-2.31362
-2.33859
-2.36369
-2.41852
-2.44445
-2.47068
-2.49709
-2.52381
-2.55088
-2.60996
-2.63797
-2.66635
-2.69519
-2.72437
-2.75394
-2.81886
-2.84982
-2.88105
-2.91285
-2.94531
-2.97818
-3.05024
-3.0847
-3.11963
-3.1552
-3.19121
-3.22791
-3.30822
-3.34639
-3.38523
-3.42462
-3.46453
-3.50494
-3.59299
-3.63488
-3.67727
-3.7201
-3.76334
-3.80701
-3.90216
-3.94716
-3.99258
-4.0384
-4.08471
-4.13129
-4.2327
-4.28067
-4.32884
-4.37741
-4.42646
-4.47598
-4.5831
-4.63377
-4.68485
-4.7364
-4.78819
-4.84055
-4.95409
-5.0076
-5.06166
-5.11612
-5.1708
-5.22621
-5.34636
-5.40325
-5.46063
-5.51832
-5.57656
-5.63529
-5.76307
-5.82349
-5.88451
-5.94613
-6.00846
-6.07116
-6.20816
-6.27316
-6.33862
-6.40495
-6.47209
-6.54005
-6.68862
-6.75927
-6.83103
-6.90387
-6.97723
-7.05178
-7.21638
-7.2946
-7.37401
-7.45475
-7.53697
-7.62043
-7.80414
-7.89194
-7.98124
-8.07206
-8.16416
-8.25756
-8.46315
-8.56115
-8.66058
-8.76153
-8.86376
-8.96721
-9.19374
-9.30127
-9.41026
-9.52042
-9.63157
-9.74385
-9.98872
-10.1046
-10.2216
-10.3397
-10.4588
-10.5791
-10.8406
-10.9642
-11.0888
-11.2142
-11.341
-11.4687
-11.7457
-11.8768
-12.0089
-12.1421
-12.2765
-12.4119
-12.706
-12.845
-12.9852
-13.1263
-13.2684
-13.412
-13.7248
-13.8731
-14.022
-14.1719
-14.3233
-14.4762
-14.8092
-14.9668
-15.1259
-15.2867
-15.449
-15.6132
-15.9717
-16.1416
-16.3136
-16.4877
-16.6639
-16.8423
-17.233
-17.419
-17.608
-17.7987
-17.9929
-18.1901
-18.6231
-18.8299
-19.0409
-19.2555
-19.4741
-19.6956
-20.1839
-20.418
-20.6553
-20.8965
-21.1428
-21.3919
-21.9403
-22.2024
-22.4685
-22.7389
-23.012
-23.2892
-23.8958
-24.1837
-24.4765
-24.7722
-25.0707
-25.3732
-26.0317
-26.3432
-26.6583
-26.9764
-27.2981
-27.6228
-28.3296
-28.6638
-29.0005
-29.3408
-29.6842
-30.0305
-30.7837
-31.1405
-31.5002
-31.8633
-32.2304
-32.5999
-33.4047
-33.7858
-34.1706
-34.5575
-34.9489
-35.3446
-36.208
-36.6164
-37.0293
-37.4465
-37.8676
-38.2933
-39.2228
-39.6641
-40.1107
-40.5626
-41.0198
-41.4831
-42.4969
-42.9792
-43.4682
-43.9644
-44.4681
-44.9797
-46.1032
-46.6408
-47.1884
-47.7441
-48.3086
-48.8842
-50.1608
-50.7712
-51.3919
-52.0292
-52.6774
-53.3385
-54.8034
-55.5082
-56.2269
-56.9601
-57.7071
-58.4692
-60.1553
-60.9643
-61.7891
-62.6302
-63.4848
-64.355
-66.2732
-67.1908
-68.1252
-69.0743
-70.0391
-71.0194
-73.1748
-74.2065
-75.2541
-76.3183
-77.4017
-78.5024
-80.9259
-82.086
-83.2642
-84.4644
-85.6844
-86.9247
-89.661
-90.9759
-92.3157
-93.681
-95.0744
-96.4931
-99.6376
-101.15
-102.694
-104.27
-105.885
-107.538
-111.216
-112.989
-114.808
-116.677
-118.595
-120.556
-124.949
-127.092
-129.296
-131.56
-133.884
-136.28
-141.672
-144.305
-147.035
-149.845
-152.741
-155.747
-162.529
-165.848
-169.302
-172.849
-176.513
-180.32
-188.934
-193.152
-197.495
-201.946
-206.505
-211.199
-221.756
-226.851
-231.986
-237.227
-242.589
-247.978
-259.638
-264.899
-270.163
-275.433
-280.418
-285.281
-294.96
-299.004
-302.382
-305.371
-307.922
-310.102
-312.527
-312.421
-311.682
-310.149
-307.271
-303.861
-293.551
-287.283
-280.254
-271.879
-262.575
-252.613
-227.911
-214.886
-201.1
-186.488
-170.926
-155.012
-118.889
-101.041
-82.9043
-64.5276
-45.8589
-27.1327
13.298
32.187
50.8793
69.3992
87.4196
105.099
141.424
157.345
172.7
187.379
201.192
214.176
238.981
249.235
258.345
266.506
273.618
280.178
290.661
294.074
296.617
298.373
299.353
299.691
297.926
295.99
293.471
290.539
287.155
283.451
274.543
269.896
265.121
260.224
255.325
250.22
239.347
234.307
229.283
224.353
219.465
214.664
204.697
200.187
195.831
191.615
187.455
183.464
175.275
171.631
168.091
164.648
161.331
158.116
151.5
148.587
145.767
143.011
140.352
137.769
132.448
130.084
127.789
125.546
123.371
121.255
116.89
114.928
113.022
111.164
109.352
107.58
103.91
102.26
100.647
99.0684
97.5216
96.0086
92.86
91.4414
90.0508
88.6863
87.3469
86.0335
83.3014
82.065
80.8526
79.6606
78.4911
77.3451
74.9543
73.8726
72.8122
71.7716
70.7489
69.748
67.6655
66.7256
65.8043
64.9026
64.0189
63.1535
61.3566
60.5502
59.7592
58.985
58.2273
57.4851
55.9431
55.248
54.566
53.8972
53.243
52.5993
51.2615
50.656
50.0589
49.4721
48.8942
48.3252
47.1363
46.5953
46.0614
45.5343
45.0148
44.5026
43.4242
42.9318
42.4452
41.9651
41.4903
41.0207
40.0302
39.5762
39.1271
38.6828
38.2434
37.8078
36.8885
36.4672
36.0489
35.6353
35.226
34.8207
33.9646
33.571
33.1811
32.795
32.4122
32.0331
31.2314
30.8635
30.4993
30.138
29.7801
29.4262
28.6784
28.3356
27.9962
27.6608
27.3285
27.0003
26.3081
25.9912
25.6786
25.3702
25.0653
24.7652
24.1347
23.8474
23.565
23.2871
23.0135
22.7442
22.1812
21.925
21.6743
21.4272
21.184
20.9449
20.4457
20.2192
19.996
19.7767
19.5604
19.3469
18.9006
18.6983
18.4971
18.2989
18.1033
17.9103
17.5036
17.3175
17.1335
16.952
16.7715
16.5935
16.2177
16.0449
15.8739
15.7043
15.5364
15.3704
15.0188
14.8568
14.6966
14.5379
14.3805
14.2238
13.8932
13.7411
13.5905
13.441
13.2925
13.1451
12.8335
12.6899
12.5474
12.4064
12.2661
12.127
11.8326
11.6973
11.563
11.4299
11.298
11.1672
10.8905
10.7634
10.6376
10.5131
10.3895
10.2674
10.01
9.89167
9.77504
9.65982
9.54582
9.43334
9.19717
9.08955
8.98341
8.87897
8.77589
8.67443
8.46193
8.36513
8.27023
8.17663
8.08437
7.99348
7.80339
7.71683
7.63181
7.54792
7.46509
7.38345
7.21187
7.13373
7.05642
6.97989
6.90442
6.82995
6.67243
6.6002
6.52885
6.45795
6.38785
6.31839
6.17155
6.10404
6.03721
5.97095
5.90519
5.83981
5.70159
5.63807
5.57487
5.51217
5.44984
5.38822
5.25752
5.19711
5.13728
5.07801
5.01899
4.9604
4.83625
4.77887
4.72194
4.66542
4.60953
4.55398
4.43605
4.38179
4.32798
4.27437
4.22137
4.16874
4.0574
4.00613
3.95545
3.90528
3.85565
3.80633
3.70265
3.65533
3.60841
3.56222
3.51674
3.47199
3.37889
3.33685
3.29572
3.25566
3.15491
3.04548
2.8307
2.73869
2.65131
2.56831
2.48932
2.41443
2.26481
2.19998
2.13823
2.07894
2.02245
1.96814
1.85865
1.81086
1.76497
1.72067
1.67811
1.63707
1.5535
1.51662
1.48102
1.44714
1.41446
1.38261
1.31712
1.28799
1.25983
1.23271
1.20645
1.18122
1.12821
1.10453
1.0814
1.05895
1.03714
1.01602
0.972422
0.952969
0.934053
0.915711
0.897836
0.880846
