-2.15166
-2.43641
-2.7576
-3.13087
-3.5686
-4.06854
-4.62399
-5.23475
-5.9095
-6.66712
-7.5439
-8.58191
-9.79252
-11.1581
-12.6702
-14.3408
-16.2097
-18.3552
-20.8969
-23.9184
-27.4011
-31.313
-35.6789
-40.6064
-46.306
-53.1648
-61.6426
-72.0302
-84.5771
-99.9246
-119.4
-145.402
-181.6
-229.73
-276.292
-277.052
-181.922
-6.66521
168.827
264.073
265.482
221.758
176.047
141.158
115.608
96.2599
81.0047
68.7269
58.9027
51.0708
44.642
39.1349
34.2853
29.9593
26.1177
22.7935
19.9977
17.64
15.587
13.7517
12.0906
10.5884
9.25453
8.10782
7.13439
6.28919
5.5329
4.84391
4.21382
3.64792
2.96695
2.087
1.5508
1.19388
0.939724
-2.15258
-2.43539
-2.43743
-2.75644
-2.75877
-3.1295
-3.13224
-3.56701
-3.57019
-4.06675
-4.07033
-4.62202
-4.62596
-5.23258
-5.23692
-5.90709
-5.91191
-6.66438
-6.66986
-7.54069
-7.54712
-8.57811
-8.58573
-9.78814
-9.79689
-11.1533
-11.163
-12.6648
-12.6756
-14.3349
-14.3468
-16.203
-16.2165
-18.3473
-18.3631
-20.8876
-20.9063
-23.9073
-23.9294
-27.3886
-27.4136
-31.299
-31.3269
-35.6633
-35.6946
-40.5886
-40.6243
-46.285
-46.3269
-53.1391
-53.1906
-61.6108
-61.6744
-71.9916
-72.0688
-84.5304
-84.6239
-99.8667
-99.9825
-119.326
-119.475
-145.299
-145.505
-181.456
-181.743
-229.556
-229.905
-276.178
-276.406
-277.199
-276.905
-182.4
-181.444
-7.31391
-6.01661
168.329
169.323
263.918
264.226
265.589
265.373
221.926
221.59
176.184
175.91
141.258
141.058
115.682
115.534
96.3176
96.2024
81.0509
80.9585
68.7641
68.6897
58.9323
58.8732
51.0946
51.047
44.662
44.622
39.1524
39.1175
34.3008
34.2699
29.9731
29.9455
26.1298
26.1055
22.8038
22.7832
20.0063
19.9891
17.6474
17.6326
15.5935
15.5805
13.7576
13.7458
12.0959
12.0852
10.5932
10.5836
9.25873
9.25033
8.11139
8.10426
7.13744
7.13134
6.29188
6.2865
5.53534
5.53047
4.84614
4.84168
4.21585
4.21179
3.64971
3.64614
2.97088
2.96303
2.08927
2.08474
1.55224
1.54935
1.19487
1.1929
0.940463
-2.16084
-2.42623
-2.44664
-2.74598
-2.76929
-3.11721
-3.14457
-3.55272
-3.58455
-4.05068
-4.08644
-4.60431
-4.64373
-5.21309
-5.25645
-5.88547
-5.93363
-6.6398
-6.69458
-7.51188
-7.57614
-8.5439
-8.62014
-9.74884
-9.83636
-11.1096
-11.2069
-12.6165
-12.724
-14.2814
-14.4005
-16.1425
-16.2772
-18.2765
-18.4341
-20.8033
-20.9911
-23.8083
-24.0289
-27.2764
-27.5262
-31.1736
-31.4532
-35.523
-35.8356
-40.4287
-40.7853
-46.0969
-46.5162
-52.9078
-53.4229
-61.3255
-61.9617
-71.6451
-72.4176
-84.1112
-85.0462
-99.348
-100.506
-118.652
-120.154
-144.379
-146.436
-180.172
-183.042
-227.975
-231.476
-275.131
-277.406
-278.463
-275.521
-186.641
-177.083
-13.1561
-0.18317
163.808
173.75
262.482
265.554
266.542
264.386
223.386
220.081
177.427
174.68
142.163
140.161
116.348
114.863
96.8382
95.6864
81.4681
80.5437
69.0999
68.3564
59.1995
58.6083
51.3104
50.8336
44.8423
44.4427
39.3096
38.961
34.4404
34.1307
30.0975
29.8217
26.2395
25.9965
22.8971
22.6906
20.0844
19.9116
17.7141
17.5661
15.6525
15.5217
13.8108
13.6927
12.1441
12.0372
10.6366
10.5405
9.29668
9.21261
8.14358
8.07231
7.16494
7.10398
6.31616
6.26233
5.55731
5.50857
4.86624
4.82165
4.23412
4.19356
3.6658
3.63014
3.00662
2.92808
2.10976
2.06454
1.56535
1.53648
1.20381
1.18411
0.947148
-2.18836
-2.22865
-2.26959
-2.31116
-2.35331
-2.39615
-2.47737
-2.5224
-2.56826
-2.6151
-2.66281
-2.71161
-2.80454
-2.85653
-2.90967
-2.96411
-3.0198
-3.07688
-3.18603
-3.24716
-3.30968
-3.37373
-3.43906
-3.50575
-3.63256
-3.70302
-3.77483
-3.84802
-3.92235
-3.9978
-4.14021
-4.219
-4.29905
-4.38026
-4.46252
-4.54594
-4.70304
-4.78978
-4.87772
-4.96703
-5.05739
-5.14896
-5.32165
-5.41722
-5.51426
-5.61273
-5.71258
-5.81418
-6.00623
-6.11275
-6.22115
-6.33174
-6.44415
-6.55893
-6.77736
-6.8993
-7.02421
-7.15228
-7.28319
-7.41723
-7.67385
-7.81801
-7.96585
-8.11735
-8.27259
-8.43165
-8.73547
-8.90515
-9.07836
-9.25542
-9.43577
-9.61965
-9.96824
-10.1615
-10.3576
-10.5574
-10.7599
-10.9655
-11.3535
-11.568
-11.7855
-12.0064
-12.2303
-12.4574
-12.8857
-13.1221
-13.362
-13.6059
-13.8535
-14.1051
-14.58
-14.8433
-15.111
-15.3835
-15.6606
-15.9433
-16.4806
-16.7794
-17.0851
-17.3977
-17.7172
-18.045
-18.6721
-19.0229
-19.3844
-19.7556
-20.1363
-20.5273
-21.2758
-21.6963
-22.1274
-22.5693
-23.0209
-23.4828
-24.3619
-24.8518
-25.3516
-25.8615
-26.3796
-26.9065
-27.9027
-28.4569
-29.0193
-29.5904
-30.171
-30.7605
-31.8739
-32.4908
-33.1183
-33.7557
-34.403
-35.0611
-36.3072
-37.0006
-37.7058
-38.4234
-39.1557
-39.9036
-41.3236
-42.1166
-42.9277
-43.7578
-44.6078
-45.4807
-47.1519
-48.0952
-49.0658
-50.0661
-51.0946
-52.1548
-54.2047
-55.3661
-56.5641
-57.8001
-59.076
-60.392
-62.9267
-64.3592
-65.8315
-67.3469
-68.9054
-70.5093
-73.5871
-75.3162
-77.0957
-78.9243
-80.8062
-82.7401
-86.4634
-88.5631
-90.7288
-92.9645
-95.2681
-97.6546
-102.269
-104.899
-107.627
-110.454
-113.398
-116.463
-122.453
-125.907
-129.52
-133.274
-137.219
-141.391
-149.586
-154.355
-159.375
-164.624
-170.169
-175.994
-187.393
-193.991
-200.887
-207.974
-215.275
-222.735
-236.747
-244.31
-251.77
-258.839
-265.462
-271.393
-280.446
-283.883
-285.589
-285.98
-284.799
-281.932
-270.099
-260.473
-248.672
-234.551
-218.466
-200.263
-161.879
-138.25
-113.284
-87.0247
-60.1665
-32.4838
18.9186
46.4672
73.5861
99.6476
124.719
148.21
187.897
205.7
221.654
235.757
247.678
257.072
269.02
272.316
274.028
273.966
272.324
269.253
260.919
255.229
249.036
242.334
235.38
228.294
215.111
208.045
201.16
194.392
187.877
181.611
170.68
165.107
159.793
154.718
149.865
145.243
137.242
133.193
129.312
125.586
122.03
118.63
112.686
109.655
106.737
103.922
101.208
98.5932
93.9987
91.6246
89.328
87.1065
84.9552
82.8712
79.1873
77.282
75.433
73.6413
71.9078
70.2288
67.2661
65.7341
64.253
62.8217
61.438
60.0976
57.7438
56.5286
55.3508
54.2113
53.1052
52.0322
50.1358
49.1496
48.189
47.2522
46.3386
45.4466
43.8541
43.0176
42.1968
41.3934
40.6071
39.8351
38.4467
37.7142
36.9938
36.2852
35.5897
34.9059
33.673
33.0199
32.3782
31.7471
31.1254
30.5138
29.4137
28.832
28.2602
27.6982
27.1474
26.6067
25.6385
25.1301
24.6327
24.1463
23.672
23.21
22.3864
21.9561
21.5379
21.1299
20.7333
20.3464
19.6575
19.2978
18.9459
18.602
18.2662
17.9377
17.3473
17.0366
16.732
16.4325
16.1386
15.8497
15.3281
15.052
14.7801
14.5122
14.2485
13.9886
13.5177
13.2684
13.0226
12.7799
12.5408
12.3051
11.8788
11.6525
11.4295
11.2101
10.9944
10.7818
10.3983
10.1958
9.99703
9.8021
9.61108
9.42383
9.0888
8.91346
8.7421
8.57449
8.41092
8.25161
7.96745
7.81874
7.67335
7.53143
7.39275
7.25702
7.01412
6.88631
6.76089
6.63741
6.51639
6.39734
6.18271
6.069
5.95714
5.84675
5.73795
5.63062
5.43637
5.33312
5.23122
5.13056
5.0313
4.93329
4.75558
4.66109
4.56783
4.47567
4.38482
4.29526
4.13354
4.04777
3.96345
3.88054
3.79928
3.71978
3.57773
3.50354
3.43143
3.36142
3.29383
3.12981
2.81681
2.66786
2.53114
2.40477
2.28827
2.18001
1.99956
1.91128
1.82944
1.75186
1.67881
1.6102
1.49444
1.43706
1.38219
1.33006
1.28079
1.23432
1.15525
1.11481
1.07614
1.03915
1.00371
0.969766
