-2.6366
-2.95036
-3.31858
-3.74459
-4.21785
-4.73325
-5.29207
-5.90004
-6.57137
-7.33479
-8.23548
-9.29239
-10.4814
-11.7847
-13.2024
-14.7485
-16.4562
-18.3912
-20.6777
-23.3985
-26.5071
-29.9512
-33.7317
-37.8957
-42.5524
-47.9074
-54.3458
-62.2829
-71.8413
-83.1119
-96.5323
-113.02
-134.192
-162.919
-203.471
-256.737
-304.223
-295.78
-189.729
-6.81868
175.971
282.489
291.823
247.165
197.07
158.499
130.431
109.388
92.8965
79.4813
68.4014
59.4019
52.1952
46.238
41.0887
36.5036
32.3558
28.5929
25.2067
22.2664
19.7999
17.7038
15.8499
14.1687
12.6241
11.2039
9.90893
8.7612
7.78266
6.94704
6.20553
5.52969
4.90422
4.32308
3.78591
3.30325
2.44299
1.82479
1.41565
1.12697
-2.63769
-2.94909
-2.95163
-3.31709
-3.32007
-3.74291
-3.74627
-4.216
-4.21969
-4.73125
-4.73525
-5.2899
-5.29425
-5.89766
-5.90243
-6.56872
-6.57402
-7.33172
-7.33787
-8.23182
-8.23915
-9.28817
-9.29661
-10.4767
-10.4861
-11.7796
-11.7898
-13.1968
-13.2079
-14.7425
-14.7546
-16.4494
-16.463
-18.3834
-18.3991
-20.6683
-20.687
-23.3876
-23.4094
-26.4948
-26.5193
-29.9377
-29.9647
-33.7169
-33.7464
-37.8794
-37.9121
-42.5337
-42.571
-47.8857
-47.9291
-54.3192
-54.3724
-62.2502
-62.3156
-71.8025
-71.8801
-83.0661
-83.1577
-96.477
-96.5875
-112.951
-113.089
-134.102
-134.282
-162.793
-163.045
-203.293
-203.65
-256.523
-256.951
-304.105
-304.34
-295.973
-295.598
-190.327
-189.128
-7.55478
-6.08274
175.39
176.551
282.267
282.71
291.918
291.727
247.362
246.967
197.236
196.904
158.624
158.375
130.52
130.342
109.457
109.32
92.9517
92.8413
79.5268
79.4358
68.4388
68.3641
59.432
59.3718
52.2191
52.1713
46.2586
46.2175
41.1068
41.0706
36.5199
36.4873
32.3706
32.3411
28.6063
28.5795
25.2186
25.1947
22.2765
22.2562
19.8083
19.7915
17.7112
17.6965
15.8565
15.8433
14.1747
14.1627
12.6296
12.6185
11.209
11.1989
9.91351
9.90435
8.76519
8.7572
7.786
7.77932
6.94995
6.94411
6.20816
6.20289
5.53212
5.52726
4.90647
4.90197
4.32517
4.32098
3.78783
3.784
3.3049
3.30161
2.44587
2.44011
1.82664
1.82295
1.4169
1.4144
1.1279
-2.64701
-2.93835
-2.96245
-3.30446
-3.33272
-3.72864
-3.7606
-4.20039
-4.23545
-4.71418
-4.75226
-5.27139
-5.31268
-5.87747
-5.92274
-6.54623
-6.59662
-7.30567
-7.3642
-8.20079
-8.27037
-9.25239
-9.33256
-10.4371
-10.5259
-11.7365
-11.8332
-13.1499
-13.2553
-14.691
-14.8062
-16.392
-16.5207
-18.3171
-18.4658
-20.5891
-20.7668
-23.2947
-23.5028
-26.3909
-26.6237
-29.8233
-30.0795
-33.5908
-33.8722
-37.7406
-38.0515
-42.3759
-42.7297
-47.7015
-48.1144
-54.0939
-54.5999
-61.9735
-62.5946
-71.474
-72.211
-82.6781
-83.5484
-96.0109
-97.0589
-112.366
-113.678
-133.337
-135.058
-161.727
-164.117
-201.783
-205.169
-254.711
-258.747
-303.068
-305.299
-297.659
-293.964
-195.318
-183.967
-13.8875
0.16623
170.447
181.438
280.308
284.515
292.7
290.882
249.033
245.28
198.676
195.497
159.687
157.33
131.282
129.587
110.046
108.738
93.4228
92.3739
79.9152
79.0506
68.7575
68.0474
59.6888
59.1171
52.4233
51.9668
46.4338
46.0433
41.2609
40.917
36.6588
36.349
32.4963
32.2158
28.7202
28.4661
25.3201
25.0938
22.3629
22.1703
19.8803
19.7202
17.7736
17.6344
15.9124
15.7876
14.2252
14.1117
12.6767
12.5712
11.2523
11.1558
9.95278
9.86573
8.79923
8.72338
7.81452
7.75104
6.97471
6.91929
6.23062
6.18053
5.55278
5.50666
4.92565
4.88284
4.34299
4.30317
3.80416
3.76771
3.31894
3.28771
2.47064
2.41592
1.84247
1.80741
1.42757
1.40385
1.13587
-2.67715
-2.72059
-2.76515
-2.81054
-2.85702
-2.90447
-2.99742
-3.04849
-3.10065
-3.15402
-3.20867
-3.26449
-3.3736
-3.4334
-3.49408
-3.55608
-3.61921
-3.68335
-3.80671
-3.87365
-3.94155
-4.01021
-4.07985
-4.15054
-4.28601
-4.35905
-4.43317
-4.5079
-4.58371
-4.66022
-4.80735
-4.88642
-4.9665
-5.04762
-5.12973
-5.21287
-5.37222
-5.45833
-5.54537
-5.6333
-5.72275
-5.8135
-5.98805
-6.08211
-6.17796
-6.27549
-6.37462
-6.47507
-6.66951
-6.7755
-6.88422
-6.99475
-7.10772
-7.22334
-7.44924
-7.57338
-7.70096
-7.8311
-7.96527
-8.10274
-8.3711
-8.51771
-8.66829
-8.82202
-8.97914
-9.13887
-9.44822
-9.61543
-9.7854
-9.95813
-10.1335
-10.3119
-10.6533
-10.8379
-11.0246
-11.2138
-11.4057
-11.5997
-11.9717
-12.1725
-12.3764
-12.5815
-12.7899
-13.001
-13.4061
-13.6246
-13.8462
-14.0705
-14.2975
-14.5277
-14.972
-15.2123
-15.4562
-15.703
-15.9547
-16.2107
-16.7063
-16.975
-17.2486
-17.5297
-17.8169
-18.1086
-18.683
-18.9967
-19.3198
-19.6508
-19.9902
-20.34
-21.0252
-21.4014
-21.788
-22.182
-22.5878
-22.9999
-23.8038
-24.2411
-24.6849
-25.1351
-25.5942
-26.0608
-26.9593
-27.4456
-27.9393
-28.439
-28.9453
-29.4599
-30.4494
-30.9834
-31.5231
-32.0727
-32.6281
-33.1912
-34.278
-34.8655
-35.4603
-36.0641
-36.678
-37.3004
-38.5013
-39.1548
-39.8173
-40.4933
-41.1781
-41.8776
-43.2404
-43.9813
-44.7365
-45.5097
-46.3027
-47.1193
-48.7143
-49.5933
-50.4964
-51.4293
-52.3907
-53.3838
-55.3393
-56.4254
-57.5445
-58.6946
-59.876
-61.0972
-63.499
-64.8202
-66.1759
-67.5627
-68.982
-70.4358
-73.2801
-74.8408
-76.4353
-78.0646
-79.7407
-81.4542
-84.8127
-86.6558
-88.5457
-90.4899
-92.4861
-94.5429
-98.5852
-100.827
-103.133
-105.513
-107.975
-110.527
-115.594
-118.42
-121.366
-124.416
-127.604
-130.915
-137.593
-141.359
-145.323
-149.47
-153.813
-158.362
-167.638
-172.955
-178.529
-184.37
-190.519
-197.016
-210.095
-217.376
-225.007
-232.834
-240.77
-248.934
-264.236
-272.371
-279.899
-287.018
-293.659
-299.433
-307.87
-310.334
-311.07
-310.168
-307.442
-302.206
-287.68
-276.403
-263.026
-247.403
-229.682
-210.404
-167.811
-143.244
-117.059
-90.073
-62.2336
-33.8124
20.1023
48.6326
76.5983
103.783
129.501
154.174
196.593
216.258
233.765
249.362
262.41
273.562
289.291
293.85
296.795
298.544
297.557
295.147
287.687
282.211
275.901
268.794
261.545
254.252
239.885
232.244
224.71
217.429
210.267
203.365
191.099
185.016
179.129
173.529
168.195
163.101
154.093
149.668
145.407
141.357
137.49
133.782
127.196
123.913
120.757
117.722
114.794
111.971
106.904
104.357
101.895
99.506
97.1927
94.9527
90.9003
88.8403
86.8422
84.9003
83.0126
81.1734
77.8377
76.1361
74.4815
72.8748
71.3099
69.792
67.049
65.6572
64.3099
63.0105
61.7443
60.5234
58.3124
57.1975
56.1206
55.084
54.0745
53.0921
51.3184
50.4113
49.5246
48.6618
47.8226
46.9995
45.4914
44.7183
43.9568
43.2102
42.4766
41.7567
40.4299
39.7422
39.0673
38.4053
37.7507
37.1049
35.9101
35.2912
34.6807
34.0803
33.4876
32.9009
31.8187
31.2568
30.7023
30.1556
29.6176
29.0867
28.1052
27.5965
27.0975
26.6055
26.1225
25.6479
24.7756
24.3305
23.8923
23.4655
23.0487
22.6405
21.9009
21.5251
21.157
20.7996
20.4514
20.1128
19.4948
19.18
18.87
18.5654
18.2666
17.9745
17.4374
17.1598
16.8866
16.6185
16.3533
16.0922
15.6105
15.3599
15.1128
14.8682
14.6275
14.3893
13.9482
13.7187
13.492
13.2684
13.0471
12.8282
12.4213
12.2103
12.002
11.796
11.5927
11.3911
11.0191
10.8254
10.6349
10.4468
10.2607
10.0783
9.74198
9.56802
9.39825
9.23183
9.06837
8.90842
8.61704
8.46771
8.32233
8.18066
8.04201
7.90681
7.66083
7.53443
7.41127
7.29051
7.17128
7.05488
6.84075
6.72989
6.62091
6.51326
6.40719
6.3028
6.10956
6.00905
5.90966
5.81188
5.71495
5.61908
5.44119
5.34813
5.25623
5.16562
5.07579
4.98713
4.82208
4.73608
4.65057
4.56613
4.48271
4.40011
4.24657
4.16671
4.08786
4.00976
3.93259
3.85671
3.71598
3.64293
3.57106
3.50081
3.43167
3.36456
3.24478
3.10753
2.95397
2.81019
2.67677
2.55256
2.34079
2.23891
2.14416
2.05597
1.97292
1.89451
1.75939
1.69342
1.63119
1.57198
1.51586
1.46289
1.37073
1.32497
1.28112
1.23938
1.19982
1.16178
