-2.24714
-2.4645
-2.7025
-2.9684
-3.26941
-3.60817
-3.98171
-4.38616
-4.82051
-5.28606
-5.78672
-6.33012
-6.92978
-7.60375
-8.37278
-9.24271
-10.2041
-11.248
-12.3724
-13.5811
-14.8853
-16.3079
-17.8858
-19.6713
-21.7211
-24.0496
-26.6345
-29.4566
-32.5158
-35.8344
-39.4574
-43.4689
-48.004
-53.256
-59.4416
-66.687
-75.041
-84.6394
-95.7767
-108.943
-124.944
-145.031
-170.837
-203.99
-242.988
-277.794
-287.12
-245.299
-145.316
-6.91656
131.898
231.878
274.362
266.77
234.005
197.344
165.858
140.843
121.138
105.246
92.1238
81.0477
71.6023
63.5847
56.8517
51.171
46.272
41.9373
38.02
34.4405
31.147
28.1206
25.3638
22.9035
20.7529
18.874
17.2038
15.6887
14.2931
12.9983
11.7928
10.6746
9.64805
8.72552
7.91184
7.19383
6.54856
5.95787
5.40889
4.89555
4.41397
3.96424
3.55179
3.06577
2.33356
1.83843
1.48487
1.22281
1.01948
0.859219
-2.24808
-2.46347
-2.46552
-2.70136
-2.70363
-2.96712
-2.96967
-3.26796
-3.27086
-3.60655
-3.6098
-3.97995
-3.98347
-4.38426
-4.38806
-4.81848
-4.82254
-5.28388
-5.28824
-5.78437
-5.78907
-6.32755
-6.3327
-6.92692
-6.93264
-7.60049
-7.607
-8.36907
-8.37649
-9.23855
-9.24686
-10.1996
-10.2087
-11.2431
-11.2529
-12.3671
-12.3777
-13.5754
-13.5867
-14.8792
-14.8915
-16.3011
-16.3147
-17.8783
-17.8933
-19.6627
-19.68
-21.7112
-21.731
-24.0384
-24.0607
-26.6223
-26.6468
-29.4433
-29.4699
-32.5015
-32.5302
-35.8188
-35.8501
-39.4402
-39.4746
-43.4496
-43.4882
-47.982
-48.0259
-53.2302
-53.2818
-59.4113
-59.4719
-66.6517
-66.7223
-75.0005
-75.0816
-84.5928
-84.6861
-95.7222
-95.8312
-108.878
-109.009
-124.864
-125.025
-144.928
-145.133
-170.705
-170.969
-203.822
-204.158
-242.807
-243.17
-277.678
-277.91
-287.174
-287.065
-245.624
-244.972
-145.875
-144.755
-7.57328
-6.25975
131.332
132.464
231.556
232.199
274.291
274.432
266.882
266.657
234.173
233.836
197.503
197.186
165.986
165.731
140.944
140.743
121.217
121.058
105.31
105.181
92.1781
92.0695
81.0939
81.0015
71.6419
71.5627
63.6179
63.5515
56.8796
56.8238
51.1948
51.1472
46.2929
46.2512
41.9559
41.9187
38.0369
38.0031
34.4561
34.425
31.1613
31.1328
28.1337
28.1075
25.3756
25.3519
22.914
22.8931
20.762
20.7438
18.882
18.866
17.211
17.1966
15.6953
15.6822
14.2992
14.287
13.0039
12.9927
11.7981
11.7876
10.6795
10.6698
9.65246
9.64363
8.72945
8.72159
7.91529
7.90839
7.1969
7.19077
6.55134
6.54578
5.96044
5.9553
5.41129
5.40649
4.8978
4.89331
4.41607
4.41186
3.96619
3.96228
3.55355
3.55004
3.06997
3.06157
2.33625
2.33088
1.84029
1.83658
1.48624
1.4835
1.22383
1.22178
1.0203
1.01866
0.859855
-2.25541
-2.45553
-2.4735
-2.69261
-2.71243
-2.95728
-2.97958
-3.25675
-3.28212
-3.59404
-3.62239
-3.96632
-3.99714
-4.3696
-4.40277
-4.80274
-4.83839
-5.26701
-5.30517
-5.76618
-5.80733
-6.30766
-6.3527
-6.90472
-6.95486
-7.57536
-7.63229
-8.34041
-8.40533
-9.20641
-9.27915
-10.1644
-10.244
-11.2052
-11.291
-12.3262
-12.4184
-13.5315
-13.6308
-14.8317
-14.9392
-16.2489
-16.3672
-17.8201
-17.9519
-19.596
-19.7472
-21.6346
-21.808
-23.9521
-24.1474
-26.5277
-26.7418
-29.3403
-29.5732
-32.3904
-32.6419
-35.6976
-35.972
-39.3074
-39.6081
-43.3007
-43.6377
-47.8126
-48.1965
-53.0314
-53.4824
-59.1771
-59.7077
-66.3797
-66.9967
-74.6876
-75.3965
-84.2327
-85.0487
-95.3013
-96.2552
-108.374
-109.518
-124.243
-125.652
-144.14
-145.932
-169.686
-171.999
-202.52
-205.46
-241.404
-244.578
-276.709
-278.782
-287.552
-286.599
-248.108
-242.406
-150.179
-140.379
-12.6594
-1.16904
126.911
136.817
229.011
234.639
273.702
274.939
267.724
265.771
235.489
232.516
198.732
195.963
166.98
164.746
141.726
139.968
121.838
120.444
105.815
104.68
92.6008
91.6499
81.4531
80.6452
71.9497
71.2569
63.8769
63.2951
57.0968
56.6085
51.3798
50.9636
46.4547
46.0907
42.1001
41.7747
38.1682
37.8724
34.5765
34.305
31.2723
31.0223
28.2354
28.0063
25.4678
25.2605
22.995
22.8125
20.8325
20.6737
18.9442
18.8043
17.2667
17.1412
15.7463
15.6314
14.3464
14.2398
13.0478
12.949
11.8388
11.747
10.7172
10.6322
9.68677
9.60949
8.75999
8.69123
7.94211
7.88173
7.22069
7.16711
6.57295
6.52426
5.98039
5.93542
5.42993
5.38792
4.91521
4.87586
4.43242
4.39556
3.9814
3.94713
3.56717
3.53652
3.10221
3.02885
2.3572
2.31027
1.8548
1.82231
1.49691
1.47285
1.23184
1.21389
1.02667
1.01235
0.86479
-2.27709
-2.30746
-2.3382
-2.36925
-2.40054
-2.43233
-2.49712
-2.53023
-2.56368
-2.59775
-2.63215
-2.66707
-2.73856
-2.77519
-2.81252
-2.85046
-2.8891
-2.92843
-3.00902
-3.05042
-3.09271
-3.13577
-3.17953
-3.22404
-3.3155
-3.36239
-3.4101
-3.45849
-3.50766
-3.55756
-3.65957
-3.71156
-3.76441
-3.81781
-3.87187
-3.92647
-4.03758
-4.09411
-4.15141
-4.20932
-4.26782
-4.32665
-4.44634
-4.5071
-4.56865
-4.63084
-4.69347
-4.75666
-4.88495
-4.95002
-5.0159
-5.08246
-5.14969
-5.21762
-5.35529
-5.42529
-5.49608
-5.56767
-5.63993
-5.71298
-5.8614
-5.93721
-6.01399
-6.09166
-6.1701
-6.24967
-6.412
-6.49491
-6.57921
-6.6648
-6.75156
-6.83991
-7.0208
-7.11344
-7.20797
-7.30452
-7.40227
-7.50218
-7.70745
-7.81321
-7.92112
-8.03099
-8.14268
-8.25678
-8.49092
-8.61124
-8.73363
-8.85792
-8.98407
-9.11255
-9.37475
-9.50834
-9.64457
-9.78174
-9.9208
-10.0617
-10.3484
-10.4944
-10.6421
-10.7913
-10.9419
-11.0943
-11.4036
-11.5612
-11.7201
-11.8809
-12.0428
-12.2068
-12.5393
-12.7081
-12.8791
-13.0519
-13.2266
-13.4031
-13.7613
-13.9434
-14.1277
-14.3141
-14.5024
-14.6929
-15.0804
-15.2786
-15.4792
-15.6819
-15.8873
-16.0961
-16.5228
-16.7408
-16.9623
-17.1876
-17.4161
-17.6493
-18.1258
-18.3706
-18.6213
-18.8768
-19.1368
-19.4014
-19.9467
-20.2279
-20.5148
-20.8081
-21.1065
-21.4111
-22.0369
-22.3582
-22.6853
-23.0178
-23.3564
-23.6998
-24.4039
-24.7628
-25.1283
-25.4977
-25.8716
-26.2509
-27.0231
-27.4169
-27.8162
-28.2201
-28.6273
-29.0398
-29.8783
-30.3059
-30.7387
-31.1757
-31.6173
-32.0644
-32.9723
-33.4351
-33.9036
-34.3779
-34.8584
-35.3438
-36.3322
-36.8365
-37.3473
-37.8647
-38.3888
-38.9197
-40.0043
-40.561
-41.1247
-41.6968
-42.2781
-42.8678
-44.0801
-44.703
-45.3378
-45.9842
-46.6439
-47.3181
-48.7035
-49.4195
-50.1546
-50.9037
-51.6698
-52.4535
-54.0777
-54.9202
-55.7841
-56.6669
-57.5708
-58.4963
-60.4104
-61.4012
-62.4141
-63.4472
-64.5058
-65.5864
-67.8072
-68.9572
-70.1273
-71.3199
-72.5365
-73.7764
-76.3314
-77.65
-78.9921
-80.3621
-81.7601
-83.1856
-86.1264
-87.6482
-89.2036
-90.7908
-92.414
-94.076
-97.5168
-99.2995
-101.128
-103.01
-104.935
-106.914
-111.032
-113.176
-115.387
-117.67
-120.021
-122.447
-127.524
-130.19
-132.954
-135.812
-138.771
-141.851
-148.326
-151.724
-155.258
-158.918
-162.756
-166.743
-175.088
-179.521
-184.116
-188.851
-193.749
-198.789
-209.311
-214.765
-220.337
-225.966
-231.626
-237.302
-248.623
-254.13
-259.451
-264.614
-269.47
-273.975
-281.38
-284.197
-286.348
-287.83
-288.557
-288.3
-284.84
-281.171
-276.266
-270.192
-263.164
-254.948
-234.323
-222.044
-208.716
-194.384
-178.913
-162.36
-127.176
-108.159
-88.5334
-68.5335
-48.1303
-27.6489
13.8018
34.6626
55.2152
75.0404
94.6264
113.632
149.159
165.525
181.203
195.898
209.176
221.078
241.336
249.888
257.203
263.176
267.822
271.592
275.914
276.285
275.643
274.605
272.657
269.954
262.974
258.725
254.269
249.603
244.511
239.323
228.622
223.248
217.962
212.685
207.504
202.395
192.418
187.664
183.042
178.531
174.186
169.955
161.895
158.056
154.362
150.829
147.382
144.06
137.754
134.754
131.841
129.037
126.325
123.698
118.664
116.265
113.935
111.671
109.471
107.326
103.226
101.257
99.3421
97.4633
95.6404
93.8588
90.4295
88.7722
87.1544
85.5736
84.0296
82.5209
79.6071
78.1954
76.8154
75.4663
74.1493
72.8615
70.3726
69.1723
68.0008
66.8523
65.7361
64.6474
62.5509
61.5395
60.5531
59.5905
58.6549
57.7416
55.9824
55.1308
54.2996
53.4908
52.7
51.9274
50.4315
49.7036
48.9905
48.291
47.6057
46.9328
45.6228
44.9838
44.3551
43.7356
43.1265
42.5269
41.3546
40.7799
40.2123
39.6535
39.1018
38.5566
37.4906
36.9661
36.4482
35.9369
35.4322
34.933
33.954
33.4727
32.9969
32.5262
32.0604
31.6005
30.6991
30.2556
29.8171
29.3846
28.9575
28.536
27.7102
27.3051
26.9054
26.5118
26.1233
25.741
24.9938
24.6303
24.2717
23.9198
23.5743
23.2357
22.5776
22.2583
21.9451
21.6373
21.3365
21.0418
20.4691
20.1899
19.917
19.6488
19.3855
19.1272
18.6251
18.3787
18.1367
17.898
17.6629
17.4316
16.9793
16.7574
16.5383
16.3217
16.1077
15.897
15.4829
15.2792
15.0775
14.878
14.6807
14.486
14.1019
13.9133
13.7267
13.5418
13.3584
13.1774
12.8208
12.6451
12.4715
12.2989
12.128
11.9594
11.6279
11.4642
11.3025
11.1426
10.9849
10.8287
10.5223
10.3715
10.223
10.0763
9.93145
9.78867
9.5098
9.37353
9.23956
9.10763
8.97788
8.85049
8.60269
8.4821
8.36389
8.24757
8.1335
8.02173
7.80398
7.69765
7.59345
7.49098
7.39033
7.29122
7.09793
7.00278
6.90939
6.81733
6.72652
6.63697
6.46129
6.3749
6.28962
6.20518
6.12167
6.03935
5.87714
5.79715
5.71802
5.63957
5.56195
5.48504
5.33355
5.25893
5.18498
5.11154
5.03875
4.96675
4.82486
4.75474
4.68527
4.61645
4.5482
4.48072
4.34777
4.28205
4.21703
4.1527
4.08911
4.02633
3.90286
3.84228
3.78227
3.72319
3.66502
3.60782
3.49688
3.44306
3.39047
3.33932
3.29011
3.19877
2.93977
2.82319
2.71364
2.60972
2.5121
2.42038
2.25118
2.17313
2.09907
2.02895
1.96211
1.89864
1.78117
1.72621
1.67371
1.62351
1.57537
1.52906
1.44277
1.40274
1.36403
1.32652
1.2905
1.2559
1.19118
1.16019
1.13017
1.10105
1.07294
1.04573
0.994066
0.969423
0.945626
0.922602
0.900421
0.879424
