-1.85336
-2.11555
-2.40282
-2.72512
-3.10358
-3.55664
-4.07714
-4.65364
-5.28555
-5.98166
-6.76312
-7.67997
-8.78951
-10.0881
-11.5402
-13.1389
-14.9038
-16.885
-19.1952
-22.0116
-25.3746
-29.1895
-33.4357
-38.1752
-43.5695
-49.9506
-57.9452
-67.9914
-80.1797
-94.9812
-113.609
-138.435
-173.935
-226.04
-287.599
-307.244
-210.586
-6.81868
196.774
293.693
276.441
218.391
169.14
134.611
109.976
91.34
76.5706
64.7153
55.4441
48.1554
42.0758
36.7816
32.0617
27.8376
24.1205
21.0024
18.4505
16.2653
14.3215
12.5601
10.9597
9.52401
8.29236
7.27072
6.39501
5.61259
4.89746
4.23964
3.64014
2.95532
2.0607
1.52149
1.16745
0.914341
0.72747
-1.85419
-2.11465
-2.11645
-2.40182
-2.40381
-2.72398
-2.72625
-3.10222
-3.10495
-3.55503
-3.55826
-4.07534
-4.07895
-4.65168
-4.6556
-5.28337
-5.28772
-5.97925
-5.98407
-6.76038
-6.76587
-7.67667
-7.68327
-8.78553
-8.79349
-10.0835
-10.0926
-11.5352
-11.5452
-13.1335
-13.1444
-14.8977
-14.9099
-16.878
-16.892
-19.1869
-19.2036
-22.0014
-22.0217
-25.3628
-25.3864
-29.1762
-29.2027
-33.4209
-33.4504
-38.1587
-38.1918
-43.5504
-43.5885
-49.9274
-49.9738
-57.9157
-57.9747
-67.9552
-68.0277
-80.1357
-80.2238
-94.9274
-95.0351
-113.54
-113.678
-138.339
-138.531
-173.795
-174.077
-225.84
-226.24
-287.425
-287.773
-307.377
-307.108
-211.13
-210.039
-7.55478
-6.08274
196.229
197.317
293.588
293.797
276.602
276.28
218.577
218.204
169.275
169.004
134.706
134.517
110.046
109.906
91.394
91.286
76.6142
76.527
64.7497
64.6809
55.4706
55.4175
48.177
48.1339
42.0943
42.0573
36.798
36.7652
32.0764
32.0471
27.8507
27.8245
24.1318
24.1092
21.0116
20.9931
18.4582
18.4428
16.2721
16.2586
14.3275
14.3154
12.5656
12.5545
10.9647
10.9547
9.52839
9.51962
8.29603
8.2887
7.27384
7.26762
6.39772
6.39231
5.61504
5.61014
4.89971
4.89521
4.24171
4.23758
3.642
3.63828
2.95916
2.95147
2.06291
2.0585
1.52291
1.52008
1.16843
1.16648
0.915043
0.91364
0.72803
-1.86164
-2.10655
-2.12457
-2.3929
-2.41276
-2.71382
-2.73651
-3.08999
-3.11725
-3.54062
-3.57281
-4.05914
-4.0952
-4.63388
-4.67334
-5.26379
-5.30725
-5.95759
-6.00581
-6.73584
-6.7907
-7.64699
-7.71307
-8.74985
-8.82941
-10.0429
-10.1335
-11.4902
-11.5904
-13.084
-13.1941
-14.8427
-14.965
-16.8156
-16.9542
-19.1121
-19.279
-21.9104
-22.1138
-25.2566
-25.4931
-29.0572
-29.3222
-33.2887
-33.5834
-38.0104
-38.3405
-43.3796
-43.7604
-49.7196
-50.1834
-57.6515
-58.2413
-67.6291
-68.3562
-79.7407
-80.6194
-94.4448
-95.5215
-112.916
-114.306
-137.482
-139.399
-172.537
-175.364
-224.042
-228.044
-285.856
-289.339
-308.245
-305.822
-215.896
-205.05
-14.2588
0.53346
191.243
202.107
292.575
294.791
278.035
274.786
220.26
216.532
170.504
167.793
135.561
133.673
110.678
109.285
91.8823
90.8018
77.0085
76.1361
65.0612
64.3725
55.7109
55.18
48.3716
47.9404
42.2615
41.8914
36.9457
36.6179
32.2085
31.9157
27.9689
27.7071
24.2337
24.008
21.095
20.9105
18.5277
18.3737
16.333
16.1981
14.3823
14.2612
12.6157
12.5047
11.0098
10.9098
9.56802
9.48023
8.32916
8.25583
7.30177
7.23982
6.42209
6.36806
5.63713
5.58813
4.92
4.87497
4.26034
4.21902
3.6588
3.62156
2.99404
2.91712
2.08289
2.03882
1.53573
1.50747
1.17723
1.15777
0.9214
0.907363
0.733079
-1.88714
-1.92458
-1.96257
-2.00105
-2.03998
-2.07936
-2.15238
-2.19317
-2.23465
-2.27684
-2.31954
-2.36286
-2.44349
-2.48892
-2.53508
-2.58227
-2.63035
-2.67966
-2.77185
-2.82431
-2.87815
-2.93344
-2.99042
-3.04902
-3.15949
-3.22255
-3.28729
-3.35387
-3.42221
-3.49179
-3.62265
-3.69652
-3.77144
-3.84786
-3.92557
-4.00443
-4.151
-4.23312
-4.31644
-4.40111
-4.48682
-4.57373
-4.73445
-4.8248
-4.91599
-5.00874
-5.10266
-5.19794
-5.37432
-5.4734
-5.57368
-5.67558
-5.77928
-5.88434
-6.07992
-6.19014
-6.30271
-6.41736
-6.53369
-6.65256
-6.87647
-7.00367
-7.134
-7.2679
-7.40556
-7.54726
-7.81568
-7.96964
-8.12804
-8.29104
-8.45803
-8.62933
-8.95304
-9.13638
-9.32367
-9.51435
-9.70797
-9.90553
-10.2739
-10.4802
-10.6899
-10.9033
-11.1188
-11.3383
-11.7446
-11.9722
-12.2033
-12.4382
-12.6755
-12.9168
-13.3641
-13.6147
-13.8695
-14.1284
-14.3904
-14.6571
-15.1537
-15.4335
-15.7174
-16.0078
-16.3031
-16.6053
-17.1686
-17.49
-17.8199
-18.1562
-18.5032
-18.8615
-19.5382
-19.9261
-20.3269
-20.7395
-21.1659
-21.603
-22.4312
-22.9023
-23.3865
-23.8815
-24.3863
-24.8992
-25.8588
-26.4001
-26.9499
-27.5105
-28.0788
-28.6563
-29.7306
-30.3344
-30.9477
-31.5689
-32.2022
-32.8434
-34.0373
-34.7094
-35.3919
-36.0864
-36.7936
-37.5116
-38.8525
-39.6099
-40.3839
-41.1708
-41.9761
-42.8027
-44.35
-45.2302
-46.1366
-47.0715
-48.0325
-49.0229
-50.907
-51.9971
-53.1281
-54.2948
-55.5069
-56.7655
-59.1606
-60.5389
-61.9708
-63.4459
-64.9665
-66.5325
-69.4869
-71.176
-72.9138
-74.7022
-76.5358
-78.4166
-81.9806
-84.0223
-86.1247
-88.287
-90.5194
-92.8222
-97.2028
-99.7359
-102.359
-105.072
-107.895
-110.834
-116.487
-119.791
-123.245
-126.866
-130.645
-134.638
-142.421
-147.05
-151.933
-157.085
-162.573
-168.335
-179.817
-186.631
-193.885
-201.621
-209.648
-218.033
-234.261
-243.453
-252.882
-262.24
-271.502
-280.204
-294.462
-300.955
-306.27
-309.742
-311.031
-310.18
-301.808
-293.608
-282.425
-267.942
-250.8
-230.733
-187.564
-160.718
-131.752
-101.028
-69.3652
-36.6822
22.9791
55.7539
87.5967
118.08
146.983
173.885
217.258
237.065
254.276
268.204
279.89
288.817
296.811
298.556
296.949
293.615
289.018
282.99
269.086
260.746
252.326
243.564
234.74
226.029
210.897
202.954
195.345
188.203
181.301
174.771
163.779
158.157
152.85
147.817
143.049
138.527
130.869
126.931
123.181
119.584
116.158
112.865
107.21
104.276
101.453
98.7283
96.1027
93.5669
89.1761
86.8718
84.6422
82.4823
80.387
78.359
74.8284
72.9734
71.1746
69.4373
67.7602
66.1407
63.3426
61.8803
60.4743
59.1146
57.8021
56.5439
54.3811
53.2445
52.1494
51.0851
50.0497
49.0419
47.289
46.3564
45.446
44.5592
43.6877
42.8355
41.3321
40.5266
39.735
38.9599
38.201
37.4515
36.1212
35.4062
34.7028
34.0125
33.3321
32.6609
31.4717
30.8314
30.2011
29.582
28.9728
28.3739
27.312
26.7425
26.1854
25.6389
25.1027
24.582
23.6686
23.1843
22.7125
22.2552
21.8119
21.3829
20.6327
20.2395
19.8557
19.4829
19.1217
18.7671
18.1411
17.8086
17.4826
17.1627
16.8491
16.5415
15.9943
15.7012
15.4121
15.127
14.8457
14.5697
14.0781
13.811
13.5498
13.2916
13.0372
12.7859
12.337
12.0962
11.8581
11.6235
11.3916
11.1639
10.7584
10.5405
10.3255
10.1144
9.90778
9.70463
9.34758
9.15748
8.97153
8.7908
8.61472
8.44349
8.14474
7.98689
7.83341
7.68396
7.53845
7.39697
7.1467
7.01364
6.88328
6.75513
6.62954
6.50568
6.28613
6.16807
6.05193
5.93717
5.82429
5.71272
5.51369
5.40607
5.29979
5.19481
5.09135
4.98929
4.8066
4.70806
4.61002
4.51352
4.41825
4.32433
4.1563
4.06587
3.97633
3.88834
3.80175
3.71645
3.5651
3.48448
3.40563
3.32958
3.25709
3.11625
2.80504
2.65305
2.51265
2.38342
2.26381
2.1535
1.97375
1.88398
1.80037
1.72252
1.64941
1.58054
1.46587
1.40849
1.35432
1.30261
1.25353
1.20738
1.12874
1.08805
1.04932
1.01235
0.977123
0.943506
0.886635
0.858078
0.830184
0.802922
0.776354
0.75045
