-2.50448
-2.76746
-3.06677
-3.41101
-3.7996
-4.22603
-4.68664
-5.18236
-5.71748
-6.30007
-6.94687
-7.68506
-8.54066
-9.51677
-10.596
-11.768
-13.034
-14.4027
-15.8957
-17.5554
-19.4515
-21.6642
-24.2137
-27.0653
-30.1877
-33.5873
-37.3023
-41.4039
-46.0282
-51.4133
-57.8649
-65.5837
-74.6368
-85.1785
-97.5944
-112.616
-131.482
-156.173
-189.636
-233.773
-282.963
-312.351
-282.373
-172.52
-6.91764
158.926
268.601
299.601
272.332
226.028
184.135
151.921
127.712
108.978
93.96
81.5622
71.1687
62.5051
55.3918
49.4919
44.431
39.9528
35.9058
32.2148
28.8346
25.7649
23.0416
20.6931
18.6775
16.9018
15.2962
13.8203
12.455
11.1895
10.0266
8.97993
8.06538
7.27224
6.57069
5.93229
5.34158
4.79084
4.27623
3.79949
3.37174
2.62229
1.99404
1.57066
1.26755
1.03935
-2.50552
-2.76629
-2.76863
-3.06543
-3.06811
-3.40948
-3.41254
-3.7979
-3.8013
-4.22418
-4.22788
-4.68465
-4.68863
-5.18022
-5.1845
-5.71516
-5.71979
-6.29752
-6.30261
-6.94402
-6.94972
-7.68175
-7.68837
-8.53684
-8.54448
-9.51247
-9.52107
-10.5913
-10.6007
-11.7629
-11.7731
-13.0285
-13.0395
-14.3967
-14.4086
-15.8892
-15.9023
-17.548
-17.5627
-19.443
-19.46
-21.6543
-21.6741
-24.2023
-24.225
-27.0529
-27.0778
-30.1742
-30.2013
-33.5725
-33.6021
-37.2861
-37.3185
-41.3859
-41.422
-46.0076
-46.0489
-51.3888
-51.4379
-57.8354
-57.8944
-65.5488
-65.6186
-74.5961
-74.6774
-85.131
-85.2259
-97.5378
-97.651
-112.547
-112.686
-131.393
-131.571
-156.055
-156.29
-189.475
-189.797
-233.571
-233.975
-282.774
-283.152
-312.325
-312.375
-282.647
-282.098
-173.125
-171.913
-7.6556
-6.17997
158.325
159.526
268.312
268.889
299.614
299.585
272.513
272.151
226.217
225.838
184.289
183.981
152.037
151.804
127.8
127.624
109.048
108.909
94.0165
93.9035
81.6093
81.515
71.2085
71.129
62.5379
62.4723
55.4187
55.365
49.5146
49.4693
44.4507
44.4113
39.9705
39.9351
35.9219
35.8897
32.2295
32.2001
28.8481
28.8211
25.777
25.7528
23.0522
23.031
20.7021
20.6841
18.6854
18.6697
16.9088
16.8948
15.3026
15.2898
13.8262
13.8144
12.4604
12.4495
11.1945
11.1844
10.0312
10.022
8.98402
8.97584
8.06892
8.06183
7.27534
7.26915
6.57347
6.56792
5.93485
5.92973
5.34395
5.33921
4.79306
4.78862
4.2783
4.27417
3.80139
3.7976
3.37338
3.3701
2.62554
2.61905
1.99615
1.99194
1.57215
1.56918
1.26864
1.26647
1.04019
-2.51382
-2.75702
-2.77799
-3.05476
-3.07885
-3.39725
-3.42485
-3.78431
-3.81494
-4.2094
-4.24271
-4.66875
-4.70457
-5.16311
-5.20167
-5.69663
-5.73837
-6.27721
-6.32302
-6.92124
-6.97263
-7.65534
-7.71491
-8.50636
-8.57516
-9.47818
-9.55551
-10.5538
-10.6383
-11.7225
-11.8138
-12.9847
-13.0833
-14.3494
-14.4563
-15.8371
-15.9546
-17.4894
-17.6217
-19.375
-19.5284
-21.5751
-21.7538
-24.1126
-24.3157
-26.9535
-27.1777
-30.066
-30.3098
-33.4544
-33.7208
-37.1565
-37.4485
-41.2416
-41.5669
-45.843
-46.2145
-51.1946
-51.635
-57.6012
-58.1308
-65.2705
-65.8988
-74.2721
-75.0034
-84.7527
-85.6068
-97.0868
-98.1064
-111.995
-113.242
-130.684
-132.286
-155.12
-157.245
-188.193
-191.103
-231.961
-235.606
-281.249
-284.654
-312.071
-312.505
-284.797
-279.676
-177.992
-167.034
-13.5238
-0.28838
153.457
164.323
265.943
271.105
299.683
299.415
273.954
270.696
227.734
224.329
185.523
182.758
152.976
150.884
128.507
126.925
109.605
108.356
94.4701
93.4535
81.9878
81.1391
71.5269
70.8126
62.8012
62.2116
55.6342
55.1514
49.6961
49.2888
44.609
44.2538
40.112
39.7938
36.0509
35.7613
32.3475
32.0826
28.956
28.7136
25.8741
25.6563
23.1369
22.9467
20.7746
20.6121
18.748
18.6072
16.965
16.8388
15.3538
15.2389
13.8733
13.7671
12.5043
12.4058
11.2351
11.1439
10.0682
9.9851
9.01684
8.94326
8.09736
8.03355
7.30019
7.2445
6.59574
6.54571
5.95532
5.90928
5.36295
5.32028
4.81084
4.77089
4.29489
4.25765
3.81661
3.78246
3.38657
3.357
2.65181
2.59334
2.01313
1.9752
1.58419
1.55738
1.27738
1.25785
1.04693
-2.53947
-2.57615
-2.61333
-2.6511
-2.68951
-2.72872
-2.80691
-2.84825
-2.89036
-2.93355
-2.97748
-3.02232
-3.11205
-3.15965
-3.2084
-3.25801
-3.30852
-3.36006
-3.46282
-3.51716
-3.57224
-3.62826
-3.68507
-3.7429
-3.85705
-3.91706
-3.97772
-4.03921
-4.10145
-4.1643
-4.28843
-4.3533
-4.41901
-4.48543
-4.55245
-4.62015
-4.75378
-4.82375
-4.89438
-4.96581
-5.03799
-5.11103
-5.25464
-5.32991
-5.40623
-5.48335
-5.56125
-5.64009
-5.79573
-5.87738
-5.96021
-6.04412
-6.12908
-6.21531
-6.38607
-6.47603
-6.56761
-6.66062
-6.75513
-6.85167
-7.04362
-7.14553
-7.24992
-7.35605
-7.46429
-7.57521
-7.79721
-7.91521
-8.03613
-8.15947
-8.28508
-8.41362
-8.67011
-8.8061
-8.94439
-9.08512
-9.2283
-9.37347
-9.66176
-9.81312
-9.96679
-10.1225
-10.2799
-10.4395
-10.7545
-10.9197
-11.0869
-11.2557
-11.4264
-11.5989
-11.9392
-12.1174
-12.298
-12.4803
-12.6644
-12.851
-13.2182
-13.4106
-13.6057
-13.8034
-14.0031
-14.2047
-14.6032
-14.8123
-15.0244
-15.2394
-15.4569
-15.6782
-16.1164
-16.3472
-16.5822
-16.821
-17.0636
-17.311
-17.8039
-18.0654
-18.3323
-18.6048
-18.8828
-19.1684
-19.7409
-20.0451
-20.3571
-20.6757
-21.0012
-21.3345
-22.0004
-22.3543
-22.7157
-23.084
-23.4579
-23.8385
-24.5963
-24.995
-25.4003
-25.8114
-26.2277
-26.6503
-27.486
-27.9249
-28.3695
-28.8194
-29.2744
-29.7356
-30.6449
-31.1231
-31.6068
-32.0969
-32.5927
-33.0943
-34.0868
-34.6065
-35.1341
-35.6691
-36.212
-36.7616
-37.8498
-38.4224
-39.0035
-39.5936
-40.1937
-40.8031
-42.0148
-42.6554
-43.3077
-43.9724
-44.6509
-45.3432
-46.7289
-47.4682
-48.2221
-48.9957
-49.7922
-50.6061
-52.2459
-53.1252
-54.0285
-54.9565
-55.9106
-56.8907
-58.8646
-59.9221
-61.0067
-62.1192
-63.2592
-64.4261
-66.7665
-68.0156
-69.2915
-70.5957
-71.9272
-73.2876
-76.0135
-77.4653
-78.9493
-80.4665
-82.0178
-83.6038
-86.787
-88.484
-90.2237
-92.0099
-93.8419
-95.7229
-99.5165
-101.551
-103.644
-105.801
-108.03
-110.324
-114.981
-117.508
-120.121
-122.821
-125.628
-128.55
-134.521
-137.78
-141.178
-144.713
-148.416
-152.265
-160.261
-164.639
-169.245
-174.032
-179.048
-184.299
-195.196
-201.116
-207.237
-213.616
-220.23
-227.066
-240.693
-247.926
-255.253
-262.455
-269.492
-276.531
-289.154
-295.047
-300.28
-304.546
-308.042
-310.795
-312.468
-311.454
-308.687
-304.319
-298.406
-291.041
-271.651
-259.053
-244.942
-229.058
-211.478
-192.543
-151.758
-129.316
-105.726
-81.3831
-56.5617
-31.4371
17.6263
42.9295
67.8555
92.029
115.576
138.152
178.728
197.796
215.304
231.188
245.583
258.122
277.443
285.226
291.121
295.336
298.096
299.454
298.458
296.098
292.65
288.437
283.525
278.105
266.166
259.6
252.923
246.109
239.298
232.539
219.671
213.249
206.956
200.895
195.062
189.393
179.075
174.058
169.235
164.593
160.164
155.908
148.124
144.371
140.753
137.284
133.935
130.71
124.806
121.927
119.145
116.454
113.849
111.335
106.689
104.397
102.176
100.02
97.923
95.8873
92.0899
90.211
88.3806
86.5943
84.8585
83.1634
79.9981
78.4237
76.8911
75.3942
73.935
72.5137
69.8573
68.5398
67.2586
66.0113
64.7988
63.6191
61.4226
60.3414
59.289
58.2662
57.2717
56.3043
54.5026
53.6096
52.7397
51.8932
51.0664
50.2588
48.7404
47.982
47.2405
46.5137
45.7993
45.0983
43.7739
43.1081
42.4529
41.8092
41.1752
40.5498
39.3634
38.7643
38.174
37.5908
37.016
36.4495
35.37
34.8246
34.2866
33.7553
33.2301
32.7117
31.7238
31.2242
30.7312
30.244
29.7628
29.2887
28.3865
27.9308
27.4819
27.0394
26.6031
26.1745
25.3624
24.9539
24.5533
24.1605
23.7757
23.3993
22.6909
22.3374
21.9913
21.6531
21.3228
20.9998
20.3934
20.0908
19.7953
19.5051
19.2203
18.9419
18.4167
18.1525
17.8931
17.6375
17.3859
17.1385
16.6682
16.431
16.1971
15.9657
15.7373
15.5118
15.0829
14.8646
14.6499
14.4374
14.2268
14.0194
13.6232
13.4222
13.2232
13.0265
12.8321
12.6397
12.2721
12.0854
11.9012
11.7188
11.5383
11.3603
11.0205
10.8484
10.6788
10.5112
10.3454
10.1826
9.87278
9.71672
9.56321
9.4121
9.26376
9.11845
8.84422
8.70698
8.57248
8.44055
8.31145
8.18548
7.94763
7.82886
7.7125
7.59862
7.48673
7.37699
7.16956
7.06536
6.96281
6.86187
6.76243
6.66454
6.47808
6.38379
6.2908
6.19884
6.10795
6.01837
5.847
5.76014
5.67421
5.58915
5.50488
5.42156
5.26247
5.18139
5.10134
5.02207
4.94342
4.86566
4.71665
4.64104
4.56616
4.49196
4.41865
4.34606
4.20724
4.13686
4.0672
3.99842
3.93056
3.86363
3.73628
3.6723
3.60922
3.54732
3.48674
3.42762
3.31731
3.26291
3.13729
2.99249
2.85935
2.73487
2.51678
2.415
2.31992
2.23001
2.14577
2.06655
1.92506
1.85761
1.7941
1.73358
1.676
1.62155
1.52199
1.4742
1.42952
1.3864
1.3448
1.30478
1.23198
1.19703
1.16335
1.1304
1.0986
1.06799
