-2.07515
-2.3749
-2.71018
-3.10959
-3.60078
-4.16689
-4.79076
-5.47673
-6.23502
-7.09926
-8.15467
-9.45446
-10.9394
-12.5794
-14.3892
-16.4084
-18.7482
-21.6682
-25.2504
-29.3209
-33.8572
-38.9354
-44.7418
-51.7625
-60.9175
-72.4817
-86.4819
-103.805
-126.448
-158.585
-208.601
-282.219
-328.979
-239.823
-6.805
225.291
316.051
270.451
202.425
154.564
122.933
100.211
82.8047
68.8944
58.0582
49.8897
43.2746
37.5549
32.4836
27.9503
23.9549
20.6764
18.0639
15.8213
13.8168
12.0001
10.3533
8.89999
7.70857
6.73357
5.87596
5.0976
4.38321
3.72626
3.06724
2.08534
1.51153
1.14391
0.885604
0.694562
-2.07604
-2.3739
-2.37588
-2.70906
-2.71129
-3.10821
-3.11096
-3.59914
-3.60242
-4.16505
-4.16873
-4.78881
-4.79271
-5.47451
-5.47895
-6.23243
-6.2376
-7.09636
-7.10216
-8.15098
-8.15836
-9.45012
-9.4588
-10.9346
-10.9442
-12.5741
-12.5847
-14.3833
-14.3951
-16.4018
-16.4149
-18.7402
-18.7562
-21.6581
-21.6784
-25.2385
-25.2623
-29.3076
-29.3342
-33.8424
-33.872
-38.9187
-38.9521
-44.7224
-44.7612
-51.738
-51.787
-60.8853
-60.9498
-72.4425
-72.521
-86.4346
-86.5295
-103.744
-103.865
-126.367
-126.53
-158.463
-158.707
-208.407
-208.796
-281.974
-282.463
-328.992
-328.965
-240.428
-239.217
-7.61595
-5.99404
224.796
225.789
316.032
316.068
270.686
270.217
202.603
202.248
154.682
154.446
123.01
122.857
100.272
100.151
82.8526
82.7564
68.9327
68.8562
58.0871
58.0293
49.9121
49.8674
43.2934
43.2557
37.5715
37.5382
32.4984
32.4688
27.9637
27.9369
23.9662
23.9436
20.6856
20.6675
18.0712
18.0565
15.8279
15.8148
13.8227
13.811
12.0055
11.9948
10.3581
10.3484
8.90411
8.89587
7.71195
7.70518
6.73637
6.73077
5.87846
5.87345
5.09991
5.09529
4.38533
4.38109
3.7282
3.72432
3.07097
3.0635
2.08757
2.08312
1.51293
1.51014
1.14485
1.14297
0.886249
0.884959
0.695094
-2.08422
-2.36471
-2.38491
-2.69878
-2.72163
-3.09554
-3.12372
-3.58397
-3.61756
-4.14805
-4.18578
-4.77042
-4.81162
-5.45398
-5.49955
-6.21007
-6.26106
-7.06961
-7.1291
-8.11714
-8.19245
-9.41005
-9.49905
-10.8899
-10.989
-12.525
-12.6337
-14.329
-14.4497
-16.3409
-16.4767
-18.6662
-18.8307
-21.567
-21.7723
-25.1287
-25.3725
-29.1847
-29.4572
-33.7058
-34.0083
-38.7646
-39.1069
-44.5434
-44.9374
-51.5127
-52.0147
-60.589
-61.2487
-72.0802
-72.8856
-85.9981
-86.9728
-103.189
-104.427
-125.632
-127.289
-157.344
-159.852
-206.622
-210.615
-279.728
-284.646
-329.041
-328.767
-245.659
-233.683
-15.1175
1.50721
220.014
230.73
315.801
316.168
272.939
268.056
204.263
200.664
155.784
153.36
123.751
122.099
100.836
99.5915
83.2924
82.3121
69.2882
68.5038
58.3557
57.7641
50.1194
49.6616
43.4683
43.0817
37.7255
37.3838
32.6355
32.3323
28.0867
27.8148
24.0709
23.8395
20.7711
20.585
18.1397
17.9883
15.8881
15.7544
13.8772
13.7564
12.055
11.9454
10.4028
10.3031
8.94236
8.85792
7.74311
7.67486
6.76232
6.70494
5.90175
5.85023
5.12128
5.07398
4.40473
4.36151
3.74617
3.70641
3.1047
3.02863
2.10849
2.06265
1.52589
1.49738
1.15359
1.13432
0.892366
0.87901
0.700034
-2.11303
-2.15593
-2.19942
-2.24357
-2.28831
-2.33374
-2.41672
-2.46421
-2.51243
-2.5618
-2.61211
-2.66307
-2.7583
-2.81339
-2.87009
-2.92868
-2.98922
-3.05193
-3.16896
-3.23752
-3.30776
-3.38035
-3.45499
-3.53132
-3.67175
-3.75268
-3.8348
-3.91827
-4.00298
-4.08891
-4.2454
-4.33525
-4.42571
-4.51766
-4.61074
-4.70555
-4.87773
-4.97593
-5.07537
-5.17645
-5.27872
-5.38256
-5.57197
-5.68026
-5.79012
-5.90182
-6.01533
-6.13068
-6.34217
-6.46372
-6.58707
-6.71465
-6.84374
-6.97721
-7.22476
-7.36969
-7.51946
-7.6748
-7.83524
-8.00144
-8.31282
-8.49381
-8.68107
-8.8735
-9.0702
-9.27104
-9.64134
-9.85233
-10.0684
-10.2875
-10.5083
-10.7351
-11.1461
-11.3806
-11.6185
-11.8597
-12.1059
-12.3541
-12.8076
-13.0661
-13.3285
-13.5952
-13.8656
-14.1401
-14.6413
-14.9289
-15.2209
-15.5173
-15.8201
-16.1282
-16.6945
-17.0213
-17.3547
-17.6968
-18.0492
-18.4114
-19.0949
-19.4929
-19.9075
-20.3368
-20.7829
-21.2452
-22.1051
-22.6082
-23.1248
-23.6534
-24.1942
-24.7473
-25.7607
-26.3406
-26.9309
-27.5315
-28.1392
-28.7606
-29.8902
-30.5365
-31.1954
-31.8635
-32.5419
-33.2319
-34.4903
-35.2099
-35.9459
-36.693
-37.4536
-38.2312
-39.6515
-40.4701
-41.3046
-42.1564
-43.0301
-43.9245
-45.5807
-46.5389
-47.5358
-48.5626
-49.6272
-50.7363
-52.8266
-54.0697
-55.3621
-56.7083
-58.1141
-59.5685
-62.3093
-63.9151
-65.5665
-67.2723
-69.0267
-70.8274
-74.1753
-76.1218
-78.1215
-80.1776
-82.2959
-84.4801
-88.5444
-90.9183
-93.3765
-95.9126
-98.5468
-101.287
-106.421
-109.468
-112.636
-115.952
-119.436
-123.05
-130.004
-134.191
-138.617
-143.292
-148.263
-153.562
-163.96
-170.342
-177.18
-184.446
-192.224
-200.683
-217.302
-227.113
-237.599
-248.863
-260.45
-271.942
-292.153
-302.664
-311.859
-319.252
-325.045
-328.525
-327.328
-321.353
-311.989
-299.303
-282.453
-261.723
-214.58
-184.377
-151.365
-115.925
-79.1
-41.1898
27.4382
65.4575
102.272
137.434
170.541
200.789
247.024
267.811
285.221
297.962
307.319
314.142
315.597
312.517
306.558
298.772
290.191
279.574
260.615
249.931
239.772
229.486
219.624
210.267
194.859
186.812
179.356
172.394
165.874
159.726
149.713
144.515
139.686
135.047
130.638
126.453
119.51
115.876
112.401
109.077
105.895
102.841
97.6779
94.9254
92.2778
89.7249
87.2566
84.8676
80.7902
78.6087
76.4949
74.4482
72.4665
70.551
67.2907
65.558
63.8953
62.3019
60.7739
59.3109
56.8559
55.5568
54.3135
53.1197
51.9683
50.854
48.9541
47.9275
46.9345
45.9628
45.0108
44.0866
42.4779
41.6018
40.7433
39.9008
39.079
38.2678
36.8541
36.0803
35.3208
34.5749
33.8411
33.1191
31.8589
31.1695
30.4904
29.8214
29.165
28.5188
27.3918
26.7771
26.1745
25.582
25.0053
24.4422
23.48
22.9617
22.4629
21.9781
21.5137
21.0663
20.3007
19.8943
19.5007
19.1163
18.7436
18.381
17.7518
17.4094
17.0739
16.7441
16.4197
16.1023
15.5446
15.2403
14.9419
14.6471
14.3561
14.0687
13.5668
13.2916
13.0202
12.7524
12.4886
12.2289
11.7736
11.5238
11.2774
11.0342
10.7955
10.5603
10.1495
9.92434
9.70514
9.49031
9.28092
9.0773
8.72718
8.54044
8.35892
8.18377
8.01516
7.85149
7.57071
7.42037
7.27337
7.1307
6.99083
6.85378
6.61565
6.48539
6.35679
6.23054
6.10651
5.98407
5.76939
5.6521
5.53575
5.42136
5.30787
5.19632
4.99998
4.89219
4.78588
4.68054
4.5765
4.47394
4.29342
4.19396
4.09605
3.99914
3.90365
3.80934
3.64419
3.55341
3.46338
3.37392
3.28454
3.196
2.90727
2.73893
2.58257
2.43841
2.3062
2.18485
1.99305
1.8962
1.80621
1.72292
1.64529
1.5726
1.45419
1.39401
1.33741
1.28363
1.23278
1.18483
1.10467
1.06271
1.02278
0.984862
0.948811
0.914566
0.858429
0.828747
0.799821
0.77162
0.744201
0.717583
