-2.3885
-2.72187
-3.1135
-3.58058
-4.11824
-4.71653
-5.37613
-6.10854
-6.94248
-7.93114
-9.12097
-10.4991
-12.0396
-13.7451
-15.6475
-17.8272
-20.432
-23.5934
-27.2853
-31.4502
-36.1178
-41.4169
-47.6389
-55.3218
-65.0423
-77.0626
-91.8103
-110.483
-135.499
-171.455
-224.191
-287.374
-309.33
-213.651
-6.92333
200.25
296.366
276.833
217.017
166.698
131.66
106.838
88.1861
73.5659
62.0248
53.0739
45.9451
39.9567
34.7301
30.0905
25.9872
22.4707
19.572
17.1546
15.0499
13.165
11.4612
9.93396
8.60838
7.50073
6.56409
5.73855
4.99119
4.30893
3.69426
3.01372
2.06501
1.51173
1.15133
0.896122
-2.38949
-2.72073
-2.72302
-3.11213
-3.11486
-3.57898
-3.58219
-4.11643
-4.12005
-4.71454
-4.71853
-5.37392
-5.37834
-6.10607
-6.11102
-6.93961
-6.94535
-7.92768
-7.9346
-9.11687
-9.12508
-10.4945
-10.5038
-12.0344
-12.0447
-13.7393
-13.7508
-15.6411
-15.6539
-17.8196
-17.8347
-20.4228
-20.4411
-23.5824
-23.6043
-27.2727
-27.2978
-31.4362
-31.4642
-36.102
-36.1336
-41.3987
-41.435
-47.6171
-47.6607
-55.2943
-55.3493
-65.0078
-65.0769
-77.0203
-77.1048
-91.7579
-91.8627
-110.415
-110.551
-135.405
-135.593
-171.317
-171.594
-223.994
-224.389
-287.194
-287.553
-309.425
-309.235
-214.168
-213.131
-7.65368
-6.19271
199.73
200.768
296.275
296.457
277.007
276.658
217.206
216.829
166.831
166.564
131.753
131.567
106.905
106.77
88.2382
88.1339
73.6072
73.5245
62.0571
61.9925
53.0992
53.0487
45.9657
45.9245
39.9745
39.939
34.7457
34.7144
30.1044
30.0766
25.9994
25.975
22.4809
22.4606
19.5803
19.5636
17.1617
17.1475
15.0562
15.0436
13.1707
13.1593
11.4664
11.4561
9.93852
9.9294
8.61225
8.60451
7.50396
7.49752
6.56687
6.5613
5.74104
5.73605
4.99346
4.98892
4.311
4.30686
3.6961
3.69243
3.01782
3.00963
2.06724
2.06279
1.51314
1.51032
1.15228
1.15037
0.896804
-2.3987
-2.7102
-2.7336
-3.09956
-3.12751
-3.56414
-3.59709
-4.0997
-4.13684
-4.69608
-4.73706
-5.35354
-5.39878
-6.08325
-6.13395
-6.91314
-6.97196
-7.89579
-7.96672
-9.07896
-9.16318
-10.4515
-10.5469
-11.9868
-12.0925
-13.6865
-13.8037
-15.5816
-15.7137
-17.7503
-17.9045
-20.3386
-20.526
-23.4813
-23.706
-27.1572
-27.4139
-31.3067
-31.5941
-35.9565
-36.2798
-41.2315
-41.6032
-47.4161
-47.8631
-55.0412
-55.6047
-64.6898
-65.3973
-76.631
-77.4967
-91.2756
-92.348
-109.789
-111.184
-134.541
-136.47
-170.043
-172.887
-222.179
-226.225
-285.545
-289.181
-310.239
-308.324
-218.89
-208.219
-14.3674
0.57784
194.852
205.49
295.375
297.24
278.584
275.01
218.944
215.102
168.073
165.336
132.618
130.716
107.533
106.15
88.7229
87.6535
73.9912
73.1437
62.3575
61.6951
53.3327
52.8165
46.1568
45.7345
40.1391
39.7752
34.8908
34.57
30.2335
29.9481
26.1123
25.8627
22.5754
22.3668
19.6581
19.4865
17.2279
17.0817
15.1148
14.9852
13.2236
13.1067
11.5141
11.4085
9.98082
9.88732
8.64813
8.56887
7.53382
7.46785
6.59267
6.53561
5.76415
5.71301
5.01451
4.96792
4.33019
4.28773
3.71309
3.67555
3.0562
2.97226
2.08806
2.04239
1.52628
1.4974
1.16116
1.1416
0.90315
-2.43039
-2.47727
-2.52509
-2.57393
-2.62373
-2.67467
-2.77012
-2.82462
-2.88044
-2.93785
-2.99665
-3.05719
-3.17119
-3.23642
-3.30323
-3.37186
-3.4421
-3.51407
-3.64838
-3.72461
-3.8021
-3.88105
-3.96134
-4.04304
-4.1945
-4.27982
-4.36628
-4.45413
-4.54314
-4.63351
-4.80067
-4.89473
-4.99
-5.08681
-5.18489
-5.28452
-5.46895
-5.57286
-5.67839
-5.7859
-5.89495
-6.00606
-6.21287
-6.32992
-6.44928
-6.57148
-6.69605
-6.82387
-7.06373
-7.20075
-7.34142
-7.48625
-7.63503
-7.7884
-8.07765
-8.24325
-8.41357
-8.58813
-8.76726
-8.9509
-9.29435
-9.48917
-9.68791
-9.89027
-10.0961
-10.3059
-10.6951
-10.9142
-11.1369
-11.3631
-11.5924
-11.8254
-12.2567
-12.4993
-12.7457
-12.9961
-13.2498
-13.5078
-13.9854
-14.2549
-14.5291
-14.8082
-15.0921
-15.3807
-15.9196
-16.2246
-16.5364
-16.8558
-17.1818
-17.5166
-18.1453
-18.505
-18.8757
-19.2573
-19.6499
-20.0547
-20.8195
-21.2586
-21.71
-22.1744
-22.6509
-23.1402
-24.0561
-24.5774
-25.1085
-25.6505
-26.2028
-26.766
-27.8127
-28.4038
-29.0048
-29.6159
-30.2373
-30.8687
-32.0406
-32.7023
-33.3748
-34.0596
-34.7558
-35.4643
-36.7818
-37.5274
-38.2882
-39.0653
-39.8575
-40.667
-42.183
-43.0468
-43.9324
-44.8433
-45.7774
-46.7403
-48.5624
-49.6119
-50.6969
-51.8209
-52.9849
-54.1918
-56.4893
-57.8209
-59.1987
-60.6218
-62.0963
-63.6195
-66.5049
-68.1668
-69.8768
-71.6367
-73.45
-75.3183
-78.851
-80.8805
-82.9726
-85.1312
-87.3581
-89.6572
-94.0288
-96.5632
-99.1874
-101.919
-104.751
-107.7
-113.372
-116.69
-120.166
-123.811
-127.647
-131.666
-139.532
-144.201
-149.123
-154.38
-159.931
-165.815
-177.412
-184.34
-191.649
-199.42
-207.587
-216.123
-232.543
-241.912
-251.403
-261.046
-270.453
-279.685
-294.421
-301.191
-306.717
-310.62
-312.58
-312.098
-304.507
-296.421
-285.568
-271.436
-254.356
-234.283
-190.849
-163.461
-134.139
-103.083
-70.635
-37.3552
23.6937
56.9119
89.4055
120.576
149.769
177.362
220.708
240.865
258.301
272.148
283.238
291.539
299.163
299.85
298.37
294.969
289.796
283.517
269.268
260.759
251.891
242.763
233.782
224.914
209.325
201.235
193.463
186.076
179.064
172.414
161.241
155.549
150.134
145.041
140.209
135.628
127.875
123.894
120.107
116.487
113.028
109.718
104.057
101.109
98.282
95.5592
92.9341
90.4036
86.039
83.7457
81.5299
79.3916
77.3221
75.3207
71.865
70.0486
68.2936
66.6034
64.974
63.4008
60.6995
59.2893
57.9277
56.6186
55.3574
54.1414
52.0372
50.9298
49.8564
48.8133
47.8016
46.817
45.0937
44.176
43.2788
42.4018
41.5443
40.7042
39.2224
38.4274
37.6468
36.8813
36.1289
35.3894
34.0803
33.3757
32.6835
32.0034
31.3346
30.677
29.5135
28.8876
28.273
27.6708
27.08
26.5011
25.4834
24.94
24.4103
23.8935
23.3911
22.9021
22.0505
21.5996
21.1619
20.7374
20.3256
19.9257
19.2266
18.8554
18.4936
18.1393
17.7935
17.4557
16.8591
16.5395
16.2256
15.917
15.6137
15.316
14.7874
14.5023
14.2215
13.9451
13.6729
13.405
12.9282
12.6706
12.4168
12.1669
11.9206
11.6781
11.2477
11.0155
10.7873
10.5631
10.3426
10.1264
9.74503
9.54093
9.34163
9.14686
8.95692
8.77204
8.44872
8.27731
8.11032
7.94806
7.79043
7.63689
7.36775
7.22434
7.08433
6.94707
6.81294
6.68131
6.4487
6.32367
6.20081
6.07978
5.96082
5.84347
5.63498
5.52232
5.41132
5.30164
5.19352
5.08674
4.89674
4.79389
4.69246
4.59227
4.49351
4.39608
4.22293
4.12946
4.03751
3.94712
3.85846
3.77151
3.61868
3.53734
3.4582
3.38164
3.3079
3.19294
2.85061
2.68639
2.53744
2.40113
2.27654
2.16168
1.97532
1.88276
1.79731
1.71701
1.6421
1.57249
1.45547
1.39702
1.34111
1.28812
1.23825
1.19161
1.11228
1.07114
1.03206
0.994692
0.959126
0.925319
