-1.72055
-1.89264
-2.07604
-2.27234
-2.48407
-2.71562
-2.97257
-3.26027
-3.58091
-3.93353
-4.31578
-4.72631
-5.16636
-5.63909
-6.15052
-6.70967
-7.33067
-8.0289
-8.81417
-9.68634
-10.6397
-11.6696
-12.7773
-13.969
-15.2582
-16.6675
-18.2308
-19.9911
-21.984
-24.2224
-26.6963
-29.3942
-32.3168
-35.4851
-38.9411
-42.7519
-47.0194
-51.8971
-57.5489
-64.0967
-71.63
-80.2311
-90.091
-101.536
-115.091
-131.494
-151.825
-177.135
-207.524
-239.498
-262.56
-259.905
-214.549
-124.921
-6.70222
111.609
201.789
247.388
251.552
230.122
200.197
171.462
147.187
127.405
111.254
97.8326
86.4693
76.7357
68.37
61.2163
55.1182
49.878
45.2923
41.2009
37.4861
34.0856
30.9537
28.0742
25.4485
23.0918
21.0041
19.1608
17.5143
16.0226
14.6506
13.3792
12.1963
11.0965
10.0816
9.15744
8.32819
7.58973
6.92836
6.32687
5.7721
5.25533
4.77141
4.31787
3.89667
3.51462
2.98104
2.30561
1.8368
1.4947
1.23776
1.03898
0.878907
0.748772
0.634426
0.53847
-1.72134
-1.8918
-1.89347
-2.07514
-2.07693
-2.27138
-2.2733
-2.48303
-2.48511
-2.71447
-2.71676
-2.97129
-2.97385
-3.25883
-3.2617
-3.57932
-3.58249
-3.9318
-3.93527
-4.31391
-4.31765
-4.7243
-4.72831
-5.16421
-5.1685
-5.63678
-5.6414
-6.14801
-6.15304
-6.7069
-6.71244
-7.32758
-7.33377
-8.02541
-8.0324
-8.81026
-8.81808
-9.68203
-9.69065
-10.635
-10.6444
-11.6646
-11.6747
-12.7719
-12.7828
-13.9632
-13.9749
-15.2519
-15.2646
-16.6605
-16.6745
-18.223
-18.2387
-19.9823
-20
-21.974
-21.994
-24.2113
-24.2336
-26.6841
-26.7085
-29.381
-29.4075
-32.3024
-32.3311
-35.4695
-35.5007
-38.9241
-38.9582
-42.7329
-42.7708
-46.998
-47.0408
-51.8724
-51.9219
-57.5203
-57.5777
-64.0636
-64.1298
-71.5921
-71.668
-80.1878
-80.2745
-90.0411
-90.141
-101.477
-101.594
-115.021
-115.161
-131.409
-131.58
-151.718
-151.933
-177.004
-177.267
-207.372
-207.676
-239.358
-239.639
-262.495
-262.624
-260.001
-259.807
-214.868
-214.23
-125.431
-124.41
-7.28805
-6.11617
111.09
112.127
201.467
202.11
247.274
247.5
251.603
251.501
230.254
229.99
200.338
200.056
171.588
171.336
147.29
147.084
127.488
127.322
111.323
111.185
97.8907
97.7746
86.5187
86.4199
76.7782
76.6932
68.4065
68.3335
61.2474
61.1852
55.1448
55.0916
49.9011
49.855
45.3126
45.272
41.2192
41.1826
37.5028
37.4693
34.101
34.0702
30.9679
30.9395
28.0872
28.0612
25.4602
25.4367
23.1023
23.0813
21.0133
20.9949
19.169
19.1526
17.5217
17.5069
16.0293
16.0159
14.6568
14.6444
13.385
13.3734
12.2017
12.191
11.1015
11.0916
10.0862
10.0771
9.16157
9.15331
8.33188
8.3245
7.59303
7.58644
6.93133
6.9254
6.32959
6.32415
5.77462
5.76958
5.25769
5.25296
4.77362
4.7692
4.31994
4.31581
3.89858
3.89477
3.51631
3.51293
2.98493
2.97715
2.30823
2.303
1.83867
1.83494
1.49611
1.49329
1.23881
1.23671
1.03981
1.03814
0.879557
0.878258
0.749349
0.748196
0.634918
0.633934
0.538895
-1.72744
-1.88531
-1.89999
-2.06822
-2.08387
-2.26396
-2.28076
-2.47497
-2.4932
-2.7056
-2.72568
-2.9614
-2.98379
-3.24776
-3.27284
-3.56704
-3.59483
-3.91839
-3.94874
-4.29943
-4.33217
-4.70879
-4.74387
-5.14758
-5.18518
-5.6189
-5.65936
-6.1285
-6.17259
-6.68549
-6.73395
-7.30363
-7.35783
-7.99834
-8.05959
-8.78003
-8.84846
-9.64869
-9.72415
-10.5988
-10.6807
-11.6256
-11.7138
-12.73
-12.8248
-13.9181
-14.0202
-15.2029
-15.3138
-16.6066
-16.7287
-18.1625
-18.2992
-19.914
-20.0685
-21.8969
-22.0715
-24.1253
-24.32
-26.5897
-26.8033
-29.2785
-29.5103
-32.1914
-32.4425
-35.3491
-35.6217
-38.792
-39.0907
-42.5864
-42.9182
-46.8323
-47.2074
-51.6813
-52.1143
-57.2986
-57.8008
-63.8076
-64.3874
-71.2988
-71.963
-79.8527
-80.6114
-89.6556
-90.5281
-101.026
-102.049
-114.48
-115.705
-130.75
-132.246
-150.891
-152.772
-175.988
-178.294
-206.196
-208.852
-238.259
-240.722
-261.977
-263.095
-260.719
-259.023
-217.294
-211.727
-129.364
-120.427
-11.8207
-1.56675
107.055
116.13
198.931
204.564
246.359
248.337
251.98
251.049
231.271
228.971
201.436
198.962
172.568
170.363
148.091
146.288
128.135
126.681
111.86
110.654
98.3421
97.3262
86.9032
86.0386
77.1087
76.3647
68.6902
68.0518
61.4894
60.9451
55.3517
54.8862
50.0801
49.677
45.4705
45.1148
41.3615
41.0407
37.6331
37.3398
34.2205
33.9512
31.078
30.8298
28.188
27.9607
25.5514
25.346
23.1838
23.0003
21.0851
20.9235
19.2326
19.0893
17.5789
17.45
16.0816
15.9637
14.7051
14.5963
13.4299
13.3287
12.2435
12.1493
11.1403
11.053
10.1218
10.0416
9.19366
9.12132
8.36055
8.29598
7.61862
7.561
6.95435
6.90244
6.35068
6.30314
5.79419
5.75008
5.27604
5.23471
4.79078
4.75209
4.33597
4.29982
3.91338
3.88003
3.52944
3.49988
3.0154
2.94728
2.32865
2.28288
1.85319
1.8206
1.50708
1.48256
1.24703
1.22861
1.04634
1.03165
0.884603
0.873237
0.753828
0.743745
0.638748
0.630135
0.5422
-1.74489
-1.76885
-1.79306
-1.81748
-1.84209
-1.86696
-1.91856
-1.94413
-1.96989
-1.9959
-2.02213
-2.04864
-2.10371
-2.13099
-2.15857
-2.18642
-2.21447
-2.24291
-2.30206
-2.33134
-2.361
-2.39102
-2.42138
-2.45217
-2.51637
-2.54829
-2.58069
-2.61354
-2.64678
-2.68055
-2.75122
-2.78649
-2.82242
-2.85889
-2.8959
-2.93346
-3.01231
-3.05184
-3.092
-3.13285
-3.17427
-3.21645
-3.30477
-3.34887
-3.39377
-3.43935
-3.48545
-3.5323
-3.63023
-3.67908
-3.72844
-3.77851
-3.82913
-3.88044
-3.98728
-4.04031
-4.09402
-4.14828
-4.20302
-4.25843
-4.37366
-4.4307
-4.48841
-4.54662
-4.60541
-4.66489
-4.78836
-4.84951
-4.91141
-4.97386
-5.03684
-5.10052
-5.23288
-5.29842
-5.36486
-5.432
-5.49983
-5.56828
-5.71079
-5.78161
-5.85329
-5.92582
-5.99897
-6.07334
-6.22856
-6.30577
-6.38391
-6.4632
-6.5434
-6.62496
-6.79561
-6.88093
-6.96742
-7.05547
-7.14514
-7.23602
-7.42689
-7.52256
-7.62013
-7.71922
-7.81977
-7.92217
-8.13755
-8.24531
-8.35495
-8.46646
-8.57951
-8.69455
-8.93553
-9.0557
-9.1779
-9.30181
-9.4272
-9.55451
-9.82004
-9.95206
-10.0859
-10.2212
-10.3579
-10.4964
-10.7847
-10.9276
-11.0723
-11.2185
-11.3661
-11.5153
-11.8257
-11.9795
-12.135
-12.2922
-12.4508
-12.6114
-12.945
-13.1102
-13.2775
-13.4465
-13.6172
-13.7902
-14.15
-14.3286
-14.5092
-14.6922
-14.8771
-15.0644
-15.4546
-15.6488
-15.8461
-16.0461
-16.2485
-16.4541
-16.8841
-17.0986
-17.3165
-17.538
-17.7633
-17.9923
-18.4733
-18.7143
-18.9591
-19.2086
-19.4627
-19.7214
-20.2653
-20.5378
-20.8161
-21.0992
-21.3867
-21.6793
-22.2941
-22.6018
-22.9148
-23.2324
-23.5546
-23.8821
-24.5675
-24.909
-25.2557
-25.6071
-25.9623
-26.3227
-27.0746
-27.4481
-27.8264
-28.2093
-28.5971
-28.9889
-29.8045
-30.2094
-30.6194
-31.0342
-31.4535
-31.8776
-32.7613
-33.2007
-33.645
-34.094
-34.5486
-35.0088
-35.9681
-36.4461
-36.9301
-37.4204
-37.9162
-38.4186
-39.4702
-39.9947
-40.5261
-41.0661
-41.6157
-42.1731
-43.3405
-43.925
-44.5188
-45.1234
-45.7394
-46.3657
-47.6854
-48.3494
-49.0286
-49.7199
-50.4255
-51.1443
-52.6679
-53.4361
-54.2195
-55.0194
-55.8372
-56.6745
-58.4415
-59.3327
-60.2429
-61.1717
-62.1201
-63.0867
-65.1278
-66.1564
-67.2046
-68.2728
-69.3613
-70.4721
-72.8092
-73.983
-75.1796
-76.3991
-77.6418
-78.9091
-81.5788
-82.9216
-84.2925
-85.6899
-87.1169
-88.5709
-91.6399
-93.1963
-94.7843
-96.4074
-98.0637
-99.7594
-103.36
-105.193
-107.057
-108.97
-110.932
-112.959
-117.272
-119.471
-121.732
-124.051
-126.434
-128.9
-134.173
-136.885
-139.678
-142.55
-145.52
-148.585
-155.183
-158.568
-162.058
-165.64
-169.336
-173.115
-181.26
-185.391
-189.632
-193.935
-198.359
-202.868
-212.182
-216.776
-221.414
-226.048
-230.571
-235.064
-243.708
-247.6
-251.333
-254.76
-257.779
-260.35
-264.162
-265.179
-265.615
-265.285
-264.245
-262.488
-256.403
-251.855
-246.217
-239.671
-232.14
-223.869
-204.244
-193.268
-181.477
-168.817
-155.015
-140.399
-108.885
-92.6214
-75.9578
-59.1133
-42.188
-24.6578
11.3628
28.6802
45.8661
62.8428
79.3656
95.4572
127.233
141.66
155.452
168.393
180.322
191.379
211.298
219.64
227.024
233.537
239.107
243.51
250.287
252.411
253.657
254.124
253.795
252.869
249.512
247.048
244.311
241.279
237.867
234.116
226.015
221.8
217.526
213.253
208.94
204.559
195.867
191.644
187.483
183.396
179.358
175.392
167.627
164.012
160.46
157.006
153.66
150.404
144.059
141.093
138.202
135.392
132.67
130.029
124.865
122.457
120.093
117.792
115.555
113.404
109.156
107.15
105.2
103.301
101.45
99.6414
96.0661
94.3806
92.7373
91.1291
89.5533
88.0104
84.9641
83.5232
82.1132
80.7337
79.384
78.0609
75.4401
74.2006
72.9885
71.7995
70.6397
69.5055
67.2591
66.1986
65.1608
64.148
63.1562
62.1855
60.2699
59.366
58.4814
57.6168
56.7729
55.9464
54.3085
53.5346
52.7774
52.0347
51.3079
50.5939
49.1755
48.502
47.8406
47.1907
46.5519
45.9238
44.671
44.0738
43.4858
42.9057
42.3332
41.769
40.6397
40.0987
39.5653
39.0388
38.5195
38.006
36.9742
36.4801
35.9916
35.5096
35.0332
34.5623
33.6148
33.1595
32.71
32.266
31.827
31.393
30.5196
30.1013
29.6877
29.279
28.8754
28.4767
27.6768
27.2932
26.9151
26.5423
26.1749
25.8138
25.0895
24.7435
24.4038
24.0695
23.7406
23.4175
22.7715
22.4646
22.1638
21.8678
21.5767
21.2913
20.7223
20.4513
20.1854
19.924
19.6667
19.4147
18.9103
18.6693
18.4328
18.1994
17.9696
17.7429
17.2889
17.0715
16.8574
16.6459
16.437
16.2311
15.8161
15.617
15.4204
15.2258
15.0333
14.8432
14.4602
14.276
14.0941
13.9136
13.7348
13.5582
13.202
13.0307
12.8614
12.6935
12.527
12.3629
12.0315
11.8718
11.7141
11.5579
11.4035
11.2511
10.9438
10.7962
10.6506
10.5064
10.3639
10.2235
9.94151
9.80661
9.67374
9.54238
9.41292
9.28568
9.03092
8.90944
8.7899
8.67209
8.55638
8.44274
8.2155
8.10716
8.00096
7.89634
7.79316
7.69183
7.48934
7.39269
7.29762
7.20376
7.1113
7.02032
6.8376
6.75011
6.66389
6.57864
6.49444
6.41106
6.24365
6.16322
6.08382
6.00502
5.92714
5.85014
5.69482
5.62
5.54612
5.47281
5.40018
5.32835
5.18308
5.11323
5.04387
4.97519
4.90714
4.83979
4.70365
4.63807
4.57321
4.50884
4.445
4.38186
4.25461
4.19341
4.13302
4.07321
4.0141
3.95578
3.83838
3.78235
3.72714
3.67273
3.61944
3.56718
3.46318
3.41394
3.36593
3.3189
3.23323
3.10471
2.86516
2.7583
2.6582
2.56334
2.47337
2.38819
2.22699
2.154
2.08454
2.01815
1.95495
1.89528
1.78059
1.72792
1.67734
1.62891
1.58263
1.53855
1.45308
1.41397
1.37619
1.33971
1.3046
1.27089
1.20605
1.17627
1.14724
1.11902
1.09166
1.0652
1.01344
0.989206
0.965731
0.942936
0.920839
0.899512
0.859061
0.83997
0.821211
0.802722
0.784558
0.766696
0.731205
0.714347
0.697655
0.681329
0.665396
0.649882
0.61946
0.605232
0.591351
0.577841
0.564701
0.551668
