-1.8558
-2.11834
-2.40695
-2.73217
-3.11282
-3.56455
-4.08302
-4.65883
-5.2917
-5.991
-6.78002
-7.70414
-8.81229
-10.1047
-11.5543
-13.1552
-14.9275
-16.9256
-19.2611
-22.0821
-25.431
-29.2428
-33.5007
-38.2722
-43.7295
-50.222
-58.3124
-68.4279
-80.7745
-95.901
-115.132
-141.052
-178.244
-231.779
-292.264
-307.407
-208.618
-6.92333
195.252
294.431
281.522
224.191
173.22
137.114
111.475
92.2736
77.2172
65.2219
55.8077
48.3716
42.2055
36.8655
32.1285
27.9049
24.2006
21.0775
18.4971
16.293
14.3395
12.5759
10.9776
9.54926
8.31923
7.28897
6.40587
5.61973
4.90416
4.24914
3.65875
2.97325
2.0639
1.52449
1.16914
0.915523
0.728303
-1.85662
-2.11744
-2.11924
-2.40595
-2.40795
-2.73102
-2.73332
-3.11145
-3.11418
-3.56294
-3.56615
-4.08122
-4.08482
-4.65685
-4.66081
-5.28952
-5.29388
-5.98857
-5.99342
-6.77724
-6.7828
-7.7008
-7.70746
-8.80834
-8.81625
-10.1002
-10.1092
-11.5493
-11.5593
-13.1497
-13.1607
-14.9213
-14.9336
-16.9186
-16.9327
-19.2527
-19.2695
-22.072
-22.0923
-25.4193
-25.4428
-29.2296
-29.2561
-33.4859
-33.5155
-38.2555
-38.2889
-43.7101
-43.7489
-50.1983
-50.2456
-58.2826
-58.3421
-68.3912
-68.4646
-80.7298
-80.8191
-95.8455
-95.9566
-115.06
-115.204
-140.952
-141.152
-178.098
-178.39
-231.578
-231.981
-292.099
-292.429
-307.518
-307.295
-209.149
-208.086
-7.65368
-6.19271
194.718
195.784
294.317
294.543
281.676
281.367
224.381
224
173.362
173.078
137.212
137.015
111.547
111.403
92.3289
92.2183
77.2613
77.1731
65.2568
65.1871
55.8349
55.7804
48.3936
48.3496
42.2242
42.1868
36.8819
36.849
32.1432
32.1139
27.9179
27.8919
24.2119
24.1894
21.0868
21.0682
18.5048
18.4893
16.2998
16.2862
14.3455
14.3334
12.5814
12.5703
10.9826
10.9726
9.55364
9.54488
8.32292
8.31555
7.29207
7.28586
6.40859
6.40315
5.62219
5.61728
4.90641
4.90191
4.25119
4.24709
3.66056
3.65694
2.97724
2.96928
2.06613
2.06168
1.52592
1.52306
1.17011
1.16817
0.916228
0.914819
0.728864
-1.86406
-2.10935
-2.12736
-2.39696
-2.41698
-2.72073
-2.74367
-3.09922
-3.12648
-3.54859
-3.58058
-4.06505
-4.10105
-4.63904
-4.67866
-5.26994
-5.31353
-5.9668
-6.01531
-6.75227
-6.80791
-7.67089
-7.73742
-8.77278
-8.85195
-10.0596
-10.1499
-11.5044
-11.6045
-13.1001
-13.2105
-14.8661
-14.989
-16.8555
-16.9961
-19.1773
-19.3453
-21.9809
-22.1841
-25.3136
-25.5491
-29.1107
-29.3754
-33.3534
-33.6487
-38.1059
-38.4392
-43.5362
-43.9234
-49.9868
-50.459
-58.016
-58.6111
-68.0618
-68.7964
-80.3297
-81.2222
-95.3477
-96.4582
-114.414
-115.857
-140.051
-142.06
-176.784
-179.718
-229.771
-233.796
-290.593
-293.891
-308.446
-306.226
-213.91
-203.24
-14.1867
0.39457
189.847
200.509
293.239
295.502
283.035
279.94
226.102
222.291
174.646
171.813
138.104
136.134
112.198
110.76
92.8293
91.7218
77.6599
76.778
65.5723
64.8744
56.0809
55.5361
48.5922
48.1523
42.3931
42.0188
37.0303
36.7011
32.2756
31.982
28.0357
27.7748
24.3134
24.0886
21.1708
20.9849
18.5749
18.4195
16.361
16.2253
14.4004
14.2788
12.6312
12.5207
11.0275
10.9279
9.59319
9.50555
8.35624
8.28247
7.32011
7.25795
6.43312
6.37872
5.64434
5.5952
4.92666
4.88171
4.26969
4.22866
3.67691
3.64069
3.01372
2.93386
2.08636
2.04185
1.5389
1.51032
1.17874
1.15947
0.922606
0.908521
0.733921
-1.88949
-1.92701
-1.965
-2.00351
-2.04247
-2.08197
-2.15515
-2.19616
-2.2378
-2.28013
-2.32306
-2.36663
-2.44792
-2.49365
-2.54028
-2.58794
-2.63649
-2.68609
-2.77925
-2.83224
-2.88654
-2.94232
-2.99944
-3.05812
-3.16882
-3.23192
-3.29655
-3.3629
-3.43078
-3.50021
-3.63009
-3.70354
-3.77831
-3.85442
-3.9318
-4.01046
-4.1566
-4.23867
-4.32191
-4.40642
-4.49208
-4.57886
-4.73977
-4.83
-4.92148
-5.01432
-5.10842
-5.20379
-5.38077
-5.48003
-5.58082
-5.68336
-5.78754
-5.89328
-6.09027
-6.2014
-6.31457
-6.43006
-6.54798
-6.6682
-6.89419
-7.02266
-7.15431
-7.28944
-7.42832
-7.57089
-7.84055
-7.99465
-8.15296
-8.31568
-8.48231
-8.65312
-8.97472
-9.15699
-9.34306
-9.53303
-9.72625
-9.92289
-10.2894
-10.4956
-10.705
-10.9178
-11.1335
-11.3525
-11.7588
-11.9868
-12.218
-12.4529
-12.6909
-12.9325
-13.3808
-13.6325
-13.8878
-14.1476
-14.4114
-14.6795
-15.179
-15.4603
-15.7471
-16.0401
-16.3381
-16.6425
-17.2141
-17.539
-17.8716
-18.2133
-18.5638
-18.9243
-19.6066
-19.9974
-20.3991
-20.8129
-21.2384
-21.6748
-22.4996
-22.9694
-23.4502
-23.9423
-24.4446
-24.9569
-25.9137
-26.4539
-27.0034
-27.5632
-28.1316
-28.7096
-29.7841
-30.3887
-31.003
-31.627
-32.2613
-32.906
-34.1052
-34.7806
-35.4675
-36.1665
-36.8775
-37.6017
-38.9555
-39.7209
-40.5024
-41.3007
-42.1171
-42.9529
-44.5257
-45.422
-46.3444
-47.2936
-48.2714
-49.2792
-51.1961
-52.3008
-53.4449
-54.6301
-55.8548
-57.1231
-59.538
-60.9277
-62.3672
-63.851
-65.3799
-66.9548
-69.9381
-71.6448
-73.4017
-75.2103
-77.0731
-78.9867
-82.6104
-84.6906
-86.8341
-89.0452
-91.3276
-93.6858
-98.1866
-100.792
-103.496
-106.301
-109.22
-112.262
-118.12
-121.551
-125.156
-128.93
-132.889
-137.059
-145.215
-150.044
-155.189
-160.61
-166.347
-172.419
-184.372
-191.452
-198.966
-206.854
-215.086
-223.682
-240.036
-249.176
-258.504
-267.714
-276.741
-285.221
-298.621
-304.464
-308.958
-311.94
-312.69
-311.055
-301.678
-292.911
-281.369
-266.725
-249.376
-229.14
-186.11
-159.204
-130.538
-100.298
-68.7412
-36.4795
22.8104
55.0368
86.5691
116.997
145.512
172.604
215.659
235.803
253.478
268.023
279.6
288.734
298.091
299.861
299.327
297.032
292.877
287.293
274.677
266.518
258.224
249.485
240.671
231.986
216.53
208.341
200.538
193.031
185.886
179.094
167.624
161.756
156.206
150.926
145.939
141.207
133.201
129.083
125.165
121.432
117.865
114.45
108.61
105.583
102.659
99.8551
97.1594
94.5581
90.0607
87.7053
85.4285
83.2242
81.0926
79.0336
75.4542
73.5762
71.7598
70.0018
68.3015
66.662
63.8265
62.3412
60.9144
59.5398
58.21
56.9305
54.7197
53.5616
52.4397
51.3531
50.3
49.2764
47.49
46.5427
45.6186
44.7167
43.8352
42.9729
41.4531
40.6403
39.843
39.0608
38.2932
37.5387
36.2024
35.4844
34.7784
34.0835
33.4004
32.7289
31.5371
30.8964
30.2661
29.6467
29.0377
28.4392
27.3805
26.8132
26.2576
25.7136
25.1819
24.6623
23.7497
23.2662
22.7957
22.338
21.8928
21.4604
20.7052
20.3071
19.9197
19.5419
19.1741
18.8157
18.1845
17.8485
17.5198
17.1968
16.8805
16.5704
16.0198
15.7243
15.4337
15.1475
14.8659
14.5882
14.0941
13.8283
13.5662
13.3076
13.0527
12.8015
12.3533
12.1121
11.8743
11.6395
11.4085
11.1814
10.7768
10.5597
10.3462
10.1362
9.93054
9.72893
9.37313
9.18367
8.99872
8.81817
8.6423
8.47102
8.17082
8.0119
7.85743
7.70679
7.55978
7.41641
7.16407
7.02951
6.89769
6.76842
6.64169
6.51719
6.29628
6.17756
6.06066
5.94545
5.83199
5.7201
5.52062
5.41299
5.30673
5.20169
5.09814
4.99596
4.81342
4.71481
4.61746
4.52124
4.42646
4.33299
4.16641
4.07665
3.98838
3.90156
3.81645
3.73312
3.58618
3.50811
3.43224
3.35888
3.28805
3.14342
2.81803
2.66161
2.51918
2.38834
2.26841
2.15761
1.97678
1.88692
1.80371
1.72539
1.65211
1.58389
1.46858
1.41158
1.35665
1.30441
1.25509
1.20876
1.13048
1.08977
1.05096
1.01389
0.978509
0.944785
0.887699
0.859103
0.83117
0.803869
0.777262
0.751319
