-2.75038
-2.96061
-3.19624
-3.45937
-3.74623
-4.05289
-4.37678
-4.71847
-5.07753
-5.45648
-5.85676
-6.28216
-6.73948
-7.2377
-7.79531
-8.42556
-9.125
-9.88334
-10.6913
-11.5435
-12.4446
-13.3948
-14.4002
-15.4678
-16.6084
-17.847
-19.2186
-20.7702
-22.5271
-24.4632
-26.5503
-28.7739
-31.1324
-33.6354
-36.2944
-39.1382
-42.1961
-45.5301
-49.2213
-53.4341
-58.318
-63.9011
-70.165
-77.0986
-84.7702
-93.3565
-103.063
-114.234
-127.325
-143.073
-162.49
-187.019
-217.932
-254.292
-289.915
-309.715
-295.41
-235.743
-133.567
-6.75762
120
221.916
281.837
296.436
277.615
244.271
210.439
181.557
158.175
139.255
123.681
110.618
99.4352
89.6976
81.1034
73.461
66.695
60.8086
55.7575
51.3923
47.5213
44.0027
40.7575
37.7406
34.9151
32.2591
29.76
27.4142
25.2279
23.2299
21.4529
19.8885
18.4873
17.2045
16.0081
14.8849
13.8233
12.8168
11.8639
10.9605
10.1095
9.31676
8.59641
7.95545
7.38299
6.86144
6.37652
5.91964
5.48683
5.07454
4.68141
4.30588
3.94721
3.60573
3.27502
2.74485
2.23262
1.85187
1.56081
1.33324
-2.75152
-2.95934
-2.96187
-3.19481
-3.19767
-3.4578
-3.46095
-3.74453
-3.74792
-4.05109
-4.0547
-4.37489
-4.37868
-4.71647
-4.72048
-5.07542
-5.07964
-5.4542
-5.45871
-5.85441
-5.85904
-6.27962
-6.28478
-6.73676
-6.74219
-7.2347
-7.2407
-7.79193
-7.79869
-8.42173
-8.42939
-9.12082
-9.12918
-9.87887
-9.88781
-10.6865
-10.696
-11.5385
-11.5485
-12.4393
-12.4499
-13.3892
-13.4004
-14.3943
-14.4062
-15.4616
-15.4739
-16.6014
-16.6154
-17.8396
-17.8544
-19.2103
-19.2269
-20.7608
-20.7796
-22.5165
-22.5377
-24.4517
-24.4747
-26.538
-26.5626
-28.7609
-28.787
-31.1185
-31.1463
-33.6207
-33.6502
-36.2787
-36.3101
-39.1214
-39.1551
-42.1779
-42.2143
-45.5101
-45.55
-49.1989
-49.2438
-53.4084
-53.4599
-58.2879
-58.3481
-63.8674
-63.9349
-70.1272
-70.2028
-77.0569
-77.1402
-84.724
-84.8165
-93.3047
-93.4084
-103.003
-103.122
-114.165
-114.303
-127.243
-127.406
-142.974
-143.172
-162.367
-162.614
-186.862
-187.177
-217.739
-218.126
-254.074
-254.51
-289.739
-290.091
-309.684
-309.745
-295.596
-295.222
-236.222
-235.263
-134.25
-132.883
-7.50492
-6.01031
119.315
120.684
221.446
222.383
281.638
282.034
296.459
296.413
277.783
277.447
244.468
244.074
210.618
210.26
181.706
181.408
158.295
158.055
139.353
139.157
123.762
123.6
110.687
110.549
99.4946
99.3758
89.7498
89.6455
81.1497
81.0572
73.5022
73.4198
66.7312
66.6588
60.84
60.7773
55.7841
55.7308
51.4156
51.3689
47.5423
47.5002
44.022
43.9834
40.7753
40.7396
37.7577
37.7237
34.9308
34.8995
32.2738
32.2444
29.7739
29.7461
27.4272
27.4012
25.2398
25.2159
23.2407
23.2191
21.4624
21.4435
19.8969
19.88
18.4949
18.4796
17.2115
17.1974
16.0147
16.0015
14.8911
14.8787
13.8292
13.8174
12.8224
12.8112
11.8692
11.8585
10.9655
10.9557
10.1142
10.1048
9.3211
9.31243
8.60029
8.59254
7.9589
7.95201
7.3861
7.37988
6.8643
6.85859
6.37921
6.37383
5.92216
5.91712
5.48924
5.48442
5.07684
5.07224
4.68361
4.67922
4.30801
4.30374
3.94921
3.94522
3.60764
3.60381
3.2769
3.27314
2.74822
2.74149
2.23514
2.23011
1.85377
1.84998
1.56228
1.55934
1.3344
-2.75982
-2.9502
-2.97107
-3.18446
-3.20802
-3.4464
-3.4724
-3.73225
-3.76024
-4.03804
-4.06778
-4.36116
-4.39244
-4.70194
-4.73503
-5.0603
-5.09495
-5.43801
-5.47485
-5.83736
-5.87609
-6.26146
-6.30309
-6.71713
-6.7619
-7.21298
-7.26255
-7.7675
-7.82328
-8.39404
-8.45722
-9.09054
-9.15956
-9.8465
-9.92029
-10.6522
-10.7304
-11.5021
-11.585
-12.4011
-12.4882
-13.349
-13.441
-14.3513
-14.4491
-15.416
-15.5193
-16.5525
-16.6647
-17.7861
-17.9082
-19.1501
-19.2874
-20.6928
-20.8487
-22.4401
-22.6145
-24.3684
-24.5583
-26.4488
-26.6521
-28.6662
-28.882
-31.0178
-31.2473
-33.5141
-33.7572
-36.1651
-36.4241
-38.9995
-39.2773
-42.0478
-42.3463
-45.3641
-45.6951
-49.0367
-49.4073
-53.2225
-53.6478
-58.0708
-58.5638
-63.6234
-64.1816
-69.8542
-70.4752
-76.7556
-77.4439
-84.3895
-85.1531
-92.93
-93.7854
-102.575
-103.553
-113.667
-114.805
-126.655
-128
-142.25
-143.897
-161.481
-163.515
-185.724
-188.325
-216.376
-219.54
-252.513
-256.085
-288.52
-291.348
-309.421
-310.169
-296.91
-293.508
-239.647
-231.724
-139.178
-127.801
-12.923
-0.59242
114.325
125.623
217.997
225.723
280.16
283.424
296.584
296.207
278.986
276.169
245.899
242.541
211.917
208.964
182.809
180.333
159.151
157.192
140.067
138.45
124.35
123.023
111.188
110.05
99.927
98.947
90.1288
89.2689
81.4865
80.7227
73.802
73.1218
66.9945
66.3976
61.0681
60.5508
55.9783
55.5382
51.5855
51.2002
47.6952
47.3482
44.1631
43.8438
40.9048
40.6106
37.8793
37.6031
35.0443
34.7862
32.3805
32.1379
29.8747
29.6463
27.5212
27.3075
25.3267
25.1295
23.3193
23.1411
21.5312
21.3747
19.9581
19.8191
18.5505
18.4243
17.2629
17.1462
16.0629
15.9534
14.9364
14.8335
13.8725
13.7745
12.863
12.7707
11.9077
11.8199
11.0019
10.9195
10.1484
10.0706
9.35263
9.28104
8.62847
8.56432
7.98395
7.92707
7.40867
7.3574
6.88507
6.8379
6.39874
6.35435
5.94044
5.89888
5.50675
5.46695
5.09356
5.05555
4.69954
4.66332
4.32326
4.28846
3.96371
3.93077
3.62147
3.58996
3.29057
3.25958
2.77284
2.71728
2.25353
2.21204
1.86763
1.83632
1.573
1.54877
1.34285
-2.78123
-2.80947
-2.83829
-2.86747
-2.89697
-2.92687
-2.99498
-3.02659
-3.05869
-3.09118
-3.12443
-3.15804
-3.23475
-3.27049
-3.30633
-3.34281
-3.37992
-3.41736
-3.50191
-3.54074
-3.58026
-3.61999
-3.66026
-3.70082
-3.79222
-3.83405
-3.87606
-3.91863
-3.96144
-4.00459
-4.10138
-4.14579
-4.19051
-4.23537
-4.28048
-4.32601
-4.4279
-4.47461
-4.52151
-4.56893
-4.61662
-4.66466
-4.77245
-4.82126
-4.87073
-4.92037
-4.9707
-5.02135
-5.13437
-5.18623
-5.23827
-5.29093
-5.34368
-5.39676
-5.51654
-5.57086
-5.62605
-5.68157
-5.73724
-5.79378
-5.92031
-5.97842
-6.03676
-6.09549
-6.15518
-6.21497
-6.3501
-6.41192
-6.47452
-6.53791
-6.60177
-6.66693
-6.81238
-6.87941
-6.94767
-7.01654
-7.0867
-7.15771
-7.31907
-7.39381
-7.46983
-7.54677
-7.62529
-7.70495
-7.88674
-7.97143
-8.05702
-8.14493
-8.23327
-8.32388
-8.52881
-8.62318
-8.71877
-8.8158
-8.91407
-9.01316
-9.23791
-9.34115
-9.44513
-9.55009
-9.6563
-9.76378
-10.0044
-10.1144
-10.2252
-10.3375
-10.4501
-10.5638
-10.8188
-10.935
-11.0526
-11.1705
-11.2892
-11.4092
-11.679
-11.802
-11.9261
-12.0513
-12.1771
-12.3033
-12.5866
-12.7166
-12.8477
-12.9789
-13.1116
-13.2458
-13.5459
-13.6828
-13.8205
-13.9602
-14.1005
-14.2415
-14.5599
-14.7045
-14.8513
-14.9992
-15.1483
-15.2994
-15.6367
-15.7923
-15.9485
-16.1065
-16.2669
-16.4277
-16.7919
-16.9589
-17.1294
-17.3006
-17.4734
-17.6495
-18.0479
-18.2326
-18.4197
-18.6083
-18.801
-18.9968
-19.4441
-19.6515
-19.8614
-20.0772
-20.2967
-20.5197
-21.0277
-21.2624
-21.5039
-21.7465
-21.9942
-22.2449
-22.8131
-23.0747
-23.3392
-23.6083
-23.8801
-24.1554
-24.7738
-25.0582
-25.3458
-25.6342
-25.9268
-26.2219
-26.8835
-27.1855
-27.4925
-27.8015
-28.1112
-28.4234
-29.126
-29.4466
-29.7707
-30.0977
-30.4279
-30.7605
-31.5085
-31.8497
-32.1916
-32.5384
-32.8872
-33.2401
-34.0325
-34.3943
-34.7597
-35.1281
-35.5005
-35.8753
-36.7185
-37.1053
-37.4953
-37.8901
-38.2884
-38.6882
-39.592
-40.0076
-40.4281
-40.8513
-41.2769
-41.7112
-42.6889
-43.1378
-43.5912
-44.0527
-44.5213
-44.9942
-46.0704
-46.5622
-47.0639
-47.5767
-48.0958
-48.6244
-49.8313
-50.3928
-50.9654
-51.5493
-52.1419
-52.7491
-54.1374
-54.7875
-55.4501
-56.1245
-56.8166
-57.5181
-59.1319
-59.8801
-60.6401
-61.4131
-62.2005
-63.0019
-64.8211
-65.6644
-66.5205
-67.386
-68.2648
-69.1579
-71.1833
-72.1179
-73.0647
-74.024
-74.9991
-75.9866
-78.2261
-79.2567
-80.3023
-81.367
-82.4454
-83.5373
-86.0256
-87.1767
-88.3476
-89.5397
-90.7485
-91.9747
-94.7643
-96.0609
-97.3833
-98.7257
-100.096
-101.489
-104.677
-106.16
-107.67
-109.215
-110.789
-112.402
-116.105
-117.836
-119.608
-121.411
-123.264
-125.169
-129.553
-131.617
-133.729
-135.915
-138.155
-140.44
-145.779
-148.309
-150.934
-153.613
-156.376
-159.237
-165.886
-169.073
-172.33
-175.735
-179.259
-182.853
-191.308
-195.325
-199.505
-203.809
-208.19
-212.786
-223.263
-228.109
-233.176
-238.194
-243.399
-248.546
-260.113
-265.279
-270.488
-275.589
-280.405
-285.112
-294.438
-298.255
-301.547
-304.221
-306.798
-308.444
-310.399
-309.798
-308.922
-306.616
-303.449
-299.981
-289.203
-283.052
-275.885
-267.673
-258.338
-248.066
-222.282
-209.23
-195.673
-181.801
-166.86
-151.455
-115.011
-98.0804
-80.5158
-62.752
-44.9388
-26.8464
13.3552
31.4036
49.1947
66.9575
84.3204
101.341
137.802
153.364
168.234
182.258
195.718
208.905
234.24
244.118
253.238
261.797
269.424
275.578
286.461
290.187
293.151
295.093
296.347
296.794
295.38
293.646
291.481
288.781
285.446
281.922
272.798
268.179
263.866
259.201
254.537
249.609
238.786
234.025
229.231
224.54
219.907
215.341
205.658
201.447
197.375
193.348
189.428
185.646
177.628
174.226
170.861
167.625
164.506
161.428
155.004
152.219
149.539
146.921
144.377
141.926
136.663
134.398
132.185
130.027
127.933
125.884
121.536
119.634
117.791
115.985
114.212
112.487
108.788
107.181
105.6
104.053
102.54
101.05
97.8582
96.4592
95.086
93.7395
92.4129
91.1115
88.3103
87.0825
85.8711
84.6795
83.5093
82.3587
79.8707
78.7776
77.7028
76.6449
75.6059
74.5796
72.3652
71.3966
70.443
69.5052
68.5838
67.6784
65.7336
64.8845
64.0505
63.2346
62.4363
61.6583
59.9785
59.2443
58.5337
57.8331
57.1546
56.4838
55.0486
54.4201
53.805
53.2016
52.6061
52.0251
50.7707
50.2173
49.673
49.1386
48.6116
48.0891
46.9604
46.46
45.9681
45.4794
44.9998
44.5253
43.4873
43.0302
42.5755
42.1258
41.681
41.2405
40.2807
39.8561
39.4363
39.0189
38.6024
38.192
37.295
36.8978
36.5019
36.1106
35.7224
35.3372
34.4963
34.1217
33.7507
33.383
33.018
32.656
31.8649
31.5136
31.1649
30.8181
30.4757
30.1356
29.3906
29.059
28.7309
28.4059
28.0825
27.7632
27.067
26.7586
26.4514
26.1473
25.8474
25.5515
24.9091
24.6239
24.3415
24.0643
23.791
23.5226
22.9422
22.6858
22.437
22.1904
21.9485
21.7098
21.1988
20.9771
20.7555
20.5389
20.3262
20.1166
19.6635
19.4635
19.2674
19.0738
18.8829
18.6939
18.2837
18.1029
17.9225
17.7452
17.5693
17.3947
17.0151
16.8467
16.6799
16.5135
16.3495
16.1872
15.8305
15.6721
15.5153
15.3602
15.2055
15.0525
14.7178
14.5679
14.4204
14.2734
14.1272
13.9828
13.6645
13.5229
13.3825
13.2435
13.105
12.9676
12.667
12.5333
12.4005
12.2684
12.1369
12.0069
11.7221
11.5951
11.4688
11.3431
11.2192
11.0957
10.8265
10.706
10.5869
10.4691
10.352
10.2367
9.98324
9.87099
9.75984
9.64996
9.54144
9.43405
9.20091
9.09806
8.99688
8.89698
8.79859
8.70128
8.49263
8.4007
8.30999
8.22163
8.13412
8.04902
7.86381
7.78188
7.70181
7.62266
7.54457
7.46708
7.30009
7.22662
7.15369
7.08137
7.00983
6.93885
6.78499
6.71654
6.64867
6.58185
6.51522
6.44899
6.30447
6.24025
6.17654
6.11321
6.05038
5.98793
5.85203
5.79131
5.73062
5.67044
5.61093
5.55166
5.42214
5.36405
5.30662
5.2496
5.19278
5.13659
5.01281
4.95769
4.90296
4.84858
4.79425
4.74041
4.62266
4.56985
4.51747
4.46531
4.41369
4.36246
4.24935
4.19903
4.14906
4.09939
4.05015
4.00103
3.89374
3.84587
3.79826
3.75079
3.70377
3.65708
3.55456
3.50849
3.46276
3.417
3.3713
3.32573
3.22504
3.18078
3.09759
3.01067
2.92244
2.8372
2.65679
2.57978
2.50575
2.43492
2.36707
2.30183
2.16673
2.11
2.05586
2.00347
1.95293
1.90392
1.80194
1.75896
1.71792
1.67759
1.63862
1.601
1.52216
1.4885
1.45616
1.42434
1.39412
1.36488
