-2.23958
-2.45524
-2.6908
-2.95469
-3.25468
-3.59364
-3.96766
-4.372
-4.80523
-5.26863
-5.76634
-6.30516
-6.89847
-7.56728
-8.33363
-9.20371
-10.1665
-11.2101
-12.3312
-13.5339
-14.8299
-16.2391
-17.7998
-19.5713
-21.6146
-23.9448
-26.5343
-29.3557
-32.4077
-35.7113
-39.3144
-43.2942
-47.7903
-53.0191
-59.2121
-66.4989
-74.9218
-84.6114
-95.8629
-109.224
-125.556
-146.274
-173.427
-209.284
-253.611
-296.402
-311.924
-270.104
-160.865
-6.91764
147.291
256.612
298.671
284.686
244.602
202.868
168.65
142.272
121.856
105.588
92.2299
80.9986
71.4473
63.3663
56.6216
50.9692
46.1052
41.7961
37.8984
34.3285
31.0398
28.011
25.2501
22.79
20.6481
18.7873
17.1345
15.6315
14.2444
12.955
11.7518
10.6335
9.60604
8.68382
7.87371
7.16213
6.52361
5.9374
5.39156
4.88013
4.39946
3.94988
3.53725
3.04714
2.31378
1.82434
1.47575
1.21717
1.01549
0.856872
-2.24052
-2.45423
-2.45626
-2.68968
-2.69193
-2.95342
-2.95596
-3.25323
-3.25613
-3.59202
-3.59526
-3.9659
-3.96942
-4.37011
-4.3739
-4.8032
-4.80726
-5.26646
-5.2708
-5.76401
-5.76868
-6.30261
-6.30771
-6.89563
-6.90131
-7.56405
-7.57052
-8.32992
-8.33733
-9.19956
-9.20788
-10.1619
-10.171
-11.2052
-11.215
-12.3259
-12.3364
-13.5282
-13.5395
-14.8238
-14.836
-16.2325
-16.2458
-17.7923
-17.8073
-19.5627
-19.5799
-21.6047
-21.6245
-23.9337
-23.956
-26.522
-26.5465
-29.3425
-29.369
-32.3934
-32.4221
-35.6957
-35.7269
-39.2974
-39.3315
-43.2752
-43.3132
-47.7685
-47.812
-52.9934
-53.0448
-59.1817
-59.2426
-66.4635
-66.5344
-74.881
-74.9626
-84.5643
-84.6585
-95.8077
-95.918
-109.157
-109.29
-125.473
-125.638
-146.167
-146.38
-173.287
-173.568
-209.101
-209.467
-253.399
-253.824
-296.23
-296.574
-311.959
-311.887
-270.454
-269.753
-161.486
-160.244
-7.6556
-6.17997
146.675
147.907
256.269
256.953
298.626
298.715
284.832
284.539
244.797
244.406
203.043
202.692
168.786
168.514
142.375
142.169
121.937
121.774
105.654
105.522
92.2851
92.1747
81.0454
80.9519
71.4871
71.4076
63.3998
63.3328
56.6494
56.5938
50.9928
50.9457
46.1258
46.0846
41.8146
41.7776
37.9153
37.8816
34.344
34.313
31.0541
31.0255
28.0241
27.9979
25.2619
25.2382
22.8004
22.7796
20.6571
20.6391
18.7952
18.7795
17.1417
17.1274
15.638
15.625
14.2506
14.2383
12.9606
12.9493
11.7571
11.7466
10.6383
10.6286
9.61048
9.60161
8.68774
8.6799
7.87714
7.87029
7.16516
7.1591
6.52637
6.52085
5.93996
5.93485
5.39395
5.38917
4.88237
4.87788
4.40156
4.39735
3.95184
3.94793
3.53901
3.53548
3.05123
3.04299
2.31645
2.31112
1.82618
1.82251
1.47709
1.4744
1.21818
1.21616
1.0163
1.01468
0.857504
-2.2478
-2.44637
-2.46414
-2.681
-2.70065
-2.9436
-2.96584
-3.24208
-3.26737
-3.57953
-3.60782
-3.95225
-3.9831
-4.35547
-4.38861
-4.78748
-4.82303
-5.24966
-5.28766
-5.74593
-5.78682
-6.28292
-6.32749
-6.87367
-6.92337
-7.53906
-7.59566
-8.30128
-8.36614
-9.16738
-9.24019
-10.1268
-10.2063
-11.1673
-11.253
-12.2852
-12.3772
-13.4845
-13.5833
-14.7767
-14.8834
-16.1808
-16.2978
-17.7345
-17.8655
-19.4963
-19.647
-21.5282
-21.7014
-23.8474
-24.0427
-26.4272
-26.6417
-29.2396
-29.4721
-32.2823
-32.5333
-35.5752
-35.8478
-39.1653
-39.4641
-43.1281
-43.4611
-47.6005
-47.9812
-52.7951
-53.2446
-58.9465
-59.4795
-66.1893
-66.8097
-74.5657
-75.2797
-84.2004
-85.0244
-95.3818
-96.3472
-108.645
-109.807
-124.837
-126.282
-145.342
-147.21
-172.203
-174.664
-207.694
-210.897
-251.754
-255.475
-294.896
-297.761
-312.198
-311.566
-273.112
-266.974
-166.267
-155.405
-13.3444
-0.47223
141.82
152.689
253.568
259.549
298.232
299.017
285.938
283.395
246.313
242.863
204.409
201.337
169.847
167.467
143.183
141.368
122.574
121.144
106.171
105.01
92.7141
91.7489
81.4091
80.5906
71.7966
71.0992
63.6598
63.0744
56.8661
56.3791
51.1757
50.764
46.286
45.9248
41.9581
41.6349
38.0463
37.751
34.4641
34.1934
31.1651
30.915
28.126
27.8965
25.3541
25.1466
22.8813
22.6991
20.727
20.5695
18.8563
18.7186
17.1969
17.0726
15.6888
15.5746
14.2977
14.1916
13.0042
12.9056
11.7979
11.7059
10.6761
10.591
9.6449
9.56739
8.7182
8.64964
7.90374
7.84385
7.1887
7.13569
6.54779
6.4995
5.95981
5.91502
5.41247
5.37068
4.89981
4.86051
4.41791
4.38105
3.96701
3.9328
3.55272
3.52183
3.08345
3.01107
2.33727
2.29061
1.84052
1.80841
1.48762
1.46408
1.2261
1.20835
1.02261
1.00843
0.862409
-2.26933
-2.29945
-2.32991
-2.3607
-2.39185
-2.42338
-2.4875
-2.52021
-2.55337
-2.58705
-2.62108
-2.65567
-2.72655
-2.76293
-2.79998
-2.83765
-2.87586
-2.91485
-2.99511
-3.03633
-3.07844
-3.12127
-3.16495
-3.20947
-3.30071
-3.34751
-3.39527
-3.44382
-3.49311
-3.54304
-3.64503
-3.69713
-3.75004
-3.80352
-3.85766
-3.91235
-4.02359
-4.08011
-4.13738
-4.19522
-4.25366
-4.31259
-4.4321
-4.49276
-4.55401
-4.61591
-4.67848
-4.74152
-4.86949
-4.93433
-4.99997
-5.0663
-5.13305
-5.20049
-5.33746
-5.40712
-5.47752
-5.54869
-5.62041
-5.69304
-5.84049
-5.91556
-5.99162
-6.06859
-6.14641
-6.22535
-6.38607
-6.46815
-6.55162
-6.63628
-6.72211
-6.80958
-6.98859
-7.08034
-7.17426
-7.27
-7.36704
-7.46619
-7.67035
-7.77546
-7.88287
-7.99244
-8.10408
-8.21784
-8.45163
-8.5717
-8.69411
-8.8188
-8.945
-9.07344
-9.33575
-9.47005
-9.606
-9.74363
-9.88282
-10.0239
-10.3107
-10.4565
-10.604
-10.7533
-10.9041
-11.0566
-11.3654
-11.5224
-11.6805
-11.8408
-12.0024
-12.166
-12.4975
-12.6657
-12.836
-13.0082
-13.1812
-13.3566
-13.713
-13.8944
-14.0777
-14.2626
-14.4494
-14.6388
-15.0235
-15.2194
-15.418
-15.6193
-15.8231
-16.0298
-16.4517
-16.6673
-16.8868
-17.1094
-17.3356
-17.566
-18.0382
-18.281
-18.5286
-18.7808
-19.0389
-19.3027
-19.8456
-20.1255
-20.412
-20.7037
-21.0012
-21.3055
-21.9297
-22.2512
-22.5793
-22.9127
-23.2519
-23.5956
-24.2993
-24.66
-25.0253
-25.3956
-25.7702
-26.1501
-26.9231
-27.3169
-27.7158
-28.1192
-28.5272
-28.9394
-29.777
-30.203
-30.6335
-31.0698
-31.5107
-31.9568
-32.8625
-33.3238
-33.7908
-34.2631
-34.7393
-35.2225
-36.2067
-36.7082
-37.2166
-37.7308
-38.2517
-38.7798
-39.8571
-40.4085
-40.9677
-41.5359
-42.113
-42.699
-43.8997
-44.5174
-45.1469
-45.7874
-46.4411
-47.11
-48.4842
-49.1972
-49.9286
-50.6736
-51.4348
-52.2188
-53.8393
-54.6822
-55.545
-56.4296
-57.3355
-58.2632
-60.1837
-61.1789
-62.1981
-63.2397
-64.3039
-65.3906
-67.6304
-68.7869
-69.9667
-71.1697
-72.3959
-73.6472
-76.2211
-77.5502
-78.9059
-80.2896
-81.7007
-83.1413
-86.1116
-87.645
-89.2118
-90.8168
-92.4603
-94.1424
-97.625
-99.4344
-101.288
-103.19
-105.144
-107.155
-111.347
-113.53
-115.788
-118.118
-120.517
-122.994
-128.213
-130.96
-133.801
-136.743
-139.803
-142.973
-149.697
-153.261
-156.97
-160.842
-164.866
-169.076
-177.962
-182.711
-187.636
-192.804
-198.135
-203.634
-215.174
-221.263
-227.512
-233.831
-240.346
-246.945
-260.246
-266.676
-273.203
-279.398
-285.374
-291.076
-300.911
-304.749
-307.931
-310.519
-312.172
-312.515
-310.181
-306.622
-302.058
-296.178
-288.962
-280.458
-258.515
-245.623
-231.282
-215.45
-198.474
-180.153
-140.922
-119.908
-97.9712
-75.7441
-52.9364
-29.9851
16.1624
39.2997
62.1282
84.4348
106.116
127.211
166.446
184.725
201.752
217.498
231.879
245.02
266.706
275.23
282.96
288.85
293.427
296.645
299.619
299.485
298.248
295.998
292.852
289.074
279.879
274.629
268.916
263.015
257.027
250.795
238.374
232.215
226.082
220.097
214.209
208.439
197.441
192.236
187.128
182.258
177.555
173.018
164.43
160.384
156.483
152.706
149.089
145.623
139.046
135.929
132.91
130.001
127.197
124.474
119.317
116.852
114.454
112.137
109.893
107.71
103.528
101.52
99.5651
97.6602
95.8049
93.9905
90.5103
88.8308
87.1882
85.5855
84.0205
82.4896
79.5385
78.1102
76.7163
75.3514
74.0182
72.717
70.2056
68.993
67.8101
66.6564
65.5308
64.434
62.3241
61.3092
60.3233
59.3615
58.4243
57.5113
55.755
54.9095
54.082
53.2765
52.4884
51.72
50.2338
49.5117
48.8033
48.1087
47.4285
46.7608
45.4599
44.825
44.2006
43.5848
42.9794
42.3827
41.2178
40.6457
40.0818
39.5251
38.9753
38.4336
37.3694
36.8475
36.3313
35.8208
35.3171
34.8194
33.8434
33.3623
32.8873
32.4172
31.9525
31.4931
30.5922
30.1484
29.7097
29.2774
28.8497
28.4273
27.6004
27.1942
26.7937
26.399
26.0095
25.6268
24.8791
24.5137
24.156
23.8043
23.4592
23.1216
22.4651
22.1466
21.8336
21.5284
21.2285
20.9352
20.3669
20.0908
19.8208
19.555
19.2937
19.0377
18.5405
18.297
18.0577
17.8218
17.5891
17.3603
16.912
16.6917
16.475
16.2605
16.0483
15.8389
15.4273
15.2252
15.0249
14.8262
14.6302
14.4365
14.0547
13.8665
13.6808
13.4966
13.3138
13.1334
12.7782
12.6026
12.4293
12.2572
12.0868
11.9184
11.5869
11.4235
11.2621
11.1021
10.9441
10.7878
10.4811
10.33
10.1815
10.0344
9.8894
9.74673
9.46748
9.33092
9.19696
9.06509
8.93557
8.80857
8.56154
8.44112
8.32323
8.20776
8.09415
7.9828
7.76658
7.66138
7.55828
7.45663
7.35674
7.2585
7.06715
6.97326
6.881
6.78986
6.69995
6.61124
6.43705
6.35136
6.26678
6.18301
6.10014
6.01837
5.85711
5.77765
5.69898
5.62099
5.54381
5.46718
5.31662
5.24224
5.16849
5.09535
5.02298
4.95123
4.80962
4.7396
4.6702
4.60162
4.53345
4.46608
4.33331
4.26776
4.20284
4.13848
4.0748
4.01197
3.88852
3.82787
3.76794
3.70884
3.65066
3.59345
3.48207
3.42821
3.37552
3.32411
3.27421
3.18214
2.92103
2.8034
2.6929
2.5892
2.49156
2.40004
2.2319
2.15478
2.08164
2.01249
1.94659
1.88384
1.76777
1.71351
1.66185
1.61262
1.56489
1.5193
1.43479
1.39519
1.35691
1.31983
1.28416
1.24991
1.1859
1.1552
1.12537
1.09644
1.06851
1.04149
0.99033
0.965941
0.942398
0.919626
0.897699
0.876957
