-2.09902
-2.46222
-2.88755
-3.4078
-4.0337
-4.7518
-5.56268
-6.49199
-7.60304
-8.98123
-10.6352
-12.5316
-14.6867
-17.1875
-20.2358
-24.0513
-28.6234
-33.9039
-40.0204
-47.3693
-56.7606
-69.0741
-84.8238
-105.278
-133.612
-176.288
-238.436
-287.699
-220.718
-6.75624
207.763
275.725
229.919
171.035
129.666
101.592
81.2413
65.8799
54.3905
45.6585
38.5673
32.5251
27.3068
22.9136
19.3906
16.534
14.0946
11.9523
10.0721
8.48149
7.19117
6.11729
5.18002
4.34415
3.6098
2.60152
1.72122
1.21932
0.898082
0.673261
-2.09992
-2.46119
-2.46325
-2.88632
-2.88878
-3.40628
-3.40932
-4.03192
-4.03548
-4.74979
-4.75381
-5.5604
-5.56496
-6.48934
-6.49465
-7.59978
-7.60629
-8.9772
-8.98525
-10.6305
-10.6399
-12.5263
-12.5369
-14.6806
-14.6928
-17.1803
-17.1947
-20.2267
-20.2448
-24.0402
-24.0624
-28.6104
-28.6363
-33.8889
-33.9188
-40.0029
-40.0379
-47.3476
-47.391
-56.7323
-56.7889
-69.0373
-69.1108
-84.7769
-84.8707
-105.216
-105.341
-133.522
-133.703
-176.149
-176.426
-238.259
-238.613
-287.67
-287.727
-221.123
-220.311
-7.40738
-6.10519
207.362
208.163
275.745
275.704
230.088
229.75
171.168
170.902
129.754
129.577
101.654
101.53
81.2878
81.1949
65.915
65.8449
54.4167
54.3644
45.679
45.638
38.5844
38.5501
32.54
32.5103
27.3196
27.2941
22.924
22.9032
19.3988
19.3823
16.5409
16.5271
14.1006
14.0886
11.9577
11.947
10.0767
10.0675
8.48527
8.4777
7.19424
7.18809
6.11992
6.11467
5.18235
5.17769
4.34623
4.34207
3.61157
3.60803
2.6047
2.59834
1.72292
1.71953
1.22035
1.2183
0.898771
0.897394
0.673793
-2.10891
-2.45095
-2.47354
-2.87403
-2.90116
-3.39115
-3.42454
-4.01418
-4.0533
-4.72971
-4.77397
-5.53767
-5.58778
-6.46293
-6.52124
-7.56736
-7.63894
-8.93714
-9.0256
-10.5837
-10.6869
-12.4732
-12.5902
-14.6199
-14.7537
-17.1084
-17.267
-20.1369
-20.3354
-23.9294
-24.1739
-28.4809
-28.7665
-33.7399
-34.0686
-39.8283
-40.2136
-47.132
-47.6084
-56.4503
-57.0731
-68.6712
-69.4797
-84.3098
-85.3418
-104.598
-105.966
-132.627
-134.609
-174.773
-177.821
-236.481
-240.379
-287.343
-287.967
-225.115
-216.177
-13.9236
0.38244
203.291
212.104
275.89
275.517
231.778
228.054
172.506
169.579
130.647
128.694
102.28
100.911
81.7542
80.7331
66.2673
65.4957
54.6789
54.1042
45.8845
45.4337
38.7565
38.3787
32.6886
32.3625
27.4472
27.1672
23.0283
22.7995
19.482
19.2997
16.6101
16.4581
14.1609
14.0286
12.0108
11.8941
10.1228
10.0217
8.52321
8.43998
7.22505
7.15744
6.14625
6.08845
5.2057
5.15443
4.36707
4.32132
3.62933
3.59035
2.6368
2.56694
1.74003
1.7027
1.23066
1.20817
0.905706
0.890568
0.679134
-2.14286
-2.19476
-2.24772
-2.30166
-2.35666
-2.41295
-2.51248
-2.57236
-2.63384
-2.69686
-2.76171
-2.82857
-2.94814
-3.0206
-3.09571
-3.17308
-3.25278
-3.33516
-3.48218
-3.57102
-3.66209
-3.75535
-3.85082
-3.94829
-4.12056
-4.22349
-4.32848
-4.43538
-4.54423
-4.65508
-4.85002
-4.96619
-5.0847
-5.20531
-5.32803
-5.45327
-5.67404
-5.80612
-5.94115
-6.07911
-6.22012
-6.36491
-6.62192
-6.77741
-6.93743
-7.10202
-7.27202
-7.44768
-7.76292
-7.95552
-8.1538
-8.35884
-8.57051
-8.78882
-9.17837
-9.41312
-9.65407
-9.90039
-10.1523
-10.4099
-10.8643
-11.1359
-11.4132
-11.6954
-11.9828
-12.2759
-12.7916
-13.0998
-13.4142
-13.7343
-14.061
-14.3944
-14.9841
-15.3376
-15.7
-16.0709
-16.4514
-16.8428
-17.5414
-17.9646
-18.4023
-18.8545
-19.3219
-19.8059
-20.6784
-21.2098
-21.7605
-22.3289
-22.9149
-23.5189
-24.5958
-25.2449
-25.9105
-26.5913
-27.2877
-27.9996
-29.2584
-30.0126
-30.7819
-31.5671
-32.3688
-33.1867
-34.6349
-35.5026
-36.3901
-37.2978
-38.2284
-39.1818
-40.8795
-41.9047
-42.9606
-44.0495
-45.1727
-46.3356
-48.4348
-49.7186
-51.0559
-52.4469
-53.8956
-55.4125
-58.1573
-59.8509
-61.6118
-63.4429
-65.3469
-67.3202
-70.8825
-73.0591
-75.3154
-77.6533
-80.0757
-82.5883
-87.135
-89.9215
-92.825
-95.8501
-99.006
-102.315
-108.358
-112.126
-116.09
-120.273
-124.683
-129.362
-138.088
-143.634
-149.545
-155.82
-162.556
-169.731
-183.181
-191.652
-200.638
-210.035
-219.853
-229.772
-247.041
-256.772
-265.818
-273.756
-280.469
-285.395
-288.144
-285.608
-279.752
-269.89
-256.496
-238.955
-199.923
-172.767
-142.506
-109.506
-74.5516
-38.2002
24.6746
60.9854
95.8116
129.018
159.484
187.005
225.787
243.271
256.915
266.628
272.629
275.541
273.72
269.457
263.092
255.547
247.054
237.994
221.755
212.334
203.11
194.202
185.72
177.63
164.761
157.844
151.333
145.234
139.497
134.068
125.474
120.854
116.484
112.34
108.409
104.663
98.647
95.3465
92.1999
89.1871
86.2991
83.5308
79.032
76.5557
74.1761
71.895
69.7083
67.6113
64.2106
62.3522
60.5706
58.866
57.2369
55.6783
53.1484
51.7544
50.4129
49.1204
47.8717
46.6653
44.677
43.566
42.4858
41.4329
40.4074
39.4074
37.7435
36.805
35.8876
34.9891
34.1101
33.2494
31.8137
31.0023
30.2081
29.4313
28.6717
27.9299
26.6971
26.0039
25.3303
24.6761
24.0409
23.4256
22.4169
21.8548
21.3135
20.7911
20.2858
19.7973
18.9943
18.546
18.1107
17.6868
17.2741
16.8719
16.2025
15.8244
15.4546
15.0924
14.7369
14.3885
13.8059
13.4752
13.1505
12.8318
12.5185
12.2115
11.6973
11.4054
11.1195
10.8395
10.5652
10.2973
9.8517
9.60083
9.35687
9.12017
8.88982
8.66747
8.30058
8.09646
7.89904
7.70774
7.52197
7.34178
7.04394
6.87668
6.71322
6.554
6.39832
6.24577
5.99111
5.84656
5.70466
5.56537
5.42831
5.29376
5.06787
4.9392
4.81286
4.68847
4.56599
4.44575
4.24418
4.12971
4.01767
3.90799
3.80103
3.6968
3.52517
3.43014
3.33905
3.20717
2.97165
2.76281
2.45445
2.29889
2.15794
2.02986
1.91273
1.80624
1.64182
1.55637
1.47623
1.40343
1.33469
1.27062
1.17129
1.11776
1.0673
1.01975
0.974743
0.932398
0.86639
0.830858
0.796354
0.762938
0.730583
0.699396
