-2.48179
-2.79562
-3.1623
-3.59364
-4.08354
-4.62321
-5.21242
-5.85814
-6.57642
-7.40168
-8.38199
-9.53397
-10.8329
-12.2629
-13.8304
-15.5597
-17.5114
-19.7972
-22.5405
-25.7481
-29.3557
-33.3513
-37.7917
-42.8028
-48.6506
-55.8023
-64.6841
-75.4543
-88.3786
-104.216
-124.49
-151.987
-191.267
-245.381
-300.185
-302.668
-199.514
-6.91764
185.777
289.463
288.342
236.916
185.678
147.852
120.802
100.593
84.7532
71.9671
61.6629
53.5111
46.9175
41.3188
36.3917
31.9799
28.011
24.4924
21.4931
18.9932
16.8597
14.9661
13.2501
11.6837
10.2599
8.99631
7.91839
7.00623
6.20757
5.48522
4.82197
4.21041
3.65414
3.04714
2.15027
1.60703
1.24404
-2.48282
-2.79444
-2.7968
-3.16091
-3.1637
-3.59202
-3.59526
-4.08174
-4.08534
-4.62123
-4.62518
-5.21027
-5.21457
-5.85577
-5.86052
-6.57375
-6.57909
-7.39856
-7.40479
-8.37826
-8.38572
-9.52967
-9.53828
-10.8281
-10.8377
-12.2576
-12.2681
-13.8247
-13.8362
-15.5534
-15.5661
-17.5041
-17.5187
-19.7885
-19.8059
-22.5301
-22.551
-25.7361
-25.76
-29.3425
-29.369
-33.3366
-33.366
-37.7753
-37.8081
-42.7841
-42.8216
-48.6283
-48.673
-55.7745
-55.8302
-64.6498
-64.7184
-75.4132
-75.4954
-88.329
-88.4281
-104.154
-104.278
-124.408
-124.571
-151.874
-152.1
-191.103
-191.431
-245.173
-245.59
-300.052
-300.318
-302.829
-302.506
-200.066
-198.96
-7.6556
-6.17997
185.217
186.335
289.3
289.625
288.476
288.207
237.108
236.724
185.833
185.523
147.963
147.742
120.882
120.722
100.655
100.531
84.8027
84.7037
72.0072
71.9269
61.695
61.6308
53.5365
53.4858
46.9385
46.8964
41.3371
41.3006
36.408
36.3754
31.9946
31.9653
28.0241
27.9979
24.504
24.4808
21.5026
21.4835
19.0012
18.9853
16.8667
16.8528
14.9724
14.9598
13.2558
13.2444
11.6889
11.6784
10.2646
10.2551
9.00041
8.99221
7.92184
7.91494
7.00919
7.00326
6.21021
6.20492
5.48765
5.4828
4.8242
4.81974
4.21246
4.20837
3.65597
3.65231
3.05123
3.04299
2.15264
2.1479
1.60854
1.60552
1.24509
-2.49183
-2.78415
-2.80715
-3.14874
-3.17594
-3.57792
-3.60944
-4.066
-4.10118
-4.60399
-4.64247
-5.19147
-5.23344
-5.83506
-5.8813
-6.55042
-6.60254
-7.37138
-7.43225
-8.34568
-8.4185
-9.49209
-9.57597
-10.7864
-10.8796
-12.2118
-12.3141
-13.7745
-13.8866
-15.4976
-15.6222
-17.4401
-17.583
-19.7121
-19.8826
-22.4388
-22.6428
-25.6319
-25.8647
-29.2264
-29.4855
-33.2082
-33.495
-37.632
-37.9519
-42.6203
-42.9863
-48.4333
-48.8701
-55.5324
-56.0754
-64.3507
-65.0196
-75.0545
-75.8565
-87.8969
-88.8634
-103.615
-104.822
-123.699
-125.288
-150.889
-153.101
-189.676
-192.881
-243.345
-247.426
-298.846
-301.445
-304.178
-301.022
-204.855
-194.088
-14.0621
0.26018
180.275
191.161
287.809
290.979
289.624
286.996
238.828
235.015
187.2
184.174
148.935
146.782
121.591
120.018
101.199
99.9913
85.2376
84.2719
72.3601
71.5768
61.9768
61.3527
53.7594
53.265
47.1231
46.7129
41.4971
41.1411
36.5509
36.2331
32.1229
31.8373
28.1392
27.8835
24.6045
24.381
21.5863
21.4001
19.0716
18.9157
16.9281
16.7917
15.0277
14.9047
13.306
13.1944
11.7348
11.6327
10.3059
10.2141
9.03639
8.95645
7.95216
7.88485
7.03523
6.97738
6.2334
6.18182
5.50889
5.46162
4.84373
4.80028
4.23039
4.19046
3.67202
3.63634
3.08767
3.00698
2.17358
2.12734
1.62185
1.59217
1.25437
-2.52172
-2.56576
-2.61051
-2.65611
-2.70279
-2.75046
-2.84168
-2.89239
-2.94467
-2.99808
-3.05289
-3.10913
-3.21683
-3.27705
-3.33854
-3.4016
-3.46601
-3.53174
-3.65656
-3.72596
-3.79645
-3.86801
-3.94057
-4.01433
-4.15361
-4.23038
-4.30818
-4.38699
-4.46683
-4.54749
-4.69989
-4.78363
-4.86858
-4.9545
-5.04177
-5.12998
-5.29606
-5.38788
-5.48066
-5.57486
-5.67029
-5.76716
-5.95034
-6.05157
-6.15459
-6.25911
-6.36558
-6.47406
-6.68045
-6.79533
-6.91298
-7.033
-7.15594
-7.28236
-7.52413
-7.65979
-7.79907
-7.94211
-8.08894
-8.23925
-8.5277
-8.68883
-8.85379
-9.02199
-9.19374
-9.3688
-9.7012
-9.88504
-10.0719
-10.2616
-10.4542
-10.6494
-11.0185
-11.2216
-11.4276
-11.636
-11.8474
-12.0618
-12.466
-12.6885
-12.9143
-13.1427
-13.3742
-13.6094
-14.0542
-14.2983
-14.5465
-14.7986
-15.0546
-15.3149
-15.8085
-16.0823
-16.3607
-16.6449
-16.9351
-17.2312
-17.7968
-18.1131
-18.4376
-18.7691
-19.1114
-19.463
-20.1389
-20.5189
-20.9084
-21.3093
-21.7199
-22.1409
-22.9479
-23.3979
-23.8574
-24.3254
-24.8039
-25.2902
-26.2125
-26.7229
-27.2418
-27.7687
-28.3038
-28.8466
-29.8722
-30.4374
-31.0119
-31.5951
-32.1874
-32.7876
-33.9236
-34.5499
-35.1866
-35.8341
-36.493
-37.1626
-38.4307
-39.1335
-39.8499
-40.5803
-41.3249
-42.0853
-43.5352
-44.3451
-45.1753
-46.0257
-46.9005
-47.7984
-49.5307
-50.509
-51.5147
-52.5568
-53.6316
-54.7428
-56.8954
-58.1123
-59.3685
-60.664
-61.9999
-63.3761
-66.0262
-67.5157
-69.0465
-70.618
-72.2295
-73.8844
-77.0638
-78.8481
-80.6809
-82.5645
-84.4997
-86.4886
-90.3214
-92.4866
-94.72
-97.0237
-99.4054
-101.864
-106.651
-109.382
-112.21
-115.149
-118.218
-121.407
-127.708
-131.337
-135.132
-139.115
-143.298
-147.709
-156.482
-161.602
-167.01
-172.709
-178.714
-185.061
-197.751
-205.036
-212.645
-220.623
-228.886
-237.331
-253.532
-262.268
-270.802
-279.125
-286.995
-294.259
-304.914
-308.99
-311.788
-312.514
-311.478
-307.908
-295.492
-285.486
-272.816
-257.619
-240.15
-220.036
-176.993
-151.231
-123.962
-95.0021
-65.4319
-35.1318
21.3507
51.7796
81.5778
110.175
137.622
163.344
206.305
226.339
244.086
259.26
271.794
282.264
294.651
298.125
299.612
299.207
296.95
293.015
282.816
276.12
268.655
260.801
252.742
244.528
229.382
221.41
213.617
206.05
198.783
191.863
179.804
173.737
167.955
162.449
157.225
152.227
143.675
139.363
135.251
131.311
127.569
123.976
117.741
114.554
111.502
108.572
105.746
103.024
98.2366
95.7758
93.3904
91.0877
88.8571
86.6923
82.865
80.8876
78.9651
77.1031
75.2943
73.5411
70.4359
68.832
67.28
65.7777
64.3256
62.921
60.4495
59.1795
57.9518
56.7647
55.6173
54.507
52.5438
51.5296
50.5452
49.5854
48.6499
47.7391
46.113
45.261
44.4285
43.6122
42.8131
42.0302
40.6188
39.8754
39.1445
38.4265
37.7194
37.0242
35.7673
35.1036
34.4505
33.8076
33.1736
32.5493
31.4185
30.8211
30.2324
29.6523
29.0828
28.5216
27.5088
26.975
26.4507
25.9362
25.4327
24.9393
24.0558
23.5949
23.146
22.7084
22.2819
21.866
21.128
20.7437
20.3705
20.0068
19.6524
19.3059
18.6881
18.364
18.0468
17.7364
17.4311
17.1317
16.5917
16.3071
16.0266
15.7504
15.4785
15.2109
14.7245
14.4674
14.2133
13.9631
13.7162
13.4731
13.0302
12.7957
12.5639
12.3354
12.1096
11.8869
11.4827
11.2687
11.0576
10.8496
10.6449
10.4434
10.0791
9.88712
9.69885
9.51401
9.33306
9.15624
8.83982
8.67443
8.51331
8.35581
8.20286
8.05333
7.78647
7.6474
7.51166
7.37872
7.24865
7.12166
6.89277
6.77241
6.65427
6.53769
6.42316
6.31034
6.106
5.9979
5.89107
5.78591
5.68176
5.57914
5.3924
5.29337
5.19536
5.09857
5.00313
4.90846
4.7364
4.64494
4.55441
4.46513
4.37706
4.29001
4.13169
4.04793
3.96534
3.88398
3.80395
3.72536
3.5841
3.51016
3.43835
3.3687
3.30125
3.21355
2.89392
2.742
2.60246
2.4737
2.35535
2.24494
2.06178
1.97229
1.88831
1.80995
1.7364
1.66721
1.54913
1.49022
1.4353
1.38322
1.33335
1.28577
