-1.83839
-2.03418
-2.24413
-2.47148
-2.72172
-3.00257
-3.32179
-3.68126
-4.07745
-4.50716
-4.96963
-5.46773
-6.00731
-6.59906
-7.26087
-8.01503
-8.87542
-9.84004
-10.8979
-12.0441
-13.281
-14.6199
-16.0829
-17.709
-19.5549
-21.6785
-24.1014
-26.8033
-29.7653
-32.9886
-36.5048
-40.3725
-44.6979
-49.6519
-55.4665
-62.3403
-70.3935
-79.7216
-90.5614
-103.37
-118.907
-138.331
-163.467
-196.09
-235.675
-273.397
-287.746
-249.883
-149.588
-6.75624
136.194
236.57
274.973
262.754
227.289
189.894
158.724
134.305
115.121
99.6929
86.9341
76.2077
67.1419
59.5413
53.1977
47.8093
43.1102
38.9119
35.1028
31.6174
28.4281
25.5349
22.9604
20.7157
18.7621
17.0316
15.4663
14.0286
12.699
11.4664
10.3304
9.29873
8.38192
7.57778
6.86599
6.22319
5.63224
5.08271
4.56954
4.09152
3.65346
3.25983
2.42846
1.88562
1.50636
1.22859
1.01664
0.850793
0.714191
0.596517
-1.83921
-2.0333
-2.03506
-2.24318
-2.24507
-2.47045
-2.47251
-2.72057
-2.72286
-3.00128
-3.00387
-3.32031
-3.32326
-3.67961
-3.6829
-4.07566
-4.07924
-4.50523
-4.5091
-4.96754
-4.97171
-5.46548
-5.46997
-6.00488
-6.00976
-6.59636
-6.60176
-7.25782
-7.26392
-8.01154
-8.01851
-8.87146
-8.87939
-9.83565
-9.84444
-10.8932
-10.9027
-12.0389
-12.0492
-13.2754
-13.2866
-14.6138
-14.6259
-16.0762
-16.0896
-17.7015
-17.7165
-19.5463
-19.5634
-21.6686
-21.6883
-24.0902
-24.1125
-26.791
-26.8156
-29.7519
-29.7787
-32.974
-33.0032
-36.4889
-36.5207
-40.3548
-40.3902
-44.6779
-44.7178
-49.6288
-49.6751
-55.439
-55.494
-62.308
-62.3727
-70.3559
-70.431
-79.6781
-79.7651
-90.5105
-90.6123
-103.309
-103.431
-118.832
-118.981
-138.235
-138.426
-163.343
-163.591
-195.931
-196.25
-235.497
-235.855
-273.264
-273.53
-287.779
-287.712
-250.189
-249.576
-150.136
-149.04
-7.40738
-6.10519
135.638
136.749
236.265
236.875
274.935
275.011
262.879
262.628
227.459
227.119
190.043
189.744
158.844
158.605
134.399
134.212
115.196
115.047
99.7532
99.6326
86.9847
86.8836
76.2504
76.165
67.1779
67.1059
59.5714
59.5112
53.2229
53.1726
47.831
47.7877
43.1294
43.0911
38.9292
38.8946
35.1186
35.087
31.6318
31.6029
28.4413
28.4149
25.5468
25.523
22.9709
22.95
20.7248
20.7067
18.7701
18.7542
17.0387
17.0245
15.4728
15.4598
14.0346
14.0226
12.7046
12.6935
11.4715
11.4613
10.3351
10.3257
9.30296
9.29451
8.38565
8.37819
7.58105
7.57451
6.86891
6.86306
6.22586
6.22053
5.63471
5.62977
5.08502
5.08041
4.57169
4.56739
4.09352
4.08953
3.65525
3.65166
3.26438
3.25528
2.43131
2.42562
1.88756
1.88369
1.50777
1.50496
1.22962
1.22755
1.01746
1.01582
0.851425
0.850162
0.714743
0.713639
0.59698
-1.84579
-2.02628
-2.0421
-2.23562
-2.25265
-2.46222
-2.48078
-2.71142
-2.73206
-2.99095
-3.01426
-3.30856
-3.33508
-3.6665
-3.69606
-4.06133
-4.09362
-4.48977
-4.52461
-4.95092
-4.98838
-5.44757
-5.48795
-5.98534
-6.02936
-6.57481
-6.62342
-7.23348
-7.28844
-7.98374
-8.04649
-8.8398
-8.9112
-9.80058
-9.87965
-10.855
-10.941
-11.9977
-12.0906
-13.2309
-13.3312
-14.5654
-14.6745
-16.023
-16.143
-17.6419
-17.7764
-19.478
-19.6322
-21.5898
-21.7674
-24.0014
-24.2018
-26.6928
-26.9141
-29.6447
-29.8862
-32.8576
-33.1201
-36.3617
-36.6486
-40.2136
-40.5321
-44.5186
-44.878
-49.4441
-49.861
-55.2195
-55.715
-62.0503
-62.6322
-70.0562
-70.7326
-79.3312
-80.114
-90.1046
-91.0212
-102.824
-103.92
-118.234
-119.578
-137.474
-139.196
-162.356
-164.589
-194.659
-197.534
-234.065
-237.283
-272.184
-274.575
-287.996
-287.379
-252.59
-247.081
-154.499
-144.622
-12.6197
-0.91232
131.16
141.157
233.79
239.269
274.602
275.294
263.867
261.653
228.818
225.758
191.25
188.55
159.811
157.651
135.152
133.468
115.792
114.456
100.238
99.1525
87.3908
86.4808
76.5933
75.824
67.4673
66.8187
59.813
59.2723
53.4251
52.9722
48.005
47.6147
43.2833
42.9379
39.0679
38.7565
35.2452
34.9609
31.7478
31.4875
28.5472
28.3095
25.642
25.4283
23.0545
22.8668
20.7975
20.6344
18.8336
18.6908
17.0958
16.9677
15.5248
15.4079
14.0826
13.9748
12.7491
12.6491
11.5127
11.4202
10.3729
10.2881
9.33686
9.26078
8.41557
8.34844
7.60728
7.54842
6.89238
6.8397
6.24724
6.19922
5.65448
5.61005
5.10347
5.06201
4.58893
4.5502
4.10948
4.07361
3.66967
3.63736
3.28348
3.21922
2.4543
2.40309
1.90316
1.86839
1.51912
1.49377
1.23797
1.21932
1.02403
1.00932
0.856488
0.845126
0.719174
0.709238
0.600693
-1.8654
-1.8929
-1.92065
-1.94867
-1.97696
-2.00555
-2.06309
-2.09252
-2.12223
-2.15226
-2.18261
-2.21332
-2.27528
-2.30702
-2.33913
-2.37165
-2.4046
-2.43795
-2.50546
-2.5402
-2.57548
-2.61128
-2.6476
-2.68449
-2.75955
-2.79835
-2.83785
-2.87801
-2.91891
-2.9606
-3.04547
-3.08958
-3.13441
-3.18012
-3.22654
-3.27394
-3.37048
-3.42034
-3.47102
-3.52247
-3.57478
-3.62784
-3.7354
-3.7907
-3.84672
-3.90346
-3.96089
-4.01905
-4.13648
-4.19663
-4.25751
-4.31901
-4.3812
-4.44409
-4.57086
-4.63569
-4.70121
-4.76741
-4.83432
-4.90185
-5.03815
-5.10795
-5.17852
-5.24978
-5.32177
-5.39467
-5.54164
-5.61703
-5.69331
-5.7705
-5.84861
-5.92774
-6.0879
-6.17013
-6.25361
-6.33823
-6.42415
-6.51125
-6.68828
-6.77979
-6.87291
-6.9676
-7.06381
-7.16181
-7.36195
-7.46573
-7.5714
-7.67911
-7.78918
-7.90153
-8.13044
-8.24901
-8.37013
-8.49345
-8.61887
-8.74655
-9.00641
-9.14064
-9.2767
-9.41481
-9.55501
-9.69713
-9.98485
-10.1327
-10.2823
-10.4339
-10.5872
-10.7423
-11.0554
-11.2159
-11.3783
-11.5424
-11.7083
-11.8759
-12.2141
-12.3873
-12.5622
-12.7392
-12.9182
-13.0993
-13.4646
-13.6516
-13.841
-14.0327
-14.2263
-14.4226
-14.8195
-15.0232
-15.2296
-15.4387
-15.651
-15.8663
-16.3028
-16.528
-16.7567
-16.9889
-17.2253
-17.4661
-17.9562
-18.2103
-18.4691
-18.7332
-19.0019
-19.2769
-19.8381
-20.1302
-20.4289
-20.7322
-21.0421
-21.3581
-22.0047
-22.3396
-22.6807
-23.0275
-23.3804
-23.7395
-24.4689
-24.8448
-25.2262
-25.6131
-26.0055
-26.4032
-27.2085
-27.6217
-28.0406
-28.4647
-28.8938
-29.3285
-30.2072
-30.6576
-31.1134
-31.5747
-32.0418
-32.5143
-33.4694
-33.9599
-34.457
-34.9602
-35.4696
-35.9853
-37.0306
-37.5681
-38.1139
-38.6672
-39.2282
-39.7978
-40.9565
-41.5541
-42.161
-42.7799
-43.4093
-44.0503
-45.3578
-46.0369
-46.731
-47.4398
-48.1636
-48.9017
-50.4196
-51.2126
-52.0229
-52.8529
-53.7023
-54.5766
-56.3731
-57.3091
-58.2689
-59.2537
-60.262
-61.2932
-63.4111
-64.5154
-65.6438
-66.7959
-67.9728
-69.1752
-71.637
-72.9169
-74.2236
-75.5586
-76.9212
-78.3119
-81.1605
-82.6433
-84.1586
-85.7091
-87.2946
-88.9149
-92.2472
-93.9886
-95.7702
-97.5956
-99.4729
-101.404
-105.387
-107.473
-109.624
-111.844
-114.128
-116.485
-121.389
-123.974
-126.648
-129.422
-132.295
-135.271
-141.518
-144.847
-148.304
-151.885
-155.594
-159.472
-167.609
-171.958
-176.461
-181.129
-185.938
-190.935
-201.363
-206.783
-212.441
-218.196
-223.989
-229.81
-241.485
-247.358
-253.123
-258.652
-263.977
-268.871
-277.513
-281.154
-284.166
-286.373
-287.72
-288.176
-286
-283.209
-279.2
-273.677
-266.998
-259.096
-239.228
-227.162
-213.768
-199.358
-183.82
-167.175
-131.153
-111.601
-91.3463
-70.6807
-49.4229
-28.0558
14.4342
35.9229
57.0883
77.6668
97.8915
117.493
153.878
170.775
186.412
200.901
214.13
226.055
246.021
254.017
260.703
266.071
270.165
273.077
275.782
275.74
274.643
272.631
270.07
266.676
258.523
253.83
248.869
243.611
238.287
232.833
221.79
216.236
210.805
205.38
200.085
194.893
185.041
180.261
175.668
171.201
166.886
162.725
154.851
151.115
147.512
144.028
140.671
137.42
131.298
128.366
125.534
122.798
120.151
117.586
112.731
110.4
108.129
105.924
103.785
101.701
97.7357
95.8116
93.9418
92.1203
90.3451
88.6117
85.2989
83.6893
82.118
80.5839
79.0863
77.6237
74.8212
73.46
72.132
70.8355
69.571
68.3374
65.9765
64.8305
63.7154
62.6314
61.5739
60.5409
58.5714
57.6164
56.6873
55.781
54.8966
54.033
52.3812
51.576
50.7891
50.0196
49.2661
48.5271
47.1057
46.4082
45.7251
45.0531
44.3922
43.7435
42.4866
41.8677
41.2579
40.6572
40.0658
39.4826
38.3488
37.7892
37.237
36.6921
36.1544
35.6234
34.5886
34.0773
33.572
33.0733
32.5808
32.0941
31.1466
30.6782
30.2156
29.7591
29.3084
28.8637
27.9987
27.5721
27.1513
26.7371
26.3286
25.9271
25.1492
24.7671
24.3916
24.0232
23.6612
23.3056
22.6228
22.2873
21.9593
21.6378
21.3234
21.0153
20.4219
20.1317
19.8469
19.5677
19.2935
19.0242
18.5042
18.2487
17.9973
17.7495
17.506
17.2662
16.8002
16.5703
16.3433
16.1194
15.8985
15.6803
15.2549
15.0445
14.8364
14.6305
14.4271
14.2259
13.8337
13.6394
13.4471
13.2567
13.0683
12.882
12.5179
12.3377
12.1593
11.9829
11.8084
11.6357
11.2991
11.1323
10.9676
10.805
10.6443
10.4857
10.1772
10.0251
9.87514
9.72724
9.5818
9.43851
9.16147
9.0253
8.89142
8.76039
8.63189
8.50516
8.26105
8.14166
8.0245
7.90956
7.79671
7.6859
7.4716
7.36637
7.26299
7.16126
7.06109
6.96244
6.77087
6.67631
6.58322
6.49136
6.40064
6.31105
6.13637
6.04995
5.96455
5.88001
5.79632
5.71351
5.5518
5.47158
5.39203
5.31339
5.23558
5.1585
5.0076
4.93277
4.85866
4.78523
4.71247
4.64037
4.49942
4.4295
4.36029
4.29186
4.22414
4.15718
4.02663
3.96199
3.89831
3.83559
3.77377
3.71287
3.5952
3.53758
3.4812
3.42619
3.37272
3.32028
3.11602
2.98096
2.85522
2.73788
2.62792
2.52471
2.33782
2.25146
2.17001
2.09304
2.02
1.95074
1.82411
1.76483
1.70814
1.65406
1.60258
1.55363
1.46179
1.41918
1.37786
1.33811
1.29995
1.26332
1.19547
1.16323
1.13183
1.10146
1.07213
1.04383
0.990299
0.964677
0.939939
0.916083
0.893111
0.871644
0.830299
0.81001
0.790082
0.770517
0.751314
0.732473
0.696314
0.678464
0.661021
0.644141
0.627783
0.61187
