-2.27375
-2.55312
-2.86935
-3.23571
-3.65959
-4.13687
-4.66255
-5.23692
-5.8675
-6.56928
-7.37135
-8.30912
-9.39996
-10.6328
-11.9943
-13.4877
-15.1351
-16.9805
-19.1057
-21.6127
-24.544
-27.8731
-31.5798
-35.6867
-40.2872
-45.549
-51.7789
-59.3622
-68.5767
-79.6014
-92.8158
-109.043
-129.804
-157.584
-195.48
-242.735
-281.851
-270.66
-172.874
-6.66521
159.44
257.642
270.494
233.916
189.29
152.985
125.868
105.334
89.1798
76.0975
65.4211
56.7929
49.7862
43.9194
38.8224
34.2931
30.2226
26.5778
23.3817
20.6563
18.3433
16.3322
14.5359
12.9051
11.4175
10.0709
8.87935
7.8529
6.97047
6.19294
5.49037
4.84614
4.25348
3.7164
3.202
2.26758
1.69618
1.3136
1.0428
0.841092
-2.27471
-2.55206
-2.55419
-2.86813
-2.87058
-3.23428
-3.23714
-3.65797
-3.66123
-4.13506
-4.13868
-4.66057
-4.66453
-5.23475
-5.23909
-5.86511
-5.8699
-6.56659
-6.57197
-7.36824
-7.37447
-8.30546
-8.31278
-9.39576
-9.40417
-10.6281
-10.6375
-11.9892
-11.9995
-13.4821
-13.4934
-15.1288
-15.1414
-16.9734
-16.9877
-19.0974
-19.1141
-21.6029
-21.6225
-24.5327
-24.5553
-27.8604
-27.8858
-31.5657
-31.5939
-35.6711
-35.7024
-40.2696
-40.3049
-45.5285
-45.5695
-51.7542
-51.8036
-59.332
-59.3924
-68.5403
-68.6131
-79.558
-79.6448
-92.7634
-92.8682
-108.978
-109.109
-129.719
-129.89
-157.467
-157.701
-195.322
-195.637
-242.56
-242.909
-281.767
-281.935
-270.855
-270.463
-173.373
-172.373
-7.31391
-6.01661
158.92
159.958
257.444
257.836
270.574
270.413
234.079
233.752
189.439
189.141
153.098
152.872
125.953
125.783
105.4
105.269
89.232
89.1276
76.1402
76.0548
65.4558
65.3865
56.8208
56.765
49.8091
49.7633
43.939
43.8998
38.8397
38.8051
34.3086
34.2776
30.2365
30.2087
26.5902
26.5654
23.3924
23.3711
20.6653
20.6473
18.351
18.3356
16.339
16.3254
14.5421
14.5298
12.9107
12.8994
11.4226
11.4124
10.0755
10.0664
8.88335
8.87536
7.85633
7.84948
6.97344
6.9675
6.19559
6.19028
5.49279
5.48795
4.84837
4.84391
4.25553
4.25144
3.71823
3.71458
3.20642
3.19759
2.27015
2.26501
1.69785
1.69451
1.31475
1.31244
1.04364
1.04196
0.841719
-2.28286
-2.54301
-2.56327
-2.85775
-2.88101
-3.2222
-3.24932
-3.64414
-3.67511
-4.11972
-4.15407
-4.64373
-4.68141
-5.21633
-5.25753
-5.84482
-5.89026
-6.54379
-6.59491
-7.3418
-7.40106
-8.27441
-8.344
-9.3601
-9.43999
-10.5884
-10.6774
-11.9455
-12.0434
-13.4342
-13.5415
-15.0756
-15.1948
-16.9131
-17.0482
-19.027
-19.185
-21.5198
-21.7061
-24.4367
-24.6518
-27.7526
-27.9941
-31.4462
-31.7136
-35.5385
-35.8356
-40.1198
-40.4553
-45.3548
-45.7444
-51.5452
-52.014
-59.076
-59.6504
-68.2318
-68.9237
-79.1898
-80.0151
-92.3199
-93.3153
-108.424
-109.668
-128.995
-130.619
-156.477
-158.702
-193.991
-197.003
-241.076
-244.398
-281.02
-282.616
-272.45
-268.745
-177.572
-168.065
-12.8314
-0.50705
154.45
164.314
255.777
259.436
271.212
269.738
235.461
232.36
190.71
187.877
154.067
151.916
126.676
125.068
105.956
104.717
89.6776
88.6856
76.5042
75.6936
65.7515
65.093
57.0591
56.5286
50.0048
49.569
44.1062
43.7336
38.987
38.6585
34.4404
34.1462
30.3551
30.0906
26.6957
26.4604
23.4835
23.2805
20.7424
20.5707
18.417
18.27
16.3972
16.2675
14.5946
14.4775
12.9585
12.8517
11.4662
11.3689
10.1147
10.0274
8.91749
8.84147
7.88552
7.82045
6.99874
6.94231
6.21823
6.16772
5.51343
5.46737
4.86735
4.82498
4.27295
4.23412
3.73375
3.69915
3.2444
3.16049
2.29218
2.24335
1.71212
1.68045
1.32462
1.30271
1.05083
1.03484
0.847065
-2.30981
-2.34922
-2.3893
-2.42999
-2.47143
-2.51352
-2.59341
-2.63765
-2.68281
-2.72887
-2.77592
-2.82392
-2.91565
-2.96666
-3.01888
-3.07227
-3.12691
-3.18281
-3.28968
-3.3491
-3.40982
-3.47168
-3.5347
-3.59905
-3.72111
-3.7887
-3.85734
-3.92703
-3.99772
-4.06952
-4.20507
-4.27986
-4.35563
-4.43226
-4.50995
-4.58871
-4.7373
-4.81899
-4.90168
-4.98547
-5.07037
-5.15623
-5.31857
-5.40795
-5.49877
-5.59063
-5.68373
-5.77842
-5.95773
-6.05663
-6.15724
-6.25941
-6.36359
-6.46934
-6.67109
-6.78294
-6.8973
-7.01412
-7.13354
-7.2558
-7.48941
-7.61964
-7.75339
-7.89012
-8.03007
-8.1734
-8.44771
-8.60043
-8.75671
-8.91588
-9.07816
-9.24384
-9.55875
-9.73295
-9.9104
-10.0904
-10.2729
-10.4585
-10.8094
-11.0026
-11.1986
-11.3972
-11.5985
-11.8028
-12.1883
-12.4003
-12.6155
-12.8332
-13.0538
-13.2776
-13.7007
-13.9338
-14.1708
-14.4106
-14.6542
-14.9022
-15.3714
-15.6305
-15.8947
-16.164
-16.4378
-16.7169
-17.2493
-17.5452
-17.8476
-18.1573
-18.4745
-18.7988
-19.421
-19.7687
-20.1256
-20.4912
-20.8655
-21.2489
-21.9843
-22.3942
-22.8135
-23.241
-23.678
-24.1238
-24.9719
-25.4418
-25.9205
-26.4062
-26.8997
-27.4017
-28.3532
-28.8779
-29.4102
-29.9509
-30.4994
-31.056
-32.1103
-32.6914
-33.2816
-33.8804
-34.4881
-35.1054
-36.2774
-36.9256
-37.5846
-38.2539
-38.9356
-39.6316
-40.9553
-41.6896
-42.4391
-43.2057
-43.9875
-44.7886
-46.3261
-47.1851
-48.0684
-48.9754
-49.9089
-50.8666
-52.7152
-53.7575
-54.8312
-55.9367
-57.0735
-58.2449
-60.5096
-61.7819
-63.0889
-64.4335
-65.8128
-67.2298
-69.9575
-71.4869
-73.0538
-74.6584
-76.3047
-77.9949
-81.2477
-83.0689
-84.9422
-86.8653
-88.841
-90.8754
-94.8066
-97.0222
-99.3073
-101.666
-104.104
-106.628
-111.539
-114.337
-117.234
-120.245
-123.384
-126.65
-133.063
-136.736
-140.617
-144.655
-148.866
-153.281
-162.059
-167.088
-172.404
-177.946
-183.708
-189.654
-201.495
-208.149
-214.982
-221.958
-229.055
-236.167
-249.264
-256.013
-262.418
-268.347
-273.631
-278.268
-284.433
-285.757
-285.934
-284.713
-282.023
-277.12
-262.539
-251.946
-239.462
-225.054
-208.711
-190.812
-153.177
-130.687
-106.88
-82.189
-56.8961
-30.9612
17.4124
43.1904
68.7355
93.3285
117.035
139.64
178.084
196.312
212.135
226.456
239.161
249.707
264.143
269.12
272.206
273.94
274.023
272.86
267.34
262.985
257.99
252.432
246.346
239.982
227.748
221.108
214.373
207.77
201.325
194.979
183.799
178.067
172.549
167.245
162.169
157.309
148.834
144.54
140.432
136.489
132.724
129.103
122.761
119.544
116.438
113.453
110.584
107.815
102.927
100.419
97.9925
95.6458
93.3705
91.1634
87.252
85.2321
83.2704
81.3654
79.5123
77.7167
74.5208
72.8698
71.2678
69.7131
68.2044
66.7375
64.1422
62.8041
61.5079
60.249
59.0324
57.8526
55.7615
54.6812
53.632
52.6111
51.6199
50.6559
48.937
48.0419
47.1675
46.3133
45.4781
44.6612
43.1914
42.4191
41.6622
40.9202
40.1918
39.4756
38.1801
37.498
36.8268
36.1655
35.5159
34.8764
33.7169
33.1043
32.5019
31.9088
31.3243
30.7481
29.7056
29.1558
28.6151
28.0828
27.5595
27.0459
26.1183
25.632
25.1558
24.6892
24.2321
23.7856
22.9862
22.5687
22.1611
21.7637
21.376
20.9983
20.3217
19.9688
19.6242
19.2879
18.958
18.6359
18.0564
17.7521
17.4536
17.1602
16.8729
16.5898
16.0782
15.8082
15.5426
15.2808
15.0225
14.7683
14.3066
14.0621
13.8208
13.5829
13.3481
13.1168
12.6959
12.4727
12.2529
12.0361
11.8219
11.6106
11.2272
11.0247
10.8251
10.6284
10.4348
10.2445
9.90042
9.71947
9.54202
9.36799
9.19742
9.03069
8.73112
8.5743
8.42103
8.2715
8.12514
7.98246
7.72585
7.59166
7.46053
7.33199
7.20596
7.08264
6.86009
6.74288
6.62766
6.51444
6.40281
6.29309
6.094
5.98885
5.88504
5.78265
5.68142
5.58166
5.40008
5.30368
5.20862
5.11471
5.02183
4.93013
4.76307
4.67449
4.58686
4.50042
4.41501
4.33058
4.17752
4.0965
4.01671
3.93827
3.86099
3.78531
3.6489
3.57764
3.50812
3.44042
3.3746
3.31076
3.04322
2.88475
2.73936
2.60568
2.48173
2.36673
2.17447
2.08045
1.99225
1.90992
1.83314
1.76026
1.63544
1.57368
1.51554
1.46046
1.40791
1.35783
1.27147
1.22834
1.18771
1.14872
1.11101
1.07491
1.01183
0.979681
0.948791
0.919226
0.890985
0.864814
