-1.77283
-1.98827
-2.22082
-2.47428
-2.75644
-3.07894
-3.45187
-3.87462
-4.34084
-4.84804
-5.39837
-5.99888
-6.66398
-7.41997
-8.29903
-9.31564
-10.4567
-11.7089
-13.0723
-14.5603
-16.2001
-18.0489
-20.191
-22.7041
-25.5885
-28.8046
-32.3439
-36.2364
-40.5588
-45.4555
-51.1849
-58.0849
-66.4061
-76.2472
-87.8372
-101.705
-118.828
-140.867
-170.309
-209.644
-255.469
-287.032
-265.945
-165.607
-6.91656
152.293
252.74
275.226
245.786
202.713
165.349
136.8
115.086
98.0384
84.2169
72.7794
63.3198
55.6039
49.2534
43.8484
39.0997
34.8381
30.976
27.479
24.3598
21.6546
19.3518
17.3587
15.584
13.9708
12.4918
11.1315
9.89462
8.79461
7.84324
7.01969
6.28881
5.62428
5.01105
4.44246
3.91748
3.44576
2.69909
2.00701
1.55147
1.23262
0.996885
0.81833
0.670955
0.548338
-1.77364
-1.9874
-1.98913
-2.21988
-2.22175
-2.47324
-2.47531
-2.75528
-2.7576
-3.0776
-3.08028
-3.45033
-3.45341
-3.8729
-3.87634
-4.33896
-4.34272
-4.84601
-4.85008
-5.39614
-5.40059
-5.99645
-6.00132
-6.66125
-6.66671
-7.41682
-7.42312
-8.29536
-8.30269
-9.31143
-9.31984
-10.4521
-10.4614
-11.7039
-11.714
-13.0668
-13.0778
-14.5543
-14.5663
-16.1934
-16.2068
-18.0412
-18.0565
-20.1821
-20.2
-22.6936
-22.7145
-25.5767
-25.6003
-28.7916
-28.8177
-32.3295
-32.3583
-36.2205
-36.2522
-40.5411
-40.5765
-45.4352
-45.4758
-51.1607
-51.209
-58.0555
-58.1142
-66.371
-66.4411
-76.2059
-76.2885
-87.7884
-87.886
-101.646
-101.764
-118.753
-118.902
-140.769
-140.966
-170.178
-170.441
-209.474
-209.814
-255.299
-255.638
-286.978
-287.084
-266.171
-265.717
-166.146
-165.066
-7.57328
-6.25975
151.769
152.817
252.499
252.979
275.251
275.201
245.947
245.624
202.875
202.55
165.476
165.223
136.895
136.704
115.16
115.012
98.0974
97.9795
84.2653
84.1685
72.8196
72.7391
63.3528
63.2868
55.631
55.5769
49.2759
49.2308
43.8679
43.8289
39.117
39.0823
34.8538
34.8224
30.9903
30.9618
27.4918
27.4662
24.3709
24.3483
21.6642
21.645
19.36
19.3435
17.3659
17.3515
15.5906
15.5775
13.9768
13.9649
12.4972
12.4863
11.1365
11.1265
9.89916
9.89008
8.79857
8.79065
7.84665
7.83983
7.02269
7.0167
6.2915
6.28613
5.62675
5.62182
5.01333
5.00876
4.44457
4.44034
3.91942
3.91554
3.44745
3.44407
2.70246
2.69571
2.00915
2.00488
1.55294
1.55001
1.23366
1.23158
0.997681
0.99609
0.818944
0.817717
0.671481
0.670428
0.54876
-1.78027
-1.98027
-1.99629
-2.21218
-2.22949
-2.46475
-2.48383
-2.74572
-2.7672
-3.06657
-3.09142
-3.43765
-3.46614
-3.85872
-3.89057
-4.32346
-4.35826
-4.82918
-4.86692
-5.37784
-5.41894
-5.97638
-6.02145
-6.63881
-6.68926
-7.39105
-7.44917
-8.26517
-8.33303
-9.27706
-9.3546
-10.4139
-10.4997
-11.6622
-11.7558
-13.0214
-13.1234
-14.5048
-14.6161
-16.1382
-16.2623
-17.9785
-18.1197
-20.1083
-20.2743
-22.6077
-22.8009
-25.4795
-25.698
-28.6841
-28.9255
-32.2111
-32.4764
-36.0901
-36.3832
-40.395
-40.7228
-45.2675
-45.6441
-50.9625
-51.4096
-57.8142
-58.357
-66.0825
-66.7312
-75.8666
-76.63
-87.3869
-88.2906
-101.16
-102.255
-118.143
-119.521
-139.963
-141.781
-169.099
-171.533
-208.077
-211.229
-253.894
-257.033
-286.576
-287.482
-267.995
-263.793
-170.443
-160.646
-12.9844
-0.84174
147.417
157.13
250.522
254.898
275.448
274.842
247.288
244.287
204.221
201.227
166.53
164.178
137.686
135.919
115.771
114.406
98.5873
97.495
84.6663
83.7705
73.1529
72.4083
63.6262
63.016
55.8543
55.3551
49.4622
49.0456
44.0293
43.6683
39.2605
38.9395
34.9835
34.6934
31.1078
30.8447
27.5978
27.3608
24.4637
24.254
21.7442
21.5659
19.428
19.2758
17.4258
17.2919
15.6445
15.5238
14.0257
13.9157
12.5425
12.4411
11.1781
11.0851
9.93669
9.85269
8.83135
8.75801
7.87487
7.81179
7.04749
6.99204
6.3137
6.264
5.64711
5.60152
5.03221
4.98995
4.46204
4.42292
3.93545
3.89958
3.46143
3.43019
2.73046
2.66815
2.02689
1.98742
1.56514
1.53799
1.24229
1.22306
1.00428
0.989561
0.824018
0.812671
0.675837
0.666104
0.552254
-1.80147
-1.83205
-1.86299
-1.89424
-1.92579
-1.9577
-2.01917
-2.05212
-2.08542
-2.11912
-2.15326
-2.18778
-2.25422
-2.28997
-2.32628
-2.36305
-2.40019
-2.43796
-2.51115
-2.55068
-2.59092
-2.63176
-2.67326
-2.71557
-2.79806
-2.84283
-2.88867
-2.93545
-2.9831
-3.03181
-3.1272
-3.17897
-3.23195
-3.28612
-3.34135
-3.39765
-3.50703
-3.56641
-3.62686
-3.68831
-3.7506
-3.81391
-3.93615
-4.002
-4.06878
-4.13649
-4.20509
-4.2745
-4.408
-4.47986
-4.55261
-4.62629
-4.70065
-4.77592
-4.92085
-4.99873
-5.0776
-5.15751
-5.23828
-5.31995
-5.47763
-5.56244
-5.64833
-5.73522
-5.82328
-5.91283
-6.08597
-6.17923
-6.27392
-6.37021
-6.46824
-6.56793
-6.76169
-6.8669
-6.97429
-7.08361
-7.1953
-7.30975
-7.53266
-7.65442
-7.77917
-7.90665
-8.03695
-8.1701
-8.43055
-8.57254
-8.71725
-8.86465
-9.01499
-9.16822
-9.46524
-9.62636
-9.78917
-9.95476
-10.1226
-10.2931
-10.6223
-10.7994
-10.9787
-11.1601
-11.344
-11.5304
-11.8896
-12.0824
-12.2777
-12.4753
-12.6753
-12.878
-13.2691
-13.4793
-13.6922
-13.9081
-14.1266
-14.3479
-14.7753
-15.0056
-15.24
-15.478
-15.7188
-15.9639
-16.4404
-16.6984
-16.9609
-17.2287
-17.5014
-17.7805
-18.3229
-18.6197
-18.9231
-19.2333
-19.5509
-19.8758
-20.513
-20.8616
-21.2179
-21.5829
-21.9557
-22.3366
-23.0784
-23.4821
-23.8938
-24.3131
-24.7387
-25.1724
-26.0109
-26.4637
-26.9235
-27.3905
-27.8644
-28.3451
-29.2708
-29.7704
-30.2769
-30.791
-31.3109
-31.8378
-32.8554
-33.4037
-33.9602
-34.5254
-35.0979
-35.6781
-36.8023
-37.4091
-38.0254
-38.6507
-39.286
-39.9337
-41.1929
-41.8745
-42.5688
-43.2767
-44.0013
-44.7403
-46.1856
-46.9751
-47.7853
-48.6131
-49.4626
-50.3377
-52.0551
-52.9994
-53.9714
-54.9709
-56.0001
-57.0566
-59.1395
-60.2849
-61.4607
-62.6667
-63.904
-65.1748
-67.6626
-69.0263
-70.4187
-71.8456
-73.3034
-74.7985
-77.7289
-79.3274
-80.9661
-82.6425
-84.3603
-86.1245
-89.593
-91.4907
-93.4417
-95.4503
-97.5145
-99.636
-103.84
-106.158
-108.552
-111.029
-113.582
-116.231
-121.52
-124.463
-127.52
-130.696
-134.013
-137.458
-144.419
-148.321
-152.371
-156.607
-161.048
-165.728
-175.082
-180.365
-185.884
-191.576
-197.505
-203.653
-215.794
-222.429
-229.13
-235.878
-242.626
-249.323
-261.397
-267.377
-272.931
-277.56
-281.775
-284.922
-288.347
-288.454
-287.228
-284.436
-279.781
-273.311
-257.131
-245.948
-232.852
-217.958
-201.693
-183.873
-146.434
-124.83
-102.088
-78.5714
-54.5114
-30.2293
16.4126
41.132
65.2114
88.583
111.275
133.028
170.497
188.728
205.173
219.645
232.518
243.544
260.368
266.517
271.175
274.501
276.107
276.102
273.364
270.33
266.544
261.937
256.785
251.411
239.991
233.667
227.263
220.919
214.655
208.459
197.028
191.199
185.627
180.196
174.987
169.95
160.916
156.416
152.136
148.014
144.056
140.242
133.463
130.071
126.823
123.695
120.661
117.747
112.507
109.876
107.323
104.858
102.475
100.167
95.976
93.8566
91.7985
89.7971
87.8519
85.9599
82.519
80.7713
79.0688
77.4112
75.796
74.2267
71.3652
69.9144
68.5059
67.1319
65.8016
64.5098
62.1653
60.9787
59.8255
58.7099
57.6263
56.5739
54.6577
53.6882
52.7463
51.8298
50.9341
50.0626
48.4625
47.646
46.8475
46.0649
45.2988
44.5475
43.1624
42.4509
41.7515
41.0632
40.3858
39.7202
38.4875
37.8514
37.225
36.6067
35.9979
35.3984
34.2857
33.7101
33.1428
32.5824
32.0293
31.4844
30.4744
29.9515
29.4363
28.929
28.4297
27.9379
27.0278
26.5587
26.0976
25.6444
25.1988
24.7636
23.9617
23.5515
23.1502
22.7581
22.3748
22.0012
21.3167
20.9677
20.6264
20.2921
19.9659
19.6471
19.0624
18.7628
18.469
18.1801
17.8965
17.6179
17.1038
16.8389
16.5777
16.3203
16.0668
15.8171
15.354
15.1138
14.8767
14.6429
14.4121
14.1836
13.7603
13.5406
13.3232
13.1088
12.8969
12.6875
12.2979
12.0952
11.8955
11.6986
11.5038
11.3112
10.9543
10.7696
10.5875
10.4079
10.231
10.057
9.73466
9.56891
9.40632
9.24672
9.09026
8.93689
8.65516
8.51107
8.37022
8.23229
8.09747
7.96557
7.72321
7.59902
7.47751
7.35834
7.2415
7.12693
6.9144
6.8052
6.69773
6.59184
6.4876
6.38482
6.19402
6.09523
5.99779
5.90154
5.80634
5.71228
5.53727
5.4462
5.35627
5.26751
5.1796
5.0926
4.93042
4.84615
4.76285
4.68026
4.59869
4.51793
4.36777
4.28952
4.21233
4.13613
4.06097
3.9868
3.84915
3.77794
3.70802
3.63934
3.57202
3.50647
3.3867
3.32633
3.26865
3.11356
2.96104
2.82176
2.58387
2.47039
2.36469
2.26535
2.17217
2.08479
1.93334
1.86
1.79107
1.72561
1.66351
1.60477
1.50073
1.44993
1.4023
1.35645
1.31242
1.27045
1.19664
1.15985
1.12429
1.09007
1.05719
1.02564
0.969154
0.940972
0.913929
0.888138
0.863992
0.840315
0.796765
0.77444
0.752583
0.731193
0.710271
0.689855
0.65251
0.633563
0.615199
0.59741
0.580197
0.563559
