-2.90477
-3.5033
-4.23444
-5.07664
-6.04226
-7.18826
-8.64558
-10.4667
-12.5899
-15.0334
-17.9275
-21.6109
-26.3194
-31.9119
-38.4451
-46.3189
-56.608
-70.6211
-88.9342
-113.577
-150.04
-209.083
-280.387
-241.57
-6.68808
228.334
268.244
201.949
145.783
109.878
85.2993
67.2794
54.2453
44.6964
37.0259
30.5459
25.0446
20.6495
17.2539
14.4418
12.0096
9.89987
8.1632
6.80241
5.66967
4.6786
3.80254
2.81806
1.75455
1.19238
-2.906
-3.50173
-3.50488
-4.23259
-4.23629
-5.07454
-5.07875
-6.03982
-6.04471
-7.18527
-7.19125
-8.64171
-8.64946
-10.4621
-10.4714
-12.5846
-12.5953
-15.0272
-15.0396
-17.9199
-17.9351
-21.601
-21.6208
-26.3073
-26.3316
-31.8977
-31.9259
-38.4284
-38.4618
-46.2982
-46.3396
-56.5797
-56.6363
-70.5834
-70.6588
-88.8855
-88.983
-113.508
-113.646
-149.932
-150.147
-208.911
-209.255
-280.277
-280.496
-241.911
-241.227
-7.36259
-6.01371
227.985
228.682
268.341
268.145
202.107
201.79
145.887
145.68
109.946
109.81
85.3484
85.2503
67.3155
67.2434
54.2708
54.2198
44.7161
44.6766
37.0424
37.0094
30.56
30.5319
25.0563
25.0329
20.6585
20.6405
17.2611
17.2468
14.4479
14.4357
12.015
12.0043
9.90442
9.89532
8.16678
8.15961
6.80529
6.79953
5.67215
5.6672
4.68079
4.67642
3.80445
3.80063
2.82155
2.81456
1.75629
1.75281
1.19338
-2.91933
-3.48486
-3.52183
-4.21274
-4.25615
-5.05193
-5.10141
-6.01361
-6.07109
-7.15323
-7.22355
-8.60017
-8.69127
-10.4122
-10.5209
-12.5271
-12.6528
-14.9607
-15.1062
-17.8389
-18.0168
-21.4949
-21.7278
-26.177
-26.4625
-31.7457
-32.0767
-38.2497
-38.6416
-46.0764
-46.5633
-56.2774
-56.9414
-70.1798
-71.0658
-88.3599
-89.5118
-112.771
-114.389
-148.79
-151.313
-207.077
-211.101
-279.044
-281.625
-245.496
-237.481
-14.6109
1.22555
224.137
232.328
269.36
267.016
203.837
200.092
147.013
144.574
110.686
109.079
85.8779
84.7255
67.7065
66.8576
54.5465
53.944
44.9298
44.4644
37.2201
36.8327
30.7116
30.3809
25.1825
24.9076
20.7557
20.544
17.3382
17.17
14.5139
14.3701
12.0724
11.9471
9.95337
9.84658
8.20541
8.1212
6.83629
6.76869
5.69883
5.64063
4.70431
4.65298
3.82507
3.78013
2.85967
2.77741
1.77518
1.73425
1.20405
-2.97224
-3.05536
-3.14167
-3.23104
-3.32401
-3.41989
-3.58863
-3.69257
-3.79961
-3.9094
-4.02154
-4.13618
-4.33452
-4.45559
-4.57898
-4.70501
-4.83314
-4.96448
-5.19093
-5.32901
-5.4703
-5.61464
-5.76185
-5.91267
-6.17499
-6.33589
-6.50154
-6.67221
-6.84753
-7.0299
-7.35141
-7.55255
-7.76157
-7.97907
-8.2056
-8.43999
-8.85658
-9.11405
-9.37891
-9.65248
-9.93316
-10.2202
-10.718
-11.0227
-11.3337
-11.6511
-11.9744
-12.305
-12.8785
-13.2279
-13.5846
-13.9497
-14.3231
-14.7046
-15.3684
-15.7763
-16.1946
-16.6252
-17.0694
-17.5277
-18.3393
-18.8435
-19.3712
-19.9207
-20.4929
-21.0898
-22.1505
-22.81
-23.4943
-24.1988
-24.9263
-25.6745
-26.9776
-27.7759
-28.5929
-29.4297
-30.2849
-31.1576
-32.6783
-33.6087
-34.5601
-35.5355
-36.5353
-37.5615
-39.3496
-40.4512
-41.589
-42.7593
-43.9711
-45.2268
-47.4494
-48.8467
-50.3054
-51.837
-53.4394
-55.1233
-58.1543
-60.0707
-62.0796
-64.1747
-66.3527
-68.6309
-72.6749
-75.1984
-77.8192
-80.5499
-83.3932
-86.3488
-91.6216
-94.9412
-98.4239
-102.078
-105.928
-109.979
-117.347
-122.09
-127.134
-132.524
-138.285
-144.463
-155.978
-163.56
-171.748
-180.557
-189.951
-200.072
-218.394
-229.796
-241.375
-252.969
-263.759
-273.484
-285.059
-288.169
-287.413
-282.385
-273.255
-257.939
-221.476
-192.895
-160.446
-123.366
-83.8734
-42.4788
29.0077
70.3553
109.788
146.383
179.286
207.952
245.154
260.091
270.207
274.821
275.523
272.771
262.213
253.214
243.045
232.267
221.47
210.705
193.572
184.023
175.033
166.643
158.841
151.533
140.362
134.282
128.644
123.324
118.324
113.632
106.302
102.255
98.4186
94.7682
91.2916
87.9739
82.7188
79.7809
76.9644
74.2758
71.7087
69.258
65.3831
63.2297
61.181
59.2419
57.4029
55.6518
52.8926
51.3446
49.8713
48.4566
47.0904
45.773
43.6496
42.4395
41.2618
40.1187
39.0036
37.9181
36.1523
35.1371
34.1463
33.1784
32.232
31.3074
29.7995
28.9314
28.0852
27.259
26.458
25.6804
24.4239
23.7153
23.0308
22.3732
21.7433
21.1386
20.1754
19.6329
19.1078
18.6034
18.1158
17.6424
16.8739
16.4331
16.0039
15.5837
15.1731
14.773
14.1161
13.7374
13.3663
13.0029
12.6462
12.298
11.7261
11.396
11.0726
10.756
10.4471
10.1467
9.6591
9.38065
9.11118
8.85072
8.59998
8.35934
7.97408
7.7562
7.54705
7.34345
7.1477
6.95828
6.64991
6.47293
6.30006
6.13105
5.96551
5.8035
5.53804
5.38466
5.23391
5.08557
4.93991
4.79692
4.56237
4.42623
4.29258
4.16124
4.03265
3.90658
3.70094
3.58293
3.46864
3.35921
3.25643
3.01604
2.63862
2.44577
2.27283
2.11742
1.97792
1.85126
1.66462
1.5659
1.47584
1.3935
1.31762
1.24715
