-2.13752
-2.37496
-2.63666
-2.93068
-3.26601
-3.64672
-4.07084
-4.53487
-5.03874
-5.58616
-6.18587
-6.85273
-7.6105
-8.48122
-9.47311
-10.579
-11.7911
-13.111
-14.5518
-16.1397
-17.9219
-19.9647
-22.3266
-25.0254
-28.043
-31.3678
-35.0209
-39.0608
-43.596
-48.8017
-54.9378
-62.2435
-70.8755
-80.9719
-92.8377
-107.06
-124.597
-146.921
-175.824
-211.604
-247.996
-265.607
-235.514
-143.5
-6.70222
130.284
222.998
254.052
238.24
204.027
170.207
142.451
120.633
103.304
89.1978
77.4631
67.6454
59.4814
52.7017
46.9781
42.0157
37.6036
33.6268
30.0167
26.7528
23.8512
21.3214
19.1362
17.2222
15.5114
13.9557
12.5279
11.2168
10.0223
8.95323
8.01481
7.19464
6.46688
5.80749
5.20129
4.64002
4.12094
3.64968
3.14738
2.31611
1.77666
1.40239
1.13208
0.926021
0.766814
-2.13843
-2.37396
-2.37595
-2.63555
-2.63777
-2.92942
-2.93194
-3.26457
-3.26744
-3.6451
-3.64834
-4.06906
-4.07263
-4.53293
-4.53681
-5.03663
-5.04084
-5.58387
-5.58846
-6.18334
-6.1884
-6.84989
-6.85558
-7.60724
-7.61377
-8.47748
-8.48496
-9.46889
-9.47733
-10.5744
-10.5837
-11.786
-11.7961
-13.1055
-13.1166
-14.5458
-14.5579
-16.133
-16.1464
-17.9143
-17.9296
-19.9559
-19.9735
-22.3164
-22.3368
-25.0139
-25.0368
-28.0302
-28.0557
-31.3538
-31.3818
-35.0055
-35.0363
-39.0437
-39.0779
-43.5766
-43.6154
-48.779
-48.8244
-54.911
-54.9646
-62.2116
-62.2754
-70.838
-70.913
-80.9281
-81.0158
-92.7856
-92.8898
-106.997
-107.122
-124.518
-124.676
-146.819
-147.023
-175.694
-175.955
-211.451
-211.756
-247.87
-248.123
-265.611
-265.602
-235.767
-235.259
-143.996
-143.003
-7.28805
-6.11617
129.795
130.769
222.748
223.247
254.04
254.063
238.358
238.121
204.168
203.887
170.332
170.081
142.549
142.353
120.711
120.556
103.366
103.241
89.2494
89.1462
77.5062
77.42
67.6814
67.6095
59.5112
59.4516
52.7266
52.6768
46.9994
46.9569
42.0344
41.997
37.6204
37.5868
33.642
33.6116
30.0305
30.0029
26.7652
26.7404
23.8621
23.8403
21.3309
21.312
19.1444
19.128
17.2295
17.215
15.5179
15.5049
13.9617
13.9497
12.5334
12.5224
11.2218
11.2118
10.0268
10.0177
8.95725
8.9492
8.01833
8.0113
7.19773
7.19155
6.46966
6.4641
5.81002
5.80495
5.20362
5.19894
4.64219
4.63785
4.12294
4.11895
3.65145
3.64791
3.15161
3.14316
2.31874
2.31348
1.77844
1.77488
1.40365
1.40112
1.13302
1.13115
0.926749
0.925294
0.767402
-2.14598
-2.36576
-2.3842
-2.62642
-2.64694
-2.91906
-2.94237
-3.25275
-3.27932
-3.63176
-3.66173
-4.05435
-4.08739
-4.51695
-4.55285
-5.01929
-5.05824
-5.56497
-5.60741
-6.16249
-6.20934
-6.8265
-6.87908
-7.5804
-7.64073
-8.44669
-8.51591
-9.43414
-9.51224
-10.536
-10.6222
-11.7441
-11.8381
-13.06
-13.1623
-14.4959
-14.608
-16.0776
-16.2021
-17.8516
-17.9926
-19.8833
-20.0464
-22.2327
-22.421
-24.9193
-25.1319
-27.9253
-28.1606
-31.2388
-31.4973
-34.8788
-35.1635
-38.9028
-39.2194
-43.4169
-43.776
-48.5927
-49.0124
-54.6905
-55.1867
-61.9496
-62.5393
-70.5295
-71.2234
-80.5678
-81.3784
-92.3571
-93.3206
-106.482
-107.642
-123.872
-125.326
-145.984
-147.867
-174.621
-177.037
-210.205
-213.015
-246.817
-249.158
-265.617
-265.531
-237.82
-233.145
-148.044
-138.892
-12.1127
-1.27278
125.726
134.738
220.648
225.239
253.913
254.121
239.324
237.127
205.359
202.714
171.367
169.053
143.365
141.544
121.358
119.916
103.883
102.73
89.6765
88.7223
77.8636
77.066
67.9793
67.314
59.7582
59.2065
52.9326
52.4722
47.1755
46.7817
42.1894
41.8428
37.7596
37.4484
33.7677
33.4864
30.1445
29.8893
26.8678
26.6383
23.9522
23.7504
21.4089
21.2344
19.212
19.0607
17.2893
17.1553
15.572
15.451
14.0111
13.9005
12.5788
12.4771
11.2634
11.1703
10.0645
9.98022
8.99056
8.91606
8.04738
7.98241
7.2233
7.1661
6.49263
6.44125
5.83095
5.78408
5.22296
5.1797
4.66012
4.61998
4.13942
4.10253
3.66611
3.63334
3.18682
3.10865
2.34062
2.29193
1.79325
1.76027
1.41416
1.39074
1.14079
1.12346
0.932787
0.919325
0.772267
-2.16941
-2.20275
-2.23659
-2.27086
-2.3055
-2.34062
-2.40981
-2.44642
-2.4836
-2.52129
-2.55954
-2.59848
-2.67548
-2.71631
-2.75792
-2.80026
-2.8435
-2.88743
-2.97475
-3.02119
-3.06871
-3.11702
-3.16629
-3.21659
-3.3163
-3.36937
-3.42338
-3.47828
-3.5341
-3.59092
-3.70331
-3.76273
-3.82312
-3.88429
-3.94639
-4.00926
-4.13317
-4.19842
-4.26464
-4.3316
-4.39931
-4.46793
-4.60266
-4.67373
-4.74548
-4.81809
-4.89159
-4.96605
-5.11223
-5.18917
-5.26711
-5.34602
-5.42606
-5.50698
-5.6662
-5.75031
-5.83559
-5.92194
-6.00942
-6.09854
-6.27434
-6.36744
-6.46187
-6.55781
-6.65549
-6.75498
-6.95221
-7.05709
-7.16447
-7.27349
-7.3848
-7.49836
-7.7247
-7.84512
-7.96817
-8.09377
-8.22185
-8.35256
-8.61219
-8.7503
-8.89099
-9.03397
-9.17954
-9.32775
-9.62059
-9.77558
-9.93307
-10.0926
-10.2543
-10.4184
-10.7417
-10.9121
-11.0849
-11.2595
-11.4366
-11.6158
-11.9684
-12.154
-12.3422
-12.5325
-12.7251
-12.9204
-13.3041
-13.5062
-13.7115
-13.9192
-14.1297
-14.3432
-14.7637
-14.9858
-15.2111
-15.4395
-15.6716
-15.9079
-16.3751
-16.6229
-16.8753
-17.1317
-17.3929
-17.6594
-18.1894
-18.4717
-18.76
-19.0539
-19.3544
-19.6617
-20.2734
-20.6002
-20.934
-21.2747
-21.6221
-21.977
-22.683
-23.0581
-23.441
-23.83
-24.2263
-24.6297
-25.4274
-25.8496
-26.2788
-26.714
-27.1557
-27.604
-28.4882
-28.955
-29.4279
-29.9073
-30.3927
-30.8854
-31.8563
-32.3688
-32.8887
-33.4154
-33.9492
-34.4904
-35.5585
-36.1238
-36.6973
-37.2799
-37.8707
-38.4706
-39.6598
-40.2898
-40.9306
-41.585
-42.2509
-42.9284
-44.2759
-44.9935
-45.7274
-46.4762
-47.2424
-48.0259
-49.5964
-50.4374
-51.2976
-52.1819
-53.0895
-54.0183
-55.8808
-56.8834
-57.9103
-58.9625
-60.0421
-61.1484
-63.3635
-64.5501
-65.7665
-67.0115
-68.2848
-69.5872
-72.1908
-73.5804
-75.0024
-76.4573
-77.9448
-79.4674
-82.5097
-84.1391
-85.8073
-87.5181
-89.2661
-91.0577
-94.6644
-96.6029
-98.5895
-100.633
-102.738
-104.91
-109.271
-111.631
-114.084
-116.603
-119.213
-121.909
-127.373
-130.358
-133.446
-136.665
-140
-143.454
-150.518
-154.39
-158.416
-162.589
-166.894
-171.36
-180.433
-185.357
-190.42
-195.596
-200.942
-206.354
-216.904
-222.447
-227.934
-233.318
-238.561
-243.518
-252.249
-256.185
-259.481
-262.195
-264.145
-265.309
-264.881
-263.13
-260.328
-256.314
-250.711
-243.653
-226.29
-215.619
-203.619
-190.35
-176.02
-160.032
-126.089
-107.388
-87.8395
-67.8614
-47.6807
-26.9449
13.6311
34.2555
54.7302
74.6484
93.9529
112.796
146.709
162.731
177.399
190.759
202.869
213.754
231.012
238.008
243.423
247.882
251.211
253.148
253.914
252.854
251.245
248.672
245.579
242.091
233.925
229.25
224.391
219.305
214.199
209.061
199.109
194.06
189.049
184.153
179.324
174.606
165.93
161.668
157.516
153.514
149.645
145.927
139.082
135.706
132.455
129.313
126.299
123.374
117.968
115.302
112.747
110.265
107.844
105.499
101.172
99.0241
96.9355
94.9035
92.9311
91.0101
87.4302
85.653
83.919
82.2292
80.5827
78.9782
75.9872
74.4967
73.0451
71.627
70.2505
68.9093
66.4143
65.1722
63.9651
62.7881
61.6424
60.5289
58.4596
57.4306
56.4297
55.4533
54.5018
53.5749
51.8478
50.9857
50.1429
49.3188
48.5131
47.7246
46.2459
45.5038
44.7763
44.0623
43.3614
42.6717
41.3714
40.7152
40.0689
39.4332
38.8077
38.1918
37.0251
36.4353
35.8535
35.2806
34.7157
34.1582
33.1019
32.5668
32.0392
31.5187
31.0052
30.4987
29.5411
29.0559
28.5779
28.1072
27.6436
27.1869
26.326
25.8922
25.4655
25.0472
24.6355
24.2324
23.4762
23.0955
22.7227
22.3585
22.0014
21.6521
20.9976
20.6693
20.3476
20.0328
19.7243
19.4222
18.8548
18.5685
18.2881
18.0126
17.7414
17.4753
16.9728
16.719
16.4688
16.2226
15.9795
15.7398
15.286
15.0556
14.8284
14.6044
14.3829
14.1644
13.7492
13.5381
13.3298
13.1241
12.9206
12.7199
12.3384
12.1445
11.953
11.7638
11.5767
11.3926
11.0433
10.8659
10.6911
10.5188
10.3486
10.1814
9.86556
9.70582
9.54889
9.39459
9.24299
9.09435
8.81461
8.67364
8.53581
8.40068
8.26794
8.13792
7.89409
7.77109
7.65071
7.53264
7.41665
7.3028
7.08833
6.98015
6.87354
6.76876
6.66546
6.56387
6.3713
6.27369
6.17745
6.0825
5.98864
5.89582
5.72008
5.63052
5.5422
5.4549
5.36844
5.28302
5.12053
5.0378
4.95591
4.87501
4.79488
4.7157
4.56516
4.48841
4.41257
4.33763
4.26372
4.19058
4.05222
3.98202
3.91281
3.84468
3.77773
3.71195
3.58882
3.52715
3.46691
3.40822
3.35101
3.2956
3.00572
2.86932
2.7424
2.6245
2.51403
2.41014
2.22724
2.14046
2.05857
1.98122
1.9085
1.83997
1.71622
1.65672
1.60022
1.54681
1.49554
1.44715
1.35936
1.31669
1.27602
1.23729
1.20044
1.16515
1.10015
1.06828
1.03768
1.00802
0.979354
0.951751
0.901258
0.877187
0.854117
0.831474
0.80923
0.787437
