-1.76577
-2.06505
-2.39796
-2.77975
-3.24172
-3.80215
-4.44637
-5.16631
-5.973
-6.89989
-8.02306
-9.40771
-11.0253
-12.8458
-14.891
-17.2394
-20.0798
-23.629
-27.8595
-32.6882
-38.1873
-44.6038
-52.5347
-62.8819
-76.1155
-92.7569
-114.513
-145.263
-192.59
-261.679
-312.505
-235.176
-6.91764
221.36
299.683
252.172
186.926
141.291
110.871
89.1274
72.6136
59.9918
50.5249
43.0627
36.784
31.3194
26.5392
22.4962
19.2521
16.5997
14.3053
12.2669
10.4502
8.87655
7.58655
6.52499
5.60212
4.77421
4.02674
3.3742
2.28995
1.58647
1.16112
0.875642
0.668763
-1.76657
-2.06416
-2.06593
-2.39696
-2.39895
-2.77857
-2.78092
-3.24029
-3.24316
-3.80045
-3.80386
-4.44446
-4.44829
-5.16418
-5.16845
-5.97058
-5.97541
-6.89705
-6.90273
-8.01953
-8.02659
-9.40345
-9.41197
-11.0205
-11.0302
-12.8404
-12.8512
-14.8849
-14.8971
-17.2323
-17.2466
-20.0709
-20.0888
-23.618
-23.64
-27.8467
-27.8722
-32.6738
-32.7026
-38.1707
-38.2039
-44.5841
-44.6236
-52.5094
-52.56
-62.8488
-62.9149
-76.074
-76.1571
-92.7041
-92.8098
-114.442
-114.584
-145.157
-145.369
-192.423
-192.756
-261.474
-261.884
-312.494
-312.515
-235.642
-234.707
-7.6556
-6.17997
220.894
221.824
299.687
299.678
252.37
251.974
187.082
186.769
141.394
141.187
110.942
110.8
89.1803
89.0746
72.6543
72.573
60.0225
59.9613
50.5482
50.5017
43.0818
43.0437
36.8004
36.7676
31.3338
31.3051
26.5516
26.5267
22.5064
22.486
19.2602
19.2439
16.6065
16.5928
14.3114
14.2992
12.2724
12.2615
10.455
10.4453
8.88058
8.87252
7.58981
7.58329
6.52775
6.52223
5.60457
5.59967
4.77643
4.772
4.02873
4.02476
3.37585
3.37256
2.29258
2.28732
1.58799
1.58495
1.16209
1.16016
0.876283
0.875001
0.669287
-1.77439
-2.05555
-2.07458
-2.38729
-2.40867
-2.76717
-2.79237
-3.22634
-3.25721
-3.78389
-3.82049
-4.42579
-4.46703
-5.14343
-5.18932
-5.94709
-5.99901
-6.86943
-6.93048
-7.98525
-8.06107
-9.36201
-9.45361
-10.9734
-11.0774
-12.7876
-12.9042
-14.8253
-14.9569
-17.1625
-17.3168
-19.9842
-20.1762
-23.5115
-23.7476
-27.7227
-27.9968
-32.5333
-32.8438
-38.0098
-38.3661
-44.3918
-44.8173
-52.2637
-52.8079
-62.5271
-63.2384
-75.6705
-76.5644
-92.1911
-93.3272
-113.75
-115.285
-144.136
-146.407
-190.816
-194.391
-259.455
-263.864
-312.304
-312.541
-240.094
-230.053
-14.7798
0.99084
216.285
226.283
299.673
299.573
254.305
250.047
188.618
185.253
142.401
140.186
111.636
110.113
89.6975
88.5617
73.0525
72.1783
60.3221
59.6643
50.7757
50.2752
43.2683
42.8582
36.9604
36.6081
31.4744
31.1651
26.6735
26.4057
22.6063
22.3869
19.3399
19.1648
16.6737
16.5259
14.3707
14.2398
12.3253
12.2087
10.5018
10.3986
8.91997
8.83342
7.62166
7.55164
6.55472
6.49538
5.62848
5.57584
4.79806
4.75044
4.04813
4.00544
3.39194
3.35659
2.31845
2.26197
1.60287
1.57029
1.17157
1.15079
0.882553
0.868769
0.674383
-1.80295
-1.84599
-1.88963
-1.93398
-1.97889
-2.02456
-2.10616
-2.1538
-2.20216
-2.25142
-2.30147
-2.35248
-2.44419
-2.49802
-2.55305
-2.60942
-2.66707
-2.72637
-2.83441
-2.89843
-2.96475
-3.03303
-3.10349
-3.17615
-3.30889
-3.38774
-3.46882
-3.55207
-3.63717
-3.72437
-3.88133
-3.97339
-4.06716
-4.16275
-4.25989
-4.35858
-4.53535
-4.63852
-4.74343
-4.85022
-4.95845
-5.06863
-5.26559
-5.38093
-5.49817
-5.61755
-5.73895
-5.86266
-6.08529
-6.21606
-6.34965
-6.48654
-6.62671
-6.77047
-7.03213
-7.18797
-7.34863
-7.51452
-7.68589
-7.86309
-8.18763
-8.38105
-8.58054
-8.78626
-8.99719
-9.21371
-9.60557
-9.83586
-10.071
-10.3109
-10.555
-10.8038
-11.2498
-11.5104
-11.7751
-12.045
-12.3193
-12.5978
-13.0975
-13.3891
-13.6864
-13.9901
-14.2977
-14.6114
-15.1757
-15.5071
-15.8462
-16.1931
-16.5483
-16.9128
-17.5745
-17.9675
-18.3729
-18.7914
-19.2253
-19.6743
-20.4982
-20.9907
-21.5002
-22.0263
-22.5693
-23.128
-24.1417
-24.7423
-25.3555
-25.983
-26.6232
-27.2768
-28.452
-29.1404
-29.8425
-30.5564
-31.285
-32.0273
-33.3599
-34.1425
-34.938
-35.7516
-36.5826
-37.4308
-38.959
-39.8607
-40.7845
-41.732
-42.7044
-43.7041
-45.5281
-46.6171
-47.7449
-48.9116
-50.1285
-51.3867
-53.7222
-55.1328
-56.6036
-58.1334
-59.7255
-61.3798
-64.4304
-66.2599
-68.1541
-70.1132
-72.1368
-74.2283
-78.0604
-80.3541
-82.7263
-85.1825
-87.7248
-90.3618
-95.236
-98.1779
-101.241
-104.438
-107.792
-111.304
-117.878
-121.907
-126.17
-130.691
-135.47
-140.55
-150.256
-156.32
-162.818
-169.771
-177.189
-185.145
-200.413
-209.787
-219.752
-230.175
-240.945
-252.001
-271.112
-281.488
-291.154
-299.589
-305.929
-310.562
-311.991
-308.103
-300.548
-289.414
-274.288
-255.021
-212.159
-182.694
-150.258
-115.504
-78.5971
-40.559
26.8246
65.0269
101.726
136.642
168.949
198.476
241.427
260.695
275.675
287.338
294.822
298.755
298.281
294.031
287.741
279.952
270.924
261.081
243.091
232.774
222.638
212.795
203.351
194.412
179.884
172.275
165.102
158.398
152.067
146.167
136.665
131.644
126.932
122.464
118.238
114.216
107.668
104.161
100.815
97.613
94.5416
91.603
86.733
84.1001
81.5662
79.1258
76.78
74.5194
70.77
68.7423
66.7965
64.9299
63.141
61.4265
58.6087
57.0913
55.6365
54.2408
52.9014
51.6127
49.4674
48.2951
47.1619
46.0623
44.9923
43.9517
42.1938
41.2231
40.2733
39.3452
38.4371
37.5468
36.0334
35.1924
34.3685
33.5601
32.767
31.9885
30.6622
29.9239
29.2009
28.4921
27.7988
27.1205
25.9704
25.3363
24.7182
24.1179
23.5367
22.9739
22.0319
21.5193
21.0234
20.5441
20.0813
19.6335
18.8812
18.4692
18.0675
17.6756
17.2935
16.92
16.2855
15.9328
15.5866
15.2478
14.9141
14.5871
14.0275
13.7156
13.4091
13.107
12.8106
12.5185
12.0188
11.74
11.4659
11.1965
10.9322
10.6729
10.2312
9.98625
9.74695
9.51313
9.28566
9.06468
8.69323
8.49004
8.29309
8.10235
7.91753
7.73855
7.43818
7.27302
7.11262
6.95575
6.80291
6.65343
6.39883
6.25732
6.11838
5.98197
5.84776
5.71587
5.48983
5.36354
5.2393
5.11657
4.99596
4.87698
4.6726
4.5585
4.44608
4.33529
4.22629
4.11906
3.93602
3.83427
3.73469
3.63752
3.54298
3.45144
3.29975
3.16104
2.94287
2.74828
2.57351
2.41571
2.17394
2.05263
1.9415
1.83894
1.74481
1.65754
1.51909
1.44797
1.382
1.31948
1.2608
1.2062
1.11758
1.07034
1.02576
0.983651
0.943829
0.906255
0.846438
0.813949
0.782382
0.751708
0.721986
0.693185
