-2.95816
-3.15474
-3.37096
-3.60571
-3.85556
-4.11792
-4.39247
-4.67881
-4.97748
-5.28901
-5.61479
-5.95619
-6.31547
-6.69694
-7.10652
-7.55662
-8.05704
-8.61012
-9.21151
-9.85348
-10.529
-11.2362
-11.9755
-12.7479
-13.5552
-14.401
-15.2895
-16.2271
-17.2251
-18.3009
-19.4908
-20.8186
-22.2919
-23.899
-25.6205
-27.4353
-29.3408
-31.343
-33.445
-35.6525
-37.9872
-40.4572
-43.0904
-45.9292
-49.0357
-52.5198
-56.4761
-60.9498
-65.9234
-71.3712
-77.3001
-83.7673
-90.855
-98.7018
-107.486
-117.456
-128.936
-142.429
-158.646
-178.627
-203.206
-233.299
-268.14
-302.302
-325.272
-325.323
-292.577
-222.441
-122.811
-6.805
109.155
208.615
277.974
311.618
312.724
289.756
257.287
225.341
197.239
173.763
154.623
138.83
125.389
113.906
103.91
95.081
87.1931
80.0771
73.6333
67.8161
62.6315
58.0871
54.1078
50.5777
47.3789
44.4231
41.661
39.0661
36.6113
34.2827
32.0717
29.9699
27.9704
26.0785
24.3077
22.69
21.2323
19.9258
18.7417
17.6476
16.6185
15.6423
14.7153
13.8286
12.9801
12.1689
11.3927
10.6503
9.94407
9.28201
8.67224
8.11982
7.62069
7.16516
6.74057
6.3392
5.95702
5.59169
5.24047
4.90294
4.57816
4.2652
3.96411
3.67507
3.39661
3.07835
2.56344
2.16055
1.84953
1.60163
-2.95943
-3.15333
-3.15614
-3.36943
-3.3725
-3.60407
-3.60734
-3.85386
-3.85725
-4.11603
-4.11981
-4.39055
-4.39438
-4.67682
-4.6808
-4.97541
-4.97956
-5.28685
-5.29118
-5.61252
-5.61705
-5.95381
-5.95857
-6.31296
-6.31799
-6.69426
-6.69962
-7.10361
-7.10943
-7.5534
-7.55983
-8.05345
-8.06062
-8.60618
-8.61406
-9.20734
-9.21571
-9.84886
-9.8581
-10.5242
-10.5339
-11.2313
-11.2411
-11.9704
-11.9807
-12.7425
-12.7533
-13.5496
-13.5608
-14.3951
-14.4069
-15.2833
-15.2957
-16.2205
-16.2336
-17.2181
-17.2321
-18.2933
-18.3085
-19.4823
-19.4993
-20.8091
-20.8282
-22.2814
-22.3024
-23.8875
-23.9105
-25.6082
-25.6328
-27.4227
-27.448
-29.3275
-29.3541
-31.329
-31.357
-33.4303
-33.4596
-35.6371
-35.668
-37.9709
-38.0035
-40.4398
-40.4745
-43.0718
-43.1089
-45.9091
-45.9493
-49.0134
-49.058
-52.4946
-52.545
-56.4475
-56.5048
-60.9175
-60.982
-65.8878
-65.959
-71.3326
-71.4099
-77.2581
-77.3422
-83.7213
-83.8133
-90.8045
-90.9056
-98.6454
-98.7583
-107.422
-107.549
-117.383
-117.529
-128.852
-129.021
-142.329
-142.529
-158.524
-158.768
-178.475
-178.779
-203.022
-203.389
-233.066
-233.532
-267.902
-268.378
-302.094
-302.509
-325.172
-325.371
-325.426
-325.219
-292.924
-292.229
-223.035
-221.847
-123.565
-122.056
-7.61595
-5.99404
108.4
109.909
208.026
209.203
277.624
278.322
311.502
311.733
312.814
312.633
290.005
289.509
257.496
257.065
225.55
225.132
197.416
197.062
173.907
173.619
154.741
154.505
138.929
138.73
125.473
125.305
113.978
113.833
103.974
103.846
95.1376
95.0243
87.2439
87.1424
80.1231
80.0311
73.675
73.5916
67.8535
67.7785
62.6643
62.5988
58.116
58.0582
54.1331
54.0824
50.6005
50.555
47.3998
47.358
44.4425
44.4037
41.6792
41.6427
39.0833
39.049
36.6275
36.5951
34.2981
34.2673
32.0864
32.0571
29.9838
29.9559
27.9837
27.957
26.0911
26.0658
24.3191
24.2962
22.7005
22.6796
21.2416
21.223
19.9342
19.9174
18.7494
18.734
17.6548
17.6404
16.6253
16.6117
15.6488
15.6358
14.7215
14.7092
13.8345
13.8227
12.9857
12.9744
12.1743
12.1635
11.3979
11.3875
10.6553
10.6452
9.94873
9.93942
9.28634
9.27768
8.67619
8.6683
8.12337
8.11627
7.62391
7.61748
7.16814
7.16218
6.74337
6.73777
6.34186
6.33654
5.95957
5.95447
5.59412
5.58925
5.24281
5.23814
4.90519
4.90069
4.58038
4.57594
4.26731
4.26308
3.96612
3.96211
3.67699
3.67315
3.39848
3.39473
3.08201
3.07469
2.56656
2.56032
2.16293
2.15817
1.85142
1.84765
1.60315
-2.96803
-3.14388
-3.16565
-3.35908
-3.38289
-3.59299
-3.61838
-3.84236
-3.86921
-4.10393
-4.13246
-4.37758
-4.40725
-4.66325
-4.69427
-4.96142
-4.99357
-5.27223
-5.30584
-5.59724
-5.63237
-5.93779
-5.97465
-6.29603
-6.33498
-6.67621
-6.71774
-7.08405
-7.1291
-7.53175
-7.58162
-8.02934
-8.08481
-8.57964
-8.64071
-9.17907
-9.24455
-9.81916
-9.88905
-10.4917
-10.5659
-11.1979
-11.2743
-11.9356
-12.0154
-12.7063
-12.7895
-13.5116
-13.5988
-14.3554
-14.4467
-15.2415
-15.3376
-16.1762
-16.2781
-17.1709
-17.2796
-18.2418
-18.3603
-19.4251
-19.557
-20.7448
-20.8928
-22.2108
-22.3738
-23.8118
-23.9882
-25.5253
-25.7142
-27.3356
-27.5336
-29.238
-29.4439
-31.2349
-31.4514
-33.3316
-33.5587
-35.5328
-35.7725
-37.861
-38.1138
-40.3232
-40.5916
-42.9469
-43.2344
-45.7737
-46.0854
-48.8636
-49.2088
-52.3254
-52.7161
-56.255
-56.6987
-60.7009
-61.2001
-65.6485
-66.1993
-71.0716
-71.6714
-76.9749
-77.6268
-83.4116
-84.1248
-90.4642
-91.2481
-98.2658
-99.1406
-106.996
-107.978
-116.895
-118.021
-128.286
-129.592
-141.658
-143.207
-157.705
-159.598
-177.455
-179.814
-201.763
-204.598
-231.502
-234.977
-266.291
-269.989
-300.888
-303.893
-324.463
-326.006
-326.079
-324.476
-295.217
-289.831
-227.014
-217.806
-128.635
-116.94
-13.09
-0.52014
103.286
114.979
204.01
213.131
275.216
280.626
310.681
312.81
313.389
311.963
291.282
287.847
258.904
255.409
226.966
223.728
198.624
195.875
174.884
172.655
155.545
153.71
139.602
138.064
126.042
124.741
114.471
113.344
104.405
103.418
95.5212
94.6435
87.5877
86.801
80.4346
79.7233
73.9573
73.3109
68.1069
67.5262
62.8864
62.378
58.3121
57.864
54.3049
53.9118
50.7547
50.4016
47.5411
47.2175
44.5737
44.273
41.8024
41.52
39.1992
38.9335
36.7373
36.4856
34.4022
34.1634
32.1853
31.9583
30.0781
29.8612
28.0734
27.867
26.1766
25.9811
24.3972
24.219
22.7709
22.6093
21.3045
21.1602
19.991
19.8608
18.8015
18.6821
17.7036
17.5918
16.6713
16.5659
15.6926
15.5921
14.7631
14.6676
13.8743
13.783
13.0239
12.9363
12.2108
12.1271
11.4329
11.3524
10.689
10.6123
9.98094
9.9081
9.31566
9.24851
8.70286
8.64173
8.14736
8.09235
7.64569
7.5958
7.18827
7.14212
6.76232
6.71889
6.35985
6.3186
5.97679
5.93729
5.61058
5.57282
5.25859
5.2224
4.9204
4.88539
4.59511
4.56118
4.28158
4.24895
3.97969
3.94857
3.68999
3.66019
3.41117
3.38207
3.10651
3.04942
2.58778
2.53943
2.17915
2.14223
1.86425
1.835
1.61345
-2.9885
-3.01452
-3.04082
-3.06741
-3.09428
-3.12172
-3.18821
-3.21693
-3.24601
-3.27535
-3.30469
-3.33479
-3.40769
-3.43902
-3.47056
-3.50237
-3.53448
-3.5669
-3.64511
-3.67856
-3.71217
-3.74612
-3.78029
-3.81469
-3.89732
-3.9324
-3.9678
-4.00334
-4.03908
-4.07512
-4.16174
-4.19844
-4.23527
-4.27255
-4.31005
-4.34764
-4.43778
-4.47607
-4.51466
-4.5534
-4.5924
-4.63149
-4.72616
-4.7661
-4.80601
-4.84677
-4.88745
-4.92841
-5.02679
-5.06846
-5.11049
-5.15273
-5.1951
-5.23759
-5.34059
-5.38406
-5.42812
-5.47217
-5.51652
-5.56095
-5.66871
-5.71422
-5.7603
-5.80653
-5.85304
-5.89988
-6.01281
-6.06064
-6.1091
-6.15773
-6.2067
-6.25621
-6.37532
-6.426
-6.47738
-6.52893
-6.58058
-6.63377
-6.76076
-6.81436
-6.86953
-6.92514
-6.9815
-7.03815
-7.17592
-7.23525
-7.29557
-7.35651
-7.41845
-7.48105
-7.63376
-7.69971
-7.76663
-7.83424
-7.90303
-7.97282
-8.14251
-8.2159
-8.29014
-8.36475
-8.44012
-8.51731
-8.70421
-8.78415
-8.86513
-8.94667
-9.02901
-9.11216
-9.31296
-9.39859
-9.48511
-9.57254
-9.6601
-9.7485
-9.9609
-10.0511
-10.142
-10.2337
-10.3257
-10.4184
-10.6414
-10.736
-10.8304
-10.9271
-11.0235
-11.1206
-11.3531
-11.4519
-11.5515
-11.6515
-11.7519
-11.8531
-12.0978
-12.201
-12.3049
-12.4097
-12.5149
-12.6207
-12.8756
-12.9832
-13.0926
-13.2018
-13.3116
-13.4217
-13.6889
-13.8012
-13.9161
-14.0305
-14.1457
-14.2617
-14.5412
-14.6593
-14.7795
-14.8998
-15.0207
-15.1433
-15.4371
-15.5618
-15.6881
-15.815
-15.9418
-16.0721
-16.3835
-16.5162
-16.6502
-16.7851
-16.9198
-17.0597
-17.3914
-17.5333
-17.6782
-17.8239
-17.9714
-18.121
-18.4836
-18.6411
-18.8008
-18.9617
-19.1256
-19.291
-19.695
-19.8695
-20.0469
-20.2261
-20.4087
-20.5944
-21.0472
-21.2423
-21.4401
-21.6378
-21.8397
-22.045
-22.5435
-22.7571
-22.9735
-23.1913
-23.4112
-23.6333
-24.1706
-24.3999
-24.6316
-24.8657
-25.1003
-25.3373
-25.907
-26.1492
-26.3932
-26.6395
-26.8867
-27.1361
-27.7367
-27.9915
-28.2459
-28.5064
-28.7667
-29.0273
-29.6569
-29.9244
-30.1935
-30.4643
-30.7366
-31.011
-31.6752
-31.9547
-32.2382
-32.5234
-32.81
-33.0981
-33.7938
-34.0858
-34.3848
-34.6837
-34.9842
-35.2872
-36.0205
-36.3313
-36.6449
-36.961
-37.2792
-37.6023
-38.3757
-38.7041
-39.0364
-39.371
-39.7061
-40.0489
-40.8697
-41.2199
-41.5732
-41.9299
-42.2856
-42.6531
-43.5319
-43.9095
-44.2893
-44.6732
-45.0605
-45.4556
-46.405
-46.8155
-47.2319
-47.6537
-48.0804
-48.5124
-49.5693
-50.0266
-50.4914
-50.9628
-51.443
-51.9293
-53.1249
-53.6432
-54.1708
-54.703
-55.2505
-55.8042
-57.1631
-57.7515
-58.3487
-58.9507
-59.5673
-60.1929
-61.72
-62.3771
-63.0435
-63.7176
-64.3999
-65.0903
-66.7709
-67.4919
-68.2215
-68.96
-69.7064
-70.4615
-72.2938
-73.0786
-73.8731
-74.6757
-75.4883
-76.3097
-78.3044
-79.1591
-80.0225
-80.8984
-81.7848
-82.6831
-84.8667
-85.8031
-86.7467
-87.7078
-88.6815
-89.6672
-92.065
-93.1028
-94.1425
-95.2043
-96.2817
-97.3783
-100.053
-101.213
-102.373
-103.561
-104.773
-105.998
-109.004
-110.306
-111.629
-112.98
-114.366
-115.753
-119.202
-120.688
-122.207
-123.759
-125.372
-126.963
-130.981
-132.703
-134.489
-136.319
-138.204
-140.094
-144.873
-146.914
-149.053
-151.252
-153.5
-155.804
-161.637
-164.159
-166.77
-169.485
-172.223
-175.088
-182.226
-185.318
-188.525
-191.848
-195.266
-198.831
-207.575
-211.485
-215.528
-219.623
-223.736
-227.983
-238.468
-243.092
-247.823
-252.855
-257.595
-262.394
-273.811
-278.609
-283.451
-288.068
-292.682
-297.274
-307.062
-310.811
-314.081
-317.173
-320.157
-323.076
-327.281
-328.425
-328.877
-329.025
-328.604
-328.499
-322.446
-319.832
-315.539
-310.87
-305.594
-300.598
-283.843
-275.789
-266.983
-257.639
-247.67
-236.293
-208.064
-196.179
-182.49
-168.804
-154.787
-140.483
-104.705
-89.476
-73.7265
-57.8741
-41.9994
-26.0323
12.4205
28.2777
44.2547
60.0902
75.8626
91.0623
127.01
141.057
155.088
168.673
181.812
194.247
222.429
232.772
242.884
252.396
261.075
269.205
285.989
291.663
296.867
301.944
305.234
308.483
314.632
315.626
316.119
316.105
315.531
314.532
310.097
307.461
304.504
301.142
297.785
294.257
284.308
280.058
276.015
271.635
266.98
262.388
251.734
247.287
243.014
238.882
234.549
230.289
220.446
216.425
212.55
208.744
205.058
201.5
193.115
189.762
186.427
183.265
180.194
177.334
170.411
167.716
165.032
162.443
159.919
157.527
151.86
149.652
147.418
145.282
143.205
141.218
136.512
134.615
132.748
130.933
129.166
127.407
123.427
121.815
120.221
118.665
117.163
115.649
112.209
110.799
109.422
108.069
106.756
105.436
102.43
101.181
99.9664
98.7703
97.6002
96.4369
93.7596
92.6495
91.5645
90.4958
89.4444
88.4075
85.9989
85.0053
84.0284
83.0685
82.116
81.1773
78.9946
78.098
77.213
76.3406
75.4799
74.63
72.6524
71.8412
71.041
70.2544
69.4766
68.7115
66.9353
66.2088
65.4942
64.7948
64.1028
63.4226
61.8602
61.2222
60.5849
59.9752
59.3721
58.779
57.4109
56.8548
56.3049
55.7651
55.2352
54.7146
53.5121
53.0206
52.5364
52.0585
51.5868
51.1201
50.0417
49.5978
49.1621
48.7293
48.3014
47.875
46.8872
46.4787
46.0747
45.6743
45.278
44.8853
43.9657
43.5825
43.2079
42.8345
42.4627
42.0951
41.2314
40.8733
40.5188
40.1666
39.8176
39.4743
38.6603
38.3232
37.9883
37.6554
37.3239
36.9978
36.2244
35.9066
35.5888
35.2726
34.9591
34.6493
33.9182
33.6145
33.3129
33.0133
32.7154
32.4202
31.7265
31.4378
31.1509
30.8643
30.5829
30.3018
29.6401
29.3654
29.0928
28.8193
28.553
28.2859
27.6582
27.3978
27.1393
26.8817
26.629
26.3771
25.7837
25.5386
25.2962
25.0568
24.8189
24.5839
24.0375
23.8126
23.5901
23.3715
23.1538
22.9398
22.4443
22.2406
22.0373
21.8418
21.6471
21.4559
21.0129
20.8309
20.6492
20.4727
20.2981
20.1264
19.7282
19.5641
19.402
19.2415
19.0821
18.9246
18.5601
18.4089
18.2604
18.1123
17.9652
17.8193
17.4776
17.3354
17.1954
17.0561
16.917
16.7805
16.4579
16.324
16.1909
16.059
15.926
15.7965
15.4892
15.3616
15.2352
15.1096
14.9851
14.8618
14.5687
14.4479
14.3269
14.2064
14.0864
13.9685
13.6883
13.5723
13.4568
13.3421
13.2281
13.1144
12.8467
12.7354
12.625
12.5151
12.4057
12.2972
12.0419
11.9353
11.8295
11.7234
11.6197
11.5157
11.2707
11.1687
11.0676
10.9667
10.8671
10.7679
10.5343
10.4372
10.3409
10.2456
10.1505
10.0563
9.8344
9.74282
9.65204
9.56249
9.47342
9.38548
9.18002
9.09525
9.01165
8.9291
8.84709
8.76641
8.5794
8.5023
8.42568
8.35127
8.2774
8.20476
8.03627
7.96697
7.89852
7.83107
7.76422
7.69748
7.54492
7.4818
7.41943
7.35765
7.29625
7.23605
7.09493
7.03586
6.97836
6.92092
6.86376
6.80728
6.67439
6.61977
6.565
6.51067
6.45615
6.40251
6.27634
6.22386
6.17187
6.12022
6.0686
6.0176
5.89681
5.84672
5.79693
5.74737
5.69839
5.64953
5.53386
5.48602
5.43824
5.39061
5.34303
5.29599
5.18526
5.13889
5.09287
5.0471
5.00157
4.95642
4.84992
4.80536
4.76112
4.71684
4.67331
4.62982
4.52704
4.48412
4.44153
4.39912
4.35697
4.31504
4.21581
4.17464
4.13358
4.09288
4.0522
4.01186
3.9167
3.87713
3.83753
3.79849
3.75951
3.72083
3.62965
3.5916
3.55379
3.51604
3.47841
3.44108
3.35224
3.31505
3.27735
3.24008
3.2034
3.16329
2.98874
2.91438
2.84299
2.7728
2.70466
2.63897
2.49111
2.43245
2.37616
2.32173
2.26902
2.21837
2.10516
2.06067
2.01754
1.97559
1.93472
1.89512
1.80567
1.77017
1.73568
1.70241
1.66984
1.63815
