-2.12274
-2.35649
-2.61257
-2.90059
-3.23312
-3.61473
-4.04046
-4.50415
-5.00477
-5.54575
-6.13439
-6.786
-7.52862
-8.3932
-9.38855
-10.4978
-11.7073
-13.0175
-14.4384
-15.994
-17.7327
-19.7361
-22.0863
-24.797
-27.8212
-31.1353
-34.7564
-38.7385
-43.1802
-48.2726
-54.3287
-61.6558
-70.3944
-80.6309
-92.6777
-107.19
-125.308
-148.976
-181.169
-224.794
-276.049
-311.197
-287.125
-177.992
-6.91764
164.323
273.459
298.75
265.706
217.503
176.086
144.922
121.611
103.562
89.0482
77.0537
67.0657
58.862
52.1671
46.5614
41.6855
37.3285
33.3793
29.7749
26.5018
23.5884
21.0781
18.9375
17.0708
15.3922
13.8556
12.4386
11.1288
9.93004
8.85845
7.92875
7.12589
6.41404
5.7655
5.16546
4.60661
4.08663
3.61049
3.10148
2.27427
1.74783
1.38555
1.12137
0.919131
0.763009
-2.12365
-2.35551
-2.35746
-2.61148
-2.61365
-2.89935
-2.90182
-3.23169
-3.23456
-3.6131
-3.61636
-4.03867
-4.04225
-4.50222
-4.50609
-5.00268
-5.00686
-5.54349
-5.54801
-6.13192
-6.13687
-6.78322
-6.78878
-7.52541
-7.53183
-8.38946
-8.39694
-9.3843
-9.39281
-10.4932
-10.5025
-11.7022
-11.7123
-13.0121
-13.023
-14.4324
-14.4443
-15.9874
-16.0006
-17.7252
-17.7401
-19.7274
-19.7448
-22.0761
-22.0965
-24.7855
-24.8085
-27.8085
-27.834
-31.1214
-31.1492
-34.7412
-34.7716
-38.7217
-38.7553
-43.1613
-43.1992
-48.2505
-48.2948
-54.302
-54.3554
-61.6235
-61.6881
-70.3564
-70.4324
-80.5865
-80.6754
-92.6249
-92.7305
-107.125
-107.254
-125.226
-125.391
-148.867
-149.086
-181.017
-181.32
-224.594
-224.994
-275.852
-276.245
-311.138
-311.255
-287.378
-286.871
-178.604
-177.378
-7.6556
-6.17997
163.721
164.924
273.203
273.713
298.797
298.701
265.893
265.519
217.692
217.314
176.23
175.941
145.029
144.814
121.692
121.529
103.627
103.498
89.101
88.9955
77.0976
77.0098
67.1021
67.0293
58.8918
58.8323
52.1915
52.1428
46.5823
46.5405
41.7039
41.6671
37.3451
37.3118
33.3945
33.3642
29.7887
29.7611
26.5143
26.4894
23.5993
23.5775
21.0874
21.0689
18.9455
18.9296
17.0779
17.0637
15.3986
15.3858
13.8615
13.8498
12.444
12.4331
11.1339
11.1238
9.93462
9.92546
8.86247
8.85444
7.93221
7.9253
7.12891
7.12287
6.41676
6.41132
5.768
5.763
5.16779
5.16314
4.60877
4.60444
4.08864
4.08462
3.61229
3.60868
3.10576
3.09722
2.27687
2.27167
1.74956
1.74611
1.38677
1.38432
1.1223
1.12045
0.919839
0.918424
0.763588
-2.13111
-2.34745
-2.36556
-2.60255
-2.6226
-2.8892
-2.9121
-3.2199
-3.24639
-3.59971
-3.62981
-4.02395
-4.05702
-4.4863
-4.52206
-4.98547
-5.02413
-5.52486
-5.56669
-6.11154
-6.15733
-6.76038
-6.81182
-7.49902
-7.5584
-8.35869
-8.42789
-9.34929
-9.42797
-10.4549
-10.541
-11.6606
-11.7541
-12.9669
-13.0682
-14.3834
-14.4935
-15.9333
-16.0549
-17.6643
-17.8017
-19.6556
-19.8168
-21.9923
-22.1809
-24.6904
-24.9039
-27.7036
-27.9393
-31.0067
-31.2641
-34.616
-34.8973
-38.5833
-38.8943
-43.0052
-43.3561
-48.0689
-48.4777
-54.0826
-54.5771
-61.3585
-61.9552
-70.0438
-70.7467
-80.2217
-81.0432
-92.1911
-93.1676
-106.595
-107.792
-124.551
-126.073
-147.967
-149.997
-179.776
-182.578
-222.968
-226.628
-274.215
-277.851
-310.618
-311.7
-289.498
-284.731
-183.593
-172.368
-13.7032
-0.10514
158.776
169.836
271.041
275.766
299.14
298.323
267.43
263.968
219.252
215.776
177.427
174.755
145.914
143.929
122.368
120.862
104.161
102.968
89.538
88.5617
77.4609
76.6491
67.4036
66.7301
59.1384
58.5892
52.3932
51.9425
46.7548
46.369
41.8561
41.5155
37.4827
37.1749
33.5196
33.2396
29.903
29.6472
26.6171
26.387
23.6895
23.4879
21.1644
20.9924
19.0112
18.8642
17.1363
17.0055
15.4517
15.333
13.9104
13.8011
12.4892
12.388
11.1755
11.0822
9.97246
9.8878
8.8957
8.8214
7.96084
7.89686
7.15381
7.09803
6.43923
6.38893
5.78866
5.7424
5.18698
5.144
4.62668
4.58657
4.10524
4.0681
3.62725
3.5938
3.14141
3.06257
2.29852
2.25042
1.76392
1.73195
1.39692
1.37428
1.12998
1.11284
0.925708
0.912624
0.768386
-2.15421
-2.1871
-2.22044
-2.25411
-2.28816
-2.32274
-2.39071
-2.42655
-2.46291
-2.49978
-2.53716
-2.5753
-2.65043
-2.69035
-2.73112
-2.77266
-2.81504
-2.85818
-2.94417
-2.99001
-3.03692
-3.08484
-3.13369
-3.18374
-3.28333
-3.33638
-3.39048
-3.44559
-3.5017
-3.55879
-3.67155
-3.7314
-3.79203
-3.85343
-3.91575
-3.97878
-4.10291
-4.16824
-4.23446
-4.30134
-4.36888
-4.43737
-4.57156
-4.64228
-4.71366
-4.78586
-4.85888
-4.93267
-5.07771
-5.15373
-5.23085
-5.30882
-5.38788
-5.46767
-5.62463
-5.70728
-5.79104
-5.87583
-5.96178
-6.049
-6.22095
-6.31191
-6.40417
-6.49799
-6.59342
-6.69053
-6.88343
-6.98586
-7.0905
-7.19763
-7.30702
-7.41822
-7.64121
-7.76034
-7.88236
-8.00703
-8.13449
-8.2647
-8.52427
-8.66253
-8.80391
-8.94742
-9.09354
-9.24249
-9.53699
-9.69247
-9.85046
-10.0105
-10.1726
-10.3371
-10.6605
-10.831
-11.0038
-11.178
-11.3546
-11.5331
-11.8837
-12.0682
-12.2553
-12.4441
-12.6349
-12.8285
-13.208
-13.4078
-13.6105
-13.8158
-14.0235
-14.2332
-14.6463
-14.8641
-15.0852
-15.3093
-15.5364
-15.7677
-16.2238
-16.4656
-16.7118
-16.962
-17.2172
-17.477
-17.9937
-18.2694
-18.5512
-18.8388
-19.1342
-19.437
-20.0415
-20.3658
-20.6967
-21.0356
-21.3821
-21.7368
-22.4435
-22.8203
-23.2049
-23.5956
-23.9934
-24.3988
-25.2004
-25.6241
-26.0546
-26.4908
-26.933
-27.3822
-28.2662
-28.7323
-29.2038
-29.682
-30.1657
-30.6552
-31.6209
-32.1302
-32.6455
-33.1674
-33.6966
-34.2331
-35.288
-35.8459
-36.4123
-36.9864
-37.5687
-38.159
-39.3265
-39.9454
-40.5744
-41.214
-41.865
-42.5278
-43.8449
-44.547
-45.2641
-45.9965
-46.7466
-47.515
-49.0507
-49.8798
-50.7273
-51.597
-52.4936
-53.4142
-55.2691
-56.2693
-57.2968
-58.3524
-59.4374
-60.5512
-62.7898
-63.9899
-65.2198
-66.4798
-67.7697
-69.0898
-71.7266
-73.1351
-74.5775
-76.0516
-77.5608
-79.1048
-82.1922
-83.8441
-85.5371
-87.2697
-89.0445
-90.8683
-94.5345
-96.507
-98.5374
-100.623
-102.77
-104.981
-109.47
-111.9
-114.409
-117.014
-119.715
-122.503
-128.228
-131.359
-134.613
-138.006
-141.546
-145.24
-152.866
-157.08
-161.496
-166.123
-170.975
-176.029
-186.52
-192.361
-198.421
-204.696
-211.199
-217.989
-231.702
-239.045
-246.541
-254.135
-261.653
-268.961
-282.719
-289.347
-295.462
-300.771
-305.104
-308.633
-312.491
-312.308
-310.829
-307.175
-302.114
-295.353
-277.25
-264.801
-250.906
-235.195
-217.475
-198.242
-156.684
-133.637
-109.326
-84.0729
-58.3733
-32.2832
18.4807
44.7405
70.5844
95.5913
119.915
143.114
184.491
203.762
221.379
237.249
251.45
263.576
282.123
288.906
293.979
297.348
299.161
299.676
296.631
293.204
288.933
283.883
278.283
272.098
259.123
252.147
245.082
237.994
231.004
224.087
211.119
204.697
198.458
192.512
186.71
181.2
171.167
166.264
161.597
157.123
152.814
148.708
141.269
137.646
134.157
130.801
127.591
124.488
118.829
116.046
113.358
110.768
108.262
105.835
101.358
99.1442
96.9947
94.9026
92.8739
90.9025
87.2396
85.4186
83.6467
81.9186
80.2367
78.5962
75.5477
74.0286
72.5511
71.1107
69.7095
68.3465
65.819
64.5658
63.3482
62.1642
61.0181
59.9066
57.8484
56.8276
55.8365
54.8741
53.9359
53.0261
51.3308
50.4871
49.6611
48.8533
48.0634
47.2919
45.8436
45.1151
44.4006
43.6978
43.0079
42.3298
41.0509
40.4034
39.7667
39.1386
38.5203
37.9104
36.756
36.1703
35.5928
35.0236
34.4621
33.9084
32.8573
32.3235
31.7966
31.2769
30.7643
30.2581
29.2989
28.8127
28.3334
27.8612
27.396
26.9381
26.0732
25.6364
25.208
24.7872
24.3736
23.9706
23.2145
22.8353
22.4651
22.1031
21.7488
21.4044
20.7592
20.4368
20.122
19.8144
19.513
19.2171
18.6642
18.3851
18.1116
17.8429
17.5782
17.3182
16.8269
16.5783
16.3332
16.0913
15.8524
15.6165
15.1708
14.9431
14.7189
14.4977
14.2786
14.0622
13.6515
13.4424
13.2355
13.0313
12.8293
12.6294
12.2496
12.0559
11.8649
11.6761
11.4892
11.3049
10.9548
10.777
10.6017
10.4288
10.258
10.09
9.77257
9.61203
9.45442
9.29972
9.14787
8.99918
8.72037
8.58036
8.44339
8.30943
8.17843
8.05015
7.81
7.68945
7.57175
7.45615
7.34264
7.23131
7.02197
6.91624
6.81211
6.70972
6.60858
6.509
6.32027
6.22438
6.12975
6.03644
5.94418
5.85269
5.67916
5.59074
5.5033
5.41678
5.33115
5.24659
5.08524
5.00313
4.92163
4.84105
4.76116
4.68203
4.53173
4.45506
4.37937
4.30434
4.23019
4.15674
4.01742
3.94666
3.87693
3.80813
3.7403
3.67377
3.54838
3.48545
3.42409
3.36444
3.3064
3.25036
2.95925
2.8232
2.69679
2.5792
2.46941
2.36714
2.18703
2.10217
2.02267
1.9475
1.87622
1.80922
1.68937
1.6321
1.57732
1.52497
1.47521
1.42876
1.34386
1.30229
1.26263
1.22487
1.18895
1.15409
1.0898
1.05831
1.0281
0.99909
0.971083
0.94416
0.895079
0.871705
0.848975
0.826674
0.804771
0.783328
