-2.08034
-2.38157
-2.71979
-3.12119
-3.61241
-4.17789
-4.80287
-5.49102
-6.25459
-7.12639
-8.18637
-9.48462
-10.9685
-12.6115
-14.4299
-16.4637
-18.8262
-21.7556
-25.3297
-29.3984
-33.946
-39.0458
-44.8931
-51.9603
-61.1048
-72.5994
-86.5043
-103.688
-126.033
-157.386
-204.961
-271.368
-309.739
-222.476
-6.75762
209.1
296.277
260.054
198.443
153.195
122.401
100.062
82.8369
69.0517
58.2542
50.0506
43.3908
37.6488
32.5689
28.0346
24.049
20.7637
18.1262
15.8659
13.8532
12.0317
10.3851
8.93448
7.73932
6.75485
5.89196
5.11026
4.3945
3.73747
3.08134
2.10467
1.52195
1.14911
0.888438
0.696239
-2.08123
-2.38059
-2.38255
-2.71867
-2.72091
-3.11975
-3.12257
-3.61076
-3.61405
-4.17605
-4.17973
-4.80085
-4.80488
-5.48879
-5.49326
-6.25209
-6.25708
-7.12346
-7.12933
-8.18273
-8.19001
-9.4803
-9.48895
-10.9637
-10.9734
-12.6061
-12.6168
-14.4239
-14.4358
-16.457
-16.4704
-18.8182
-18.8342
-21.7455
-21.7657
-25.3178
-25.3417
-29.3852
-29.4117
-33.9311
-33.9608
-39.029
-39.0626
-44.8734
-44.9128
-51.9357
-51.9848
-61.0729
-61.1368
-72.5603
-72.6384
-86.4569
-86.5517
-103.628
-103.748
-125.955
-126.112
-157.268
-157.504
-204.78
-205.143
-271.155
-271.58
-309.771
-309.705
-222.991
-221.959
-7.50492
-6.01031
208.578
209.622
296.238
296.315
260.299
259.818
198.611
198.275
153.309
153.081
122.481
122.321
100.122
100.002
82.8843
82.7895
69.0898
69.0138
58.2832
58.2252
50.0732
50.0281
43.4097
43.3719
37.6654
37.6322
32.5837
32.554
28.0478
28.0214
24.0603
24.0376
20.7727
20.7546
18.1337
18.1188
15.8725
15.8594
13.8591
13.8473
12.0371
12.0264
10.3899
10.3803
8.93859
8.93037
7.74262
7.73602
6.75767
6.75203
5.89448
5.88945
5.11257
5.10796
4.39657
4.3924
3.73941
3.73553
3.08485
3.07783
2.10694
2.10241
1.52336
1.52054
1.15006
1.14816
0.889087
0.887789
0.696774
-2.08944
-2.37158
-2.39169
-2.70834
-2.73133
-3.10702
-3.13537
-3.59557
-3.62933
-4.15904
-4.19678
-4.78221
-4.82358
-5.46816
-5.51396
-6.22902
-6.28025
-7.09645
-7.15653
-8.14913
-8.22375
-9.44039
-9.52902
-10.9189
-11.0182
-12.5571
-12.6664
-14.3692
-14.4907
-16.3955
-16.5323
-18.7442
-18.9087
-21.6523
-21.8594
-25.2079
-25.451
-29.2628
-29.5349
-33.7941
-34.0975
-38.8731
-39.2183
-44.6939
-45.0956
-51.7099
-52.213
-60.7787
-61.4331
-72.2004
-73.0008
-86.0197
-86.9915
-103.077
-104.306
-125.219
-126.857
-156.187
-158.6
-203.113
-206.788
-269.16
-273.533
-309.999
-309.328
-227.713
-217.126
-14.4177
0.90215
203.688
214.12
295.813
296.651
262.043
257.996
200.159
196.729
154.369
152.036
123.221
121.586
100.678
99.4501
83.3242
82.3528
69.4429
68.6638
58.5518
57.9584
50.2824
49.8207
43.5851
43.1971
37.8207
37.4788
32.7209
32.4173
28.1709
27.8995
24.1656
23.933
20.8564
20.6714
18.2026
18.0495
15.9336
15.7987
13.9139
13.7923
12.0864
11.977
10.4348
10.336
8.97677
8.89249
7.77324
7.70559
6.78386
6.72596
5.91775
5.86624
5.13393
5.08664
4.41613
4.37281
3.75742
3.71759
3.11768
3.04486
2.12802
2.08165
1.53652
1.5076
1.15888
1.13945
0.895343
0.881805
0.701739
-2.11827
-2.16134
-2.2051
-2.24938
-2.29438
-2.34024
-2.42372
-2.47158
-2.52026
-2.57005
-2.62094
-2.67254
-2.76826
-2.82387
-2.88112
-2.93997
-3.00068
-3.06343
-3.18069
-3.24934
-3.31985
-3.39253
-3.46687
-3.54283
-3.68321
-3.76365
-3.84573
-3.92919
-4.01371
-4.09965
-4.25663
-4.34612
-4.43662
-4.52882
-4.62234
-4.71727
-4.88966
-4.98817
-5.08787
-5.18944
-5.29227
-5.39632
-5.58669
-5.69573
-5.80606
-5.91852
-6.03295
-6.14901
-6.36217
-6.48474
-6.60991
-6.73839
-6.86865
-7.00311
-7.25304
-7.39895
-7.54933
-7.70495
-7.86573
-8.03238
-8.34457
-8.52649
-8.71302
-8.90495
-9.10097
-9.30181
-9.67066
-9.88222
-10.0976
-10.3167
-10.5387
-10.7644
-11.1753
-11.41
-11.6488
-11.8914
-12.1376
-12.3859
-12.8409
-13.1001
-13.3635
-13.6319
-13.9031
-14.179
-14.6835
-14.9726
-15.267
-15.5656
-15.8707
-16.1814
-16.7525
-17.0831
-17.4199
-17.7666
-18.1232
-18.4897
-19.1739
-19.5754
-19.9903
-20.4229
-20.8678
-21.3302
-22.1929
-22.6944
-23.2085
-23.7368
-24.2768
-24.8268
-25.8393
-26.4181
-27.0086
-27.6102
-28.2188
-28.8383
-29.9685
-30.6179
-31.2775
-31.9471
-32.6264
-33.3177
-34.5818
-35.3063
-36.0429
-36.7933
-37.5579
-38.3386
-39.7663
-40.5912
-41.4289
-42.2886
-43.1681
-44.0684
-45.7419
-46.7082
-47.7104
-48.7446
-49.817
-50.9305
-53.0271
-54.2669
-55.5614
-56.9092
-58.3105
-59.7651
-62.4869
-64.0792
-65.7271
-67.4206
-69.1625
-70.9559
-74.2819
-76.218
-78.2066
-80.2463
-82.3504
-84.5122
-88.5528
-90.9178
-93.3521
-95.8692
-98.4815
-101.188
-106.281
-109.287
-112.421
-115.698
-119.121
-122.689
-129.528
-133.629
-137.972
-142.537
-147.373
-152.541
-162.501
-168.625
-175.133
-182.095
-189.522
-197.424
-212.874
-222.152
-231.813
-241.85
-251.978
-262.254
-280.052
-289.055
-296.895
-303.23
-307.95
-310.214
-307.048
-300.56
-291.801
-279.464
-263.368
-243.254
-199.249
-171.282
-140.756
-107.887
-73.6117
-38.5799
25.1125
60.1137
94.2288
127.204
157.861
185.834
229.237
248.952
265.614
278.162
287.277
293.516
296.609
294.694
290.492
284.215
276.706
267.848
251.661
242.034
232.578
223.303
214.299
205.74
191.396
183.944
176.931
170.291
164.074
158.185
148.483
143.47
138.725
134.218
129.928
125.86
119.06
115.496
112.082
108.808
105.673
102.662
97.5561
94.8412
92.2215
89.6932
87.2519
84.8847
80.8454
78.6828
76.5892
74.5603
72.5922
70.6955
67.4584
65.738
64.0832
62.4948
60.9736
59.5061
57.052
55.7508
54.5027
53.3018
52.141
51.0227
49.1066
48.0758
47.0736
46.0955
45.1401
44.2083
42.5903
41.7106
40.8481
40.005
39.1798
38.3633
36.9476
36.1729
35.4115
34.6641
33.9282
33.2052
31.9422
31.2528
30.5739
29.9049
29.2489
28.6031
27.4779
26.8649
26.262
25.6737
25.1
24.5391
23.5727
23.0555
22.5548
22.0709
21.6028
21.1531
20.3856
19.9751
19.5765
19.1897
18.8137
18.446
17.8114
17.4655
17.1275
16.7958
16.4687
16.1489
15.588
15.2829
14.9821
14.6852
14.394
14.1062
13.6019
13.3259
13.0539
12.7855
12.5218
12.2616
11.8049
11.5554
11.3083
11.0656
10.8272
10.5916
10.1823
9.95838
9.73925
9.52497
9.31568
9.11173
8.76153
8.57417
8.39222
8.2164
8.04692
7.88248
7.60017
7.44776
7.30009
7.15608
7.01467
6.87604
6.63563
6.50458
6.37544
6.2483
6.12337
6.0001
5.78506
5.66651
5.54984
5.43486
5.32114
5.20914
5.01235
4.90431
4.7976
4.69217
4.58796
4.48519
4.3046
4.20503
4.10704
4.01019
3.91487
3.82069
3.65526
3.56425
3.47406
3.38409
3.29434
3.20537
2.92708
2.76091
2.60547
2.46097
2.32812
2.2055
2.01103
1.91267
1.82117
1.73672
1.65794
1.58398
1.46378
1.40229
1.34501
1.29055
1.23902
1.19062
1.10957
1.06726
1.027
0.98874
0.952428
0.917802
0.861102
0.831241
0.802134
0.773754
0.746128
0.719378
