-2.98409
-3.18191
-3.39725
-3.6294
-3.87683
-4.13793
-4.41194
-4.69859
-4.99851
-5.3122
-5.64135
-5.9875
-6.35375
-6.74452
-7.16613
-7.62582
-8.12965
-8.67965
-9.27472
-9.91015
-10.5819
-11.2887
-12.029
-12.8052
-13.6187
-14.4741
-15.3757
-16.3331
-17.3584
-18.4678
-19.6839
-21.0217
-22.4883
-24.0791
-25.7839
-27.5927
-29.5021
-31.5125
-33.6318
-35.8673
-38.2371
-40.7594
-43.4659
-46.4019
-49.6322
-53.2252
-57.2522
-61.7527
-66.7473
-72.2442
-78.2711
-84.8944
-92.2042
-100.361
-109.556
-120.067
-132.286
-146.7
-163.977
-184.847
-209.833
-238.706
-269.312
-296.744
-311.828
-305.074
-269.753
-203.904
-112.468
-6.91764
98.7078
190.205
256.269
291.877
299.237
284.978
259.439
230.689
203.395
179.599
159.523
142.684
128.507
116.4
105.92
96.7324
88.5748
81.2798
74.7267
68.8462
63.6009
58.9514
54.8332
51.1579
47.8333
44.7877
41.9628
39.3205
36.8332
34.4835
32.259
30.1502
28.1556
26.2787
24.5269
22.9153
21.4454
20.1095
18.8899
17.7648
16.7135
15.7233
14.7844
13.8911
13.0395
12.2263
11.45
10.7115
10.0127
9.35728
8.75078
8.19435
7.68498
7.21692
6.78213
6.37337
5.98608
5.61682
5.26376
4.92513
4.6001
4.28866
3.99112
3.70939
3.44701
3.14033
2.59334
2.18387
1.8674
1.61612
-2.98538
-3.1805
-3.18332
-3.39573
-3.39878
-3.62777
-3.63104
-3.87509
-3.87856
-4.13611
-4.13975
-4.41004
-4.41385
-4.6966
-4.70058
-4.99642
-5.00059
-5.31002
-5.31438
-5.63907
-5.64364
-5.98508
-5.98992
-6.35119
-6.35632
-6.74176
-6.74727
-7.16313
-7.16914
-7.62255
-7.62909
-8.12607
-8.13324
-8.67576
-8.68355
-9.27053
-9.27891
-9.9057
-9.9146
-10.5772
-10.5866
-11.2838
-11.2936
-12.0238
-12.0341
-12.7998
-12.8106
-13.613
-13.6244
-14.4682
-14.4801
-15.3694
-15.382
-16.3264
-16.3398
-17.3511
-17.3656
-18.46
-18.4757
-19.6752
-19.6926
-21.0122
-21.0313
-22.4779
-22.4987
-24.0679
-24.0903
-25.772
-25.7959
-27.5801
-27.6054
-29.4888
-29.5155
-31.4984
-31.5265
-33.6169
-33.6466
-35.8517
-35.883
-38.2205
-38.2538
-40.7417
-40.7772
-43.4467
-43.485
-46.381
-46.4228
-49.609
-49.6554
-53.1993
-53.251
-57.2232
-57.2812
-61.7204
-61.785
-66.7117
-66.7829
-72.2051
-72.2833
-78.2282
-78.3141
-84.8471
-84.9416
-92.1518
-92.2567
-100.302
-100.419
-109.49
-109.623
-119.991
-120.143
-132.196
-132.376
-146.594
-146.808
-163.848
-164.105
-184.692
-185.002
-209.65
-210.017
-238.498
-238.915
-269.107
-269.518
-296.574
-296.897
-311.783
-311.872
-305.212
-304.935
-270.104
-269.4
-204.448
-203.359
-113.158
-111.778
-7.6556
-6.17997
98.0228
99.3923
189.657
190.752
255.925
256.612
291.738
292.016
299.269
299.203
285.123
284.832
259.623
259.254
230.883
230.496
203.571
203.219
179.748
179.451
159.648
159.399
142.787
142.581
128.595
128.418
116.476
116.323
105.987
105.854
96.7911
96.6737
88.6273
88.5224
81.3268
81.2329
74.769
74.6844
68.8841
68.8084
63.6346
63.5673
58.9813
58.9216
54.8597
54.8067
51.1816
51.1343
47.8549
47.8118
44.8076
44.7678
41.9814
41.9442
39.338
39.3031
36.8496
36.8168
34.499
34.4679
32.2738
32.2443
30.1642
30.1362
28.1688
28.1424
26.2911
26.2664
24.5384
24.5155
22.9257
22.9048
21.4549
21.4358
20.1181
20.1008
18.8979
18.882
17.7722
17.7574
16.7204
16.7066
15.73
15.7167
14.7907
14.7782
13.8971
13.8852
13.0452
13.0339
12.2317
12.2209
11.4551
11.4448
10.7164
10.7066
10.0173
10.0081
9.36158
9.35299
8.75473
8.74683
8.19797
8.19073
7.68829
7.68168
7.21997
7.21386
6.78499
6.77927
6.37607
6.37067
5.98864
5.98351
5.61927
5.61437
5.26612
5.26141
4.92738
4.92287
4.60227
4.59794
4.29074
4.28659
3.99309
3.98915
3.71124
3.70755
3.44871
3.44531
3.14467
3.13599
2.59653
2.59015
2.1863
2.18144
1.86931
1.86549
1.61765
-2.99407
-3.17104
-3.19283
-3.38546
-3.4091
-3.61676
-3.64209
-3.86343
-3.89026
-4.12384
-4.15206
-4.39717
-4.42675
-4.68315
-4.71406
-4.98235
-5.01471
-5.2953
-5.32914
-5.6236
-5.65912
-5.96877
-6.00628
-6.33389
-6.37369
-6.72321
-6.76591
-7.14299
-7.18948
-7.60054
-7.65123
-8.10194
-8.15749
-8.64951
-8.70997
-9.24228
-9.30712
-9.87572
-9.94468
-10.5456
-10.6183
-11.2506
-11.3269
-11.9891
-12.069
-12.7633
-12.8472
-13.5748
-13.6627
-14.4279
-14.5204
-15.3269
-15.4246
-16.281
-16.3854
-17.3024
-17.4146
-18.407
-18.529
-19.6166
-19.7514
-20.9478
-21.096
-22.4077
-22.5693
-23.9923
-24.1658
-25.6914
-25.8767
-27.4948
-27.6909
-29.3989
-29.6056
-31.4038
-31.6215
-33.5171
-33.7468
-35.7464
-35.989
-38.1088
-38.3661
-40.6222
-40.8971
-43.318
-43.6144
-46.2405
-46.5643
-49.4526
-49.8126
-53.0255
-53.4261
-57.0284
-57.4773
-61.5028
-62.004
-66.4724
-67.0246
-71.9418
-72.5479
-77.9391
-78.6048
-84.5291
-85.2615
-91.7989
-92.6117
-99.907
-100.817
-109.041
-110.074
-119.476
-120.662
-131.593
-132.985
-145.874
-147.534
-162.987
-164.98
-183.65
-186.055
-208.418
-211.268
-237.098
-240.32
-267.722
-270.935
-295.413
-297.909
-311.438
-312.134
-306.108
-303.955
-272.433
-266.974
-208.088
-199.652
-117.783
-107.094
-12.6268
-1.20779
93.3813
103.995
185.917
194.406
253.568
258.887
290.755
292.912
299.459
298.942
286.076
283.84
260.921
258.007
232.191
229.159
204.763
202.036
180.756
178.453
160.494
158.562
143.502
141.888
129.197
127.822
116.996
115.807
106.439
105.406
97.1887
96.2785
88.9823
88.1696
81.6447
80.9168
75.0547
74.4001
69.1403
68.5539
63.8622
63.3412
59.1832
58.7216
55.0385
54.6285
51.3417
50.9751
48.001
47.6666
44.9423
44.6338
42.107
41.8192
39.4558
39.1857
36.9604
36.7063
34.6037
34.3633
32.3734
32.145
30.2586
30.0421
28.2579
28.0537
26.3746
26.1831
24.616
24.4376
22.9966
22.8343
21.5193
21.3716
20.1769
20.0425
18.9514
18.8287
17.8222
17.7076
16.7673
16.6599
15.7744
15.6724
14.8327
14.7363
13.9372
13.8454
13.0834
12.9958
12.2683
12.1844
11.4899
11.4101
10.7495
10.6736
10.0485
9.97705
9.39069
9.32407
8.78144
8.72017
8.22248
8.16634
7.71067
7.65941
7.24066
7.19326
6.80435
6.76
6.39436
6.35244
6.006
5.96621
5.63586
5.59784
5.28195
5.24553
4.94263
4.90768
4.61691
4.58333
4.30475
4.27262
4.00643
3.97585
3.72378
3.69508
3.46023
3.43387
3.17421
3.10683
2.61824
2.56879
2.20281
2.16517
1.88229
1.8527
1.628
-3.01481
-3.04095
-3.06751
-3.09428
-3.12134
-3.14881
-3.21554
-3.24402
-3.2729
-3.30203
-3.33147
-3.36134
-3.43365
-3.46453
-3.49571
-3.52714
-3.55887
-3.59089
-3.66824
-3.70138
-3.73467
-3.76816
-3.8019
-3.83599
-3.91801
-3.95287
-3.98806
-4.02341
-4.05899
-4.09491
-4.18125
-4.2179
-4.25487
-4.29198
-4.3294
-4.36689
-4.45732
-4.49565
-4.53428
-4.57303
-4.61216
-4.65149
-4.74604
-4.78616
-4.8267
-4.86725
-4.90804
-4.94922
-5.04818
-5.09019
-5.13241
-5.17476
-5.21748
-5.2606
-5.36423
-5.40823
-5.45259
-5.49716
-5.54202
-5.58724
-5.69594
-5.74221
-5.78869
-5.83553
-5.88273
-5.9304
-6.0451
-6.09402
-6.14319
-6.19275
-6.24271
-6.2932
-6.41493
-6.46685
-6.51938
-6.57228
-6.62563
-6.67963
-6.81028
-6.86618
-6.92281
-6.97967
-7.03736
-7.09566
-7.23778
-7.29843
-7.35992
-7.42184
-7.485
-7.54888
-7.70394
-7.77042
-7.83797
-7.90605
-7.97514
-8.04533
-8.21512
-8.28784
-8.36167
-8.43618
-8.51152
-8.58785
-8.7728
-8.8518
-8.9317
-9.01222
-9.09354
-9.17588
-9.37453
-9.45938
-9.54496
-9.63092
-9.71759
-9.80518
-10.0161
-10.1057
-10.1963
-10.2873
-10.3788
-10.4714
-10.6936
-10.788
-10.8834
-10.9792
-11.0755
-11.1724
-11.4058
-11.5047
-11.6044
-11.7045
-11.8054
-11.9072
-12.1517
-12.2555
-12.3604
-12.4652
-12.5709
-12.6775
-12.9339
-13.0427
-13.1521
-13.262
-13.3728
-13.4848
-13.7541
-13.8688
-13.984
-14.0995
-14.2159
-14.3334
-14.6162
-14.7363
-14.8577
-14.9797
-15.1026
-15.2269
-15.5259
-15.6534
-15.7822
-15.9117
-16.0424
-16.1745
-16.4935
-16.6295
-16.7671
-16.9061
-17.0462
-17.1879
-17.5312
-17.6778
-17.8264
-17.9766
-18.1285
-18.2826
-18.6558
-18.8157
-18.9787
-19.1434
-19.3103
-19.4797
-19.891
-20.0673
-20.2466
-20.4281
-20.6112
-20.7972
-21.2499
-21.4432
-21.6399
-21.8383
-22.039
-22.2429
-22.7368
-22.9479
-23.1619
-23.3772
-23.5945
-23.8146
-24.3464
-24.5739
-24.8033
-25.034
-25.2667
-25.5019
-26.0685
-26.3097
-26.5533
-26.7981
-27.0448
-27.2944
-27.894
-28.1492
-28.4061
-28.6649
-28.9251
-29.1872
-29.8196
-30.0879
-30.358
-30.6301
-30.9046
-31.1811
-31.8469
-32.1302
-32.4155
-32.7021
-32.9909
-33.2821
-33.9846
-34.2831
-34.5826
-34.8852
-35.1904
-35.4981
-36.2409
-36.5567
-36.8751
-37.1963
-37.5198
-37.8457
-38.6329
-38.9682
-39.3066
-39.6483
-39.9932
-40.3411
-41.1825
-41.542
-41.9046
-42.2713
-42.6413
-43.0154
-43.9224
-44.3108
-44.7037
-45.1017
-45.5036
-45.9106
-46.9023
-47.328
-47.7585
-48.1945
-48.6367
-49.0868
-50.1862
-50.6577
-51.1352
-51.6217
-52.1165
-52.6181
-53.8437
-54.3721
-54.9091
-55.4555
-56.0087
-56.5716
-57.9449
-58.5365
-59.1373
-59.7474
-60.3657
-60.9933
-62.5258
-63.1843
-63.8518
-64.5286
-65.2141
-65.9089
-67.6003
-68.3265
-69.0619
-69.8065
-70.5609
-71.3237
-73.1782
-73.9749
-74.7807
-75.5968
-76.4228
-77.2605
-79.2974
-80.172
-81.0562
-81.9536
-82.8618
-83.7819
-86.0238
-86.9854
-87.9604
-88.9488
-89.9523
-90.9716
-93.4583
-94.5299
-95.6173
-96.7208
-97.8426
-98.982
-101.765
-102.967
-104.187
-105.432
-106.699
-107.992
-111.154
-112.521
-113.912
-115.336
-116.787
-118.268
-121.903
-123.488
-125.106
-126.761
-128.457
-130.181
-134.444
-136.303
-138.207
-140.157
-142.151
-144.192
-149.274
-151.493
-153.774
-156.109
-158.508
-160.964
-167.088
-169.777
-172.522
-175.336
-178.233
-181.213
-188.629
-191.864
-195.196
-198.578
-202.034
-205.555
-214.261
-218.053
-221.937
-225.879
-229.834
-233.831
-243.65
-247.821
-252.028
-256.264
-260.42
-264.478
-274.207
-278.117
-281.926
-285.668
-289.303
-292.753
-300.147
-302.696
-305.013
-307.043
-308.904
-310.451
-312.502
-312.505
-312.19
-311.437
-310.197
-308.039
-301.378
-297.664
-293.57
-288.813
-283.631
-277.702
-261.078
-253.324
-245.014
-236.126
-226.548
-216.486
-190.673
-178.833
-166.702
-154.331
-141.676
-128.538
-95.8351
-81.8513
-67.662
-53.2385
-38.7708
-24.2661
10.4366
25.0191
39.6024
54.0015
68.3308
82.3941
114.793
127.972
140.735
153.125
165.149
176.861
202.781
212.837
222.306
231.261
239.702
247.698
264.017
269.921
275.088
280.198
284.502
288.166
294.765
296.659
298.076
299.007
299.562
299.682
298.196
296.873
295.142
293.114
290.842
288.303
281.428
278.242
274.901
271.341
267.685
263.961
254.91
250.96
247.04
243.116
239.199
235.3
226.082
222.313
218.535
214.83
211.18
207.57
199.278
195.913
192.665
189.393
186.242
183.171
176.127
173.277
170.497
167.775
165.107
162.524
156.605
154.211
151.858
149.585
147.37
145.214
140.242
138.24
136.279
134.355
132.471
130.635
126.426
124.714
123.046
121.411
119.808
118.235
114.604
113.131
111.687
110.274
108.883
107.518
104.359
103.072
101.808
100.564
99.3417
98.137
95.3499
94.2074
93.0876
91.9843
90.8979
89.8286
87.3425
86.3238
85.3229
84.3354
83.3623
82.4022
80.1749
79.2605
78.3602
77.4737
76.6001
75.7373
73.7342
72.9143
72.1062
71.3099
70.5237
69.7512
67.9582
67.2252
66.5032
65.7924
65.0933
64.4055
62.8107
62.1589
61.5177
60.8901
60.272
59.6631
58.2539
57.6783
57.1113
56.5533
56.0046
55.4646
54.2116
53.6988
53.1949
52.696
52.2067
51.7241
50.6015
50.1395
49.6838
49.2335
48.7885
48.349
47.3255
46.9043
46.4876
46.0751
45.6665
45.2627
44.3185
43.9281
43.5414
43.159
42.7799
42.4046
41.5254
41.1616
40.8005
40.4422
40.0877
39.7358
38.909
38.5673
38.2279
37.8907
37.5559
37.224
36.4454
36.1217
35.8007
35.4825
35.1668
34.8534
34.117
33.8114
33.5076
33.2062
32.9073
32.61
31.911
31.621
31.3333
31.0476
30.7643
30.4829
29.8204
29.546
29.274
29.0038
28.7354
28.4695
27.8449
27.5863
27.3296
27.0754
26.8232
26.5729
25.9875
25.745
25.5056
25.2684
25.033
24.8006
24.2572
24.0335
23.8126
23.5944
23.3783
23.1656
22.6686
22.4641
22.2627
22.0633
21.866
21.6724
21.221
21.035
20.8516
20.671
20.4923
20.3163
19.9058
19.7365
19.5696
19.404
19.2407
19.0793
18.7034
18.5475
18.3936
18.2413
18.0901
17.9408
17.5906
17.4455
17.3021
17.1598
17.0186
16.8787
16.5502
16.4143
16.279
16.145
16.0116
15.8795
15.5684
15.4395
15.3119
15.1851
15.0585
14.9327
14.6376
14.5149
14.3933
14.2722
14.1515
14.0323
13.7511
13.6343
13.5184
13.403
13.2882
13.1741
12.9059
12.7944
12.6835
12.5733
12.4637
12.355
12.0986
11.9918
11.8861
11.781
11.6763
11.5726
11.3284
11.2267
11.126
11.026
10.9264
10.8279
10.5961
10.4999
10.4044
10.3096
10.2157
10.1226
9.90399
9.81338
9.72387
9.63512
9.54692
9.45986
9.25613
9.17196
9.08892
9.00677
8.92544
8.84522
8.65763
8.58036
8.50415
8.42867
8.35395
8.28064
8.10912
8.03832
7.96848
7.89961
7.83141
7.76406
7.60711
7.54226
7.47822
7.41487
7.35203
7.28993
7.14489
7.08482
7.02539
6.96648
6.90806
6.8503
6.71467
6.65849
6.60258
6.54723
6.49222
6.43773
6.30954
6.25625
6.20347
6.15102
6.09884
6.04717
5.92538
5.87458
5.82432
5.7744
5.7247
5.6752
5.5589
5.51035
5.46211
5.41439
5.36687
5.31957
5.20808
5.16163
5.11553
5.06976
5.02412
4.97879
4.87183
4.82721
4.78297
4.73894
4.69498
4.65154
4.54891
4.50615
4.46375
4.42171
4.37969
4.33801
4.23974
4.19895
4.15827
4.11795
4.07781
4.03807
3.94461
3.90586
3.86729
3.82911
3.79116
3.75365
3.66568
3.62924
3.59326
3.55769
3.52245
3.4877
3.40705
3.37396
3.34147
3.30949
3.27818
3.24563
3.04009
2.95944
2.88296
2.80937
2.73869
2.67074
2.51937
2.45971
2.40257
2.34757
2.29416
2.24265
2.12746
2.08175
2.03778
1.9952
1.95373
1.91359
1.82306
1.78713
1.75207
1.71805
1.68495
1.65294
