-1.84696
-2.10798
-2.3925
-2.70906
-3.08207
-3.53715
-4.061
-4.63681
-5.26628
-5.95619
-6.72514
-7.62484
-8.73544
-10.0438
-11.4963
-13.0896
-14.8395
-16.7889
-19.0525
-21.8566
-25.2444
-29.0617
-33.2915
-37.9872
-43.2857
-49.5077
-57.3922
-67.4328
-79.5415
-94.114
-112.302
-136.369
-170.992
-224.078
-295.48
-328.426
-228.621
-6.805
214.712
314.458
282.636
216.75
166.551
132.798
108.742
90.4675
75.8624
64.0468
54.9171
47.819
41.8527
36.6113
31.9182
27.6938
23.9493
20.8458
18.3432
16.1946
14.2666
12.512
10.9116
9.46631
8.23311
7.22794
6.36719
5.59169
4.87914
4.22141
3.61475
2.92043
2.04134
1.51014
1.16098
0.910662
0.724975
-1.84778
-2.10707
-2.10889
-2.39152
-2.39348
-2.70795
-2.71018
-3.08076
-3.08339
-3.53553
-3.53877
-4.0592
-4.06281
-4.63484
-4.63878
-5.26411
-5.26844
-5.95381
-5.95857
-6.72245
-6.72783
-7.62154
-7.62814
-8.73143
-8.73946
-10.0393
-10.0484
-11.4913
-11.5013
-13.0841
-13.095
-14.8335
-14.8456
-16.7821
-16.7957
-19.0442
-19.0608
-21.8464
-21.8669
-25.2325
-25.2563
-29.049
-29.0748
-33.2769
-33.3061
-37.9709
-38.0035
-43.267
-43.3043
-49.485
-49.5304
-57.3627
-57.4217
-67.3964
-67.4692
-79.4983
-79.5848
-94.0611
-94.1669
-112.234
-112.37
-136.276
-136.462
-170.855
-171.13
-223.867
-224.289
-295.25
-295.711
-328.526
-328.219
-229.204
-228.038
-7.61595
-5.99404
214.138
215.284
314.391
314.523
282.85
282.423
216.95
216.55
166.694
166.407
132.891
132.706
108.81
108.674
90.5198
90.4152
75.9056
75.8191
64.0813
64.0125
54.9432
54.891
47.8397
47.7983
41.871
41.8344
36.6275
36.5951
31.9327
31.9037
27.707
27.6807
23.9606
23.938
20.8549
20.8367
18.3506
18.3357
16.2012
16.1879
14.2727
14.2605
12.5176
12.5065
10.9166
10.9066
9.47075
9.46187
8.23675
8.22946
7.23094
7.22494
6.36986
6.36452
5.59412
5.58925
4.88142
4.87686
4.22348
4.21934
3.61666
3.61284
2.9241
2.91676
2.04352
2.03918
1.51153
1.50876
1.16194
1.16002
0.911357
0.909968
0.72553
-1.85516
-2.099
-2.11697
-2.38271
-2.40232
-2.69795
-2.72023
-3.06882
-3.09589
-3.52098
-3.55339
-4.04295
-4.07911
-4.61713
-4.65671
-5.24445
-5.28793
-5.93246
-5.98002
-6.69828
-6.75212
-7.59215
-7.65794
-8.69543
-8.77567
-9.99845
-10.0894
-11.4464
-11.5462
-13.034
-13.1444
-14.7792
-14.9001
-16.7209
-16.8571
-18.9702
-19.1351
-21.7545
-21.9593
-25.1258
-25.3635
-28.9324
-29.1949
-33.1453
-33.4377
-37.8244
-38.1506
-43.0996
-43.4722
-49.2818
-49.7358
-57.0983
-57.6883
-67.0699
-67.7978
-79.1105
-79.977
-93.5881
-94.6448
-111.627
-112.982
-135.445
-137.331
-169.626
-172.382
-221.982
-226.202
-293.173
-297.782
-328.124
-326.369
-234.4
-222.738
-14.9147
1.30447
208.909
220.74
313.421
315.054
284.785
280.508
218.763
214.764
167.859
165.169
133.728
131.88
109.424
108.066
91.0009
89.9435
76.2954
75.4316
64.3924
63.7043
55.1793
54.6574
48.0297
47.6093
42.0361
41.6701
36.774
36.4492
32.0644
31.7729
27.8245
27.5627
24.0624
23.8367
20.9368
20.755
18.4175
18.2683
16.2612
16.1282
14.3272
14.2061
12.5672
12.4571
10.9616
10.8616
9.51081
9.42205
8.26968
8.1968
7.258
7.19798
6.39393
6.34053
5.61607
5.56735
4.90182
4.85709
4.24218
4.20069
3.63385
3.59569
2.95744
2.88411
2.0632
2.01979
1.52413
1.49636
1.17059
1.15146
0.917651
0.903754
0.73054
-1.88065
-1.91784
-1.95571
-1.99411
-2.03271
-2.07197
-2.1445
-2.18507
-2.2261
-2.2679
-2.31018
-2.353
-2.43253
-2.4773
-2.52283
-2.5691
-2.61638
-2.66418
-2.75488
-2.80637
-2.85926
-2.91373
-2.96995
-3.02805
-3.13809
-3.20123
-3.2664
-3.33297
-3.40152
-3.47191
-3.60341
-3.67788
-3.7538
-3.83081
-3.90884
-3.98794
-4.13493
-4.21724
-4.30063
-4.38495
-4.47057
-4.5572
-4.71795
-4.80747
-4.89883
-4.99118
-5.08427
-5.17922
-5.35457
-5.45288
-5.55225
-5.65365
-5.75614
-5.86019
-6.05323
-6.16214
-6.27266
-6.38522
-6.49986
-6.61683
-6.83503
-6.95977
-7.08738
-7.21877
-7.35437
-7.49402
-7.76005
-7.91311
-8.07103
-8.23443
-8.40137
-8.57434
-8.90008
-9.0848
-9.27317
-9.46575
-9.66186
-9.85994
-10.2298
-10.4368
-10.6471
-10.8598
-11.0765
-11.2948
-11.7001
-11.9278
-12.1584
-12.3921
-12.6284
-12.8685
-13.313
-13.5622
-13.8138
-14.0718
-14.3319
-14.5959
-15.0855
-15.3625
-15.6428
-15.9278
-16.2189
-16.5148
-17.0688
-17.3814
-17.7026
-18.0331
-18.3718
-18.7233
-19.39
-19.774
-20.1716
-20.5831
-21.0086
-21.4486
-22.2773
-22.7534
-23.2403
-23.7374
-24.2459
-24.765
-25.7305
-26.2734
-26.825
-27.3857
-27.9546
-28.5319
-29.6018
-30.2031
-30.8127
-31.4351
-32.0607
-32.7025
-33.888
-34.5528
-35.2278
-35.9174
-36.6166
-37.3278
-38.6533
-39.4012
-40.1625
-40.9368
-41.7288
-42.5365
-44.0513
-44.9089
-45.797
-46.7006
-47.6386
-48.6028
-50.4454
-51.5127
-52.6185
-53.7738
-54.9728
-56.217
-58.6069
-59.9865
-61.4164
-62.8937
-64.4128
-65.9738
-68.9274
-70.6123
-72.341
-74.1148
-75.9359
-77.803
-81.3254
-83.343
-85.4156
-87.5441
-89.7396
-91.9983
-96.2931
-98.7724
-101.344
-103.991
-106.745
-109.614
-115.107
-118.314
-121.66
-125.188
-128.831
-132.684
-140.219
-144.724
-149.421
-154.441
-159.788
-165.497
-176.831
-183.615
-190.855
-198.613
-206.814
-215.708
-232.969
-243.004
-253.91
-264.655
-275.384
-286.081
-304.164
-312.63
-319.447
-324.873
-328.291
-329.009
-323.008
-315.383
-304.017
-290.251
-272.473
-251.476
-204.098
-174.837
-143.346
-109.808
-75.1456
-39.6432
25.8252
61.5076
96.1599
129.764
161.083
190.241
236.634
258.536
275.638
290.097
301.712
309.086
316.093
315.416
312.36
306.751
299.5
291.536
274.753
263.889
253.832
243.878
234.468
225.045
208.909
200.837
192.91
185.458
178.555
172.064
161.215
155.724
150.529
145.639
141.069
136.637
129.147
125.284
121.627
118.116
114.765
111.566
106.037
103.166
100.399
97.7382
95.1518
92.661
88.3406
86.0736
83.8643
81.7274
79.6553
77.6393
74.1321
72.2828
70.4922
68.7574
67.0812
65.463
62.6779
61.2341
59.8394
58.5062
57.2272
55.9953
53.8782
52.7737
51.7037
50.667
49.6616
48.6871
46.9723
46.0603
45.1671
44.2955
43.4399
42.6027
41.1167
40.3202
39.5413
38.7742
38.0183
37.2744
35.9553
35.2443
34.5466
33.8589
33.1817
32.5145
31.3301
30.6909
30.0618
29.4416
28.8289
28.2309
27.1646
26.5925
26.029
25.4781
24.9396
24.413
23.4964
23.0099
22.5403
22.0824
21.6437
21.2193
20.4802
20.0927
19.7183
19.353
18.9959
18.6502
18.041
17.7144
17.394
17.0795
16.7705
16.4667
15.9247
15.6342
15.3473
15.0647
14.7878
14.5132
14.023
13.7595
13.4982
13.2409
12.9871
12.7368
12.2901
12.0497
11.8118
11.5767
11.3447
11.1165
10.7095
10.4902
10.2739
10.0619
9.85262
9.64821
9.28807
9.09694
8.91071
8.72916
8.55398
8.38325
8.08759
7.93113
7.7809
7.63326
7.49092
7.35162
7.10703
6.97633
6.84808
6.7221
6.59874
6.47683
6.25945
6.14276
6.0276
5.91354
5.80143
5.69093
5.49336
5.38625
5.28049
5.17619
5.07283
4.97092
4.78877
4.69009
4.59261
4.49604
4.40058
4.30642
4.13758
4.04641
3.95629
3.86723
3.77931
3.69259
3.53754
3.45335
3.36962
3.28577
3.20266
3.07321
2.77576
2.62616
2.48753
2.35945
2.24116
2.13252
1.95568
1.86712
1.78465
1.70793
1.63588
1.56818
1.45549
1.39889
1.34555
1.29467
1.24637
1.20059
1.12289
1.08271
1.04431
1.00767
0.972843
0.93954
0.883284
0.85487
0.827119
0.8
0.773576
0.747814
