-2.62932
-2.85149
-3.09941
-3.37684
-3.68304
-4.01576
-4.37122
-4.74891
-5.14991
-5.57674
-6.03249
-6.52429
-7.06229
-7.66229
-8.3384
-9.09464
-9.92312
-10.8149
-11.767
-12.7805
-13.8596
-15.0148
-16.2588
-17.616
-19.1294
-20.8398
-22.7699
-24.9118
-27.2442
-29.749
-32.4306
-35.3103
-38.4118
-41.7813
-45.4903
-49.6585
-54.4414
-59.9844
-66.344
-73.5536
-81.6508
-90.8039
-101.28
-113.508
-128.085
-145.896
-168.205
-196.127
-229.478
-263.882
-286.614
-279.195
-227.539
-130.883
-6.68808
117.242
214.023
266.555
274.233
253.333
221.174
189.836
163.278
141.765
124.272
109.81
97.6249
87.1609
78.0518
70.1079
63.2215
57.3257
52.2655
47.8518
43.9029
40.3067
36.9929
33.9225
31.063
28.4004
25.9388
23.7016
21.7068
19.9481
18.3801
16.9589
15.6463
14.4235
13.2769
12.1998
11.1881
10.2423
9.37095
8.58166
7.87948
7.25127
6.68121
6.15369
5.65977
5.195
4.7545
4.33824
3.94485
3.57701
3.24779
2.5497
2.04814
1.68104
1.4029
1.1874
-2.63041
-2.85026
-2.85274
-3.09805
-3.10077
-3.37533
-3.37835
-3.68139
-3.6847
-4.01398
-4.01754
-4.36932
-4.37311
-4.7469
-4.75092
-5.14777
-5.15205
-5.57447
-5.57902
-6.03005
-6.03493
-6.52164
-6.52694
-7.05936
-7.06522
-7.65901
-7.66557
-8.33473
-8.34207
-9.09056
-9.09872
-9.91866
-9.92758
-10.8101
-10.8197
-11.7619
-11.7721
-12.7751
-12.7859
-13.8538
-13.8653
-15.0086
-15.021
-16.2521
-16.2655
-17.6086
-17.6235
-19.1211
-19.1376
-20.8304
-20.8492
-22.7594
-22.7806
-24.9002
-24.9234
-27.2317
-27.2567
-29.7356
-29.7623
-32.4162
-32.445
-35.2949
-35.3257
-38.3951
-38.4284
-41.7631
-41.7995
-45.4702
-45.5107
-49.6355
-49.6815
-54.4148
-54.468
-59.9532
-60.0157
-66.3091
-66.379
-73.5141
-73.5931
-81.6063
-81.6952
-90.753
-90.8549
-101.222
-101.339
-113.439
-113.577
-128.003
-128.168
-145.794
-145.999
-168.076
-168.334
-195.967
-196.288
-229.297
-229.66
-263.718
-264.046
-286.557
-286.67
-279.334
-279.054
-227.927
-227.15
-131.475
-130.29
-7.36259
-6.01371
116.652
117.831
213.63
214.416
266.408
266.7
274.281
274.179
253.491
253.174
221.344
221.005
189.988
189.684
163.401
163.156
141.865
141.665
124.355
124.19
109.878
109.741
97.6831
97.5668
87.2112
87.1107
78.096
78.0076
70.1462
70.0697
63.2544
63.1886
57.3538
57.2977
52.29
52.241
47.8733
47.8303
43.9223
43.8835
40.3245
40.2889
37.0094
36.9764
33.9378
33.9072
31.0772
31.0487
28.4136
28.3871
25.9509
25.9267
23.7126
23.6907
21.7165
21.6971
19.9567
19.9396
18.3877
18.3724
16.9659
16.9519
15.6528
15.6397
14.4296
14.4174
13.2826
13.2711
12.2052
12.1944
11.1932
11.1831
10.247
10.2376
9.37526
9.36665
8.58551
8.57781
7.88291
7.87605
7.25436
7.24819
6.68404
6.67839
6.15633
6.15106
5.66225
5.6573
5.19733
5.19266
4.75672
4.75229
4.34033
4.33614
3.94682
3.94288
3.57883
3.57518
3.24928
3.24629
2.55275
2.54666
2.05034
2.04595
1.68268
1.67941
1.40414
1.40166
1.18839
-2.63864
-2.84118
-2.86197
-3.08789
-3.11098
-3.36404
-3.38969
-3.66902
-3.69713
-4.00066
-4.0309
-4.35511
-4.38732
-4.73184
-4.76604
-5.13173
-5.1682
-5.55745
-5.59612
-6.01178
-6.05327
-6.5018
-6.54687
-7.03747
-7.08724
-7.63446
-7.69025
-8.30708
-8.36967
-9.05987
-9.12941
-9.88528
-9.96109
-10.7744
-10.8553
-11.7238
-11.8103
-12.7347
-12.8264
-13.8108
-13.9086
-14.9623
-15.0674
-16.2019
-16.3158
-17.5537
-17.6794
-19.0591
-19.2
-20.7601
-20.9199
-22.6807
-22.8609
-24.8134
-25.0105
-27.1381
-27.3506
-29.6352
-29.863
-32.3083
-32.5536
-35.1794
-35.4414
-38.2704
-38.5538
-41.6268
-41.9364
-45.3189
-45.6626
-49.4639
-49.8539
-54.2162
-54.668
-59.7207
-60.2501
-66.0482
-66.6424
-73.219
-73.8898
-81.2739
-82.0297
-90.3725
-91.236
-100.787
-101.779
-112.925
-114.096
-127.387
-128.79
-145.028
-146.773
-167.113
-169.309
-194.769
-197.496
-227.937
-231.028
-262.475
-265.259
-286.104
-287.063
-280.337
-277.938
-230.795
-224.192
-135.895
-125.818
-12.4256
-0.96112
112.207
122.229
210.638
217.321
265.264
267.814
274.602
273.748
254.662
251.977
222.608
219.739
191.131
188.549
164.328
162.24
142.617
140.918
124.972
123.575
110.393
109.231
98.1206
97.1322
87.5893
86.7349
78.4278
77.678
70.434
69.7839
63.5022
62.9431
57.5647
57.088
52.4744
52.0581
48.0349
47.6695
44.0683
43.7382
40.4581
40.1557
37.1332
36.8532
34.0528
33.7926
31.1844
30.9419
28.5133
28.2879
26.0421
25.8359
23.795
23.6088
21.7896
21.6246
20.021
19.8756
18.4454
18.315
17.0189
16.8991
15.7019
15.5908
14.4755
14.3716
13.3257
13.2281
12.2457
12.1542
11.2313
11.1451
10.2823
10.2023
9.40762
9.33446
8.61447
8.54918
7.9087
7.85036
7.27747
7.22509
6.70527
6.65723
6.17611
6.13132
5.68083
5.63878
5.2149
5.17515
4.77335
4.73571
4.35606
4.32046
3.96165
3.9281
3.59252
3.56153
3.26061
3.21785
2.57587
2.524
2.06691
2.0296
1.69505
1.66721
1.4135
1.39239
1.19586
-2.6611
-2.69121
-2.72217
-2.75337
-2.78494
-2.81687
-2.88676
-2.92026
-2.95439
-2.98934
-3.02464
-3.06055
-3.13885
-3.17647
-3.21474
-3.25369
-3.29333
-3.33353
-3.42058
-3.46255
-3.50511
-3.54819
-3.59169
-3.63568
-3.73108
-3.77685
-3.82311
-3.8699
-3.91708
-3.96469
-4.06736
-4.11639
-4.16578
-4.21569
-4.26594
-4.31672
-4.42606
-4.4782
-4.53072
-4.58378
-4.63702
-4.69098
-4.80689
-4.86236
-4.91838
-4.97477
-5.03145
-5.08854
-5.21191
-5.2707
-5.32989
-5.39
-5.45036
-5.51139
-5.64274
-5.70542
-5.76867
-5.83281
-5.89737
-5.96244
-6.10355
-6.17099
-6.23901
-6.30797
-6.37772
-6.4483
-6.6013
-6.67466
-6.74894
-6.82426
-6.90083
-6.97854
-7.14756
-7.22882
-7.31145
-7.39581
-7.48146
-7.56835
-7.75804
-7.84981
-7.94281
-8.03799
-8.13444
-8.23247
-8.44544
-8.54928
-8.65392
-8.76031
-8.86815
-8.97706
-9.21329
-9.32655
-9.44157
-9.55826
-9.67602
-9.7952
-10.0524
-10.1752
-10.299
-10.4242
-10.5501
-10.6781
-10.953
-11.0845
-11.217
-11.3507
-11.4854
-11.6212
-11.9134
-12.0539
-12.1948
-12.3364
-12.4805
-12.6255
-12.9369
-13.0852
-13.2357
-13.3873
-13.5399
-13.6945
-14.0268
-14.1859
-14.3463
-14.5085
-14.672
-14.8373
-15.1941
-15.3646
-15.5372
-15.7121
-15.8885
-16.0667
-16.453
-16.6383
-16.8265
-17.0168
-17.2101
-17.4058
-17.8321
-18.0377
-18.2464
-18.4588
-18.6718
-18.8916
-19.3708
-19.6023
-19.8379
-20.0778
-20.3217
-20.5708
-21.1132
-21.3747
-21.6422
-21.9144
-22.1902
-22.4686
-23.0778
-23.3702
-23.6665
-23.9669
-24.2709
-24.5794
-25.2485
-25.5688
-25.8927
-26.2206
-26.5511
-26.8852
-27.6065
-27.9507
-28.2983
-28.6504
-29.0061
-29.3644
-30.137
-30.5062
-30.878
-31.2544
-31.6365
-32.0193
-32.8488
-33.2449
-33.6443
-34.0476
-34.4553
-34.8682
-35.7567
-36.1836
-36.6136
-37.0495
-37.4896
-37.9343
-38.8946
-39.3567
-39.8235
-40.295
-40.7732
-41.2587
-42.3092
-42.8138
-43.3268
-43.8471
-44.3754
-44.9119
-46.0781
-46.6417
-47.2147
-47.8004
-48.3954
-49.0025
-50.327
-50.9717
-51.6306
-52.301
-52.9856
-53.6831
-55.2161
-55.9636
-56.7259
-57.5038
-58.2996
-59.1046
-60.8837
-61.7446
-62.6231
-63.5151
-64.425
-65.3472
-67.3635
-68.3423
-69.3383
-70.3516
-71.3799
-72.4254
-74.6993
-75.7967
-76.9109
-78.0485
-79.203
-80.378
-82.9439
-84.182
-85.4427
-86.7249
-88.0309
-89.3592
-92.275
-93.6808
-95.1245
-96.5964
-98.094
-99.6214
-102.984
-104.621
-106.296
-108.006
-109.757
-111.551
-115.512
-117.449
-119.44
-121.485
-123.582
-125.737
-130.506
-132.868
-135.286
-137.778
-140.349
-142.99
-148.904
-151.833
-154.852
-157.97
-161.208
-164.544
-172.006
-175.698
-179.507
-183.397
-187.403
-191.567
-200.792
-205.348
-209.973
-214.664
-219.443
-224.345
-234.705
-239.654
-244.628
-249.627
-254.445
-259.007
-268.419
-272.491
-276.305
-279.696
-282.526
-284.719
-287.884
-288.36
-288.091
-287.107
-285.296
-282.692
-274.951
-269.261
-262.725
-255.52
-247.361
-238.218
-215.783
-204.2
-190.733
-177.142
-163.148
-147.736
-113.47
-96.6022
-79.4734
-61.9133
-44.0789
-26.036
12.6505
30.6114
48.3455
65.9081
83.2509
100.095
133.951
149.091
163.517
177.16
189.999
202.149
224.901
234.243
242.787
249.81
256.463
261.791
270.494
272.848
274.523
275.48
275.726
275.296
272.377
270.189
267.617
264.638
261.309
257.641
248.738
244.39
239.929
235.302
230.653
226.012
216.296
211.686
207.19
202.77
198.481
194.254
185.538
181.602
177.758
174.028
170.404
166.887
159.785
156.563
153.448
150.44
147.515
144.685
138.908
136.306
133.789
131.352
128.981
126.663
121.937
119.802
117.725
115.706
113.734
111.805
107.866
106.079
104.333
102.622
100.951
99.3188
95.966
94.438
92.9404
91.4738
90.0356
88.6255
85.7255
84.398
83.0946
81.8157
80.5631
79.3347
76.7956
75.6357
74.5
73.3845
72.2927
71.2221
69.0169
68.0089
67.0217
66.0556
65.1095
64.1828
62.2857
61.4135
60.5706
59.743
58.9332
58.144
56.5263
55.786
55.0583
54.3518
53.6582
52.9777
51.5683
50.927
50.2976
49.681
49.0747
48.4767
47.2364
46.6662
46.1053
45.5512
45.0046
44.4661
43.3467
42.8297
42.3193
41.8136
41.3149
40.8226
39.7963
39.3213
38.8488
38.3851
37.925
37.4708
36.5208
36.0821
35.6465
35.2147
34.7886
34.3663
33.4837
33.0746
32.6694
32.2675
31.8703
31.4766
30.654
30.2725
29.895
29.521
29.1508
28.7848
28.0208
27.6666
27.3157
26.9708
26.6294
26.2919
25.591
25.2681
24.9495
24.632
24.3235
24.02
23.3885
23.0985
22.8135
22.533
22.2591
21.9891
21.4295
21.1748
20.9245
20.6779
20.4351
20.1967
19.7034
19.4765
19.2522
19.0318
18.8157
18.603
18.1603
17.9563
17.7548
17.555
17.358
17.1636
16.7567
16.5681
16.3827
16.1988
16.0166
15.8362
15.4587
15.2834
15.11
14.9392
14.7693
14.6009
14.2474
14.0836
13.922
13.7604
13.6008
13.4429
13.1119
12.9584
12.8055
12.654
12.5049
12.3565
12.0451
11.9007
11.7573
11.6151
11.4745
11.3351
11.0427
10.9073
10.773
10.6399
10.5087
10.3788
10.1073
9.98187
9.85835
9.73595
9.61519
9.49603
9.2478
9.1337
9.02117
8.91022
8.80106
8.69372
8.47194
8.37012
8.26964
8.17089
8.07423
7.97912
7.7811
7.69093
7.60157
7.51324
7.42604
7.34015
7.16288
7.08071
7.00017
6.92031
6.84135
6.76325
6.60011
6.52461
6.44991
6.37583
6.30248
6.22999
6.07803
6.00747
5.93756
5.8683
5.79949
5.73148
5.58875
5.52242
5.45687
5.39159
5.32693
5.26273
5.12784
5.06505
5.0028
4.94081
4.87948
4.8187
4.69095
4.63179
4.57304
4.5146
4.45655
4.39889
4.27815
4.22199
4.16625
4.11093
4.0562
4.00196
3.888
3.83518
3.78317
3.73159
3.68047
3.62995
3.52466
3.47641
3.42879
3.38244
3.33684
3.29256
3.13049
3.02336
2.92039
2.82208
2.72916
2.64007
2.46413
2.38744
2.31396
2.24355
2.17652
2.11273
1.98611
1.93011
1.87653
1.82527
1.77651
1.72929
1.63461
1.59256
1.55206
1.51306
1.47571
1.43925
1.3676
1.33533
1.304
1.27363
1.2444
1.21625
