-1.8589
-2.12224
-2.41162
-2.73683
-3.11781
-3.57082
-4.09107
-4.66766
-5.30224
-6.00327
-6.7928
-7.71675
-8.82832
-10.1254
-11.5778
-13.182
-14.9592
-16.9581
-19.292
-22.1189
-25.474
-29.2895
-33.546
-38.3119
-43.7442
-50.1786
-58.1813
-68.1608
-80.2613
-94.9278
-113.301
-137.56
-171.559
-219.265
-272.2
-282.656
-191.06
-6.68808
177.482
270.462
261.042
211.52
166.463
133.577
109.605
91.2783
76.6806
64.9375
55.6767
48.3385
42.2195
36.8942
32.1697
27.9468
24.234
21.1099
18.5304
16.326
14.3686
12.6008
10.9995
9.56669
8.33293
7.30193
6.41892
5.63015
4.91215
4.25401
3.65433
2.97366
2.07805
1.53129
1.17261
0.917314
0.72904
-1.85973
-2.12133
-2.12314
-2.41062
-2.41262
-2.73569
-2.73797
-3.11644
-3.11918
-3.56922
-3.57242
-4.08926
-4.09287
-4.66568
-4.66964
-5.30006
-5.30442
-6.00084
-6.0057
-6.79002
-6.79557
-7.71342
-7.72008
-8.82433
-8.8323
-10.1208
-10.1299
-11.5728
-11.5828
-13.1764
-13.1875
-14.953
-14.9654
-16.9511
-16.9651
-19.2836
-19.3004
-22.1087
-22.1291
-25.4622
-25.4858
-29.2762
-29.3027
-33.5313
-33.5607
-38.2953
-38.3286
-43.725
-43.7635
-50.1553
-50.202
-58.1518
-58.2109
-68.1246
-68.1971
-80.2176
-80.3051
-94.8742
-94.9814
-113.233
-113.37
-137.467
-137.654
-171.425
-171.693
-219.088
-219.443
-272.054
-272.346
-282.766
-282.552
-191.551
-190.569
-7.36259
-6.01371
176.999
177.964
270.364
270.558
261.176
260.908
211.686
211.354
166.59
166.336
133.668
133.486
109.673
109.537
91.3316
91.225
76.7237
76.6375
64.9718
64.9031
55.704
55.6494
48.3603
48.3167
42.2382
42.2008
36.9107
36.8778
32.1844
32.155
27.9599
27.9338
24.2453
24.2228
21.1191
21.1006
18.5381
18.5226
16.3328
16.3193
14.3746
14.3625
12.6063
12.5953
11.0045
10.9945
9.57109
9.5623
8.33664
8.32922
7.30501
7.29886
6.42164
6.41619
5.63261
5.62769
4.91441
4.90989
4.25608
4.25194
3.6562
3.65247
2.97746
2.96988
2.08029
2.07581
1.53272
1.52986
1.17359
1.17163
0.918025
0.916605
0.729603
-1.8672
-2.11321
-2.13128
-2.40163
-2.42164
-2.72541
-2.74834
-3.10417
-3.13151
-3.55481
-3.58686
-4.07303
-4.10914
-4.64788
-4.68766
-5.28046
-5.32409
-5.97901
-6.02761
-6.76509
-6.82056
-7.68366
-7.75015
-8.78859
-8.86815
-10.0802
-10.1707
-11.5278
-11.628
-13.1266
-13.2376
-14.8977
-15.021
-16.8882
-17.0285
-19.2083
-19.3763
-22.0171
-22.2209
-25.356
-25.5925
-29.1575
-29.4219
-33.3989
-33.6937
-38.1462
-38.4785
-43.5523
-43.9373
-49.9463
-50.4132
-57.8873
-58.4764
-67.7996
-68.5244
-79.8269
-80.7
-94.3939
-95.4657
-112.618
-113.992
-136.636
-138.496
-170.23
-172.904
-217.492
-221.051
-270.72
-273.638
-283.71
-281.561
-195.918
-186.09
-13.4355
0.04832
172.585
182.281
269.305
271.381
262.352
259.675
213.181
209.863
167.738
165.202
134.489
132.675
110.289
108.927
91.813
90.7472
77.1114
76.2514
65.2821
64.5954
55.9483
55.4076
48.5569
48.1214
42.4067
42.0332
37.0589
36.7304
32.3166
32.0234
28.0776
27.8162
24.3458
24.1219
21.2028
21.0176
18.6081
18.4531
16.3939
16.2584
14.4296
14.3074
12.6559
12.546
11.0495
10.9496
9.61077
9.52287
8.37012
8.29593
7.33283
7.27137
6.44622
6.39172
5.65482
5.60555
4.9348
4.88958
4.27473
4.23335
3.67299
3.63577
3.01181
2.93589
2.10056
2.05584
1.54572
1.51707
1.18244
1.16287
0.924454
0.910256
0.734686
-1.89274
-1.93033
-1.96843
-2.00706
-2.04605
-2.08576
-2.15919
-2.20039
-2.24211
-2.28457
-2.32754
-2.37125
-2.45256
-2.4984
-2.54509
-2.59248
-2.64112
-2.69053
-2.78388
-2.83666
-2.89111
-2.94671
-3.00411
-3.06289
-3.17381
-3.23697
-3.30202
-3.3687
-3.43655
-3.50629
-3.63641
-3.71002
-3.78516
-3.86169
-3.93939
-4.01825
-4.16478
-4.24685
-4.33037
-4.41509
-4.50088
-4.5878
-4.74911
-4.83927
-4.93132
-5.02432
-5.1184
-5.21417
-5.39166
-5.49132
-5.59247
-5.69521
-5.79953
-5.9055
-6.10293
-6.21413
-6.3273
-6.44294
-6.56086
-6.68118
-6.90683
-7.03528
-7.16706
-7.30209
-7.44108
-7.5837
-7.85356
-8.00764
-8.1664
-8.3296
-8.49602
-8.66849
-8.99102
-9.17365
-9.35987
-9.55071
-9.74505
-9.94276
-10.3102
-10.5163
-10.7265
-10.9397
-11.1564
-11.3757
-11.7828
-12.0108
-12.2426
-12.4784
-12.7172
-12.959
-13.4083
-13.6602
-13.9167
-14.1777
-14.4421
-14.7106
-15.2113
-15.4931
-15.7805
-16.073
-16.3713
-16.6753
-17.2467
-17.5701
-17.9041
-18.246
-18.5957
-18.9558
-19.6376
-20.0281
-20.4299
-20.8454
-21.2705
-21.7093
-22.5356
-23.0072
-23.4888
-23.9808
-24.4835
-24.9978
-25.9581
-26.4991
-27.0496
-27.6097
-28.1776
-28.7558
-29.8305
-30.4346
-31.0469
-31.6729
-32.3047
-32.9518
-34.1481
-34.8238
-35.5097
-36.2085
-36.9193
-37.6431
-38.9923
-39.7559
-40.5333
-41.3297
-42.1423
-42.972
-44.5342
-45.4248
-46.3379
-47.2774
-48.2465
-49.246
-51.1427
-52.2366
-53.3665
-54.5368
-55.7489
-57.0032
-59.3889
-60.7713
-62.1928
-63.6561
-65.1621
-66.7099
-69.6506
-71.3322
-73.0587
-74.8296
-76.646
-78.5168
-82.0559
-84.0786
-86.1596
-88.303
-90.5117
-92.7944
-97.1307
-99.6262
-102.216
-104.901
-107.683
-110.569
-116.131
-119.372
-122.759
-126.295
-129.987
-133.877
-141.416
-145.87
-150.57
-155.523
-160.756
-166.274
-177.099
-183.458
-190.131
-197.187
-204.545
-212.165
-226.536
-234.599
-242.746
-250.942
-258.592
-266.041
-277.799
-282.682
-286.034
-288.056
-288.16
-286.273
-277.333
-269.076
-257.939
-244.566
-228.603
-210.422
-170.905
-145.97
-119.54
-91.9019
-63.2695
-33.8585
20.4006
49.6899
78.4427
106.036
132.195
156.861
196.384
215.1
231.382
245.154
256.318
264.69
273.772
275.559
275.435
273.682
270.341
265.921
255.413
248.356
241.173
233.549
225.913
218.407
204.838
197.737
190.839
184.193
177.816
171.739
161.44
156.125
151.091
146.295
141.74
137.357
129.97
126.153
122.491
118.986
115.639
112.42
106.891
104.01
101.23
98.5555
95.9708
93.4743
89.1452
86.8725
84.6689
82.5297
80.4604
78.4537
74.9609
73.1247
71.349
69.6289
67.963
66.3534
63.5656
62.1104
60.701
59.3456
58.0411
56.7852
54.6022
53.4629
52.3534
51.2776
50.2386
49.2316
47.4647
46.526
45.6104
44.7145
43.8399
42.9828
41.4685
40.6593
39.8653
39.0852
38.3184
37.5666
36.2326
35.5177
34.8128
34.1206
33.4396
32.7699
31.5789
30.9384
30.3086
29.6893
29.0797
28.4812
27.4197
26.8519
26.295
25.7502
25.2178
24.6952
23.7829
23.2984
22.8265
22.3681
21.9242
21.4907
20.739
20.3404
19.9533
19.5756
19.2065
18.8481
18.219
17.8837
17.5546
17.2318
16.9149
16.6032
16.0527
15.7562
15.4649
15.1772
14.8959
14.6179
14.1221
13.856
13.5927
13.3337
13.0785
12.8265
12.3785
12.1368
11.8985
11.6633
11.432
11.2039
10.798
10.58
10.3658
10.1551
9.94892
9.74692
9.38991
9.1997
9.01397
8.83263
8.65622
8.485
8.18435
8.02587
7.87126
7.72026
7.57354
7.42955
7.17734
7.04288
6.9114
6.78201
6.65512
6.53042
6.30893
6.18997
6.07268
5.95691
5.84325
5.73086
5.5307
5.42296
5.3165
5.21115
5.1072
5.00451
4.82105
4.72192
4.62441
4.52799
4.4326
4.33845
4.17044
4.07983
3.99054
3.90225
3.81547
3.73055
3.57956
3.49901
3.42055
3.34497
3.27257
3.13234
2.82471
2.67364
2.53333
2.40384
2.28356
2.17195
1.9898
1.89873
1.8142
1.73536
1.66114
1.59119
1.4749
1.41632
1.36152
1.30919
1.2596
1.21295
1.13365
1.09263
1.05357
1.01627
0.980783
0.946806
0.889214
0.860487
0.832422
0.80499
0.778252
0.752177
