-2.21971
-2.39715
-2.58703
-2.79374
-3.02203
-3.27648
-3.55801
-3.86411
-4.19205
-4.54014
-4.90878
-5.29897
-5.71355
-6.15603
-6.63266
-7.15398
-7.73342
-8.38259
-9.10485
-9.89195
-10.7365
-11.6355
-12.5899
-13.6021
-14.6811
-15.8364
-17.0853
-18.4599
-19.9948
-21.7253
-23.6538
-25.7652
-28.04
-30.4721
-33.0697
-35.8449
-38.8296
-42.0645
-45.6119
-49.5782
-54.0975
-59.2956
-65.239
-71.936
-79.4179
-87.8125
-97.3187
-108.241
-121.041
-136.361
-155.116
-178.494
-207.119
-239.837
-271.243
-288.123
-274.989
-219.83
-125.219
-6.68808
111.616
206.326
261.852
275.488
260.16
230.825
200.131
173.064
150.696
132.407
117.289
104.566
93.6623
84.1805
75.8471
68.5444
62.1831
56.7002
51.949
47.7766
44.0196
40.5831
37.407
34.4542
31.696
29.1169
26.7169
24.5103
22.5212
20.7535
19.1759
17.7559
16.4484
15.2322
14.0926
13.0204
12.0096
11.057
10.1649
9.34089
8.59129
7.92077
7.31734
6.7694
6.26099
5.78444
5.33524
4.90876
4.50463
4.12075
3.75876
3.42297
2.9434
2.35591
1.92608
1.60402
1.35543
1.15851
0.997071
0.865106
-2.22064
-2.39615
-2.39814
-2.58597
-2.58809
-2.79257
-2.79492
-3.02072
-3.02334
-3.27502
-3.27794
-3.55641
-3.55961
-3.86238
-3.86584
-4.19022
-4.19389
-4.5382
-4.54209
-4.90671
-4.91084
-5.29679
-5.30115
-5.71123
-5.71588
-6.15354
-6.15852
-6.62996
-6.63536
-7.15099
-7.15695
-7.73008
-7.73676
-8.3789
-8.38629
-9.10076
-9.10894
-9.88751
-9.8964
-10.7317
-10.7412
-11.6305
-11.6405
-12.5846
-12.5953
-13.5964
-13.6078
-14.6751
-14.6872
-15.8299
-15.8429
-17.0782
-17.0924
-18.4521
-18.4678
-19.986
-20.0037
-21.7153
-21.7353
-23.6429
-23.6648
-25.7533
-25.7771
-28.0272
-28.0528
-30.4585
-30.4857
-33.0551
-33.0842
-35.8293
-35.8605
-38.8127
-38.8466
-42.0462
-42.0828
-45.5916
-45.6322
-49.5553
-49.6011
-54.0712
-54.1239
-59.2653
-59.3258
-65.2048
-65.2732
-71.8975
-71.9745
-79.3748
-79.4609
-87.7641
-87.861
-97.2636
-97.3738
-108.177
-108.305
-120.965
-121.117
-136.269
-136.452
-155.003
-155.229
-178.352
-178.635
-206.95
-207.289
-239.654
-240.019
-271.094
-271.391
-288.101
-288.144
-275.101
-274.858
-220.253
-219.407
-125.818
-124.619
-7.36259
-6.01371
111.024
112.207
205.908
206.743
261.668
262.035
275.504
275.47
260.297
260.022
230.996
230.653
200.288
199.974
173.198
172.93
150.806
150.587
132.496
132.317
117.363
117.214
104.63
104.502
93.7174
93.6072
84.2287
84.1322
75.8895
75.8048
68.5816
68.5073
62.2155
62.1508
56.7277
56.6727
51.9732
51.9248
47.7981
47.7552
44.039
44.0001
40.601
40.5653
37.4236
37.3904
34.4697
34.4386
31.7105
31.6815
29.1304
29.1034
26.7295
26.7044
24.5217
24.4989
22.5315
22.511
20.7625
20.7444
19.1841
19.1678
17.7633
17.7485
16.4552
16.4416
15.2386
15.2258
14.0986
14.0866
13.0261
13.0148
12.015
12.0043
11.0621
11.052
10.1696
10.1602
9.34517
9.3366
8.59515
8.58744
7.92422
7.91732
7.32043
7.31425
6.77226
6.76654
6.26366
6.25833
5.78695
5.78194
5.33762
5.33287
4.91102
4.9065
4.50677
4.50248
4.12278
4.11873
3.76066
3.75687
3.42471
3.42124
2.94717
2.93964
2.35863
2.3532
1.92809
1.92407
1.60556
1.60248
1.35662
1.35423
1.15948
1.15755
0.997864
0.996279
0.865745
-2.22742
-2.38894
-2.40538
-2.57827
-2.59585
-2.78406
-2.80344
-3.01126
-3.03285
-3.26444
-3.28855
-3.54484
-3.57122
-3.84988
-3.87838
-4.17693
-4.20721
-4.52412
-4.55621
-4.89177
-4.92583
-5.281
-5.31698
-5.6944
-5.73264
-6.13552
-6.17661
-6.61043
-6.65498
-7.1294
-7.17854
-7.70595
-7.76106
-8.35217
-8.41318
-9.07113
-9.13865
-9.85532
-9.9287
-10.6974
-10.7756
-11.5941
-11.677
-12.5458
-12.6341
-13.5555
-13.6489
-14.6312
-14.7308
-15.7828
-15.8901
-17.0267
-17.144
-18.3952
-18.525
-19.922
-20.068
-21.6432
-21.8079
-23.5636
-23.7445
-25.6668
-25.8639
-27.9347
-28.1457
-30.3597
-30.5849
-32.9494
-33.1901
-35.7165
-35.9755
-38.6913
-38.9696
-41.9135
-42.2157
-45.445
-45.7795
-49.3898
-49.7676
-53.8811
-54.3154
-59.0471
-59.5456
-64.9577
-65.5216
-71.619
-72.2544
-79.0637
-79.7732
-87.4144
-88.2135
-96.8654
-97.7747
-107.715
-108.77
-120.418
-121.669
-135.61
-137.12
-154.187
-156.054
-177.332
-179.66
-205.726
-208.525
-238.33
-241.344
-270.003
-272.455
-287.912
-288.27
-275.892
-273.454
-223.272
-216.364
-130.141
-120.247
-12.2571
-1.12939
106.724
116.504
202.831
209.727
260.288
263.317
275.596
275.318
261.275
259.046
232.239
229.406
201.433
198.835
174.175
171.961
151.607
149.794
133.148
131.671
117.907
116.672
105.093
104.042
94.1184
93.2091
84.5797
83.7834
76.198
75.4988
68.8517
68.239
62.4494
61.917
56.9281
56.4738
52.1494
51.7498
47.954
47.5999
44.1803
43.8593
40.7311
40.4358
37.5443
37.2699
34.5824
34.3262
31.8157
31.5765
29.2287
29.0055
26.8205
26.6137
24.6045
24.4165
22.6057
22.4372
20.828
20.6788
19.2432
19.1091
17.8169
17.695
16.5046
16.3922
15.285
15.1794
14.1423
14.0432
13.0671
12.9739
12.0537
11.9657
11.0985
11.0157
10.2035
10.1264
9.37634
9.30559
8.62319
8.55966
7.94933
7.89235
7.34297
7.29197
6.79306
6.74582
6.28302
6.23902
5.80513
5.76376
5.35486
5.31567
4.92743
4.89014
4.52231
4.48696
4.13751
4.10405
3.77443
3.74312
3.43733
3.40874
2.97461
2.9126
2.37847
2.33366
1.94279
1.9096
1.61677
1.59142
1.36531
1.34563
1.16651
1.15058
1.00364
0.990561
0.870384
-2.24566
-2.27001
-2.29462
-2.31942
-2.34449
-2.36972
-2.42475
-2.45077
-2.47716
-2.50368
-2.53056
-2.55768
-2.61674
-2.64509
-2.67347
-2.70244
-2.73186
-2.76147
-2.82629
-2.85761
-2.8889
-2.9207
-2.95306
-2.98617
-3.05849
-3.0931
-3.12822
-3.16378
-3.19979
-3.2364
-3.31718
-3.35555
-3.39439
-3.43362
-3.47378
-3.51417
-3.60233
-3.64417
-3.6866
-3.7294
-3.77279
-3.81661
-3.91202
-3.95713
-4.00261
-4.04852
-4.09495
-4.14154
-4.24292
-4.29094
-4.33923
-4.38798
-4.43707
-4.48668
-4.59409
-4.64462
-4.69592
-4.74771
-4.79934
-4.85176
-4.96604
-5.01961
-5.0737
-5.12821
-5.18342
-5.23902
-5.35966
-5.41659
-5.47423
-5.5322
-5.59065
-5.64964
-5.77798
-5.83873
-5.9
-5.96172
-6.02432
-6.08742
-6.22505
-6.29025
-6.35606
-6.42272
-6.49019
-6.55846
-6.70763
-6.77851
-6.84994
-6.92338
-6.99714
-7.07211
-7.23682
-7.31514
-7.39503
-7.47622
-7.55851
-7.64214
-7.82634
-7.91437
-8.00359
-8.09464
-8.18696
-8.28075
-8.48599
-8.58516
-8.68484
-8.78601
-8.88856
-8.99204
-9.21847
-9.32592
-9.43497
-9.54531
-9.65683
-9.76966
-10.0153
-10.1315
-10.2485
-10.3665
-10.4857
-10.6057
-10.8676
-10.9917
-11.1167
-11.2425
-11.3693
-11.4971
-11.7751
-11.9057
-12.0388
-12.1724
-12.3061
-12.4423
-12.7379
-12.8771
-13.0172
-13.159
-13.3021
-13.4462
-13.7598
-13.908
-14.0574
-14.2086
-14.3608
-14.5145
-14.8493
-15.0077
-15.1676
-15.329
-15.4922
-15.6573
-16.0169
-16.1876
-16.3602
-16.5346
-16.7112
-16.8906
-17.2827
-17.4692
-17.6581
-17.8509
-18.0461
-18.2441
-18.6766
-18.885
-19.0971
-19.3118
-19.5306
-19.7524
-20.2412
-20.4754
-20.7143
-20.9564
-21.2019
-21.4516
-22.0029
-22.2654
-22.5304
-22.8009
-23.0751
-23.3523
-23.9585
-24.2467
-24.5388
-24.8348
-25.1342
-25.4374
-26.0972
-26.4088
-26.7242
-27.0428
-27.3644
-27.6889
-28.3949
-28.7292
-29.067
-29.407
-29.7506
-30.097
-30.8503
-31.2058
-31.568
-31.9312
-32.2958
-32.668
-33.4742
-33.8549
-34.2384
-34.6283
-35.0203
-35.4163
-36.2801
-36.6888
-37.1027
-37.5201
-37.9419
-38.3681
-39.2991
-39.7408
-40.1869
-40.6384
-41.0958
-41.5611
-42.5737
-43.0561
-43.5452
-44.0414
-44.5449
-45.0558
-46.1768
-46.7114
-47.2568
-47.8121
-48.3761
-48.9508
-50.2166
-50.825
-51.4466
-52.0784
-52.7224
-53.3783
-54.8322
-55.532
-56.2459
-56.9735
-57.7156
-58.4728
-60.1454
-60.9477
-61.7646
-62.5974
-63.4419
-64.3026
-66.1915
-67.0978
-68.0206
-68.9587
-69.9132
-70.8809
-73.0082
-74.0237
-75.0523
-76.0981
-77.1581
-78.24
-80.6175
-81.7564
-82.9118
-84.0843
-85.277
-86.4891
-89.1604
-90.442
-91.7513
-93.0759
-94.4271
-95.8098
-98.8557
-100.32
-101.816
-103.345
-104.903
-106.496
-110.025
-111.733
-113.482
-115.269
-117.098
-118.974
-123.163
-125.193
-127.274
-129.406
-131.611
-133.874
-138.932
-141.396
-143.931
-146.553
-149.253
-152.038
-158.297
-161.374
-164.539
-167.802
-171.175
-174.651
-182.425
-186.188
-190.086
-194.114
-198.245
-202.462
-211.855
-216.324
-220.892
-225.531
-230.138
-234.803
-244.898
-249.634
-254.205
-258.528
-262.913
-267.018
-275.195
-278.579
-281.46
-283.788
-285.646
-287.153
-288.336
-287.877
-286.733
-284.842
-282.274
-279.072
-269.231
-263.054
-256.267
-248.677
-240.151
-230.843
-208.376
-195.978
-183.245
-170.505
-156.391
-141.557
-108.346
-92.3425
-75.9873
-59.2779
-42.3407
-25.2299
11.855
28.8694
45.7294
62.3829
78.8929
94.9903
127.817
142.393
156.442
169.766
182.34
194.251
217.369
226.886
235.611
243.516
250.162
256.439
266.427
270.102
272.403
274.187
275.272
275.748
274.679
273.318
271.432
269.209
266.603
263.709
256.391
252.397
248.297
244.161
239.936
235.551
226.103
221.788
217.445
213.035
208.765
204.547
195.809
191.838
187.932
184.151
180.442
176.825
169.403
166.099
162.895
159.78
156.725
153.76
147.713
145.022
142.403
139.837
137.337
134.917
129.966
127.746
125.58
123.463
121.396
119.387
115.246
113.384
111.564
109.784
108.047
106.348
102.823
101.233
99.6781
98.1571
96.664
95.2007
92.156
90.7803
89.4285
88.1032
86.8037
85.5265
82.8591
81.6511
80.4661
79.3029
78.1569
77.0307
74.6885
73.627
72.587
71.5661
70.5641
69.5801
67.5284
66.6036
65.6949
64.8046
63.9313
63.0777
61.2997
60.503
59.7191
58.9517
58.2026
57.4696
55.9449
55.2513
54.5754
53.9153
53.2655
52.6257
51.2884
50.6854
50.0933
49.5115
48.9396
48.3739
47.188
46.648
46.1164
45.5909
45.0721
44.5605
43.4852
42.993
42.5074
42.0262
41.5502
41.081
40.0914
39.6376
39.189
38.7424
38.3035
37.8683
36.9497
36.5284
36.1118
35.699
35.2892
34.8834
34.0278
33.6347
33.2455
32.8598
32.4771
32.0983
31.2972
30.9295
30.5653
30.2045
29.8472
29.4931
28.7451
28.402
28.0628
27.7267
27.3935
27.0654
26.3727
26.0555
25.7436
25.4352
25.1308
24.831
24.1992
23.912
23.629
23.3504
23.0757
22.8057
22.2426
21.9866
21.735
21.4859
21.2434
21.0047
20.5047
20.2776
20.0541
19.834
19.617
19.4026
18.9534
18.7499
18.5486
18.3502
18.1543
17.9608
17.5528
17.366
17.1814
16.9988
16.8175
16.6377
16.2608
16.0875
15.9157
15.7453
15.5769
15.4097
15.0564
14.8949
14.7342
14.5746
14.4164
14.2593
13.928
13.775
13.6233
13.4734
13.3251
13.1772
12.8644
12.7201
12.578
12.437
12.2967
12.1574
11.8628
11.7271
11.5927
11.4595
11.3274
11.1963
10.919
10.7915
10.6651
10.5406
10.4167
10.2946
10.0363
9.91854
9.80192
9.68664
9.57263
9.4601
9.22329
9.11534
9.00884
8.90395
8.80047
8.69862
8.48595
8.38912
8.29354
8.19946
8.10733
8.01659
7.82576
7.73894
7.65407
7.5698
7.48653
7.40406
7.23232
7.15346
7.07579
6.99943
6.92382
6.84902
6.69069
6.61816
6.54649
6.47527
6.4049
6.33508
6.18759
6.11976
6.05251
5.98574
5.91982
5.85425
5.71527
5.65149
5.58802
5.52509
5.4629
5.40103
5.2698
5.20927
5.1492
5.08962
5.03023
4.97141
4.84678
4.78913
4.73206
4.67555
4.61954
4.56398
4.44558
4.39098
4.33698
4.28324
4.22994
4.17699
4.06504
4.0134
3.96234
3.91152
3.86113
3.81135
3.7065
3.65834
3.61058
3.56353
3.51698
3.47128
3.37605
3.33288
3.29095
3.251
3.15208
3.04927
2.84232
2.75326
2.66747
2.5855
2.50713
2.43268
2.28252
2.21709
2.15476
2.09513
2.03797
1.98285
1.87181
1.82334
1.77713
1.73228
1.6891
1.64723
1.56235
1.52508
1.48915
1.4542
1.42085
1.38882
1.32293
1.29355
1.26512
1.23772
1.21118
1.18551
1.13219
1.10839
1.08513
1.06259
1.04064
1.01933
0.975427
0.955779
0.936669
0.918132
0.900061
0.882852
