-2.13062
-2.36645
-2.6258
-2.91735
-3.2512
-3.63229
-4.05687
-4.52072
-5.02291
-5.56723
-6.16199
-6.82263
-7.57383
-8.44182
-9.43486
-10.5417
-11.7526
-13.0676
-14.4992
-16.0729
-17.8367
-19.8622
-22.2197
-24.9224
-27.9417
-31.2631
-34.9028
-38.9169
-43.4141
-48.5809
-54.6907
-62.0181
-70.7137
-80.9057
-92.9149
-107.361
-125.317
-148.545
-179.374
-219.309
-262.686
-287.967
-260.182
-159.635
-6.75624
146.321
247.165
275.89
252.64
211.818
173.994
144.262
121.483
103.674
89.2766
77.3723
67.4491
59.2425
52.4862
46.8033
41.8724
37.4829
33.515
29.9072
26.6406
23.7346
21.2129
19.0464
17.153
15.4565
13.9093
12.4864
11.1764
9.98059
8.91056
7.97637
7.16356
6.44243
5.78813
5.18468
4.62463
4.10548
3.6329
3.12767
2.29601
1.76263
1.39427
1.12693
0.922681
0.765098
-2.13153
-2.36546
-2.36744
-2.6247
-2.6269
-2.91611
-2.9186
-3.24976
-3.25264
-3.63067
-3.63392
-4.05508
-4.05865
-4.51878
-4.52267
-5.02081
-5.02501
-5.56496
-5.56951
-6.15948
-6.16449
-6.81981
-6.82545
-7.57059
-7.57706
-8.43807
-8.44557
-9.43063
-9.43908
-10.5371
-10.5464
-11.7475
-11.7576
-13.062
-13.0731
-14.4931
-14.5052
-16.0663
-16.0796
-17.8291
-17.8442
-19.8534
-19.8709
-22.2095
-22.2299
-24.9109
-24.9339
-27.929
-27.9544
-31.2492
-31.2771
-34.8875
-34.9181
-38.8999
-38.9339
-43.3948
-43.4333
-48.5585
-48.6033
-54.6639
-54.7176
-61.986
-62.0503
-70.676
-70.7515
-80.8615
-80.95
-92.8623
-92.9676
-107.297
-107.425
-125.236
-125.398
-148.438
-148.652
-179.232
-179.517
-219.132
-219.483
-262.528
-262.844
-287.947
-287.986
-260.434
-259.928
-160.173
-159.097
-7.40738
-6.10519
145.781
146.86
246.907
247.419
275.899
275.88
252.786
252.493
211.983
211.656
174.13
173.858
144.366
144.158
121.564
121.403
103.737
103.61
89.329
89.2242
77.416
77.3287
67.4854
67.4129
59.2723
59.2127
52.511
52.4615
46.8245
46.7822
41.891
41.8538
37.4996
37.4662
33.5302
33.4997
29.921
29.8934
26.653
26.6282
23.7455
23.7237
21.2223
21.2036
19.0545
19.0383
17.1602
17.1458
15.463
15.4501
13.9152
13.9033
12.4919
12.4809
11.1814
11.1713
9.98514
9.97603
8.9146
8.90653
7.97986
7.97288
7.16662
7.1605
6.44518
6.43968
5.79065
5.78561
5.18702
5.18235
4.62679
4.62246
4.10748
4.10349
3.63468
3.63112
3.13193
3.12343
2.29863
2.29339
1.76439
1.76088
1.39552
1.39303
1.12786
1.126
0.923398
0.921964
0.765682
-2.13903
-2.35731
-2.37562
-2.61565
-2.63599
-2.90582
-2.92893
-3.23794
-3.26453
-3.61733
-3.64732
-4.04037
-4.07342
-4.50281
-4.53869
-5.00353
-5.04236
-5.54619
-5.58835
-6.13886
-6.18519
-6.7966
-6.8488
-7.54397
-7.60385
-8.40725
-8.47654
-9.39585
-9.47403
-10.4987
-10.5849
-11.7058
-11.7995
-13.0167
-13.1186
-14.4436
-14.5549
-16.0114
-16.1347
-17.767
-17.9067
-19.7815
-19.9434
-22.1258
-22.3141
-24.8162
-25.0291
-27.824
-28.0598
-31.1342
-31.3923
-34.7613
-35.0446
-38.7601
-39.0744
-43.2365
-43.5926
-48.3744
-48.7888
-54.4427
-54.9404
-61.7221
-62.3161
-70.3653
-71.0642
-80.4977
-81.3161
-92.4299
-93.4038
-106.771
-107.956
-124.573
-126.072
-147.56
-149.541
-178.067
-180.697
-217.664
-220.921
-261.206
-264.132
-287.747
-288.106
-262.475
-257.793
-164.558
-154.635
-12.7826
-0.75026
141.294
151.274
244.64
249.473
275.929
275.759
253.972
251.266
213.346
210.318
175.256
172.742
145.229
143.304
122.229
120.744
104.264
103.085
89.7629
88.7936
77.7772
76.9706
67.7862
67.1149
59.5187
58.968
52.7159
52.258
46.9994
46.6082
42.045
41.7003
37.6378
37.3285
33.6558
33.3746
30.0351
29.7797
26.7558
26.5258
23.8358
23.634
21.2998
21.1265
19.1215
18.9718
17.2194
17.0869
15.5167
15.3966
13.9644
13.8544
12.5371
12.4357
11.2231
11.1298
10.0228
9.93851
8.94796
8.87337
8.00871
7.94418
7.19193
7.13531
6.46789
6.41705
5.81148
5.76485
5.20628
5.16315
4.64472
4.60459
4.12399
4.08704
3.64942
3.61645
3.16742
3.08876
2.32042
2.27197
1.77896
1.74651
1.40589
1.38279
1.13558
1.11836
0.929348
0.916083
0.770517
-2.1623
-2.19545
-2.22908
-2.26306
-2.29746
-2.33234
-2.40104
-2.43729
-2.47411
-2.51143
-2.54934
-2.58795
-2.66423
-2.7047
-2.74597
-2.78794
-2.8308
-2.87439
-2.96117
-3.00724
-3.0545
-3.10266
-3.15176
-3.20189
-3.30153
-3.35463
-3.40863
-3.4636
-3.51949
-3.57646
-3.68898
-3.7485
-3.80895
-3.87018
-3.93235
-3.99527
-4.1192
-4.18444
-4.25065
-4.31751
-4.38518
-4.45378
-4.58838
-4.65924
-4.73081
-4.80322
-4.87639
-4.9505
-5.09616
-5.17283
-5.25043
-5.32879
-5.40834
-5.48863
-5.64688
-5.73029
-5.81488
-5.90052
-5.98742
-6.07565
-6.24966
-6.34185
-6.43544
-6.53045
-6.62708
-6.72565
-6.92134
-7.02529
-7.13128
-7.2394
-7.34996
-7.46272
-7.68718
-7.80725
-7.93019
-8.05508
-8.18261
-8.31316
-8.5728
-8.71092
-8.85185
-8.99512
-9.14105
-9.28938
-9.58264
-9.73774
-9.89531
-10.0549
-10.2168
-10.3811
-10.7043
-10.8745
-11.0472
-11.2218
-11.3986
-11.5777
-11.9294
-12.1145
-12.3021
-12.4915
-12.6832
-12.8776
-13.2598
-13.4609
-13.6648
-13.8711
-14.0799
-14.2918
-14.7092
-14.9294
-15.153
-15.3795
-15.6096
-15.8437
-16.3059
-16.5511
-16.8008
-17.0544
-17.3135
-17.5773
-18.1016
-18.381
-18.6671
-18.9585
-19.2567
-19.5617
-20.1701
-20.4965
-20.8284
-21.1677
-21.5148
-21.8699
-22.5762
-22.9519
-23.3352
-23.7252
-24.122
-24.526
-25.3248
-25.7474
-26.177
-26.6127
-27.0545
-27.5029
-28.3867
-28.853
-29.3257
-29.805
-30.2904
-30.7819
-31.7504
-32.2612
-32.7784
-33.303
-33.8349
-34.3743
-35.438
-35.9991
-36.5693
-37.1474
-37.7346
-38.3313
-39.5112
-40.1366
-40.7736
-41.4213
-42.08
-42.7523
-44.0887
-44.8004
-45.527
-46.271
-47.0328
-47.8117
-49.3685
-50.2035
-51.062
-51.9413
-52.8433
-53.7687
-55.6379
-56.6369
-57.6629
-58.7199
-59.8051
-60.9167
-63.146
-64.3422
-65.5676
-66.8209
-68.1036
-69.4165
-72.0397
-73.4432
-74.8789
-76.3485
-77.8504
-79.387
-82.4599
-84.1064
-85.7942
-87.5237
-89.2944
-91.1124
-94.7638
-96.7267
-98.7438
-100.826
-102.968
-105.172
-109.621
-112.041
-114.536
-117.12
-119.794
-122.558
-128.188
-131.275
-134.476
-137.802
-141.283
-144.903
-152.321
-156.389
-160.655
-165.087
-169.709
-174.539
-184.385
-189.756
-195.38
-201.153
-207.062
-213.22
-225.384
-231.748
-238.178
-244.542
-250.895
-257.001
-267.991
-272.946
-277.488
-281.427
-284.6
-286.805
-288.168
-287.066
-284.635
-280.787
-275.31
-268.296
-250.581
-238.926
-225.687
-210.919
-194.974
-177.611
-140.588
-119.792
-97.9719
-75.6
-52.5828
-29.3182
15.7031
39.0703
62.0441
84.3617
106.038
127.077
164.395
181.949
198.099
212.67
225.758
237.266
255.319
262.295
267.675
271.594
274.313
275.6
275.035
273.017
270.313
266.652
262.339
257.599
247.279
241.56
235.695
229.672
223.636
217.55
206.12
200.344
194.693
189.227
183.926
178.776
169.354
164.74
160.293
155.998
151.882
147.937
140.724
137.191
133.789
130.517
127.357
124.316
118.747
116.008
113.359
110.805
108.325
105.921
101.486
99.2946
97.1579
95.0854
93.0735
91.1174
87.482
85.676
83.9167
82.2024
80.5322
78.9053
75.8789
74.3691
72.9009
71.4706
70.0797
68.7252
66.2069
64.955
63.739
62.5596
61.4118
60.2929
58.222
57.1946
56.1958
55.2233
54.2763
53.3544
51.6373
50.7803
49.9438
49.126
48.3253
47.5438
46.0764
45.3395
44.6152
43.9055
43.2087
42.5236
41.2312
40.5783
39.9363
39.3038
38.6812
38.0673
36.9065
36.3186
35.7389
35.1667
34.6023
34.046
32.9915
32.4567
31.9291
31.4088
30.8957
30.3896
29.4313
28.9458
28.4672
27.996
27.532
27.075
26.213
25.7779
25.3509
24.9319
24.52
24.1169
23.3596
22.9797
22.6095
22.2452
21.8891
21.5414
20.8916
20.5656
20.2471
19.9351
19.6299
19.3302
18.7685
18.4855
18.208
17.9352
17.6668
17.4034
16.9062
16.6546
16.4063
16.1619
15.9208
15.6832
15.2328
15.0039
14.7781
14.5551
14.3344
14.1169
13.7042
13.4941
13.2866
13.0814
12.8783
12.6779
12.2972
12.1035
11.9123
11.7234
11.5364
11.3523
11.0026
10.8251
10.6501
10.4776
10.3074
10.1399
9.82359
9.66347
9.50638
9.35197
9.20044
9.05174
8.7724
8.63228
8.49455
8.35977
8.22774
8.09859
7.85646
7.73469
7.61534
7.49836
7.38329
7.2706
7.05822
6.95104
6.84539
6.74148
6.63905
6.53839
6.34771
6.25085
6.15534
6.06115
5.96815
5.87606
5.70117
5.61214
5.52425
5.43723
5.35105
5.26604
5.10416
5.02166
4.94
4.85933
4.77937
4.7003
4.54977
4.47307
4.39733
4.32246
4.24848
4.17527
4.03657
3.96607
3.89678
3.82862
3.76142
3.69544
3.57156
3.50948
3.44887
3.39005
3.33259
3.27688
2.98513
2.84824
2.72139
2.60327
2.49289
2.38971
2.20782
2.1219
2.0411
1.9647
1.89261
1.82494
1.7032
1.64474
1.58929
1.53648
1.48555
1.43831
1.35184
1.30975
1.26953
1.23123
1.19483
1.15981
1.0952
1.06353
1.03311
1.00371
0.975323
0.948049
0.898289
0.874601
0.851709
0.829245
0.80718
0.785574
