-1.70871
-1.88012
-2.06195
-2.25557
-2.46337
-2.68968
-2.94202
-3.22741
-3.54871
-3.90286
-4.28553
-4.6946
-5.13125
-5.59794
-6.09982
-6.64627
-7.25387
-7.94263
-8.72666
-9.60297
-10.5585
-11.5866
-12.6866
-13.865
-15.1315
-16.5091
-18.034
-19.7623
-21.7438
-23.9895
-26.4731
-29.1702
-32.0784
-35.2154
-38.621
-42.3553
-46.5275
-51.3155
-56.9349
-63.5309
-71.1586
-79.8796
-89.8826
-101.544
-115.447
-132.556
-154.297
-182.692
-219.477
-263.006
-301.476
-310.546
-263.528
-155.248
-6.91764
141.662
250.21
297.012
289.656
253.461
212.534
177.537
150.088
128.773
111.798
97.9155
86.2543
76.3117
67.7994
60.5929
54.543
49.4015
44.9073
40.8826
37.2122
33.8363
30.7129
27.8281
25.1909
22.8317
20.7655
18.9614
17.3564
15.8947
14.5434
13.2845
12.1077
11.0083
9.9897
9.0622
8.23796
7.51214
6.86563
6.27664
5.73055
5.21907
4.73772
4.28452
3.86065
3.47267
2.93472
2.2639
1.80615
1.4744
1.22533
1.02938
0.8734
0.745194
0.632014
0.535755
-1.70949
-1.87928
-1.88095
-2.06107
-2.06283
-2.25463
-2.25651
-2.46235
-2.46439
-2.68856
-2.6908
-2.94075
-2.94328
-3.22598
-3.22884
-3.54711
-3.55031
-3.90112
-3.9046
-4.28366
-4.2874
-4.69261
-4.6966
-5.12913
-5.13336
-5.59566
-5.60022
-6.09735
-6.10228
-6.64357
-6.64898
-7.25084
-7.25691
-7.93916
-7.94611
-8.72273
-8.73059
-9.59865
-9.6073
-10.5538
-10.5632
-11.5816
-11.5916
-12.6813
-12.692
-13.8592
-13.8708
-15.1253
-15.1377
-16.5023
-16.5159
-18.0264
-18.0417
-19.7536
-19.7711
-21.7338
-21.7538
-23.9783
-24.0007
-26.4608
-26.4853
-29.157
-29.1834
-32.0642
-32.0927
-35.2
-35.2308
-38.6042
-38.6378
-42.3368
-42.3738
-46.5065
-46.5485
-51.2913
-51.3398
-56.9062
-56.9637
-63.4974
-63.5645
-71.1202
-71.197
-79.8356
-79.9236
-89.8319
-89.9333
-101.484
-101.603
-115.375
-115.52
-132.466
-132.646
-154.179
-154.414
-182.539
-182.845
-219.283
-219.671
-262.804
-263.208
-301.351
-301.6
-310.612
-310.48
-263.907
-263.163
-155.875
-154.62
-7.6556
-6.17997
141.026
142.296
249.84
250.579
296.933
297.089
289.782
289.527
253.659
253.262
212.718
212.35
177.683
177.391
150.201
149.975
128.862
128.684
111.87
111.726
97.9751
97.8559
86.3049
86.2038
76.3551
76.2682
67.8363
67.7624
60.6239
60.5618
54.5692
54.5168
49.4241
49.3789
44.9273
44.8873
40.9007
40.8645
37.2288
37.1956
33.8516
33.821
30.7271
30.6988
27.8411
27.8151
25.2027
25.1791
22.8421
22.8212
20.7746
20.7564
18.9693
18.9534
17.3636
17.3492
15.9013
15.8881
14.5495
14.5373
13.2902
13.2788
12.1131
12.1023
11.0133
11.0033
9.9943
9.9851
9.06634
9.05807
8.24161
8.23431
7.51535
7.50893
6.86853
6.86273
6.27931
6.27397
5.73305
5.72806
5.22142
5.21672
4.73994
4.73551
4.28659
4.28244
3.86257
3.85873
3.4744
3.47095
2.9386
2.93086
2.26649
2.26133
1.80796
1.80434
1.47575
1.47305
1.22636
1.22431
1.03021
1.02856
0.87404
0.87276
0.745764
0.744625
0.63251
0.631518
0.536182
-1.71557
-1.87285
-1.88742
-2.05422
-2.0697
-2.24733
-2.26384
-2.45448
-2.47231
-2.67988
-2.69952
-2.93096
-2.9531
-3.2149
-3.23993
-3.53476
-3.56272
-3.88766
-3.9181
-4.2692
-4.3019
-4.67719
-4.71207
-5.11272
-5.1498
-5.57804
-5.61789
-6.07828
-6.12141
-6.62267
-6.66998
-7.2273
-7.28053
-7.91227
-7.97304
-8.69235
-8.76114
-9.5652
-9.6409
-10.5176
-10.5995
-11.5428
-11.6305
-12.6397
-12.7337
-13.8146
-13.9155
-15.0772
-15.186
-16.4497
-16.5688
-17.9675
-18.1009
-19.686
-19.8386
-21.6567
-21.8312
-23.8919
-24.0875
-26.3663
-26.5803
-29.0547
-29.286
-31.9538
-32.2035
-35.0809
-35.3504
-38.4746
-38.7679
-42.1936
-42.5178
-46.3445
-46.7122
-51.1041
-51.5301
-56.6844
-57.1871
-63.2384
-63.8252
-70.8232
-71.4958
-79.4957
-80.2658
-89.4402
-90.3278
-101.024
-102.067
-114.817
-116.082
-131.772
-133.348
-153.275
-155.323
-181.358
-184.035
-217.789
-221.189
-261.217
-264.773
-300.351
-302.587
-311.081
-309.762
-266.791
-260.32
-160.71
-149.732
-13.3444
-0.47223
136.11
147.137
246.909
253.39
296.282
297.648
290.736
288.509
255.201
251.727
214.141
210.929
178.822
176.266
151.084
149.103
129.555
127.998
112.43
111.173
98.4388
97.3957
86.6988
85.8133
76.6927
75.9329
68.124
67.477
60.8654
60.3221
54.7737
54.3145
49.5995
49.2045
45.0825
44.733
41.0411
40.7246
37.3576
37.0675
33.9704
33.7025
30.837
30.5892
27.9422
27.7143
25.2946
25.0877
22.9231
22.7406
20.8452
20.6863
19.0313
18.8919
17.4195
17.2935
15.9527
15.8369
14.5972
14.4897
13.3348
13.2344
12.1548
12.0608
11.0521
10.9646
10.03
9.94951
9.09847
9.0261
8.26987
8.20613
7.54032
7.484
6.89103
6.84033
6.30003
6.25333
5.75239
5.70879
5.23965
5.19863
4.75707
4.71841
4.30268
4.26642
3.87751
3.84385
3.48778
3.45767
2.96887
2.90114
2.28667
2.24151
1.82205
1.79043
1.48626
1.4628
1.23437
1.21641
1.03664
1.0222
0.879012
0.867813
0.75019
0.740224
0.636367
0.627692
0.539495
-1.73296
-1.75685
-1.78099
-1.80535
-1.82986
-1.85461
-1.90588
-1.93127
-1.95679
-1.98259
-2.00858
-2.03487
-2.08932
-2.11629
-2.14352
-2.17097
-2.19865
-2.22666
-2.28477
-2.31362
-2.34278
-2.37225
-2.40203
-2.43218
-2.49497
-2.52615
-2.55788
-2.58999
-2.62244
-2.65539
-2.72455
-2.75916
-2.79438
-2.83015
-2.8665
-2.90331
-2.98126
-3.02023
-3.06002
-3.10051
-3.14162
-3.1836
-3.27181
-3.3159
-3.36081
-3.40649
-3.45279
-3.49989
-3.59817
-3.64723
-3.69688
-3.74727
-3.79807
-3.84956
-3.95674
-4.00988
-4.06366
-4.11804
-4.17282
-4.22825
-4.34332
-4.40022
-4.4578
-4.51586
-4.5743
-4.63348
-4.7563
-4.81713
-4.87849
-4.94042
-5.00289
-5.06609
-5.19694
-5.26179
-5.32739
-5.39373
-5.46063
-5.52813
-5.66845
-5.73802
-5.80842
-5.87963
-5.95154
-6.02438
-6.17612
-6.25166
-6.328
-6.40547
-6.48391
-6.56361
-6.73021
-6.81364
-6.89833
-6.98427
-7.07152
-7.16072
-7.34832
-7.44206
-7.5381
-7.63581
-7.73524
-7.83677
-8.05063
-8.15785
-8.26708
-8.37844
-8.49155
-8.60674
-8.84861
-8.96923
-9.0919
-9.21641
-9.34231
-9.47048
-9.73706
-9.86951
-10.0037
-10.1395
-10.2765
-10.4151
-10.7035
-10.8466
-10.9912
-11.1371
-11.2843
-11.4331
-11.7417
-11.8947
-12.0494
-12.2055
-12.3633
-12.5222
-12.8529
-13.0167
-13.1817
-13.3488
-13.5175
-13.6881
-14.0435
-14.2188
-14.3965
-14.5762
-14.7576
-14.9413
-15.324
-15.5141
-15.7072
-15.9026
-16.1002
-16.3008
-16.7204
-16.9299
-17.1425
-17.3587
-17.5782
-17.8013
-18.2709
-18.5065
-18.7456
-18.991
-19.2408
-19.4959
-20.0335
-20.3038
-20.5798
-20.8607
-21.1476
-21.4393
-22.0537
-22.3621
-22.6764
-22.9954
-23.319
-23.6477
-24.3362
-24.6801
-25.0282
-25.3808
-25.7373
-26.0987
-26.8519
-27.2261
-27.6049
-27.9877
-28.3749
-28.7661
-29.5794
-29.9833
-30.3909
-30.8032
-31.2205
-31.642
-32.5195
-32.9545
-33.3949
-33.8403
-34.2906
-34.7443
-35.6925
-36.1645
-36.6417
-37.1248
-37.6136
-38.1081
-39.1405
-39.6554
-40.1777
-40.707
-41.2439
-41.789
-42.9305
-43.5017
-44.0827
-44.674
-45.2759
-45.8884
-47.1813
-47.8311
-48.4936
-49.1724
-49.8681
-50.5764
-52.077
-52.8366
-53.6141
-54.4099
-55.2255
-56.0603
-57.8292
-58.7241
-59.6396
-60.5748
-61.5309
-62.5093
-64.5741
-65.6142
-66.6748
-67.7576
-68.861
-69.9856
-72.3534
-73.5437
-74.7571
-75.9927
-77.2535
-78.5384
-81.2465
-82.6102
-83.9997
-85.418
-86.8639
-88.3394
-91.4629
-93.0415
-94.6566
-96.3077
-97.9992
-99.7298
-103.404
-105.269
-107.187
-109.16
-111.182
-113.257
-117.707
-119.981
-122.318
-124.738
-127.24
-129.825
-135.381
-138.239
-141.203
-144.27
-147.466
-150.772
-157.947
-161.666
-165.53
-169.561
-173.726
-178.061
-187.481
-192.403
-197.467
-202.677
-208.033
-213.601
-225.549
-231.535
-237.659
-243.928
-250.246
-256.63
-269.269
-275.433
-281.241
-286.886
-292.218
-297.233
-305.148
-308.136
-310.565
-312.144
-312.523
-312.053
-307.252
-303.167
-297.788
-291.381
-283.698
-274.469
-251.626
-238.688
-224.269
-208.734
-192.161
-174.208
-135.513
-115.305
-94.2348
-73.0818
-51.3041
-29.44
15.6137
37.663
59.4287
80.8187
101.527
121.793
160.597
178.347
195.053
210.542
224.867
237.979
260.871
269.992
277.813
284.632
289.964
294.056
298.832
299.646
299.466
298.283
296.184
293.249
285.443
280.935
276.021
270.689
265.121
259.4
247.383
241.462
235.56
229.696
223.93
218.219
206.942
201.664
196.527
191.588
186.749
182.118
173.112
168.94
164.899
161.025
157.286
153.662
146.669
143.436
140.318
137.308
134.387
131.555
126.071
123.517
121.046
118.646
116.313
114.046
109.619
107.546
105.524
103.56
101.646
99.779
96.101
94.3634
92.6747
91.0244
89.4119
87.8337
84.714
83.2405
81.8002
80.3914
79.0105
77.6618
74.9896
73.7274
72.4934
71.2867
70.1053
68.9519
66.6744
65.6012
64.5542
63.5324
62.5338
61.56
59.6479
58.7474
57.87
57.0126
56.1759
55.3594
53.7456
52.9863
52.2413
51.5136
50.802
50.103
48.7126
48.0525
47.4054
46.7696
46.1439
45.5274
44.2972
43.7091
43.1303
42.5595
41.9976
41.4429
40.329
39.796
39.269
38.7486
38.2349
37.7264
36.7056
36.2149
35.7299
35.2511
34.7776
34.3098
33.3674
32.9147
32.4665
32.0233
31.5847
31.1513
30.2791
29.8597
29.4456
29.0365
28.6316
28.232
27.4293
27.0447
26.6646
26.2906
25.921
25.5577
24.8296
24.482
24.142
23.8071
23.4781
23.156
22.5135
22.2088
21.9098
21.617
21.3299
21.0484
20.4888
20.2235
19.9634
19.7078
19.4562
19.2098
18.7182
18.4835
18.2527
18.025
17.801
17.5796
17.136
16.9235
16.7138
16.5067
16.302
16.0997
15.6918
15.4959
15.3029
15.1114
14.921
14.7335
14.3552
14.1726
13.9926
13.8141
13.6372
13.4624
13.1087
12.9386
12.7703
12.6032
12.4377
12.274
11.9431
11.7839
11.6265
11.4703
11.3159
11.1631
10.8551
10.7071
10.561
10.4163
10.2733
10.1324
9.84893
9.71336
9.57974
9.44789
9.31808
9.19065
8.93597
8.81479
8.69578
8.57882
8.46382
8.35098
8.12664
8.01982
7.91511
7.81221
7.711
7.61201
7.41376
7.31922
7.22625
7.13479
7.04448
6.95546
6.77698
6.69147
6.60705
6.52347
6.44101
6.35932
6.19488
6.11577
6.03773
5.96032
5.88358
5.8076
5.65421
5.58036
5.50718
5.43449
5.36259
5.29149
5.14736
5.07801
5.00918
4.94082
4.87306
4.80595
4.66998
4.60465
4.53978
4.47544
4.41179
4.34867
4.22106
4.15959
4.09879
4.03857
3.979
3.92024
3.80177
3.745
3.68916
3.63397
3.57962
3.52633
3.42031
3.37026
3.32147
3.27398
3.18811
3.05864
2.81901
2.71263
2.61275
2.51831
2.42926
2.34554
2.18678
2.11539
2.0478
1.98344
1.92186
1.8632
1.75164
1.70067
1.65191
1.60544
1.5601
1.51683
1.43447
1.39673
1.36019
1.32474
1.2905
1.25763
1.19442
1.1651
1.13636
1.10845
1.0814
1.05527
1.00439
0.980702
0.957791
0.935576
0.914095
0.893383
0.853846
0.835041
0.816568
0.798365
0.780493
0.762893
0.727812
0.711129
0.694774
0.678693
0.662941
0.647478
0.616941
0.602609
0.588623
0.575008
0.561764
0.548911
