-2.25921
-2.53228
-2.83906
-3.20053
-3.62892
-4.11079
-4.63667
-5.20744
-5.82855
-6.51277
-7.28905
-8.21553
-9.31931
-10.5634
-11.9243
-13.406
-15.0257
-16.8204
-18.8744
-21.351
-24.314
-27.6663
-31.3561
-35.41
-39.9021
-44.972
-50.9326
-58.3481
-67.5075
-78.3582
-91.1568
-106.647
-126.192
-152.328
-189.402
-241.938
-297.146
-300.167
-197.028
-6.75762
183.615
286.821
284.442
232.66
183.83
148.276
122.561
103.028
87.4913
74.7109
64.1655
55.7841
49.1085
43.4658
38.4979
34.0315
29.9828
26.3172
23.0903
20.4039
18.1709
16.215
14.447
12.828
11.3413
9.98278
8.77805
7.76578
6.91022
6.15146
5.45793
4.81635
4.22004
3.66696
3.11679
2.24019
1.67865
1.30353
1.03562
0.836978
-2.26015
-2.53123
-2.53336
-2.83787
-2.84026
-3.1991
-3.20196
-3.62726
-3.63057
-4.10896
-4.11261
-4.63469
-4.63865
-5.20529
-5.20958
-5.82621
-5.8309
-6.51016
-6.51539
-7.28601
-7.29209
-8.21188
-8.21918
-9.31503
-9.32362
-10.5587
-10.5681
-11.9191
-11.9294
-13.4004
-13.4116
-15.0196
-15.0319
-16.8135
-16.8273
-18.8664
-18.8825
-21.3411
-21.3609
-24.3026
-24.3254
-27.6536
-27.679
-31.342
-31.3701
-35.3946
-35.4254
-39.885
-39.9194
-44.9523
-44.9917
-50.9087
-50.9564
-58.318
-58.3781
-67.4715
-67.5435
-78.3159
-78.4005
-91.1064
-91.2072
-106.585
-106.709
-126.112
-126.273
-152.217
-152.439
-189.242
-189.562
-241.726
-242.15
-296.987
-297.303
-300.271
-300.124
-197.597
-196.458
-7.50492
-6.01031
183.045
184.184
286.652
286.988
284.585
284.299
232.859
232.462
183.982
183.679
148.384
148.168
122.641
122.481
103.09
102.967
87.5418
87.4408
74.753
74.6688
64.1996
64.1314
55.8108
55.7575
49.1304
49.0866
43.4849
43.4469
38.515
38.4809
34.0469
34.0162
29.9968
29.9688
26.33
26.3047
23.101
23.0796
20.4127
20.3952
18.1783
18.1634
16.2217
16.2083
14.4531
14.441
12.8336
12.8224
11.3464
11.3361
9.98743
9.97813
8.78208
8.77401
7.7691
7.76247
6.91311
6.90734
6.15407
6.14885
5.46033
5.45552
4.81859
4.81412
4.22211
4.21797
3.66888
3.66504
3.12034
3.11324
2.24272
2.23766
1.68029
1.67702
1.30466
1.3024
1.03645
1.03478
0.8376
-2.26815
-2.52243
-2.54223
-2.82773
-2.85043
-3.18696
-3.2141
-3.61323
-3.64467
-4.0935
-4.12817
-4.6179
-4.65552
-5.18709
-5.2277
-5.80629
-5.85088
-6.48799
-6.53765
-7.26028
-7.318
-8.18092
-8.25034
-9.27883
-9.35994
-10.5187
-10.6085
-11.8756
-11.9731
-13.3531
-13.4592
-14.968
-15.0843
-16.7552
-16.8853
-18.7982
-18.9511
-21.2566
-21.4455
-24.2055
-24.4229
-27.5449
-27.7872
-31.2229
-31.4892
-35.264
-35.5563
-39.7391
-40.0658
-44.785
-45.16
-50.707
-51.1601
-58.0634
-58.6321
-67.1662
-67.8508
-77.9573
-78.7613
-90.6797
-91.6374
-106.061
-107.239
-125.437
-126.959
-151.277
-153.376
-187.889
-190.923
-239.92
-243.958
-295.646
-298.617
-301.631
-298.817
-202.388
-191.811
-13.8572
0.34168
178.138
188.958
285.162
288.351
285.775
283.063
234.548
230.78
185.281
182.392
149.307
147.254
123.319
121.804
103.62
102.439
87.9726
87.0137
75.1118
74.3126
64.4911
63.8426
56.0388
55.5316
49.3159
48.9014
43.6472
43.2868
38.6601
38.3372
34.1774
33.8861
30.1163
29.8504
26.4373
26.1986
23.1922
22.9889
20.4873
20.321
18.2418
18.1003
16.2786
16.1515
14.5045
14.3895
12.8812
12.7749
11.3903
11.2928
10.0271
9.93866
8.81635
8.73985
7.79776
7.73437
6.93783
6.88292
6.17628
6.12663
5.4808
5.4351
4.8376
4.79515
4.23975
4.20038
3.68524
3.64874
3.1505
3.0831
2.26443
2.21638
1.69429
1.66316
1.31429
1.29289
1.04357
1.02774
0.842901
-2.29457
-2.33343
-2.3726
-2.4124
-2.45267
-2.49378
-2.57144
-2.61459
-2.65825
-2.70271
-2.74827
-2.79481
-2.8842
-2.93403
-2.98524
-3.03781
-3.09186
-3.14762
-3.25477
-3.31454
-3.37593
-3.43849
-3.5023
-3.56745
-3.69134
-3.75965
-3.8292
-3.89945
-3.97074
-4.04308
-4.17963
-4.25431
-4.33016
-4.40661
-4.48417
-4.56294
-4.71136
-4.79258
-4.87471
-4.95781
-5.04226
-5.12736
-5.28827
-5.37653
-5.46605
-5.55641
-5.64832
-5.74116
-5.91697
-6.01388
-6.11169
-6.21149
-6.31292
-6.41552
-6.61137
-6.72011
-6.83005
-6.94299
-7.05832
-7.17665
-7.40425
-7.53158
-7.66279
-7.79768
-7.9361
-8.07937
-8.35512
-8.50951
-8.66719
-8.82831
-8.99263
-9.16082
-9.48008
-9.6563
-9.83558
-10.0173
-10.2011
-10.3884
-10.7409
-10.9338
-11.13
-11.328
-11.529
-11.7332
-12.1179
-12.3278
-12.5415
-12.7579
-12.9761
-13.1985
-13.6169
-13.8463
-14.0799
-14.3154
-14.5554
-14.7978
-15.258
-15.5105
-15.7679
-16.0288
-16.2951
-16.5646
-17.0809
-17.3667
-17.6579
-17.9565
-18.2633
-18.5766
-19.1809
-19.5207
-19.8697
-20.2316
-20.6034
-20.9861
-21.7248
-22.1383
-22.562
-22.9947
-23.4359
-23.888
-24.7459
-25.221
-25.7026
-26.192
-26.6874
-27.1911
-28.1444
-28.6678
-29.1973
-29.7349
-30.2811
-30.8351
-31.8827
-32.456
-33.0381
-33.6312
-34.2298
-34.8379
-35.9892
-36.6234
-37.2683
-37.9242
-38.5888
-39.2653
-40.5513
-41.2592
-41.9851
-42.7227
-43.4734
-44.2442
-45.7193
-46.5366
-47.3783
-48.2437
-49.1345
-50.0538
-51.8368
-52.8443
-53.8844
-54.9665
-56.0824
-57.2396
-59.4886
-60.7509
-62.0504
-63.3876
-64.7607
-66.1719
-68.8732
-70.3862
-71.9308
-73.5109
-75.1309
-76.7883
-79.9593
-81.7327
-83.5448
-85.4076
-87.3206
-89.288
-93.0698
-95.1891
-97.3786
-99.6309
-101.954
-104.354
-109.012
-111.649
-114.392
-117.23
-120.181
-123.238
-129.262
-132.717
-136.342
-140.113
-144.085
-148.247
-156.56
-161.374
-166.463
-171.828
-177.54
-183.523
-195.551
-202.599
-209.947
-217.683
-225.7
-234.036
-249.889
-258.603
-267.238
-275.813
-283.792
-291.054
-302.266
-306.615
-309.226
-310.402
-309.08
-305.334
-293.463
-283.681
-271.299
-255.938
-238.063
-217.763
-175.329
-149.83
-122.312
-94.0575
-64.5826
-34.7573
21.2816
51.0169
80.3398
108.693
136.007
161.702
204.332
224.179
241.979
256.849
269.792
280.116
292.285
295.546
296.792
296.049
293.483
289.549
278.705
271.514
264.064
256.244
248.191
240.057
225.333
217.632
210.208
203.062
196.25
189.639
178.263
172.593
167.146
161.976
157.088
152.397
144.317
140.253
136.34
132.608
129.027
125.6
119.608
116.558
113.608
110.776
108.037
105.396
100.726
98.3246
95.9937
93.7348
91.5382
89.4094
85.6193
83.6529
81.7412
79.8782
78.0665
76.3038
73.1542
71.5255
69.9419
68.4021
66.9081
65.4634
62.9091
61.6029
60.3321
59.1087
57.9333
56.802
54.7988
53.7674
52.7668
51.7983
50.8571
49.9372
48.2959
47.4399
46.6
45.7799
44.9752
44.1865
42.7607
42.0107
41.2737
40.5492
39.8387
39.1405
37.8674
37.1971
36.5361
35.8849
35.2426
34.6103
33.461
32.8533
32.2548
31.6639
31.0818
30.5087
29.4648
28.9131
28.3703
27.8343
27.3091
26.7915
25.8529
25.3609
24.8802
24.4076
23.9454
23.4962
22.6932
22.2785
21.8752
21.4842
21.1048
20.7362
20.0798
19.7389
19.4054
19.0813
18.7638
18.4525
17.8926
17.5982
17.3082
17.0231
16.744
16.4667
15.9654
15.6998
15.4391
15.1814
14.9277
14.6763
14.2201
13.9784
13.7387
13.5023
13.2692
13.0388
12.6196
12.3978
12.178
11.9612
11.7468
11.5357
11.1503
10.9463
10.745
10.5465
10.3508
10.1588
9.80991
9.62635
9.4466
9.27047
9.09806
8.93017
8.62964
8.47361
8.32149
8.17441
8.03161
7.89218
7.64281
7.51249
7.38517
7.26123
7.13948
7.0196
6.80317
6.68901
6.57731
6.46653
6.35731
6.24975
6.05399
5.95033
5.8485
5.74725
5.6471
5.54826
5.3681
5.27249
5.17786
5.08445
4.99174
4.90026
4.73313
4.6445
4.55643
4.46953
4.38371
4.29835
4.14279
4.0602
3.97864
3.8981
3.81823
3.73931
3.5953
3.51843
3.44218
3.36604
3.28991
3.21462
2.98183
2.83807
2.70064
2.57171
2.45066
2.33807
2.14872
2.05696
1.97059
1.88906
1.81243
1.74104
1.619
1.5581
1.50061
1.44657
1.39504
1.34659
1.26224
1.21964
1.17932
1.14043
1.10318
1.06744
1.00505
0.973496
0.943129
0.914064
0.886428
0.860499
