-2.12095
-2.35421
-2.6089
-2.89534
-3.2272
-3.61021
-4.03672
-4.50083
-5.0012
-5.54121
-6.12753
-6.7755
-7.51389
-8.37802
-9.37714
-10.4884
-11.6988
-13.0073
-14.4244
-15.9743
-17.7013
-19.6929
-22.0422
-24.7615
-27.789
-31.1003
-34.7132
-38.6745
-43.0861
-48.1254
-54.1203
-61.4071
-70.1021
-80.2459
-92.1212
-106.351
-124.003
-146.918
-178.042
-220.676
-272.071
-309.25
-287.593
-178.628
-6.81868
165.153
273.475
296.475
261.263
213.4
173.06
142.919
120.34
102.731
88.4758
76.6361
66.7293
58.5971
51.9909
46.4441
41.6072
37.2758
33.3359
29.7346
26.4574
23.538
21.0301
18.9083
17.0504
15.3792
13.845
12.4277
11.1179
9.91581
8.84125
7.91314
7.11538
6.40719
5.76096
5.16133
4.60217
4.08049
3.59842
3.08501
2.27221
1.74663
1.38422
1.12046
0.918567
0.762493
-2.12186
-2.35324
-2.35519
-2.60783
-2.60998
-2.89411
-2.89658
-3.22577
-3.22863
-3.60858
-3.61185
-4.03493
-4.03851
-4.4989
-4.50277
-4.99911
-5.0033
-5.53896
-5.54346
-6.12506
-6.13001
-6.77274
-6.77825
-7.51069
-7.51709
-8.37428
-8.38177
-9.37288
-9.38139
-10.4837
-10.4931
-11.6938
-11.7038
-13.0018
-13.0128
-14.4185
-14.4304
-15.9678
-15.9809
-17.6939
-17.7087
-19.6842
-19.7017
-22.0319
-22.0524
-24.7499
-24.773
-27.7762
-27.8017
-31.0866
-31.1141
-34.698
-34.7285
-38.6577
-38.6914
-43.0673
-43.105
-48.1035
-48.1472
-54.0939
-54.1467
-61.375
-61.4393
-70.0644
-70.1398
-80.2018
-80.29
-92.0692
-92.1732
-106.288
-106.414
-123.924
-124.083
-146.812
-147.024
-177.896
-178.188
-220.48
-220.872
-271.865
-272.271
-309.185
-309.314
-287.853
-287.33
-179.232
-178.023
-7.55478
-6.08274
164.559
165.746
273.211
273.737
296.536
296.413
261.451
261.075
213.583
213.218
173.201
172.92
143.023
142.815
120.421
120.26
102.794
102.668
88.5277
88.4238
76.6798
76.5924
66.7654
66.6933
58.6266
58.5675
52.0151
51.9668
46.4648
46.4235
41.6255
41.5889
37.2924
37.2592
33.351
33.3207
29.7484
29.7209
26.4699
26.4449
23.5489
23.527
21.0393
21.0208
18.9162
18.9004
17.0574
17.0433
15.3856
15.3728
13.851
13.8391
12.4331
12.4222
11.1229
11.1128
9.92041
9.91122
8.84526
8.83725
7.91657
7.90972
7.11837
7.1124
6.40989
6.40448
5.76346
5.75846
5.16365
5.15901
4.60434
4.59999
4.08251
4.07847
3.60027
3.59657
3.08907
3.08097
2.27481
2.26962
1.74836
1.7449
1.38544
1.383
1.12139
1.11954
0.919274
0.917861
0.763073
-2.12934
-2.34522
-2.3632
-2.59902
-2.61891
-2.88403
-2.90684
-3.214
-3.24046
-3.59511
-3.62535
-4.02019
-4.0533
-4.48296
-4.51877
-4.98189
-5.02059
-5.52045
-5.56204
-6.1047
-6.15044
-6.75013
-6.80112
-7.48439
-7.54355
-8.3435
-8.41273
-9.33786
-9.41657
-10.4452
-10.5318
-11.6521
-11.7454
-12.9568
-13.058
-14.3697
-14.4794
-15.9139
-16.035
-17.6333
-17.7704
-19.6127
-19.7734
-21.9483
-22.1368
-24.655
-24.8684
-27.6715
-27.9065
-30.9731
-31.2282
-34.5727
-34.8541
-38.5194
-38.83
-42.9121
-43.261
-47.9237
-48.3284
-53.8766
-54.3657
-61.1105
-61.7058
-69.7547
-70.4516
-79.8392
-80.6524
-91.642
-92.6038
-105.769
-106.936
-123.271
-124.747
-145.942
-147.904
-176.697
-179.398
-218.872
-222.498
-270.151
-273.923
-308.613
-309.808
-289.92
-285.16
-184.112
-173.128
-13.7018
-0.01739
159.606
170.593
270.972
275.834
297.013
295.865
263.001
259.523
215.1
211.702
174.367
171.779
143.884
141.963
121.083
119.61
103.317
102.15
88.9579
87.997
77.0415
76.2336
67.0641
66.3972
58.8717
58.3246
52.2131
51.7684
46.6359
46.2534
41.7766
41.4383
37.4293
37.1228
33.4762
33.1955
29.8624
29.6073
26.5731
26.3422
23.6394
23.4372
21.1159
20.9449
18.9817
18.8352
17.1157
16.9851
15.4389
15.3199
13.9
13.7905
12.4785
12.3771
11.1646
11.0713
9.95853
9.87364
8.87846
8.80425
7.9451
7.88153
7.14321
7.08799
6.43227
6.3822
5.78396
5.73792
5.18282
5.1399
4.62235
4.58215
4.09919
4.06184
3.61554
3.58134
3.12315
3.04811
2.2964
2.24844
1.76271
1.73076
1.39553
1.37302
1.12907
1.11194
0.925139
0.912064
0.767869
-2.15247
-2.18521
-2.21843
-2.25207
-2.28608
-2.32056
-2.38815
-2.42386
-2.46017
-2.49682
-2.53398
-2.57181
-2.64668
-2.68658
-2.72688
-2.76817
-2.81025
-2.85316
-2.9386
-2.9844
-3.03135
-3.07912
-3.12804
-3.17791
-3.27743
-3.33071
-3.38489
-3.44028
-3.49646
-3.55391
-3.66732
-3.72713
-3.78781
-3.84933
-3.91181
-3.97499
-4.09918
-4.16479
-4.23089
-4.29778
-4.36541
-4.43404
-4.56845
-4.63916
-4.71027
-4.78246
-4.85551
-4.92918
-5.07402
-5.15011
-5.22722
-5.30498
-5.3838
-5.46346
-5.61974
-5.70209
-5.78583
-5.87025
-5.95602
-6.04285
-6.21375
-6.30462
-6.39659
-6.48966
-6.58424
-6.68083
-6.87252
-6.97453
-7.07851
-7.18469
-7.29315
-7.40415
-7.62624
-7.74504
-7.8667
-7.99135
-8.11888
-8.24942
-8.50893
-8.64771
-8.78971
-8.93411
-9.08092
-9.23057
-9.52553
-9.68111
-9.83942
-9.99993
-10.1626
-10.3278
-10.6512
-10.8216
-10.9942
-11.1687
-11.3455
-11.5242
-11.8752
-12.059
-12.2461
-12.4348
-12.6252
-12.8186
-13.198
-13.3975
-13.5994
-13.8038
-14.0106
-14.22
-14.6317
-14.8494
-15.0697
-15.2934
-15.5191
-15.749
-16.2031
-16.4433
-16.6884
-16.9366
-17.1884
-17.4465
-17.9599
-18.2329
-18.5135
-18.8013
-19.0943
-19.3952
-19.9964
-20.3201
-20.6501
-20.9897
-21.3364
-21.6919
-22.4008
-22.7786
-23.1643
-23.5574
-23.9572
-24.364
-25.165
-25.5895
-26.021
-26.4575
-26.8997
-27.3483
-28.2332
-28.6982
-29.1701
-29.6486
-30.132
-30.6217
-31.5847
-32.0937
-32.6071
-33.1273
-33.6556
-34.1899
-35.2425
-35.7974
-36.3613
-36.933
-37.511
-38.0975
-39.2601
-39.8741
-40.4999
-41.1331
-41.7784
-42.4368
-43.7453
-44.4383
-45.1465
-45.872
-46.6125
-47.3743
-48.8944
-49.711
-50.5484
-51.4121
-52.2997
-53.215
-55.053
-56.0472
-57.0714
-58.1214
-59.1998
-60.3046
-62.5357
-63.7336
-64.9593
-66.2156
-67.498
-68.808
-71.4243
-72.8236
-74.256
-75.7179
-77.2101
-78.733
-81.784
-83.416
-85.0899
-86.7983
-88.5477
-90.3449
-93.9495
-95.8815
-97.8714
-99.9215
-102.03
-104.192
-108.569
-110.948
-113.404
-115.937
-118.559
-121.286
-126.835
-129.856
-133.026
-136.304
-139.727
-143.308
-150.684
-154.751
-158.998
-163.48
-168.13
-173.065
-183.244
-188.842
-194.751
-200.979
-207.39
-214.031
-227.585
-234.892
-242.252
-249.803
-257.456
-264.782
-278.852
-285.527
-291.77
-297.322
-302.347
-306.452
-310.848
-311.007
-309.682
-306.615
-301.832
-295.36
-277.612
-265.459
-251.519
-235.804
-218.506
-199.135
-157.617
-134.324
-109.704
-84.5532
-58.6726
-32.3771
18.6642
45.0567
71.0672
96.4208
120.586
143.82
185.244
204.741
222.161
237.766
251.824
263.558
281.978
288.849
293.211
296.281
298.302
298.156
293.789
290.246
285.794
280.363
274.454
267.751
254.757
247.831
240.69
233.624
226.612
219.831
207.04
200.808
194.749
189.007
183.408
178.034
168.301
163.58
159.056
154.703
150.584
146.594
139.389
135.884
132.511
129.28
126.151
123.151
117.642
114.933
112.315
109.77
107.325
104.95
100.57
98.3972
96.2882
94.2376
92.2439
90.3051
86.6966
84.9023
83.1551
81.4489
79.7836
78.1644
75.1405
73.6362
72.1705
70.7395
69.3496
67.9995
65.4911
64.249
63.0478
61.8736
60.7401
59.6346
57.5884
56.5796
55.6028
54.657
53.7335
52.8323
51.1643
50.3278
49.5087
48.7101
47.9323
47.1687
45.7338
45.0127
44.3047
43.6067
42.9213
42.2467
40.9765
40.3325
39.6979
39.0738
38.4611
37.8549
36.7044
36.1205
35.5451
34.9771
34.4162
33.8642
32.813
32.2803
31.7551
31.2358
30.723
30.2168
29.2583
28.7723
28.2924
27.8185
27.3531
26.8936
26.0278
25.5894
25.1584
24.7372
24.3259
23.9207
23.1634
22.783
22.413
22.0511
21.6987
21.3554
20.7128
20.3929
20.0809
19.7751
19.4767
19.1857
18.6351
18.3572
18.0851
17.8181
17.5551
17.2964
16.8079
16.5606
16.3157
16.0749
15.8374
15.603
15.1581
14.9309
14.7074
14.4865
14.2678
14.0526
13.6417
13.4324
13.226
13.0219
12.8195
12.6196
12.2389
12.0458
11.8546
11.666
11.4788
11.2941
10.9437
10.7655
10.5901
10.4165
10.2446
10.0763
9.75769
9.59614
9.43857
9.28381
9.13157
8.98222
8.7028
8.56304
8.42596
8.29255
8.16167
8.03392
7.79537
7.67557
7.55851
7.44407
7.33149
7.22053
7.01231
6.90734
6.80375
6.70179
6.60132
6.50182
6.31389
6.21833
6.12414
6.03108
5.93909
5.84807
5.67484
5.58654
5.49928
5.41279
5.327
5.24227
5.08109
4.99904
4.91764
4.83703
4.75721
4.67815
4.52724
4.4503
4.3744
4.29907
4.22448
4.1508
4.01066
3.93919
3.869
3.79945
3.73072
3.66292
3.5349
3.47045
3.4071
3.34575
3.28626
3.23002
2.94878
2.81554
2.69152
2.57563
2.46668
2.36492
2.18514
2.10057
2.02142
1.94627
1.87498
1.80777
1.68816
1.6308
1.57584
1.52368
1.47414
1.4272
1.34277
1.30142
1.26179
1.22404
1.18814
1.15316
1.08898
1.05762
1.02747
0.998474
0.970484
0.943579
0.894531
0.871171
0.848445
0.826147
0.804248
0.782809
