-2.64282
-2.95931
-3.32767
-3.75154
-4.22341
-4.73857
-5.29824
-5.90907
-6.58607
-7.35713
-8.26023
-9.31196
-10.4968
-11.7989
-13.2188
-14.7713
-16.4923
-18.4509
-20.751
-23.4622
-26.5608
-30.0053
-33.7974
-37.9899
-42.7003
-48.1439
-54.6818
-62.6818
-72.3173
-83.763
-97.4988
-114.522
-136.589
-166.712
-208.749
-262.287
-307.262
-295.363
-188.167
-6.92333
174.671
282.135
295.487
253.067
202.334
162.109
132.736
110.866
93.8697
80.1731
68.9511
59.8302
52.487
46.4224
41.2074
36.5865
32.4233
28.6579
25.2851
22.3491
19.8634
17.7429
15.8742
14.185
12.6395
11.2213
9.93168
8.7887
7.80615
6.96195
6.21525
5.53664
4.9109
4.33174
3.80091
3.33344
2.44868
1.82812
1.41883
1.12871
-2.64392
-2.95803
-2.96058
-3.32618
-3.32915
-3.74986
-3.75322
-4.22157
-4.22526
-4.73656
-4.74058
-5.29606
-5.30043
-5.90667
-5.91147
-6.58339
-6.58875
-7.35401
-7.36024
-8.25658
-8.26388
-9.30776
-9.31616
-10.4921
-10.5014
-11.7939
-11.804
-13.2133
-13.2243
-14.7652
-14.7774
-16.4855
-16.4991
-18.443
-18.4588
-20.7417
-20.7604
-23.4513
-23.4731
-26.5486
-26.5731
-29.9918
-30.0188
-33.7825
-33.8123
-37.9734
-38.0065
-42.6815
-42.719
-48.1218
-48.1661
-54.6548
-54.7088
-62.6489
-62.7147
-72.2781
-72.3565
-83.7164
-83.8097
-97.4422
-97.5555
-114.45
-114.593
-136.493
-136.684
-166.579
-166.844
-208.566
-208.932
-262.079
-262.495
-307.169
-307.355
-295.572
-295.152
-188.738
-187.594
-7.65368
-6.19271
174.096
175.245
281.916
282.352
295.578
295.396
253.264
252.87
202.507
202.162
162.237
161.98
132.83
132.641
110.938
110.795
93.9263
93.813
80.2193
80.1269
68.9891
68.9132
59.8606
59.7998
52.5118
52.4623
46.4433
46.4015
41.2257
41.1891
36.6029
36.5701
32.4381
32.4085
28.6713
28.6445
25.297
25.2733
22.3592
22.339
19.8719
19.8549
17.7502
17.7355
15.8808
15.8676
14.191
14.1789
12.6451
12.634
11.2264
11.2162
9.93624
9.92712
8.79268
8.78473
7.80954
7.80276
6.96491
6.959
6.2179
6.2126
5.53907
5.53421
4.91315
4.90865
4.33382
4.32967
3.80279
3.79902
3.33504
3.33185
2.4516
2.44576
1.82996
1.82628
1.4201
1.41757
1.12964
-2.65331
-2.94725
-2.97145
-3.31361
-3.34179
-3.73563
-3.76751
-4.2059
-4.24098
-4.71953
-4.75766
-5.27755
-5.31899
-5.88635
-5.93186
-6.56065
-6.6116
-7.32762
-7.38676
-8.2256
-8.29506
-9.27218
-9.3519
-10.4527
-10.5411
-11.7507
-11.8473
-13.1662
-13.2715
-14.7134
-14.8293
-16.4277
-16.5572
-18.3762
-18.5261
-20.6625
-20.8402
-23.3591
-23.566
-26.4447
-26.6774
-29.8772
-30.1338
-33.6561
-33.9392
-37.8331
-38.1474
-42.5224
-42.879
-47.9344
-48.3548
-54.4264
-54.9391
-62.37
-62.9953
-71.9461
-72.691
-83.3212
-84.2077
-96.9629
-98.0389
-113.845
-115.204
-135.687
-137.501
-165.459
-167.979
-207.02
-210.497
-260.308
-264.248
-306.299
-308.135
-297.295
-293.304
-193.556
-182.684
-13.8252
0.02805
169.118
180.069
280.005
284.155
296.307
294.589
254.933
251.191
203.977
200.695
163.336
160.897
133.636
131.846
111.547
110.191
94.4102
93.3336
80.6137
79.736
69.3128
68.5922
60.1206
59.5423
52.7229
52.2526
46.6214
46.2243
41.3812
41.0342
36.7422
36.4314
32.5641
32.283
28.7852
28.5312
25.3977
25.1731
22.4453
22.2535
19.9445
19.7828
17.8132
17.6728
15.9372
15.8115
14.2424
14.1277
12.6923
12.5869
11.2695
11.1733
9.97509
9.88845
8.82653
8.75106
7.83836
7.77407
6.99007
6.934
6.24048
6.1901
5.55977
5.51359
4.9323
4.88956
4.3515
4.31204
3.81881
3.78308
3.34858
3.31833
2.47668
2.4212
1.84568
1.81077
1.43091
1.40688
1.1376
-2.68356
-2.72759
-2.77251
-2.81835
-2.8652
-2.91314
-3.00644
-3.05759
-3.10989
-3.16331
-3.21801
-3.27385
-3.38259
-3.44195
-3.50249
-3.56398
-3.62667
-3.69044
-3.81349
-3.8801
-3.94773
-4.01623
-4.08572
-4.15615
-4.29148
-4.36448
-4.4384
-4.51315
-4.58885
-4.66547
-4.81253
-4.89185
-4.9721
-5.05327
-5.13552
-5.21876
-5.37867
-5.46493
-5.55232
-5.64084
-5.73075
-5.82195
-5.99743
-6.09249
-6.18905
-6.28715
-6.38687
-6.48853
-6.68525
-6.79255
-6.90202
-7.01364
-7.12781
-7.24439
-7.47226
-7.5972
-7.72525
-7.85605
-7.99028
-8.12772
-8.39565
-8.54206
-8.69179
-8.8446
-9.00062
-9.15947
-9.46699
-9.63387
-9.8033
-9.97524
-10.1499
-10.3272
-10.6684
-10.8527
-11.0394
-11.2283
-11.4198
-11.6138
-11.9863
-12.1873
-12.3909
-12.5967
-12.8053
-13.0169
-13.4231
-13.6424
-13.8645
-14.0894
-14.3178
-14.5495
-14.9961
-15.2378
-15.4832
-15.7325
-15.9867
-16.2447
-16.7449
-17.0173
-17.2952
-17.5789
-17.8686
-18.165
-18.7434
-19.061
-19.3863
-19.7198
-20.0618
-20.4123
-21.0981
-21.4738
-21.8587
-22.2522
-22.6551
-23.0667
-23.8651
-24.3001
-24.7429
-25.1925
-25.6499
-26.1152
-27.0127
-27.4988
-27.9918
-28.4918
-28.9987
-29.513
-30.5037
-31.0389
-31.5813
-32.1315
-32.6896
-33.2554
-34.347
-34.9371
-35.5361
-36.1441
-36.7612
-37.3881
-38.6015
-39.261
-39.9308
-40.613
-41.3082
-42.0169
-43.3953
-44.1486
-44.9192
-45.7063
-46.5141
-47.3422
-48.9656
-49.8585
-50.7782
-51.725
-52.7
-53.7048
-55.6855
-56.7804
-57.9079
-59.0684
-60.2609
-61.4886
-63.9044
-65.2325
-66.5953
-67.9949
-69.4282
-70.897
-73.7719
-75.3509
-76.9712
-78.6291
-80.3297
-82.0736
-85.495
-87.3765
-89.3095
-91.2972
-93.3422
-95.4489
-99.6065
-101.916
-104.296
-106.756
-109.304
-111.945
-117.192
-120.13
-123.188
-126.385
-129.703
-133.17
-140.167
-144.11
-148.233
-152.594
-157.167
-161.959
-171.687
-177.223
-183.023
-189.098
-195.472
-202.174
-215.547
-223.011
-230.741
-238.613
-246.534
-254.61
-269.753
-277.584
-284.941
-291.712
-297.866
-303.127
-310.346
-312.335
-312.614
-311.04
-307.572
-302.233
-286.676
-275.245
-261.674
-246.009
-228.127
-208.441
-166.358
-141.936
-116.198
-89.4555
-61.7191
-33.6413
19.9509
48.0566
75.656
102.661
128.334
152.665
195.074
214.671
232.39
248.318
262.1
273.303
289.286
294.599
298.074
299.755
299.663
298.154
291.629
286.622
281.002
274.391
267.301
260.121
245.782
238.182
230.652
223.208
215.892
208.776
196.089
189.743
183.618
177.81
172.233
166.92
157.512
152.86
148.401
144.17
140.12
136.247
129.361
125.931
122.645
119.491
116.452
113.527
108.294
105.667
103.113
100.654
98.2796
95.9782
91.8227
89.7174
87.675
85.6922
83.7641
81.8913
78.5021
76.778
75.1019
73.4764
71.8966
70.361
67.5818
66.1746
64.8109
63.4862
62.2029
60.9639
58.7277
57.5953
56.4992
55.4371
54.4071
53.4067
51.5913
50.6678
49.7676
48.8886
48.0322
47.196
45.6646
44.8784
44.1079
43.3519
42.6101
41.8824
40.5429
39.8504
39.1694
38.4993
37.8394
37.1902
35.9909
35.3689
34.7561
34.1518
33.5561
32.9693
31.8846
31.3221
30.7673
30.2207
29.6822
29.1517
28.1714
27.6648
27.1664
26.6763
26.195
25.7226
24.8557
24.4097
23.9733
23.5472
23.1307
22.7236
21.9826
21.6035
21.2332
20.8731
20.522
20.1792
19.554
19.2331
18.9195
18.6129
18.3116
18.0161
17.4743
17.1939
16.9184
16.648
16.3814
16.1185
15.6333
15.3815
15.1332
14.8885
14.6463
14.4074
13.9653
13.7354
13.5084
13.2843
13.0627
12.8437
12.4376
12.2264
12.018
11.8122
11.6088
11.408
11.0368
10.8437
10.6535
10.4665
10.2818
10.1002
9.76587
9.59319
9.42375
9.2578
9.09509
8.9358
8.64464
8.49529
8.34937
8.20692
8.06744
7.93144
7.68335
7.55572
7.43086
7.30872
7.18878
7.07111
6.85476
6.74297
6.63298
6.5248
6.41812
6.31305
6.11869
6.01765
5.91796
5.81964
5.72235
5.62624
5.44803
5.35507
5.2632
5.17245
5.0826
4.9938
4.82888
4.74284
4.65775
4.57371
4.49053
4.40836
4.25602
4.17673
4.09843
4.02131
3.94527
3.87039
3.73265
3.66147
3.59193
3.52387
3.45727
3.39257
3.27574
3.13423
2.97186
2.82335
2.68605
2.55949
2.34553
2.24353
2.1482
2.05912
1.97595
1.89744
1.76237
1.69622
1.6339
1.57547
1.5188
1.46568
1.3733
1.32698
1.28278
1.24087
1.20117
1.16347
