-2.14311
-2.42494
-2.7414
-3.11131
-3.54951
-4.0512
-4.60645
-5.21457
-5.88309
-6.63008
-7.49503
-8.52922
-9.74451
-11.1126
-12.6197
-14.2785
-16.1227
-18.2337
-20.7522
-23.778
-27.2718
-31.177
-35.5169
-40.3887
-45.9973
-52.7633
-61.2228
-71.6603
-84.259
-99.6594
-119.266
-145.74
-183.688
-237.46
-295.972
-305.484
-204.719
-6.91764
191.025
292.288
284.319
229.506
178.49
141.758
115.598
96.0304
80.6488
68.2826
58.4645
50.7348
44.4014
38.9558
34.1356
29.8164
25.9655
22.6346
19.8649
17.5447
15.5179
13.6966
12.0407
10.5367
9.1978
8.05475
7.09427
6.26065
5.51071
4.8242
4.19302
3.62135
2.93666
2.06532
1.53777
1.1874
0.935249
-2.14402
-2.42394
-2.42595
-2.74025
-2.74255
-3.10994
-3.11267
-3.54791
-3.55111
-4.04941
-4.05299
-4.60448
-4.60842
-5.21242
-5.21673
-5.8807
-5.88546
-6.62738
-6.63277
-7.49184
-7.49822
-8.52541
-8.53303
-9.74013
-9.74889
-11.1077
-11.1174
-12.6143
-12.625
-14.2726
-14.2844
-16.116
-16.1293
-18.226
-18.2415
-20.7429
-20.7616
-23.7669
-23.7891
-27.2593
-27.2843
-31.1631
-31.191
-35.5013
-35.5324
-40.3711
-40.4063
-45.9767
-46.0179
-52.7378
-52.7888
-61.1909
-61.2547
-71.6216
-71.699
-84.2121
-84.3059
-99.6012
-99.7176
-119.189
-119.342
-145.634
-145.847
-183.534
-183.842
-237.253
-237.667
-295.8
-296.144
-305.618
-305.349
-205.261
-204.176
-7.6556
-6.17997
190.479
191.57
292.153
292.422
284.466
284.172
229.704
229.307
178.637
178.343
141.862
141.654
115.674
115.522
96.0887
95.9722
80.6953
80.6022
68.32
68.2452
58.4938
58.4352
50.7581
50.7114
44.4211
44.3817
38.9731
38.9385
34.151
34.1202
29.8303
29.8026
25.9777
25.9533
22.6449
22.6243
19.8734
19.8564
17.5519
17.5374
15.5244
15.5114
13.7024
13.6907
12.046
12.0354
10.5415
10.5319
9.20201
9.19359
8.05829
8.05121
7.09727
7.09127
6.26331
6.25798
5.51314
5.50828
4.82643
4.82197
4.19506
4.19097
3.62316
3.61954
2.94054
2.93279
2.06755
2.06311
1.53921
1.53633
1.18837
1.18643
0.935975
-2.1522
-2.41491
-2.435
-2.72992
-2.75295
-3.09773
-3.12497
-3.53357
-3.56553
-4.03331
-4.06914
-4.58682
-4.62617
-5.19308
-5.23614
-5.85933
-5.90695
-6.60321
-6.6571
-7.46317
-7.52702
-8.49117
-8.56748
-9.70077
-9.78844
-11.0641
-11.1612
-12.5663
-12.6732
-14.2197
-14.3375
-16.0565
-16.1891
-18.1566
-18.3113
-20.659
-20.8461
-23.6675
-23.8891
-27.1463
-27.3973
-31.038
-31.3164
-35.362
-35.6724
-40.2133
-40.5648
-45.7917
-46.2042
-52.5094
-53.0191
-60.9049
-61.543
-71.274
-72.049
-83.7917
-84.7292
-99.0805
-100.243
-118.51
-120.029
-144.682
-146.808
-182.157
-185.236
-235.401
-239.541
-294.279
-297.576
-306.758
-304.067
-210.087
-199.237
-14.2415
0.44284
185.497
196.407
290.867
293.563
285.766
282.835
231.464
227.544
179.971
177.027
142.787
140.724
116.361
114.844
96.6151
95.449
81.1156
80.1847
68.6574
67.9104
58.7585
58.1728
50.9692
50.5017
44.5991
44.2047
39.1293
38.7836
34.2899
33.9819
29.9551
29.6781
26.0879
25.8438
22.738
22.5319
19.9502
19.7801
17.6177
17.472
15.5827
15.4533
13.7552
13.6381
12.0943
11.9873
10.585
10.4886
9.24002
9.15582
8.09024
8.01946
7.12438
7.06432
6.28733
6.23406
5.53505
5.48643
4.84653
4.80194
4.21349
4.17261
3.63953
3.60326
2.97576
2.89829
2.08773
2.04333
1.55226
1.52348
1.19717
1.17769
0.942544
-2.17951
-2.21946
-2.25996
-2.30108
-2.34283
-2.38521
-2.46526
-2.50967
-2.55491
-2.60104
-2.64801
-2.69603
-2.78779
-2.83909
-2.89153
-2.94562
-3.00086
-3.05762
-3.16628
-3.22741
-3.28984
-3.35389
-3.41946
-3.48643
-3.61367
-3.68449
-3.75669
-3.83008
-3.9046
-3.98028
-4.12312
-4.20203
-4.28207
-4.36321
-4.44542
-4.52865
-4.68534
-4.77181
-4.85949
-4.94829
-5.0383
-5.12945
-5.30096
-5.39583
-5.49199
-5.58963
-5.68853
-5.78893
-5.97868
-6.08381
-6.19075
-6.29969
-6.41052
-6.52361
-6.7386
-6.85885
-6.98168
-7.10763
-7.23717
-7.36952
-7.6237
-7.76672
-7.91365
-8.06497
-8.21983
-8.37881
-8.68297
-8.85339
-9.02728
-9.20517
-9.38643
-9.57123
-9.92061
-10.1143
-10.3111
-10.5111
-10.7139
-10.9199
-11.3077
-11.5216
-11.7384
-11.9587
-12.1819
-12.4082
-12.8341
-13.0696
-13.3076
-13.55
-13.796
-14.0455
-14.515
-14.7752
-15.0395
-15.3086
-15.5821
-15.8608
-16.3894
-16.6838
-16.9845
-17.2923
-17.6069
-17.9289
-18.5456
-18.8922
-19.2496
-19.6175
-19.9953
-20.3841
-21.1307
-21.5504
-21.9812
-22.4243
-22.8776
-23.3413
-24.2233
-24.7163
-25.2174
-25.7284
-26.2477
-26.7759
-27.7746
-28.328
-28.8897
-29.46
-30.0389
-30.626
-31.7355
-32.3505
-32.9733
-33.6071
-34.2512
-34.9036
-36.1401
-36.8263
-37.5245
-38.2344
-38.9576
-39.6949
-41.0951
-41.8765
-42.6748
-43.4914
-44.328
-45.1861
-46.8306
-47.7577
-48.7104
-49.6981
-50.7144
-51.763
-53.7944
-54.9486
-56.1434
-57.3779
-58.6527
-59.9697
-62.5134
-63.9518
-65.4326
-66.9559
-68.524
-70.1351
-73.2229
-74.9626
-76.7503
-78.5869
-80.4757
-82.4181
-86.1498
-88.2548
-90.4256
-92.669
-94.9856
-97.3775
-102.012
-104.651
-107.394
-110.248
-113.207
-116.295
-122.348
-125.845
-129.516
-133.356
-137.384
-141.625
-150.062
-155.004
-160.216
-165.711
-171.544
-177.686
-190.014
-197.218
-204.733
-212.591
-220.844
-229.393
-245.765
-254.888
-263.847
-272.723
-281.153
-289.176
-301.642
-306.556
-310.338
-312.417
-312.255
-310.12
-299.02
-289.685
-277.742
-262.681
-245.462
-225.403
-182.043
-155.561
-127.619
-97.8823
-67.3305
-36.0115
22.2368
53.6685
84.35
113.868
141.979
168.306
211.708
231.716
249.344
264.056
275.97
285.799
296.592
299.09
299.636
298.109
294.66
289.824
278.125
270.605
262.564
254.288
245.774
237.268
221.893
213.822
206
198.492
191.348
184.495
172.754
166.826
161.2
155.863
150.77
145.977
137.724
133.544
129.563
125.765
122.142
118.675
112.642
109.57
106.613
103.767
101.028
98.3839
93.7437
91.3528
89.0395
86.7973
84.6294
82.5276
78.8198
76.9003
75.0372
73.2337
71.4871
69.7946
66.8175
65.2808
63.7975
62.3634
60.9828
59.6517
57.3154
56.1107
54.9481
53.8213
52.7324
51.6789
49.8137
48.8413
47.8946
46.9735
46.0743
45.1947
43.6227
42.7965
41.9876
41.1942
40.4146
39.6501
38.2739
37.5454
36.8304
36.1264
35.4342
34.7534
33.5259
32.8754
32.2345
31.6034
30.9827
30.3721
29.27
28.6868
28.1139
27.5513
26.9987
26.4564
25.4841
24.9732
24.4733
23.9867
23.5123
23.0506
22.2295
21.8013
21.3868
20.9822
20.5897
20.2083
19.5296
19.1749
18.8295
18.4916
18.1612
17.8377
17.2569
16.951
16.6502
16.3548
16.0643
15.7783
15.2621
14.9882
14.7183
14.4524
14.1901
13.9318
13.4644
13.2158
12.971
12.7291
12.4906
12.2553
11.8289
11.6028
11.3798
11.1599
10.9434
10.7303
10.3457
10.1427
9.94309
9.74718
9.55528
9.36739
9.03186
8.85644
8.68519
8.51828
8.35544
8.19743
7.91546
7.76843
7.62526
7.48529
7.34859
7.21493
6.97562
6.84972
6.72616
6.60453
6.48507
6.36756
6.15523
6.04277
5.93191
5.8223
5.71438
5.60788
5.41462
5.31202
5.21053
5.11021
5.01134
4.91352
4.73585
4.64137
4.54795
4.4557
4.36479
4.27489
4.11209
4.02575
3.94081
3.85709
3.77491
3.69434
3.54989
3.4744
3.40124
3.33047
3.26237
3.09871
2.78811
2.64025
2.50435
2.37943
2.2639
2.15704
1.97968
1.89251
1.81131
1.7352
1.66376
1.5969
1.48204
1.42597
1.37259
1.3215
1.273
1.22723
1.14878
1.1085
1.06999
1.03322
0.998257
0.964803
