-2.21543
-2.39247
-2.58246
-2.78912
-3.01733
-3.27116
-3.55177
-3.85683
-4.18386
-4.53128
-4.89904
-5.28843
-5.70165
-6.14326
-6.61969
-7.1412
-7.72076
-8.36902
-9.08817
-9.87233
-10.7149
-11.612
-12.5639
-13.5744
-14.6498
-15.8031
-17.0528
-18.4272
-19.9642
-21.6906
-23.6153
-25.7213
-27.9939
-30.4263
-33.0238
-35.8037
-38.7929
-42.0384
-45.6107
-49.6148
-54.1863
-59.4437
-65.4582
-72.2586
-79.9098
-88.5402
-98.3822
-109.806
-123.322
-139.752
-160.163
-185.917
-217.981
-255.168
-291.183
-312.053
-298.732
-239.923
-136.734
-6.92333
123.16
226.24
285.671
299.422
280.502
246.307
211.103
180.563
155.774
135.842
119.624
106.166
94.7541
84.9242
76.3637
68.8943
62.4147
56.8438
52.032
47.8043
44.0162
40.5638
37.3786
34.4183
31.6542
29.0749
26.6784
24.478
22.4911
20.7197
19.1436
17.7207
16.4155
15.2022
14.0648
12.9947
11.9852
11.035
10.146
9.32432
8.57753
7.90677
7.30452
6.75583
6.24847
5.77354
5.32541
4.90079
4.49798
4.11719
3.76072
3.43458
2.94167
2.34054
1.9139
1.59634
1.35055
1.15515
0.994731
0.863701
-2.21637
-2.39148
-2.39347
-2.58139
-2.58354
-2.78794
-2.79029
-3.01602
-3.01864
-3.26971
-3.27261
-3.55018
-3.55337
-3.85511
-3.85855
-4.18202
-4.18569
-4.52934
-4.53322
-4.89699
-4.9011
-5.28626
-5.29061
-5.69934
-5.70397
-6.14078
-6.14575
-6.61699
-6.62238
-7.13822
-7.14418
-7.71743
-7.72409
-8.3653
-8.37274
-9.08407
-9.09226
-9.8679
-9.87676
-10.7102
-10.7196
-11.607
-11.617
-12.5586
-12.5692
-13.5688
-13.5801
-14.6438
-14.6559
-15.7965
-15.8096
-17.0457
-17.0599
-18.4194
-18.4351
-19.9553
-19.973
-21.6807
-21.7006
-23.6043
-23.6263
-25.7094
-25.7332
-27.9811
-28.0067
-30.4126
-30.4399
-33.0092
-33.0384
-35.788
-35.8193
-38.776
-38.8099
-42.02
-42.0568
-45.5903
-45.6312
-49.5917
-49.6379
-54.1597
-54.2128
-59.4133
-59.4743
-65.4234
-65.493
-72.2194
-72.2977
-79.8658
-79.9539
-88.4903
-88.5901
-98.3248
-98.4395
-109.739
-109.873
-123.242
-123.403
-139.653
-139.852
-160.039
-160.288
-185.76
-186.073
-217.79
-218.172
-254.959
-255.377
-291.015
-291.351
-312.016
-312.09
-298.918
-298.545
-240.372
-239.474
-137.388
-136.08
-7.65368
-6.19271
122.508
123.811
225.794
226.684
285.473
285.868
299.453
299.391
280.661
280.342
246.504
246.11
211.285
210.92
180.713
180.414
155.895
155.654
135.939
135.745
119.703
119.544
106.233
106.1
94.8116
94.6967
84.9741
84.8744
76.4072
76.3202
68.9322
68.8564
62.4473
62.382
56.8718
56.8157
52.0565
52.0076
47.826
47.7827
44.0359
43.9966
40.5818
40.5459
37.3953
37.362
34.4338
34.4028
31.6687
31.6397
29.0885
29.0614
26.6909
26.6659
24.4894
24.4666
22.5013
22.4809
20.7288
20.7107
19.1517
19.1355
17.7281
17.7133
16.4223
16.4087
15.2086
15.1958
14.0708
14.0588
13.0004
12.9891
11.9905
11.9798
11.04
11.03
10.1506
10.1413
9.32859
9.32005
8.58137
8.57368
7.91022
7.90333
7.30763
7.3014
6.75869
6.75297
6.25113
6.24581
5.77605
5.77104
5.32778
5.32305
4.90303
4.89854
4.50011
4.49585
4.1192
4.11518
3.76258
3.75887
3.43625
3.4329
2.9456
2.93776
2.34323
2.33785
1.91588
1.91191
1.59783
1.59485
1.35174
1.34935
1.15611
1.15419
0.995522
0.993941
0.864337
-2.22313
-2.38428
-2.4007
-2.57361
-2.59133
-2.77942
-2.79886
-3.00657
-3.02817
-3.25921
-3.28317
-3.53866
-3.56494
-3.84267
-3.87104
-4.16875
-4.199
-4.51528
-4.54733
-4.8821
-4.91602
-5.27048
-5.30643
-5.68255
-5.72084
-6.12278
-6.1638
-6.59748
-6.64199
-7.11668
-7.16581
-7.69328
-7.74828
-8.3384
-8.39975
-9.05446
-9.122
-9.83587
-9.9089
-10.676
-10.754
-11.5706
-11.6535
-12.52
-12.6079
-13.5278
-13.6212
-14.6001
-14.6998
-15.7494
-15.8569
-16.9943
-17.1114
-18.3624
-18.4924
-19.8914
-20.0374
-21.609
-21.7727
-23.5249
-23.706
-25.6232
-25.8197
-27.8886
-28.0996
-30.3138
-30.5391
-32.9036
-33.1443
-35.6749
-35.9329
-38.6535
-38.9328
-41.8867
-42.1915
-45.4424
-45.78
-49.4246
-49.8061
-53.9677
-54.4063
-59.1924
-59.6963
-65.1719
-65.746
-71.9363
-72.5825
-79.5473
-80.2742
-88.1295
-88.9531
-97.9106
-98.8569
-109.254
-110.364
-122.66
-123.99
-138.935
-140.577
-159.144
-161.194
-184.63
-187.214
-216.414
-219.562
-253.444
-256.895
-289.784
-292.552
-311.69
-312.315
-300.222
-297.147
-243.583
-236.156
-142.097
-131.31
-12.9215
-0.88795
117.764
128.495
222.523
229.932
283.999
287.257
299.646
299.152
281.792
279.165
247.955
244.683
212.611
209.604
181.801
179.34
156.771
154.785
136.647
135.044
120.284
118.969
106.72
105.617
95.2289
94.2816
85.3364
84.5145
76.7235
76.006
69.2079
68.5827
62.6851
62.1462
57.0762
56.6128
52.2342
51.8312
47.9833
47.6262
44.1785
43.8548
40.7125
40.4158
37.5163
37.2414
34.5466
34.29
31.7741
31.5348
29.1868
28.9634
26.7818
26.5753
24.5722
24.3841
22.5754
22.4073
20.7946
20.6452
19.2107
19.0769
17.7817
17.66
16.4719
16.3593
15.2548
15.1497
14.1142
14.0154
13.0414
12.9482
12.0292
11.9413
11.0764
10.9938
10.1844
10.1076
9.35962
9.28918
8.60935
8.54586
7.93524
7.87845
7.33026
7.27887
6.77945
6.73227
6.27047
6.22653
5.79424
5.7529
5.34497
5.3059
4.91934
4.88227
4.51558
4.48043
4.13379
4.10063
3.77608
3.74542
3.44843
3.42081
2.97425
2.90962
2.36296
2.3184
1.93038
1.89764
1.60874
1.58411
1.36044
1.34075
1.16308
1.14728
1.00129
0.988239
0.868955
-2.24133
-2.26563
-2.29016
-2.31494
-2.33995
-2.36511
-2.4201
-2.44614
-2.47245
-2.49893
-2.52577
-2.55292
-2.61228
-2.64045
-2.66898
-2.69791
-2.72719
-2.7568
-2.82187
-2.85292
-2.88432
-2.91626
-2.94864
-2.98156
-3.05374
-3.0882
-3.1232
-3.15879
-3.19477
-3.23135
-3.31162
-3.34978
-3.38857
-3.42786
-3.46773
-3.50808
-3.59604
-3.63784
-3.6802
-3.72285
-3.766
-3.80958
-3.90454
-3.94949
-3.99486
-4.04063
-4.08689
-4.13339
-4.23469
-4.28261
-4.33074
-4.37935
-4.42836
-4.47789
-4.58512
-4.63578
-4.68682
-4.73837
-4.79014
-4.84243
-4.95612
-5.00961
-5.06369
-5.11818
-5.17311
-5.22857
-5.34881
-5.40564
-5.46303
-5.5207
-5.579
-5.63785
-5.76607
-5.82667
-5.88778
-5.94955
-6.01202
-6.07488
-6.21237
-6.27762
-6.34327
-6.40988
-6.47731
-6.54559
-6.69469
-6.76571
-6.83763
-6.91072
-6.98451
-7.05948
-7.22411
-7.30249
-7.38238
-7.46338
-7.54569
-7.62933
-7.81339
-7.90129
-7.99063
-8.08138
-8.17342
-8.267
-8.47232
-8.57012
-8.66942
-8.77022
-8.87226
-8.97573
-9.20185
-9.30923
-9.41785
-9.52767
-9.63864
-9.7507
-9.9951
-10.1108
-10.2276
-10.3456
-10.4647
-10.585
-10.846
-10.9695
-11.0939
-11.2195
-11.346
-11.4738
-11.7512
-11.8823
-12.0143
-12.1475
-12.2818
-12.4173
-12.7116
-12.8506
-12.9909
-13.1323
-13.2748
-13.4186
-13.7313
-13.8792
-14.0278
-14.1784
-14.3303
-14.4836
-14.8177
-14.9758
-15.1354
-15.2965
-15.4593
-15.624
-15.9841
-16.1546
-16.327
-16.5015
-16.6785
-16.8579
-17.25
-17.437
-17.6269
-17.8185
-18.0135
-18.2113
-18.6465
-18.8545
-19.0659
-19.2808
-19.4996
-19.7215
-20.2106
-20.4443
-20.682
-20.9237
-21.1695
-21.4186
-21.9668
-22.2286
-22.4944
-22.7644
-23.0373
-23.3142
-23.92
-24.2082
-24.4998
-24.7947
-25.0928
-25.3946
-26.0524
-26.3637
-26.6786
-26.9966
-27.3178
-27.6425
-28.3489
-28.683
-29.0201
-29.3605
-29.7041
-30.0509
-30.8054
-31.1621
-31.5221
-31.8855
-32.2524
-32.6227
-33.4288
-33.8105
-34.1959
-34.5847
-34.9773
-35.3739
-36.2383
-36.6472
-37.0606
-37.4784
-37.9011
-38.3285
-39.2632
-39.7058
-40.1542
-40.6079
-41.0673
-41.5327
-42.5527
-43.0373
-43.5289
-44.0284
-44.5364
-45.0505
-46.1816
-46.7226
-47.2729
-47.833
-48.4022
-48.9817
-50.2603
-50.8758
-51.5025
-52.1407
-52.7926
-53.457
-54.9289
-55.6358
-56.3571
-57.093
-57.8429
-58.6073
-60.296
-61.1064
-61.9337
-62.7764
-63.6335
-64.5059
-66.4281
-67.349
-68.2858
-69.237
-70.204
-71.1861
-73.3503
-74.3854
-75.4386
-76.5104
-77.5977
-78.703
-81.138
-82.3033
-83.4895
-84.6966
-85.9247
-87.1742
-89.9326
-91.2561
-92.6051
-93.9795
-95.3821
-96.8155
-99.9844
-101.518
-103.079
-104.673
-106.303
-107.972
-111.689
-113.483
-115.322
-117.208
-119.145
-121.129
-125.589
-127.754
-129.976
-132.265
-134.623
-137.056
-142.53
-145.193
-147.939
-150.786
-153.748
-156.792
-163.654
-167.027
-170.506
-174.105
-177.825
-181.654
-190.298
-194.526
-198.915
-203.416
-208.042
-212.753
-223.33
-228.444
-233.62
-238.861
-244.099
-249.41
-260.96
-266.255
-271.464
-276.667
-281.694
-286.362
-295.664
-299.519
-302.91
-305.96
-308.459
-310.504
-312.686
-312.504
-311.471
-309.621
-306.995
-303.528
-293.052
-286.751
-279.475
-271.153
-261.941
-251.822
-226.844
-213.975
-200.162
-185.654
-170.355
-154.451
-118.36
-100.787
-82.7865
-64.3307
-45.7552
-27.0616
13.3363
32.1248
50.6546
69.007
87.0674
104.84
140.751
156.668
172.145
186.748
200.574
213.417
238.281
248.589
258.012
266.258
273.38
279.745
290.563
294.013
296.645
298.545
299.617
299.907
298.279
296.597
294.278
291.427
288.155
284.636
275.841
271.172
266.449
261.693
256.852
251.809
240.891
235.868
230.885
225.934
221.039
216.194
206.139
201.666
197.268
192.983
188.84
184.773
176.504
172.814
169.245
165.783
162.414
159.155
152.493
149.515
146.662
143.882
141.185
138.566
133.198
130.796
128.467
126.202
124
121.858
117.444
115.47
113.543
111.664
109.829
108.038
104.33
102.661
101.031
99.439
97.8819
96.356
93.1862
91.7561
90.3543
88.9801
87.6341
86.3136
83.5627
82.3191
81.0985
79.9022
78.7293
77.5767
75.1746
74.0902
73.0259
71.9819
70.9572
69.9519
67.86
66.9166
65.9922
65.0869
64.2003
63.3282
61.5236
60.7124
59.9177
59.1395
58.3745
57.6276
56.0774
55.3776
54.6922
54.0206
53.3613
52.7136
51.3641
50.753
50.1522
49.5611
48.9789
48.4073
47.2111
46.6661
46.1283
45.599
45.0769
44.5616
43.4782
42.9832
42.4944
42.0118
41.5351
41.0638
40.0701
39.6145
39.1643
38.719
38.2783
37.8415
36.921
36.4987
36.0804
35.6662
35.2558
34.8496
33.9905
33.5961
33.2056
32.819
32.4362
32.057
31.2556
30.8875
30.5229
30.1619
29.8046
29.4507
28.7031
28.3601
28.0209
27.6858
27.3543
27.0261
26.3349
26.0189
25.7069
25.3989
25.0949
24.7955
24.1658
23.8786
23.5961
23.3181
23.0445
22.7749
22.2117
21.9554
21.7041
21.4556
21.2116
20.972
20.4717
20.2443
20.0204
19.8006
19.5833
19.3694
18.9211
18.7173
18.5153
18.3162
18.1195
17.9257
17.5179
17.3312
17.1464
16.9642
16.7833
16.6049
16.2276
16.0545
15.8832
15.7135
15.5454
15.3789
15.0268
14.865
14.7043
14.545
14.3873
14.2309
13.9
13.7478
13.5969
13.4472
13.2989
13.1513
12.8393
12.6956
12.5529
12.4116
12.2716
12.1328
11.8386
11.7033
11.569
11.436
11.3043
11.1738
10.8974
10.7704
10.6447
10.5205
10.3973
10.2752
10.0182
9.90027
9.78383
9.66879
9.55517
9.44299
9.20718
9.09965
8.99361
8.88912
8.78612
8.68461
8.47196
8.37522
8.28008
8.18602
8.09356
8.0026
7.81241
7.7258
7.64035
7.55604
7.47297
7.39108
7.21896
7.14036
7.06271
6.98592
6.91012
6.83533
6.67721
6.60482
6.53325
6.46212
6.39187
6.32232
6.17518
6.10757
6.04055
5.97415
5.9084
5.84297
5.70456
5.64101
5.57771
5.51504
5.45285
5.39108
5.26014
5.19982
5.13996
5.08064
5.02157
4.96303
4.83901
4.7817
4.72491
4.66854
4.61259
4.55714
4.43933
4.38516
4.33154
4.27814
4.22528
4.17288
4.06201
4.01097
3.96054
3.91062
3.86132
3.81239
3.70959
3.66265
3.61628
3.57065
3.5256
3.48121
3.38881
3.34713
3.30625
3.26613
3.16424
3.05348
2.83647
2.74353
2.65527
2.57188
2.49267
2.41733
2.26739
2.20254
2.1405
2.08093
2.02417
1.96991
1.86045
1.81277
1.76676
1.72233
1.67965
1.6385
1.55556
1.5183
1.48246
1.44896
1.41612
1.38404
1.31811
1.28885
1.26057
1.23334
1.207
1.18172
1.12903
1.10541
1.08232
1.05991
1.03814
1.01694
0.973191
0.953689
0.934725
0.916334
0.89841
0.881366
