-2.43188
-2.79451
-3.22625
-3.74221
-4.33332
-4.99246
-5.7259
-6.55453
-7.52626
-8.70557
-10.1045
-11.6938
-13.468
-15.4588
-17.7506
-20.5038
-23.8715
-27.8263
-32.3151
-37.3928
-43.2384
-50.2671
-59.1395
-70.3812
-84.2675
-101.646
-124.463
-156.492
-203.317
-261.561
-287.228
-202.146
-6.91656
189.196
274.501
251.561
196.712
152.025
120.661
97.9795
80.6795
67.0959
56.5739
48.3963
41.7145
35.9818
30.9476
26.5216
22.7375
19.6387
17.0754
14.8579
12.8856
11.1165
9.55142
8.22141
7.12087
6.18077
5.34675
4.5922
3.90973
3.31851
2.25512
1.60019
1.19074
-2.43289
-2.79332
-2.79569
-3.22482
-3.22767
-3.74053
-3.74389
-4.33144
-4.33519
-4.99038
-4.99455
-5.72357
-5.72823
-6.55185
-6.5572
-7.52307
-7.52946
-8.70167
-8.70946
-10.1
-10.109
-11.6887
-11.6988
-13.4624
-13.4736
-15.4524
-15.4652
-17.7431
-17.758
-20.4946
-20.513
-23.8604
-23.8826
-27.8136
-27.839
-32.3007
-32.3295
-37.3765
-37.4091
-43.2193
-43.2576
-50.2436
-50.2906
-59.1094
-59.1696
-70.3437
-70.4187
-84.2211
-84.3139
-101.587
-101.705
-124.383
-124.543
-156.377
-156.607
-203.149
-203.485
-261.397
-261.725
-287.279
-287.174
-202.598
-201.693
-7.57328
-6.25975
188.728
189.663
274.432
274.569
251.708
251.411
196.87
196.554
152.136
151.914
120.74
120.582
98.0384
97.9206
80.7254
80.6337
67.1319
67.0599
56.6016
56.5463
48.4184
48.3743
41.733
41.6959
35.9979
35.9657
30.9618
30.9334
26.534
26.5092
22.7478
22.7271
19.6471
19.6303
17.0825
17.0683
14.8642
14.8516
12.8913
12.88
11.1215
11.1114
9.55579
9.54705
8.22503
8.21778
7.12391
7.11782
6.18342
6.17812
5.34913
5.34437
4.59436
4.59004
3.91167
3.9078
3.32007
3.31695
2.25767
2.25258
1.60172
1.59867
1.19172
-2.44253
-2.78212
-2.80694
-3.21133
-3.24127
-3.72465
-3.75986
-4.31362
-4.35308
-4.97057
-5.01443
-5.70148
-5.75039
-6.52651
-6.58271
-7.49279
-7.56001
-8.66483
-8.74653
-10.0574
-10.152
-11.6408
-11.7469
-13.409
-13.5272
-15.392
-15.526
-17.6721
-17.8294
-20.4079
-20.6004
-23.7553
-23.9882
-27.693
-27.9601
-32.1647
-32.4656
-37.222
-37.5643
-43.0385
-43.44
-50.0205
-50.5151
-58.8246
-59.4567
-69.989
-70.7759
-83.7825
-84.7561
-101.028
-102.27
-123.628
-125.307
-155.291
-157.71
-201.568
-205.082
-259.831
-263.274
-287.707
-286.615
-206.836
-197.33
-13.7971
-0.02326
184.242
193.991
273.722
275.161
253.082
249.96
198.375
195.059
153.199
150.861
121.497
119.834
98.6023
97.3633
81.1632
80.1994
67.475
66.7198
56.8656
56.2844
48.6284
48.1661
41.9094
41.5205
36.1511
35.8132
31.0972
30.7986
26.6518
26.392
22.8463
22.6293
19.7273
19.5506
17.1502
17.0009
14.9239
14.7922
12.9448
12.8267
11.1693
11.0639
9.59741
9.50567
8.25959
8.18343
7.15267
7.08899
6.20864
6.153
5.37178
5.3218
4.61493
4.56952
3.9301
3.88945
3.33503
3.30223
2.28212
2.2286
1.61625
1.58427
1.2011
-2.4766
-2.5277
-2.57985
-2.63314
-2.68754
-2.74341
-2.84676
-2.9069
-2.96871
-3.03214
-3.09752
-3.16467
-3.2894
-3.36187
-3.43612
-3.51214
-3.59001
-3.66974
-3.81603
-3.90009
-3.98567
-4.07281
-4.16154
-4.25177
-4.41611
-4.5103
-4.60607
-4.70314
-4.80173
-4.9018
-5.08448
-5.18916
-5.29533
-5.40337
-5.51312
-5.62473
-5.82861
-5.94605
-6.06563
-6.18738
-6.3115
-6.43867
-6.67285
-6.80843
-6.94768
-7.09024
-7.23699
-7.38794
-7.66841
-7.83235
-8.00109
-8.17459
-8.35333
-8.53722
-8.87753
-9.07494
-9.27706
-9.48334
-9.69454
-9.90928
-10.3034
-10.53
-10.7602
-10.9943
-11.2321
-11.4741
-11.9164
-12.1693
-12.4264
-12.6874
-12.953
-13.2233
-13.7165
-13.9995
-14.2871
-14.5799
-14.8777
-15.1817
-15.7399
-16.0615
-16.391
-16.728
-17.0728
-17.4263
-18.0814
-18.4623
-18.8563
-19.2606
-19.6778
-20.1083
-20.9111
-21.3799
-21.8629
-22.3597
-22.8692
-23.3926
-24.3612
-24.9204
-25.4913
-26.0739
-26.6682
-27.2745
-28.3869
-29.0239
-29.6734
-30.3348
-31.0088
-31.693
-32.9463
-33.6661
-34.4001
-35.1479
-35.909
-36.6861
-38.1124
-38.9331
-39.7726
-40.6341
-41.514
-42.415
-44.0842
-45.0557
-46.0558
-47.0872
-48.1524
-49.2507
-51.3121
-52.5237
-53.7815
-55.0862
-56.4402
-57.8433
-60.4792
-62.028
-63.6286
-65.2864
-66.9967
-68.7597
-72.0477
-73.9668
-75.9487
-77.9926
-80.0979
-82.2702
-86.3279
-88.7091
-91.1707
-93.7191
-96.3651
-99.1069
-104.282
-107.346
-110.545
-113.876
-117.375
-121.039
-128.041
-132.247
-136.687
-141.385
-146.347
-151.574
-161.69
-167.871
-174.361
-181.267
-188.541
-196.184
-210.713
-219.28
-228.015
-236.816
-245.623
-254.237
-268.478
-275.273
-281.036
-285.232
-287.829
-288.535
-283.758
-276.954
-267.341
-255.146
-239.646
-220.968
-181.25
-155.647
-127.938
-98.2149
-67.27
-35.5949
21.864
53.9525
84.7285
114.395
142.345
167.871
208.132
226.298
241.533
254.211
263.833
270.491
276.224
275.641
273.648
269.634
264.338
257.891
244.612
236.502
228.159
219.876
211.689
203.73
189.942
182.746
175.839
169.258
162.987
157.033
147.235
142.132
137.303
132.703
128.345
124.209
117.273
113.641
110.17
106.838
103.657
100.607
95.4481
92.7103
90.074
87.533
85.0826
82.72
78.7001
76.5546
74.4853
72.4883
70.5573
68.7008
65.5489
63.8769
62.2698
60.7221
59.2333
57.805
55.3819
54.0916
52.8516
51.6555
50.4961
49.3718
47.4475
46.4131
45.4051
44.4236
43.4652
42.5309
40.9136
40.0339
39.1735
38.3296
37.5038
36.6926
35.2835
34.5143
33.7596
33.0188
32.2902
31.5746
30.3307
29.6517
28.9861
28.334
27.6945
27.0689
25.9851
25.3964
24.8239
24.2654
23.7227
23.1952
22.2919
21.8075
21.3379
20.8827
20.4406
20.0111
19.2758
18.88
18.4943
18.1173
17.7492
17.3895
16.7672
16.4278
16.0953
15.7693
15.4492
15.1345
14.5858
14.2855
13.9902
13.7
13.4142
13.1329
12.6418
12.3727
12.1073
11.8467
11.5906
11.3379
10.8987
10.6589
10.4233
10.1924
9.96636
9.74472
9.36241
9.15561
8.95409
8.75801
8.56731
8.38233
8.06466
7.89376
7.7274
7.56556
7.40829
7.25464
6.98906
6.84503
6.70414
6.56597
6.43055
6.29755
6.06588
5.93927
5.81453
5.69174
5.57088
5.45163
5.24342
5.12901
5.01619
4.90509
4.79552
4.68733
4.49817
4.39451
4.29211
4.1914
4.09241
3.99516
3.82578
3.73349
3.64343
3.55574
3.4708
3.38875
3.22624
3.01865
2.83342
2.66487
2.51105
2.37085
2.14771
2.03666
1.93384
1.8389
1.75096
1.66876
1.5351
1.46671
1.40386
1.34422
1.28782
1.23496
