-1.705
-1.87661
-2.05823
-2.25069
-2.45664
-2.67977
-2.92799
-3.21195
-3.53575
-3.89291
-4.27693
-4.68638
-5.12195
-5.58647
-6.08419
-6.62353
-7.21971
-7.90108
-8.68968
-9.57359
-10.5351
-11.5636
-12.6624
-13.8357
-15.0935
-16.4537
-17.9513
-19.6506
-21.6296
-23.8931
-26.3905
-29.0881
-31.9883
-35.1033
-38.4712
-42.1416
-46.2148
-50.8611
-56.3619
-62.8983
-70.4279
-78.953
-88.6219
-99.7608
-112.865
-128.724
-148.615
-174.507
-208.956
-252.138
-294.458
-309.292
-267.176
-157.944
-6.75762
144.34
252.743
295.774
281.941
242.186
202.151
169.696
144.673
125.066
109.251
96.1239
84.9538
75.3026
66.949
59.8831
54.016
49.043
44.6647
40.704
37.0801
33.726
30.6151
27.7264
25.0732
22.6979
20.6513
18.8822
17.3033
15.8561
14.5136
13.2586
12.0824
10.9805
9.95489
9.01935
8.19503
7.48027
6.84431
6.26177
5.719
5.20891
4.72751
4.27218
3.84213
3.4352
2.91141
2.26057
1.80358
1.47254
1.22365
1.02816
0.872323
0.74399
0.63196
0.534785
-1.70579
-1.87576
-1.87746
-2.05734
-2.05912
-2.24976
-2.25163
-2.45561
-2.45767
-2.67868
-2.68087
-2.92675
-2.92923
-3.21052
-3.21339
-3.53414
-3.53735
-3.89116
-3.89466
-4.27507
-4.2788
-4.68438
-4.68837
-5.11983
-5.12407
-5.5842
-5.58873
-6.08176
-6.08662
-6.62086
-6.62621
-7.21672
-7.22271
-7.89762
-7.90454
-8.68573
-8.69363
-9.56923
-9.57794
-10.5304
-10.5398
-11.5586
-11.5687
-12.657
-12.6677
-13.8299
-13.8414
-15.0873
-15.0997
-16.447
-16.4604
-17.9438
-17.9588
-19.642
-19.6592
-21.6196
-21.6397
-23.8818
-23.9044
-26.3783
-26.4028
-29.075
-29.1013
-31.9741
-32.0024
-35.088
-35.1186
-38.455
-38.4877
-42.1235
-42.1598
-46.1947
-46.2346
-50.8373
-50.8849
-56.3334
-56.3904
-62.865
-62.9315
-70.3909
-70.4658
-78.9104
-78.9957
-88.573
-88.6708
-99.704
-99.8175
-112.797
-112.933
-128.641
-128.807
-148.508
-148.721
-174.366
-174.649
-208.77
-209.143
-251.924
-252.353
-294.297
-294.619
-309.34
-309.243
-267.538
-266.813
-158.582
-157.306
-7.50492
-6.01031
143.699
144.979
252.382
253.104
295.72
295.826
282.092
281.789
242.389
241.983
202.323
201.98
169.831
169.562
144.777
144.57
125.148
124.984
109.319
109.184
96.1809
96.067
85.0027
84.9049
75.3451
75.2602
66.9854
66.9126
59.9136
59.8526
54.0413
53.9907
49.0648
49.0212
44.6843
44.6451
40.7218
40.6862
37.0965
37.0637
33.7412
33.7108
30.6293
30.601
27.7391
27.7134
25.0851
25.0613
22.7084
22.6874
20.6602
20.6424
18.89
18.8743
17.3103
17.2964
15.8627
15.8495
14.5198
14.5075
13.2643
13.2529
12.0878
12.077
10.9855
10.9755
9.95953
9.95025
9.0235
9.01518
8.19865
8.1914
7.48345
7.47709
6.84716
6.84146
6.26442
6.25913
5.7215
5.7165
5.21125
5.20657
4.72972
4.72531
4.27428
4.27009
3.8441
3.84016
3.43709
3.43332
2.91496
2.90787
2.26314
2.25801
1.8054
1.80176
1.47388
1.47121
1.22468
1.22262
1.02898
1.02733
0.872963
0.871682
0.74456
0.743421
0.632452
0.631468
0.535216
-1.71191
-1.86932
-1.88393
-2.05046
-2.06596
-2.24252
-2.25897
-2.4478
-2.46551
-2.67019
-2.68946
-2.9171
-2.9389
-3.19946
-3.22451
-3.52171
-3.54988
-3.87763
-3.90835
-4.26063
-4.29338
-4.66894
-4.70395
-5.10341
-5.14054
-5.56668
-5.60641
-6.06299
-6.10547
-6.60018
-6.64699
-7.19359
-7.24596
-7.87089
-7.93141
-8.65518
-8.72433
-9.53553
-9.61177
-10.4941
-10.5763
-11.5197
-11.6077
-12.6155
-12.7094
-13.7856
-13.8858
-15.0396
-15.1477
-16.3955
-16.5122
-17.8858
-18.017
-19.5754
-19.7259
-21.543
-21.7177
-23.7946
-23.992
-26.2842
-26.498
-28.9732
-29.2034
-31.8656
-32.1119
-34.97
-35.2372
-38.3276
-38.6157
-41.9844
-42.3007
-46.0375
-46.3914
-50.6542
-51.07
-56.114
-56.6118
-62.608
-63.1888
-70.0989
-70.7595
-78.5807
-79.3262
-88.1956
-89.0517
-99.266
-100.26
-112.276
-113.462
-128
-129.457
-147.688
-149.561
-173.281
-175.753
-207.337
-210.629
-250.27
-254.02
-293.032
-295.841
-309.662
-309.046
-270.28
-263.937
-163.49
-152.322
-13.2967
-0.21878
138.697
149.896
249.518
255.834
295.264
296.186
283.247
280.595
244.024
240.417
203.662
200.664
170.878
168.53
145.583
143.775
125.79
124.35
109.845
108.663
96.6238
95.6277
85.3828
84.5275
75.6753
74.9321
67.2686
66.6317
60.1507
59.6173
54.2379
53.7956
49.2339
48.8525
44.8365
44.4935
40.8599
40.5484
37.2233
36.9367
33.8594
33.593
30.7382
30.4916
27.8403
27.6123
25.1771
24.9694
22.79
22.6078
20.7299
20.5735
18.9506
18.8137
17.3654
17.2416
15.9138
15.7987
14.5673
14.4607
13.3087
13.2086
12.1296
12.0358
11.0245
10.937
9.99558
9.91434
9.05575
8.98298
8.22669
8.1634
7.50817
7.45249
6.86931
6.81939
6.28495
6.23867
5.74087
5.69722
5.2294
5.18846
4.74681
4.70826
4.29057
4.25385
3.85938
3.82491
3.45172
3.4187
2.94268
2.88057
2.28323
2.23829
1.8196
1.78779
1.48429
1.46095
1.23273
1.21471
1.03541
1.02097
0.877939
0.866731
0.748989
0.739022
0.636277
0.62767
0.538564
-1.72937
-1.75327
-1.77745
-1.80178
-1.82629
-1.85104
-1.90237
-1.92769
-1.9532
-1.97893
-2.00491
-2.03108
-2.08549
-2.11222
-2.13937
-2.16663
-2.19421
-2.22206
-2.27976
-2.30835
-2.33739
-2.36652
-2.39598
-2.42576
-2.48791
-2.51866
-2.55001
-2.58159
-2.61379
-2.64628
-2.71397
-2.74792
-2.7825
-2.8177
-2.85361
-2.88999
-2.96669
-3.00535
-3.04487
-3.08503
-3.12616
-3.16807
-3.25676
-3.30111
-3.34638
-3.39245
-3.43911
-3.48658
-3.58582
-3.63537
-3.68547
-3.73615
-3.7874
-3.83944
-3.94719
-4.00048
-4.05461
-4.10905
-4.16428
-4.2198
-4.33488
-4.39168
-4.4492
-4.50731
-4.56599
-4.6252
-4.74819
-4.80862
-4.86991
-4.93159
-4.99414
-5.05705
-5.18773
-5.25221
-5.31772
-5.38343
-5.44999
-5.51721
-5.65679
-5.72571
-5.79565
-5.86614
-5.93774
-6.0099
-6.15988
-6.23438
-6.30989
-6.38624
-6.46334
-6.54211
-6.70647
-6.78796
-6.8706
-6.95527
-7.04093
-7.12845
-7.31281
-7.4055
-7.50012
-7.59659
-7.69504
-7.79599
-8.00915
-8.11668
-8.22631
-8.33873
-8.4528
-8.56894
-8.81258
-8.93441
-9.05806
-9.18392
-9.31119
-9.44018
-9.70915
-9.84248
-9.97773
-10.1142
-10.2517
-10.3914
-10.6808
-10.8236
-10.9683
-11.1144
-11.261
-11.4097
-11.7192
-11.8722
-12.0273
-12.1833
-12.3396
-12.4986
-12.8285
-12.9912
-13.1565
-13.3231
-13.4907
-13.6608
-14.0133
-14.1875
-14.3645
-14.5432
-14.7225
-14.9051
-15.285
-15.473
-15.6627
-15.8565
-16.0509
-16.2493
-16.6617
-16.8669
-17.0772
-17.2896
-17.504
-17.7232
-18.1845
-18.4162
-18.6504
-18.8909
-19.1364
-19.3878
-19.9181
-20.1876
-20.4631
-20.7424
-21.0301
-21.3232
-21.9418
-22.2527
-22.5689
-22.8905
-23.2161
-23.5481
-24.2431
-24.5883
-24.9383
-25.2946
-25.6522
-26.0158
-26.7711
-27.1448
-27.5253
-27.909
-28.2944
-28.6852
-29.4954
-29.8983
-30.3061
-30.7181
-31.1342
-31.5553
-32.4262
-32.8586
-33.2963
-33.7393
-34.1851
-34.6364
-35.5762
-36.0423
-36.5141
-36.9919
-37.4751
-37.9651
-38.983
-39.4911
-40.0048
-40.5265
-41.0521
-41.587
-42.7058
-43.2637
-43.8297
-44.4082
-44.9942
-45.5942
-46.8428
-47.4756
-48.1192
-48.7768
-49.4497
-50.1387
-51.6016
-52.3403
-53.1002
-53.8779
-54.6792
-55.5006
-57.2468
-58.1343
-59.0425
-59.9708
-60.9176
-61.8848
-63.9278
-64.9594
-66.0101
-67.0781
-68.1644
-69.2727
-71.6018
-72.7704
-73.9576
-75.168
-76.3985
-77.6513
-80.2769
-81.5995
-82.9427
-84.3108
-85.7081
-87.1329
-90.145
-91.6565
-93.1991
-94.773
-96.386
-98.035
-101.528
-103.293
-105.109
-106.96
-108.862
-110.811
-114.981
-117.099
-119.283
-121.518
-123.832
-126.209
-131.33
-133.951
-136.679
-139.479
-142.389
-145.412
-151.972
-155.337
-158.861
-162.495
-166.312
-170.275
-178.953
-183.422
-188.12
-192.973
-198.067
-203.375
-214.833
-220.646
-226.668
-232.893
-239.15
-245.605
-258.8
-265.225
-271.678
-277.873
-283.792
-289.298
-299.263
-302.99
-306.248
-308.439
-309.804
-310.399
-307.13
-303.314
-298.905
-293.117
-286.081
-277.485
-255.072
-241.903
-227.355
-211.452
-194.671
-177.282
-137.794
-117.089
-96.0404
-74.127
-52.091
-29.7765
16.291
38.582
60.6321
82.3032
103.416
124.236
163.672
181.253
198.135
213.831
227.921
241.123
263.491
272.185
279.784
285.26
290.05
293.586
296.767
296.502
295.375
293.161
290.252
286.395
276.966
271.514
265.943
260.401
254.487
248.371
236.086
230.115
224.285
218.544
212.944
207.547
196.972
191.997
187.219
182.615
178.167
173.935
165.675
161.831
158.18
154.634
151.212
147.929
141.557
138.583
135.714
132.941
130.246
127.649
122.578
120.196
117.895
115.66
113.477
111.364
107.203
105.246
103.341
101.483
99.6658
97.8969
94.3948
92.7385
91.1202
89.5394
87.9916
86.4766
83.4655
82.0419
80.644
79.2747
77.934
76.6196
74.0079
72.7694
71.5618
70.3782
69.2183
68.084
65.8428
64.789
63.7594
62.7584
61.7852
60.8334
58.9592
58.0843
57.2355
56.4041
55.5945
54.8053
53.2471
52.509
51.7924
51.0892
50.3989
49.7212
48.3748
47.7348
47.1039
46.4822
45.8722
45.2694
44.0649
43.4873
42.9208
42.3587
41.8043
41.2571
40.1589
39.6351
39.1161
38.5996
38.0911
37.5872
36.5773
36.0905
35.6095
35.1339
34.6635
34.1972
33.2598
32.8085
32.3627
31.9209
31.4847
31.052
30.1822
29.7617
29.3484
28.938
28.5331
28.131
27.3264
26.9392
26.5577
26.1794
25.8075
25.4416
24.7098
24.3589
24.0155
23.6781
23.3475
23.024
22.382
22.0779
21.7802
21.4904
21.2058
20.9302
20.3794
20.1188
19.8636
19.6125
19.3661
19.125
18.6425
18.4118
18.1861
17.962
17.7419
17.5236
17.086
16.8761
16.6692
16.4633
16.2608
16.0599
15.6548
15.4608
15.2688
15.0782
14.8902
14.7035
14.3272
14.1452
13.9662
13.7875
13.6104
13.4356
13.0828
12.9127
12.7445
12.5778
12.4128
12.2491
11.9181
11.7586
11.6014
11.4445
11.2894
11.1363
10.827
10.6776
10.5307
10.3848
10.2414
10.0991
9.81289
9.67588
9.54122
9.40814
9.27716
9.14849
8.89229
8.77039
8.65111
8.53411
8.4196
8.30703
8.08522
7.97997
7.87722
7.77557
7.67643
7.57888
7.38361
7.29095
7.20007
7.10995
7.02077
6.93288
6.75683
6.67229
6.58928
6.50649
6.42479
6.34376
6.18073
6.10214
6.02438
5.94727
5.87163
5.79607
5.64305
5.56928
5.49661
5.42406
5.35215
5.28119
5.13729
5.06798
4.99903
4.93076
4.86294
4.79582
4.65993
4.59414
4.52923
4.46444
4.40046
4.33704
4.20803
4.14598
4.08452
4.02342
3.96291
3.90306
3.78172
3.72311
3.66514
3.60754
3.55019
3.49328
3.37713
3.32045
3.26387
3.20783
3.13064
3.02324
2.80368
2.70195
2.60531
2.51277
2.42498
2.34171
2.18378
2.11283
2.0459
1.98154
1.91986
1.86102
1.74914
1.69869
1.64964
1.60268
1.55766
1.51464
1.43195
1.39412
1.35792
1.3228
1.28883
1.25605
1.1927
1.16309
1.13458
1.10689
1.08001
1.05399
1.00318
0.97959
0.956768
0.93454
0.913046
0.89232
0.852754
0.833935
0.815448
0.797232
0.779346
0.761722
0.726641
0.710056
0.693864
0.67801
0.662522
0.647283
0.616987
0.602716
0.588757
0.575132
0.561546
0.54819
