-2.65398
-2.97301
-3.3425
-3.7659
-4.2376
-4.75381
-5.31574
-5.93075
-6.61393
-7.39243
-8.29922
-9.35073
-10.5348
-11.8389
-13.2643
-14.8272
-16.5642
-18.5426
-20.8561
-23.5674
-26.6622
-30.1089
-33.9113
-38.1264
-42.8697
-48.3577
-54.9201
-62.8932
-72.4581
-83.7996
-97.3861
-114.146
-135.662
-164.527
-203.443
-250.305
-285.653
-268.784
-169.376
-6.75624
156.081
255.808
273.957
241.015
196.884
159.75
131.682
110.418
93.7325
80.2291
69.1283
60.0566
52.6972
46.5923
41.3449
36.7044
32.5326
28.7667
25.3987
22.4623
19.9605
17.8185
15.9334
14.2335
12.6824
11.2623
9.97375
8.83056
7.84347
6.99142
6.23788
5.55486
4.92657
4.34623
3.81537
3.34904
2.46886
1.84213
1.42651
1.13347
-2.65509
-2.97173
-2.97428
-3.34101
-3.34398
-3.76422
-3.76758
-4.23576
-4.23945
-4.7518
-4.75583
-5.31355
-5.31793
-5.92834
-5.93317
-6.61122
-6.61664
-7.3893
-7.39557
-8.29555
-8.30288
-9.34654
-9.35492
-10.5301
-10.5394
-11.8338
-11.844
-13.2587
-13.2698
-14.821
-14.8333
-16.5573
-16.571
-18.5347
-18.5506
-20.8467
-20.8654
-23.5565
-23.5783
-26.65
-26.6745
-30.0954
-30.1225
-33.8964
-33.9263
-38.1098
-38.143
-42.8508
-42.8887
-48.3355
-48.3799
-54.893
-54.9472
-62.8605
-62.9259
-72.4192
-72.497
-83.7535
-83.8459
-97.3303
-97.4419
-114.075
-114.216
-135.57
-135.754
-164.401
-164.652
-203.28
-203.607
-250.13
-250.48
-285.589
-285.716
-268.996
-268.572
-169.891
-168.86
-7.40738
-6.10519
155.564
156.597
255.595
256.02
274.019
273.895
241.177
240.853
197.041
196.727
159.871
159.629
131.773
131.591
110.487
110.348
93.7883
93.6769
80.2747
80.1834
69.1658
69.0908
60.0871
60.026
52.7222
52.6723
46.6135
46.5712
41.3633
41.3266
36.7208
36.688
32.5474
32.5177
28.7801
28.7534
25.4106
25.3869
22.4724
22.4521
19.9691
19.9519
17.826
17.811
15.9401
15.9268
14.2395
14.2274
12.6879
12.6768
11.2674
11.2572
9.97831
9.9692
8.83453
8.82659
7.84689
7.84006
6.9944
6.98844
6.24055
6.23521
5.5573
5.55241
4.92882
4.92431
4.34831
4.34415
3.81725
3.81349
3.35064
3.34745
2.47179
2.46594
1.84399
1.84027
1.42779
1.42523
1.13441
-2.66457
-2.96091
-2.98517
-3.32843
-3.35664
-3.75
-3.78186
-4.22007
-4.25519
-4.73472
-4.77296
-5.29497
-5.3366
-5.90785
-5.95374
-6.58827
-6.63973
-7.36273
-7.42228
-8.26449
-8.33412
-9.31103
-9.39059
-10.4906
-10.5791
-11.7906
-11.8874
-13.2114
-13.3173
-14.769
-14.8856
-16.4988
-16.6298
-18.4671
-18.6186
-20.7672
-20.9453
-23.464
-23.6711
-26.5462
-26.7787
-29.9805
-30.2377
-33.7697
-34.0536
-37.9684
-38.2847
-42.6902
-43.0502
-48.147
-48.5697
-54.6639
-55.1785
-62.5834
-63.2049
-72.0896
-72.8287
-83.3624
-84.24
-96.8581
-97.9191
-113.481
-114.817
-134.791
-136.54
-163.343
-165.724
-201.892
-204.999
-248.634
-251.959
-285.012
-286.222
-270.747
-266.721
-174.23
-164.426
-12.9456
-0.58841
151.141
160.949
253.739
257.773
274.501
273.382
242.531
239.471
198.38
195.399
160.908
158.605
132.547
130.826
111.083
109.757
94.2639
93.2049
80.6642
79.7967
69.486
68.7732
60.348
59.7676
52.9346
52.4615
46.7928
46.3926
41.5197
41.1711
36.8605
36.5488
32.6737
32.392
28.8938
28.6401
25.5112
25.2868
22.5589
22.3656
20.0426
19.879
17.8896
17.7477
15.9968
15.8702
14.2911
14.176
12.7352
12.6297
11.3106
11.2142
10.0171
9.93057
8.86838
8.79292
7.876
7.81112
7.01979
6.96318
6.26331
6.21253
5.57811
5.53167
4.94801
4.90518
4.36603
4.3265
3.83324
3.79756
3.36425
3.33401
2.49691
2.44132
1.8599
1.82457
1.4387
1.41443
1.14242
-2.69511
-2.73955
-2.78487
-2.8311
-2.87832
-2.92654
-3.02034
-3.07179
-3.12427
-3.1779
-3.23258
-3.28863
-3.39742
-3.45674
-3.51714
-3.57862
-3.64122
-3.70489
-3.8278
-3.89438
-3.96195
-4.03041
-4.09991
-4.17028
-4.30572
-4.37883
-4.45291
-4.52781
-4.60368
-4.6805
-4.828
-4.90751
-4.98807
-5.06957
-5.15224
-5.2359
-5.39668
-5.48345
-5.57145
-5.66062
-5.75113
-5.8429
-6.01993
-6.11581
-6.21315
-6.31219
-6.41301
-6.51551
-6.71418
-6.82263
-6.93326
-7.04591
-7.16106
-7.27877
-7.50837
-7.63403
-7.76259
-7.89431
-8.02899
-8.16649
-8.43489
-8.58157
-8.73134
-8.88395
-9.03976
-9.19853
-9.50549
-9.67223
-9.84158
-10.0134
-10.188
-10.3652
-10.7064
-10.8908
-11.0777
-11.2669
-11.4589
-11.6533
-12.0268
-12.2285
-12.4327
-12.6391
-12.8488
-13.0612
-13.4697
-13.6902
-13.914
-14.1402
-14.3703
-14.6038
-15.0537
-15.2974
-15.5451
-15.7968
-16.0529
-16.3137
-16.819
-17.0941
-17.3751
-17.6616
-17.9543
-18.2538
-18.8378
-19.1575
-19.4852
-19.8198
-20.1638
-20.5166
-21.2031
-21.58
-21.9655
-22.3591
-22.7616
-23.1722
-23.9698
-24.404
-24.846
-25.295
-25.7522
-26.2168
-27.1141
-27.5997
-28.0928
-28.5931
-29.1006
-29.6158
-30.6084
-31.1447
-31.6886
-32.2404
-32.7996
-33.3674
-34.4633
-35.0562
-35.6576
-36.2687
-36.8894
-37.5203
-38.7418
-39.4042
-40.0789
-40.7669
-41.4675
-42.1811
-43.5716
-44.3304
-45.1062
-45.9002
-46.715
-47.5503
-49.184
-50.0831
-51.0086
-51.9588
-52.9357
-53.9407
-55.926
-57.0161
-58.1389
-59.2965
-60.4865
-61.7088
-64.108
-65.4285
-66.7813
-68.1684
-69.5909
-71.0485
-73.9008
-75.4667
-77.0708
-78.7141
-80.3988
-82.1262
-85.5153
-87.3796
-89.2924
-91.2594
-93.2845
-95.3657
-99.468
-101.745
-104.094
-106.512
-109.014
-111.611
-116.77
-119.653
-122.639
-125.737
-128.974
-132.347
-139.116
-142.94
-146.938
-151.108
-155.451
-160.024
-169.222
-174.431
-179.849
-185.482
-191.361
-197.507
-209.598
-216.299
-223.125
-229.973
-236.927
-243.808
-256.577
-262.923
-268.741
-274.078
-278.819
-282.809
-287.455
-288.171
-287.627
-285.33
-281.524
-275.844
-260.266
-249.423
-236.581
-221.864
-205.483
-187.667
-149.771
-127.817
-104.558
-80.4878
-55.7408
-30.5808
16.9727
42.2079
66.8598
90.9069
114.11
136.379
174.632
192.656
208.894
223.445
236.112
247.249
262.842
268.426
272.338
274.843
275.826
275.559
271.48
267.952
263.396
258.394
252.859
246.862
235.014
228.478
221.946
215.424
209.038
202.701
191.225
185.444
179.824
174.448
169.251
164.274
155.384
150.976
146.754
142.696
138.813
135.073
128.417
125.092
121.899
118.828
115.867
113.012
107.898
105.314
102.826
100.41
98.0773
95.8067
91.7175
89.6443
87.6287
85.674
83.7737
81.926
78.5764
76.8734
75.2168
73.6062
72.0424
70.5229
67.771
66.3735
65.0166
63.7016
62.4288
61.1927
58.9558
57.8239
56.7266
55.6614
54.6263
53.6199
51.7959
50.8658
49.9601
49.0764
48.2125
47.3709
45.8296
45.038
44.262
43.5022
42.7568
42.0247
40.6768
39.9813
39.2972
38.6246
37.9622
37.3105
36.1072
35.4836
34.8692
34.2637
33.6672
33.0796
31.993
31.4298
30.875
30.3284
29.7901
29.2598
28.281
27.775
27.2771
26.7881
26.3072
25.8355
24.9701
24.5246
24.0886
23.6622
23.2443
22.8373
22.0938
21.7126
21.3415
20.9793
20.6254
20.2796
19.6484
19.3244
19.0072
18.6975
18.3934
18.0951
17.547
17.2644
16.9865
16.7135
16.4444
16.1795
15.6908
15.4371
15.187
14.9407
14.6973
14.4572
14.0128
13.782
13.5541
13.3291
13.1067
12.887
12.4801
12.2685
12.0596
11.8537
11.65
11.4492
11.0777
10.8847
10.6947
10.5077
10.3234
10.142
9.8081
9.6355
9.46611
9.30021
9.13757
8.97799
8.68647
8.53654
8.38994
8.24683
8.10679
7.96992
7.71961
7.59087
7.46485
7.34147
7.22042
7.10157
6.88313
6.77015
6.659
6.54996
6.44243
6.33646
6.14058
6.0389
5.93857
5.83958
5.74164
5.64497
5.46577
5.37228
5.28006
5.189
5.09885
5.00966
4.84437
4.75815
4.67284
4.5886
4.50528
4.42297
4.27045
4.19108
4.11278
4.03568
3.95956
3.88473
3.74707
3.676
3.60653
3.53861
3.47236
3.40802
3.29171
3.15121
2.99051
2.84275
2.70626
2.5799
2.36526
2.26232
2.16618
2.07638
1.99171
1.91233
1.77559
1.70856
1.64514
1.5854
1.52845
1.47418
1.38045
1.33369
1.28912
1.24679
1.20666
1.16847
