-2.87263
-3.46889
-4.20473
-5.04309
-5.99436
-7.10797
-8.55124
-10.3867
-12.5025
-14.9122
-17.7252
-21.35
-26.0931
-31.6722
-38.1179
-45.7787
-55.8241
-69.8999
-88.1727
-112.573
-148.885
-212.061
-308.461
-286.979
-6.805
272.353
295.572
205.583
145.119
109.014
84.4946
66.3946
53.5298
44.2778
36.7414
30.2989
24.7644
20.3932
17.1011
14.3394
11.9228
9.80311
8.06679
6.74197
5.63072
4.64684
3.76614
2.76915
1.72645
1.18034
-2.87384
-3.4673
-3.47048
-4.20288
-4.20658
-5.041
-5.04519
-5.99196
-5.99675
-7.10507
-7.11088
-8.54733
-8.55515
-10.3821
-10.3914
-12.4972
-12.5078
-14.9061
-14.9183
-17.7179
-17.7326
-21.3401
-21.36
-26.0809
-26.1053
-31.6582
-31.6863
-38.1016
-38.1343
-45.7587
-45.7987
-55.796
-55.8522
-69.8621
-69.9378
-88.1238
-88.2216
-112.505
-112.641
-148.777
-148.994
-211.86
-212.262
-308.271
-308.651
-287.353
-286.603
-7.61595
-5.99404
271.976
272.728
295.75
295.393
205.766
205.4
145.225
145.014
109.082
108.946
84.5436
84.4456
66.4309
66.3583
53.5547
53.5049
44.2972
44.2585
36.7577
36.7251
30.3129
30.2848
24.7762
24.7525
20.4019
20.3844
17.1081
17.0941
14.3454
14.3333
11.9281
11.9174
9.80771
9.79852
8.07031
8.06327
6.74477
6.73917
5.63316
5.62827
4.64902
4.64465
3.76809
3.76419
2.77263
2.76567
1.72814
1.72477
1.18133
-2.88678
-3.45024
-3.48764
-4.18302
-4.22652
-5.01855
-5.06773
-5.96631
-6.02253
-7.07394
-7.14226
-8.50545
-8.59732
-10.3322
-10.4415
-12.4403
-12.5648
-14.841
-14.9836
-17.6395
-17.8114
-21.2339
-21.4671
-25.9501
-26.2367
-31.5074
-31.8376
-37.9261
-38.3106
-45.5442
-46.0147
-55.496
-56.1556
-69.4572
-70.3457
-87.6006
-88.7492
-111.778
-113.376
-147.619
-150.173
-209.727
-214.441
-306.192
-310.652
-291.262
-282.453
-16.334
2.7236
267.811
276.653
297.634
293.439
207.754
203.453
146.369
143.889
109.819
108.218
85.0732
83.9209
66.8236
65.9698
53.8237
53.2387
44.5056
44.0513
36.9331
36.5504
30.4645
30.134
24.9039
24.6257
20.4965
20.2907
17.1834
17.0192
14.4108
14.2681
11.9854
11.8603
9.85723
9.74922
8.10828
8.02562
6.77497
6.70912
5.65944
5.60204
4.67254
4.62121
3.78909
3.74325
2.8104
2.72867
1.74647
1.70685
1.19182
-2.93871
-3.02062
-3.10602
-3.19524
-3.2882
-3.38467
-3.55518
-3.66025
-3.76836
-3.87873
-3.99126
-4.10597
-4.30477
-4.42542
-4.54843
-4.67402
-4.80124
-4.93168
-5.15624
-5.29281
-5.4322
-5.57427
-5.71903
-5.86714
-6.12385
-6.28102
-6.44226
-6.60776
-6.77811
-6.95456
-7.2669
-7.46355
-7.66917
-7.88473
-8.10994
-8.34594
-8.76398
-9.02445
-9.29241
-9.56878
-9.85002
-10.1391
-10.6386
-10.943
-11.2529
-11.5693
-11.8914
-12.2205
-12.7887
-13.1348
-13.4872
-13.8472
-14.2142
-14.59
-15.2406
-15.6387
-16.0468
-16.4655
-16.8954
-17.3406
-18.1233
-18.6145
-19.1302
-19.668
-20.2331
-20.8272
-21.8884
-22.5547
-23.2458
-23.9577
-24.6922
-25.4453
-26.7529
-27.5526
-28.3692
-29.2028
-30.0541
-30.9227
-32.4319
-33.3535
-34.2932
-35.2534
-36.2394
-37.248
-39.0037
-40.0825
-41.1897
-42.3269
-43.5047
-44.7208
-46.8667
-48.218
-49.631
-51.1224
-52.6906
-54.3551
-57.3652
-59.2836
-61.3027
-63.4162
-65.6133
-67.9046
-71.9567
-74.4848
-77.1076
-79.8278
-82.6585
-85.6042
-90.834
-94.1272
-97.5775
-101.211
-105.017
-109.018
-116.309
-121
-125.994
-131.363
-137.109
-143.275
-154.903
-162.707
-171.187
-180.549
-190.657
-201.886
-223.044
-236.877
-252.135
-267.447
-282.769
-297.532
-317.351
-325.396
-328.906
-327.818
-319.781
-304.017
-264.445
-230.801
-191.977
-148.141
-100.231
-49.8958
36.2842
86.3854
134.12
178.642
216.926
249.783
290.097
304.944
314.283
316.146
312.836
304.662
284.551
270.979
256.594
242.456
228.823
215.769
195.992
185.272
175.589
166.751
158.547
150.981
139.669
133.518
127.787
122.493
117.463
112.758
105.449
101.42
97.5977
93.9611
90.4806
87.1721
81.9164
78.9701
76.1475
73.4424
70.8534
68.3838
64.4936
62.3454
60.3126
58.4041
56.6033
54.8933
52.2227
50.7318
49.3069
47.9309
46.6093
45.3267
43.2541
42.0683
40.9129
39.7882
38.6945
37.6228
35.8753
34.8675
33.8845
32.9212
31.9804
31.0595
29.5519
28.6828
27.8321
27.0014
26.1954
25.4074
24.1408
23.4287
22.7432
22.0876
21.4659
20.874
19.9333
19.4085
18.9008
18.413
17.9402
17.4798
16.7304
16.2996
15.8776
15.4641
15.0606
14.6667
14.0171
13.6416
13.2735
12.9118
12.5576
12.2099
11.6396
11.309
10.984
10.6673
10.3569
10.0534
9.55957
9.27876
9.00814
8.74709
8.49807
8.25905
7.88133
7.66837
7.46527
7.26822
7.07858
6.89379
6.59365
6.42008
6.25077
6.08473
5.92204
5.76242
5.50059
5.34799
5.19862
5.05134
4.90688
4.76478
4.5305
4.39433
4.26012
4.12834
3.99883
3.87158
3.6624
3.54105
3.42123
3.30195
3.18356
2.96155
2.59142
2.40076
2.23066
2.07956
1.94414
1.82083
1.63924
1.54369
1.4564
1.37666
1.30286
1.23418
