-1.77108
-1.9866
-2.21877
-2.47136
-2.7518
-3.07306
-3.44618
-3.87016
-4.33716
-4.84387
-5.39365
-5.99235
-6.6543
-7.4057
-8.28314
-9.30134
-10.4458
-11.6985
-13.0604
-14.5454
-16.1786
-18.0149
-20.1461
-22.6597
-25.551
-28.77
-32.3012
-36.1836
-40.482
-45.3391
-51.0078
-57.858
-66.135
-75.919
-87.3784
-101.019
-117.774
-139.204
-167.818
-206.358
-252.602
-286.529
-267.496
-168.027
-6.68808
153.983
254.93
274.151
242.72
199.424
162.911
135.183
114.058
97.3638
83.7474
72.4122
63.0247
55.381
49.1078
43.7576
39.0341
34.7886
30.9348
27.4337
24.3068
21.6053
19.315
17.3364
15.5681
13.9586
12.4802
11.1199
9.87943
8.77719
7.82797
7.00948
6.28236
5.61907
5.00657
4.43738
3.90934
3.42906
2.69416
2.00593
1.55009
1.23182
0.996279
0.817856
0.670826
0.547891
-1.7719
-1.98574
-1.98747
-2.21784
-2.21971
-2.47034
-2.47239
-2.75065
-2.75296
-3.07172
-3.07441
-3.44464
-3.44773
-3.86843
-3.87189
-4.33527
-4.33904
-4.84183
-4.84592
-5.39144
-5.39586
-5.98992
-5.99477
-6.65159
-6.657
-7.40256
-7.40884
-8.27947
-8.28682
-9.29715
-9.30553
-10.4411
-10.4504
-11.6934
-11.7035
-13.0549
-13.0659
-14.5394
-14.5514
-16.1719
-16.1853
-18.0072
-18.0225
-20.1371
-20.155
-22.6493
-22.6702
-25.5391
-25.5628
-28.7569
-28.7831
-32.2868
-32.3155
-36.1678
-36.1993
-40.4644
-40.4996
-45.3189
-45.3592
-50.9837
-51.0319
-57.8287
-57.8873
-66.1003
-66.1698
-75.8782
-75.9599
-87.3304
-87.4264
-100.961
-101.077
-117.702
-117.847
-139.109
-139.299
-167.689
-167.947
-206.189
-206.527
-252.426
-252.778
-286.471
-286.586
-267.725
-267.265
-168.565
-167.489
-7.36259
-6.01371
153.449
154.517
254.682
255.173
274.206
274.096
242.876
242.558
199.581
199.267
163.033
162.789
135.276
135.09
114.13
113.985
97.4217
97.3058
83.7954
83.6995
72.4521
72.3724
63.0573
62.992
55.4076
55.3544
49.13
49.0857
43.7769
43.7382
39.0516
39.0167
34.8039
34.7733
30.9491
30.9206
27.4466
27.4208
24.3179
24.2956
21.615
21.5956
19.3232
19.3067
17.3436
17.3293
15.5746
15.5616
13.9645
13.9526
12.4857
12.4747
11.1249
11.1149
9.88396
9.87489
8.78117
8.77322
7.83139
7.82457
7.01244
7.00653
6.28503
6.27968
5.62153
5.61661
5.00886
5.00428
4.43951
4.43526
3.91132
3.90737
3.4308
3.42732
2.69747
2.69085
2.00807
2.0038
1.55155
1.54863
1.23286
1.23078
0.997071
0.995487
0.81847
0.817243
0.671349
0.670303
0.548319
-1.77862
-1.97862
-1.9946
-2.21015
-2.22742
-2.46189
-2.48086
-2.74113
-2.76251
-3.06069
-3.08552
-3.43193
-3.46058
-3.85419
-3.88618
-4.31973
-4.35463
-4.82497
-4.86287
-5.37322
-5.41415
-5.96994
-6.01482
-6.62929
-6.67941
-7.37672
-7.43478
-8.24925
-8.31724
-9.26271
-9.34025
-10.4029
-10.4886
-11.6518
-11.7454
-13.0099
-13.1114
-14.4899
-14.601
-16.1171
-16.2403
-17.9445
-18.0855
-20.0636
-20.2291
-22.5631
-22.7568
-25.4415
-25.6609
-28.6493
-28.8911
-32.1686
-32.4342
-36.0382
-36.3294
-40.3197
-40.645
-45.1533
-45.5259
-50.7862
-51.2316
-57.5883
-58.1297
-65.8145
-66.4579
-75.5425
-76.2984
-86.9354
-87.8246
-100.485
-101.558
-117.107
-118.449
-138.332
-140.085
-166.634
-169.015
-204.798
-207.927
-250.971
-254.227
-285.958
-287.025
-269.69
-265.313
-172.82
-163.011
-12.9308
-0.45635
148.953
158.879
252.586
256.798
274.572
273.611
244.182
241.201
200.88
197.972
164.049
161.784
136.047
134.328
114.727
113.393
97.9015
96.8293
84.1925
83.3049
72.7824
72.0446
63.3286
62.7238
55.629
55.1354
49.3132
48.9038
43.9369
43.579
39.1955
38.8731
34.9325
34.6447
31.0665
30.8036
27.5534
27.3146
24.4109
24.2031
21.6947
21.5161
19.3914
19.2391
17.4031
17.27
15.6283
15.508
14.0134
13.9036
12.5309
12.4296
11.1666
11.0734
9.9215
9.83754
8.81402
8.74054
7.8598
7.79663
7.03693
6.98219
6.30719
6.25766
5.64186
5.59635
5.02771
4.98544
4.45708
4.41773
3.92761
3.89114
3.44519
3.41301
2.72497
2.66391
2.02581
1.98632
1.56368
1.53667
1.2415
1.22227
1.00364
0.988993
0.823543
0.812198
0.675682
0.666001
0.551864
-1.79985
-1.83048
-1.86139
-1.89265
-1.92418
-1.95609
-2.01743
-2.05023
-2.08362
-2.11727
-2.15131
-2.1858
-2.25213
-2.28782
-2.32391
-2.36051
-2.39764
-2.43522
-2.50799
-2.54731
-2.58703
-2.62768
-2.66894
-2.71119
-2.79316
-2.83757
-2.88327
-2.92961
-2.97726
-3.02595
-3.12123
-3.17298
-3.22593
-3.28013
-3.33555
-3.39196
-3.50173
-3.56121
-3.6216
-3.68304
-3.74561
-3.80918
-3.93194
-3.998
-4.06494
-4.13272
-4.20124
-4.27061
-4.40442
-4.47627
-4.5489
-4.62235
-4.69673
-4.77209
-4.91704
-4.99486
-5.07349
-5.15312
-5.23382
-5.31534
-5.47277
-5.55745
-5.64309
-5.72976
-5.81779
-5.90693
-6.07912
-6.17224
-6.2664
-6.36225
-6.4597
-6.55886
-6.75128
-6.85532
-6.96231
-7.07108
-7.18228
-7.29565
-7.51808
-7.63936
-7.76358
-7.89086
-8.02087
-8.15417
-8.41412
-8.55696
-8.70201
-8.85021
-9.00075
-9.15407
-9.4516
-9.6129
-9.77692
-9.94321
-10.1118
-10.2823
-10.6108
-10.7887
-10.9682
-11.1503
-11.3342
-11.5203
-11.8784
-12.072
-12.2665
-12.4645
-12.6649
-12.8671
-13.2571
-13.4668
-13.679
-13.8941
-14.1124
-14.3335
-14.7599
-14.9901
-15.2231
-15.4597
-15.7002
-15.944
-16.4168
-16.6726
-16.9337
-17.1994
-17.4703
-17.7468
-18.2879
-18.5821
-18.8822
-19.1917
-19.508
-19.8322
-20.4676
-20.8163
-21.1721
-21.5368
-21.9109
-22.2925
-23.0366
-23.4408
-23.8521
-24.2709
-24.6981
-25.133
-25.9749
-26.4289
-26.8896
-27.3569
-27.8298
-28.3091
-29.2366
-29.7356
-30.2408
-30.7531
-31.2708
-31.7987
-32.8148
-33.3622
-33.9163
-34.478
-35.049
-35.6272
-36.7468
-37.3517
-37.9646
-38.5873
-39.2203
-39.8638
-41.1115
-41.7904
-42.4786
-43.1811
-43.8986
-44.6311
-46.0609
-46.8379
-47.6417
-48.4618
-49.3046
-50.1669
-51.8718
-52.8078
-53.7701
-54.7618
-55.7834
-56.8347
-58.9055
-60.0471
-61.2196
-62.4226
-63.6533
-64.9152
-67.3872
-68.7436
-70.133
-71.552
-73.0033
-74.486
-77.3816
-78.9675
-80.5901
-82.2536
-83.9524
-85.6926
-89.1053
-90.9826
-92.9018
-94.8742
-96.9065
-98.9894
-103.113
-105.387
-107.731
-110.148
-112.652
-115.243
-120.399
-123.27
-126.248
-129.333
-132.561
-135.905
-142.628
-146.411
-150.363
-154.496
-158.813
-163.344
-172.499
-177.647
-182.986
-188.536
-194.372
-200.411
-212.44
-218.999
-225.73
-232.477
-239.289
-246.163
-258.635
-264.938
-270.72
-276.079
-280.659
-284.12
-288.029
-288.278
-287.174
-284.52
-280.465
-275.046
-258.574
-247.682
-234.875
-220.253
-204.442
-185.839
-148.116
-126.117
-103.137
-79.5796
-55.2721
-30.4779
17.0443
41.751
66.0155
89.8236
112.503
134.329
172.337
190.228
206.743
221.458
234.577
245.778
261.944
267.97
272.075
274.589
275.707
275.413
271.756
268.487
264.448
259.675
254.355
248.396
236.717
230.309
223.926
217.637
211.271
205.095
193.894
188.175
182.681
177.363
172.261
167.354
158.633
154.256
150.094
146.095
142.265
138.552
131.961
128.68
125.508
122.444
119.493
116.654
111.537
108.961
106.47
104.058
101.715
99.4474
95.3344
93.2502
91.225
89.2532
87.337
85.4712
82.0644
80.3353
78.6496
77.0038
75.4042
73.8471
71.0144
69.5753
68.1745
66.8129
65.4902
64.2053
61.8769
60.6984
59.5573
58.4512
57.3818
56.3434
54.4501
53.4943
52.5609
51.6479
50.7638
49.9033
48.3276
47.5198
46.7287
45.955
45.1948
44.4497
43.0761
42.3692
41.6721
40.9881
40.3156
39.6529
38.425
37.7908
37.1663
36.5508
35.9453
35.3471
34.2375
33.6632
33.0971
32.5382
31.9869
31.4429
30.4335
29.9112
29.3956
28.8877
28.3871
27.8946
26.9814
26.5108
26.0482
25.5952
25.1502
24.7116
23.9109
23.5002
23.0985
22.7061
22.324
21.9512
21.2682
20.9213
20.5821
20.2504
19.9268
19.6099
19.0266
18.7291
18.4377
18.1516
17.8707
17.5941
17.0828
16.8186
16.5578
16.3023
16.05
15.8008
15.338
15.0983
14.863
14.6296
14.399
14.171
13.7477
13.5281
13.3113
13.0969
12.8849
12.6752
12.2866
12.0845
11.8848
11.6873
11.4925
11.3001
10.9421
10.7565
10.574
10.3937
10.2164
10.0414
9.71963
9.55353
9.39035
9.23025
9.07339
8.91973
8.63774
8.4941
8.35338
8.21534
8.08129
7.95019
7.70918
7.58574
7.4645
7.34533
7.2297
7.11514
6.90526
6.79666
6.6897
6.58433
6.48049
6.37814
6.18799
6.08938
5.99193
5.89586
5.80074
5.70692
5.53216
5.44158
5.35189
5.26308
5.17515
5.08811
4.92573
4.84141
4.75783
4.67533
4.59388
4.5132
4.36237
4.28407
4.20654
4.12989
4.05419
3.97945
3.84
3.76826
3.69737
3.62745
3.55881
3.49146
3.36868
3.30653
3.24779
3.09608
2.95095
2.81456
2.58052
2.46802
2.36272
2.26358
2.17051
2.08365
1.93213
1.85863
1.78975
1.72444
1.66235
1.60325
1.49961
1.44872
1.40104
1.35543
1.31159
1.26964
1.19586
1.159
1.12346
1.08927
1.05648
1.02496
0.968614
0.940448
0.913422
0.887653
0.863511
0.839837
0.796295
0.773973
0.75212
0.73073
0.709872
0.689583
0.65248
0.633607
0.615254
0.59742
0.580106
0.563311
