-2.43437
-2.79878
-3.23144
-3.74613
-4.33624
-4.99549
-5.73011
-6.56256
-7.53909
-8.71856
-10.1142
-11.7012
-13.4764
-15.4738
-17.7773
-20.5443
-23.9073
-27.854
-32.347
-37.4404
-43.3264
-50.4121
-59.332
-70.5975
-84.5538
-102.07
-125.134
-157.525
-204.347
-261.228
-284.341
-199.012
-6.66521
186.588
271.722
251.3
197.715
152.929
121.269
98.3949
80.9816
67.3506
56.765
48.5126
41.7791
36.0233
30.9827
26.5592
22.7832
19.6732
17.0936
14.8688
12.8938
11.1265
9.56513
8.23575
7.12982
6.18629
5.35099
4.5972
3.91846
3.33427
2.25989
1.60277
1.19192
-2.43539
-2.7976
-2.79997
-3.23001
-3.23286
-3.74446
-3.7478
-4.33436
-4.33812
-4.9934
-4.99758
-5.72777
-5.73245
-6.55987
-6.56525
-7.53588
-7.5423
-8.71468
-8.72245
-10.1097
-10.1187
-11.6962
-11.7063
-13.4708
-13.4821
-15.4674
-15.4802
-17.7698
-17.7849
-20.5351
-20.5535
-23.8963
-23.9184
-27.8413
-27.8667
-32.3326
-32.3613
-37.4241
-37.4568
-43.3072
-43.3456
-50.3884
-50.4358
-59.3017
-59.3622
-70.5597
-70.6353
-84.507
-84.6005
-102.01
-102.129
-125.053
-125.215
-157.408
-157.642
-204.183
-204.51
-261.073
-261.382
-284.395
-284.287
-199.454
-198.568
-7.31391
-6.01661
186.124
187.051
271.65
271.792
251.446
251.153
197.872
197.558
153.042
152.816
121.349
121.189
98.4544
98.3355
81.0278
80.9355
67.3868
67.3144
56.7929
56.7371
48.5347
48.4904
41.7977
41.7605
36.0395
36.0072
30.997
30.9685
26.5716
26.5469
22.7935
22.7729
19.6816
19.6647
17.1008
17.0865
14.8751
14.8625
12.8994
12.8882
11.1315
11.1215
9.56949
9.56076
8.23939
8.23211
7.13287
7.12677
6.18895
6.18364
5.35337
5.3486
4.59935
4.59504
3.92038
3.91654
3.33584
3.3327
2.26245
2.25733
1.6043
1.60125
1.1929
-2.4451
-2.78635
-2.81128
-3.21652
-3.24645
-3.72865
-3.76368
-4.31653
-4.356
-4.97358
-5.01746
-5.70559
-5.75474
-6.53441
-6.59085
-7.5055
-7.57291
-8.67789
-8.75944
-10.0671
-10.1615
-11.6483
-11.7543
-13.4173
-13.5358
-15.4067
-15.5412
-17.6984
-17.8567
-20.4482
-20.6409
-23.7919
-24.0233
-27.7211
-27.9877
-32.1965
-32.498
-37.2689
-37.6127
-43.1251
-43.5286
-50.1641
-50.6617
-59.016
-59.6504
-70.2021
-70.9955
-84.0648
-85.0462
-101.446
-102.699
-124.291
-125.989
-156.304
-158.761
-202.633
-206.078
-259.584
-262.827
-284.875
-283.728
-203.616
-194.289
-13.4809
0.1407
181.675
191.258
270.957
272.409
252.815
249.74
199.368
196.071
154.124
151.748
122.111
120.436
99.0211
97.7735
81.4681
80.4978
67.7325
66.9718
57.0591
56.4732
48.746
48.2807
41.975
41.5842
36.1933
35.8541
31.1326
30.8336
26.6895
26.4296
22.8919
22.6752
19.7622
19.5847
17.1688
17.0188
14.9349
14.803
12.9529
12.8349
11.1791
11.074
9.61108
9.51943
8.27406
8.19763
7.16188
7.09792
6.21423
6.15845
5.37603
5.32599
4.61987
4.5746
3.93866
3.89836
3.35084
3.31784
2.28697
2.23325
1.61893
1.58687
1.20231
-2.47934
-2.53057
-2.58291
-2.63643
-2.69124
-2.74743
-2.85136
-2.91166
-2.97357
-3.03717
-3.10258
-3.16983
-3.29448
-3.36684
-3.44098
-3.51685
-3.59456
-3.67388
-3.81974
-3.90372
-3.98918
-4.07614
-4.16451
-4.25461
-4.41901
-4.51315
-4.60873
-4.70584
-4.80447
-4.90467
-5.08749
-5.19208
-5.29841
-5.40662
-5.51675
-5.62859
-5.83348
-5.95118
-6.0712
-6.1936
-6.31856
-6.44612
-6.68152
-6.81771
-6.95757
-7.10114
-7.24878
-7.40027
-7.68177
-7.84597
-8.01486
-8.18848
-8.36705
-8.55054
-8.89026
-9.08689
-9.28817
-9.49397
-9.70429
-9.91903
-10.3123
-10.5383
-10.7681
-11.0021
-11.2399
-11.4819
-11.9237
-12.1769
-12.4341
-12.6957
-12.9614
-13.2314
-13.7253
-14.009
-14.2978
-14.5915
-14.891
-15.1963
-15.7565
-16.0805
-16.4115
-16.7497
-17.0965
-17.452
-18.1113
-18.4956
-18.8899
-19.2964
-19.7157
-20.1475
-20.951
-21.42
-21.9022
-22.3983
-22.9076
-23.4299
-24.3945
-24.9523
-25.5229
-26.1054
-26.6989
-27.3044
-28.415
-29.0532
-29.7029
-30.3646
-31.0381
-31.7242
-32.9806
-33.7024
-34.437
-35.1859
-35.9496
-36.7301
-38.1628
-38.9889
-39.8352
-40.7002
-41.5865
-42.4946
-44.1765
-45.1558
-46.1647
-47.2039
-48.2785
-49.3894
-51.4656
-52.6844
-53.9512
-55.2636
-56.6229
-58.031
-60.6741
-62.2266
-63.831
-65.4893
-67.2017
-68.9695
-72.272
-74.1993
-76.186
-78.2372
-80.3546
-82.5395
-86.627
-89.0209
-91.5034
-94.0715
-96.7369
-99.5061
-104.729
-107.825
-111.051
-114.434
-117.965
-121.667
-128.762
-133
-137.479
-142.239
-147.241
-152.513
-162.766
-168.952
-175.526
-182.427
-189.61
-197.287
-211.659
-220.067
-228.638
-237.26
-245.846
-254.218
-267.738
-274.139
-279.569
-283.672
-285.649
-285.878
-280.951
-274.053
-264.106
-251.411
-235.831
-217.559
-178.669
-153.291
-125.877
-96.5575
-66.3314
-34.9954
21.4244
52.7053
83.1024
112.179
139.752
165.449
204.829
222.899
238.594
251.244
261.001
268.016
273.845
273.987
272.13
268.506
263.457
257.38
244.637
236.797
228.777
220.71
212.56
204.643
190.973
183.758
176.839
170.228
163.947
157.994
148.103
142.952
138.071
133.445
129.04
124.838
117.854
114.18
110.68
107.331
104.12
101.038
95.8436
93.0873
90.4305
87.8741
85.4112
83.0337
78.9896
76.8378
74.7584
72.7543
70.8224
68.9597
65.7951
64.1156
62.4998
60.9432
59.4453
58.0047
55.5639
54.2655
53.0107
51.7986
50.6275
49.4949
47.5554
46.5117
45.496
44.5074
43.5438
42.6017
40.9741
40.0915
39.2266
38.3797
37.5505
36.7367
35.3231
34.5531
33.7966
33.0536
32.3254
31.6108
30.3655
29.6879
29.0229
28.3709
27.7316
27.1063
26.0237
25.4385
24.8664
24.3093
23.7671
23.2407
22.3369
21.8508
21.3798
20.9228
20.4789
20.0475
19.3081
18.9088
18.5204
18.1416
17.7719
17.41
16.7839
16.4435
16.1099
15.7827
15.4615
15.1459
14.5961
14.2956
14
13.7089
13.4225
13.1413
12.6498
12.3807
12.116
11.8556
11.5992
11.3473
10.909
10.6693
10.4344
10.204
9.97835
9.75788
9.37631
9.17
8.96896
8.77316
8.58256
8.39691
8.07851
7.90707
7.73998
7.57743
7.41904
7.26451
6.99799
6.85338
6.7117
6.57293
6.43686
6.30334
6.07096
5.94402
5.81912
5.69611
5.57504
5.4559
5.24742
5.13311
5.02047
4.90941
4.80001
4.69216
4.50351
4.4
4.29814
4.19811
4.09978
4.00311
3.83531
3.7443
3.65551
3.5692
3.48537
3.40427
3.24102
3.03182
2.84263
2.67198
2.51721
2.37578
2.15228
2.04077
1.93762
1.84317
1.75466
1.67186
1.53826
1.47039
1.40651
1.34617
1.28944
1.23631
