-2.21235
-2.38844
-2.57682
-2.7816
-3.0083
-3.2618
-3.54382
-3.85028
-4.17836
-4.52606
-4.89359
-5.28228
-5.69377
-6.13248
-6.60463
-7.12099
-7.69649
-8.34443
-9.06707
-9.85475
-10.6999
-11.5979
-12.5488
-13.557
-14.6275
-15.7729
-17.0098
-18.3677
-19.8932
-21.6189
-23.5525
-25.6658
-27.9414
-30.3719
-32.9606
-35.7256
-38.6914
-41.8987
-45.4155
-49.3536
-53.8569
-59.067
-65.0443
-71.7832
-79.3263
-87.7934
-97.3933
-108.458
-121.495
-137.199
-156.663
-181.317
-212.48
-249.494
-286.466
-309.905
-299.264
-241.395
-138.051
-6.81868
124.277
227.783
285.996
297.108
275.386
240.405
205.575
176.19
152.442
133.394
117.849
104.84
93.7576
84.149
75.7265
68.3454
61.9525
56.4584
51.7504
47.5987
43.8662
40.4507
37.2924
34.3447
31.5888
29.01
26.6075
24.3991
22.4085
20.6471
19.0915
17.6819
16.3874
15.1815
14.0484
12.9792
11.9692
11.0173
10.1242
9.29858
8.55014
7.88238
7.28632
6.74263
6.23856
5.76596
5.31847
4.89409
4.49021
4.10677
3.74481
3.40805
2.9247
2.33579
1.91097
1.59318
1.34829
1.15345
0.993297
0.86267
-2.21328
-2.38745
-2.38943
-2.57575
-2.57789
-2.78043
-2.78276
-3.007
-3.00959
-3.26035
-3.26326
-3.54223
-3.54542
-3.84855
-3.85201
-4.17652
-4.1802
-4.52412
-4.52801
-4.89154
-4.89564
-5.2801
-5.28446
-5.69146
-5.69608
-6.13001
-6.13495
-6.60196
-6.6073
-7.11803
-7.12394
-7.69318
-7.6998
-8.3407
-8.34815
-9.06297
-9.0712
-9.8503
-9.85919
-10.6951
-10.7046
-11.5929
-11.603
-12.5435
-12.5541
-13.5514
-13.5626
-14.6215
-14.6335
-15.7664
-15.7793
-17.0028
-17.0167
-18.3599
-18.3756
-19.8845
-19.902
-21.609
-21.6289
-23.5414
-23.5635
-25.6539
-25.6778
-27.9287
-27.9541
-30.3583
-30.3856
-32.9461
-32.9751
-35.7101
-35.7411
-38.6745
-38.7082
-41.8806
-41.9169
-45.3954
-45.4357
-49.3308
-49.3764
-53.8307
-53.8832
-59.0366
-59.0973
-65.0096
-65.079
-71.7444
-71.8219
-79.2828
-79.3698
-87.7447
-87.8421
-97.3374
-97.4491
-108.394
-108.523
-121.418
-121.572
-137.105
-137.293
-156.545
-156.78
-181.165
-181.469
-212.294
-212.667
-249.283
-249.706
-286.292
-286.641
-309.85
-309.959
-299.458
-299.065
-241.823
-240.964
-138.703
-137.399
-7.55478
-6.08274
123.623
124.933
227.34
228.225
285.807
286.185
297.161
297.054
275.549
275.222
240.6
240.21
205.749
205.401
176.334
176.046
152.556
152.328
133.487
133.301
117.925
117.772
104.904
104.775
93.8135
93.7017
84.1977
84.1003
75.7695
75.6836
68.3827
68.3081
61.9846
61.9204
56.4861
56.4308
51.7744
51.7264
47.62
47.5774
43.8855
43.8469
40.4685
40.4328
37.309
37.2758
34.3602
34.3292
31.6033
31.5743
29.0235
28.9965
26.6201
26.595
24.4106
24.3877
22.4186
22.3983
20.656
20.6381
19.0996
19.0835
17.6892
17.6745
16.3942
16.3805
15.1878
15.1752
14.0544
14.0423
12.9849
12.9736
11.9745
11.9639
11.0224
11.0123
10.1289
10.1195
9.30286
9.2943
8.554
8.54628
7.88579
7.87897
7.28943
7.28319
6.74547
6.7398
6.24121
6.23591
5.76846
5.76346
5.32084
5.3161
4.89634
4.89183
4.49236
4.48807
4.10879
4.10475
3.74672
3.7429
3.40979
3.40632
2.92851
2.92091
2.33849
2.3331
1.91296
1.90899
1.59469
1.59166
1.34947
1.34711
1.15441
1.15249
0.994085
0.992509
0.863304
-2.22002
-2.38029
-2.39662
-2.56804
-2.58565
-2.77202
-2.79122
-2.99755
-3.01903
-3.24983
-3.27384
-3.53058
-3.55705
-3.83605
-3.86455
-4.16324
-4.19353
-4.51004
-4.54214
-4.87671
-4.91054
-5.26433
-5.30021
-5.67477
-5.71287
-6.1121
-6.15292
-6.58265
-6.62662
-7.09668
-7.14541
-7.66926
-7.72387
-8.31378
-8.37522
-9.03333
-9.10118
-9.81814
-9.89148
-10.6609
-10.7389
-11.5565
-11.6395
-12.505
-12.5927
-13.5106
-13.6034
-14.5779
-14.6773
-15.7197
-15.8262
-16.9525
-17.0674
-18.3036
-18.4325
-19.8212
-19.9658
-21.5369
-21.7015
-23.4614
-23.6436
-25.5674
-25.7646
-27.8367
-28.0467
-30.2594
-30.4847
-32.841
-33.0806
-35.5982
-35.854
-38.5529
-38.83
-41.749
-42.0492
-45.2502
-45.5825
-49.1661
-49.5418
-53.6412
-54.0741
-58.8175
-59.3179
-64.7599
-65.3312
-71.4644
-72.1036
-78.9686
-79.686
-87.3924
-88.1969
-96.9339
-97.8551
-107.927
-108.994
-120.859
-122.136
-136.425
-137.981
-155.696
-157.637
-180.064
-182.569
-210.946
-214.024
-247.761
-251.246
-285.011
-287.904
-309.424
-310.303
-300.712
-297.512
-244.972
-237.747
-143.406
-132.544
-12.9583
-0.75201
118.852
129.663
224.085
231.384
284.361
287.507
297.522
296.642
276.723
273.941
242.02
238.797
207.033
204.15
177.383
175.008
153.385
151.505
134.164
132.63
118.482
117.219
105.374
104.308
94.2212
93.2978
84.5522
83.7481
76.0821
75.3731
68.6542
68.0381
62.2187
61.6883
56.6873
56.2318
51.9487
51.5532
47.7745
47.4232
44.0268
43.707
40.5982
40.3036
37.4293
37.1559
34.4724
34.2174
31.7085
31.4694
29.1217
28.8987
26.7111
26.5042
24.4926
24.3048
22.4925
22.3247
20.7214
20.5734
19.1579
19.0256
17.7423
17.6216
16.4437
16.3313
15.2339
15.1293
14.0982
13.9986
13.0259
12.9327
12.0132
11.9253
11.0587
10.976
10.1628
10.0858
9.33401
9.26332
8.58188
8.51835
7.91057
7.85427
7.31181
7.26064
6.76608
6.71929
6.26044
6.21674
5.78646
5.74539
5.33803
5.29897
4.91267
4.87554
4.50785
4.47253
4.12347
4.09008
3.76055
3.72911
3.42245
3.39378
2.95628
2.89364
2.3582
2.31365
1.92745
1.89471
1.60572
1.58077
1.35806
1.33861
1.16139
1.14557
0.999824
0.986824
0.867916
-2.23817
-2.26236
-2.28679
-2.31143
-2.33638
-2.36136
-2.41586
-2.44172
-2.46788
-2.49415
-2.52071
-2.54761
-2.60633
-2.63426
-2.66264
-2.69133
-2.72019
-2.74955
-2.81404
-2.84477
-2.87595
-2.9076
-2.93974
-2.97255
-3.04465
-3.07898
-3.11396
-3.1495
-3.18537
-3.22198
-3.30246
-3.3407
-3.37961
-3.41929
-3.45923
-3.49971
-3.58836
-3.63044
-3.67304
-3.71583
-3.75908
-3.80279
-3.89819
-3.94331
-3.9888
-4.03466
-4.08102
-4.12757
-4.22913
-4.27715
-4.32528
-4.37396
-4.4231
-4.47265
-4.58001
-4.6306
-4.68146
-4.73305
-4.7848
-4.83724
-4.95055
-5.00403
-5.05801
-5.11241
-5.16722
-5.22261
-5.34243
-5.39914
-5.45643
-5.51394
-5.57187
-5.63033
-5.75793
-5.8182
-5.87889
-5.94037
-6.00254
-6.06475
-6.20099
-6.26596
-6.33128
-6.39736
-6.46403
-6.53132
-6.67891
-6.74903
-6.82026
-6.89283
-6.96595
-7.04008
-7.20322
-7.28081
-7.35984
-7.44041
-7.52221
-7.60542
-7.78866
-7.87634
-7.96562
-8.05636
-8.14858
-8.24226
-8.448
-8.54583
-8.64575
-8.74727
-8.84985
-8.95405
-9.1816
-9.28965
-9.39886
-9.50897
-9.6202
-9.73253
-9.97811
-10.0942
-10.2119
-10.3303
-10.4492
-10.5697
-10.8312
-10.9547
-11.0792
-11.205
-11.3319
-11.4596
-11.7371
-11.8683
-11.9996
-12.1327
-12.2674
-12.4027
-12.6961
-12.8352
-12.9751
-13.1162
-13.2586
-13.4017
-13.7133
-13.8609
-14.0092
-14.159
-14.3099
-14.4621
-14.7947
-14.9519
-15.1102
-15.2709
-15.4326
-15.5952
-15.9521
-16.1214
-16.2921
-16.4653
-16.6408
-16.818
-17.2041
-17.3887
-17.5778
-17.7674
-17.9592
-18.1543
-18.5857
-18.7925
-19.0017
-19.2149
-19.432
-19.6525
-20.1385
-20.3718
-20.6087
-20.8504
-21.097
-21.3462
-21.8963
-22.1584
-22.426
-22.6972
-22.9704
-23.2493
-23.8592
-24.1487
-24.4418
-24.7367
-25.0353
-25.338
-25.998
-26.3098
-26.6249
-26.9431
-27.2643
-27.5907
-28.2968
-28.6298
-28.9666
-29.3072
-29.6508
-29.9967
-30.7496
-31.1055
-31.4638
-31.826
-32.1932
-32.5617
-33.3639
-33.7446
-34.1276
-34.5142
-34.9055
-35.2988
-36.1577
-36.5646
-36.9759
-37.3897
-37.8079
-38.231
-39.1569
-39.5949
-40.0386
-40.4882
-40.9416
-41.3986
-42.406
-42.8863
-43.3725
-43.8635
-44.3605
-44.8655
-45.9775
-46.5078
-47.0511
-47.6016
-48.1609
-48.7301
-49.9883
-50.5918
-51.2098
-51.8393
-52.4818
-53.14
-54.5898
-55.2901
-56.005
-56.7357
-57.48
-58.2376
-59.9108
-60.7167
-61.5401
-62.377
-63.2293
-64.0978
-66.0099
-66.9229
-67.8511
-68.7927
-69.75
-70.7222
-72.863
-73.8875
-74.9271
-75.9816
-77.0534
-78.1373
-80.5368
-81.6794
-82.8433
-84.0281
-85.2348
-86.4578
-89.1565
-90.45
-91.7646
-93.1095
-94.4782
-95.8679
-98.9533
-100.44
-101.955
-103.497
-105.074
-106.691
-110.279
-112.015
-113.791
-115.609
-117.471
-119.384
-123.656
-125.738
-127.865
-130.05
-132.316
-134.634
-139.849
-142.4
-145.041
-147.757
-150.564
-153.454
-159.996
-163.218
-166.531
-169.954
-173.532
-177.223
-185.51
-189.607
-193.836
-198.237
-202.782
-207.39
-217.687
-222.722
-227.869
-233.083
-238.326
-243.69
-255.376
-260.785
-266.024
-271.425
-276.551
-281.462
-291.272
-295.425
-299.189
-302.671
-305.685
-308.049
-310.942
-311.063
-310.499
-309.126
-306.737
-303.359
-293.736
-287.756
-280.575
-272.316
-263.287
-253.251
-228.399
-215.96
-202.001
-187.082
-171.724
-155.933
-119.278
-101.522
-83.3768
-64.8824
-46.0475
-27.2002
13.4635
32.3784
51.2852
69.8812
88.099
105.958
142.113
158.164
173.423
188.137
202.172
214.989
239.457
249.627
258.515
266.375
273.639
280.04
290.375
293.304
295.671
297.399
298.468
298.298
295.319
293.058
290.536
287.47
283.932
279.802
270.404
265.502
260.675
255.857
250.958
245.902
234.96
229.912
224.94
220.096
215.307
210.566
200.808
196.428
192.221
188.158
184.141
180.235
172.278
168.751
165.332
162.02
158.795
155.659
149.313
146.476
143.74
141.081
138.506
136.004
130.865
128.579
126.343
124.173
122.061
119.994
115.754
113.848
111.986
110.159
108.389
106.658
103.071
101.456
99.8723
98.3227
96.8057
95.3206
92.2302
90.8353
89.464
88.1196
86.8021
85.5083
82.8145
81.594
80.3927
79.2146
78.0608
76.9262
74.5533
73.4814
72.4296
71.3945
70.381
69.3879
67.3238
66.3927
65.4765
64.5821
63.709
62.8543
61.0772
60.2745
59.4885
58.7193
57.9643
57.2292
55.7076
55.0263
54.3542
53.6954
53.0474
52.4143
51.0959
50.4951
49.9044
49.3212
48.7504
48.1905
47.0144
46.4777
45.9489
45.4266
44.9137
44.406
43.3351
42.8457
42.3619
41.8845
41.4133
40.9464
39.9599
39.5099
39.0623
38.6226
38.1862
37.7527
36.837
36.4161
35.9991
35.5878
35.1786
34.7738
33.9201
33.5275
33.1368
32.7508
32.3688
31.9904
31.1904
30.8225
30.4579
30.0968
29.7398
29.3858
28.6381
28.2946
27.9541
27.6176
27.286
26.9561
26.2631
25.9456
25.6321
25.3213
25.0152
24.7151
24.0855
23.798
23.5145
23.2361
22.9623
22.6917
22.1288
21.874
21.6245
21.3782
21.1355
20.8977
20.4016
20.1773
19.9557
19.7378
19.5238
19.3138
18.8715
18.6691
18.4686
18.2712
18.0768
17.885
17.4808
17.2956
17.1129
16.9318
16.7529
16.5757
16.2005
16.0287
15.8588
15.6905
15.5229
15.3573
15.0066
14.8448
14.6852
14.5267
14.3692
14.2139
13.8827
13.731
13.5804
13.4309
13.283
13.1356
12.8237
12.6801
12.537
12.3954
12.2554
12.1169
11.8223
11.6872
11.5529
11.4192
11.2872
11.1563
10.8792
10.752
10.6261
10.5011
10.377
10.2541
9.99619
9.87749
9.7602
9.64402
9.52993
9.41752
9.18106
9.07295
8.96639
8.86173
8.7586
8.65692
8.44443
8.34805
8.25346
8.15986
8.06793
7.97764
7.78884
7.70284
7.61844
7.53475
7.4529
7.37194
7.20124
7.12316
7.04654
6.97062
6.89557
6.82151
6.66473
6.59301
6.52168
6.45091
6.38112
6.31202
6.1657
6.09852
6.03185
5.96581
5.90014
5.83523
5.69723
5.6338
5.57068
5.50812
5.446
5.38416
5.25317
5.19295
5.13319
5.07384
5.01482
4.95641
4.83223
4.77487
4.71821
4.66143
4.60511
4.5495
4.43115
4.37682
4.32287
4.26886
4.21563
4.16283
4.05105
3.99926
3.94806
3.89749
3.84747
3.79762
3.6923
3.64414
3.59629
3.54903
3.50259
3.45658
3.36064
3.31745
3.27543
3.23525
3.1362
3.03169
2.82286
2.73275
2.64685
2.56484
2.48645
2.4121
2.26278
2.19807
2.13652
2.07754
2.02121
1.96691
1.85738
1.8094
1.76376
1.71947
1.67689
1.63583
1.55214
1.51536
1.47992
1.44553
1.41297
1.3813
1.31619
1.28716
1.25899
1.23188
1.20563
1.18028
1.12729
1.10364
1.08062
1.05827
1.0365
1.01538
0.971823
0.952382
0.933479
0.915149
0.897286
0.88031
