-2.655
-2.97453
-3.34412
-3.76703
-4.23842
-4.75448
-5.31649
-5.93242
-6.61666
-7.39636
-8.30363
-9.35382
-10.5371
-11.8407
-13.2662
-14.831
-16.571
-18.5532
-20.8688
-23.5788
-26.6714
-30.1169
-33.922
-38.142
-42.8961
-48.3956
-54.9717
-62.9485
-72.5148
-83.8561
-97.4488
-114.204
-135.683
-164.459
-203.121
-249.356
-283.947
-266.732
-168.065
-6.66521
154.45
253.813
272.384
240.069
196.537
159.632
131.691
110.454
93.7941
80.2914
69.1936
60.1179
52.741
46.622
41.3628
36.7161
32.5431
28.7786
25.412
22.4761
19.9718
17.826
15.9372
14.2364
12.6845
11.2648
9.97721
8.8355
7.84777
6.99427
6.23957
5.55608
4.92799
4.34832
3.81886
3.35401
2.47188
1.84457
1.42797
1.13427
-2.65611
-2.97325
-2.97581
-3.34264
-3.34561
-3.76535
-3.7687
-4.23657
-4.24027
-4.75247
-4.75649
-5.31429
-5.31869
-5.93
-5.93484
-6.61393
-6.61939
-7.39323
-7.39949
-8.29997
-8.30729
-9.34964
-9.358
-10.5325
-10.5418
-11.8356
-11.8458
-13.2606
-13.2717
-14.8248
-14.8371
-16.5641
-16.5779
-18.5453
-18.5612
-20.8594
-20.8782
-23.5679
-23.5897
-26.6592
-26.6837
-30.1033
-30.1304
-33.9071
-33.937
-38.1253
-38.1587
-42.877
-42.9151
-48.3733
-48.4179
-54.9447
-54.9988
-62.9158
-62.9812
-72.4759
-72.5537
-83.8099
-83.9024
-97.3927
-97.5049
-114.134
-114.275
-135.591
-135.774
-164.335
-164.583
-202.958
-203.284
-249.185
-249.528
-283.883
-284.01
-266.948
-266.514
-168.577
-167.549
-7.31391
-6.01661
153.918
154.981
253.6
254.025
272.443
272.324
240.23
239.908
196.694
196.382
159.752
159.512
131.781
131.601
110.524
110.384
93.8499
93.7384
80.3372
80.2456
69.2311
69.1561
60.1484
60.0874
52.766
52.716
46.6431
46.601
41.3812
41.3444
36.7326
36.6996
32.5579
32.5283
28.7919
28.7652
25.4238
25.4001
22.4862
22.4659
19.9804
19.9632
17.8335
17.8186
15.9439
15.9306
14.2424
14.2303
12.69
12.6789
11.2699
11.2598
9.98176
9.97266
8.83948
8.83153
7.85119
7.84435
6.99725
6.99129
6.24225
6.2369
5.55853
5.55364
4.93024
4.92573
4.3504
4.34625
3.82074
3.81699
3.3556
3.35242
2.47482
2.46896
1.84643
1.8427
1.42926
1.42668
1.13521
-2.66561
-2.96239
-2.98673
-3.33005
-3.35826
-3.75114
-3.78298
-4.22085
-4.256
-4.7354
-4.77362
-5.29568
-5.33738
-5.9095
-5.95542
-6.59085
-6.64252
-7.36668
-7.4262
-8.26894
-8.33848
-9.31417
-9.39365
-10.493
-10.5814
-11.7924
-11.8892
-13.2134
-13.3192
-14.7726
-14.8895
-16.5057
-16.6366
-18.4777
-18.6292
-20.78
-20.9581
-23.4758
-23.6824
-26.5556
-26.7878
-29.9885
-30.2456
-33.7805
-34.0642
-37.984
-38.3005
-42.7159
-43.0772
-48.184
-48.6084
-54.7158
-55.2295
-62.6389
-63.2601
-72.1462
-72.8856
-83.4183
-84.2972
-96.9177
-97.9832
-113.537
-114.877
-134.816
-136.56
-163.287
-165.641
-201.582
-204.674
-247.718
-250.979
-283.314
-284.458
-268.745
-264.62
-172.874
-163.112
-12.8314
-0.50705
149.433
159.44
251.748
255.777
272.886
271.828
241.591
238.536
198.029
195.063
160.78
158.5
132.553
130.838
111.115
109.793
94.3257
93.2668
80.7279
79.858
69.5509
68.8385
60.4088
59.8291
52.9792
52.5045
46.8226
46.4225
41.538
41.1885
36.8727
36.5599
32.6841
32.4028
28.9055
28.6521
25.5241
25.3
22.5728
22.3798
20.054
19.8902
17.8974
17.7551
16.0007
15.8739
14.2941
14.1789
12.7373
12.6318
11.313
11.2169
10.0205
9.93408
8.87336
8.79784
7.88036
7.81532
7.02264
6.96602
6.26501
6.21423
5.57933
5.5329
4.94944
4.90659
4.36811
4.32861
3.83673
3.80114
3.36916
3.33899
2.49996
2.44425
1.86239
1.82695
1.44032
1.41575
1.14321
-2.69623
-2.74076
-2.78617
-2.83247
-2.87978
-2.92804
-3.02195
-3.07333
-3.12588
-3.17945
-3.23428
-3.29026
-3.399
-3.45825
-3.51857
-3.58
-3.64252
-3.70607
-3.82892
-3.89552
-3.96304
-4.03138
-4.10081
-4.17105
-4.30652
-4.3796
-4.4536
-4.52845
-4.60431
-4.68111
-4.82865
-4.90828
-4.98891
-5.07037
-5.15292
-5.23659
-5.39749
-5.48453
-5.5727
-5.66183
-5.75239
-5.84446
-6.02168
-6.11774
-6.21533
-6.31443
-6.4153
-6.51796
-6.71706
-6.82545
-6.9362
-7.04913
-7.16474
-7.28273
-7.51236
-7.63817
-7.76697
-7.89853
-8.03323
-8.17089
-8.43911
-8.58573
-8.73547
-8.88788
-9.04344
-9.20178
-9.50842
-9.67506
-9.84449
-10.0163
-10.1908
-10.3677
-10.7087
-10.893
-11.0798
-11.2688
-11.4607
-11.6551
-12.0287
-12.2303
-12.4346
-12.6415
-12.8512
-13.0634
-13.4717
-13.6924
-13.9164
-14.1434
-14.3736
-14.6072
-15.0579
-15.3021
-15.5499
-15.8016
-16.0588
-16.3203
-16.826
-17.1019
-17.3831
-17.6697
-17.9633
-18.2636
-18.8483
-19.1683
-19.497
-19.8324
-20.1766
-20.5292
-21.2163
-21.5931
-21.9783
-22.3716
-22.7737
-23.1838
-23.9807
-24.4142
-24.8558
-25.3048
-25.7623
-26.2268
-27.1229
-27.6078
-28.101
-28.6015
-29.109
-29.6238
-30.6163
-31.1527
-31.6972
-32.249
-32.8094
-33.378
-34.4736
-35.0663
-35.6685
-36.2807
-36.9034
-37.5361
-38.7578
-39.4227
-40.0993
-40.7882
-41.4905
-42.2065
-43.5994
-44.3592
-45.1372
-45.9339
-46.749
-47.5856
-49.2264
-50.1288
-51.0544
-52.0057
-52.9847
-53.993
-55.977
-57.0699
-58.1948
-59.3521
-60.5419
-61.7647
-64.1629
-65.4807
-66.8332
-68.2197
-69.6428
-71.1034
-73.9569
-75.5194
-77.1237
-78.767
-80.4535
-82.1817
-85.5734
-87.4354
-89.3489
-91.3181
-93.3417
-95.4219
-99.53
-101.802
-104.148
-106.573
-109.076
-111.667
-116.825
-119.701
-122.689
-125.798
-129.038
-132.39
-139.146
-142.963
-146.937
-151.075
-155.44
-159.992
-169.137
-174.329
-179.723
-185.31
-191.116
-197.22
-209.204
-215.792
-222.502
-229.323
-236.16
-242.968
-255.501
-261.689
-267.473
-272.628
-277.242
-281.141
-285.456
-286.013
-285.411
-283.393
-279.692
-273.948
-258.039
-247.085
-234.19
-219.801
-203.616
-186.018
-148.429
-126.599
-103.51
-79.7538
-55.3737
-30.4538
16.9095
41.673
66.2808
90.0056
112.902
134.924
173.099
191.258
206.982
221.304
234.141
245.352
260.899
266.773
270.585
273.095
274.154
273.903
269.841
266.387
262.057
257.119
251.739
245.855
234.134
227.741
221.366
214.89
208.527
202.322
190.911
185.171
179.603
174.251
169.086
164.123
155.316
150.913
146.706
142.654
138.778
135.062
128.434
125.11
121.923
118.861
115.903
113.046
107.941
105.367
102.872
100.462
98.128
95.8674
91.7784
89.7038
87.6908
85.7375
83.8362
81.9897
78.6371
76.935
75.2785
73.6687
72.1057
70.5872
67.836
66.4368
65.0815
63.7671
62.4917
61.2541
59.0163
57.8824
56.7835
55.7152
54.6779
53.6693
51.8371
50.9046
49.9971
49.1121
48.2476
47.4026
45.8573
45.064
44.2872
43.5261
42.778
42.0436
40.6944
39.998
39.3125
38.6384
37.9758
37.3229
36.1177
35.494
34.8796
34.275
33.6781
33.0899
32.0043
31.4412
30.8856
30.3388
29.8011
29.2712
28.2931
27.7865
27.2889
26.7997
26.319
25.8477
24.983
24.5378
24.1018
23.6758
23.2592
22.8519
22.1078
21.7268
21.3551
20.9928
20.6382
20.2917
19.6592
19.3349
19.0171
18.7062
18.4014
18.1028
17.5539
17.27
16.9914
16.718
16.4487
16.1836
15.6943
15.4404
15.19
14.9434
14.7
14.46
14.0155
13.7841
13.5557
13.3308
13.1086
12.889
12.4823
12.2708
12.062
11.8561
11.6525
11.4516
11.0807
10.888
10.698
10.511
10.3268
10.1455
9.81195
9.63965
9.47032
9.3045
9.14192
8.98274
8.6913
8.54137
8.39468
8.25161
8.11139
7.97443
7.7235
7.59461
7.46841
7.34476
7.2234
7.10444
6.88586
6.77286
6.66149
6.55222
6.44442
6.33822
6.1422
6.04032
5.93991
5.84091
5.74296
5.64619
5.46701
5.37365
5.28134
5.19029
5.10016
5.0111
4.8458
4.75965
4.67449
4.59041
4.50723
4.42499
4.27264
4.19356
4.11554
4.03861
3.96278
3.88815
3.75092
3.68018
3.61101
3.54344
3.47739
3.41307
3.29668
3.15618
2.99524
2.84667
2.70962
2.58308
2.36782
2.26501
2.16871
2.07876
1.99394
1.9145
1.77777
1.71043
1.6467
1.58665
1.53012
1.47628
1.38157
1.33459
1.28988
1.24749
1.20732
1.16924
