-2.24072
-2.45697
-2.69351
-2.95803
-3.25812
-3.59669
-3.96997
-4.37395
-4.80715
-5.27103
-5.76935
-6.30971
-6.9053
-7.57608
-8.34303
-9.21181
-10.1726
-11.2153
-12.3364
-13.5405
-14.8385
-16.2524
-17.8196
-19.5972
-21.6411
-23.969
-26.5547
-29.3754
-32.43
-35.7412
-39.3553
-43.3538
-47.8796
-53.1353
-59.3522
-66.6545
-75.1042
-84.8445
-96.1791
-109.672
-126.204
-147.171
-174.692
-210.868
-254.959
-296.96
-311.791
-269.395
-160.288
-6.92333
146.599
256.212
298.868
285.798
246.11
204.324
169.807
143.128
122.466
106.033
92.5506
81.2453
71.6565
63.5422
56.7596
51.069
46.1723
41.8422
37.9323
34.3561
31.064
28.0357
25.2792
22.8207
20.6745
18.807
17.1475
15.6408
14.2515
12.9609
11.7578
10.6406
9.61523
8.69401
7.88273
7.16894
6.52799
5.94058
5.39443
4.88283
4.40279
3.95499
3.54589
3.05515
2.3164
1.82628
1.47715
1.21776
1.01641
0.857364
-2.24166
-2.45595
-2.45798
-2.69239
-2.69464
-2.95676
-2.95931
-3.25668
-3.25957
-3.59507
-3.5983
-3.9682
-3.97173
-4.37205
-4.37584
-4.80512
-4.80918
-5.26885
-5.2732
-5.767
-5.77169
-6.30716
-6.31226
-6.90245
-6.90815
-7.57284
-7.57932
-8.33933
-8.34674
-9.20766
-9.21596
-10.1681
-10.1771
-11.2104
-11.2202
-12.3311
-12.3416
-13.5348
-13.5461
-14.8324
-14.8446
-16.2457
-16.2591
-17.8121
-17.8272
-19.5885
-19.6058
-21.6312
-21.651
-23.9579
-23.9802
-26.5425
-26.567
-29.3622
-29.3887
-32.4156
-32.4444
-35.7256
-35.7568
-39.3381
-39.3724
-43.3347
-43.373
-47.8576
-47.9015
-53.1096
-53.1609
-59.3217
-59.3827
-66.6189
-66.6901
-75.0632
-75.1452
-84.7971
-84.8919
-96.1234
-96.2348
-109.605
-109.739
-126.121
-126.288
-147.063
-147.278
-174.549
-174.835
-210.682
-211.05
-254.749
-255.168
-296.807
-297.112
-311.84
-311.741
-269.741
-269.047
-160.909
-159.667
-7.65368
-6.19271
145.978
147.219
255.856
256.566
298.818
298.915
285.933
285.662
246.307
245.913
204.498
204.15
169.944
169.671
143.234
143.023
122.549
122.383
106.1
105.966
92.6063
92.4951
81.2923
81.1983
71.6965
71.6166
63.5759
63.5086
56.7876
56.7316
51.0927
51.0453
46.1931
46.1516
41.8607
41.8236
37.9492
37.9153
34.3716
34.3405
31.0783
31.0497
28.0488
28.0226
25.2911
25.2674
22.8311
22.8103
20.6835
20.6655
18.8149
18.7991
17.1546
17.1404
15.6474
15.6343
14.2576
14.2454
12.9665
12.9553
11.763
11.7525
10.6454
10.6357
9.61965
9.61082
8.69793
8.69009
7.88616
7.87931
7.17199
7.16589
6.53075
6.52522
5.94314
5.93802
5.39682
5.39204
4.88508
4.88059
4.40489
4.40069
3.95694
3.95305
3.54764
3.54415
3.05934
3.05097
2.31907
2.31372
1.82812
1.82445
1.47851
1.47582
1.21877
1.21674
1.01723
1.0156
0.857996
-2.24897
-2.44807
-2.4659
-2.68368
-2.7034
-2.94694
-2.96921
-3.24552
-3.2708
-3.58259
-3.61084
-3.95458
-3.9854
-4.35739
-4.39055
-4.78943
-4.82492
-5.25204
-5.29007
-5.74886
-5.7899
-6.2874
-6.3321
-6.88041
-6.9303
-7.54778
-7.60454
-8.3107
-8.37553
-9.17557
-9.24819
-10.133
-10.2124
-11.1725
-11.2582
-12.2904
-12.3824
-13.4911
-13.59
-14.785
-14.8921
-16.1939
-16.3112
-17.7541
-17.8856
-19.5219
-19.6728
-21.5548
-21.7279
-23.8717
-24.0667
-26.4478
-26.662
-29.2594
-29.4919
-32.3043
-32.556
-35.6048
-35.878
-39.2054
-39.5053
-43.1869
-43.5217
-47.688
-48.0721
-52.9112
-53.3623
-59.0862
-59.6196
-66.344
-66.9668
-74.7463
-75.4644
-84.4311
-85.2603
-95.693
-96.6683
-109.087
-110.262
-125.475
-126.938
-146.236
-148.115
-173.451
-175.949
-209.253
-212.455
-253.131
-256.79
-295.605
-298.277
-312.173
-311.326
-272.375
-266.306
-165.693
-154.844
-13.283
-0.5216
141.143
152
253.05
259.245
298.39
299.236
286.976
284.583
247.855
244.388
205.853
202.809
171.013
168.614
144.054
142.213
123.193
121.746
106.619
105.449
93.039
92.0662
81.658
80.8352
72.007
71.3082
63.8379
63.2488
57.0056
56.5154
51.2774
50.8619
46.3545
45.9914
42.0048
41.6802
38.0805
37.7847
34.4921
34.2202
31.1893
30.9391
28.1506
27.9212
25.3829
25.176
22.912
22.7299
20.7537
20.5958
18.8764
18.7378
17.21
17.0852
15.6981
15.5838
14.3045
14.1985
13.0103
12.9116
11.8038
11.7119
10.6831
10.5983
9.65393
9.57669
8.72838
8.65982
7.9128
7.85283
7.19567
7.14233
6.55226
6.50379
5.96299
5.91822
5.41539
5.37352
4.90247
4.86324
4.42119
4.38442
3.97205
3.938
3.56123
3.53064
3.09215
3.01885
2.33986
2.29316
1.84243
1.81032
1.48911
1.46581
1.22672
1.20891
1.02357
1.00932
0.862907
-2.27057
-2.30076
-2.33125
-2.36211
-2.39332
-2.42499
-2.48931
-2.52216
-2.55542
-2.58923
-2.62345
-2.65824
-2.72936
-2.76581
-2.80294
-2.84071
-2.87909
-2.91825
-2.99853
-3.03983
-3.08194
-3.12484
-3.16854
-3.21297
-3.30411
-3.3509
-3.3986
-3.44704
-3.49628
-3.54613
-3.64797
-3.69997
-3.75272
-3.80609
-3.8601
-3.91471
-4.02584
-4.0823
-4.13948
-4.19726
-4.25563
-4.3145
-4.434
-4.49468
-4.556
-4.61793
-4.68045
-4.74349
-4.87144
-4.93635
-5.00199
-5.06833
-5.1352
-5.20282
-5.33992
-5.40951
-5.47992
-5.55108
-5.62295
-5.69574
-5.84369
-5.9189
-5.99512
-6.0723
-6.15035
-6.22965
-6.39089
-6.47335
-6.55718
-6.64213
-6.72836
-6.81616
-6.99594
-7.08815
-7.18213
-7.2778
-7.37536
-7.4748
-7.67932
-7.78469
-7.89218
-8.00183
-8.11342
-8.22724
-8.46082
-8.58065
-8.7029
-8.82734
-8.95352
-9.08182
-9.34369
-9.47743
-9.61311
-9.75049
-9.88938
-10.0302
-10.3167
-10.4624
-10.6099
-10.759
-10.9094
-11.0617
-11.3705
-11.5276
-11.686
-11.8463
-12.0079
-12.1714
-12.503
-12.6713
-12.8416
-13.0139
-13.1875
-13.3632
-13.7196
-13.9005
-14.0838
-14.2694
-14.4567
-14.6465
-15.0326
-15.2291
-15.4282
-15.6301
-15.8347
-16.0425
-16.4654
-16.682
-16.9024
-17.126
-17.3532
-17.5848
-18.059
-18.3027
-18.5515
-18.8053
-19.0639
-19.328
-19.872
-20.1521
-20.4384
-20.7305
-21.0283
-21.3321
-21.9562
-22.2774
-22.6049
-22.938
-23.277
-23.6202
-24.3232
-24.6827
-25.0474
-25.4169
-25.791
-26.1708
-26.9433
-27.3366
-27.7355
-28.1386
-28.5464
-28.9587
-29.797
-30.2237
-30.6551
-31.0915
-31.5326
-31.979
-32.886
-33.3478
-33.8154
-34.2886
-34.7672
-35.2515
-36.237
-36.7392
-37.248
-37.7638
-38.2868
-38.8177
-39.8995
-40.4531
-41.015
-41.5857
-42.1659
-42.7558
-43.9631
-44.586
-45.2185
-45.8632
-46.522
-47.194
-48.5792
-49.2955
-50.0268
-50.7771
-51.5455
-52.3313
-53.9621
-54.8068
-55.6729
-56.5604
-57.4691
-58.4006
-60.3245
-61.3217
-62.3441
-63.3876
-64.4548
-65.5438
-67.7899
-68.949
-70.1315
-71.337
-72.5678
-73.8238
-76.4119
-77.7469
-79.1085
-80.4979
-81.9164
-83.3657
-86.3547
-87.9003
-89.4798
-91.0962
-92.7506
-94.4439
-97.9556
-99.7794
-101.658
-103.58
-105.554
-107.586
-111.821
-114.032
-116.31
-118.664
-121.09
-123.602
-128.883
-131.658
-134.538
-137.529
-140.639
-143.847
-150.636
-154.273
-158.039
-161.953
-166.034
-170.278
-179.279
-184.069
-189.026
-194.177
-199.565
-205.122
-216.753
-222.839
-229.111
-235.475
-241.912
-248.39
-261.567
-268.025
-274.426
-280.669
-286.45
-291.927
-301.402
-305.32
-308.467
-310.905
-312.357
-312.693
-309.652
-306.335
-301.656
-295.72
-288.442
-279.68
-257.758
-244.729
-230.21
-214.534
-197.537
-179.49
-140.29
-119.368
-97.7918
-75.5451
-52.796
-29.9207
16.2039
39.1621
61.7897
84.0334
105.854
126.702
165.859
184.091
201.134
216.698
231.093
244.329
266.45
275.071
282.506
288.713
293.348
296.674
299.864
299.682
298.595
296.604
293.678
290.007
281.205
275.931
270.198
264.391
258.516
252.385
239.931
233.782
227.695
221.669
215.729
209.928
198.89
193.601
188.507
183.548
178.806
174.222
165.562
161.453
157.507
153.711
150.029
146.516
139.861
136.708
133.663
130.713
127.867
125.118
119.9
117.405
114.991
112.65
110.377
108.17
103.943
101.912
99.9397
98.0219
96.151
94.3267
90.8185
89.1256
87.4747
85.8622
84.286
82.7473
79.78
78.3466
76.9438
75.5738
74.2364
72.9304
70.4115
69.1936
68.0051
66.8472
65.7177
64.617
62.4951
61.4759
60.4844
59.5185
58.5732
57.6538
55.8883
55.0365
54.2063
53.3951
52.6017
51.8261
50.3281
49.601
48.8876
48.1897
47.5052
46.8328
45.5242
44.8859
44.2581
43.6397
43.031
42.4315
41.2615
40.6876
40.122
39.5633
39.0125
38.4686
37.403
36.8799
36.3628
35.852
35.3471
34.8482
33.8689
33.3871
32.9112
32.4412
31.9765
31.5173
30.6158
30.1724
29.7344
29.3018
28.8742
28.4519
27.6256
27.2201
26.82
26.4256
26.0371
25.6552
24.9092
24.5448
24.1872
23.8355
23.4903
23.1524
22.4957
22.1772
21.8639
21.5573
21.2562
20.9623
20.3928
20.1157
19.8447
19.5778
19.3158
19.0591
18.5589
18.3143
18.0738
17.837
17.6038
17.3742
16.9241
16.7034
16.486
16.2706
16.0578
15.8481
15.436
15.2331
15.0328
14.8343
14.6376
14.4435
14.0615
13.8733
13.6872
13.5028
13.3202
13.1397
12.7839
12.6082
12.4346
12.2627
12.0926
11.9243
11.5929
11.4296
11.2685
11.1088
10.951
10.7947
10.4885
10.3379
10.1893
10.0426
9.89799
9.75556
9.47704
9.34077
9.20697
9.07522
8.94574
8.81877
8.57156
8.45117
8.33327
8.2173
8.10336
7.99193
7.77559
7.67009
7.56645
7.4645
7.36429
7.26585
7.07351
6.97925
6.88661
6.79509
6.70482
6.61587
6.44118
6.35533
6.2706
6.18667
6.10365
6.02166
5.86028
5.78068
5.70196
5.62391
5.54661
5.47019
5.31938
5.24487
5.17117
5.09802
5.02555
4.95385
4.81242
4.74251
4.67334
4.60469
4.53665
4.46938
4.33684
4.27155
4.20682
4.14278
4.07934
4.01678
3.89397
3.83375
3.77431
3.71576
3.65803
3.60151
3.49123
3.43776
3.38547
3.33456
3.28469
3.19182
2.92782
2.80888
2.6973
2.59278
2.49492
2.40283
2.23456
2.15713
2.08364
2.01421
1.94831
1.88556
1.76957
1.71515
1.66334
1.61397
1.56707
1.521
1.4366
1.39671
1.35809
1.32083
1.285
1.2506
1.1864
1.15597
1.1262
1.09733
1.06945
1.04249
0.991144
0.966694
0.943091
0.92026
0.898273
0.877472
