-1.77439
-1.98971
-2.22254
-2.47701
-2.76052
-3.08405
-3.45671
-3.87828
-4.34376
-4.85079
-5.40161
-6.00415
-6.6726
-7.4325
-8.31278
-9.32667
-10.4652
-11.7164
-13.0807
-14.5718
-16.2198
-18.0786
-20.2306
-22.7424
-25.6202
-28.8338
-32.3757
-36.278
-40.6243
-45.5593
-51.3374
-58.2732
-66.6103
-76.4858
-88.1451
-102.129
-119.438
-141.719
-171.429
-210.606
-255.395
-285.165
-262.648
-163.376
-6.66521
149.694
249.814
273.67
245.753
203.647
166.31
137.563
115.645
98.4544
84.5392
73.0461
63.5564
55.7875
49.3757
43.9292
39.1524
34.877
31.0112
27.5163
24.4021
21.6978
19.3845
17.379
15.5968
13.9805
12.4996
11.1415
9.90696
8.80971
7.85633
7.02863
6.29458
5.62853
5.01532
4.44785
3.92614
3.46069
2.70624
2.01098
1.55441
1.23395
0.998506
0.819035
0.671521
0.549479
-1.77519
-1.98884
-1.99057
-2.2216
-2.22348
-2.47598
-2.47804
-2.75935
-2.76169
-3.08271
-3.08539
-3.45517
-3.45825
-3.87656
-3.88
-4.34188
-4.34565
-4.84874
-4.85283
-5.39938
-5.40383
-6.0017
-6.0066
-6.66986
-6.67534
-7.42935
-7.43566
-8.30912
-8.31645
-9.3225
-9.33084
-10.4606
-10.4698
-11.7113
-11.7214
-13.0752
-13.0862
-14.5657
-14.5778
-16.2131
-16.2266
-18.0708
-18.0863
-20.2216
-20.2396
-22.7319
-22.7528
-25.6084
-25.632
-28.8207
-28.8468
-32.3613
-32.3901
-36.2621
-36.2939
-40.6064
-40.6421
-45.5388
-45.5798
-51.3131
-51.3618
-58.2438
-58.3026
-66.5752
-66.6454
-76.4443
-76.5272
-88.096
-88.1944
-102.07
-102.189
-119.363
-119.513
-141.621
-141.818
-171.296
-171.562
-210.437
-210.774
-255.236
-255.555
-285.131
-285.199
-262.884
-262.411
-163.902
-162.849
-7.31391
-6.01661
149.171
150.216
249.581
250.046
273.711
273.628
245.906
245.599
203.807
203.488
166.438
166.183
137.659
137.466
115.718
115.571
98.5138
98.3949
84.588
84.4905
73.0865
73.0057
63.5896
63.5232
55.8146
55.7604
49.3984
49.353
43.9488
43.9096
39.1698
39.1349
34.8927
34.8613
31.0255
30.997
27.5291
27.5035
24.4134
24.3908
21.7075
21.6882
19.3928
19.3762
17.3863
17.3717
15.6034
15.5903
13.9865
13.9745
12.5051
12.4941
11.1465
11.1365
9.91147
9.90245
8.81367
8.80575
7.85976
7.8529
7.03163
7.02564
6.29727
6.29188
5.63099
5.62606
5.01761
5.01304
4.44996
4.44574
3.92806
3.92422
3.46236
3.45903
2.70962
2.70286
2.01312
2.00883
1.55586
1.55296
1.235
1.23291
0.999305
0.997707
0.81965
0.81842
0.672048
0.670994
0.54991
-1.78182
-1.98172
-1.99772
-2.21387
-2.23124
-2.46746
-2.4866
-2.74975
-2.77135
-3.07166
-3.0965
-3.44251
-3.47098
-3.8624
-3.89422
-4.32638
-4.36118
-4.83191
-4.86971
-5.38104
-5.42225
-5.98155
-6.02684
-6.6473
-6.69802
-7.40341
-7.46176
-8.27896
-8.34677
-9.28817
-9.36533
-10.4225
-10.5081
-11.6697
-11.7632
-13.0299
-13.1317
-14.516
-14.6278
-16.1576
-16.2823
-18.0074
-18.15
-20.1475
-20.3141
-22.646
-22.8392
-25.5112
-25.7297
-28.7131
-28.9548
-32.243
-32.5088
-36.1313
-36.4254
-40.4597
-40.7898
-45.3701
-45.7495
-51.1128
-51.5636
-58.0017
-58.5465
-66.2864
-66.9361
-76.1035
-76.8699
-87.6915
-88.6001
-101.579
-102.684
-118.745
-120.135
-140.81
-142.638
-170.202
-172.668
-209.05
-212.167
-253.884
-256.876
-284.821
-285.445
-264.791
-260.412
-168.193
-158.454
-12.669
-0.66901
144.825
154.583
247.618
251.914
273.897
273.271
247.177
244.326
205.122
202.177
167.498
165.138
138.461
136.675
116.33
114.956
99.0061
97.9063
84.992
84.0898
73.4208
72.674
63.8644
63.2504
56.0398
55.5369
49.5861
49.1665
44.1111
43.7483
39.314
38.9914
35.0226
34.7323
31.1433
30.8797
27.6349
27.3982
24.5066
24.2981
21.7875
21.6088
19.4613
19.3081
17.4466
17.3117
15.6575
15.5364
14.0359
13.9252
12.5504
12.4489
11.1879
11.0952
9.94881
9.8653
8.84644
8.77316
7.8881
7.82472
7.05641
7.00098
6.31954
6.2697
5.65139
5.60573
5.03642
4.99424
4.4674
4.42836
3.94396
3.9084
3.47613
3.44531
2.73781
2.67529
2.03095
1.9913
1.56792
1.54111
1.24368
1.22436
1.00593
0.991151
0.824742
0.813356
0.676416
0.666663
0.55347
-1.80301
-1.83355
-1.86443
-1.89566
-1.92722
-1.95916
-2.02058
-2.05355
-2.08691
-2.12069
-2.15487
-2.18943
-2.25609
-2.29199
-2.32834
-2.36516
-2.40251
-2.44049
-2.514
-2.55366
-2.59401
-2.63505
-2.67684
-2.71945
-2.80234
-2.84741
-2.89335
-2.94019
-2.98802
-3.03685
-3.13224
-3.18414
-3.23714
-3.29121
-3.34635
-3.40255
-3.51176
-3.57098
-3.63118
-3.69233
-3.75448
-3.81761
-3.93973
-4.00547
-4.07211
-4.13958
-4.20792
-4.27735
-4.41091
-4.48272
-4.55539
-4.62892
-4.70334
-4.77866
-4.92377
-5.00176
-5.08062
-5.16041
-5.24125
-5.32308
-5.48114
-5.5662
-5.65224
-5.73948
-5.82811
-5.91793
-6.09163
-6.1854
-6.28063
-6.37749
-6.47582
-6.57601
-6.7708
-6.87646
-6.98439
-7.09444
-7.20699
-7.32167
-7.54551
-7.66776
-7.7927
-7.92037
-8.05077
-8.18398
-8.44416
-8.58573
-8.73022
-8.87738
-9.02731
-9.17979
-9.47593
-9.63622
-9.79908
-9.96447
-10.1322
-10.3021
-10.6305
-10.8072
-10.9865
-11.1679
-11.3517
-11.538
-11.8969
-12.09
-12.2853
-12.4832
-12.6836
-12.8865
-13.2773
-13.4877
-13.701
-13.9173
-14.1366
-14.3587
-14.788
-15.0196
-15.2546
-15.4931
-15.7353
-15.9821
-16.4611
-16.72
-16.9841
-17.2533
-17.5275
-17.8075
-18.3552
-18.6533
-18.9573
-19.2689
-19.5884
-19.9144
-20.5535
-20.9016
-21.258
-21.6225
-21.9948
-22.3752
-23.1163
-23.5191
-23.9294
-24.3467
-24.7716
-25.204
-26.0424
-26.4948
-26.954
-27.4199
-27.8921
-28.373
-29.3003
-29.8001
-30.3067
-30.8203
-31.3409
-31.8691
-32.8894
-33.4395
-33.9968
-34.562
-35.1357
-35.718
-36.8469
-37.4568
-38.0754
-38.7042
-39.3449
-39.9969
-41.2631
-41.9498
-42.6498
-43.3648
-44.0929
-44.838
-46.2955
-47.0909
-47.9073
-48.7435
-49.6033
-50.4832
-52.213
-53.1648
-54.1428
-55.1478
-56.1809
-57.2418
-59.332
-60.4798
-61.6585
-62.8668
-64.107
-65.3776
-67.8714
-69.2361
-70.6353
-72.0688
-73.5344
-75.0328
-77.9721
-79.5797
-81.2272
-82.9148
-84.6473
-86.4234
-89.9091
-91.8272
-93.7919
-95.8121
-97.8987
-100.04
-104.281
-106.626
-109.043
-111.542
-114.134
-116.813
-122.153
-125.134
-128.233
-131.442
-134.771
-138.264
-145.299
-149.227
-153.333
-157.642
-162.125
-166.785
-176.247
-181.528
-186.976
-192.667
-198.634
-204.674
-216.656
-223.142
-229.73
-236.336
-242.909
-249.442
-261.073
-266.721
-271.766
-276.349
-280.27
-283.384
-285.959
-285.78
-284.341
-281.619
-276.905
-270.364
-253.463
-242.231
-229.172
-214.605
-198.568
-181.204
-144.107
-122.829
-100.367
-77.3853
-53.7686
-29.706
16.1678
40.0763
63.893
86.8913
109.133
130.627
168.08
186.124
201.989
216.286
229.216
240.766
257.344
263.918
268.682
271.722
273.663
274.173
271.887
269.105
265.535
261.262
256.393
251.153
240.149
234.079
227.907
221.758
215.498
209.332
198.029
192.222
186.628
181.206
175.978
170.922
161.878
157.373
153.042
148.884
144.893
141.058
134.208
130.793
127.493
124.318
121.269
118.335
113.034
110.384
107.818
105.334
102.924
100.594
96.3752
94.2415
92.1684
90.152
88.1949
86.2932
82.8316
81.074
79.36
77.6965
76.0762
74.4984
71.632
70.1777
68.7641
67.3868
66.0489
64.7503
62.3949
61.2017
60.0417
58.9175
57.825
56.765
54.8362
53.8577
52.9038
51.9752
51.0708
50.1899
48.5791
47.7558
46.9499
46.1611
45.3888
44.632
43.2389
42.5209
41.8163
41.1245
40.445
39.7762
38.5381
37.8997
37.2701
36.6502
36.0395
35.4383
34.3241
33.7469
33.1777
32.6172
32.0652
31.5205
30.5091
29.9869
29.4728
28.9658
28.4666
27.9747
27.0653
26.5964
26.1359
25.6843
25.2413
24.806
24.006
23.5964
23.1957
22.8038
22.4203
22.0449
21.3585
21.008
20.6653
20.3301
20.002
19.6816
19.0931
18.7908
18.4949
18.2047
17.9199
17.64
17.1222
16.856
16.5936
16.3356
16.0812
15.8308
15.3659
15.1252
14.8877
14.6534
14.4223
14.194
13.7694
13.549
13.3316
13.1171
12.9051
12.6956
12.306
12.104
11.9044
11.7073
11.5126
11.3206
10.9646
10.7801
10.5981
10.4189
10.2424
10.0686
9.74787
9.58261
9.42018
9.26084
9.10465
8.95177
8.6705
8.52611
8.3848
8.24669
8.11139
7.97915
7.73577
7.61103
7.48887
7.36895
7.25128
7.13591
6.92309
6.81337
6.70526
6.59891
6.49415
6.39091
6.19958
6.10044
6.00268
5.90623
5.81091
5.7167
5.54144
5.45047
5.36053
5.27155
5.18364
5.0967
4.93476
4.8506
4.76737
4.68507
4.60367
4.52323
4.37332
4.29557
4.21889
4.14326
4.06851
3.99482
3.85844
3.78817
3.71914
3.65149
3.58532
3.52055
3.40224
3.34214
3.28384
3.1262
2.97285
2.83076
2.59048
2.47628
2.3696
2.27015
2.17676
2.08927
1.93712
1.86428
1.79505
1.72913
1.66657
1.60736
1.50386
1.45345
1.40493
1.3585
1.31417
1.27196
1.19784
1.16136
1.12588
1.09174
1.05894
1.02736
0.970651
0.942313
0.915091
0.889069
0.864846
0.841092
0.797397
0.774992
0.75311
0.731757
0.710933
0.690509
0.65308
0.634195
0.615921
0.598335
0.581366
0.564889
