-2.12375
-2.35789
-2.61489
-2.90399
-3.23657
-3.61773
-4.04268
-4.50608
-5.00679
-5.54813
-6.13829
-6.79255
-7.53731
-8.40255
-9.39623
-10.5038
-11.7128
-13.0232
-14.4457
-16.0065
-17.7522
-19.7621
-22.1126
-24.8194
-27.8408
-31.1569
-34.7844
-38.776
-43.2393
-48.366
-54.4532
-61.7999
-70.5598
-80.8414
-92.9693
-107.621
-125.954
-149.904
-182.512
-226.374
-277.287
-311.544
-286.591
-177.388
-6.92333
163.731
273.214
299.052
267.025
219.085
177.323
145.803
122.218
103.978
89.3445
77.2834
67.2579
59.0159
52.2772
46.6319
41.731
37.362
33.4042
29.7994
26.5286
23.6195
21.1055
18.9583
17.0834
15.4008
13.8623
12.4439
11.1354
9.93852
8.86861
7.93783
7.13248
6.41812
5.76853
5.16815
4.60967
4.09113
3.61833
3.11037
2.2768
1.74958
1.38699
1.12221
0.919763
0.76338
-2.12465
-2.35691
-2.35887
-2.6138
-2.61598
-2.90275
-2.90523
-3.23514
-3.238
-3.61611
-3.61935
-4.0409
-4.04447
-4.50415
-4.50802
-5.0047
-5.00888
-5.54587
-5.55039
-6.13581
-6.14078
-6.78976
-6.79534
-7.5341
-7.54053
-8.39882
-8.40629
-9.392
-9.40047
-10.4991
-10.5084
-11.7077
-11.7178
-13.0177
-13.0287
-14.4397
-14.4516
-15.9999
-16.0131
-17.7447
-17.7597
-19.7534
-19.7708
-22.1025
-22.1228
-24.8079
-24.831
-27.8281
-27.8536
-31.143
-31.1708
-34.7691
-34.7996
-38.7591
-38.7929
-43.2202
-43.2583
-48.3437
-48.3883
-54.4264
-54.48
-61.7675
-61.8323
-70.5217
-70.5979
-80.7968
-80.8861
-92.9162
-93.0225
-107.556
-107.686
-125.87
-126.037
-149.793
-150.016
-182.359
-182.665
-226.175
-226.573
-277.089
-277.485
-311.489
-311.598
-286.846
-286.334
-177.984
-176.791
-7.65368
-6.19271
163.128
164.333
272.947
273.479
299.089
299.014
267.209
266.84
219.273
218.897
177.469
177.177
145.911
145.694
122.301
122.136
104.043
103.913
89.3976
89.2914
77.3276
77.2392
67.2944
67.2213
59.0458
58.986
52.3019
52.2526
46.6529
46.6109
41.7495
41.7125
37.3786
37.3453
33.4193
33.389
29.8132
29.7856
26.5411
26.5162
23.6304
23.6086
21.1148
21.0961
18.9663
18.9503
17.0905
17.0763
15.4073
15.3944
13.8683
13.8564
12.4494
12.4384
11.1405
11.1304
9.94308
9.93396
8.87263
8.8646
7.9413
7.93438
7.13551
7.12945
6.42084
6.41539
5.77104
5.76603
5.17048
5.16583
4.61183
4.60751
4.09313
4.08913
3.62011
3.61654
3.11468
3.10607
2.27939
2.27421
1.75131
1.74785
1.38823
1.38576
1.12314
1.12129
0.920473
0.919055
0.763961
-2.13211
-2.34883
-2.36698
-2.60484
-2.62498
-2.89253
-2.91551
-3.22336
-3.24983
-3.60275
-3.63278
-4.02619
-4.05923
-4.48821
-4.524
-4.9875
-5.02616
-5.52724
-5.56911
-6.11535
-6.16131
-6.76682
-6.8184
-7.50764
-7.56717
-8.36809
-8.43716
-9.35716
-9.43549
-10.4608
-10.5469
-11.6661
-11.7596
-12.9726
-13.0739
-14.3905
-14.501
-15.9456
-16.0676
-17.6833
-17.8215
-19.6815
-19.843
-22.0188
-22.2071
-24.7131
-24.9262
-27.7233
-27.9588
-31.0285
-31.2858
-34.6436
-34.9256
-38.6197
-38.9328
-43.0634
-43.416
-48.1605
-48.5727
-54.2062
-54.702
-61.5019
-62.1004
-70.2087
-70.9128
-80.4295
-81.2559
-92.4797
-93.4625
-107.02
-108.227
-125.184
-126.728
-148.879
-150.941
-181.105
-183.934
-224.537
-228.219
-275.442
-279.108
-310.998
-311.986
-288.981
-284.171
-182.83
-171.802
-13.6444
-0.15518
158.12
169.267
270.684
275.609
299.366
298.667
268.725
265.318
220.827
217.347
178.677
175.979
146.812
144.803
122.984
121.459
104.585
103.377
89.8376
88.8546
77.6932
76.8762
67.597
66.9211
59.293
58.74
52.5056
52.0504
46.8267
46.438
41.9025
41.5604
37.5163
37.2082
33.5447
33.2641
29.9273
29.6719
26.644
26.4137
23.7206
23.519
21.1919
21.0196
19.0326
18.8844
17.1493
17.0179
15.4605
15.3413
13.9172
13.8076
12.4946
12.3933
11.1821
11.0889
9.98082
9.8964
8.90586
8.83149
7.96995
7.90592
7.16057
7.10451
6.44337
6.39296
5.79172
5.74541
5.18968
5.14668
4.62971
4.58968
4.10966
4.07266
3.63485
3.60187
3.15059
3.07092
2.3011
2.25305
1.7657
1.73365
1.39845
1.37563
1.1308
1.1137
0.926357
0.913239
0.768765
-2.15524
-2.18817
-2.22155
-2.25531
-2.28944
-2.32408
-2.39217
-2.42817
-2.46467
-2.50163
-2.53918
-2.57742
-2.65298
-2.69306
-2.73395
-2.77556
-2.81805
-2.8613
-2.9475
-2.99342
-3.04043
-3.08834
-3.13727
-3.18731
-3.28674
-3.33978
-3.39381
-3.44882
-3.50485
-3.56182
-3.67451
-3.73412
-3.79464
-3.85588
-3.91811
-3.98107
-4.10503
-4.1703
-4.23644
-4.30326
-4.37082
-4.43926
-4.57358
-4.64428
-4.71564
-4.78781
-4.86081
-4.9347
-5.07973
-5.156
-5.23322
-5.31123
-5.39027
-5.47007
-5.62719
-5.71001
-5.79413
-5.87908
-5.96523
-6.05267
-6.22524
-6.31648
-6.40909
-6.50336
-6.59909
-6.6966
-6.89021
-6.99319
-7.09833
-7.20541
-7.31497
-7.42691
-7.65009
-7.76956
-7.89166
-8.01639
-8.14384
-8.27414
-8.5333
-8.67136
-8.81249
-8.95594
-9.10189
-9.25048
-9.54419
-9.69945
-9.85707
-10.0168
-10.1787
-10.3431
-10.6663
-10.8365
-11.009
-11.1833
-11.3596
-11.5383
-11.8892
-12.0736
-12.2606
-12.4495
-12.6405
-12.8341
-13.2144
-13.4144
-13.6172
-13.8221
-14.0293
-14.2399
-14.6541
-14.8728
-15.0946
-15.3192
-15.547
-15.779
-16.237
-16.4793
-16.7268
-16.9781
-17.2342
-17.4953
-18.0143
-18.291
-18.5742
-18.8635
-19.1594
-19.4625
-20.0681
-20.3923
-20.7235
-21.0627
-21.4088
-21.7632
-22.4695
-22.8456
-23.2301
-23.6202
-24.0175
-24.4224
-25.2222
-25.6452
-26.0753
-26.5113
-26.9532
-27.4019
-28.2855
-28.7515
-29.2235
-29.7019
-30.1863
-30.6768
-31.6429
-32.1523
-32.6685
-33.1913
-33.7211
-34.2585
-35.3172
-35.8761
-36.4428
-37.0177
-37.6011
-38.1938
-39.3674
-39.9881
-40.6197
-41.2623
-41.9165
-42.5839
-43.9081
-44.6158
-45.3365
-46.074
-46.8287
-47.6016
-49.1487
-49.978
-50.8314
-51.7076
-52.6077
-53.5332
-55.3963
-56.3996
-57.4303
-58.4901
-59.5775
-60.6925
-62.936
-64.14
-65.3726
-66.6353
-67.9297
-69.2525
-71.8958
-73.3104
-74.7581
-76.2406
-77.7575
-79.3084
-82.41
-84.0728
-85.7765
-87.522
-89.3115
-91.148
-94.8384
-96.8295
-98.8736
-100.983
-103.155
-105.391
-109.921
-112.38
-114.919
-117.549
-120.275
-123.104
-128.897
-132.062
-135.362
-138.808
-142.402
-146.134
-153.875
-158.151
-162.619
-167.305
-172.204
-177.339
-187.919
-193.733
-199.855
-206.199
-212.753
-219.57
-233.334
-240.648
-247.992
-255.473
-262.988
-270.284
-283.932
-290.275
-296.119
-301.266
-305.684
-309.115
-312.639
-312.332
-310.418
-306.898
-301.714
-294.878
-276.454
-264.172
-250.092
-234.164
-216.544
-197.306
-156.125
-133.042
-108.939
-83.9663
-58.2053
-32.2227
18.5199
44.5573
70.1836
95.3169
119.485
142.421
183.856
203.145
220.593
236.528
250.866
263.305
281.631
288.77
293.914
297.412
299.415
299.884
297.16
294.019
289.87
285.044
279.636
273.371
260.606
253.731
246.595
239.556
232.573
225.663
212.619
206.139
199.915
193.876
188.082
182.477
172.344
167.417
162.683
158.152
153.819
149.639
142.113
138.441
134.92
131.525
128.267
125.132
119.408
116.596
113.882
111.263
108.729
106.281
101.748
99.5154
97.35
95.2456
93.2002
91.213
87.5263
85.6942
83.909
82.1715
80.48
78.8349
75.7706
74.2468
72.7639
71.3197
69.9132
68.5437
66.0069
64.7491
63.5241
62.3344
61.183
60.0657
57.9929
56.9668
55.9702
55.001
54.0594
53.1424
51.434
50.5828
49.7515
48.9378
48.1441
47.3677
45.9098
45.1778
44.4591
43.7531
43.0597
42.3783
41.0941
40.4449
39.8054
39.1759
38.5557
37.9443
36.788
36.2018
35.6235
35.0528
34.4902
33.9341
32.8813
32.3475
31.8209
31.3011
30.788
30.2819
29.3234
28.8372
28.3579
27.8859
27.4217
26.9639
26.1007
25.6648
25.2373
24.8175
24.4052
24.0017
23.2454
22.866
22.4957
22.1337
21.7788
21.4326
20.786
20.4628
20.1469
19.8384
19.5356
19.2388
18.6831
18.4029
18.1279
17.8582
17.5928
17.3319
16.8388
16.5897
16.3437
16.101
15.8617
15.6258
15.1786
14.9512
14.7267
14.5048
14.2854
14.069
13.6579
13.4486
13.2419
13.0374
12.8351
12.6351
12.2551
12.0618
11.8708
11.6821
11.4952
11.3112
10.9617
10.7839
10.6089
10.4364
10.2658
10.0981
9.78136
9.62119
9.46401
9.3096
9.15792
9.00937
8.73054
8.59043
8.45344
8.31942
8.18783
8.0593
7.81902
7.6983
7.57998
7.46402
7.35015
7.2385
7.02816
6.92197
6.81741
6.71462
6.61321
6.51332
6.3242
6.22812
6.13336
6.03978
5.94737
5.85585
5.68213
5.59361
5.5062
5.4197
5.33394
5.24921
5.08789
5.00574
4.9243
4.8438
4.76402
4.68513
4.53493
4.45836
4.38275
4.308
4.23408
4.16095
4.0222
3.95178
3.88245
3.81418
3.74699
3.68092
3.55693
3.49458
3.43366
3.37449
3.3169
3.2608
2.9665
2.82888
2.70124
2.58277
2.47267
2.36971
2.18952
2.10427
2.02439
1.94923
1.87794
1.81113
1.69094
1.63351
1.57927
1.52671
1.47661
1.43052
1.34495
1.30322
1.26338
1.22548
1.18947
1.15486
1.0907
1.05926
1.02908
0.999936
0.971849
0.944858
0.895645
0.872214
0.849457
0.827128
0.805197
0.783726
