-2.5143
-2.77977
-3.08096
-3.4258
-3.81391
-4.24018
-4.70165
-5.19939
-5.73755
-6.32498
-6.97862
-7.72225
-8.58019
-9.55512
-10.6341
-11.8079
-13.0778
-14.4553
-15.9606
-17.6385
-19.5509
-21.7707
-24.3187
-27.1653
-30.2906
-33.6995
-37.4335
-41.564
-46.2272
-51.6483
-58.0995
-65.7782
-74.7581
-85.2014
-97.4866
-112.278
-130.696
-154.5
-185.962
-225.914
-267.53
-288.595
-256.725
-155.782
-6.91656
142.479
243.106
276.32
256.937
217.913
180.268
150.087
126.823
108.573
93.8287
81.6044
71.3258
62.7306
55.6175
49.6836
44.5872
40.0827
36.0221
32.3234
28.9424
25.8791
23.1555
20.7983
18.7628
16.9691
15.3508
13.8667
12.4972
11.2299
10.0685
9.02239
8.10459
7.30506
6.59605
5.95273
5.35866
4.80606
4.29056
3.81389
3.3867
2.64286
2.01022
1.58124
1.27373
1.04358
-2.51535
-2.77859
-2.78094
-3.07961
-3.08231
-3.42428
-3.42733
-3.81221
-3.8156
-4.23833
-4.24203
-4.69965
-4.70364
-5.19723
-5.20154
-5.73522
-5.73988
-6.32241
-6.32755
-6.97574
-6.98151
-7.71891
-7.72558
-8.57637
-8.58402
-9.55081
-9.55942
-10.6294
-10.6388
-11.8028
-11.813
-13.0723
-13.0833
-14.4493
-14.4613
-15.9541
-15.9672
-17.6311
-17.646
-19.5423
-19.5595
-21.7608
-21.7807
-24.3074
-24.33
-27.1529
-27.1778
-30.2769
-30.3042
-33.6847
-33.7144
-37.4172
-37.4498
-41.5458
-41.5822
-46.2064
-46.2481
-51.6238
-51.6729
-58.0702
-58.1289
-65.7435
-65.8129
-74.7178
-74.7985
-85.1544
-85.2484
-97.4308
-97.5425
-112.21
-112.346
-130.61
-130.782
-154.387
-154.612
-185.805
-186.119
-225.735
-226.094
-267.377
-267.682
-288.592
-288.597
-256.996
-256.453
-156.323
-155.24
-7.57328
-6.25975
141.942
143.016
242.834
243.398
276.322
276.316
257.09
256.785
218.08
217.746
180.41
180.125
150.197
149.977
126.908
126.738
108.641
108.505
93.8845
93.773
81.651
81.5578
71.3652
71.2864
62.7631
62.6981
55.6445
55.5904
49.7065
49.6609
44.6071
44.5674
40.1004
40.0649
36.0382
36.006
32.3381
32.3086
28.9559
28.929
25.8911
25.867
23.1661
23.1449
20.8074
20.7892
18.7707
18.7549
16.9762
16.962
15.3572
15.3443
13.8726
13.8607
12.5027
12.4918
11.235
11.2249
10.0731
10.0639
9.02648
9.01829
8.10815
8.10102
7.30817
7.30194
6.59885
6.59324
5.9553
5.95017
5.36104
5.35627
4.80828
4.80384
4.29263
4.28848
3.81579
3.81199
3.38834
3.38506
2.6461
2.63962
2.01236
2.00808
1.58276
1.57974
1.27482
1.27263
1.04442
-2.52375
-2.76924
-2.79037
-3.0689
-3.09312
-3.41208
-3.43957
-3.79867
-3.8292
-4.22353
-4.25687
-4.68372
-4.71963
-5.18003
-5.21881
-5.71659
-5.75858
-6.30192
-6.34817
-6.95271
-7.00467
-7.69237
-7.75232
-8.54579
-8.6147
-9.51648
-9.59391
-10.5919
-10.6764
-11.7621
-11.8538
-13.0283
-13.1276
-14.4014
-14.5093
-15.9014
-16.0201
-17.5716
-17.7058
-19.474
-19.6282
-21.6815
-21.8604
-24.2171
-24.4203
-27.0535
-27.2777
-30.1682
-30.4133
-33.5661
-33.8333
-37.2869
-37.5806
-41.4006
-41.7281
-46.0403
-46.4152
-51.4279
-51.8698
-57.836
-58.3644
-65.467
-66.0912
-74.3963
-75.1221
-84.7795
-85.6257
-96.9861
-97.9906
-111.668
-112.893
-129.922
-131.478
-153.486
-155.519
-184.604
-187.31
-224.301
-227.525
-266.142
-268.891
-288.528
-288.556
-259.118
-254.236
-160.517
-150.868
-12.8219
-1.0054
137.514
147.284
240.625
245.694
276.258
276.259
258.194
255.644
219.416
216.41
181.556
178.993
151.083
149.101
127.591
126.061
109.187
107.962
94.3325
93.3295
82.0252
81.1864
71.6815
70.9741
63.0241
62.439
55.8611
55.3752
49.8899
49.4792
44.7662
44.4087
40.2428
39.9232
36.1673
35.8773
32.4564
32.1908
29.0635
28.8219
25.9881
25.7705
23.2512
23.0606
20.8804
20.7167
18.8341
18.692
17.0328
16.9056
15.4087
15.293
13.9202
13.8133
12.5467
12.4479
11.2756
11.1844
10.11
10.0271
9.05934
8.98562
8.13673
8.07261
7.33314
7.2771
6.62133
6.57086
5.97588
5.92966
5.38014
5.33723
4.82608
4.78609
4.30927
4.27193
3.83103
3.79682
3.40149
3.372
2.67226
2.61387
2.0296
1.99111
1.59488
1.56774
1.28365
1.26392
1.05121
-2.54967
-2.5867
-2.62432
-2.66246
-2.70119
-2.74075
-2.81949
-2.86116
-2.90374
-2.94724
-2.99128
-3.03635
-3.12658
-3.17422
-3.22297
-3.27275
-3.32331
-3.37493
-3.47745
-3.53169
-3.58672
-3.64283
-3.69958
-3.75725
-3.87127
-3.93118
-3.99176
-4.0532
-4.11544
-4.17837
-4.3025
-4.36742
-4.43322
-4.49975
-4.56708
-4.63509
-4.76896
-4.8391
-4.90993
-4.98161
-5.05405
-5.12743
-5.27202
-5.34769
-5.4244
-5.50194
-5.58032
-5.65972
-5.8163
-5.89862
-5.98234
-6.06698
-6.15262
-6.23954
-6.412
-6.50286
-6.59536
-6.6894
-6.78494
-6.88243
-7.0764
-7.17905
-7.28426
-7.39121
-7.50027
-7.61173
-7.83506
-7.95365
-8.0746
-8.19818
-8.32419
-8.45287
-8.70965
-8.84526
-8.98346
-9.12424
-9.26726
-9.41218
-9.70017
-9.85112
-10.0047
-10.1601
-10.3176
-10.4774
-10.7925
-10.9575
-11.1246
-11.2937
-11.4647
-11.638
-11.9795
-12.1581
-12.3391
-12.522
-12.7068
-12.8941
-13.2638
-13.4573
-13.6534
-13.852
-14.0526
-14.2557
-14.6572
-14.8676
-15.0814
-15.2988
-15.5186
-15.7412
-16.1837
-16.4172
-16.6548
-16.8959
-17.1414
-17.3913
-17.8899
-18.1531
-18.4225
-18.6986
-18.9799
-19.2664
-19.8412
-20.1472
-20.4599
-20.78
-21.1065
-21.4403
-22.1076
-22.4612
-22.8214
-23.1885
-23.5621
-23.9432
-24.699
-25.0982
-25.5024
-25.9128
-26.3283
-26.7504
-27.5862
-28.0255
-28.4701
-28.9195
-29.3751
-29.837
-30.7502
-31.229
-31.7136
-32.2045
-32.7015
-33.2048
-34.2005
-34.7249
-35.2551
-35.792
-36.3375
-36.8901
-37.9846
-38.5604
-39.1445
-39.7386
-40.3443
-40.9587
-42.1795
-42.8239
-43.4826
-44.1535
-44.8376
-45.5361
-46.9334
-47.6793
-48.4394
-49.2175
-50.0175
-50.8359
-52.4806
-53.3626
-54.2671
-55.1962
-56.1497
-57.1269
-59.0955
-60.1494
-61.2298
-62.3358
-63.4666
-64.6274
-66.9539
-68.1895
-69.4593
-70.7491
-72.0718
-73.4202
-76.1252
-77.5659
-79.035
-80.5376
-82.0736
-83.6429
-86.7974
-88.4811
-90.2052
-91.969
-93.7787
-95.6383
-99.3804
-101.388
-103.459
-105.582
-107.77
-110.027
-114.596
-117.073
-119.631
-122.278
-125.015
-127.85
-133.656
-136.815
-140.105
-143.539
-147.092
-150.781
-158.359
-162.539
-166.903
-171.405
-176.103
-181.008
-191.037
-196.484
-202.097
-207.916
-213.849
-219.938
-231.928
-238.138
-244.389
-250.517
-256.462
-262.209
-272.524
-276.831
-280.871
-284.048
-286.408
-287.977
-288.087
-286.443
-283.304
-278.671
-272.398
-265.152
-246.741
-234.844
-221.396
-206.707
-190.774
-173.474
-137.072
-116.666
-95.4375
-73.6628
-51.3576
-28.9532
15.1205
37.9432
60.3037
81.9578
103.101
123.574
160.119
177.493
193.86
208.551
221.586
233.298
251.903
259.529
265.467
270.034
273.509
275.667
275.78
274.667
272.519
269.482
265.872
261.546
252.138
246.734
241.128
235.313
229.419
223.53
212.309
206.652
201.078
195.564
190.227
185.12
175.595
170.927
166.407
162.05
157.847
153.824
146.458
142.859
139.383
136.058
132.829
129.722
124.02
121.207
118.497
115.88
113.343
110.886
106.321
104.079
101.901
99.7872
97.7221
95.7211
91.9859
90.1335
88.3287
86.5697
84.8558
83.1856
80.0608
78.5055
76.9888
75.5086
74.0669
72.6603
70.0273
68.724
67.4492
66.2129
65.0091
63.8364
61.6525
60.5711
59.5179
58.4973
57.502
56.5335
54.7224
53.8253
52.9523
52.1021
51.2693
50.4565
48.9274
48.1634
47.4162
46.6838
45.9643
45.2592
43.9257
43.2559
42.5976
41.9505
41.3118
40.6834
39.4912
38.8898
38.2963
37.7121
37.1357
36.5665
35.4852
34.9382
34.3985
33.866
33.3404
32.8211
31.8315
31.3315
30.8381
30.3511
29.8702
29.3959
28.4952
28.0406
27.5918
27.1507
26.7156
26.288
25.4762
25.0682
24.6697
24.2763
23.8911
23.5143
22.8042
22.4492
22.1029
21.7632
21.4311
21.1066
20.496
20.1899
19.8914
19.5984
19.3115
19.0307
18.4998
18.2325
17.9701
17.7117
17.4574
17.2078
16.7337
16.4938
16.2578
16.0246
15.7947
15.568
15.1357
14.9166
14.7006
14.4869
14.2755
14.0665
13.6689
13.4669
13.2675
13.0702
12.875
12.6822
12.3139
12.1267
11.9421
11.7598
11.5794
11.4009
11.0611
10.8893
10.7199
10.5523
10.387
10.2242
9.91485
9.7586
9.60531
9.45455
9.30633
9.16102
8.88618
8.74874
8.61369
8.48153
8.35199
8.22521
7.98633
7.86664
7.74939
7.63417
7.52128
7.41084
7.20134
7.09611
6.99219
6.89006
6.78963
6.69076
6.50265
6.40758
6.31383
6.22115
6.12956
6.03935
5.86695
5.77952
5.6931
5.60754
5.52286
5.43909
5.27916
5.19798
5.11755
5.03783
4.95893
4.88104
4.73171
4.65591
4.58096
4.5066
4.43316
4.36054
4.22143
4.15108
4.08151
4.0128
3.94489
3.878
3.75063
3.68664
3.62359
3.5618
3.50154
3.44247
3.33257
3.27908
3.15467
3.01055
2.87862
2.75534
2.53736
2.4354
2.33974
2.24927
2.16401
2.08378
1.94032
1.8721
1.80782
1.74654
1.68811
1.63263
1.53179
1.4833
1.43744
1.39386
1.35179
1.31133
1.23778
1.20244
1.16839
1.13524
1.10323
1.07241
