-2.41667
-2.77045
-3.19624
-3.71664
-4.31076
-4.96778
-5.694
-6.50624
-7.45305
-8.62867
-10.0413
-11.6316
-13.3948
-15.3581
-17.5901
-20.2844
-23.6686
-27.6472
-32.1154
-37.1273
-42.8387
-49.6172
-58.318
-69.5074
-83.1698
-100.017
-121.818
-152.272
-198.567
-265.572
-310.391
-227.081
-6.75762
213.611
296.752
254.814
192.466
148.222
118.192
96.3805
79.5023
66.0662
55.7575
47.8896
41.3878
35.7444
30.7418
26.2984
22.4922
19.4524
16.9584
14.776
12.8168
11.0485
9.46999
8.13914
7.0655
6.14494
5.31937
4.56681
3.87768
3.24238
2.23262
1.58683
1.18357
-2.41766
-2.7693
-2.7716
-3.19481
-3.19767
-3.71495
-3.71832
-4.30888
-4.31264
-4.9657
-4.96986
-5.6917
-5.6963
-6.50363
-6.50885
-7.44991
-7.45618
-8.62475
-8.63259
-10.0367
-10.0458
-11.6266
-11.6367
-13.3892
-13.4004
-15.3518
-15.3643
-17.5828
-17.5973
-20.2753
-20.2935
-23.6574
-23.6798
-27.6345
-27.6599
-32.1013
-32.1296
-37.1113
-37.1434
-42.8202
-42.8572
-49.5944
-49.6399
-58.2879
-58.3481
-69.4701
-69.5448
-83.1247
-83.215
-99.9597
-100.074
-121.742
-121.894
-152.161
-152.384
-198.393
-198.741
-265.359
-265.786
-310.396
-310.332
-227.587
-226.573
-7.50492
-6.01031
213.206
214.018
296.742
296.761
255.015
254.613
192.629
192.303
148.33
148.114
118.267
118.116
96.4377
96.3234
79.5476
79.4571
66.1019
66.0306
55.7841
55.7308
47.9108
47.8684
41.406
41.3696
35.7603
35.7284
30.7559
30.7276
26.3109
26.2859
22.5024
22.4819
19.4606
19.4443
16.9654
16.9515
14.7822
14.7698
12.8224
12.8112
11.0535
11.0434
9.47441
9.46557
8.14273
8.13556
7.06846
7.06253
6.14755
6.14232
5.32173
5.317
4.56898
4.56465
3.87967
3.87569
3.24424
3.24053
2.23514
2.23011
1.58834
1.58533
1.18456
-2.42704
-2.75838
-2.78256
-3.18126
-3.21124
-3.69897
-3.73437
-4.29098
-4.33054
-4.94598
-4.98976
-5.66986
-5.718
-6.47888
-6.53371
-7.42003
-7.48605
-8.58762
-8.66995
-9.99375
-10.0889
-11.5787
-11.6848
-13.3367
-13.4536
-15.2925
-15.4239
-17.5141
-17.6667
-20.1889
-20.3806
-23.5515
-23.7861
-27.5131
-27.7808
-31.9671
-32.2643
-36.9593
-37.2958
-42.6437
-43.0332
-49.379
-49.8571
-58.0037
-58.6321
-69.1161
-69.9012
-82.6974
-83.6454
-99.4211
-100.617
-121.026
-122.619
-151.113
-153.431
-196.748
-200.403
-263.335
-267.819
-310.389
-309.944
-232.345
-221.7
-14.6045
1.08897
208.316
218.598
296.6
296.793
256.773
252.694
194.205
190.765
149.362
147.094
118.99
117.407
96.9834
95.7832
79.9787
79.029
66.4425
65.6938
56.0388
55.4787
48.1131
47.6688
41.5785
41.1975
35.9122
35.577
30.891
30.5939
26.431
26.1675
22.6001
22.385
19.5386
19.3674
17.0315
16.8857
14.8413
14.711
12.8756
12.7582
11.1015
10.9956
9.51652
9.42371
8.17693
8.1021
7.09668
7.03446
6.17235
6.11751
5.34421
5.2946
4.58958
4.54411
3.8985
3.85692
3.26191
3.22302
2.25929
2.20649
1.60276
1.57114
1.19397
-2.46045
-2.51032
-2.56131
-2.61341
-2.66636
-2.72063
-2.82149
-2.88032
-2.94078
-3.00327
-3.06791
-3.13467
-3.25963
-3.33243
-3.40744
-3.48428
-3.56289
-3.64342
-3.7911
-3.87588
-3.96215
-4.04974
-4.13872
-4.22912
-4.39339
-4.48736
-4.58296
-4.6799
-4.7783
-4.87768
-5.05925
-5.16306
-5.26824
-5.37522
-5.48377
-5.59383
-5.79519
-5.91053
-6.02812
-6.14741
-6.26897
-6.39298
-6.62153
-6.75374
-6.88822
-7.02699
-7.16983
-7.31724
-7.59237
-7.75395
-7.92099
-8.09455
-8.27391
-8.45914
-8.80231
-9.00145
-9.20581
-9.41458
-9.62708
-9.84427
-10.2409
-10.4683
-10.6996
-10.9333
-11.1712
-11.4124
-11.8538
-12.1065
-12.3613
-12.6208
-12.885
-13.1525
-13.6412
-13.9203
-14.2044
-14.4937
-14.7867
-15.0858
-15.6329
-15.9478
-16.2695
-16.5962
-16.9321
-17.2768
-17.912
-18.2837
-18.6647
-19.0594
-19.4687
-19.8911
-20.6881
-21.157
-21.6422
-22.1425
-22.6571
-23.185
-24.1628
-24.7262
-25.303
-25.8894
-26.4857
-27.0942
-28.2059
-28.8427
-29.4882
-30.1469
-30.8173
-31.4997
-32.7415
-33.4554
-34.1795
-34.9168
-35.6682
-36.432
-37.835
-38.6406
-39.4635
-40.3045
-41.1599
-42.0388
-43.655
-44.5966
-45.565
-46.5545
-47.5794
-48.6381
-50.6306
-51.8073
-53.0313
-54.3067
-55.6398
-57.0291
-59.6517
-61.1927
-62.7902
-64.4382
-66.1439
-67.8961
-71.1594
-73.0597
-75.0143
-77.0257
-79.0909
-81.2179
-85.1763
-87.4947
-89.8937
-92.3648
-94.9167
-97.5691
-102.546
-105.493
-108.549
-111.741
-115.083
-118.574
-125.219
-129.203
-133.408
-137.864
-142.553
-147.53
-157.239
-163.141
-169.489
-176.256
-183.479
-191.207
-206.336
-215.599
-225.226
-235.283
-245.72
-256.194
-274.889
-284.573
-293.197
-300.79
-306.18
-309.4
-308.642
-302.917
-295.08
-283.157
-267.628
-247.792
-203.644
-175.454
-144.234
-110.572
-75.4361
-39.4493
25.9839
61.9421
96.9085
130.564
161.828
190.204
233.971
253.193
269.484
281.488
289.647
294.859
296.19
293.101
287.846
280.751
272.272
263.245
245.997
236.194
226.53
217.185
208.251
199.741
185.55
178.221
171.356
164.906
158.789
153.053
143.623
138.742
134.111
129.71
125.541
121.586
114.945
111.466
108.128
104.933
101.869
98.9178
93.9258
91.2645
88.7011
86.2252
83.8272
81.5098
77.5546
75.4408
73.3889
71.4115
69.5004
67.6553
64.5341
62.8831
61.3071
59.7842
58.334
56.9497
54.61
53.3719
52.1767
51.0265
49.9101
48.8308
46.9734
45.9707
44.9924
44.0365
43.103
42.1881
40.6017
39.741
38.8959
38.0638
37.2477
36.4474
35.0521
34.2891
33.5399
32.8029
32.079
31.3677
30.1269
29.4472
28.7795
28.1239
27.4823
26.8526
25.7574
25.1652
24.5876
24.0235
23.4776
22.9491
22.0495
21.5693
21.1085
20.6625
20.2321
19.815
19.1008
18.7164
18.3409
17.9753
17.6173
17.2665
16.6569
16.3236
15.9965
15.6747
15.3596
15.0487
14.506
14.2092
13.9169
13.6273
13.3431
13.0632
12.5739
12.3059
12.0411
11.7804
11.5242
11.271
10.8297
10.5876
10.3503
10.1177
9.88896
9.66528
9.27888
9.07038
8.86805
8.6712
8.48178
8.29767
7.98569
7.81874
7.65649
7.49859
7.34503
7.19616
6.9371
6.79663
6.6588
6.52396
6.39066
6.25979
6.03132
5.90642
5.78344
5.66159
5.54171
5.42358
5.21651
5.10277
4.99038
4.87955
4.77003
4.66222
4.47264
4.36859
4.26537
4.16377
4.06355
3.96471
3.7916
3.69633
3.60237
3.50925
3.41681
3.32451
3.14784
2.97162
2.79865
2.63615
2.48544
2.34699
2.12686
2.0182
1.91666
1.82237
1.73563
1.65474
1.523
1.45636
1.39369
1.33527
1.27988
1.22753
