-2.13359
-2.41168
-2.72079
-3.08406
-3.52502
-4.03125
-4.58672
-5.19222
-5.85339
-6.58478
-7.42831
-8.45803
-9.68728
-11.0607
-12.5635
-14.207
-16.0213
-18.0736
-20.5495
-23.5964
-27.1136
-31.0069
-35.3058
-40.0953
-45.5392
-52.0703
-60.4217
-70.7927
-83.1489
-98.0279
-116.697
-141.534
-177.493
-231.906
-301.453
-325.627
-223.331
-6.805
209.496
311.958
288.645
224.091
172.69
137.942
113.146
94.4049
79.4624
67.2568
57.6148
50.1701
44.0465
38.7075
33.9367
29.636
25.7615
22.4104
19.6885
17.4327
15.439
13.6344
11.9841
10.4744
9.12128
7.98304
7.04504
6.22818
5.48638
4.80235
4.16866
3.58333
2.89311
2.0446
1.52484
1.17985
0.930794
-2.13449
-2.4107
-2.41267
-2.71967
-2.72191
-3.08273
-3.08541
-3.5234
-3.52663
-4.02945
-4.03305
-4.58476
-4.58868
-5.19009
-5.19436
-5.85105
-5.85574
-6.58223
-6.58732
-7.42519
-7.43143
-8.45418
-8.46189
-9.68286
-9.69171
-11.0558
-11.0655
-12.5582
-12.5688
-14.2013
-14.2127
-16.0146
-16.028
-18.0661
-18.0811
-20.5401
-20.5588
-23.5853
-23.6076
-27.101
-27.1261
-30.9929
-31.021
-35.2904
-35.3212
-40.0782
-40.1125
-45.5194
-45.5591
-52.0456
-52.0951
-60.3899
-60.4535
-70.7547
-70.8306
-83.1033
-83.1945
-97.972
-98.0838
-116.625
-116.769
-141.435
-141.633
-177.342
-177.643
-231.675
-232.137
-301.279
-301.628
-325.725
-325.527
-223.923
-222.738
-7.61595
-5.99404
208.909
210.082
311.846
312.116
288.891
288.399
224.299
223.884
172.833
172.548
138.04
137.843
113.218
113.074
94.4609
94.3496
79.5079
79.4168
67.2939
67.2198
57.6432
57.5865
50.1926
50.1476
44.0657
44.0273
38.7246
38.6901
33.9521
33.9214
29.6499
29.6222
25.7738
25.7491
22.4207
22.4002
19.6968
19.6803
17.4399
17.4256
15.4454
15.4327
13.6402
13.6285
11.9895
11.9788
10.4792
10.4695
9.12552
9.11704
7.9865
7.97958
7.048
7.04208
6.23081
6.22556
5.48879
5.48397
4.80458
4.80012
4.17072
4.1666
3.58523
3.58143
2.89673
2.8895
2.04678
2.04243
1.52625
1.52343
1.18083
1.17886
0.931512
-2.1426
-2.40183
-2.42157
-2.70962
-2.73201
-3.07085
-3.09794
-3.50888
-3.54121
-4.01329
-4.04926
-4.56716
-4.60632
-5.17092
-5.21358
-5.82998
-5.87654
-6.55906
-6.61162
-7.39686
-7.45962
-8.41956
-8.49672
-9.64311
-9.73161
-11.0121
-11.1094
-12.5104
-12.6164
-14.1494
-14.2658
-15.9553
-16.0864
-17.9985
-18.1489
-20.4564
-20.6432
-23.485
-23.7082
-26.9884
-27.2374
-30.8688
-31.1475
-35.1528
-35.4596
-39.9242
-40.2672
-45.341
-45.7387
-51.8238
-52.3192
-60.1047
-60.7409
-70.4124
-71.178
-82.6926
-83.6064
-97.4713
-98.5891
-115.982
-117.42
-140.552
-142.529
-176.002
-179.008
-229.657
-234.187
-299.519
-303.435
-326.54
-324.562
-229.204
-217.354
-14.9147
1.30447
203.56
215.284
310.775
313.801
290.867
286.3
226.178
222.025
174.123
171.278
138.929
136.967
113.869
112.43
94.9678
93.8546
79.9164
79.0041
67.6288
66.8878
57.8998
57.3324
50.396
49.9456
44.2392
43.8547
38.878
38.5341
34.0903
33.7839
29.774
29.4979
25.885
25.6384
22.5134
22.3082
19.7713
19.6063
17.5041
17.3611
15.5034
15.3753
13.6923
13.5761
12.0376
11.9308
10.5231
10.4258
9.1638
9.079
8.01777
7.94806
7.07491
7.0162
6.25445
6.20201
5.51048
5.46234
4.82465
4.7801
4.18931
4.14807
3.60236
3.56431
2.92962
2.85737
2.0665
2.023
1.53903
1.51084
1.1896
1.17011
0.938014
-2.16957
-2.20918
-2.24921
-2.28981
-2.33096
-2.37255
-2.45128
-2.49479
-2.53904
-2.58392
-2.63001
-2.67657
-2.76601
-2.81603
-2.86738
-2.92025
-2.97474
-3.03102
-3.13914
-3.20015
-3.26307
-3.32729
-3.39334
-3.46118
-3.58987
-3.66151
-3.73442
-3.80872
-3.88381
-3.95997
-4.10322
-4.18256
-4.26259
-4.34395
-4.4259
-4.50905
-4.66547
-4.75183
-4.83902
-4.92748
-5.01698
-5.10747
-5.27785
-5.37187
-5.46707
-5.56335
-5.66141
-5.76054
-5.94752
-6.05059
-6.15577
-6.26256
-6.371
-6.48151
-6.69118
-6.80721
-6.9271
-7.04976
-7.17533
-7.30501
-7.55452
-7.69605
-7.84164
-7.99241
-8.1473
-8.30738
-8.61347
-8.78576
-8.96193
-9.14169
-9.32497
-9.5117
-9.86432
-10.0598
-10.2577
-10.4581
-10.6618
-10.8675
-11.2551
-11.4688
-11.6852
-11.9049
-12.1279
-12.3528
-12.7766
-13.009
-13.247
-13.487
-13.7303
-13.9769
-14.4414
-14.698
-14.9587
-15.2236
-15.4917
-15.7652
-16.282
-16.5691
-16.8614
-17.1611
-17.4641
-17.7776
-18.3764
-18.7161
-19.0662
-19.4259
-19.7981
-20.183
-20.9274
-21.35
-21.7815
-22.2275
-22.686
-23.155
-24.0464
-24.5437
-25.0506
-25.5631
-26.087
-26.6172
-27.6173
-28.1675
-28.7311
-29.2988
-29.8755
-30.4603
-31.5646
-32.1733
-32.7926
-33.4206
-34.0551
-34.7018
-35.9213
-36.5968
-37.2839
-37.9845
-38.6937
-39.4167
-40.7847
-41.5458
-42.319
-43.1151
-43.9261
-44.7547
-46.3377
-47.231
-48.1513
-49.0989
-50.0816
-51.1002
-53.0766
-54.2098
-55.3828
-56.6005
-57.8671
-59.1727
-61.7077
-63.1432
-64.6171
-66.1311
-67.688
-69.2852
-72.3379
-74.0512
-75.8086
-77.6093
-79.4552
-81.3513
-84.9894
-87.0329
-89.1402
-91.3034
-93.5363
-95.8356
-100.29
-102.816
-105.443
-108.144
-110.957
-113.887
-119.636
-122.901
-126.339
-129.94
-133.718
-137.739
-145.575
-150.2
-155.087
-160.316
-165.837
-171.7
-183.551
-190.53
-197.994
-205.881
-214.39
-223.271
-240.806
-251.33
-261.637
-272.043
-282.463
-292.518
-309.278
-316.377
-322.732
-326.849
-328.952
-328.576
-320.488
-311.725
-300.641
-285.529
-267.454
-246.484
-199.851
-170.168
-139.47
-106.924
-73.3632
-39.063
25.2309
59.7273
93.2784
125.957
156.444
184.967
231.568
252.972
270.898
286.019
297.704
306.405
315.596
316.116
314.147
309.894
303.827
296.341
279.908
270.686
260.704
251.032
241.847
232.446
215.984
207.707
199.96
192.328
185.153
178.492
167.248
161.543
156.215
151.16
146.396
141.952
134.12
130.169
126.389
122.831
119.361
116.069
110.332
107.4
104.571
101.852
99.216
96.6755
92.2003
89.8899
87.6431
85.4659
83.3523
81.3003
77.665
75.776
73.9399
72.1572
70.4301
68.7544
65.8052
64.2884
62.8232
61.4227
60.0657
58.7679
56.5046
55.3376
54.2179
53.1381
52.0933
51.0765
49.2869
48.3522
47.4382
46.5461
45.6735
44.8194
43.2871
42.4795
41.6853
40.9054
40.1394
39.3901
38.0336
37.3138
36.6086
35.9113
35.2245
34.5505
33.3311
32.6838
32.0474
31.4203
30.7986
30.1913
29.0887
28.5043
27.928
27.3625
26.8058
26.2591
25.2743
24.7584
24.2544
23.7655
23.2887
22.8244
22.0048
21.5834
21.1751
20.7793
20.3932
20.0214
19.3631
19.0178
18.6828
18.3554
18.0343
17.7188
17.1512
16.8499
16.5564
16.2656
15.9796
15.6965
15.1859
14.9164
14.6498
14.3858
14.1239
13.869
13.4031
13.1559
12.9115
12.6704
12.4325
12.1978
11.7722
11.5459
11.3222
11.1016
10.8841
10.6695
10.2811
10.0766
9.87386
9.67576
9.48186
9.2922
8.9544
8.7777
8.60687
8.43943
8.27887
8.12284
7.84659
7.70179
7.56258
7.4263
7.29288
7.16322
6.92983
6.80671
6.68573
6.56692
6.44913
6.33348
6.12436
6.01324
5.90327
5.79494
5.68823
5.5828
5.39085
5.28847
5.18768
5.08756
4.98885
4.89129
4.71382
4.61957
4.52607
4.43342
4.34199
4.25124
4.08695
3.99934
3.91282
3.82701
3.74277
3.65942
3.50772
3.4267
3.3458
3.26455
3.18492
3.04226
2.75235
2.60927
2.47641
2.35326
2.23926
2.13428
1.9603
1.87433
1.79403
1.71915
1.64884
1.58261
1.47028
1.41458
1.3623
1.31231
1.26473
1.21951
1.1417
1.10206
1.06408
1.02774
0.993113
0.960047
