-2.08223
-2.4374
-2.84742
-3.36329
-3.99712
-4.71475
-5.51574
-6.41922
-7.48959
-8.86696
-10.5387
-12.4285
-14.5489
-16.9672
-19.9084
-23.7419
-28.3443
-33.577
-39.5491
-46.575
-55.6283
-67.9077
-83.4459
-103.234
-130.296
-171.888
-242.009
-323.228
-267.68
-6.805
253.249
310.184
233.553
167.418
126.745
99.6366
79.7574
64.4966
53.356
45.0448
38.1653
32.2036
26.9761
22.5444
19.1171
16.3671
13.9762
11.8484
9.95348
8.35295
7.1029
6.06202
5.13808
4.30307
3.54722
2.54791
1.69166
1.20549
0.890853
0.669756
-2.08311
-2.4364
-2.4384
-2.84622
-2.84861
-3.36176
-3.36482
-3.99532
-3.99892
-4.71275
-4.71675
-5.5135
-5.51797
-6.41661
-6.42183
-7.48642
-7.49276
-8.86288
-8.87104
-10.5339
-10.5435
-12.4232
-12.4337
-14.543
-14.5549
-16.96
-16.9744
-19.8995
-19.9173
-23.7307
-23.7531
-28.3314
-28.3573
-33.5623
-33.5917
-39.5322
-39.5661
-46.5543
-46.5956
-55.6004
-55.6562
-67.871
-67.9444
-83.4001
-83.4918
-103.174
-103.293
-130.211
-130.382
-171.747
-172.029
-241.776
-242.243
-323.015
-323.443
-268.131
-267.228
-7.61595
-5.99404
252.695
253.806
310.307
310.061
233.768
233.338
167.543
167.292
126.83
126.659
99.6969
99.5764
79.8028
79.712
64.5314
64.4618
53.3808
53.3313
45.0646
45.0252
38.1821
38.1485
32.2183
32.189
26.9893
26.9629
22.5548
22.5341
19.1251
19.1092
16.3737
16.3606
13.9821
13.9703
11.8537
11.8431
9.95826
9.94873
8.35668
8.34922
7.10585
7.09995
6.06453
6.05947
5.1404
5.13576
4.30516
4.30097
3.54913
3.54532
2.55101
2.54482
1.69331
1.69002
1.2065
1.20449
0.891525
0.890182
0.670269
-2.09198
-2.42652
-2.44843
-2.83433
-2.86059
-3.34649
-3.38019
-3.97745
-4.01687
-4.69277
-4.73678
-5.49119
-5.54032
-6.39126
-6.44765
-7.45491
-7.52456
-8.8222
-8.91196
-10.486
-10.5907
-12.3705
-12.4866
-14.4837
-14.6141
-16.8904
-17.0438
-19.8113
-20.0062
-23.6187
-23.8649
-28.1996
-28.4874
-33.4157
-33.739
-39.3633
-39.7331
-46.351
-46.8025
-55.323
-55.9365
-67.5056
-68.3124
-82.9437
-83.9516
-102.578
-103.895
-129.359
-131.27
-170.376
-173.452
-239.455
-244.595
-321.476
-324.396
-272.586
-262.623
-15.7257
2.11539
247.936
258.609
311.488
308.777
235.928
231.201
168.856
165.909
127.692
125.81
100.302
98.9767
80.2614
79.2557
64.881
64.1157
53.6295
53.0849
45.2656
44.8324
38.3507
37.9805
32.3655
32.0425
27.1204
26.8378
22.6587
22.431
19.205
19.0297
16.4423
16.2946
14.0414
13.9111
11.9068
11.7901
10.0059
9.90231
8.39415
8.31207
7.13545
7.0705
6.09019
6.03376
5.16362
5.11261
4.32618
4.28
3.56812
3.52636
2.58226
2.51426
1.70975
1.67372
1.2166
1.19453
0.898286
0.88367
0.67542
-2.12545
-2.17648
-2.22826
-2.28118
-2.33489
-2.38961
-2.48611
-2.5439
-2.60312
-2.6634
-2.72594
-2.79043
-2.90604
-2.97711
-3.05113
-3.12781
-3.20753
-3.29009
-3.43871
-3.5289
-3.62095
-3.71581
-3.8127
-3.91113
-4.08446
-4.18782
-4.29292
-4.39952
-4.50798
-4.61821
-4.81203
-4.92748
-5.04477
-5.1639
-5.2849
-5.40796
-5.62488
-5.75405
-5.8853
-6.02001
-6.15687
-6.29678
-6.54456
-6.69399
-6.84665
-7.00501
-7.1684
-7.33838
-7.64617
-7.83558
-8.03308
-8.23851
-8.45071
-8.67172
-9.06686
-9.30503
-9.54973
-9.79929
-10.0534
-10.3127
-10.7687
-11.0405
-11.3165
-11.5974
-11.8828
-12.1748
-12.686
-12.9898
-13.3003
-13.6155
-13.9364
-14.2632
-14.8392
-15.1836
-15.5344
-15.8935
-16.2606
-16.6367
-17.3057
-17.7095
-18.1285
-18.5625
-19.016
-19.487
-20.3449
-20.8746
-21.4276
-21.9975
-22.5905
-23.2034
-24.2942
-24.9527
-25.6242
-26.3095
-27.0084
-27.7218
-28.978
-29.7261
-30.4893
-31.2692
-32.0589
-32.8702
-34.2939
-35.1433
-36.014
-36.9013
-37.8102
-38.7362
-40.3786
-41.3658
-42.3776
-43.4204
-44.4927
-45.5997
-47.5898
-48.811
-50.0884
-51.427
-52.8276
-54.3047
-57.0094
-58.6907
-60.4468
-62.2803
-64.1849
-66.1562
-69.7097
-71.8706
-74.103
-76.4099
-78.7931
-81.2567
-85.7007
-88.4113
-91.2247
-94.1515
-97.2065
-100.389
-106.195
-109.81
-113.585
-117.58
-121.791
-126.248
-134.573
-139.86
-145.521
-151.637
-158.174
-165.316
-179.002
-187.764
-197.387
-207.769
-219.198
-231.108
-253.802
-267.401
-280.949
-294.145
-306.167
-315.891
-327.402
-329.034
-326.167
-319.625
-305.383
-287.71
-243.974
-210.428
-173.775
-133.515
-90.6916
-45.7992
32.1681
76.9669
119.861
160.028
196.627
229.021
273.086
291.455
304.498
312.989
316.137
314.639
303.383
293.416
281.401
269.231
256.542
243.778
223.374
212.098
201.669
191.756
182.538
174.117
161.041
154.166
147.773
141.896
136.28
131.016
122.745
118.247
114.03
110.029
106.231
102.621
96.7744
93.5795
90.5046
87.5642
84.7341
82.0133
77.5707
75.1157
72.7517
70.4807
68.3002
66.2119
62.8464
61.0238
59.2847
57.6372
56.0708
54.579
52.1778
50.8549
49.5831
48.3584
47.1681
46.0141
44.105
43.0325
41.9848
40.9614
39.9615
38.9884
37.3555
36.435
35.5291
34.6428
33.7744
32.9219
31.4981
30.6892
29.8958
29.1177
28.355
27.608
26.3623
25.6581
24.9749
24.3111
23.6726
23.055
22.0482
21.4979
20.9707
20.4617
19.975
19.5077
18.7382
18.3102
17.8905
17.4848
17.0861
16.6966
16.0458
15.6754
15.3129
14.9586
14.6098
14.2663
13.6897
13.3625
13.0406
12.724
12.4125
12.1066
11.5932
11.3005
11.0125
10.7312
10.4542
10.1831
9.73002
9.47564
9.2289
8.99041
8.75897
8.53735
8.17522
7.97647
7.78458
7.59917
7.42068
7.24733
6.96128
6.80007
6.64219
6.48824
6.33627
6.18751
5.93805
5.79606
5.65687
5.51965
5.38407
5.25087
5.02651
4.89866
4.77277
4.64859
4.52607
4.40515
4.20182
4.08582
3.97154
3.85911
3.74831
3.6395
3.45578
3.35009
3.24407
3.11208
2.90181
2.70399
2.40443
2.25226
2.11529
1.99179
1.8779
1.77377
1.61467
1.53134
1.45458
1.38376
1.31763
1.25558
1.15816
1.10575
1.05624
1.0096
0.965697
0.92433
0.859786
0.824696
0.790633
0.757659
0.725752
0.695067
