-2.97847
-3.17608
-3.39171
-3.62495
-3.87278
-4.13426
-4.40856
-4.69518
-4.99493
-5.30834
-5.63638
-5.98166
-6.34638
-6.73448
-7.15358
-7.61082
-8.11403
-8.66495
-9.2629
-9.89928
-10.5725
-11.2795
-12.0197
-12.7953
-13.6076
-14.4601
-15.3596
-16.3115
-17.3285
-18.4305
-19.6408
-20.9758
-22.446
-24.0431
-25.7496
-27.5603
-29.4687
-31.4761
-33.5908
-35.8189
-38.1752
-40.6837
-43.3701
-46.2718
-49.4675
-53.027
-57.0269
-61.5038
-66.4823
-71.9383
-77.9091
-84.4526
-91.6549
-99.6638
-108.652
-118.905
-130.754
-144.717
-161.414
-181.62
-206.066
-234.555
-265.147
-293.012
-309.959
-304.484
-270.223
-204.782
-112.802
-6.81868
99.5625
190.969
256.502
291.403
297.161
281.631
255.086
226.3
199.535
176.478
157.027
140.764
127.038
115.277
105.034
96.0306
88.0099
80.8158
74.328
68.4949
63.2958
58.6859
54.6168
50.9934
47.7052
44.6887
41.8822
39.255
36.7816
34.4375
32.2158
30.1091
28.114
26.2336
24.4785
22.8634
21.3962
20.0684
18.8609
17.7405
16.6951
15.7094
14.7727
13.8807
13.0301
12.2157
11.4394
10.7
9.99898
9.34154
8.73331
8.17759
7.67113
7.20624
6.77391
6.36672
5.98087
5.61259
5.2594
4.92113
4.59566
4.28326
3.9841
3.69918
3.43079
3.1221
2.58963
2.18199
1.86615
1.61455
-2.97976
-3.17468
-3.17749
-3.39017
-3.39325
-3.62331
-3.62658
-3.87105
-3.87452
-4.13242
-4.13609
-4.40665
-4.41047
-4.69319
-4.69717
-4.99284
-4.99702
-5.30617
-5.31051
-5.6341
-5.63866
-5.97925
-5.98407
-6.34382
-6.34894
-6.73177
-6.7372
-7.15061
-7.15655
-7.60754
-7.61409
-8.11044
-8.11762
-8.66103
-8.66888
-9.25869
-9.26711
-9.89482
-9.90375
-10.5678
-10.5771
-11.2746
-11.2845
-12.0146
-12.0249
-12.7899
-12.8007
-13.602
-13.6133
-14.4541
-14.466
-15.3533
-15.3659
-16.3048
-16.3182
-17.3213
-17.3357
-18.4226
-18.4383
-19.6322
-19.6495
-20.9662
-20.9853
-22.4355
-22.4565
-24.0319
-24.0544
-25.7376
-25.7616
-27.5475
-27.5731
-29.4554
-29.4821
-31.4621
-31.4902
-33.576
-33.6056
-35.8033
-35.8344
-38.1587
-38.1918
-40.6661
-40.7013
-43.3511
-43.3891
-46.2512
-46.2924
-49.4447
-49.4903
-53.0013
-53.0528
-56.998
-57.0558
-61.4715
-61.536
-66.4468
-66.5177
-71.8995
-71.9772
-77.8668
-77.9515
-84.406
-84.4993
-91.6033
-91.7065
-99.6061
-99.7215
-108.588
-108.717
-118.83
-118.98
-130.667
-130.842
-144.614
-144.821
-161.289
-161.539
-181.469
-181.772
-205.887
-206.247
-234.347
-234.762
-264.934
-265.36
-292.849
-293.175
-309.905
-310.012
-304.612
-304.355
-270.563
-269.881
-205.324
-204.245
-113.481
-112.122
-7.55478
-6.08274
98.8731
100.25
190.419
191.517
256.168
256.834
291.286
291.518
297.213
297.108
281.783
281.475
255.278
254.893
226.492
226.108
199.707
199.363
176.622
176.334
157.148
156.906
140.865
140.663
127.124
126.952
115.351
115.202
105.098
104.969
96.0883
95.973
88.0615
87.9583
80.8623
80.7693
74.3699
74.2862
68.5323
68.4575
63.3288
63.2628
58.7155
58.6562
54.6429
54.5908
51.0168
50.97
47.7265
47.6839
44.7084
44.669
41.9006
41.8638
39.2724
39.2376
36.798
36.7652
34.453
34.422
32.2306
32.2011
30.123
30.0951
28.1272
28.1007
26.246
26.2213
24.4898
24.4672
22.874
22.8529
21.4057
21.3867
20.077
20.0598
18.8688
18.853
17.7478
17.7332
16.702
16.6882
15.7158
15.7029
14.7789
14.7665
13.8866
13.8747
13.0358
13.0245
12.2211
12.2103
11.4445
11.4342
10.7049
10.6951
10.0036
9.99434
9.34586
9.33724
8.73729
8.72933
8.18121
8.17397
7.67442
7.66786
7.20927
7.20321
6.77676
6.77107
6.36941
6.36403
5.98343
5.97832
5.61504
5.61014
5.26174
5.25705
4.92339
4.91888
4.59782
4.5935
4.28535
4.28116
3.98609
3.9821
3.70107
3.6973
3.43255
3.42903
3.12629
3.11792
2.59279
2.58648
2.18442
2.17958
1.86806
1.86424
1.61609
-2.98847
-3.16525
-3.18699
-3.37984
-3.40366
-3.61226
-3.63766
-3.85935
-3.88625
-4.12011
-4.14851
-4.39376
-4.42339
-4.67978
-4.71067
-4.97877
-5.01115
-5.29153
-5.32522
-5.61872
-5.65413
-5.963
-6.00037
-6.32655
-6.36627
-6.71338
-6.75559
-7.13059
-7.17664
-7.58551
-7.63627
-8.08629
-8.14191
-8.63461
-8.69544
-9.23036
-9.29556
-9.86475
-9.93393
-10.5364
-10.6088
-11.2413
-11.3178
-11.9799
-12.0598
-12.7534
-12.8373
-13.564
-13.6515
-14.4141
-14.5063
-15.3109
-15.4083
-16.2598
-16.3634
-17.2729
-17.3844
-18.3697
-18.4913
-19.5739
-19.7082
-20.9017
-21.0502
-22.3646
-22.5275
-23.9561
-24.1306
-25.6569
-25.8426
-27.4615
-27.6588
-29.3654
-29.5723
-31.3674
-31.5852
-33.4762
-33.7058
-35.6985
-35.9401
-38.0474
-38.3032
-40.5474
-40.8201
-43.2231
-43.5171
-46.1127
-46.4322
-49.291
-49.6449
-52.828
-53.2269
-56.8038
-57.2513
-61.2545
-61.7544
-66.2082
-66.7578
-71.638
-72.2403
-77.582
-78.2386
-84.0919
-84.8167
-91.2568
-92.0562
-99.218
-100.113
-108.152
-109.159
-118.327
-119.488
-130.082
-131.436
-143.919
-145.523
-160.447
-162.385
-180.442
-182.796
-204.677
-207.458
-232.954
-236.133
-263.56
-266.792
-291.721
-294.253
-309.516
-310.324
-305.443
-303.447
-272.865
-267.53
-209.076
-200.553
-118.155
-107.5
-12.5861
-1.11937
94.1839
104.858
186.672
195.271
253.875
259.039
290.456
292.25
297.545
296.73
282.786
280.308
256.53
253.598
227.785
224.821
200.872
198.206
177.602
175.365
157.971
156.092
141.553
139.984
127.708
126.375
115.857
114.702
105.538
104.533
96.4788
95.5852
88.4109
87.6112
81.1774
80.4563
74.653
74.0046
68.7858
68.2057
63.554
63.0409
58.9162
58.4569
54.8193
54.4156
51.1751
50.8126
47.8708
47.5401
44.8418
44.5362
42.025
41.7399
39.3902
39.1206
36.9088
36.6547
34.5577
34.3177
32.33
32.102
30.2174
30.001
28.2166
28.0117
26.3298
26.1379
24.5666
24.3905
22.9453
22.7819
21.4701
21.3227
20.1353
20.0018
18.9222
18.7998
17.7975
17.6837
16.7487
16.6418
15.7598
15.6588
14.8208
14.7247
13.9268
13.8346
13.074
12.9863
12.2575
12.1741
11.4796
11.3993
10.738
10.6621
10.0348
9.96313
9.37493
9.30823
8.76419
8.7026
8.20573
8.14959
7.69669
7.64586
7.22985
7.18267
6.79603
6.75186
6.38759
6.34589
6.00072
5.9611
5.63159
5.59363
5.27769
5.24121
4.93864
4.90366
4.61252
4.57891
4.2995
4.2671
3.99956
3.96867
3.71388
3.6846
3.44445
3.4172
3.15496
3.09009
2.61426
2.56531
2.20089
2.16338
1.88107
1.85141
1.62663
-3.0092
-3.03541
-3.06185
-3.08856
-3.11568
-3.14313
-3.20967
-3.23809
-3.26697
-3.29623
-3.3258
-3.35568
-3.4283
-3.45923
-3.49044
-3.5221
-3.55399
-3.58624
-3.664
-3.69719
-3.7304
-3.76391
-3.79768
-3.83184
-3.91409
-3.94903
-3.98428
-4.01965
-4.05527
-4.09122
-4.17781
-4.21435
-4.25141
-4.28843
-4.32584
-4.36342
-4.454
-4.49232
-4.53103
-4.56992
-4.60895
-4.64834
-4.74264
-4.78276
-4.82338
-4.86386
-4.90457
-4.94569
-5.04458
-5.08648
-5.12878
-5.17119
-5.21395
-5.25686
-5.36023
-5.40412
-5.44841
-5.49289
-5.5375
-5.5825
-5.69077
-5.73708
-5.78349
-5.8302
-5.87712
-5.92466
-6.03896
-6.08735
-6.13631
-6.18566
-6.23549
-6.28599
-6.40729
-6.45883
-6.51084
-6.56329
-6.61621
-6.66992
-6.79959
-6.85537
-6.91166
-6.96838
-7.02574
-7.08363
-7.22439
-7.28462
-7.34574
-7.40776
-7.47043
-7.53407
-7.68888
-7.75507
-7.82228
-7.89048
-7.95951
-8.0296
-8.19969
-8.27259
-8.34647
-8.42101
-8.49619
-8.57257
-8.75856
-8.83782
-8.91826
-8.99938
-9.08092
-9.16366
-9.36311
-9.44801
-9.53349
-9.61955
-9.70622
-9.79402
-10.0056
-10.0953
-10.1865
-10.2778
-10.3696
-10.4618
-10.6843
-10.7785
-10.8742
-10.9696
-11.0658
-11.163
-11.3968
-11.4957
-11.5957
-11.696
-11.7966
-11.8987
-12.1423
-12.2463
-12.3513
-12.4558
-12.5613
-12.6677
-12.9239
-13.0325
-13.142
-13.2522
-13.3627
-13.4742
-13.7424
-13.8566
-13.9713
-14.0867
-14.2028
-14.3199
-14.6016
-14.7219
-14.843
-14.9647
-15.087
-15.2111
-15.5087
-15.6352
-15.7635
-15.8924
-16.0225
-16.1541
-16.4711
-16.6067
-16.7434
-16.8811
-17.0195
-17.1593
-17.5006
-17.6468
-17.7949
-17.9431
-18.0934
-18.246
-18.6187
-18.7785
-18.9399
-19.1034
-19.2693
-19.4375
-19.8469
-20.0222
-20.2012
-20.3818
-20.5646
-20.7508
-21.204
-21.3975
-21.5945
-21.794
-21.9949
-22.199
-22.695
-22.9061
-23.1209
-23.3379
-23.5563
-23.7776
-24.3116
-24.5386
-24.7678
-24.9986
-25.2313
-25.467
-26.0349
-26.2763
-26.5199
-26.7648
-27.0115
-27.2605
-27.8617
-28.1158
-28.3729
-28.6309
-28.8912
-29.1536
-29.7859
-30.0541
-30.3247
-30.5967
-30.8706
-31.1457
-31.8096
-32.0937
-32.3781
-32.6635
-32.9516
-33.2416
-33.9423
-34.2399
-34.5393
-34.8421
-35.1455
-35.4519
-36.1905
-36.5051
-36.8222
-37.1416
-37.4624
-37.7861
-38.5689
-38.9038
-39.2402
-39.5793
-39.9216
-40.2679
-41.1021
-41.4572
-41.8177
-42.1814
-42.55
-42.9222
-43.8219
-44.2054
-44.5931
-44.9859
-45.3828
-45.7871
-46.7671
-47.1893
-47.616
-48.048
-48.4856
-48.9299
-50.0135
-50.4796
-50.954
-51.4365
-51.9259
-52.4231
-53.6402
-54.1633
-54.6954
-55.2376
-55.788
-56.3484
-57.7162
-58.3045
-58.9017
-59.5078
-60.1202
-60.7457
-62.2734
-62.9292
-63.5958
-64.2703
-64.9536
-65.647
-67.3297
-68.0503
-68.7803
-69.5195
-70.2671
-71.0243
-72.8663
-73.6572
-74.4577
-75.267
-76.0847
-76.9137
-78.9237
-79.7899
-80.6652
-81.5491
-82.4453
-83.3546
-85.5679
-86.5177
-87.4792
-88.4532
-89.4448
-90.4457
-92.8902
-93.945
-95.0103
-96.0906
-97.1911
-98.3086
-101.045
-102.223
-103.417
-104.631
-105.871
-107.129
-110.218
-111.556
-112.919
-114.303
-115.716
-117.155
-120.703
-122.243
-123.808
-125.417
-127.055
-128.718
-132.861
-134.657
-136.498
-138.383
-140.313
-142.29
-147.206
-149.356
-151.555
-153.808
-156.12
-158.478
-164.396
-166.985
-169.63
-172.393
-175.202
-178.084
-185.21
-188.36
-191.587
-194.907
-198.324
-201.834
-210.381
-214.094
-217.864
-221.749
-225.715
-229.711
-239.362
-243.532
-247.717
-251.93
-256.175
-260.359
-270.143
-274.198
-278.065
-281.866
-285.483
-288.955
-296.65
-299.546
-302.243
-304.681
-306.746
-308.43
-310.874
-311.056
-310.926
-310.273
-309.159
-307.596
-301.296
-297.635
-293.753
-289.258
-284.03
-278.058
-261.772
-253.97
-245.498
-236.734
-227.078
-217.539
-191.393
-179.458
-167.585
-155.242
-142.355
-129.114
-96.3936
-82.3248
-68.0594
-53.483
-38.9102
-24.3449
10.5887
25.2135
39.8591
54.4497
68.8126
82.9271
115.504
128.606
141.424
153.944
165.969
177.587
203.772
213.648
223.078
231.903
240.169
248.088
263.981
269.81
275.158
280.06
284.49
288.192
293.975
295.691
296.983
298.137
298.56
298.195
295.688
294.069
292.196
290.149
287.786
285.133
277.686
274.41
270.813
266.976
263.258
259.515
250.554
246.646
242.667
238.756
234.813
230.912
221.814
218.088
214.402
210.735
207.101
203.629
195.545
192.301
189.152
186.035
182.948
179.95
173.101
170.349
167.654
165.027
162.46
159.964
154.204
151.917
149.663
147.447
145.296
143.201
138.399
136.46
134.561
132.703
130.888
129.118
125.024
123.368
121.744
120.145
118.589
117.064
113.532
112.094
110.675
109.288
107.931
106.597
103.51
102.252
101.012
99.7912
98.5913
97.4104
94.6758
93.5552
92.454
91.3692
90.3006
89.2443
86.7978
85.7952
84.808
83.8349
82.8744
81.9272
79.7225
78.8194
77.9317
77.0543
76.1848
75.3287
73.344
72.5309
71.7276
70.9361
70.1575
69.3912
67.6141
66.8873
66.172
65.4647
64.7713
64.0907
62.514
61.8683
61.2358
60.6127
59.9978
59.3931
57.9907
57.4201
56.8604
56.308
55.768
55.2381
54.0052
53.4993
52.9997
52.5089
52.0302
51.5523
50.4411
49.9841
49.5313
49.0852
48.6463
48.2139
47.2019
46.7842
46.371
45.9625
45.558
45.1584
44.2232
43.8348
43.4517
43.0714
42.695
42.3214
41.4482
41.0865
40.7275
40.3711
40.0175
39.6674
38.8466
38.5078
38.1708
37.8352
37.5021
37.1717
36.3943
36.0718
35.7528
35.4347
35.1196
34.8065
34.0719
33.7677
33.4642
33.162
32.8629
32.5662
31.8689
31.5797
31.2921
31.0067
30.723
30.4415
29.78
29.5058
29.2333
28.9633
28.6951
28.4289
27.8022
27.543
27.2871
27.0317
26.7786
26.5288
25.942
25.6989
25.4573
25.2192
24.9828
24.7506
24.2087
23.9839
23.7631
23.544
23.3275
23.1145
22.6162
22.412
22.2102
22.0114
21.8153
21.6226
21.1724
20.9872
20.8051
20.6251
20.4478
20.2739
19.8659
19.6981
19.5329
19.3699
19.2091
19.0491
18.6742
18.5188
18.3656
18.214
18.0637
17.9154
17.5675
17.423
17.2803
17.139
16.9981
16.8591
16.5326
16.3969
16.2616
16.1282
15.9956
15.8643
15.5548
15.4267
15.2988
15.1723
15.0463
14.9205
14.6262
14.5036
14.382
14.2615
14.1422
14.0224
13.7409
13.6243
13.5083
13.3931
13.2787
13.1647
12.8964
12.7845
12.6737
12.5631
12.4529
12.3441
12.0884
11.9817
11.8758
11.7707
11.6663
11.5626
11.3176
11.2159
11.1151
11.0151
10.9153
10.8165
10.5845
10.4878
10.3919
10.2966
10.202
10.1088
9.88975
9.799
9.70846
9.61925
9.53103
9.444
9.24011
9.15579
9.07233
8.98984
8.90822
8.82804
8.64016
8.56304
8.48652
8.4113
8.33693
8.26384
8.09258
8.02217
7.95275
7.88426
7.81654
7.75005
7.59386
7.52913
7.46583
7.40309
7.3408
7.27913
7.13429
7.07491
7.01571
6.95737
6.8992
6.84176
6.70672
6.65088
6.59536
6.54013
6.48504
6.43078
6.3032
6.25009
6.19749
6.14528
6.09333
6.04182
5.92026
5.86988
5.81976
5.76982
5.72029
5.67089
5.55472
5.5063
5.45824
5.41039
5.36278
5.31539
5.2039
5.1575
5.11148
5.06556
5.01994
4.97479
4.86779
4.82319
4.77895
4.7351
4.69115
4.6474
4.54444
4.50166
4.45905
4.41677
4.37471
4.33293
4.23406
4.19313
4.15233
4.11193
4.07161
4.03153
3.93712
3.89808
3.85924
3.82064
3.78227
3.74424
3.65469
3.61758
3.58079
3.5444
3.5084
3.47277
3.38959
3.35555
3.32218
3.28941
3.25771
3.22537
3.02656
2.94897
2.87396
2.80203
2.73275
2.66593
2.51628
2.45704
2.40029
2.3454
2.29206
2.24069
2.12578
2.08033
2.03654
1.99396
1.9525
1.91236
1.82166
1.78574
1.75087
1.71686
1.68373
1.6517
