-1.73815
-1.8723
-2.01316
-2.16129
-2.31762
-2.48374
-2.66169
-2.8547
-3.06533
-3.29631
-3.54797
-3.81931
-4.1089
-4.41567
-4.73941
-5.08062
-5.44071
-5.82216
-6.22837
-6.66438
-7.13773
-7.65625
-8.22723
-8.85366
-9.53335
-10.2634
-11.0394
-11.8611
-12.7294
-13.6467
-14.6202
-15.6574
-16.7724
-17.9825
-19.3112
-20.78
-22.4008
-24.1733
-26.0904
-28.1417
-30.3271
-32.6497
-35.1202
-37.7607
-40.5975
-43.6737
-47.0479
-50.8055
-55.0258
-59.7876
-65.1379
-71.1096
-77.7396
-85.1168
-93.3681
-102.699
-113.398
-125.866
-140.638
-158.406
-179.888
-205.331
-233.869
-261.918
-282.14
-284.175
-257.557
-198.345
-110.985
-6.66521
97.3755
185.892
244.907
271.504
270.77
251.957
225.585
198.659
174.409
153.781
136.509
121.99
109.655
99.0211
89.7301
81.5379
74.2709
67.8421
62.17
57.1858
52.791
48.8801
45.348
42.1154
39.1262
36.3395
33.7316
31.283
28.9859
26.8393
24.852
23.0327
21.3821
19.8902
18.5341
17.2881
16.1318
15.0488
14.0284
13.0632
12.1495
11.2851
10.4712
9.71018
9.00648
8.36249
7.77626
7.24042
6.74692
6.2865
5.85399
5.44444
5.05529
4.68507
4.33276
3.9997
3.68829
3.40387
2.91658
2.37923
1.98132
1.67635
1.43576
1.24077
1.08198
0.947521
0.835772
0.737117
0.647984
0.570154
-1.73894
-1.87147
-1.87313
-2.01229
-2.01403
-2.16038
-2.16221
-2.31665
-2.3186
-2.48271
-2.48478
-2.66058
-2.66281
-2.85348
-2.85592
-3.064
-3.06666
-3.29485
-3.29777
-3.54639
-3.54956
-3.81761
-3.82101
-4.1071
-4.1107
-4.41377
-4.41758
-4.7374
-4.74142
-5.0785
-5.08273
-5.43848
-5.44295
-5.81977
-5.82454
-6.22584
-6.23091
-6.66165
-6.66712
-7.13474
-7.14073
-7.65296
-7.65954
-8.22361
-8.23084
-8.84971
-8.85761
-9.52908
-9.53761
-10.2588
-10.2679
-11.0346
-11.0443
-11.856
-11.8662
-12.724
-12.7348
-13.6409
-13.6524
-14.6142
-14.6263
-15.6509
-15.6639
-16.7654
-16.7794
-17.9748
-17.9901
-19.3027
-19.3196
-20.7707
-20.7893
-22.3906
-22.4111
-24.1622
-24.1845
-26.0784
-26.1024
-28.1288
-28.1545
-30.3135
-30.3407
-32.6352
-32.6642
-35.1048
-35.1357
-37.7443
-37.7772
-40.5797
-40.6154
-43.6543
-43.693
-47.0265
-47.0694
-50.7815
-50.8296
-54.9988
-55.0529
-59.757
-59.8181
-65.1038
-65.1721
-71.0716
-71.1477
-77.6974
-77.7818
-85.0697
-85.1639
-93.3153
-93.4209
-102.639
-102.76
-113.328
-113.468
-125.784
-125.948
-140.54
-140.736
-158.288
-158.524
-179.746
-180.03
-205.167
-205.496
-233.693
-234.045
-261.766
-262.071
-282.059
-282.221
-284.232
-284.119
-257.823
-257.29
-198.79
-197.9
-111.586
-110.384
-7.31391
-6.01661
96.7813
97.969
185.427
186.356
244.658
245.15
271.429
271.578
270.846
270.692
252.102
251.811
225.75
225.421
198.817
198.501
174.544
174.273
153.895
153.667
136.604
136.414
122.07
121.909
109.724
109.586
99.081
98.9612
89.7827
89.6776
81.5845
81.4914
74.3122
74.2296
67.8787
67.8055
62.2021
62.138
57.214
57.1576
52.816
52.766
48.9025
48.8577
45.3684
45.3276
42.1342
42.0967
39.1436
39.1088
36.3558
36.3232
33.7469
33.7163
31.2974
31.2687
28.9994
28.9725
26.8518
26.8267
24.8635
24.8405
23.0432
23.0222
21.3916
21.3727
19.8988
19.8817
18.5419
18.5262
17.2954
17.2809
16.1386
16.1251
15.0552
15.0425
14.0344
14.0224
13.0688
13.0575
12.1549
12.1441
11.2902
11.28
10.476
10.4664
9.7146
9.70575
9.01054
9.00242
8.3662
8.35877
7.77965
7.77288
7.24352
7.23732
6.7498
6.74404
6.28919
6.28381
5.85653
5.85145
5.44685
5.44203
5.05759
5.053
4.68725
4.68288
4.33483
4.33069
4.00165
3.99775
3.6901
3.68649
3.40549
3.40224
2.92041
2.91276
2.382
2.37647
1.98341
1.97923
1.67799
1.67471
1.43706
1.43446
1.24183
1.23972
1.08286
1.0811
0.948268
0.946775
0.836397
0.835148
0.737683
0.736551
0.648492
0.647477
0.570591
-1.74449
-1.86567
-1.87896
-2.00619
-2.02014
-2.15395
-2.16865
-2.30986
-2.32541
-2.47546
-2.49205
-2.65278
-2.67066
-2.84498
-2.86446
-3.05469
-3.07601
-3.28467
-3.308
-3.53533
-3.56065
-3.80575
-3.83292
-4.09452
-4.12333
-4.40046
-4.43092
-4.72338
-4.75548
-5.06372
-5.09756
-5.42281
-5.45863
-5.80314
-5.84124
-6.20812
-6.24871
-6.64252
-6.68633
-7.1138
-7.16173
-7.62996
-7.68259
-8.19837
-8.25621
-8.82213
-8.88531
-9.49928
-9.56752
-10.2271
-10.2998
-11.0009
-11.0781
-11.8203
-11.902
-12.6863
-12.7726
-13.6011
-13.6924
-14.5718
-14.6688
-15.6056
-15.7093
-16.7165
-16.8284
-17.9213
-18.0439
-19.2437
-19.3788
-20.7056
-20.8548
-22.319
-22.4831
-24.0843
-24.2627
-25.9946
-26.1865
-28.039
-28.2443
-30.2184
-30.4362
-32.534
-32.7658
-34.9971
-35.2439
-37.6292
-37.8928
-40.4553
-40.7405
-43.5189
-43.829
-46.8767
-47.2201
-50.614
-50.998
-54.8099
-55.2431
-59.544
-60.0325
-64.8654
-65.412
-70.8056
-71.4151
-77.4029
-78.078
-84.7409
-85.4945
-92.9469
-93.7919
-102.219
-103.182
-112.843
-113.958
-125.215
-126.523
-139.857
-141.424
-157.467
-159.355
-178.758
-181.027
-204.019
-206.663
-232.454
-235.279
-260.685
-263.126
-281.466
-282.768
-284.601
-283.697
-259.604
-255.399
-201.871
-194.746
-115.767
-106.145
-11.8572
-1.47887
92.6055
102.107
182.147
189.521
242.746
246.823
270.922
272.06
271.351
270.121
253.096
250.784
226.911
224.28
199.921
197.4
175.499
173.327
154.699
152.872
137.274
135.751
122.636
121.349
110.21
109.106
99.5021
98.5435
90.152
89.3105
81.9116
81.1665
74.6022
73.9416
68.1354
67.5502
62.4271
61.9148
57.4119
56.9608
52.9918
52.5914
49.0596
48.7014
45.5114
45.1856
42.2658
41.9656
39.2659
38.987
36.4699
36.2095
33.854
33.6095
31.398
31.1684
29.0935
28.8788
26.9395
26.7393
24.9442
24.7601
23.1167
22.9491
21.4581
21.3065
19.9589
19.8219
18.5969
18.4715
17.3462
17.2301
16.1859
16.0778
15.0997
14.9981
14.0765
13.9805
13.1086
13.0178
12.1925
12.1066
11.3257
11.2446
10.5094
10.4332
9.74564
9.67486
9.03905
8.97402
8.39225
8.33285
7.80341
7.74925
7.26529
7.21568
6.76997
6.7239
6.30806
6.26501
5.87434
5.83368
5.46375
5.42518
5.07367
5.037
4.70255
4.66762
4.34936
4.3162
4.01534
3.98411
3.70277
3.67388
3.41691
3.39091
2.94742
2.88625
2.40154
2.35732
1.99818
1.96468
1.68953
1.66332
1.44622
1.42538
1.24925
1.23239
1.08907
1.07495
0.953517
0.941573
0.840778
0.830788
0.741656
0.732601
0.652057
0.643939
0.573645
-1.75852
-1.7768
-1.7952
-1.81368
-1.83232
-1.85109
-1.89369
-1.91287
-1.93218
-1.95159
-1.97116
-1.99088
-2.03561
-2.05576
-2.07606
-2.09646
-2.11707
-2.13782
-2.18494
-2.20617
-2.22757
-2.24911
-2.27088
-2.29281
-2.34265
-2.36516
-2.38785
-2.4107
-2.43386
-2.45726
-2.51048
-2.53454
-2.55883
-2.58334
-2.60816
-2.63323
-2.69056
-2.71658
-2.74291
-2.76947
-2.79641
-2.82368
-2.88612
-2.91446
-2.94316
-2.97216
-3.00159
-3.03139
-3.09974
-3.13087
-3.16232
-3.19416
-3.22646
-3.25917
-3.33397
-3.36796
-3.40233
-3.437
-3.47214
-3.50762
-3.58879
-3.62553
-3.66261
-3.69998
-3.7378
-3.776
-3.86308
-3.90243
-3.94209
-3.98197
-4.02226
-4.0629
-4.15525
-4.19691
-4.23906
-4.28135
-4.32403
-4.36703
-4.46473
-4.50879
-4.55314
-4.59773
-4.64274
-4.68807
-4.7911
-4.83752
-4.88429
-4.93133
-4.97879
-5.02659
-5.1351
-5.18401
-5.23334
-5.2829
-5.33297
-5.38349
-5.49843
-5.55024
-5.60241
-5.65489
-5.70792
-5.76145
-5.88343
-5.93847
-5.994
-6.04997
-6.10653
-6.16364
-6.29384
-6.35283
-6.4123
-6.47225
-6.53307
-6.59451
-6.73506
-6.79876
-6.86323
-6.92843
-6.99458
-7.06149
-7.21502
-7.28473
-7.35532
-7.42667
-7.49913
-7.57242
-7.74117
-7.81801
-7.89578
-7.97451
-8.05429
-8.13514
-8.32067
-8.40503
-8.49047
-8.57677
-8.66437
-8.753
-8.95556
-9.04748
-9.14027
-9.23392
-9.32875
-9.42459
-9.64333
-9.74231
-9.84229
-9.94294
-10.0447
-10.1473
-10.3806
-10.486
-10.5923
-10.6993
-10.8072
-10.9162
-11.1637
-11.2754
-11.3881
-11.5013
-11.6156
-11.7308
-11.9925
-12.1107
-12.2295
-12.3491
-12.4699
-12.5916
-12.8683
-12.9929
-13.1185
-13.2448
-13.3724
-13.501
-13.7938
-13.926
-14.0593
-14.1935
-14.3289
-14.4654
-14.7766
-14.9173
-15.0591
-15.202
-15.3463
-15.4921
-15.8245
-15.9755
-16.1281
-16.2816
-16.4371
-16.5941
-16.9532
-17.1162
-17.2812
-17.4476
-17.6164
-17.7875
-18.1802
-18.3591
-18.5401
-18.7228
-18.9082
-19.0962
-19.5297
-19.7265
-19.9263
-20.1287
-20.3345
-20.5429
-21.0209
-21.2388
-21.4599
-21.683
-21.9097
-22.1396
-22.6658
-22.905
-23.1466
-23.391
-23.6387
-23.8892
-24.461
-24.7202
-24.9823
-25.2465
-25.5141
-25.7843
-26.3996
-26.6775
-26.9583
-27.2409
-27.5262
-27.8139
-28.472
-28.7685
-29.0674
-29.3688
-29.6728
-29.9795
-30.678
-30.993
-31.3107
-31.6314
-31.9543
-32.2801
-33.0232
-33.3583
-33.6962
-34.0367
-34.3803
-34.7268
-35.5178
-35.8749
-36.2357
-36.6003
-36.9682
-37.3396
-38.1864
-38.5691
-38.9562
-39.3478
-39.7438
-40.1433
-41.0581
-41.4722
-41.8913
-42.3151
-42.7442
-43.1794
-44.1748
-44.6278
-45.0866
-45.5524
-46.024
-46.5022
-47.6037
-48.1063
-48.616
-49.1345
-49.6613
-50.1955
-51.4268
-51.9892
-52.56
-53.1433
-53.7347
-54.3375
-55.7285
-56.3627
-57.0081
-57.6646
-58.3321
-59.011
-60.5781
-61.2938
-62.0205
-62.7581
-63.5075
-64.2695
-66.0222
-66.8214
-67.6324
-68.4554
-69.2913
-70.1397
-72.0945
-72.9836
-73.8842
-74.7974
-75.7233
-76.6656
-78.8313
-79.8188
-80.821
-81.8371
-82.8692
-83.918
-86.3355
-87.4354
-88.555
-89.691
-90.8478
-92.0259
-94.7368
-95.9765
-97.2435
-98.5296
-99.8378
-101.17
-104.261
-105.679
-107.124
-108.597
-110.098
-111.633
-115.208
-116.849
-118.528
-120.242
-121.997
-123.799
-127.995
-129.933
-131.908
-133.929
-136.004
-138.153
-143.18
-145.505
-147.88
-150.319
-152.822
-155.421
-161.477
-164.273
-167.147
-170.124
-173.174
-176.293
-183.57
-186.902
-190.317
-193.861
-197.49
-201.154
-209.624
-213.482
-217.409
-221.344
-225.332
-229.353
-238.388
-242.385
-246.385
-250.326
-254.176
-257.865
-265.784
-268.986
-272.005
-274.854
-277.461
-279.817
-283.989
-285.042
-285.688
-286.003
-285.905
-285.394
-282.402
-280.057
-277.003
-273.251
-268.848
-263.856
-250.427
-243.531
-235.801
-227.678
-218.867
-209.469
-186.563
-175.607
-163.989
-151.698
-139.091
-126.118
-95.3877
-81.3947
-67.2209
-52.7001
-38.0427
-23.3431
9.92986
24.4618
39.0124
53.606
67.9357
81.9359
112.42
125.569
138.18
150.303
162.276
173.669
197.043
206.086
214.763
222.87
230.52
237.55
250.999
255.878
260.221
264.021
267.132
269.524
273.071
273.889
274.184
273.997
273.523
272.423
268.723
266.593
264.125
261.482
258.63
255.526
248.119
244.599
240.978
237.296
233.589
229.837
221.395
217.576
213.786
210.031
206.361
202.719
194.65
191.162
187.754
184.421
181.135
177.934
170.967
167.985
165.064
162.226
159.451
156.747
150.895
148.399
145.965
143.576
141.258
138.991
134.1
132.007
129.961
127.955
125.995
124.083
119.951
118.182
116.435
114.74
113.07
111.443
107.907
106.384
104.891
103.422
101.982
100.574
97.4994
96.1736
94.8709
93.5902
92.3322
91.0938
88.3925
87.2247
86.0769
84.9471
83.8362
82.7445
80.3526
79.3149
78.2976
77.2965
76.3113
75.3416
73.2214
72.3043
71.4029
70.5167
69.6453
68.7888
66.912
66.1016
65.3057
64.5235
63.756
63.0013
61.3539
60.64
59.9403
59.254
58.579
57.9159
56.4686
55.8418
55.2259
54.6209
54.0255
53.4388
52.1548
51.5988
51.0509
50.5122
49.9817
49.4589
48.3101
47.8101
47.3166
46.8297
46.3491
45.8744
44.8289
44.3732
43.9227
43.4775
43.0368
42.6
41.6367
41.2159
40.8
40.3881
39.9802
39.5761
38.6815
38.2901
37.9024
37.5183
37.1372
36.7601
35.9239
35.5578
35.1949
34.8352
34.4792
34.1256
33.3413
32.9974
32.6568
32.3193
31.9848
31.653
30.9164
30.5934
30.2736
29.9571
29.6434
29.3322
28.6433
28.3413
28.042
27.7456
27.4524
27.1621
26.5201
26.2395
25.9621
25.6885
25.4179
25.1494
24.5588
24.3009
24.0464
23.7954
23.5479
23.3034
22.7662
22.532
22.3007
22.0731
21.8484
21.627
21.141
20.9297
20.721
20.5156
20.3124
20.1119
19.6719
19.4801
19.2908
19.1041
18.9189
18.7363
18.3344
18.1588
17.9852
17.8137
17.6437
17.4752
17.1033
16.9407
16.7797
16.6203
16.4624
16.306
15.9596
15.8076
15.6568
15.5077
15.3594
15.2124
14.8867
14.7436
14.6017
14.4612
14.3215
14.1828
13.8752
13.7399
13.6054
13.4724
13.3403
13.2092
12.9183
12.7902
12.6631
12.5372
12.412
12.2878
12.0124
11.8912
11.7709
11.6517
11.5332
11.4157
11.1558
11.0416
10.9282
10.8161
10.7046
10.594
10.3497
10.2424
10.1362
10.0313
9.92729
9.82449
9.59727
9.49776
9.3994
9.30238
9.20637
9.11147
8.90281
8.81169
8.72173
8.63307
8.54519
8.45845
8.26803
8.18498
8.10302
8.02242
7.94257
7.8637
7.69001
7.61432
7.53956
7.46583
7.39275
7.32051
7.16142
7.09186
7.02309
6.95519
6.88777
6.82106
6.67343
6.60876
6.54468
6.48125
6.41831
6.35586
6.21783
6.15713
6.09689
6.03732
5.97813
5.9194
5.78907
5.7317
5.67471
5.61829
5.56219
5.50651
5.38285
5.32836
5.27427
5.22067
5.16735
5.11436
4.99675
4.94492
4.89345
4.84246
4.7917
4.74127
4.62928
4.57997
4.53102
4.48246
4.43415
4.38618
4.27983
4.2331
4.18679
4.14095
4.09531
4.05004
3.94994
3.906
3.86251
3.81952
3.77706
3.73494
3.64231
3.60197
3.56209
3.52286
3.4841
3.44597
3.36253
3.32643
3.29098
3.21019
3.11141
3.01727
2.82115
2.74039
2.66341
2.59
2.51947
2.45191
2.31013
2.25096
2.19408
2.13956
2.087
2.03618
1.92877
1.88425
1.84112
1.79929
1.7586
1.71915
1.63512
1.59972
1.56557
1.53273
1.50033
1.46958
1.40284
1.37435
1.34665
1.31979
1.29365
1.2683
1.21424
1.19143
1.16924
1.14734
1.12588
1.10492
1.05967
1.04028
1.02131
1.00279
0.984649
0.966924
0.928632
0.912254
0.8963
0.881169
0.866447
0.851897
0.819866
0.80588
0.792066
0.778453
0.765007
0.751756
0.722724
0.710112
0.697682
0.685293
0.673104
0.661142
0.635112
0.623886
0.612887
0.602191
0.591705
0.581433
