-1.86194
-2.12568
-2.4166
-2.7454
-3.12882
-3.58055
-4.09811
-4.67445
-5.30991
-6.01518
-6.81279
-7.74568
-8.85563
-10.1457
-11.5955
-13.2023
-14.9886
-17.009
-19.3704
-22.2019
-25.5435
-29.3533
-33.6244
-38.4262
-43.9362
-50.4951
-58.5984
-68.6496
-80.8947
-95.8667
-114.806
-140.003
-175.286
-223.405
-273.052
-279.505
-186.174
-6.66521
173.262
266.59
262.449
215.747
169.998
135.893
111.046
92.2229
77.369
65.4905
56.0877
48.5902
42.3695
36.9965
32.2483
28.0268
24.329
21.1985
18.589
16.3595
14.3917
12.6208
11.0217
9.59574
8.36434
7.32476
6.43205
5.63964
4.92122
4.26577
3.67748
2.99663
2.08361
1.53577
1.17494
0.919012
0.730072
-1.86277
-2.12477
-2.12659
-2.41559
-2.41761
-2.74424
-2.74656
-3.12746
-3.13019
-3.57896
-3.58215
-4.09632
-4.09991
-4.67247
-4.67644
-5.30772
-5.3121
-6.01273
-6.01763
-6.80998
-6.8156
-7.74234
-7.74903
-8.85168
-8.85958
-10.1412
-10.1502
-11.5905
-11.6005
-13.1967
-13.2078
-14.9824
-14.9948
-17.0019
-17.0161
-19.3619
-19.3788
-22.1917
-22.212
-25.5318
-25.5553
-29.3401
-29.3666
-33.6096
-33.6393
-38.4094
-38.443
-43.9167
-43.9557
-50.4713
-50.5188
-58.5687
-58.6281
-68.6131
-68.686
-80.8504
-80.939
-95.8121
-95.9215
-114.735
-114.877
-139.906
-140.1
-175.149
-175.423
-223.23
-223.579
-272.925
-273.178
-279.63
-279.379
-186.641
-185.707
-7.31391
-6.01661
172.773
173.75
266.466
266.712
262.565
262.332
215.913
215.581
170.13
169.867
135.987
135.798
111.115
110.976
92.2776
92.1684
77.4126
77.3255
65.5253
65.4558
56.1151
56.0603
48.6124
48.568
42.3884
42.3506
37.013
36.98
32.2629
32.2336
28.0399
28.0138
24.3402
24.3178
21.2078
21.1891
18.5969
18.5811
16.3664
16.3527
14.3978
14.3856
12.6263
12.6152
11.0266
11.0167
9.60012
9.59136
8.36806
8.36063
7.3279
7.32161
6.4348
6.42931
5.64211
5.63717
4.92348
4.91897
4.26782
4.26372
3.67928
3.67568
3.00062
2.99265
2.08587
2.08135
1.53719
1.53436
1.17592
1.17396
0.919727
0.918297
0.730633
-1.87023
-2.11661
-2.13477
-2.40653
-2.42674
-2.73383
-2.75702
-3.11516
-3.14251
-3.56462
-3.59656
-4.08017
-4.11611
-4.65462
-4.69434
-5.28803
-5.33187
-5.9907
-6.03975
-6.78476
-6.84098
-7.71237
-7.77924
-8.81623
-8.89522
-10.1007
-10.1908
-11.5455
-11.6458
-13.1469
-13.2578
-14.9266
-15.0507
-16.9379
-17.0804
-19.2858
-19.4555
-22.1007
-22.3037
-25.426
-25.6616
-29.2211
-29.4861
-33.4764
-33.773
-38.2587
-38.5944
-43.7415
-44.1322
-50.2583
-50.7335
-58.3026
-58.8962
-68.2862
-69.0154
-80.4535
-81.3384
-95.3223
-96.4179
-114.099
-115.518
-139.033
-140.981
-173.92
-176.662
-221.661
-225.157
-271.766
-274.291
-280.699
-278.191
-190.831
-181.444
-13.1561
-0.18317
168.329
178.104
265.267
267.766
263.599
261.262
217.409
214.09
171.321
168.698
136.842
134.953
111.748
110.349
92.7707
91.6788
77.8061
76.935
65.8388
65.1446
56.3626
55.8146
48.813
48.3688
42.5589
42.1811
37.1621
36.8316
32.3954
32.1017
28.1576
27.8966
24.4416
24.217
21.2924
21.1052
18.6678
18.5106
16.4281
16.2913
14.4529
14.3306
12.6762
12.5655
11.0715
10.972
9.63965
9.55204
8.40158
8.32731
7.35629
7.29338
6.45956
6.40459
5.6644
5.61496
4.94379
4.89873
4.2863
4.24531
3.69552
3.65953
3.0369
2.95716
2.10632
2.0612
1.55008
1.52172
1.1846
1.16522
0.926204
0.9119
0.735703
-1.89574
-1.93337
-1.97151
-2.01019
-2.04935
-2.08906
-2.16276
-2.20407
-2.24603
-2.28872
-2.332
-2.37596
-2.45804
-2.50431
-2.55142
-2.59956
-2.64861
-2.69878
-2.79297
-2.8465
-2.90128
-2.95742
-3.0149
-3.07387
-3.18498
-3.24824
-3.31298
-3.37935
-3.44711
-3.5163
-3.64593
-3.71912
-3.79376
-3.86986
-3.94714
-4.02562
-4.1715
-4.25368
-4.33699
-4.42158
-4.50734
-4.5943
-4.75568
-4.84619
-4.93806
-5.03131
-5.12573
-5.22152
-5.3996
-5.49978
-5.60138
-5.70466
-5.80967
-5.91649
-6.11549
-6.22774
-6.34222
-6.45891
-6.57803
-6.69981
-6.92829
-7.05825
-7.19156
-7.32816
-7.4681
-7.61162
-7.88294
-8.0376
-8.19621
-8.35912
-8.52592
-8.69685
-9.01762
-9.19931
-9.38483
-9.57437
-9.76738
-9.96402
-10.3299
-10.5359
-10.7452
-10.9581
-11.174
-11.3933
-11.8005
-12.0292
-12.2612
-12.497
-12.7361
-12.9786
-13.4291
-13.6824
-13.9399
-14.2021
-14.4678
-14.7384
-15.2426
-15.5268
-15.8163
-16.113
-16.4149
-16.7228
-17.3011
-17.6294
-17.9664
-18.3126
-18.6673
-19.0303
-19.7187
-20.1117
-20.5159
-20.9308
-21.3569
-21.7942
-22.6185
-23.0871
-23.5669
-24.0577
-24.5582
-25.0695
-26.0257
-26.5647
-27.1136
-27.6719
-28.2411
-28.8196
-29.8953
-30.5011
-31.1168
-31.743
-32.3793
-33.0269
-34.2307
-34.9089
-35.5995
-36.3032
-37.0209
-37.7511
-39.1143
-39.8876
-40.6764
-41.4829
-42.3074
-43.1522
-44.7395
-45.6465
-46.5777
-47.5365
-48.5243
-49.5434
-51.4738
-52.5831
-53.7325
-54.92
-56.1461
-57.4118
-59.8207
-61.207
-62.6361
-64.1099
-65.6271
-67.1898
-70.149
-71.847
-73.5903
-75.3806
-77.2247
-79.1214
-82.7137
-84.7761
-86.8992
-89.0872
-91.3483
-93.6812
-98.1289
-100.696
-103.359
-106.125
-108.994
-111.98
-117.732
-121.088
-124.604
-128.283
-132.119
-136.134
-144.031
-148.666
-153.551
-158.712
-164.118
-169.828
-180.968
-187.455
-194.289
-201.435
-208.799
-216.381
-230.53
-238.403
-246.225
-253.857
-261.034
-267.692
-277.794
-282.079
-284.868
-285.969
-285.599
-283.409
-273.358
-264.221
-252.785
-239.022
-222.919
-204.519
-166.21
-142.024
-116.41
-89.3231
-61.5957
-32.9647
19.3971
47.9067
75.8672
102.745
128.528
152.538
192.156
210.02
226.022
240.048
251.356
260.325
270.603
273.363
274.178
273.323
270.712
266.903
257.334
251.116
244.3
237.147
229.851
222.512
209.077
201.939
194.921
188.162
181.67
175.442
164.781
159.301
154.076
149.091
144.344
139.822
132.136
128.165
124.366
120.745
117.274
113.948
108.25
105.286
102.426
99.6782
97.0272
94.4711
90.0418
87.7206
85.4772
83.3041
81.2012
79.1613
75.6265
73.7674
71.9704
70.2319
68.5506
66.921
64.1044
62.6293
61.2044
59.8266
58.4984
57.2164
54.9929
53.8255
52.6932
51.5967
50.5336
49.5026
47.6997
46.7433
45.8109
44.9009
44.0127
43.1442
41.6104
40.7924
39.9906
39.2032
38.431
37.6736
36.33
35.6097
34.9019
34.2066
33.522
32.8492
31.6566
31.0148
30.3842
29.7656
29.1575
28.5604
27.5024
26.9364
26.3816
25.8387
25.3088
24.7899
23.8782
23.3951
22.9241
22.4649
22.0177
21.5834
20.8234
20.4209
20.0288
19.647
19.2752
18.9116
18.2731
17.9331
17.6001
17.2729
16.9531
16.6394
16.0839
15.786
15.493
15.2044
14.9207
14.6416
14.1451
13.8775
13.6139
13.3541
13.0987
12.8467
12.3978
12.1562
11.9181
11.6832
11.4521
11.225
10.8212
10.6041
10.391
10.1814
9.97607
9.77505
9.41975
9.23039
9.04558
8.86498
8.68897
8.51697
8.21539
8.05552
7.89965
7.74722
7.59871
7.45378
7.19841
7.06243
6.92929
6.79858
6.6703
6.54454
6.3213
6.20158
6.08365
5.96756
5.85335
5.7407
5.53997
5.43179
5.32503
5.21962
5.11575
5.01327
4.83032
4.7316
4.63416
4.53796
4.4431
4.34957
4.18327
4.09381
4.00575
3.91923
3.83437
3.75138
3.60531
3.52782
3.45253
3.37941
3.3089
3.16525
2.84135
2.68526
2.54258
2.41112
2.29023
2.1782
1.99479
1.904
1.81978
1.74014
1.66535
1.59532
1.47931
1.42056
1.36469
1.31175
1.26188
1.215
1.13605
1.0951
1.05603
1.01864
0.982885
0.948716
0.890643
0.861811
0.833651
0.806123
0.779284
0.753168
