-2.14868
-2.33997
-2.5459
-2.77099
-3.02133
-3.3022
-3.61467
-3.95624
-4.32393
-4.71663
-5.13503
-5.58181
-6.06132
-6.58136
-7.15478
-7.79768
-8.52294
-9.33247
-10.2178
-11.1723
-12.194
-13.2859
-14.4553
-15.7155
-17.0924
-18.6197
-20.3443
-22.3007
-24.488
-26.8865
-29.4832
-32.2791
-35.2904
-38.5499
-42.1139
-46.0714
-50.5626
-55.7507
-61.7794
-68.7139
-76.5989
-85.5548
-95.8312
-107.81
-122.1
-139.599
-161.537
-189.34
-223.23
-259.084
-284.996
-282.155
-232.289
-134.792
-6.91656
121.279
219.098
268.831
273.432
249.256
215.407
183.507
156.885
135.564
118.321
104.119
92.1781
81.9549
73.1226
65.5055
59.004
53.4601
48.6728
44.4384
40.6195
37.1254
33.901
30.9121
28.1469
25.6084
23.3152
21.2837
19.4922
17.8965
16.4467
15.1106
13.8667
12.7042
11.6152
10.5995
9.6613
8.81048
8.05142
7.37574
6.76634
6.20731
5.68739
5.19951
4.73956
4.30614
3.90006
3.52647
3.08261
2.39502
1.91731
1.56998
1.30727
1.10269
0.9373
0.804917
-2.1496
-2.33899
-2.34095
-2.54484
-2.54696
-2.76982
-2.77215
-3.02003
-3.02264
-3.30074
-3.30367
-3.61304
-3.61629
-3.95449
-3.95799
-4.32205
-4.3258
-4.71463
-4.71863
-5.13289
-5.13717
-5.57953
-5.58409
-6.05886
-6.06378
-6.57867
-6.58405
-7.1518
-7.15777
-7.79431
-7.80105
-8.51914
-8.52675
-9.32826
-9.33668
-10.2132
-10.2223
-11.1674
-11.1772
-12.1888
-12.1992
-13.2803
-13.2914
-14.4493
-14.4613
-15.7091
-15.722
-17.0853
-17.0996
-18.6117
-18.6277
-20.3353
-20.3534
-22.2905
-22.311
-24.4767
-24.4993
-26.8741
-26.8988
-29.4699
-29.4965
-32.2647
-32.2935
-35.275
-35.3058
-38.5332
-38.5667
-42.0954
-42.1325
-46.0507
-46.0921
-50.5388
-50.5863
-55.723
-55.7783
-61.7474
-61.8114
-68.6773
-68.7506
-76.5574
-76.6404
-85.5076
-85.6021
-95.7767
-95.8858
-107.746
-107.874
-122.023
-122.178
-139.502
-139.696
-161.415
-161.66
-189.187
-189.493
-223.052
-223.408
-258.917
-259.25
-284.922
-285.07
-282.278
-282.03
-232.665
-231.913
-135.37
-134.214
-7.57328
-6.25975
120.697
121.86
218.732
219.463
268.7
268.959
273.499
273.364
249.413
249.098
215.575
215.24
183.653
183.362
157.003
156.768
135.659
135.47
118.398
118.244
104.183
104.055
92.2325
92.1238
82.0018
81.908
73.1631
73.0821
65.5402
65.4708
59.0335
58.9745
53.4854
53.4348
48.695
48.6506
44.4582
44.4186
40.6375
40.6015
37.142
37.1088
33.9163
33.8857
30.9263
30.8979
28.16
28.1337
25.6204
25.5964
23.3259
23.3046
21.2931
21.2743
19.5005
19.4839
17.904
17.889
16.4535
16.4398
15.1169
15.1042
13.8726
13.8607
12.7097
12.6986
11.6204
11.61
10.6044
10.5947
9.66573
9.65688
8.81445
8.80651
8.05495
8.0479
7.37891
7.37258
6.76921
6.76347
6.20996
6.20465
5.68987
5.6849
5.20185
5.19716
4.74178
4.73735
4.30823
4.30406
3.90199
3.89813
3.52822
3.52472
3.08683
3.07839
2.39781
2.39224
1.9193
1.91532
1.57148
1.56849
1.30841
1.30613
1.10359
1.10178
0.938033
0.936568
0.805523
-2.15647
-2.33165
-2.34829
-2.53692
-2.55493
-2.76109
-2.78094
-3.01025
-3.03247
-3.28977
-3.31469
-3.60089
-3.62849
-3.94138
-3.97115
-4.308
-4.3399
-4.69965
-4.73365
-5.11686
-5.15323
-5.56244
-5.60123
-6.04044
-6.08227
-6.55854
-6.60426
-7.12946
-7.18026
-7.76909
-7.82641
-8.49073
-8.55534
-9.29689
-9.36825
-10.1792
-10.2565
-11.1309
-11.2138
-12.1498
-12.2384
-13.2385
-13.3333
-14.4044
-14.5063
-15.6607
-15.7707
-17.0319
-17.1532
-18.5516
-18.6881
-20.2675
-20.4216
-22.2139
-22.388
-24.3921
-24.5843
-26.7817
-26.9915
-29.3702
-29.5965
-32.1576
-32.4012
-35.1595
-35.4218
-38.4076
-38.6927
-41.9571
-42.2712
-45.8956
-46.2481
-50.3613
-50.7651
-55.5168
-55.9862
-61.5084
-62.0521
-68.4032
-69.0263
-76.2472
-76.9525
-85.1544
-85.9575
-95.369
-96.2964
-107.266
-108.358
-121.443
-122.763
-138.783
-140.426
-160.501
-162.585
-188.053
-190.643
-221.719
-224.748
-257.664
-260.492
-284.378
-285.595
-283.16
-281.053
-235.439
-229.049
-139.668
-129.847
-12.496
-1.33268
116.31
126.193
215.951
222.167
267.712
269.882
273.951
272.833
250.576
247.899
216.828
213.987
184.747
182.276
157.892
155.89
136.37
134.765
118.976
117.671
104.664
103.577
92.6419
91.7174
82.354
81.5578
73.4679
72.7794
65.8016
65.2113
59.2556
58.7538
53.6755
53.2457
48.8614
48.4845
44.6071
44.2703
40.7731
40.4665
37.2666
36.9847
34.0314
33.7711
31.033
30.7915
28.2584
28.0357
25.7104
25.5066
23.4062
23.2245
21.3639
21.204
19.5632
19.4218
17.9604
17.833
16.5051
16.3885
15.1648
15.0566
13.9172
13.8163
12.7514
12.657
11.6594
11.5711
10.6407
10.5585
9.69897
9.62379
8.8443
8.77679
8.08148
8.02156
7.40272
7.34883
6.79078
6.74197
6.22994
6.18474
5.70854
5.66629
5.2194
5.1796
4.75841
4.72078
4.32385
4.28848
3.91651
3.88367
3.54131
3.51167
3.11771
3.04686
2.41883
2.37154
1.93435
1.9005
1.58276
1.55736
1.31702
1.29763
1.11044
1.095
0.943554
0.931105
0.81008
-2.17586
-2.20241
-2.22916
-2.25621
-2.2835
-2.3111
-2.36905
-2.39745
-2.42621
-2.45537
-2.48487
-2.51472
-2.57753
-2.6086
-2.6399
-2.6717
-2.70391
-2.73667
-2.80587
-2.84011
-2.87499
-2.91044
-2.94654
-2.98298
-3.06037
-3.09888
-3.13796
-3.17771
-3.21807
-3.25914
-3.34597
-3.38895
-3.43251
-3.47675
-3.52159
-3.56705
-3.66291
-3.71015
-3.75801
-3.80645
-3.85529
-3.90468
-4.00837
-4.05937
-4.11091
-4.16309
-4.21568
-4.26874
-4.37972
-4.43427
-4.48931
-4.545
-4.60115
-4.65772
-4.77612
-4.83429
-4.89285
-4.95209
-5.01181
-5.0721
-5.19852
-5.2605
-5.32303
-5.38638
-5.45018
-5.51458
-5.64971
-5.716
-5.78296
-5.8508
-5.91946
-5.98891
-6.13455
-6.20629
-6.27875
-6.35231
-6.42689
-6.50233
-6.66152
-6.74021
-6.82008
-6.90143
-6.98368
-7.06714
-7.24418
-7.33211
-7.42123
-7.51221
-7.60456
-7.69866
-7.89841
-7.9976
-8.09833
-8.20107
-8.30545
-8.41149
-8.63625
-8.7475
-8.86029
-8.97499
-9.09127
-9.2091
-9.45718
-9.57988
-9.70385
-9.82908
-9.95587
-10.0838
-10.3532
-10.4858
-10.6195
-10.7548
-10.8912
-11.0287
-11.3174
-11.4592
-11.6025
-11.7474
-11.8934
-12.0405
-12.3492
-12.5005
-12.6533
-12.808
-12.9639
-13.1215
-13.4517
-13.6138
-13.7777
-13.9434
-14.1104
-14.2791
-14.6333
-14.8073
-14.9833
-15.1619
-15.3429
-15.5254
-15.9087
-16.0981
-16.2903
-16.4855
-16.6828
-16.8826
-17.3053
-17.5143
-17.7274
-17.9432
-18.162
-18.3847
-18.8591
-19.0944
-19.3333
-19.5775
-19.8255
-20.0785
-20.6152
-20.8828
-21.1547
-21.432
-21.7137
-22
-22.6062
-22.9061
-23.211
-23.5213
-23.8355
-24.1547
-24.8262
-25.1579
-25.493
-25.8329
-26.176
-26.5234
-27.2538
-27.614
-27.9781
-28.3462
-28.7166
-29.0917
-29.879
-30.2667
-30.659
-31.0549
-31.4542
-31.8578
-32.7046
-33.1212
-33.5427
-33.9689
-34.4001
-34.8361
-35.7497
-36.2008
-36.6568
-37.118
-37.5847
-38.0571
-39.0489
-39.5391
-40.0372
-40.5426
-41.0535
-41.5716
-42.6639
-43.2049
-43.7568
-44.3163
-44.8852
-45.4639
-46.6905
-47.3028
-47.9254
-48.5591
-49.2052
-49.8659
-51.2715
-51.9747
-52.692
-53.4262
-54.1756
-54.9416
-56.5764
-57.3938
-58.2293
-59.0819
-59.9526
-60.843
-62.7345
-63.6786
-64.6428
-65.6253
-66.6252
-67.6417
-69.8064
-70.8801
-71.977
-73.0906
-74.2261
-75.3828
-77.8379
-79.0582
-80.3018
-81.5687
-82.8577
-84.1709
-86.968
-88.3643
-89.7894
-91.2389
-92.7201
-94.2342
-97.4635
-99.0784
-100.731
-102.425
-104.16
-105.933
-109.738
-111.651
-113.61
-115.627
-117.703
-119.835
-124.43
-126.755
-129.148
-131.617
-134.172
-136.795
-142.512
-145.416
-148.419
-151.502
-154.697
-157.992
-165.231
-168.905
-172.691
-176.62
-180.689
-184.889
-193.939
-198.512
-203.219
-208.049
-212.958
-217.981
-228.52
-233.684
-238.819
-244.002
-249.103
-254.094
-263.936
-268.402
-272.645
-276.178
-279.634
-282.602
-286.78
-288.035
-288.581
-288.297
-287.267
-285.332
-277.902
-272.627
-266.751
-259.873
-251.965
-242.852
-220.624
-208.48
-195.502
-181.585
-166.802
-151.463
-117.294
-99.767
-81.7748
-63.5046
-44.9849
-26.3592
12.5114
31.4543
50.1821
68.3883
86.2737
103.729
138.118
153.473
168.207
182.355
195.658
207.795
229.455
238.401
246.5
253.59
259.748
264.737
272.168
274.552
275.911
276.306
275.832
275.058
271.137
268.426
265.282
261.662
257.815
253.669
244.476
239.78
234.953
230.067
225.171
220.349
210.481
205.83
201.201
196.62
192.156
187.842
179.263
175.294
171.421
167.648
163.989
160.437
153.471
150.28
147.164
144.151
141.221
138.391
132.81
130.225
127.727
125.3
122.935
120.628
116.082
113.968
111.909
109.904
107.945
106.032
102.251
100.485
98.7577
97.0668
95.4197
93.8056
90.5866
89.0773
87.601
86.1549
84.7396
83.3549
80.584
79.282
78.0063
76.7559
75.5314
74.3336
71.9364
70.8089
69.7085
68.6326
67.5752
66.5448
64.49
63.5266
62.5873
61.6668
60.7686
59.8886
58.141
57.3219
56.521
55.7368
54.9679
54.2165
52.7195
52.0179
51.328
50.6509
49.9877
49.3342
48.0226
47.4047
46.7967
46.1976
45.6084
45.0282
43.8565
43.3015
42.7544
42.2151
41.6821
41.1558
40.09
39.5839
39.0838
38.5887
38.1004
37.618
36.638
36.1713
35.7105
35.2545
34.8028
34.3566
33.4506
33.0188
32.5911
32.1675
31.7485
31.3345
30.4942
30.0937
29.6974
29.3058
28.919
28.5366
27.7614
27.3927
27.0288
26.6694
26.315
25.965
25.2564
24.922
24.5933
24.2671
23.9479
23.6339
23.0018
22.7039
22.4111
22.1238
21.8417
21.5645
21.0081
20.7461
20.4884
20.2341
19.9852
19.7408
19.2482
19.0162
18.7873
18.562
18.3393
18.12
17.6762
17.4658
17.2584
17.0534
16.8512
16.6513
16.2449
16.0517
15.8608
15.6717
15.4848
15.3
14.9233
14.7439
14.5664
14.39
14.2153
14.0428
13.6921
13.5246
13.3584
13.1936
13.0308
12.8694
12.5406
12.3836
12.2279
12.0733
11.9206
11.7698
11.4619
11.315
11.1698
11.0259
10.8838
10.7433
10.4575
10.3214
10.187
10.0542
9.92304
9.79339
9.53135
9.40739
9.28514
9.16457
9.04597
8.92921
8.69377
8.58266
8.4736
8.36612
8.2605
8.1568
7.94784
7.84921
7.75208
7.65629
7.56231
7.46983
7.28299
7.1946
7.10749
7.02089
6.93571
6.85186
6.68182
6.60096
6.52107
6.44192
6.36376
6.2864
6.12903
6.05416
5.98
5.9064
5.83348
5.76131
5.61418
5.54398
5.47425
5.40505
5.33664
5.26893
5.13052
5.06437
4.99872
4.93358
4.86911
4.80518
4.67457
4.61222
4.55035
4.48891
4.4282
4.36797
4.24493
4.18631
4.12826
4.07074
4.01389
3.95758
3.84323
3.78878
3.73507
3.68205
3.62983
3.57838
3.47533
3.42684
3.3795
3.33329
3.28881
3.20781
2.96259
2.85515
2.75379
2.65718
2.56597
2.47945
2.31463
2.24052
2.17
2.10272
2.03884
1.97768
1.85981
1.80683
1.75591
1.70688
1.65989
1.61487
1.5267
1.48658
1.44812
1.41156
1.3761
1.34167
1.27417
1.24335
1.21374
1.18519
1.15719
1.12998
1.07623
1.05142
1.02738
1.004
0.981331
0.959331
0.91598
0.896021
0.877198
0.858838
0.840783
0.823001
