-2.09079
-2.3962
-2.74254
-3.15115
-3.63907
-4.20049
-4.82662
-5.52046
-6.29683
-7.19229
-8.26609
-9.55296
-11.0292
-12.678
-14.5153
-16.5912
-19.0221
-21.9758
-25.5178
-29.5832
-34.1624
-39.3459
-45.364
-52.6815
-61.9396
-73.5008
-87.6908
-105.47
-128.902
-161.844
-209.389
-265.908
-286.104
-198.026
-6.91656
184.955
273.093
255.433
202.469
157.18
125.057
101.79
84.0718
70.1053
59.1518
50.6412
43.7607
37.9103
32.7832
28.2453
24.2911
20.986
18.272
15.9632
13.9261
12.0979
10.4579
9.02034
7.81264
6.80231
5.92454
5.13655
4.42029
3.77323
3.14493
2.12485
1.53402
1.15599
0.892095
0.698491
-2.09168
-2.3952
-2.3972
-2.74139
-2.74369
-3.14977
-3.15253
-3.63744
-3.64071
-4.19865
-4.20233
-4.82458
-4.82867
-5.5182
-5.52272
-6.29428
-6.29937
-7.18928
-7.1953
-8.26243
-8.26974
-9.54867
-9.55727
-11.0244
-11.0341
-12.6726
-12.6834
-14.5093
-14.5213
-16.5843
-16.5981
-19.0139
-19.0304
-21.9657
-21.9859
-25.506
-25.5295
-29.5698
-29.5965
-34.1474
-34.1774
-39.3288
-39.363
-45.3437
-45.3844
-52.6562
-52.7068
-61.9075
-61.9717
-73.4613
-73.5403
-87.6421
-87.7396
-105.408
-105.532
-128.817
-128.986
-161.721
-161.967
-209.219
-209.559
-265.752
-266.064
-286.175
-286.031
-198.488
-197.562
-7.57328
-6.25975
184.48
185.43
273.005
273.181
255.574
255.292
202.632
202.308
157.298
157.062
125.14
124.974
101.852
101.728
84.1201
84.0235
70.1437
70.067
59.1814
59.1222
50.6645
50.6179
43.7802
43.7412
37.9272
37.8935
32.7981
32.7683
28.2584
28.2322
24.3025
24.2797
20.9952
20.9768
18.2797
18.2643
15.9699
15.9565
13.9321
13.9202
12.1033
12.0926
10.4627
10.4532
9.02443
9.01624
7.81604
7.80924
6.8052
6.79943
5.9271
5.92198
5.13887
5.13423
4.4224
4.41818
3.77511
3.77135
3.14916
3.14072
2.12718
2.12253
1.53546
1.53258
1.15695
1.15503
0.892776
0.891415
0.699034
-2.09997
-2.38601
-2.40644
-2.73075
-2.75441
-3.13707
-3.16537
-3.62239
-3.65583
-4.18166
-4.21937
-4.80579
-4.84753
-5.49732
-5.54368
-6.27075
-6.32305
-7.16151
-7.22325
-8.22876
-8.30361
-9.50899
-9.59715
-10.9799
-11.0788
-12.6231
-12.7331
-14.4538
-14.5769
-16.5207
-16.662
-18.9376
-19.1069
-21.8729
-22.0793
-25.3971
-25.6388
-29.4466
-29.7202
-34.0087
-34.3168
-39.1708
-39.5219
-45.1564
-45.5726
-52.4231
-52.942
-61.6118
-62.2698
-73.097
-73.9071
-87.1932
-88.1923
-104.835
-106.111
-128.041
-129.772
-160.592
-163.113
-207.656
-211.143
-264.285
-267.492
-286.787
-285.304
-202.711
-193.221
-13.6345
-0.18698
180.005
189.779
272.135
273.938
256.899
253.978
204.139
200.84
158.399
155.978
125.914
124.209
102.428
101.158
84.5688
83.5784
70.4994
69.7148
59.4567
58.8493
50.881
50.4035
43.9607
43.5618
38.0834
37.738
32.9364
32.6307
28.3802
28.1108
24.4073
24.1756
21.0806
20.8919
18.3509
18.1935
16.0316
15.895
13.9872
13.8652
12.153
12.043
10.507
10.4091
9.06242
8.97848
7.8475
7.77788
6.83196
6.7728
5.95081
5.89834
5.16036
5.11281
4.44193
4.39872
3.79256
3.75399
3.18878
3.10221
2.1489
2.10124
1.54891
1.51936
1.16591
1.14618
0.899111
0.885378
0.704086
-2.12918
-2.17278
-2.21699
-2.2619
-2.30756
-2.35409
-2.43907
-2.48798
-2.53787
-2.58887
-2.64083
-2.6939
-2.79226
-2.84918
-2.90771
-2.96789
-3.02952
-3.09298
-3.21077
-3.27921
-3.3494
-3.42139
-3.4949
-3.57024
-3.70908
-3.78896
-3.87015
-3.95291
-4.03705
-4.1227
-4.27932
-4.36865
-4.45948
-4.55183
-4.64556
-4.74048
-4.91384
-5.01286
-5.11344
-5.21578
-5.31941
-5.42484
-5.61749
-5.72764
-5.83963
-5.95417
-6.07056
-6.18901
-6.40692
-6.5325
-6.66098
-6.79262
-6.92763
-7.06567
-7.32238
-7.47136
-7.62461
-7.78287
-7.94548
-8.11254
-8.42344
-8.60414
-8.78928
-8.97902
-9.17337
-9.37203
-9.73729
-9.94698
-10.1606
-10.3786
-10.6001
-10.825
-11.2363
-11.4717
-11.711
-11.9541
-12.2005
-12.4509
-12.9085
-13.1705
-13.4365
-13.7071
-13.9821
-14.2614
-14.7728
-15.0661
-15.366
-15.671
-15.9821
-16.3005
-16.8875
-17.2269
-17.5745
-17.9318
-18.2975
-18.6752
-19.3772
-19.7863
-20.2081
-20.643
-21.0912
-21.5524
-22.4096
-22.9061
-23.4159
-23.9393
-24.4739
-25.0207
-26.0241
-26.6009
-27.189
-27.7892
-28.3997
-29.0195
-30.1558
-30.8083
-31.4705
-32.1445
-32.8301
-33.5279
-34.8081
-35.542
-36.2905
-37.0533
-37.8311
-38.624
-40.084
-40.928
-41.7905
-42.6733
-43.5799
-44.5103
-46.2394
-47.2488
-48.2886
-49.3613
-50.4736
-51.6217
-53.7773
-55.0455
-56.3606
-57.722
-59.1319
-60.5932
-63.3245
-64.9267
-66.5782
-68.2789
-70.0356
-71.8423
-75.2067
-77.1718
-79.1944
-81.2798
-83.4272
-85.6453
-89.798
-92.2258
-94.7455
-97.352
-100.054
-102.866
-108.169
-111.315
-114.587
-118.02
-121.616
-125.381
-132.587
-136.92
-141.5
-146.33
-151.41
-156.771
-167.208
-173.478
-180.137
-187.176
-194.517
-202.213
-216.776
-225.241
-233.803
-242.37
-250.861
-258.986
-272.321
-278.223
-283.22
-286.568
-288.402
-288.177
-281.766
-274.14
-264.11
-251.413
-235.531
-216.733
-177.278
-152.104
-124.879
-95.8275
-65.6566
-34.8371
21.0923
52.3383
82.3474
111.325
138.766
163.879
203.963
222.256
237.863
250.841
261.156
268.424
275.769
276.15
274.833
271.734
267.189
261.352
249.164
241.448
233.428
225.285
217.287
209.368
195.674
188.384
181.424
174.77
168.409
162.344
152.294
147.075
142.115
137.414
132.933
128.678
121.57
117.842
114.284
110.878
107.608
104.477
99.1997
96.3923
93.6943
91.0938
88.5846
86.1634
82.0446
79.8467
77.7208
75.6653
73.6822
71.7643
68.5027
66.7644
65.0936
63.4823
61.9332
60.4388
57.9102
56.567
55.2703
54.0185
52.8144
51.6516
49.6589
48.5896
47.5511
46.5416
45.5574
44.5988
42.9411
42.0442
41.1649
40.3038
39.4613
38.6345
37.1987
36.4149
35.6466
34.8917
34.1506
33.4229
32.1528
31.4592
30.7786
30.1099
29.4533
28.8096
27.6902
27.0815
26.4855
25.902
25.3313
24.7762
23.8174
23.3019
22.8006
22.3134
21.8417
21.3837
20.5986
20.1759
19.7662
19.3674
18.9802
18.6028
17.9483
17.594
17.2476
16.9084
16.576
16.2497
15.6815
15.3717
15.0667
14.7666
14.4718
14.1812
13.6745
13.3968
13.1235
12.8542
12.5893
12.3283
11.8712
11.6217
11.3755
11.1335
10.8962
10.663
10.2563
10.0351
9.81815
9.60575
9.39881
9.19674
8.84789
8.66003
8.47737
8.29948
8.12689
7.95896
7.66955
7.51368
7.36182
7.21346
7.06863
6.92644
6.6804
6.54647
6.41509
6.28586
6.15894
6.03429
5.81617
5.69671
5.57908
5.46287
5.34853
5.23603
5.03829
4.92986
4.82297
4.71725
4.61331
4.51066
4.33094
4.2323
4.13532
4.0399
3.94616
3.85413
3.694
3.60728
3.52316
3.44137
3.36267
3.28782
2.97031
2.79427
2.63347
2.48622
2.35176
2.2276
2.02938
1.92982
1.83769
1.75209
1.672
1.5973
1.47443
1.41263
1.35418
1.29865
1.24652
1.19773
1.11586
1.07303
1.03236
0.99363
0.956802
0.921815
0.864566
0.834546
0.80528
0.77674
0.748986
0.721986
