-2.91509
-3.51332
-4.24119
-5.08379
-6.05453
-7.21305
-8.67402
-10.486
-12.6085
-15.0632
-17.9901
-21.6963
-26.3856
-31.9827
-38.5607
-46.5584
-57.0128
-71.1287
-89.7329
-115.09
-152.992
-213.313
-280.026
-235.919
-6.66521
222.985
268.901
206.201
148.56
111.326
86.1185
67.8604
54.6253
44.8825
37.1289
30.6216
25.136
20.7333
17.2954
14.4652
12.0292
9.92729
8.19402
6.81917
5.67931
4.68834
3.82168
2.8344
1.75947
1.19438
-2.91634
-3.51176
-3.51489
-4.23934
-4.24304
-5.08167
-5.08591
-6.05207
-6.057
-7.21002
-7.21608
-8.67016
-8.67789
-10.4814
-10.4907
-12.6031
-12.6139
-15.0569
-15.0694
-17.9825
-17.9978
-21.6864
-21.7061
-26.3735
-26.3978
-31.9685
-31.9969
-38.5439
-38.5776
-46.5373
-46.5795
-56.9843
-57.0414
-71.0906
-71.1668
-89.6827
-89.7832
-115.019
-115.161
-152.879
-153.106
-213.143
-213.482
-279.927
-280.124
-236.273
-235.564
-7.31391
-6.01661
222.639
223.33
268.983
268.819
206.361
206.041
148.668
148.452
111.396
111.256
86.1684
86.0687
67.8969
67.8238
54.6516
54.599
44.9026
44.8624
37.1455
37.1123
30.6357
30.6075
25.1477
25.1243
20.7424
20.7242
17.3026
17.2881
14.4713
14.4591
12.0345
12.0239
9.93182
9.92277
8.19763
8.1904
6.82208
6.81627
5.6818
5.67682
4.69053
4.68616
3.82356
3.8198
2.83806
2.83076
1.76123
1.75772
1.19536
-2.9298
-3.495
-3.53178
-4.21946
-4.26295
-5.05897
-5.10871
-6.02561
-6.08357
-7.17753
-7.24878
-8.62877
-8.71953
-10.4317
-10.5406
-12.5457
-12.6715
-14.9901
-15.1367
-17.9004
-18.0805
-21.5808
-21.8125
-26.2437
-26.5282
-31.816
-32.1501
-38.3633
-38.7593
-46.3112
-46.8075
-56.6794
-57.3495
-70.6825
-71.5779
-89.1452
-90.3263
-114.257
-115.93
-151.686
-154.326
-211.322
-215.318
-278.862
-281.133
-239.984
-231.716
-14.293
0.95027
218.882
226.97
269.834
267.88
208.085
204.324
149.837
147.3
112.156
110.506
86.707
85.5349
68.2919
67.4322
54.9355
54.3177
45.1197
44.647
37.3243
36.9346
30.7876
30.4565
25.2736
24.9992
20.8403
20.627
17.3808
17.2103
14.5375
14.3932
12.0919
11.9666
9.98062
9.87429
8.23666
8.15166
6.85338
6.78513
5.70858
5.65015
4.71405
4.66272
3.8438
3.79975
2.87782
2.79209
1.78026
1.73902
1.20606
-2.983
-3.06633
-3.1527
-3.24229
-3.33486
-3.4305
-3.59833
-3.70179
-3.80812
-3.91731
-4.0289
-4.14302
-4.34113
-4.46204
-4.58548
-4.71155
-4.84007
-4.97129
-5.19821
-5.33683
-5.47866
-5.62365
-5.77181
-5.92372
-6.18817
-6.35089
-6.5181
-6.69073
-6.86863
-7.05281
-7.37791
-7.58019
-7.79068
-8.00911
-8.23536
-8.46999
-8.88372
-9.13987
-9.40375
-9.6755
-9.95448
-10.2402
-10.7367
-11.0407
-11.3512
-11.6689
-11.993
-12.3241
-12.8979
-13.2481
-13.6062
-13.9731
-14.3483
-14.7323
-15.401
-15.812
-16.236
-16.672
-17.1216
-17.586
-18.4073
-18.9184
-19.4504
-20.0037
-20.5788
-21.1756
-22.2334
-22.8918
-23.5723
-24.275
-24.9984
-25.7433
-27.0418
-27.8382
-28.6567
-29.4938
-30.3509
-31.2281
-32.7525
-33.6875
-34.6442
-35.6256
-36.6338
-37.6688
-39.4762
-40.5931
-41.7454
-42.9357
-44.1667
-45.4449
-47.7114
-49.1365
-50.6239
-52.1777
-53.8066
-55.5147
-58.5712
-60.5031
-62.5226
-64.6312
-66.8302
-69.1225
-73.203
-75.7541
-78.4145
-81.1866
-84.0763
-87.0922
-92.4805
-95.8803
-99.4581
-103.218
-107.183
-111.366
-118.994
-123.912
-129.159
-134.733
-140.761
-147.206
-159.187
-167.008
-175.48
-184.497
-194.108
-204.333
-222.546
-233.737
-244.909
-255.728
-265.648
-274.159
-284.242
-286.001
-284.605
-279.177
-268.382
-252.785
-215.799
-187.917
-155.932
-120.147
-81.5485
-41.3055
27.6999
68.0906
106.459
142.343
175.088
203.138
240.048
255.423
266.268
272.066
274.185
272.669
263.476
255.401
246.072
235.934
225.462
214.932
197.701
187.989
178.824
170.184
162.093
154.536
142.917
136.627
130.756
125.228
120.062
115.205
107.644
103.48
99.5374
95.7959
92.2366
88.8457
83.4956
80.5093
77.6565
74.9324
72.3342
69.857
65.9407
63.7643
61.6944
59.7207
57.8465
56.0627
53.2422
51.6652
50.1571
48.7107
47.3184
45.9761
43.8199
42.5922
41.4012
40.2462
39.1218
38.028
36.2487
35.2279
34.2325
33.2594
32.3107
31.3848
29.8755
29.0094
28.1652
27.3429
26.5438
25.7691
24.5196
23.8107
23.1282
22.47
21.8362
21.2275
20.2543
19.7049
19.1756
18.6631
18.1684
17.6889
16.9117
16.4676
16.0349
15.6125
15.2003
14.7973
14.1391
13.759
13.387
13.0229
12.6664
12.3173
11.746
11.4162
11.0945
10.7796
10.4724
10.1731
9.68765
9.41053
9.14233
8.88295
8.63268
8.39076
8.00329
7.78389
7.57203
7.36705
7.16877
6.97671
6.66504
6.48652
6.31238
6.14233
5.9762
5.81369
5.54729
5.39337
5.24237
5.09416
4.94888
4.80633
4.57224
4.43678
4.30402
4.1742
4.04728
3.92345
3.7226
3.60855
3.49862
3.39317
3.29267
3.04138
2.6495
2.45365
2.27945
2.12336
1.98289
1.85693
1.66884
1.57013
1.48025
1.39723
1.32025
1.24936
