-2.27179
-2.55015
-2.86471
-3.23052
-3.65542
-4.13377
-4.6599
-5.23395
-5.86247
-6.56122
-7.35923
-8.29536
-9.38924
-10.6247
-11.9869
-13.4793
-15.1207
-16.9574
-19.0717
-21.5731
-24.5106
-27.8454
-31.5488
-35.6469
-40.2231
-45.4453
-51.6238
-59.1696
-68.3668
-79.349
-92.4725
-108.552
-129.07
-156.549
-194.399
-242.445
-283.357
-273.607
-175.265
-6.91656
161.888
260.65
271.864
233.498
188.273
152.08
125.224
104.858
88.8305
75.8172
65.1768
56.6016
49.6609
43.8386
38.7709
34.2547
30.1876
26.5402
23.3366
20.6175
18.3181
16.3169
14.5257
12.8969
11.4083
10.0593
8.86427
7.83983
6.96157
6.18739
5.48613
4.84169
4.24719
3.70525
3.18769
2.26278
1.6929
1.31185
1.04105
0.840315
-2.27274
-2.54908
-2.55121
-2.86348
-2.86593
-3.2291
-3.23195
-3.65379
-3.65705
-4.13195
-4.13558
-4.65792
-4.66188
-5.23179
-5.23612
-5.86008
-5.86486
-6.55854
-6.5639
-7.35612
-7.36234
-8.2917
-8.29903
-9.38504
-9.39344
-10.62
-10.6294
-11.9818
-11.9921
-13.4736
-13.4849
-15.1144
-15.1269
-16.9503
-16.9645
-19.0634
-19.08
-21.5632
-21.5829
-24.4993
-24.5219
-27.8326
-27.8581
-31.5348
-31.5629
-35.6314
-35.6625
-40.2055
-40.2407
-45.425
-45.4657
-51.5993
-51.6483
-59.1395
-59.1997
-68.3304
-68.4032
-79.3058
-79.3922
-92.4205
-92.5246
-108.487
-108.616
-128.986
-129.155
-156.434
-156.665
-194.241
-194.557
-242.264
-242.626
-283.271
-283.442
-273.802
-273.411
-175.781
-174.749
-7.57328
-6.25975
161.378
162.397
260.462
260.835
271.945
271.782
233.667
233.328
188.421
188.125
152.192
151.969
125.307
125.14
104.922
104.793
88.8824
88.7786
75.8596
75.7748
65.2113
65.1424
56.6293
56.5739
49.6836
49.6381
43.8581
43.8191
38.7881
38.7536
34.2702
34.2393
30.2015
30.1737
26.5525
26.5278
23.3473
23.3259
20.6264
20.6085
18.3258
18.3104
16.3237
16.3101
14.5319
14.5195
12.9025
12.8913
11.4135
11.4032
10.0639
10.0547
8.86827
8.86027
7.84324
7.83642
6.96453
6.9586
6.19005
6.18474
5.48855
5.4837
4.84392
4.83946
4.24925
4.24513
3.7071
3.70341
3.19203
3.18337
2.26535
2.26023
1.69456
1.69125
1.31299
1.3107
1.04189
1.04021
0.84094
-2.28086
-2.54008
-2.56026
-2.85313
-2.87635
-3.217
-3.24415
-3.63989
-3.67097
-4.11653
-4.15105
-4.64111
-4.67875
-5.21341
-5.25453
-5.83987
-5.88518
-6.53583
-6.58674
-7.32979
-7.38872
-8.26061
-8.33027
-9.34932
-9.42926
-10.5802
-10.6693
-11.9382
-12.0359
-13.4258
-13.5329
-15.0614
-15.1801
-16.8903
-17.0248
-18.9934
-19.1504
-21.4799
-21.6667
-24.4034
-24.6184
-27.7247
-27.9664
-31.4157
-31.6825
-35.4993
-35.7953
-40.0562
-40.3906
-45.2523
-45.639
-51.3913
-51.8575
-58.8844
-59.4567
-68.0219
-68.7139
-78.9401
-79.7604
-91.9799
-92.9686
-107.939
-109.173
-128.271
-129.879
-155.462
-157.652
-192.906
-195.906
-240.726
-244.169
-282.519
-284.146
-275.405
-271.737
-180.116
-170.311
-13.1469
-0.67807
157
166.734
258.812
262.351
272.61
271.057
235.108
231.875
189.682
186.873
153.143
151.027
126.019
124.435
105.473
104.247
89.325
88.3395
76.2219
75.4152
65.5055
64.8507
56.8656
56.3394
49.8784
49.4453
44.0244
43.6538
38.9352
38.6073
34.4018
34.1083
30.3202
30.0555
26.658
26.4228
23.4384
23.2352
20.7031
20.5323
18.3914
18.2452
16.3817
16.2524
14.5843
14.4672
12.9504
12.8435
11.4572
11.3596
10.1031
10.0156
8.90253
8.82638
7.8723
7.80754
6.9898
6.9335
6.21263
6.16225
5.50921
5.46311
4.86293
4.82052
4.26677
4.22768
3.72282
3.68775
3.22959
3.14705
2.28732
2.23863
1.70872
1.67729
1.3228
1.30102
1.04908
1.03311
0.846269
-2.30775
-2.34717
-2.38705
-2.42753
-2.46871
-2.51068
-2.59033
-2.63434
-2.67918
-2.72497
-2.77175
-2.81949
-2.91088
-2.96185
-3.0139
-3.06717
-3.12186
-3.17764
-3.28459
-3.34411
-3.40493
-3.46684
-3.53003
-3.59452
-3.7171
-3.785
-3.85367
-3.92343
-3.99423
-4.06618
-4.20223
-4.277
-4.3527
-4.42939
-4.5071
-4.58601
-4.73456
-4.81624
-4.89881
-4.98245
-5.06735
-5.15334
-5.31546
-5.4047
-5.49518
-5.58683
-5.67969
-5.77392
-5.95259
-6.05112
-6.15124
-6.25284
-6.35633
-6.46179
-6.66248
-6.77379
-6.88773
-7.0038
-7.12234
-7.24403
-7.47675
-7.60651
-7.73994
-7.87647
-8.01628
-8.15951
-8.43411
-8.58727
-8.74379
-8.90316
-9.06617
-9.23253
-9.54845
-9.72316
-9.90065
-10.0807
-10.2638
-10.45
-10.8015
-10.9948
-11.1908
-11.3895
-11.591
-11.7954
-12.1807
-12.3926
-12.6073
-12.8248
-13.0453
-13.2694
-13.6919
-13.9246
-14.1606
-14.3997
-14.6424
-14.8887
-15.3568
-15.6147
-15.8772
-16.1445
-16.4172
-16.6953
-17.2247
-17.5191
-17.8204
-18.127
-18.4414
-18.7654
-19.3844
-19.7307
-20.0865
-20.4508
-20.8254
-21.2088
-21.9451
-22.3556
-22.7752
-23.2035
-23.6412
-24.0892
-24.9401
-25.41
-25.8889
-26.375
-26.8692
-27.3724
-28.3252
-28.8487
-29.3807
-29.921
-30.4697
-31.0266
-32.0786
-32.6582
-33.2462
-33.8439
-34.4513
-35.0678
-36.2358
-36.8807
-37.5363
-38.2029
-38.8803
-39.57
-40.8871
-41.6163
-42.36
-43.1185
-43.8966
-44.6913
-46.216
-47.0685
-47.9446
-48.8421
-49.7657
-50.7183
-52.5542
-53.5895
-54.6555
-55.7565
-56.8891
-58.0567
-60.3147
-61.5839
-62.8879
-64.23
-65.6094
-67.0246
-69.7462
-71.2658
-72.8254
-74.4247
-76.0669
-77.7517
-80.9864
-82.7954
-84.653
-86.5658
-88.5303
-90.55
-94.4517
-96.6473
-98.91
-101.246
-103.666
-106.16
-111.026
-113.781
-116.649
-119.631
-122.734
-125.96
-132.31
-135.958
-139.773
-143.782
-147.963
-152.32
-160.982
-166.03
-171.272
-176.778
-182.559
-188.585
-200.414
-207.168
-214.095
-221.224
-228.438
-235.707
-249.14
-256.124
-262.834
-269.146
-274.784
-279.609
-286.104
-287.99
-288.569
-287.575
-284.882
-279.995
-265.84
-255.665
-243.227
-228.581
-211.881
-193.794
-155.534
-132.837
-108.669
-83.4777
-57.6634
-31.5045
17.7054
44.3112
70.0726
95.1335
119.313
142.233
180.594
199.208
215.497
229.827
242.05
252.629
266.718
271.636
274.972
276.282
275.792
274.374
268.405
263.824
258.423
252.692
246.412
239.816
227.099
220.272
213.521
206.882
200.375
193.961
182.788
177.057
171.571
166.279
161.207
156.353
147.965
143.707
139.62
135.734
131.985
128.407
122.143
118.947
115.88
112.922
110.075
107.32
102.477
99.9931
97.5805
95.2516
92.9917
90.8022
86.9144
84.9048
82.9556
81.0611
79.2202
77.4312
74.249
72.6036
71.0017
69.4514
67.9488
66.4871
63.9034
62.5724
61.2829
60.0316
58.8236
57.6536
55.578
54.5037
53.4654
52.4582
51.4786
50.5241
48.8178
47.9294
47.0632
46.2157
45.3873
44.5765
43.1153
42.35
41.5982
40.86
40.1337
39.4212
38.1307
37.4517
36.7822
36.1235
35.4759
34.8375
33.6802
33.0695
32.4669
31.8728
31.2884
30.7132
29.6694
29.1191
28.5781
28.046
27.5223
27.0083
26.08
25.5916
25.1132
24.6469
24.1879
23.7413
22.9406
22.5229
22.1168
21.7204
21.3341
20.958
20.2838
19.9329
19.59
19.2556
18.9289
18.6095
18.0324
17.7295
17.4327
17.1416
16.8557
16.5739
16.0638
15.7947
15.53
15.2693
15.0113
14.7576
14.2965
14.0518
13.8116
13.5744
13.3397
13.1085
12.6878
12.4649
12.2447
12.0273
11.813
11.602
11.2175
11.0145
10.8147
10.6179
10.4238
10.2331
9.88803
9.70609
9.5283
9.35408
9.18315
9.01604
8.7159
8.55908
8.40641
8.25704
8.11118
7.96888
7.71334
7.57973
7.44942
7.32158
7.19644
7.07377
6.85171
6.7351
6.62049
6.50777
6.39667
6.28733
6.08883
5.984
5.88033
5.77814
5.67708
5.57749
5.39582
5.29955
5.20467
5.11062
5.01756
4.9258
4.75852
4.66966
4.58183
4.49508
4.40955
4.32479
4.17065
4.08911
4.00885
3.92971
3.85174
3.77502
3.63671
3.56426
3.49386
3.42525
3.35888
3.29523
3.03012
2.87475
2.73198
2.59896
2.47579
2.36183
2.16988
2.07603
1.98837
1.90601
1.82892
1.75652
1.63263
1.57095
1.51221
1.4568
1.40523
1.3558
1.26995
1.22702
1.18648
1.14718
1.10938
1.0732
1.01016
0.978142
0.947408
0.918037
0.890024
0.863961
