-1.76682
-2.06607
-2.39945
-2.78265
-3.24516
-3.80474
-4.44827
-5.16862
-5.97647
-6.90672
-8.03239
-9.41531
-11.0305
-12.8514
-14.8998
-17.2565
-20.1065
-23.6537
-27.879
-32.7114
-38.2222
-44.673
-52.649
-63.0284
-76.3049
-93.0491
-115.024
-146.156
-193.962
-263.014
-312.657
-234.144
-6.92333
220.574
299.893
253.756
188.301
142.135
111.367
89.4242
72.8267
60.1513
50.6209
43.1147
36.8161
31.3436
26.566
22.5268
19.274
16.6111
14.3121
12.2724
10.4577
8.88671
7.59485
6.52937
5.60501
4.77706
4.03148
3.38416
2.2925
1.58817
1.16188
0.876156
0.669208
-1.76762
-2.06519
-2.06696
-2.39845
-2.40045
-2.78147
-2.78382
-3.24373
-3.2466
-3.80304
-3.80643
-4.44636
-4.45019
-5.16648
-5.17076
-5.97405
-5.97889
-6.90387
-6.90958
-8.02887
-8.03592
-9.41106
-9.41955
-11.0256
-11.0353
-12.846
-12.8568
-14.8937
-14.9059
-17.2493
-17.2637
-20.0975
-20.1154
-23.6427
-23.6647
-27.8663
-27.8918
-32.6969
-32.7258
-38.2056
-38.2389
-44.6531
-44.6929
-52.6236
-52.6745
-62.9953
-63.0616
-76.2631
-76.347
-92.9959
-93.1023
-114.952
-115.096
-146.05
-146.262
-193.796
-194.129
-262.806
-263.221
-312.643
-312.669
-234.619
-233.668
-7.65368
-6.19271
220.112
221.035
299.899
299.886
253.952
253.559
188.461
188.142
142.24
142.03
111.439
111.296
89.4774
89.3711
72.8675
72.7859
60.1821
60.1206
50.6443
50.5974
43.1339
43.0955
36.8325
36.7997
31.358
31.3292
26.5784
26.5535
22.537
22.5166
19.2822
19.2658
16.618
16.6042
14.3182
14.306
12.2778
12.267
10.4624
10.4529
8.89073
8.88268
7.59812
7.59158
6.53214
6.5266
5.60746
5.60255
4.77927
4.77484
4.03345
4.0295
3.38579
3.38253
2.29514
2.28986
1.58965
1.58669
1.16284
1.16091
0.876798
0.875514
0.669736
-1.77544
-2.05657
-2.07561
-2.38874
-2.4102
-2.77006
-2.79531
-3.22978
-3.26065
-3.78651
-3.82303
-4.42769
-4.46893
-5.14565
-5.19165
-5.95051
-6.00253
-6.87616
-6.93746
-7.99465
-8.07038
-9.36981
-9.46102
-10.9786
-11.0825
-12.7932
-12.9099
-14.8339
-14.9659
-17.1793
-17.3343
-20.0107
-20.2029
-23.5359
-23.7721
-27.7423
-28.0163
-32.556
-32.8673
-38.0437
-38.4016
-44.4596
-44.8875
-52.3765
-52.924
-62.6736
-63.3862
-75.8577
-76.7571
-92.4797
-93.6232
-114.254
-115.802
-145.023
-147.305
-192.186
-195.769
-260.777
-265.216
-312.452
-312.719
-239.136
-228.978
-14.729
0.94445
215.501
225.459
299.906
299.767
255.861
251.636
190.025
186.594
143.26
141.017
112.144
110.599
89.9982
88.8546
73.2669
72.39
60.4831
59.8226
50.8737
50.3698
43.3214
42.9092
36.9932
36.6397
31.4986
31.1893
26.7003
26.4323
22.637
22.4174
19.3623
19.1863
16.6854
16.5371
14.3775
14.247
12.3307
12.2143
10.5092
10.4063
8.93013
8.8435
7.63013
7.55978
6.55922
6.49965
5.63141
5.57869
4.80087
4.75331
4.05277
4.01028
3.40178
3.36671
2.32108
2.26456
1.60421
1.57242
1.1723
1.15157
0.883076
0.869274
0.674904
-1.80395
-1.84694
-1.89057
-1.93493
-1.97989
-2.02552
-2.10719
-2.15483
-2.20325
-2.25261
-2.30278
-2.35387
-2.44589
-2.49986
-2.5551
-2.61174
-2.6697
-2.72919
-2.83746
-2.90182
-2.96811
-3.03654
-3.10703
-3.17973
-3.31228
-3.39108
-3.47201
-3.55512
-3.64012
-3.72711
-3.88373
-3.97569
-4.06936
-4.16482
-4.26185
-4.36051
-4.53731
-4.64053
-4.74539
-4.85213
-4.96047
-5.07065
-5.26799
-5.38331
-5.50056
-5.62009
-5.74185
-5.86587
-6.08904
-6.22032
-6.35432
-6.49184
-6.63252
-6.77696
-7.03973
-7.19579
-7.35681
-7.52317
-7.69495
-7.87229
-8.19689
-8.39043
-8.58947
-8.7949
-9.00569
-9.22177
-9.61268
-9.84249
-10.0772
-10.3169
-10.5609
-10.8093
-11.255
-11.5156
-11.7807
-12.0504
-12.3245
-12.6033
-13.1034
-13.3956
-13.6931
-13.9958
-14.3045
-14.619
-15.1853
-15.5176
-15.8579
-16.2062
-16.5624
-16.9284
-17.5933
-17.988
-18.395
-18.8159
-19.2506
-19.7002
-20.5246
-21.0178
-21.5267
-22.0527
-22.5949
-23.1531
-24.166
-24.7648
-25.3769
-26.0037
-26.6436
-27.2965
-28.4713
-29.1602
-29.8626
-30.5779
-31.3067
-32.0495
-33.384
-34.1677
-34.9664
-35.7816
-36.6133
-37.4628
-38.998
-39.9032
-40.8309
-41.7829
-42.7613
-43.7666
-45.6022
-46.6988
-47.8338
-49.0092
-50.2279
-51.4974
-53.8437
-55.26
-56.7351
-58.2703
-59.8656
-61.5233
-64.5814
-66.4149
-68.3147
-70.2782
-72.3075
-74.4073
-78.2591
-80.5628
-82.9475
-85.4195
-87.9808
-90.6386
-95.5456
-98.5113
-101.611
-104.842
-108.227
-111.778
-118.421
-122.501
-126.826
-131.386
-136.232
-141.395
-151.206
-157.378
-163.95
-170.983
-178.5
-186.531
-201.867
-211.364
-221.335
-231.797
-242.496
-253.374
-272.366
-282.751
-292.002
-300.099
-306.538
-310.945
-311.884
-307.76
-300.106
-288.897
-273.537
-254.239
-211.234
-181.956
-149.683
-115.017
-78.4329
-40.4665
26.8258
64.6668
101.469
136.025
168.374
197.855
240.746
260.4
275.524
287.132
294.792
298.958
298.627
294.806
288.719
281.276
272.197
262.526
244.617
234.339
224.207
214.299
204.802
195.796
181.149
173.468
166.243
159.441
153.066
147.068
137.451
132.383
127.598
123.081
118.811
114.75
108.127
104.585
101.201
97.9742
94.8835
91.9191
87.0182
84.3662
81.8161
79.3668
77.008
74.7387
70.9785
68.9417
66.9877
65.1144
63.3157
61.594
58.7598
57.2318
55.7691
54.3657
53.0171
51.7181
49.5563
48.3771
47.2369
46.1292
45.0542
44.0081
42.2413
41.2668
40.3145
39.3829
38.4722
37.5805
36.0649
35.2221
34.3963
33.5853
32.791
32.0125
30.6859
29.9481
29.2253
28.5167
27.8235
27.1463
25.9981
25.3651
24.7487
24.149
23.5678
23.0049
22.0624
21.5482
21.0506
20.5703
20.1061
19.6568
18.9015
18.4874
18.0836
17.6905
17.307
16.9321
16.2957
15.9422
15.5958
15.2558
14.9223
14.5944
14.0343
13.7222
13.4154
13.1132
12.8163
12.524
12.0246
11.746
11.472
11.2031
10.939
10.68
10.239
9.99458
9.75578
9.52257
9.29556
9.0748
8.70342
8.50005
8.30303
8.11157
7.9266
7.74754
7.44598
7.28042
7.11916
6.96166
6.80818
6.65815
6.40288
6.26113
6.12196
5.98519
5.85092
5.71886
5.49278
5.36637
5.24194
5.11925
4.99858
4.87969
4.67574
4.56166
4.44937
4.33881
4.23019
4.12342
3.9412
3.84011
3.74144
3.64502
3.55158
3.46082
3.31027
3.17044
2.94992
2.75321
2.57708
2.41862
2.17638
2.05448
1.94322
1.84085
1.74655
1.65902
1.52079
1.44979
1.38342
1.32048
1.26154
1.20675
1.11843
1.07127
1.02673
0.984449
0.944527
0.906853
0.846916
0.814387
0.782779
0.752065
0.722303
0.693594
