-1.75798
-2.0562
-2.38516
-2.75818
-3.21461
-3.78054
-4.42686
-5.14435
-5.94194
-6.8472
-7.95067
-9.34644
-10.9733
-12.7882
-14.8123
-17.1098
-19.8818
-23.4461
-27.7021
-32.5096
-37.9383
-44.1928
-51.8483
-62.0748
-75.1864
-91.3882
-112.2
-141.09
-186.013
-259.065
-327.301
-256.645
-6.805
241.877
314.55
248.648
180.861
137.501
108.64
87.7282
71.5436
59.0991
49.968
42.7406
36.5626
31.1372
26.3429
22.2726
19.0932
16.5066
14.2393
12.2094
10.3871
8.7979
7.52496
6.48879
5.57708
4.75237
4.00035
3.31533
2.26488
1.57245
1.15383
0.871813
0.666688
-1.75878
-2.05532
-2.05708
-2.38418
-2.38614
-2.75704
-2.75932
-3.21316
-3.21606
-3.77883
-3.78226
-4.42494
-4.42877
-5.14223
-5.14647
-5.93957
-5.94431
-6.84443
-6.84997
-7.94716
-7.95418
-9.34215
-9.35074
-10.9684
-10.9781
-12.7828
-12.7936
-14.8063
-14.8184
-17.1028
-17.1168
-19.873
-19.8907
-23.435
-23.4572
-27.6894
-27.7149
-32.4952
-32.5239
-37.922
-37.9546
-44.1737
-44.2119
-51.8238
-51.8729
-62.0418
-62.1079
-75.1455
-75.2272
-91.3372
-91.4392
-112.132
-112.268
-140.992
-141.189
-185.853
-186.172
-258.824
-259.305
-327.231
-327.37
-257.133
-256.157
-7.61595
-5.99404
241.381
242.371
314.611
314.488
248.871
248.425
181.014
180.708
137.599
137.404
108.708
108.572
87.7794
87.6771
71.5838
71.5033
59.1289
59.0693
49.9904
49.9456
42.7592
42.7219
36.5788
36.5464
31.1515
31.1228
26.3555
26.3303
22.2827
22.2624
19.1012
19.0853
16.5133
16.4998
14.2454
14.2333
12.2148
12.204
10.3919
10.3822
8.80195
8.79385
7.52812
7.52179
6.4915
6.48607
5.57951
5.57465
4.75459
4.75015
4.00237
3.99833
3.31721
3.31345
2.26746
2.26229
1.57393
1.57098
1.15478
1.15288
0.872451
0.871176
0.667198
-1.76662
-2.04676
-2.06566
-2.37465
-2.39569
-2.74589
-2.77048
-3.19906
-3.23022
-3.7621
-3.79905
-4.4063
-4.44748
-5.12156
-5.16719
-5.91649
-5.9675
-6.81752
-6.87704
-7.91311
-7.98852
-9.30032
-9.39276
-10.9213
-11.0254
-12.7304
-12.8461
-14.7476
-14.8773
-17.0351
-17.1848
-19.7872
-19.9772
-23.327
-23.5657
-27.5653
-27.8394
-32.3556
-32.6641
-37.7636
-38.1138
-43.9878
-44.3989
-51.5856
-52.1137
-61.7213
-62.4311
-74.7484
-75.6269
-90.8424
-91.9384
-111.476
-112.931
-140.041
-142.154
-184.316
-187.743
-256.489
-261.658
-326.482
-327.977
-261.801
-251.308
-15.523
1.91266
236.464
247.103
315.144
313.817
251.051
246.263
182.519
179.23
138.557
136.46
109.373
107.915
88.2805
87.1804
71.9779
71.1125
59.421
58.7802
50.2095
49.7282
42.9412
42.5409
36.7373
36.3885
31.2917
30.9832
26.4785
26.2079
22.3823
22.1637
19.179
19.0079
16.5794
16.4336
14.3045
14.1741
12.2676
12.1513
10.4391
10.3351
8.84158
8.75454
7.55907
7.49092
6.51802
6.45932
5.60326
5.55065
4.77622
4.72829
4.02208
3.97868
3.33536
3.29501
2.29295
2.23736
1.58844
1.5567
1.16409
1.14367
0.878689
0.864975
0.672196
-1.79517
-1.83813
-1.88173
-1.92573
-1.97052
-2.01596
-2.0969
-2.14418
-2.19207
-2.24077
-2.29018
-2.34047
-2.43056
-2.48337
-2.53724
-2.5923
-2.64853
-2.70617
-2.81145
-2.87414
-2.93908
-3.00668
-3.07647
-3.14899
-3.28216
-3.36138
-3.44336
-3.5276
-3.61345
-3.70175
-3.86002
-3.95304
-4.04728
-4.14318
-4.24015
-4.33932
-4.51572
-4.6186
-4.72356
-4.82975
-4.93751
-5.04707
-5.24251
-5.35709
-5.47317
-5.59126
-5.71105
-5.83325
-6.05202
-6.18058
-6.31145
-6.44534
-6.5816
-6.72218
-6.97636
-7.12764
-7.28447
-7.44738
-7.61577
-7.79153
-8.11479
-8.30963
-8.50992
-8.71781
-8.93144
-9.15029
-9.54663
-9.77944
-10.0161
-10.2575
-10.501
-10.7518
-11.1972
-11.4576
-11.7218
-11.9915
-12.263
-12.5417
-13.0373
-13.3276
-13.6222
-13.9221
-14.2257
-14.5365
-15.0918
-15.4186
-15.7508
-16.0903
-16.4362
-16.7916
-17.4324
-17.815
-18.2087
-18.6173
-19.0421
-19.4815
-20.2943
-20.7876
-21.2995
-21.827
-22.3738
-22.9392
-23.9634
-24.5698
-25.1898
-25.8211
-26.4637
-27.1186
-28.293
-28.9818
-29.6798
-30.3911
-31.1159
-31.854
-33.1759
-33.9497
-34.7357
-35.538
-36.3568
-37.1919
-38.6951
-39.5788
-40.4817
-41.405
-42.3488
-43.3214
-45.0851
-46.1359
-47.2187
-48.3445
-49.5134
-50.7363
-53.0058
-54.3911
-55.8357
-57.3505
-58.9289
-60.5783
-63.6198
-65.4384
-67.3206
-69.2635
-71.2651
-73.3283
-77.0937
-79.3368
-81.6524
-84.0478
-86.5176
-89.0783
-93.7755
-96.6061
-99.5486
-102.613
-105.81
-109.147
-115.385
-119.205
-123.207
-127.441
-131.925
-136.687
-145.754
-151.464
-157.544
-164.153
-171.233
-178.919
-193.639
-203.16
-213.253
-224.096
-235.604
-247.793
-270.188
-282.891
-295.115
-306.257
-315.342
-323.425
-328.988
-328.467
-321.774
-311.459
-297.026
-277.509
-231.475
-200.377
-164.282
-126.136
-85.8024
-43.9279
30.2575
72.2642
112.479
150.587
185.666
217.646
262.851
282.824
297.444
307.766
314.665
316.252
310.297
302.887
293.501
282.298
271.097
259.077
238.855
227.587
216.767
206.67
197.194
188.234
174.039
166.795
159.914
153.554
147.613
142.13
133.115
128.38
123.901
119.667
115.652
111.855
105.579
102.241
99.0116
95.9308
92.9725
90.1329
85.4037
82.8407
80.3576
77.9657
75.6574
73.4287
69.7208
67.7129
65.7844
63.9409
62.1827
60.4938
57.7546
56.2852
54.8802
53.5401
52.2547
51.0135
48.9541
47.8242
46.7289
45.6618
44.6224
43.605
41.8877
40.9338
40.0002
39.0904
38.1947
37.3151
35.8193
34.9844
34.1686
33.3651
32.5762
31.803
30.4809
29.743
29.0195
28.3087
27.6118
26.9255
25.7664
25.1251
24.5006
23.8974
23.3134
22.7485
21.8109
21.3045
20.8195
20.3486
19.8985
19.4641
18.7332
18.3339
17.9429
17.5606
17.187
16.8207
16.1972
15.8491
15.5072
15.1717
14.8435
14.5192
13.9638
13.6532
13.3481
13.0474
12.7515
12.4604
11.9622
11.6834
11.4088
11.1384
10.8728
10.6116
10.1662
9.91738
9.67553
9.43928
9.20979
8.98752
8.61489
8.41203
8.2171
8.02963
7.84862
7.67275
7.3804
7.21969
7.06322
6.91043
6.76091
6.61482
6.36426
6.22491
6.08784
5.95294
5.82017
5.6897
5.4657
5.33972
5.21623
5.09391
4.97353
4.85507
4.65099
4.53665
4.42352
4.31231
4.20224
4.09401
3.90794
3.80379
3.70129
3.60026
3.50036
3.40149
3.22868
3.09566
2.89891
2.71391
2.54405
2.38911
2.15082
2.03215
1.92266
1.82139
1.72856
1.64269
1.50654
1.43663
1.37151
1.31033
1.25271
1.1986
1.111
1.06443
1.02034
0.978702
0.939285
0.902108
0.842762
0.810447
0.779054
0.748555
0.719039
0.690637
