-2.38108
-2.70861
-3.09444
-3.56493
-4.10713
-4.70645
-5.3637
-6.08905
-6.90717
-7.88036
-9.07908
-10.4695
-12.012
-13.7106
-15.5934
-17.7291
-20.289
-23.4681
-27.1842
-31.342
-35.9665
-41.1731
-47.2032
-54.6488
-64.2413
-76.0225
-90.2054
-107.773
-130.75
-163.109
-212.001
-277.272
-308.995
-217.522
-6.75762
204.088
295.312
265.393
204.93
158.759
127.073
104.155
86.5371
72.4005
61.1234
52.4819
45.6134
39.7541
34.5876
29.9688
25.8461
22.3078
19.4565
17.0917
15.0096
13.1329
11.4292
9.89011
8.5535
7.46121
6.54244
5.724
4.97845
4.2932
3.66312
2.97617
2.06114
1.50795
1.14864
0.894492
-2.38206
-2.7075
-2.70973
-3.09308
-3.09579
-3.5633
-3.56656
-4.10531
-4.10896
-4.70445
-4.70845
-5.36151
-5.3659
-6.08662
-6.09148
-6.90436
-6.90998
-7.87691
-7.88381
-9.07491
-9.08325
-10.4648
-10.4742
-12.0069
-12.0172
-13.7049
-13.7163
-15.587
-15.5997
-17.7217
-17.7364
-20.2798
-20.2981
-23.457
-23.4792
-27.1716
-27.1968
-31.3278
-31.3561
-35.951
-35.982
-41.1555
-41.1907
-47.1821
-47.2243
-54.6218
-54.6758
-64.2072
-64.2755
-75.9816
-76.0636
-90.1555
-90.2553
-107.71
-107.836
-130.664
-130.835
-162.985
-163.234
-211.811
-212.191
-277.074
-277.47
-308.929
-309.063
-218.047
-216.994
-7.50492
-6.01031
203.554
204.62
295.248
295.374
265.574
265.212
205.106
204.754
158.879
158.639
127.158
126.989
104.218
104.092
86.5871
86.4871
72.4408
72.3602
61.155
61.0918
52.506
52.4579
45.6334
45.5934
39.7714
39.7367
34.6032
34.572
29.9828
29.9549
25.8584
25.8339
22.3179
22.2977
19.4647
19.4484
17.0987
17.0846
15.0158
15.0033
13.1386
13.1272
11.4344
11.424
9.89472
9.8855
8.55734
8.54965
7.46438
7.45804
6.54518
6.5397
5.72649
5.7215
4.98072
4.97618
4.2953
4.29109
3.66504
3.6612
2.97982
2.97253
2.06335
2.05894
1.50934
1.50656
1.14959
1.14769
0.895173
-2.3912
-2.69721
-2.72007
-3.08057
-3.10838
-3.54826
-3.58165
-4.0886
-4.12588
-4.68588
-4.727
-5.34128
-5.38607
-6.0642
-6.11408
-6.87843
-6.93607
-7.84513
-7.91579
-9.03645
-9.12186
-10.4219
-10.5175
-11.959
-12.065
-13.6525
-13.7687
-15.5287
-15.6583
-17.6539
-17.8045
-20.1957
-20.3829
-23.3546
-23.5821
-27.0567
-27.3135
-31.1985
-31.4857
-35.8075
-36.126
-40.9928
-41.3543
-46.9879
-47.4199
-54.3733
-54.9267
-63.8927
-64.5928
-75.604
-76.445
-89.6947
-90.7172
-107.129
-108.422
-129.88
-131.628
-161.846
-164.397
-210.034
-213.959
-275.201
-279.296
-309.398
-308.337
-222.863
-211.881
-14.4177
0.90215
198.566
209.492
294.602
295.889
267.141
263.521
206.742
203.141
160
157.548
127.943
126.208
104.806
103.511
87.0513
86.0262
72.8152
71.9888
61.4489
60.8008
52.7311
52.2364
45.8193
45.4074
39.9323
39.577
34.7472
34.4284
30.1128
29.826
25.9722
25.7207
22.413
22.2045
19.5407
19.3734
17.1639
17.0193
15.0738
14.9457
13.1914
13.0746
11.4827
11.3761
9.9375
9.84294
8.59351
8.5142
7.4938
7.42897
6.57057
6.51424
5.74963
5.69844
5.00176
4.95519
4.31486
4.27166
3.68283
3.64347
3.01381
2.93908
2.08388
2.03871
1.5223
1.49382
1.15839
1.13898
0.901506
-2.42243
-2.46865
-2.51567
-2.56372
-2.61271
-2.66249
-2.75586
-2.80923
-2.86421
-2.92059
-2.97856
-3.03848
-3.15208
-3.21754
-3.28492
-3.35414
-3.42506
-3.49769
-3.63355
-3.71057
-3.78886
-3.86857
-3.94949
-4.03165
-4.18396
-4.26929
-4.3559
-4.44363
-4.53272
-4.62323
-4.79037
-4.88413
-4.97913
-5.07553
-5.17341
-5.27247
-5.45604
-5.55912
-5.66401
-5.77007
-5.8781
-5.98826
-6.19208
-6.30725
-6.42426
-6.54434
-6.66693
-6.7915
-7.0257
-7.15992
-7.29802
-7.44059
-7.58701
-7.73844
-8.02683
-8.1931
-8.36436
-8.54119
-8.72175
-8.90738
-9.25464
-9.4516
-9.65234
-9.85676
-10.0644
-10.2753
-10.6666
-10.8858
-11.1091
-11.3346
-11.5641
-11.7974
-12.2285
-12.4702
-12.7158
-12.9653
-13.2181
-13.4744
-13.9495
-14.2167
-14.4889
-14.7643
-15.0451
-15.3312
-15.8613
-16.1613
-16.4667
-16.7795
-17.0996
-17.4256
-18.04
-18.3925
-18.7538
-19.1277
-19.5143
-19.9128
-20.6746
-21.1144
-21.5693
-22.0369
-22.5176
-23.0109
-23.936
-24.462
-24.9973
-25.544
-26.0995
-26.6638
-27.7145
-28.3041
-28.9044
-29.5121
-30.1316
-30.7617
-31.9289
-32.5851
-33.2524
-33.9317
-34.62
-35.321
-36.622
-37.3582
-38.1087
-38.8696
-39.6472
-40.4425
-41.9217
-42.7626
-43.6212
-44.5051
-45.4131
-46.3398
-48.094
-49.1065
-50.1561
-51.2453
-52.3714
-53.5427
-55.7935
-57.1048
-58.4673
-59.8775
-61.3328
-62.8387
-65.6877
-67.3231
-69.0024
-70.7325
-72.5067
-74.327
-77.7595
-79.7183
-81.7364
-83.8068
-85.9431
-88.1451
-92.3156
-94.7114
-97.1958
-99.763
-102.421
-105.185
-110.457
-113.539
-116.749
-120.101
-123.598
-127.26
-134.389
-138.616
-143.069
-147.771
-152.786
-158.065
-168.498
-174.772
-181.479
-188.61
-196.172
-204.275
-220.038
-229.294
-238.902
-248.739
-258.657
-268.507
-285.423
-293.464
-300.605
-305.77
-309.073
-310.404
-304.728
-298.094
-288.187
-275.354
-258.644
-238.495
-194.288
-166.86
-137.002
-105.103
-71.883
-37.9898
24.521
58.3743
91.4506
123.442
153.364
180.869
224.6
244.328
261.243
274.564
284.677
291.736
296.785
295.923
292.738
287.672
281.003
273.102
257.4
248.24
238.969
229.885
221.003
212.38
197.807
190.224
183.079
176.346
169.948
163.951
153.847
148.722
143.856
139.251
134.861
130.679
123.617
119.963
116.478
113.128
109.922
106.848
101.56
98.7938
96.1262
93.5515
91.0583
88.6518
84.4771
82.2764
80.1401
78.0703
76.0642
74.1159
70.7396
68.9616
67.2426
65.5865
63.991
62.458
59.8286
58.4613
57.1522
55.89
54.6779
53.5093
51.4907
50.4274
49.394
48.3909
47.4136
46.4582
44.7865
43.8895
43.0145
42.1551
41.313
40.4871
39.0332
38.2468
37.4753
36.7197
35.9743
35.2413
33.9429
33.2435
32.5546
31.8771
31.2116
30.5556
29.3918
28.7643
28.1477
27.5435
26.9488
26.3654
25.3381
24.7907
24.2547
23.7336
23.2289
22.7378
21.89
21.4444
21.0149
20.5974
20.1941
19.8028
19.1202
18.758
18.4038
18.0584
17.7197
17.3872
16.8013
16.4847
16.1752
15.8689
15.5683
15.2736
14.7494
14.4661
14.187
13.9122
13.6395
13.3721
12.8964
12.6393
12.3866
12.1361
11.8897
11.6471
11.2146
10.981
10.7518
10.5254
10.303
10.085
9.69892
9.49256
9.29099
9.09428
8.90312
8.71704
8.39448
8.22434
8.06018
7.9007
7.74543
7.595
7.33094
7.1912
7.0538
6.91877
6.78712
6.65755
6.42828
6.30447
6.18295
6.0628
5.94461
5.82866
5.62097
5.50881
5.39795
5.2886
5.18065
5.07408
4.88394
4.78089
4.67933
4.57863
4.4794
4.38138
4.20596
4.11113
4.01756
3.9252
3.83406
3.74388
3.58319
3.49574
3.40889
3.32205
3.23573
3.12673
2.82798
2.67274
2.52811
2.39433
2.27063
2.15645
1.97162
1.87893
1.79282
1.71342
1.63831
1.56788
1.45173
1.3929
1.33794
1.28562
1.23597
1.18933
1.10984
1.06887
1.02985
0.992694
0.957369
0.923629
