-2.64746
-2.96378
-3.33331
-3.75825
-4.23166
-4.74791
-5.30879
-5.92129
-6.59902
-7.36972
-8.27396
-9.32866
-10.5174
-11.8228
-13.246
-14.8028
-16.5254
-18.4836
-20.7835
-23.5008
-26.6062
-30.0515
-33.8419
-38.0305
-42.7203
-48.1201
-54.5879
-62.5039
-71.9937
-83.1776
-96.4688
-112.72
-133.441
-161.088
-198.872
-246.072
-284.74
-271.671
-172.697
-6.68808
158.748
258.516
272.402
236.633
192.432
156.446
129.543
109.028
92.8132
79.5672
68.6002
59.6324
52.4005
46.407
41.2239
36.6162
32.4641
28.7
25.3212
22.3792
19.8969
17.778
15.9068
14.2133
12.6642
11.244
9.95003
8.80306
7.81948
6.97558
6.22773
5.54686
4.91894
4.33719
3.79967
3.31875
2.4637
1.83888
1.42356
1.13187
-2.64856
-2.9625
-2.96506
-3.33182
-3.3348
-3.75657
-3.75994
-4.22981
-4.23351
-4.7459
-4.74992
-5.3066
-5.31097
-5.9189
-5.92369
-6.59633
-6.6017
-7.36661
-7.37283
-8.2703
-8.27763
-9.32445
-9.33287
-10.5128
-10.5221
-11.8178
-11.8278
-13.2404
-13.2515
-14.7966
-14.8089
-16.5186
-16.5322
-18.4757
-18.4915
-20.7741
-20.7928
-23.4899
-23.5118
-26.594
-26.6185
-30.038
-30.0649
-33.8271
-33.8568
-38.014
-38.047
-42.7017
-42.739
-48.0982
-48.1421
-54.5612
-54.6146
-62.4714
-62.5364
-71.9552
-72.0323
-83.1323
-83.2229
-96.4142
-96.5234
-112.652
-112.788
-133.353
-133.53
-160.967
-161.208
-198.712
-199.032
-245.888
-246.255
-284.679
-284.8
-271.879
-271.461
-173.191
-172.2
-7.36259
-6.01371
158.223
159.273
258.306
258.724
272.476
272.327
236.802
236.463
192.586
192.279
156.563
156.329
129.63
129.456
109.096
108.961
92.8677
92.7587
79.6122
79.5221
68.6374
68.563
59.6625
59.6024
52.4251
52.3759
46.4277
46.3864
41.2421
41.2057
36.6325
36.5999
32.4789
32.4493
28.7134
28.6866
25.3331
25.3094
22.3892
22.3691
19.9054
19.8884
17.7855
17.7706
15.9134
15.9001
14.2193
14.2072
12.6697
12.6587
11.2491
11.2389
9.9545
9.94552
8.80704
8.79907
7.82287
7.81609
6.97852
6.97264
6.23039
6.22508
5.54929
5.54441
4.9212
4.91667
4.33928
4.3351
3.80158
3.79776
3.32039
3.31712
2.46658
2.46082
1.84075
1.83702
1.42483
1.4223
1.1328
-2.65797
-2.95166
-2.97597
-3.31918
-3.34751
-3.74224
-3.77431
-4.21412
-4.24917
-4.72883
-4.76704
-5.28808
-5.32956
-5.89857
-5.94405
-6.57354
-6.62457
-7.34027
-7.39942
-8.23921
-8.30892
-9.28879
-9.36875
-10.4737
-10.5617
-11.7746
-11.8707
-13.1931
-13.2988
-14.7446
-14.8609
-16.4608
-16.5903
-18.4089
-18.5587
-20.6948
-20.8727
-23.3973
-23.6046
-26.49
-26.7229
-29.9235
-30.1798
-33.7011
-33.9832
-37.874
-38.1876
-42.5435
-42.8983
-47.9126
-48.3291
-54.3352
-54.8423
-62.1955
-62.8134
-71.6286
-72.3608
-82.7484
-83.6095
-95.952
-96.9888
-112.077
-113.37
-132.605
-134.285
-159.945
-162.239
-197.335
-200.411
-244.32
-247.808
-284.04
-285.388
-273.602
-269.507
-177.3
-167.758
-13.0991
-0.28811
153.716
163.689
256.655
260.434
273.077
271.678
238.234
235.019
193.894
190.978
157.566
155.343
130.369
128.723
109.673
108.389
93.3324
92.2977
79.9952
79.1403
68.9546
68.2483
59.9196
59.3481
52.6349
52.1677
46.6038
46.2114
41.397
41.0515
36.7713
36.461
32.605
32.3239
28.8272
28.5732
25.434
25.209
22.4754
22.284
19.9781
19.8161
17.8484
17.7079
15.9699
15.8438
14.2708
14.1559
12.7168
12.6118
11.2924
11.1957
9.99329
9.9067
8.84107
8.76528
7.85208
7.78734
7.00357
6.94772
6.253
6.20254
5.57003
5.52364
4.94047
4.89746
4.35711
4.31733
3.81787
3.78156
3.33437
3.30329
2.49132
2.43651
1.85674
1.82132
1.43562
1.41162
1.14082
-2.688
-2.73226
-2.77716
-2.82279
-2.86985
-2.91759
-3.01113
-3.06236
-3.11487
-3.1683
-3.22308
-3.27918
-3.3884
-3.44773
-3.50858
-3.57026
-3.63299
-3.69688
-3.82054
-3.88749
-3.95537
-4.02404
-4.09378
-4.16432
-4.29983
-4.37311
-4.44714
-4.52198
-4.59782
-4.67431
-4.82171
-4.90155
-4.98205
-5.06331
-5.14563
-5.22918
-5.38956
-5.47614
-5.56391
-5.65263
-5.74247
-5.83399
-6.00971
-6.10516
-6.20187
-6.2998
-6.39971
-6.5014
-6.69821
-6.80531
-6.91466
-7.02626
-7.14056
-7.25708
-7.48512
-7.60999
-7.73793
-7.8691
-8.00324
-8.14107
-8.4091
-8.55696
-8.70728
-8.86077
-9.017
-9.17612
-9.4843
-9.65204
-9.82257
-9.99534
-10.1707
-10.3481
-10.6899
-10.8742
-11.0619
-11.2513
-11.4432
-11.6373
-12.0103
-12.2122
-12.4157
-12.6228
-12.8318
-13.0432
-13.4507
-13.6703
-13.8933
-14.1192
-14.3484
-14.5805
-15.0281
-15.2701
-15.5161
-15.7659
-16.0196
-16.2779
-16.7778
-17.0499
-17.3278
-17.6097
-17.901
-18.1977
-18.7737
-19.0921
-19.4173
-19.7507
-20.0925
-20.4432
-21.1304
-21.5072
-21.8943
-22.2889
-22.6911
-23.1045
-23.9036
-24.3387
-24.7828
-25.2344
-25.6936
-26.16
-27.059
-27.5454
-28.0379
-28.5376
-29.0456
-29.5595
-30.5495
-31.0826
-31.6272
-32.1746
-32.7351
-33.3011
-34.3897
-34.9802
-35.5781
-36.1861
-36.8029
-37.4301
-38.6402
-39.297
-39.9648
-40.6435
-41.3372
-42.0432
-43.4124
-44.1605
-44.9253
-45.7066
-46.506
-47.3259
-48.9348
-49.8194
-50.7288
-51.6673
-52.631
-53.6226
-55.5812
-56.6645
-57.7801
-58.9253
-60.11
-61.3251
-63.7087
-65.0172
-66.3557
-67.7336
-69.1475
-70.596
-73.4221
-74.9668
-76.5476
-78.1678
-79.8269
-81.5324
-84.8594
-86.6852
-88.5598
-90.482
-92.4639
-94.4914
-98.4937
-100.701
-102.984
-105.336
-107.762
-110.268
-115.255
-118.029
-120.915
-123.908
-127.019
-130.25
-136.743
-140.397
-144.203
-148.201
-152.382
-156.752
-165.611
-170.627
-175.882
-181.353
-187.028
-193.003
-204.953
-211.575
-218.349
-225.317
-232.296
-239.35
-252.719
-259.321
-265.79
-271.711
-277.146
-281.634
-287.046
-288.28
-288.029
-286.256
-282.82
-277.882
-262.98
-252.476
-239.906
-225.516
-209.52
-190.897
-152.641
-129.993
-106.355
-82.0204
-56.9089
-31.2542
17.8141
43.3767
68.4827
93.0189
116.356
138.747
177.321
195.444
211.976
226.635
239.564
250.083
265.212
270.606
273.756
275.416
275.603
274.589
269.367
265.356
260.592
255.172
249.028
242.824
230.367
223.757
217.238
210.664
204.283
198.115
186.883
181.244
175.796
170.58
165.579
160.806
152.281
148.046
144.002
140.105
136.353
132.78
126.411
123.209
120.125
117.164
114.31
111.549
106.59
104.089
101.664
99.3188
97.0455
94.8382
90.8444
88.814
86.8432
84.9245
83.0549
81.2363
77.9343
76.2514
74.6174
73.0273
71.4828
69.9805
67.2555
65.8742
64.5329
63.2325
61.9733
60.7496
58.5479
57.438
56.3616
55.3101
54.2964
53.3103
51.5128
50.6014
49.7149
48.8504
48.0025
47.173
45.656
44.875
44.1104
43.3595
42.6224
41.8969
40.5623
39.8726
39.194
38.5241
37.8662
37.2187
36.0231
35.4025
34.7911
34.1886
33.5949
33.0097
31.9261
31.3637
30.8095
30.2632
29.7249
29.1936
28.2133
27.7056
27.2049
26.7149
26.2321
25.7593
24.8913
24.4421
24.0067
23.58
23.1623
22.7543
22.0138
21.6342
21.2649
20.9063
20.5552
20.2124
19.5877
19.2657
18.9518
18.6458
18.3456
18.0511
17.509
17.2289
16.9529
16.681
16.4143
16.1517
15.6649
15.4123
15.1628
14.9185
14.6761
14.4366
13.9932
13.7625
13.5347
13.3105
13.0884
12.8689
12.463
12.2511
12.0425
11.8364
11.6325
11.4315
11.0588
10.8652
10.6739
10.4862
10.3012
10.119
9.78394
9.61077
9.44076
9.27408
9.11076
8.95077
8.65856
8.5093
8.36324
8.22022
8.08129
7.94551
7.69706
7.56948
7.44411
7.32151
7.20209
7.08414
6.86844
6.75653
6.64639
6.53803
6.43119
6.32577
6.13092
6.02954
5.92938
5.83088
5.73311
5.63668
5.45807
5.36499
5.27287
5.18179
5.09158
5.00234
4.83661
4.75008
4.66475
4.58059
4.49713
4.41434
4.26094
4.18088
4.10183
4.02387
3.94682
3.87039
3.73008
3.65713
3.58549
3.5152
3.4465
3.37992
3.26038
3.12372
2.97234
2.8298
2.69747
2.57323
2.36095
2.25845
2.16249
2.07325
1.98895
1.9094
1.77271
1.70588
1.64253
1.58249
1.52558
1.47184
1.37813
1.33183
1.28745
1.2453
1.2053
1.1669
