-2.49322
-2.81114
-3.18047
-3.61128
-4.09991
-4.64014
-5.23189
-5.88265
-6.60987
-7.44594
-8.43058
-9.57963
-10.8765
-12.3097
-13.8858
-15.6332
-17.6122
-19.9236
-22.6728
-25.8711
-29.478
-33.4879
-37.9601
-43.0312
-48.964
-56.1709
-65.0343
-75.7531
-88.6301
-104.412
-124.513
-151.473
-188.739
-237.194
-280.975
-275.902
-178.756
-6.75624
165.579
262.897
269.911
228.733
182.962
147.11
120.685
100.726
85.0158
72.3211
62.0592
53.8461
47.1643
41.5012
36.5406
32.1124
28.1455
24.6384
21.6306
19.1032
16.9394
15.027
13.3012
11.731
10.3092
9.04886
7.96591
7.04228
6.23387
5.50613
4.84024
4.22874
3.676
3.07324
2.17061
1.61906
1.25067
-2.49426
-2.80995
-2.81233
-3.17908
-3.18187
-3.60966
-3.61289
-4.09811
-4.10171
-4.63816
-4.64211
-5.22973
-5.23406
-5.88025
-5.88504
-6.60717
-6.61258
-7.44278
-7.4491
-8.42684
-8.43432
-9.57535
-9.58392
-10.8717
-10.8812
-12.3044
-12.3149
-13.88
-13.8916
-15.6267
-15.6397
-17.6047
-17.6196
-19.9147
-19.9324
-22.6624
-22.6833
-25.8592
-25.883
-29.4646
-29.4913
-33.4731
-33.5027
-37.9435
-37.9768
-43.0121
-43.0502
-48.9413
-48.9866
-56.1431
-56.1987
-65.0001
-65.0686
-75.7121
-75.7941
-88.5806
-88.6795
-104.351
-104.474
-124.433
-124.593
-151.364
-151.583
-188.588
-188.89
-237.016
-237.372
-280.873
-281.077
-276.074
-275.728
-179.254
-178.257
-7.40738
-6.10519
165.063
166.092
262.725
263.06
270.002
269.819
228.902
228.563
183.107
182.817
147.217
147.003
120.764
120.605
100.788
100.665
85.065
84.9667
72.361
72.2812
62.0912
62.0272
53.8718
53.8204
47.1856
47.143
41.5197
41.4828
36.557
36.5243
32.1271
32.0978
28.1585
28.1324
24.6498
24.627
21.6402
21.621
19.1113
19.095
16.9465
16.9323
15.0334
15.0207
13.307
13.2955
11.7362
11.7258
10.3139
10.3045
9.05297
9.04476
7.9694
7.96243
7.04529
7.03928
6.23654
6.2312
5.50856
5.5037
4.84247
4.83802
4.23078
4.22669
3.67782
3.67419
3.07736
3.06911
2.17301
2.16821
1.62061
1.61752
1.25174
-2.50338
-2.79954
-2.82281
-3.16688
-3.1941
-3.59559
-3.62703
-4.08238
-4.11749
-4.6209
-4.65944
-5.21082
-5.25304
-5.85934
-5.90605
-6.58355
-6.63633
-7.4152
-7.47684
-8.39423
-8.46716
-9.5379
-9.62152
-10.83
-10.9231
-12.2586
-12.361
-13.8295
-13.9424
-15.5702
-15.6965
-17.5399
-17.6847
-19.8381
-20.0099
-22.5715
-22.7747
-25.7551
-25.9875
-29.3484
-29.608
-33.3441
-33.6322
-37.7985
-38.1222
-42.8461
-43.2173
-48.7437
-49.1859
-55.9007
-56.4432
-64.7019
-65.3683
-75.3545
-76.154
-88.1494
-89.1138
-103.813
-105.015
-123.736
-125.297
-150.409
-152.546
-187.274
-190.239
-235.452
-238.922
-279.951
-281.948
-277.526
-274.151
-183.575
-173.849
-13.1086
-0.42656
160.567
170.525
261.151
264.44
270.773
268.989
230.384
227.077
184.382
181.551
148.157
146.073
121.463
119.914
101.328
100.132
85.4965
84.5383
72.7114
71.9331
62.3723
61.7487
54.0977
53.5966
47.3727
46.957
41.6818
41.322
36.7003
36.3816
32.2556
31.9698
28.2733
28.0183
24.7499
24.5274
21.7247
21.5371
19.1828
19.0242
17.0085
16.8705
15.0889
14.9653
13.3574
13.2452
11.7821
11.68
10.3552
10.2635
9.08897
9.00896
7.99996
7.93204
7.07164
7.01306
6.25996
6.20787
5.52985
5.48247
4.86201
4.81853
4.24869
4.20887
3.69371
3.65839
3.1139
3.03325
2.19421
2.1474
1.63425
1.6041
1.26115
-2.53369
-2.57828
-2.62371
-2.66999
-2.71731
-2.7655
-2.85772
-2.90906
-2.96168
-3.01537
-3.07058
-3.12707
-3.23487
-3.29524
-3.35679
-3.41973
-3.48396
-3.54946
-3.67404
-3.74307
-3.81336
-3.88472
-3.95713
-4.03077
-4.16983
-4.24658
-4.32436
-4.40333
-4.4833
-4.56422
-4.71699
-4.80098
-4.88613
-4.97244
-5.06006
-5.14882
-5.31596
-5.40834
-5.50169
-5.59658
-5.69297
-5.79076
-5.97585
-6.07825
-6.18243
-6.28833
-6.39627
-6.5062
-6.71542
-6.8321
-6.95127
-7.07308
-7.19745
-7.32499
-7.5693
-7.70583
-7.84625
-7.99015
-8.13703
-8.28768
-8.57623
-8.73719
-8.90165
-9.0696
-9.24084
-9.41523
-9.74645
-9.92981
-10.1162
-10.3056
-10.498
-10.6932
-11.0619
-11.2654
-11.4718
-11.681
-11.893
-12.108
-12.5135
-12.737
-12.9638
-13.1939
-13.4271
-13.6636
-14.1109
-14.3575
-14.6083
-14.8631
-15.122
-15.3852
-15.885
-16.1624
-16.4446
-16.733
-17.027
-17.3277
-17.9018
-18.2227
-18.5518
-18.8883
-19.2336
-19.5879
-20.2683
-20.6497
-21.0407
-21.4416
-21.8529
-22.2742
-23.079
-23.5276
-23.9864
-24.4531
-24.9293
-25.4143
-26.3347
-26.8445
-27.3626
-27.8892
-28.4243
-28.9675
-29.9957
-30.5633
-31.1394
-31.7244
-32.3186
-32.9212
-34.0629
-34.6946
-35.3358
-35.9873
-36.6506
-37.3249
-38.6059
-39.3161
-40.0401
-40.7796
-41.5336
-42.3028
-43.7746
-44.5957
-45.4368
-46.3007
-47.1885
-48.1
-49.8523
-50.8407
-51.8589
-52.907
-53.9879
-55.1069
-57.2625
-58.4796
-59.7364
-61.0292
-62.3606
-63.7304
-66.3696
-67.8512
-69.3734
-70.9361
-72.5408
-74.1886
-77.3552
-79.1314
-80.9555
-82.8311
-84.7593
-86.7442
-90.5677
-92.7244
-94.9481
-97.2398
-99.61
-102.066
-106.827
-109.533
-112.349
-115.271
-118.318
-121.476
-127.677
-131.254
-134.985
-138.895
-143.003
-147.31
-155.81
-160.757
-165.93
-171.367
-177.069
-183.024
-194.758
-201.465
-208.391
-215.577
-222.912
-230.277
-244.038
-251.417
-258.463
-265.147
-271.163
-276.627
-284.468
-286.992
-288.124
-287.83
-285.554
-281.539
-268.439
-258.546
-246.405
-232.041
-215.499
-197.278
-158.76
-135.674
-111.071
-85.3581
-58.8971
-31.8437
18.2431
45.3394
71.623
97.3657
122.105
145.443
184.277
202.619
218.958
233.119
245.437
255.461
268.441
272.572
275.071
275.918
275.206
272.899
265.824
260.722
254.915
248.691
242.032
235.227
222.237
215.224
208.354
201.576
194.991
188.643
177.48
171.785
166.323
161.107
156.096
151.324
143.059
138.875
134.857
131.017
127.336
123.813
117.672
114.539
111.531
108.631
105.833
103.14
98.398
95.9481
93.5865
91.301
89.0869
86.9404
83.1434
81.1775
79.2716
77.4215
75.6275
73.8844
70.8016
69.2081
67.6629
66.1657
64.7148
63.3141
60.8399
59.5601
58.3263
57.1313
55.9747
54.8536
52.8688
51.8394
50.8393
49.8671
48.9203
47.9968
46.3483
45.4872
44.6436
43.8192
43.012
42.2205
40.7952
40.0458
39.3097
38.5866
37.8756
37.1768
35.9144
35.2472
34.5905
33.9447
33.3085
32.683
31.5506
30.9525
30.3639
29.7849
29.2153
28.6551
27.6444
27.1118
26.5894
26.0766
25.5747
25.0833
24.2021
23.7412
23.2907
22.8528
22.4251
22.0072
21.2631
20.876
20.4985
20.1304
19.7708
19.4204
18.7927
18.4641
18.1423
17.8271
17.5177
17.2147
16.6682
16.3799
16.0965
15.8178
15.5437
15.2732
14.7838
14.5245
14.2689
14.0172
13.7693
13.525
13.0802
12.8447
12.6122
12.3831
12.1571
11.9343
11.53
11.3161
11.1052
10.8976
10.6933
10.4921
10.129
9.93783
9.74996
9.56586
9.38529
9.2088
8.89183
8.72643
8.5647
8.40658
8.2523
8.1018
7.83273
7.69206
7.55445
7.41987
7.28821
7.15927
6.92727
6.80517
6.68527
6.56741
6.45164
6.33768
6.13137
6.02229
5.91473
5.8087
5.70379
5.60045
5.41266
5.31304
5.21471
5.11756
5.02166
4.9268
4.75462
4.66302
4.57244
4.48315
4.39502
4.30817
4.15032
4.06695
3.9847
3.90377
3.82448
3.74661
3.60688
3.53387
3.46298
3.39424
3.32748
3.23989
2.91923
2.76682
2.62663
2.4972
2.37779
2.26643
2.08097
1.98981
1.90484
1.82568
1.75102
1.68061
1.56108
1.50096
1.44497
1.39191
1.34118
1.293
