-2.15006
-2.4339
-2.75354
-3.12583
-3.56401
-4.06519
-4.62135
-5.23179
-5.90439
-6.65853
-7.53106
-8.56871
-9.78261
-11.1504
-12.6619
-14.3301
-16.19
-18.3229
-20.8569
-23.8826
-27.3717
-31.283
-35.6392
-40.5411
-46.196
-52.9994
-61.4448
-71.8071
-84.2907
-99.5213
-118.79
-144.52
-180.437
-229.13
-277.502
-279.928
-184.616
-6.91656
171.24
266.655
266.487
220.919
175.055
140.342
115.049
95.8616
80.7025
68.4689
58.6952
50.9341
44.5574
39.0823
34.247
29.9238
26.0794
22.7478
19.9616
17.6179
15.5742
13.7426
12.0818
10.5778
9.24041
8.09391
7.12542
6.28344
5.52872
4.83946
4.20722
3.63572
2.95527
2.08254
1.54781
1.1927
0.938399
-2.15097
-2.43289
-2.43492
-2.75238
-2.7547
-3.12446
-3.1272
-3.56242
-3.56561
-4.0634
-4.06698
-4.61938
-4.62332
-5.22962
-5.23395
-5.90198
-5.9068
-6.6558
-6.66125
-7.52786
-7.53426
-8.56489
-8.57254
-9.77825
-9.78698
-11.1455
-11.1553
-12.6565
-12.6673
-14.3242
-14.336
-16.1833
-16.1968
-18.3151
-18.3307
-20.8475
-20.8663
-23.8715
-23.8938
-27.3592
-27.3843
-31.2691
-31.2969
-35.6236
-35.6547
-40.5234
-40.5588
-46.1752
-46.2168
-52.9739
-53.025
-61.4131
-61.4766
-71.7687
-71.8456
-84.2443
-84.3371
-99.464
-99.5786
-118.716
-118.865
-144.419
-144.622
-180.293
-180.581
-228.951
-229.309
-277.383
-277.619
-280.073
-279.781
-185.111
-184.121
-7.57328
-6.25975
170.745
171.733
266.517
266.792
266.6
266.373
221.086
220.752
175.192
174.918
140.442
140.242
115.123
114.975
95.9188
95.8044
80.7484
80.6566
68.5059
68.4318
58.7245
58.6659
50.9577
50.9105
44.5773
44.5376
39.0997
39.065
34.2625
34.2316
29.9376
29.91
26.0915
26.0672
22.7581
22.7375
19.9702
19.953
17.6253
17.6106
15.5808
15.5677
13.7485
13.7367
12.0872
12.0765
10.5826
10.573
9.24462
9.2362
8.09747
8.09035
7.12844
7.12239
6.28613
6.28076
5.53116
5.52627
4.84169
4.83723
4.20926
4.20518
3.63753
3.6339
2.95912
2.95143
2.08479
2.08029
1.54928
1.54635
1.19369
1.19172
0.939133
-2.15922
-2.42379
-2.44405
-2.74196
-2.76516
-3.11216
-3.13946
-3.54809
-3.57999
-4.04731
-4.08314
-4.60165
-4.64111
-5.21017
-5.25344
-5.88039
-5.92851
-6.63133
-6.68584
-7.49915
-7.56323
-8.53055
-8.60702
-9.73903
-9.82644
-11.1018
-11.1991
-12.6084
-12.7156
-14.2708
-14.3895
-16.1231
-16.2573
-18.2451
-18.4012
-20.7631
-20.9512
-23.7719
-23.9938
-27.2463
-27.4974
-31.1439
-31.4227
-35.4837
-35.7953
-40.3641
-40.7184
-45.9886
-46.4048
-52.7448
-53.256
-61.1285
-61.7634
-71.4236
-72.1925
-83.8286
-84.7561
-98.9504
-100.097
-118.051
-119.539
-143.509
-145.544
-179.004
-181.885
-227.347
-230.921
-276.225
-278.64
-281.321
-278.4
-189.508
-179.61
-13.472
-0.35068
166.226
176.199
265.21
267.962
267.595
265.331
222.588
219.249
176.42
173.694
141.347
139.355
115.79
114.315
96.4355
95.2919
81.1632
80.2451
68.8404
68.1002
58.9892
58.4042
51.171
50.6994
44.7562
44.3592
39.2561
38.9092
34.4018
34.0929
30.0624
29.7856
26.2015
25.9578
22.8515
22.6447
20.0478
19.876
17.6917
17.5444
15.6396
15.5091
13.8015
13.6839
12.1355
12.0283
10.6262
10.5297
9.2826
9.19842
8.12957
8.05848
7.15571
7.09505
6.31033
6.25665
5.55316
5.50435
4.86181
4.81718
4.22768
4.18682
3.65389
3.61763
2.99405
2.91722
2.10524
2.06026
1.56254
1.5333
1.20259
1.18282
0.945775
-2.18672
-2.22691
-2.26765
-2.30911
-2.35124
-2.39386
-2.47464
-2.51954
-2.56523
-2.61196
-2.65935
-2.70777
-2.80025
-2.85191
-2.90492
-2.95931
-3.01481
-3.07178
-3.18085
-3.24199
-3.30462
-3.36877
-3.4342
-3.501
-3.62824
-3.69901
-3.77108
-3.84433
-3.91873
-3.99432
-4.13713
-4.21614
-4.29616
-4.37735
-4.45967
-4.54315
-4.70035
-4.78704
-4.8749
-4.96402
-5.05437
-5.14605
-5.31853
-5.41394
-5.51063
-5.60889
-5.70845
-5.80945
-6.00095
-6.107
-6.21483
-6.32459
-6.43671
-6.55091
-6.76823
-6.88972
-7.01382
-7.14092
-7.27142
-7.40476
-7.6605
-7.80443
-7.95208
-8.10348
-8.25878
-8.41802
-8.72251
-8.89242
-9.06637
-9.24416
-9.42504
-9.60969
-9.95854
-10.152
-10.3489
-10.5491
-10.7519
-10.9578
-11.3457
-11.5604
-11.7781
-11.999
-12.2227
-12.4496
-12.8772
-13.1137
-13.3538
-13.5973
-13.8445
-14.0952
-14.5684
-14.8302
-15.0966
-15.3688
-15.6446
-15.9254
-16.4598
-16.7575
-17.0614
-17.3724
-17.6909
-18.0157
-18.6386
-18.9893
-19.3481
-19.7176
-20.0972
-20.4869
-21.2356
-21.6568
-22.0884
-22.531
-22.9828
-23.4457
-24.3283
-24.8193
-25.3197
-25.8299
-26.3483
-26.876
-27.8751
-28.4287
-28.9899
-29.561
-30.1411
-30.7312
-31.8425
-32.4584
-33.0835
-33.7193
-34.366
-35.0236
-36.2655
-36.9551
-37.6571
-38.3715
-39.0984
-39.8407
-41.253
-42.0398
-42.8435
-43.6683
-44.5119
-45.3776
-47.0356
-47.9711
-48.9313
-49.9226
-50.9446
-51.9973
-54.0328
-55.1883
-56.3817
-57.6131
-58.8844
-60.197
-62.7264
-64.1556
-65.6281
-67.1411
-68.6956
-70.2937
-73.3561
-75.0816
-76.8552
-78.6762
-80.5469
-82.4692
-86.1644
-88.2537
-90.4046
-92.6202
-94.9107
-97.2729
-101.843
-104.451
-107.149
-109.953
-112.859
-115.884
-121.816
-125.227
-128.789
-132.521
-136.431
-140.54
-148.677
-153.374
-158.315
-163.561
-169.067
-174.829
-186.325
-192.906
-199.796
-206.992
-214.394
-222.015
-236.295
-244.078
-251.718
-259.056
-266.064
-272.541
-281.949
-285.459
-287.73
-288.594
-287.646
-284.778
-273.032
-263.853
-252.439
-238.381
-221.891
-203.424
-164.07
-140.522
-115.13
-88.4545
-60.9752
-33.0497
19.2742
47.6431
74.9611
101.568
127.055
150.806
190.517
209.029
225.049
238.862
250.582
260.115
271.526
275.074
276.326
275.589
273.841
270.501
261.563
255.574
249.23
242.247
235.023
227.661
214.265
207.159
200.205
193.374
186.873
180.601
169.708
164.146
158.83
153.782
148.992
144.402
136.481
132.451
128.612
124.946
121.417
118.04
112.163
109.153
106.247
103.461
100.775
98.1762
93.6155
91.2592
88.9777
86.7689
84.6297
82.5585
78.8971
76.998
75.1559
73.3728
71.6419
69.9653
67.012
65.4881
64.014
62.5899
61.2135
59.8811
57.5457
56.3394
55.1698
54.0379
52.9451
51.8862
50.0088
49.0288
48.0752
47.1471
46.2408
45.3562
43.7736
42.9427
42.1296
41.3308
40.5474
39.7789
38.3963
37.6667
36.949
36.2428
35.5495
34.8669
33.6365
32.9851
32.3431
31.7109
31.09
30.4791
29.3772
28.7951
28.2234
27.6611
27.11
26.5691
25.5982
25.0875
24.5905
24.102
23.6274
23.1645
22.3411
21.9127
21.4953
21.0889
20.6941
20.3084
19.6231
19.2655
18.9169
18.5757
18.2413
17.9141
17.3273
17.0186
16.7156
16.4169
16.1239
15.8359
15.3164
15.0407
14.7694
14.502
14.2382
13.9789
13.5094
13.26
13.0144
12.7718
12.5329
12.297
11.8699
11.6438
11.4204
11.2003
10.9841
10.7713
10.3872
10.1842
9.98511
9.78912
9.59741
9.40996
9.07437
8.89849
8.7269
8.55927
8.39634
8.2372
7.95392
7.80584
7.6611
7.51982
7.38208
7.24721
7.00518
6.87779
6.753
6.6302
6.50971
6.39122
6.17719
6.06392
5.95235
5.84209
5.7335
5.62638
5.4321
5.32892
5.22724
5.12646
5.02706
4.92895
4.75097
4.65624
4.56273
4.47031
4.3793
4.28921
4.12635
4.0401
3.95514
3.87147
3.78925
3.70867
3.56435
3.48921
3.41616
3.34563
3.27855
3.11709
2.80805
2.66078
2.52491
2.39962
2.28342
2.17542
1.99565
1.90739
1.82524
1.74818
1.67566
1.60759
1.49125
1.43386
1.37989
1.32821
1.27923
1.23298
1.15373
1.11319
1.07443
1.0374
1.00207
0.968273
