-2.46748
-2.77364
-3.13517
-3.56968
-4.06372
-4.60338
-5.19009
-5.82881
-6.53297
-7.33669
-8.31057
-9.47401
-10.7809
-12.2083
-13.7644
-15.4701
-17.3727
-19.6022
-22.3446
-25.5835
-29.1949
-33.1673
-37.5488
-42.4468
-48.0939
-55.048
-63.8724
-74.5354
-87.1533
-102.4
-121.628
-147.379
-184.746
-240.38
-307.119
-323.475
-217.656
-6.805
203.86
309.59
294.31
232.053
179.645
143.656
118.084
98.7977
83.4728
70.9031
60.7331
52.8406
46.4915
41.0281
36.172
31.7946
27.8245
24.2733
21.2789
18.8422
16.7619
14.8947
13.1901
11.627
10.1952
8.91855
7.84946
6.95969
6.17591
5.46114
4.80012
4.18621
3.61761
2.99522
2.12761
1.59257
1.23616
-2.46848
-2.77249
-2.77479
-3.13378
-3.13656
-3.56804
-3.57131
-4.06191
-4.06552
-4.60142
-4.60534
-5.18796
-5.19222
-5.82648
-5.83115
-6.53036
-6.53557
-7.33362
-7.33976
-8.30681
-8.31432
-9.46967
-9.47836
-10.7761
-10.7856
-12.2031
-12.2135
-13.7587
-13.7699
-15.4639
-15.4763
-17.3658
-17.3797
-19.5935
-19.6109
-22.3341
-22.3552
-25.5712
-25.5958
-29.1813
-29.2082
-33.1527
-33.182
-37.5323
-37.5653
-42.4283
-42.465
-48.0723
-48.1154
-55.0206
-55.0754
-63.8383
-63.9066
-74.495
-74.576
-87.1052
-87.2016
-102.341
-102.46
-121.552
-121.705
-147.272
-147.485
-184.59
-184.904
-240.149
-240.612
-306.924
-307.312
-323.602
-323.347
-218.257
-217.053
-7.61595
-5.99404
203.259
204.46
309.451
309.727
294.492
294.127
232.267
231.84
179.796
179.494
143.76
143.553
118.161
118.008
98.8573
98.7381
83.5211
83.4246
70.9429
70.8633
60.7658
60.7005
52.8649
52.8162
46.5119
46.4711
41.0461
41.01
36.188
36.1561
31.809
31.7801
27.8375
27.8115
24.2847
24.2618
21.2882
21.2696
18.8499
18.8344
16.7688
16.7551
14.9009
14.8885
13.1958
13.1844
11.6322
11.6218
10.2
10.1904
8.92269
8.91442
7.85285
7.84608
6.96259
6.9568
6.17852
6.17331
5.46354
5.45874
4.80235
4.7979
4.18828
4.18414
3.61952
3.6157
2.99904
2.9914
2.12995
2.12528
1.59408
1.59107
1.2372
-2.4773
-2.76246
-2.78488
-3.12165
-3.14878
-3.55379
-3.58561
-4.04611
-4.08137
-4.58427
-4.62254
-5.16932
-5.21091
-5.80606
-5.85163
-6.50764
-6.5584
-7.30684
-7.36662
-8.27407
-8.34727
-9.43169
-9.5165
-10.7344
-10.8266
-12.1577
-12.2577
-13.7091
-13.8187
-15.4092
-15.5309
-17.3043
-17.4407
-19.5185
-19.6867
-22.2422
-22.4481
-25.4669
-25.7022
-29.0649
-29.3242
-33.0248
-33.3097
-37.3891
-37.7068
-42.2652
-42.6249
-47.8851
-48.3046
-54.7783
-55.316
-63.5404
-64.2063
-74.1416
-74.9314
-86.6849
-87.6248
-101.827
-102.98
-120.886
-122.378
-146.347
-148.425
-183.229
-186.292
-238.134
-242.652
-305.202
-308.981
-324.647
-322.159
-223.479
-211.733
-14.712
1.10173
197.936
209.643
308.176
310.869
296.061
292.51
234.145
229.98
181.129
178.204
144.672
142.68
118.836
117.354
99.381
98.227
83.9452
83.0072
71.2926
70.5183
61.0436
60.4231
53.0788
52.6038
46.6913
46.2932
41.2037
40.8533
36.3316
36.0167
31.9363
31.6534
27.9536
27.6971
24.3856
24.1619
21.3709
21.1881
18.9173
18.7667
16.8283
16.6952
14.9552
14.8342
13.2458
13.1346
11.6782
11.576
10.2417
10.1488
8.95897
8.87841
7.88252
7.81659
6.98793
6.93156
6.20135
6.15055
5.48457
5.43776
4.82186
4.77844
4.20638
4.16609
3.63624
3.59902
3.03243
2.95837
2.15046
2.10504
1.60734
1.578
1.24637
-2.50638
-2.5496
-2.59336
-2.6379
-2.68318
-2.72959
-2.81856
-2.86822
-2.91932
-2.97199
-3.02634
-3.08194
-3.18949
-3.25019
-3.31182
-3.37534
-3.44052
-3.50703
-3.63324
-3.70336
-3.77479
-3.8469
-3.92003
-3.99414
-4.13402
-4.21094
-4.28878
-4.36754
-4.44729
-4.52787
-4.6801
-4.76359
-4.84809
-4.93363
-5.02043
-5.10801
-5.27298
-5.36398
-5.45587
-5.54882
-5.6434
-5.739
-5.91968
-6.01917
-6.12031
-6.22231
-6.32704
-6.43316
-6.63457
-6.74631
-6.85995
-6.97721
-7.09665
-7.21952
-7.45679
-7.59004
-7.72811
-7.86972
-8.01635
-8.16703
-8.45649
-8.61939
-8.78617
-8.95657
-9.13016
-9.30718
-9.64355
-9.82829
-10.017
-10.2079
-10.4012
-10.5971
-10.9665
-11.1687
-11.3749
-11.5831
-11.7937
-12.0082
-12.4105
-12.6316
-12.8561
-13.0833
-13.313
-13.5459
-13.9855
-14.2263
-14.4724
-14.7211
-14.9736
-15.2298
-15.7139
-15.9803
-16.254
-16.5312
-16.8134
-17.1018
-17.6494
-17.9566
-18.2715
-18.5954
-18.9305
-19.2747
-19.9403
-20.3154
-20.7055
-21.1073
-21.5206
-21.9423
-22.7571
-23.2122
-23.6763
-24.1494
-24.6321
-25.124
-26.0516
-26.564
-27.0835
-27.6114
-28.1439
-28.6881
-29.7094
-30.2727
-30.843
-31.4251
-32.0095
-32.6084
-33.7335
-34.3524
-34.9804
-35.6197
-36.2687
-36.9278
-38.1773
-38.8666
-39.5682
-40.2823
-41.0074
-41.7489
-43.1577
-43.9427
-44.7442
-45.5666
-46.4033
-47.2705
-48.9384
-49.8823
-50.8596
-51.8699
-52.9171
-54.0065
-56.1237
-57.3296
-58.5781
-59.8646
-61.196
-62.5686
-65.2067
-66.6869
-68.2062
-69.763
-71.3567
-72.9895
-76.1166
-77.8649
-79.6552
-81.4943
-83.383
-85.3196
-89.0392
-91.1274
-93.284
-95.4957
-97.7838
-100.148
-104.725
-107.319
-110.018
-112.803
-115.706
-118.729
-124.649
-128.046
-131.621
-135.341
-139.258
-143.372
-151.627
-156.404
-161.564
-166.948
-172.684
-178.837
-191.059
-198.303
-205.934
-214.16
-222.739
-231.761
-249.674
-259.756
-269.84
-279.88
-289.731
-299.487
-313.971
-320.298
-325.185
-328.297
-329.03
-328.564
-317.961
-307.518
-295.592
-280.199
-261.86
-240.504
-194.002
-165.365
-135.434
-103.803
-71.2814
-38.1222
24.277
57.6479
90.1613
121.78
151.666
180.183
225.852
247.163
265.55
281.06
293.568
303.806
314.563
316.129
315.421
312.644
307.601
300.96
286.273
277.378
268.201
258.774
249.289
240.442
223.961
215.478
207.497
200.016
192.618
185.651
173.961
168.129
162.614
157.45
152.445
147.763
139.765
135.682
131.778
128.057
124.503
121.109
115.18
112.163
109.245
106.45
103.743
101.135
96.5331
94.1644
91.858
89.6293
87.4665
85.3644
81.6312
79.695
77.8078
75.9759
74.1935
72.4614
69.3896
67.802
66.2631
64.7802
63.3436
61.9679
59.5452
58.3085
57.1188
55.9693
54.8617
53.7955
51.9118
50.9346
49.9876
49.0675
48.1682
47.2877
45.711
44.8837
44.0729
43.2769
42.4963
41.727
40.3401
39.6113
38.8929
38.1842
37.4861
36.8004
35.5556
34.8967
34.25
33.6107
32.9807
32.36
31.2359
30.6396
30.0519
29.472
28.8999
28.3383
27.3197
26.7819
26.2534
25.7319
25.2223
24.7241
23.835
23.372
22.9201
22.484
22.0562
21.6471
20.9218
20.5438
20.1792
19.8262
19.4824
19.1458
18.5453
18.2317
17.9221
17.6199
17.3214
17.0286
16.4988
16.2185
15.941
15.6689
15.4002
15.1351
14.656
14.4007
14.147
13.8999
13.6538
13.4118
12.9708
12.7368
12.5057
12.2776
12.0529
11.8303
11.4257
11.2108
10.9977
10.7898
10.5835
10.3803
10.0122
9.81737
9.62687
9.44017
9.25757
9.07943
8.76098
8.59614
8.43454
8.27923
8.12818
7.98165
7.71991
7.58412
7.45194
7.32234
7.19604
7.07226
6.84879
6.73105
6.61565
6.50129
6.38818
6.27713
6.07563
5.96875
5.86303
5.75881
5.65602
5.554
5.36837
5.26994
5.17258
5.07593
4.98067
4.88618
4.71436
4.62317
4.53255
4.44292
4.35433
4.26657
4.1068
4.02187
3.93787
3.85476
3.77267
3.69163
3.54408
3.46526
3.38704
3.30903
3.23043
3.13808
2.85328
2.70785
2.57235
2.44628
2.32941
2.22062
2.04113
1.95301
1.87019
1.79269
1.72032
1.65226
1.53596
1.47828
1.42383
1.37271
1.3239
1.27729
