-1.83183
-2.02683
-2.23536
-2.46032
-2.70714
-2.98538
-3.30358
-3.66378
-4.06106
-4.49064
-4.95171
-5.4469
-5.98146
-6.56574
-7.21896
-7.96695
-8.82753
-9.79504
-10.8545
-11.9981
-13.229
-14.5579
-16.0039
-17.6069
-19.4302
-21.5455
-23.9728
-26.6816
-29.6424
-32.8547
-36.3483
-40.1784
-44.4459
-49.3315
-55.0985
-61.9796
-70.0721
-79.441
-90.315
-103.173
-118.812
-138.543
-164.428
-199.187
-243.606
-289.946
-312.506
-276.514
-166.727
-6.91764
153.15
262.856
299.565
278.834
235.259
193.255
159.96
134.686
115.144
99.5474
86.6859
75.879
66.7572
59.1608
52.8701
47.5541
42.9104
38.7493
34.9601
31.4853
28.2943
25.3928
22.816
20.5852
18.658
16.951
15.4019
13.9744
12.6505
11.4191
10.2811
9.24638
8.33135
7.53468
6.8324
6.19699
5.61069
5.06391
4.5515
4.0726
3.63134
3.23338
2.40552
1.86931
1.49551
1.22226
1.01185
0.848066
0.712448
0.595059
-1.83264
-2.02596
-2.0277
-2.23442
-2.2363
-2.45931
-2.46134
-2.70601
-2.70827
-2.98409
-2.98666
-3.30211
-3.30505
-3.66213
-3.66543
-4.05926
-4.06285
-4.48871
-4.49256
-4.94964
-4.95378
-5.44467
-5.44913
-5.97904
-5.98388
-6.56307
-6.56841
-7.21593
-7.22199
-7.96347
-7.97043
-8.82356
-8.83151
-9.79064
-9.79945
-10.8497
-10.8593
-11.9929
-12.0032
-13.2235
-13.2345
-14.5519
-14.5639
-15.9973
-16.0104
-17.5995
-17.6143
-19.4217
-19.4387
-21.5356
-21.5553
-23.9616
-23.9839
-26.6693
-26.6939
-29.629
-29.6558
-32.8402
-32.8692
-36.3324
-36.3641
-40.1609
-40.1958
-44.4262
-44.4656
-49.3086
-49.3545
-55.0711
-55.1259
-61.9471
-62.0121
-70.0343
-70.11
-79.3973
-79.4847
-90.264
-90.3661
-103.112
-103.233
-118.736
-118.887
-138.445
-138.64
-164.299
-164.558
-199.015
-199.36
-243.397
-243.815
-289.769
-290.122
-312.51
-312.5
-276.836
-276.191
-167.34
-166.114
-7.6556
-6.17997
152.536
153.764
262.54
263.171
299.545
299.584
278.997
278.671
235.454
235.063
193.422
193.088
160.086
159.835
134.782
134.59
115.219
115.069
99.6084
99.4864
86.7374
86.6344
75.9221
75.8359
66.7934
66.721
59.1906
59.1309
52.8952
52.845
47.5755
47.5327
42.9294
42.8914
38.7664
38.7321
34.9758
34.9443
31.4997
31.4708
28.3075
28.281
25.4047
25.3809
22.8265
22.8056
20.5942
20.5763
18.6658
18.6502
16.958
16.9439
15.4083
15.3954
13.9803
13.9684
12.656
12.6449
11.4242
11.4139
10.2858
10.2763
9.25061
9.24214
8.33505
8.32766
7.5379
7.53145
6.83528
6.82952
6.19964
6.19435
5.61314
5.60824
5.0662
5.06162
4.55365
4.54935
4.0746
4.0706
3.63315
3.62952
3.23791
3.22886
2.40834
2.40271
1.87122
1.8674
1.49689
1.49413
1.22328
1.22124
1.01266
1.01105
0.848693
0.84744
0.712998
0.711898
0.595523
-1.8392
-2.01897
-2.0347
-2.22694
-2.2438
-2.45118
-2.4695
-2.69699
-2.71736
-2.97383
-2.99698
-3.29036
-3.31686
-3.64903
-3.67868
-4.04493
-4.07723
-4.47329
-4.50802
-4.93309
-4.97039
-5.42687
-5.467
-5.95973
-6.00325
-6.54178
-6.5898
-7.19174
-7.24628
-7.93568
-7.99841
-8.79181
-8.86336
-9.75547
-9.83476
-10.8114
-10.8976
-11.9518
-12.0444
-13.1793
-13.2789
-14.5039
-14.612
-15.9448
-16.0631
-17.5407
-17.6734
-19.3538
-19.507
-21.4569
-21.6344
-23.8724
-24.0735
-26.5711
-26.7926
-29.5221
-29.763
-32.7243
-32.9855
-36.206
-36.491
-40.0215
-40.336
-44.2691
-44.6236
-49.1258
-49.5394
-54.854
-55.346
-61.6881
-62.2729
-69.7327
-70.4134
-79.0487
-79.8356
-89.8572
-90.7761
-102.625
-103.723
-118.134
-119.495
-137.672
-139.422
-163.273
-165.601
-197.644
-200.745
-241.728
-245.486
-288.336
-291.514
-312.541
-312.419
-279.365
-273.534
-172.217
-161.176
-13.5238
-0.28838
147.599
158.625
259.96
265.641
299.35
299.675
280.284
277.354
237.012
233.503
194.719
191.76
161.094
158.84
135.553
133.828
115.826
114.47
100.099
98.9998
87.1476
86.229
76.2682
75.4925
67.0839
66.4328
59.4303
58.8918
53.0958
52.6456
47.7472
47.3619
43.0818
42.7397
38.904
38.5951
35.1017
34.8187
31.6155
31.3554
28.4135
28.1754
25.5002
25.2857
22.91
22.7224
20.6661
20.5048
18.7284
18.5877
17.0143
16.8878
15.4598
15.3442
14.0281
13.9208
12.7004
12.6007
11.4654
11.3729
10.3236
10.2387
9.2846
9.20834
8.36475
8.29822
7.56379
7.50572
6.85839
6.8065
6.2208
6.17326
5.63278
5.58866
5.08455
5.04331
4.57091
4.53216
4.09065
4.05461
3.64774
3.61501
3.25697
3.19299
2.43113
2.3804
1.88666
1.85222
1.50799
1.48319
1.23151
1.21312
1.01914
1.00463
0.85372
0.842439
0.717412
0.707511
0.599253
-1.85878
-1.88616
-1.91383
-1.94172
-1.96987
-1.9983
-2.05555
-2.08481
-2.1144
-2.14425
-2.17437
-2.2048
-2.2662
-2.29763
-2.32947
-2.36163
-2.39423
-2.4272
-2.49389
-2.52814
-2.56299
-2.59824
-2.63404
-2.67041
-2.74456
-2.78297
-2.82202
-2.86177
-2.90213
-2.9436
-3.02796
-3.07179
-3.11642
-3.16195
-3.20847
-3.25576
-3.35224
-3.40221
-3.45303
-3.5047
-3.55711
-3.61026
-3.71826
-3.77373
-3.82991
-3.88679
-3.94435
-4.0026
-4.12021
-4.18043
-4.24132
-4.30284
-4.36491
-4.4277
-4.55411
-4.61877
-4.68415
-4.75016
-4.81693
-4.88423
-5.01994
-5.08945
-5.15937
-5.2302
-5.30184
-5.37428
-5.52035
-5.59509
-5.67064
-5.7471
-5.82444
-5.90277
-6.06111
-6.14244
-6.22484
-6.30834
-6.39304
-6.47905
-6.65371
-6.74383
-6.83566
-6.92906
-7.02385
-7.12068
-7.31885
-7.42122
-7.52621
-7.63318
-7.74242
-7.85407
-8.08236
-8.20084
-8.32159
-8.44484
-8.57036
-8.69822
-8.95872
-9.09313
-9.22976
-9.36838
-9.50925
-9.65176
-9.94022
-10.0883
-10.2383
-10.3899
-10.5433
-10.6985
-11.012
-11.1722
-11.3343
-11.498
-11.6632
-11.8303
-12.1676
-12.3404
-12.5145
-12.6907
-12.8689
-13.049
-13.4115
-13.5975
-13.7859
-13.9764
-14.1684
-14.3627
-14.7554
-14.9569
-15.1611
-15.3678
-15.5773
-15.79
-16.2208
-16.4429
-16.6683
-16.8977
-17.1304
-17.3674
-17.8504
-18.1009
-18.3561
-18.6163
-18.882
-19.1542
-19.7121
-20.002
-20.2983
-20.601
-20.9098
-21.2263
-21.8714
-22.2065
-22.5484
-22.8962
-23.2503
-23.6098
-24.3413
-24.7192
-25.1016
-25.4895
-25.8827
-26.2811
-27.0871
-27.5011
-27.9201
-28.3442
-28.7731
-29.2065
-30.0828
-30.5313
-30.9859
-31.4458
-31.9111
-32.3827
-33.3329
-33.8211
-34.3151
-34.8134
-35.3195
-35.8322
-36.8705
-37.4038
-37.9437
-38.4913
-39.0465
-39.6102
-40.755
-41.3452
-41.9451
-42.5551
-43.1755
-43.807
-45.0975
-45.7661
-46.4489
-47.1483
-47.861
-48.5892
-50.0933
-50.8758
-51.6783
-52.5031
-53.3482
-54.2154
-56.0052
-56.9421
-57.9018
-58.8861
-59.8951
-60.9286
-63.0556
-64.1636
-65.2965
-66.4547
-67.638
-68.8471
-71.3222
-72.6069
-73.9196
-75.2592
-76.6275
-78.0247
-80.8869
-82.3765
-83.8965
-85.4518
-87.0402
-88.6641
-92.0078
-93.7547
-95.5464
-97.3823
-99.268
-101.202
-105.199
-107.303
-109.473
-111.703
-113.997
-116.374
-121.32
-123.942
-126.659
-129.48
-132.398
-135.423
-141.785
-145.183
-148.73
-152.411
-156.261
-160.287
-168.778
-173.322
-178.067
-183.036
-188.235
-193.634
-204.925
-210.897
-217.118
-223.563
-230.108
-236.789
-250.484
-257.462
-264.268
-271.041
-277.658
-283.952
-295.499
-300.417
-304.485
-307.838
-310.551
-312.232
-311.76
-309.608
-305.718
-300.578
-294.076
-286.038
-265.129
-252.46
-238.29
-222.378
-205.126
-186.562
-146.246
-124.55
-101.834
-78.5971
-54.84
-30.8626
17.0468
41.2066
65.0269
88.1993
110.769
132.585
172.774
191.434
208.619
224.469
238.826
251.768
272.357
280.751
287.368
292.522
296.147
298.469
299.525
298.272
295.914
292.59
288.576
283.914
273.28
267.244
261.017
254.703
248.177
241.683
228.862
222.575
216.323
210.29
204.409
198.677
187.907
182.796
177.866
173.118
168.548
164.141
155.934
152.008
148.267
144.679
141.213
137.881
131.598
128.617
125.729
122.945
120.259
117.654
112.721
110.359
108.065
105.837
103.675
101.575
97.5735
95.6377
93.7485
91.9134
90.1242
88.3785
85.0385
83.4172
81.8338
80.2888
78.7784
77.3065
74.4842
73.114
71.7766
70.47
69.1974
67.9567
65.5879
64.4412
63.3245
62.236
61.1791
60.1528
58.1946
57.2469
56.3239
55.4254
54.5495
53.6956
52.0637
51.2704
50.4958
49.7359
48.9917
48.2623
46.8596
46.1723
45.4962
44.8325
44.1802
43.5374
42.2932
41.6809
41.0774
40.4818
39.8953
39.3162
38.1903
37.6334
37.084
36.5427
36.0065
35.4779
34.4485
33.9397
33.4361
32.9391
32.4474
31.9616
31.0148
30.5469
30.0839
29.6266
29.176
28.7304
27.8639
27.4362
27.0146
26.5984
26.1893
25.7861
25.0054
24.6218
24.2454
23.8767
23.515
23.1608
22.4783
22.1451
21.8184
21.5002
21.1878
20.8819
20.2948
20.0081
19.7272
19.4513
19.181
18.9157
18.4036
18.1517
17.9039
17.6598
17.4195
17.1826
16.7222
16.4951
16.2709
16.0493
15.8303
15.6136
15.1928
14.9834
14.7766
14.5726
14.3707
14.1705
13.7804
13.587
13.3955
13.2058
13.0183
12.8329
12.47
12.29
12.1117
11.9354
11.761
11.5884
11.2516
11.0847
10.9197
10.7568
10.5959
10.4369
10.1275
9.97475
9.82423
9.67609
9.53001
9.38637
9.10887
8.97277
8.83942
8.70836
8.57997
8.45398
8.21157
8.09291
7.97651
7.86261
7.75078
7.64133
7.42977
7.32593
7.2238
7.12362
7.0248
6.92749
6.73866
6.64542
6.55333
6.46246
6.37269
6.28399
6.11095
6.02533
5.9406
5.8566
5.77365
5.69142
5.53078
5.4508
5.37188
5.29373
5.21614
5.13936
4.98913
4.91443
4.84038
4.76702
4.69421
4.62234
4.4814
4.41158
4.34229
4.27365
4.20581
4.13858
4.00742
3.94256
3.87847
3.81518
3.7528
3.69138
3.57228
3.51393
3.45681
3.40107
3.34682
3.29399
3.08979
2.95514
2.83015
2.71314
2.60374
2.50103
2.31578
2.23014
2.14967
2.07368
2.00197
1.93371
1.80841
1.75
1.69422
1.64121
1.59065
1.54173
1.45184
1.40995
1.36945
1.33032
1.29262
1.25651
1.18959
1.15751
1.12625
1.09603
1.06686
1.03873
0.985871
0.960572
0.936156
0.912624
0.88999
0.868769
0.82772
0.80758
0.787802
0.768386
0.749332
0.73064
0.694612
0.677005
0.659775
0.642891
0.626463
0.61048
