-2.38705
-2.71907
-3.10994
-3.57752
-4.11613
-4.71456
-5.37373
-6.10475
-6.93546
-7.9218
-9.11265
-10.4932
-12.0341
-13.7386
-15.6367
-17.8073
-20.4056
-23.5689
-27.2655
-31.4283
-36.0875
-41.3678
-47.552
-55.1945
-64.8903
-76.8694
-91.5257
-110.024
-134.749
-170.237
-222.621
-286.32
-309.838
-214.561
-6.91764
200.868
296.348
275.506
215.459
165.551
130.934
106.388
87.8965
73.3503
61.8558
52.958
45.8786
39.9174
34.7011
30.0665
25.9594
22.4402
19.5491
17.1417
15.042
13.1587
11.4551
9.92546
8.59828
7.49284
6.55958
5.73554
4.98857
4.30527
3.68722
3.00595
2.06311
1.51009
1.15055
0.895554
-2.38804
-2.71793
-2.72021
-3.10858
-3.11131
-3.57592
-3.57913
-4.11432
-4.11795
-4.71256
-4.71656
-5.37152
-5.37594
-6.10228
-6.10722
-6.93261
-6.93831
-7.91833
-7.92526
-9.10854
-9.11677
-10.4885
-10.4978
-12.029
-12.0393
-13.7328
-13.7443
-15.6303
-15.6431
-17.7998
-17.8148
-20.3964
-20.4148
-23.558
-23.5798
-27.253
-27.2781
-31.4143
-31.4423
-36.0717
-36.1033
-41.3497
-41.3859
-47.5304
-47.5735
-55.1671
-55.222
-64.8559
-64.9247
-76.8275
-76.9114
-91.4738
-91.5777
-109.957
-110.091
-134.656
-134.841
-170.101
-170.374
-222.423
-222.819
-286.136
-286.504
-309.939
-309.737
-215.081
-214.039
-7.6556
-6.17997
200.349
201.386
296.26
296.435
275.676
275.335
215.64
215.277
165.683
165.42
131.025
130.843
106.455
106.321
87.9484
87.8446
73.3915
73.3091
61.888
61.8236
52.9832
52.9329
45.8991
45.8581
39.9351
39.8997
34.7168
34.6854
30.0804
30.0525
25.9716
25.9472
22.4503
22.43
19.5575
19.5408
17.1488
17.1345
15.0483
15.0356
13.1644
13.153
11.4603
11.45
9.93004
9.92089
8.60214
8.59442
7.49606
7.48963
6.56236
6.5568
5.73803
5.73305
4.99084
4.98629
4.30735
4.30319
3.68907
3.68538
3.01005
3.00187
2.06532
2.06089
1.51149
1.50869
1.15151
1.14959
0.896234
-2.39721
-2.70743
-2.73078
-3.09604
-3.12394
-3.56112
-3.59404
-4.09755
-4.13474
-4.6941
-4.73509
-5.3511
-5.39639
-6.07951
-6.13007
-6.90629
-6.96475
-7.88646
-7.95739
-9.07057
-9.15496
-10.4456
-10.541
-11.9813
-12.0871
-13.6798
-13.7974
-15.5709
-15.7027
-17.7308
-17.8843
-20.312
-20.4996
-23.4568
-23.6813
-27.137
-27.3941
-31.285
-31.5722
-35.926
-36.2494
-41.1832
-41.5533
-47.3307
-47.774
-54.9148
-55.4772
-64.5385
-65.2445
-76.4385
-77.3011
-90.9953
-92.0601
-109.34
-110.715
-133.804
-135.703
-168.845
-171.648
-220.598
-224.644
-284.42
-288.203
-310.692
-308.738
-219.845
-209.156
-14.421
0.62551
195.476
206.114
295.382
297.184
277.23
273.729
217.361
213.594
166.928
164.206
131.876
130.005
107.081
105.704
88.4308
87.3662
73.774
72.9297
62.1873
61.5269
53.2147
52.7013
46.0898
45.6691
40.0988
39.7366
34.8619
34.5416
30.2096
29.9239
26.0848
25.8346
22.5447
22.3364
19.6348
19.4637
17.2147
17.069
15.1069
14.9771
13.2172
13.1004
11.508
11.4024
9.97246
9.87869
8.63797
8.55886
7.52581
7.45998
6.58807
6.5312
5.76114
5.71003
5.01191
4.96528
4.32662
4.284
3.70616
3.66834
3.04816
2.96493
2.08604
2.04061
1.52454
1.49585
1.1604
1.1408
0.902563
-2.42876
-2.47549
-2.52313
-2.57183
-2.62135
-2.67202
-2.76723
-2.8216
-2.8772
-2.9345
-2.99323
-3.05369
-3.16761
-3.23298
-3.29983
-3.3685
-3.43889
-3.51092
-3.64544
-3.72186
-3.79952
-3.87864
-3.95902
-4.04082
-4.19246
-4.27787
-4.36434
-4.45223
-4.54117
-4.6315
-4.79874
-4.89273
-4.98797
-5.08479
-5.18257
-5.28211
-5.46655
-5.57044
-5.67572
-5.78284
-5.89167
-6.00252
-6.20866
-6.32532
-6.44422
-6.56587
-6.68998
-6.81728
-7.05601
-7.19295
-7.33334
-7.47767
-7.62615
-7.77916
-8.06833
-8.23379
-8.40425
-8.5792
-8.75857
-8.94238
-9.28643
-9.48182
-9.68092
-9.88371
-10.0899
-10.2999
-10.6893
-10.9089
-11.1317
-11.358
-11.5871
-11.8199
-12.2513
-12.4938
-12.7401
-12.9904
-13.2434
-13.5011
-13.9796
-14.2482
-14.5216
-14.7998
-15.0828
-15.3706
-15.9075
-16.2114
-16.5224
-16.8402
-17.165
-17.4982
-18.1243
-18.4824
-18.851
-19.232
-19.624
-20.0282
-20.7925
-21.232
-21.6836
-22.1481
-22.6255
-23.1151
-24.0321
-24.5544
-25.0864
-25.6295
-26.1822
-26.7457
-27.7931
-28.3846
-28.9853
-29.5961
-30.2165
-30.847
-32.0184
-32.6792
-33.3507
-34.0344
-34.7279
-35.4348
-36.7509
-37.4953
-38.2531
-39.026
-39.8152
-40.6215
-42.1298
-42.9887
-43.8691
-44.7733
-45.7022
-46.6585
-48.4675
-49.5133
-50.5942
-51.7103
-52.8686
-54.0683
-56.3588
-57.6852
-59.0589
-60.4806
-61.9512
-63.4709
-66.3498
-68.0065
-69.7125
-71.4684
-73.2743
-75.1347
-78.6497
-80.6698
-82.7512
-84.8962
-87.1071
-89.3878
-93.7301
-96.2431
-98.848
-101.546
-104.348
-107.268
-112.879
-116.164
-119.607
-123.2
-126.986
-130.967
-138.717
-143.324
-148.207
-153.367
-158.847
-164.65
-176.102
-182.979
-190.278
-197.992
-206.059
-214.544
-230.916
-240.346
-250
-259.725
-269.132
-278.421
-293.67
-300.695
-306.102
-310.222
-312.44
-312.144
-304.823
-296.854
-286.113
-272.164
-255.138
-235.312
-191.778
-164.037
-134.741
-103.389
-70.8543
-37.4368
23.6735
57.202
89.7266
121.021
150.455
177.964
221.495
241.547
258.624
272.434
283.657
291.626
298.947
299.649
298.02
294.205
288.857
282.274
267.978
259.278
250.302
241.233
232.215
223.344
207.839
199.761
192.097
184.746
177.811
171.236
160.175
154.539
149.192
144.165
139.389
134.858
127.205
123.267
119.522
115.937
112.512
109.241
103.64
100.724
97.9179
95.2151
92.6101
90.0996
85.761
83.4844
81.2817
79.1506
77.0921
75.0988
71.655
69.8443
68.0976
66.4134
64.7901
63.2256
60.5373
59.1347
57.7836
56.4818
55.228
54.0174
51.9294
50.8313
49.7653
48.7293
47.723
46.7451
45.0315
44.1189
43.2259
42.3532
41.4994
40.6622
39.185
38.3924
37.6131
36.8489
36.0974
35.3594
34.0542
33.351
32.6596
31.9793
31.3105
30.6534
29.4889
28.8632
28.2485
27.6457
27.0542
26.4744
25.4548
24.91
24.3787
23.8624
23.36
22.8714
22.02
21.5705
21.1345
20.7107
20.3001
19.9015
19.2049
18.8354
18.4754
18.123
17.7785
17.4416
16.8472
16.5283
16.2157
15.9076
15.6045
15.3077
14.7794
14.4952
14.2145
13.9384
13.6664
13.3987
12.9222
12.6649
12.4115
12.1612
11.9147
11.6722
11.2412
11.0088
10.7804
10.5557
10.3347
10.1184
9.73619
9.53155
9.33177
9.1368
8.94671
8.76184
8.43867
8.2675
8.1011
7.93897
7.78141
7.62837
7.36018
7.21722
7.07792
6.94123
6.80765
6.67652
6.44456
6.31973
6.19713
6.07635
5.95763
5.84032
5.63205
5.51947
5.40841
5.29891
5.19082
5.08409
4.89407
4.79106
4.68938
4.58917
4.49025
4.39272
4.21902
4.12512
4.0328
3.94198
3.85277
3.76512
3.61085
3.52862
3.4488
3.37166
3.29738
3.18325
2.84469
2.68211
2.53393
2.39836
2.27401
2.15931
1.97354
1.88104
1.79544
1.71536
1.64066
1.57037
1.45371
1.3955
1.34003
1.28727
1.23759
1.1911
1.11142
1.07021
1.03107
0.99387
0.958391
0.924672
