-2.48359
-2.79856
-3.16589
-3.59669
-4.08572
-4.62522
-5.21477
-5.86135
-6.58205
-7.41025
-8.39137
-9.54118
-10.8384
-12.2682
-13.8367
-15.5704
-17.5298
-19.8232
-22.5662
-25.769
-29.3754
-33.3754
-37.8248
-42.8601
-48.7469
-55.9316
-64.8357
-75.6403
-88.6401
-104.618
-125.121
-152.98
-192.638
-246.844
-300.689
-302.289
-198.576
-6.92333
185.144
289.341
289.298
238.475
187.029
148.772
121.398
100.976
85.0239
72.178
61.8314
53.6318
46.9906
41.3629
36.4232
32.0039
28.0357
24.5236
21.5217
19.0145
16.8718
14.9742
13.2565
11.6896
10.2677
9.0065
7.92746
7.01236
6.21128
5.48818
4.82477
4.21436
3.66147
3.05515
2.1526
1.60836
1.24472
-2.48462
-2.79738
-2.79974
-3.16449
-3.16728
-3.59507
-3.5983
-4.08392
-4.08752
-4.62325
-4.6272
-5.21261
-5.21692
-5.85898
-5.86373
-6.57937
-6.58473
-7.40711
-7.41339
-8.38764
-8.39509
-9.53689
-9.54547
-10.8336
-10.8432
-12.263
-12.2734
-13.831
-13.8424
-15.564
-15.5768
-17.5225
-17.5372
-19.8144
-19.832
-22.5558
-22.5767
-25.757
-25.7809
-29.3622
-29.3887
-33.3607
-33.3901
-37.8084
-37.8413
-42.8413
-42.879
-48.7244
-48.7695
-55.9037
-55.9596
-64.8013
-64.87
-75.5989
-75.6817
-88.5901
-88.6901
-104.555
-104.68
-125.039
-125.204
-152.864
-153.095
-192.473
-192.803
-246.637
-247.051
-300.557
-300.82
-302.456
-302.121
-199.129
-198.022
-7.65368
-6.19271
184.583
185.703
289.174
289.507
289.427
289.168
238.67
238.28
187.188
186.871
148.884
148.661
121.48
121.317
101.039
100.914
85.0738
84.9741
72.2183
72.1378
61.8636
61.7993
53.6574
53.6063
47.0118
46.9695
41.3812
41.3446
36.4395
36.4069
32.0186
31.9893
28.0488
28.0226
24.535
24.5122
21.5314
21.5121
19.0225
19.0065
16.8788
16.8647
14.9805
14.9679
13.2622
13.2507
11.6949
11.6844
10.2724
10.263
9.0106
9.00241
7.93092
7.92401
7.01534
7.00938
6.21393
6.20863
5.4906
5.48577
4.82699
4.82254
4.2164
4.21232
3.66328
3.65966
3.05934
3.05097
2.15498
2.15022
1.60987
1.60685
1.24577
-2.49365
-2.78706
-2.81012
-3.15233
-3.17952
-3.58099
-3.61246
-4.06819
-4.10331
-4.60603
-4.64448
-5.1938
-5.23581
-5.83824
-5.88456
-6.55598
-6.60823
-7.37973
-7.44093
-8.35508
-8.42779
-9.49942
-9.58311
-10.792
-10.885
-12.2172
-12.3193
-13.7808
-13.8927
-15.508
-15.633
-17.4582
-17.6018
-19.7381
-19.909
-22.4648
-22.6682
-25.6529
-25.8855
-29.2462
-29.5052
-33.2322
-33.5192
-37.6646
-37.9858
-42.6768
-43.0444
-48.5279
-48.9675
-55.6601
-56.2053
-64.5017
-65.1719
-75.2376
-76.0445
-88.1543
-89.1289
-104.011
-105.23
-124.317
-125.933
-151.855
-154.112
-191.046
-194.254
-244.839
-248.865
-299.361
-301.95
-303.853
-300.584
-203.92
-193.134
-14.0059
0.21129
179.648
190.529
287.63
290.886
290.533
288.003
240.378
236.574
188.581
185.494
149.872
147.691
122.198
120.607
101.588
100.37
85.512
84.5393
72.5724
71.7865
62.1462
61.5196
53.882
53.3835
47.1978
46.7845
41.542
41.1846
36.5824
36.2647
32.1469
31.8615
28.1637
27.9082
24.6353
24.4125
21.6156
21.4283
19.093
18.9363
16.9402
16.8036
15.0357
14.9129
13.3124
13.2007
11.7407
11.6387
10.3137
10.2219
9.04654
8.96668
7.96125
7.89388
7.04146
6.9834
6.23716
6.18548
5.51177
5.46465
4.84648
4.80309
4.23428
4.1945
3.67919
3.64385
3.09642
3.01475
2.17602
2.12957
1.62323
1.59373
1.25509
-2.52368
-2.56783
-2.61282
-2.65869
-2.70555
-2.75332
-2.84475
-2.89574
-2.94801
-3.00151
-3.05639
-3.11268
-3.22029
-3.28047
-3.34194
-3.40492
-3.46921
-3.53486
-3.65953
-3.72869
-3.79905
-3.87043
-3.94291
-4.01659
-4.15569
-4.23238
-4.3101
-4.38893
-4.46874
-4.54947
-4.70186
-4.78559
-4.87052
-4.95653
-5.0438
-5.13211
-5.29846
-5.39027
-5.48306
-5.57729
-5.67296
-5.77017
-5.95376
-6.05525
-6.15857
-6.26354
-6.3703
-6.47929
-6.68648
-6.8019
-6.91986
-7.0406
-7.16387
-7.29021
-7.53281
-7.66874
-7.80832
-7.95142
-8.09827
-8.24873
-8.53673
-8.69764
-8.8623
-9.03045
-9.20185
-9.37657
-9.70816
-9.8916
-10.0781
-10.2676
-10.4601
-10.6552
-11.0237
-11.2268
-11.4327
-11.6414
-11.8529
-12.0672
-12.4715
-12.6941
-12.9199
-13.1488
-13.3808
-13.616
-14.0602
-14.3051
-14.554
-14.807
-15.0639
-15.3248
-15.82
-16.0951
-16.3742
-16.6595
-16.951
-17.2482
-17.8166
-18.1342
-18.46
-18.7936
-19.1365
-19.4885
-20.1656
-20.5454
-20.9355
-21.3359
-21.7463
-22.1672
-22.9732
-23.4225
-23.8817
-24.3493
-24.8263
-25.3118
-26.2331
-26.7432
-27.2615
-27.7884
-28.3231
-28.8659
-29.8923
-30.4587
-31.0337
-31.617
-32.2095
-32.811
-33.9486
-34.5772
-35.2155
-35.8643
-36.5237
-37.194
-38.4665
-39.1734
-39.8923
-40.6256
-41.3738
-42.138
-43.5965
-44.4126
-45.2471
-46.1034
-46.9832
-47.8878
-49.6292
-50.6111
-51.6254
-52.6713
-53.7519
-54.8678
-57.0281
-58.2492
-59.5087
-60.8053
-62.1452
-63.5244
-66.1807
-67.6749
-69.2091
-70.7838
-72.4007
-74.0619
-77.2581
-79.0503
-80.8917
-82.7845
-84.732
-86.7348
-90.598
-92.7771
-95.025
-97.3504
-99.7502
-102.242
-107.076
-109.831
-112.694
-115.666
-118.765
-121.994
-128.373
-132.04
-135.888
-139.939
-144.175
-148.619
-157.544
-162.725
-168.197
-173.963
-180.035
-186.446
-199.175
-206.545
-214.205
-222.204
-230.498
-238.964
-254.88
-263.609
-272.071
-280.395
-288.022
-294.994
-305.489
-309.448
-312.058
-312.689
-311.22
-307.586
-295.019
-284.934
-272.082
-256.843
-239.192
-219.079
-176.417
-150.662
-123.394
-94.8997
-65.231
-35.0603
21.3811
51.5497
81.1169
109.891
136.997
162.75
205.679
225.515
243.397
258.954
271.485
281.778
294.613
298.274
299.859
299.426
297.433
293.836
284.034
277.46
269.939
262.256
254.32
246.036
230.981
222.978
215.125
207.514
200.244
193.23
181.068
174.951
169.109
163.548
158.255
153.229
144.548
140.184
136.024
132.044
128.245
124.613
118.31
115.092
112.008
109.041
106.191
103.434
98.6038
96.1218
93.7212
91.3996
89.1521
86.9778
83.1254
81.1337
79.2059
77.3331
75.5166
73.7574
70.6427
69.0318
67.473
65.9656
64.5083
63.0946
60.6112
59.3345
58.0971
56.9035
55.7498
54.6331
52.6576
51.6345
50.6414
49.6752
48.7335
47.8178
46.1801
45.3244
44.4871
43.6672
42.864
42.077
40.6606
39.9146
39.1817
38.4615
37.7531
37.0571
35.7984
35.1331
34.4785
33.833
33.1981
32.5734
31.4427
30.8448
30.2562
29.6771
29.1071
28.5461
27.5343
27.0008
26.4773
25.9641
25.4614
24.9692
24.0869
23.6261
23.1768
22.7392
22.3123
21.8963
21.1554
20.7705
20.3964
20.0312
19.6758
19.3282
18.7071
18.3817
18.0628
17.7514
17.4452
17.1446
16.6032
16.3175
16.0361
15.7594
15.4874
15.2188
14.7323
14.4744
14.2203
13.9698
13.7228
13.4793
13.0363
12.8015
12.5695
12.3408
12.1153
11.8928
11.4888
11.2751
11.0643
10.8565
10.652
10.451
10.0872
9.89572
9.70773
9.52344
9.34291
9.16629
8.84995
8.68461
8.52329
8.3659
8.21238
8.06248
7.79549
7.65603
7.51959
7.38634
7.25594
7.12823
6.89843
6.77758
6.659
6.54212
6.42725
6.31426
6.10953
6.00114
5.89427
5.78896
5.68473
5.58199
5.39527
5.29609
5.19807
5.10125
5.00574
4.91113
4.73932
4.64796
4.55757
4.46843
4.38044
4.29372
4.13601
4.05257
3.97039
3.88945
3.81003
3.73219
3.59229
3.5191
3.44784
3.37871
3.31177
3.2236
2.90039
2.74687
2.60606
2.47697
2.35789
2.24758
2.06368
1.97407
1.89003
1.81186
1.73811
1.66872
1.55114
1.49172
1.43711
1.38465
1.3344
1.28662
