-2.08963
-2.44845
-2.8661
-3.38404
-4.0135
-4.73125
-5.53672
-6.45209
-7.54275
-8.92008
-10.5818
-12.4746
-14.6094
-17.0657
-20.0614
-23.886
-28.4692
-33.7243
-39.76
-46.9426
-56.1705
-68.4662
-84.1267
-104.296
-132.171
-174.862
-242.559
-308.484
-246.168
-6.81868
232.562
295.739
233.909
170.024
128.436
100.675
80.491
65.1656
53.8447
45.3237
38.3489
32.3485
27.1274
22.7166
19.2447
16.442
14.0302
11.8947
10.0083
8.41299
7.14245
6.08658
5.15669
4.32098
3.57445
2.5739
1.70587
1.2123
0.894328
0.671677
-2.09051
-2.44743
-2.44946
-2.86489
-2.86732
-3.38251
-3.38557
-4.01172
-4.01529
-4.72925
-4.73325
-5.53447
-5.53896
-6.4495
-6.45469
-7.53954
-7.54597
-8.91602
-8.92415
-10.5771
-10.5865
-12.4693
-12.4799
-14.6034
-14.6154
-17.0587
-17.0727
-20.0525
-20.0704
-23.8748
-23.8972
-28.4563
-28.4821
-33.7095
-33.7391
-39.7428
-39.7772
-46.9215
-46.9638
-56.1423
-56.1987
-68.4295
-68.5029
-84.0803
-84.1732
-104.235
-104.357
-132.082
-132.261
-174.719
-175.005
-242.349
-242.77
-308.408
-308.558
-246.6
-245.734
-7.55478
-6.08274
232.135
232.988
295.811
295.667
234.105
233.714
170.161
169.888
128.524
128.347
100.737
100.614
80.5373
80.4447
65.2005
65.1308
53.8702
53.8193
45.3437
45.3037
38.3658
38.3319
32.3632
32.3337
27.1402
27.1147
22.727
22.7062
19.2529
19.2366
16.4488
16.4352
14.0363
14.0242
11.9
11.8894
10.0129
10.0036
8.41675
8.40924
7.14548
7.13942
6.08918
6.08399
5.15901
5.15437
4.32308
4.31889
3.57629
3.57261
2.57704
2.57077
1.70754
1.7042
1.21331
1.21129
0.895007
0.89365
0.672195
-2.09939
-2.43733
-2.45961
-2.8528
-2.87949
-3.3673
-3.40095
-3.99394
-4.03314
-4.70916
-4.75326
-5.51204
-5.56148
-6.42357
-6.48067
-7.5075
-7.57822
-8.87557
-8.96486
-10.5306
-10.6336
-12.4166
-12.5328
-14.5435
-14.6758
-16.9889
-17.1431
-19.9636
-20.1601
-23.7631
-24.0094
-28.3273
-28.6119
-33.5612
-33.8871
-39.5715
-39.9497
-46.7098
-47.176
-55.8613
-56.4822
-68.0639
-68.8711
-83.6175
-84.6401
-103.626
-104.973
-131.192
-133.157
-173.304
-176.444
-240.244
-244.873
-307.606
-309.25
-250.906
-241.395
-15.0006
1.26779
227.783
237.168
296.475
294.893
236.071
231.754
171.538
168.532
129.409
127.468
101.355
100.002
81.0022
79.984
65.5514
64.7842
54.1257
53.5656
45.5453
45.1045
38.5353
38.1631
32.5112
32.1864
27.2684
26.9864
22.8318
22.6028
19.3332
19.1559
16.5169
16.3669
14.0967
13.964
11.9533
11.8363
10.0591
9.95738
8.45445
8.37184
7.17583
7.10942
6.11516
6.05812
5.18224
5.13123
4.34403
4.29792
3.59472
3.55432
2.60868
2.53976
1.72438
1.68766
1.22348
1.2013
0.901839
0.887023
0.677401
-2.13317
-2.18453
-2.2369
-2.29022
-2.34458
-2.39989
-2.49784
-2.55654
-2.61679
-2.67888
-2.74235
-2.80806
-2.92572
-2.99768
-3.07221
-3.14923
-3.22877
-3.31122
-3.45892
-3.54846
-3.64021
-3.73401
-3.82986
-3.92785
-4.10054
-4.20378
-4.30874
-4.41564
-4.52431
-4.63497
-4.8293
-4.94476
-5.06264
-5.1825
-5.30422
-5.42839
-5.64656
-5.77718
-5.9103
-6.04625
-6.18479
-6.32732
-6.5792
-6.7315
-6.88831
-7.04981
-7.21672
-7.38928
-7.70129
-7.89186
-8.09004
-8.2951
-8.50665
-8.72625
-9.11857
-9.35525
-9.59718
-9.84453
-10.0976
-10.3567
-10.8113
-11.0828
-11.3601
-11.6418
-11.9281
-12.2198
-12.733
-13.0393
-13.3513
-13.6683
-13.9918
-14.3213
-14.9035
-15.2521
-15.6076
-15.9724
-16.3457
-16.7296
-17.4112
-17.827
-18.2537
-18.6994
-19.1586
-19.6369
-20.5008
-21.0319
-21.5821
-22.1517
-22.7415
-23.35
-24.4343
-25.0849
-25.7532
-26.4361
-27.133
-27.8468
-29.1029
-29.8552
-30.6217
-31.4019
-32.2004
-33.0121
-34.4477
-35.3065
-36.1839
-37.0814
-37.9961
-38.936
-40.6038
-41.6062
-42.6418
-43.707
-44.8013
-45.9349
-47.9826
-49.2371
-50.5425
-51.9094
-53.3397
-54.8307
-57.5627
-59.2455
-61
-62.8327
-64.7383
-66.7147
-70.2703
-72.4408
-74.6903
-77.0151
-79.4188
-81.911
-86.4139
-89.169
-92.0323
-95.0195
-98.1296
-101.388
-107.331
-111.032
-114.926
-119.033
-123.38
-127.983
-136.584
-142.046
-147.908
-154.182
-160.93
-168.152
-181.994
-190.824
-200.419
-210.567
-221.289
-232.604
-252.784
-264.483
-276.099
-286.59
-295.984
-303.751
-310.916
-310.344
-305.557
-296.818
-283.815
-265.489
-223.816
-193.649
-159.758
-122.667
-83.3768
-42.4491
28.7649
69.8812
109.264
146.003
179.793
210.16
251.854
269.595
283.637
292.348
297.115
298.259
291.439
284.479
275.502
265.066
254.485
243.472
224.496
213.973
203.8
194.229
185.309
176.833
163.601
156.558
150.03
143.888
138.162
132.788
124.291
119.718
115.404
111.302
107.409
103.713
97.7538
94.4966
91.3784
88.387
85.5207
82.7708
78.2902
75.8179
73.4436
71.163
68.979
66.8904
63.5134
61.6683
59.9086
58.2233
56.6213
55.1003
52.6313
51.2781
49.969
48.7046
47.4896
46.3092
44.3651
43.273
42.2094
41.1755
40.1636
39.1762
37.534
36.6036
35.6929
34.7999
33.9278
33.0704
31.6401
30.8296
30.0353
29.2583
28.4977
27.7522
26.5141
25.8174
25.1376
24.4819
23.8449
23.2292
22.2213
21.665
21.1294
20.614
20.1188
19.6406
18.8573
18.4167
17.9897
17.5747
17.1694
16.7744
16.1148
15.7425
15.3773
15.019
14.6666
14.3212
13.7424
13.4136
13.0907
12.7731
12.4598
12.1537
11.6399
11.3472
11.061
10.78
10.5047
10.2344
9.7863
9.53322
9.28873
9.05092
8.82065
8.59808
8.23419
8.03182
7.83714
7.64927
7.46709
7.29081
6.99832
6.83443
6.67411
6.51726
6.36376
6.21331
5.96186
5.81887
5.6783
5.54013
5.40391
5.26989
5.04493
4.91685
4.79059
4.66627
4.54347
4.4229
4.22016
4.10495
3.99148
3.88038
3.77125
3.66433
3.48681
3.38762
3.29291
3.16163
2.93576
2.73206
2.42883
2.27507
2.13605
2.0104
1.8949
1.78938
1.62789
1.54307
1.46494
1.39313
1.32595
1.26287
1.16459
1.11135
1.06136
1.01429
0.969911
0.928146
0.863019
0.827748
0.793505
0.76035
0.728253
0.697257
