-2.09229
-2.3985
-2.74656
-3.15629
-3.64333
-4.20332
-4.82937
-5.52412
-6.30374
-7.20396
-8.27988
-9.56324
-11.037
-12.6863
-14.5265
-16.6124
-19.0559
-22.0149
-25.5494
-29.6126
-34.1993
-39.4054
-45.4671
-52.8438
-62.1381
-73.7321
-87.9977
-105.931
-129.634
-162.919
-210.353
-265.313
-283.233
-194.974
-6.66521
182.383
270.407
255.092
203.409
158.142
125.699
102.232
84.3931
70.3693
59.3632
50.7746
43.8411
37.9588
32.8181
28.2821
24.3346
21.0264
18.297
15.9773
13.9356
12.1066
10.4688
9.03497
7.82557
6.81047
5.92927
5.14064
4.42573
3.78355
3.15833
2.12939
1.53719
1.15751
0.893105
0.699233
-2.09319
-2.3975
-2.3995
-2.7454
-2.74772
-3.1549
-3.15767
-3.64171
-3.64496
-4.20149
-4.20516
-4.82733
-4.8314
-5.52185
-5.52638
-6.30117
-6.30632
-7.20093
-7.20699
-8.27623
-8.28353
-9.55897
-9.56752
-11.0322
-11.0419
-12.681
-12.6917
-14.5205
-14.5325
-16.6055
-16.6193
-19.0476
-19.0642
-22.0049
-22.025
-25.5376
-25.5612
-29.5993
-29.626
-34.1843
-34.2144
-39.3881
-39.4227
-45.4467
-45.4876
-52.8182
-52.8694
-62.106
-62.1702
-73.6925
-73.7717
-87.9486
-88.0468
-105.868
-105.994
-129.549
-129.719
-162.796
-163.041
-210.185
-210.522
-265.163
-265.462
-283.302
-283.159
-195.429
-194.517
-7.31391
-6.01661
181.911
182.854
270.33
270.484
255.229
254.955
203.568
203.249
158.261
158.024
125.783
125.614
102.295
102.17
84.4417
84.3444
70.4077
70.3309
59.3931
59.3334
50.7982
50.751
43.8606
43.8215
37.9758
37.9419
32.833
32.8032
28.2953
28.269
24.3458
24.3234
21.0357
21.0172
18.3047
18.2893
15.984
15.9706
13.9416
13.9297
12.112
12.1013
10.4736
10.4641
9.03905
9.0309
7.82898
7.82216
6.81337
6.80757
5.93183
5.9267
5.14296
5.13832
4.42783
4.42363
3.7854
3.7817
3.16266
3.15402
2.13172
2.12707
1.53862
1.53577
1.15847
1.15655
0.89379
0.89242
0.699774
-2.10149
-2.38825
-2.40879
-2.7347
-2.75848
-3.14217
-3.17052
-3.62674
-3.66
-4.18455
-4.22223
-4.80852
-4.85027
-5.50091
-5.5474
-6.27743
-6.33018
-7.17301
-7.23507
-8.24261
-8.31736
-9.51949
-9.60718
-10.9877
-11.0866
-12.6313
-12.7415
-14.4648
-14.5884
-16.5417
-16.6835
-18.9716
-19.1411
-21.9122
-22.1183
-25.4289
-25.6704
-29.4761
-29.7498
-34.0454
-34.3538
-39.2287
-39.5832
-45.258
-45.6774
-52.5831
-53.1068
-61.8098
-62.4687
-73.3275
-74.1394
-87.4962
-88.5015
-105.288
-106.578
-128.762
-130.512
-161.669
-164.18
-208.631
-212.082
-263.77
-266.829
-283.898
-282.436
-199.565
-190.25
-13.3185
-0.02123
177.503
187.166
269.561
271.144
256.495
253.685
205.042
201.78
159.361
156.932
126.569
124.838
102.877
101.594
84.8938
83.8964
70.7643
69.9774
59.6705
59.0583
51.0173
50.5336
44.0422
43.641
38.1326
37.7858
32.9712
32.6655
28.4171
28.1477
24.45
24.2198
21.1215
20.932
18.3762
18.2181
16.0459
15.9089
13.997
13.8746
12.1616
12.0519
10.5177
10.4201
9.0769
8.99329
7.86061
7.79068
6.84026
6.7808
5.95559
5.90303
5.16444
5.1169
4.44732
4.40419
3.80253
3.76456
3.20311
3.11457
2.15346
2.10575
1.55188
1.52277
1.1674
1.14772
0.900171
0.8863
0.70479
-2.13077
-2.17441
-2.2187
-2.26381
-2.30961
-2.35617
-2.44162
-2.49075
-2.54078
-2.59194
-2.64417
-2.69765
-2.79653
-2.85379
-2.91247
-2.97273
-3.03454
-3.09805
-3.21596
-3.2843
-3.35439
-3.42623
-3.49967
-3.57481
-3.71309
-3.79266
-3.87381
-3.95648
-4.04044
-4.12585
-4.28218
-4.37157
-4.46233
-4.55461
-4.64818
-4.74322
-4.91674
-5.01589
-5.11647
-5.21871
-5.32253
-5.42818
-5.62134
-5.73187
-5.84458
-5.9593
-6.07615
-6.19524
-6.41426
-6.54044
-6.66959
-6.80184
-6.93735
-7.07638
-7.33435
-7.484
-7.63784
-7.79641
-7.95928
-8.12641
-8.43706
-8.61727
-8.8021
-8.99144
-9.18492
-9.38274
-9.7471
-9.9567
-10.1701
-10.3872
-10.6082
-10.8329
-11.244
-11.4794
-11.7184
-11.9614
-12.2081
-12.4587
-12.917
-13.1787
-13.4449
-13.7159
-13.9914
-14.272
-14.7855
-15.0803
-15.3806
-15.6872
-16.0004
-16.3206
-16.9102
-17.2515
-17.6008
-17.9603
-18.3296
-18.7088
-19.4137
-19.8246
-20.2477
-20.6834
-21.1312
-21.5921
-22.4481
-22.9444
-23.4531
-23.9747
-24.5073
-25.0521
-26.0556
-26.6318
-27.2191
-27.8171
-28.4279
-29.0488
-30.1857
-30.8375
-31.5012
-32.1763
-32.8639
-33.5639
-34.8451
-35.5814
-36.3324
-37.0994
-37.8804
-38.6774
-40.1477
-40.9965
-41.8651
-42.7553
-43.6688
-44.6061
-46.3497
-47.3662
-48.416
-49.501
-50.62
-51.7768
-53.9469
-55.2226
-56.543
-57.9093
-59.3244
-60.7884
-63.5268
-65.1294
-66.7832
-68.4888
-70.249
-72.0656
-75.4416
-77.4134
-79.4458
-81.5428
-83.706
-85.9416
-90.1153
-92.5674
-95.1011
-97.7345
-100.462
-103.298
-108.657
-111.832
-115.155
-118.621
-122.251
-126.064
-133.341
-137.716
-142.355
-147.224
-152.347
-157.808
-168.277
-174.636
-181.301
-188.243
-195.598
-203.27
-217.627
-225.903
-234.295
-242.662
-250.936
-258.771
-271.183
-276.994
-281.717
-284.814
-285.982
-285.459
-278.917
-271.196
-260.74
-247.658
-231.716
-213.403
-174.824
-149.752
-122.878
-94.2169
-64.7577
-34.2472
20.6777
51.1076
80.7669
109.181
136.239
161.464
200.833
218.882
234.727
247.941
258.172
266.014
273.161
274.183
273.264
270.365
266.15
260.727
248.972
241.551
233.848
225.984
218.118
210.233
196.681
189.401
182.436
175.761
169.378
163.305
153.202
147.942
142.935
138.184
133.676
129.378
122.184
118.431
114.833
111.39
108.104
104.95
99.6177
96.7947
94.0781
91.4575
88.9322
86.4977
82.3542
80.1428
78.0075
75.9446
73.9518
72.0298
68.7609
67.0167
65.3375
63.7198
62.162
60.6581
58.1106
56.758
55.4516
54.1918
52.9729
51.7946
49.7842
48.707
47.66
46.6413
45.6497
44.6836
43.016
42.1107
41.2266
40.3626
39.5159
38.6858
37.2437
36.4577
35.687
34.9307
34.1886
33.4587
32.1883
31.4953
30.8135
30.1449
29.4898
28.8465
27.7272
27.1189
26.5232
25.9409
25.3736
24.8186
23.8617
23.347
22.8463
22.3586
21.8851
21.4258
20.6373
20.2134
19.8014
19.4002
19.0098
18.6292
17.972
17.6159
17.2671
16.9258
16.5919
16.2647
15.6947
15.3837
15.0781
14.7773
14.4821
14.1916
13.6833
13.4052
13.1319
12.8624
12.5973
12.3363
11.8801
11.6304
11.3847
11.1435
10.9065
10.6735
10.2677
10.0469
9.83098
9.61942
9.41268
9.21095
8.86298
8.67536
8.49229
8.31403
8.14089
7.97251
7.68183
7.52526
7.37243
7.22309
7.0775
6.93521
6.68781
6.55334
6.42133
6.29161
6.16441
6.03928
5.82077
5.7011
5.58326
5.46713
5.35278
5.24002
5.04247
4.93419
4.82743
4.72205
4.61824
4.51597
4.3367
4.2387
4.14246
4.04757
3.95457
3.86336
3.70531
3.61998
3.53699
3.45636
3.37836
3.30324
2.98233
2.8028
2.64039
2.49223
2.35665
2.23225
2.03345
1.93359
1.84196
1.75579
1.67512
1.59988
1.47797
1.41543
1.3562
1.30032
1.24792
1.19893
1.11747
1.07474
1.03409
0.995237
0.958236
0.92303
0.865422
0.835304
0.805941
0.777298
0.749514
0.722585
