-2.2653
-2.54197
-2.85486
-3.21943
-3.6438
-4.12186
-4.64695
-5.21908
-5.84475
-6.53933
-7.33226
-8.26571
-9.35822
-10.5925
-11.9521
-13.4391
-15.0726
-16.8975
-18.9991
-21.4934
-24.4304
-27.7645
-31.4642
-35.5542
-40.1171
-45.3255
-51.4995
-59.0786
-68.3545
-79.4707
-92.8102
-109.27
-130.492
-159.421
-200.284
-254.331
-304.135
-299.102
-193.556
-6.92333
180.069
286.063
292.57
245.519
194.283
155.054
126.713
105.634
89.1853
75.9305
65.1522
56.5084
49.5582
43.7426
38.6825
34.1698
30.1044
26.454
23.2529
20.5399
18.254
16.2659
14.483
12.8597
11.374
10.0256
8.83249
7.81123
6.9384
6.16899
5.47128
4.82922
4.23684
3.69793
3.18044
2.24606
1.68226
1.30624
1.03785
0.83855
-2.26625
-2.54092
-2.54303
-2.85365
-2.85607
-3.21801
-3.22086
-3.64216
-3.64544
-4.12005
-4.12368
-4.64497
-4.64893
-5.21692
-5.22124
-5.84238
-5.84712
-6.53667
-6.54199
-7.32917
-7.33536
-8.26206
-8.26938
-9.354
-9.36243
-10.5878
-10.5972
-11.947
-11.9572
-13.4335
-13.4447
-15.0664
-15.0788
-16.8905
-16.9046
-18.9908
-19.0073
-21.4836
-21.5032
-24.419
-24.4417
-27.7518
-27.7772
-31.4502
-31.4782
-35.5387
-35.5698
-40.0996
-40.1346
-45.3053
-45.3458
-51.4749
-51.524
-59.0482
-59.1089
-68.3178
-68.3912
-79.427
-79.5145
-92.7572
-92.8632
-109.204
-109.337
-130.404
-130.58
-159.298
-159.544
-200.109
-200.459
-254.123
-254.54
-304.014
-304.255
-299.285
-298.918
-194.118
-192.993
-7.65368
-6.19271
179.507
180.631
285.868
286.257
292.682
292.457
245.716
245.322
194.449
194.118
155.174
154.934
126.8
126.626
105.7
105.567
89.2383
89.1323
75.9736
75.8873
65.1871
65.1174
56.5362
56.4807
49.581
49.5354
43.7621
43.7231
38.6997
38.6653
34.1853
34.1543
30.1184
30.0905
26.4664
26.4416
23.2636
23.2422
20.5488
20.531
18.2617
18.2464
16.2727
16.2591
14.4891
14.4768
12.8653
12.8541
11.3791
11.3688
10.0302
10.021
8.83647
8.82851
7.81461
7.80784
6.94134
6.93547
6.17162
6.16635
5.47369
5.46887
4.83144
4.82699
4.23889
4.23479
3.69976
3.6961
3.1849
3.17599
2.2486
2.24353
1.68389
1.68063
1.30738
1.3051
1.03868
1.03701
0.839172
-2.27432
-2.53197
-2.55202
-2.84337
-2.86642
-3.20595
-3.23299
-3.6283
-3.65937
-4.10467
-4.13911
-4.62818
-4.66576
-5.19863
-5.2396
-5.8223
-5.86729
-6.51411
-6.56466
-7.30296
-7.3618
-8.23105
-8.30057
-9.31825
-9.39835
-10.5481
-10.6371
-11.9035
-12.0009
-13.3858
-13.4925
-15.0137
-15.1316
-16.831
-16.9644
-18.921
-19.0775
-21.4005
-21.5868
-24.3227
-24.5386
-27.6441
-27.8854
-31.3312
-31.5977
-35.4068
-35.7022
-39.9511
-40.2836
-45.1335
-45.5188
-51.2671
-51.7333
-58.7914
-59.3675
-68.0071
-68.704
-79.0557
-79.8878
-92.3086
-93.3155
-108.639
-109.907
-129.66
-131.334
-158.257
-160.599
-198.635
-201.94
-252.349
-256.319
-302.957
-305.249
-300.81
-297.295
-198.852
-188.167
-13.8252
0.02805
174.671
185.424
284.155
287.859
293.611
291.471
247.405
243.652
195.865
192.721
156.196
153.923
127.547
125.888
106.267
104.999
89.6907
88.6834
76.342
75.522
65.4845
64.8225
56.7736
56.2458
49.7753
49.3424
43.9281
43.5581
38.8461
38.5193
34.3172
34.0232
30.237
29.9724
26.5722
26.3364
23.3545
23.1519
20.625
20.4553
18.327
18.1814
16.3304
16.2016
14.5413
14.4248
12.913
12.8065
11.4227
11.3254
10.0694
9.98197
8.87062
8.79467
7.84347
7.77913
6.96638
6.91056
6.19407
6.14399
5.49423
5.44839
4.85038
4.80809
4.25633
4.21742
3.71539
3.68056
3.22314
3.1386
2.27034
2.22215
1.69788
1.66687
1.31714
1.29547
1.04581
1.02995
0.844475
-2.30105
-2.34015
-2.37987
-2.4202
-2.46115
-2.50277
-2.58187
-2.62564
-2.67031
-2.71583
-2.76237
-2.80989
-2.90082
-2.95149
-3.00339
-3.05653
-3.11091
-3.16665
-3.27327
-3.33264
-3.39343
-3.4554
-3.51865
-3.58308
-3.70553
-3.77325
-3.8419
-3.91167
-3.98249
-4.05439
-4.19019
-4.26483
-4.34052
-4.4171
-4.49468
-4.57328
-4.72144
-4.80289
-4.88528
-4.96867
-5.05327
-5.13882
-5.30032
-5.38906
-5.47903
-5.57013
-5.66258
-5.75658
-5.93414
-6.03201
-6.13159
-6.23281
-6.33569
-6.44036
-6.63982
-6.75047
-6.86357
-6.97903
-7.097
-7.21777
-7.44945
-7.57884
-7.71178
-7.8477
-7.98713
-8.13022
-8.40423
-8.55675
-8.71306
-8.87266
-9.03553
-9.20165
-9.51739
-9.69183
-9.86923
-10.0493
-10.2322
-10.4181
-10.7692
-10.9623
-11.1581
-11.3564
-11.5573
-11.7611
-12.1454
-12.3566
-12.5708
-12.7875
-13.0073
-13.2302
-13.6507
-13.8818
-14.1166
-14.3546
-14.5961
-14.8419
-15.3066
-15.563
-15.8246
-16.0904
-16.3607
-16.6366
-17.1628
-17.4557
-17.7544
-18.0601
-18.373
-18.6943
-19.3111
-19.6564
-20.0111
-20.3745
-20.7478
-21.1308
-21.8647
-22.2748
-22.695
-23.1241
-23.5616
-24.0086
-24.8592
-25.3294
-25.8084
-26.295
-26.7894
-27.2922
-28.2436
-28.7678
-29.2997
-29.8396
-30.387
-30.9424
-31.9932
-32.5722
-33.1595
-33.7559
-34.3615
-34.976
-36.1408
-36.7832
-37.4362
-38.1011
-38.7781
-39.4674
-40.7782
-41.5054
-42.2481
-43.0058
-43.7804
-44.5744
-46.0948
-46.9458
-47.8201
-48.7179
-49.6408
-50.5911
-52.4323
-53.4701
-54.5415
-55.6451
-56.784
-57.9582
-60.2285
-61.5059
-62.8231
-64.1768
-65.567
-66.995
-69.7452
-71.2824
-72.8605
-74.4802
-76.1433
-77.85
-81.1306
-82.9687
-84.8582
-86.7998
-88.7964
-90.8508
-94.8248
-97.0684
-99.3808
-101.779
-104.251
-106.812
-111.815
-114.656
-117.611
-120.688
-123.899
-127.258
-133.868
-137.682
-141.684
-145.861
-150.253
-154.909
-164.15
-169.515
-175.163
-181.099
-187.353
-193.886
-206.922
-214.348
-222.089
-230.114
-238.297
-246.542
-262.174
-270.402
-278.528
-286.068
-293.022
-299.261
-308.086
-311.192
-312.633
-312.193
-309.689
-305.241
-291.247
-280.473
-267.185
-251.684
-233.847
-213.888
-171.674
-146.52
-119.928
-92.2266
-63.4303
-34.215
20.5292
49.7591
78.4312
106.417
132.876
157.993
200.487
220.285
238.141
253.95
267.188
277.895
292.26
296.71
299.255
299.881
298.806
296.263
287.906
282.23
275.544
268.182
260.713
252.961
238.19
230.355
222.615
215.017
207.648
200.602
188.228
181.933
175.973
170.259
164.825
159.635
150.651
146.143
141.843
137.735
133.814
130.052
123.51
120.194
117.007
113.944
111
108.164
103.17
100.61
98.1419
95.7525
93.4391
91.1993
87.23
85.18
83.1901
81.2589
79.3878
77.5693
74.3375
72.6689
71.0493
69.477
67.9526
66.4775
63.8648
62.5169
61.2172
59.961
58.7437
57.5655
55.4831
54.4104
53.3697
52.3583
51.3761
50.4213
48.715
47.8287
46.9633
46.1162
45.289
44.4789
43.0198
42.2547
41.5044
40.7674
40.0434
39.3313
38.043
37.3641
36.6964
36.0386
35.3908
34.7529
33.5948
32.9837
32.382
31.7893
31.2054
30.6299
29.5866
29.036
28.494
27.9609
27.4378
26.9228
25.9939
25.5061
25.0287
24.5614
24.1037
23.6572
22.8577
22.4413
22.0356
21.6403
21.2539
20.8786
20.2088
19.8605
19.5194
19.1867
18.8613
18.5434
17.9703
17.6699
17.3753
17.0856
16.8011
16.5213
16.0141
15.7463
15.4828
15.2232
14.967
14.7143
14.2548
14.0116
13.7719
13.5354
13.3015
13.0709
12.6509
12.428
12.2086
11.9921
11.778
11.5669
11.1836
10.9806
10.7807
10.584
10.3901
10.1994
9.85468
9.67324
9.49552
9.32133
9.15061
8.98381
8.68442
8.52807
8.37559
8.22679
8.08111
7.93939
7.68567
7.55279
7.42307
7.29612
7.17153
7.04953
6.82926
6.71334
6.59951
6.48739
6.37696
6.26833
6.07093
5.96658
5.86345
5.76178
5.66124
5.56209
5.3814
5.28547
5.19073
5.0971
5.00449
4.91304
4.74626
4.65775
4.57016
4.48372
4.39838
4.314
4.16065
4.07934
3.99937
3.92067
3.84314
3.76714
3.63002
3.55833
3.48823
3.42007
3.35405
3.28993
3.02008
2.86147
2.71586
2.58198
2.45849
2.34445
2.15391
2.06079
1.97428
1.89285
1.81686
1.74517
1.62292
1.56268
1.50429
1.45049
1.39919
1.34989
1.26457
1.22194
1.18181
1.14306
1.10559
1.06971
1.00715
0.975344
0.944858
0.915735
0.888023
0.862082
