-2.25607
-2.47575
-2.71676
-2.9854
-3.28764
-3.62572
-3.99817
-4.40244
-4.83756
-5.30534
-5.81044
-6.36053
-6.96757
-7.64975
-8.42161
-9.28918
-10.2482
-11.2917
-12.4185
-13.6338
-14.9509
-16.3909
-17.9907
-19.798
-21.8548
-24.178
-26.7574
-29.5802
-32.6482
-35.9872
-39.6474
-43.7126
-48.3077
-53.6202
-59.8183
-67.0304
-75.3421
-84.8951
-95.9697
-109.032
-124.833
-144.413
-169.07
-199.388
-232.95
-259.932
-262.213
-220.1
-129.49
-6.70222
116.258
207.411
249.985
249.107
224.044
192.605
163.758
140.015
120.868
105.261
92.3042
81.3278
71.9578
63.9831
57.223
51.4785
46.5124
42.1283
38.1797
34.5811
31.2814
28.2565
25.5072
23.0499
20.8846
18.9815
17.2875
15.755
14.3486
13.0471
11.8396
10.7228
9.69988
8.77787
7.95887
7.23184
6.57878
5.98175
5.42942
4.91423
4.43266
3.98522
3.57789
3.09315
2.35604
1.85554
1.49611
1.22939
1.02479
0.862133
-2.25703
-2.47471
-2.47678
-2.71562
-2.71791
-2.98411
-2.98669
-3.28619
-3.28909
-3.62411
-3.62733
-3.99641
-3.99993
-4.40054
-4.40434
-4.83552
-4.8396
-5.30314
-5.30753
-5.80806
-5.81282
-6.35792
-6.36313
-6.96467
-6.97047
-7.64647
-7.65303
-8.4179
-8.42532
-9.28504
-9.29332
-10.2436
-10.2527
-11.2868
-11.2966
-12.4132
-12.4238
-13.6281
-13.6395
-14.9447
-14.9571
-16.384
-16.3977
-17.9831
-17.9984
-19.7892
-19.8067
-21.8449
-21.8647
-24.1669
-24.1891
-26.7452
-26.7696
-29.5668
-29.5935
-32.6337
-32.6627
-35.9714
-36.003
-39.63
-39.6648
-43.6932
-43.7321
-48.2854
-48.3299
-53.5943
-53.6462
-59.788
-59.8486
-66.9953
-67.0655
-75.3018
-75.3823
-84.8487
-84.9415
-95.9155
-96.024
-108.967
-109.096
-124.754
-124.912
-144.314
-144.512
-168.945
-169.195
-199.238
-199.538
-232.8
-233.099
-259.851
-260.013
-262.286
-262.138
-220.4
-219.8
-129.995
-128.985
-7.28805
-6.11617
115.744
116.771
207.106
207.728
249.904
250.065
249.185
249.028
224.185
223.903
192.745
192.465
163.878
163.638
140.111
139.918
120.946
120.789
105.325
105.197
92.3579
92.2505
81.3736
81.282
71.997
71.9185
64.0163
63.9499
57.2511
57.195
51.5025
51.4545
46.5335
46.4914
42.1471
42.1095
38.1967
38.1627
34.5967
34.5656
31.2957
31.2671
28.2696
28.2435
25.519
25.4954
23.0604
23.0394
20.8937
20.8754
18.9896
18.9734
17.2947
17.2802
15.7617
15.7484
14.3547
14.3425
13.0528
13.0415
11.8449
11.8344
10.7277
10.718
9.70428
9.69549
8.78181
8.77393
7.96235
7.95539
7.23495
7.22873
6.5816
6.57596
5.98435
5.97916
5.43183
5.42701
4.91648
4.91198
4.43477
4.43055
3.98716
3.98328
3.57962
3.57616
3.09727
3.08903
2.35874
2.35335
1.85743
1.85366
1.49752
1.4947
1.23043
1.22835
1.02562
1.02396
0.862774
-2.26444
-2.46667
-2.48485
-2.70674
-2.72683
-2.97417
-2.99668
-3.275
-3.30033
-3.61165
-3.63984
-3.9828
-4.01359
-4.38586
-4.41907
-4.81972
-4.85544
-5.28614
-5.3246
-5.78966
-5.83129
-6.33776
-6.38338
-6.94224
-6.99302
-7.62111
-7.67853
-8.38921
-8.45415
-9.25304
-9.32546
-10.2086
-10.2879
-11.2488
-11.3347
-12.3723
-12.4649
-13.5838
-13.6839
-14.8966
-15.0054
-16.3311
-16.451
-17.9238
-18.0579
-19.7219
-19.8745
-21.7683
-21.9416
-24.081
-24.2754
-26.6505
-26.8646
-29.4638
-29.6969
-32.5218
-32.7753
-35.8492
-36.1258
-39.4955
-39.7999
-43.5426
-43.8834
-48.1134
-48.503
-53.3942
-53.8476
-59.5541
-60.084
-66.7244
-67.3381
-74.9908
-75.6952
-84.4902
-85.3021
-95.4965
-96.4461
-108.47
-109.598
-124.146
-125.525
-143.549
-145.284
-167.982
-170.169
-198.079
-200.699
-231.638
-234.257
-259.203
-260.626
-262.83
-261.531
-222.695
-217.449
-133.899
-125.048
-11.8207
-1.56675
111.738
120.715
204.72
210.102
249.244
250.774
249.782
248.405
225.267
222.808
193.831
191.383
164.8
162.716
140.862
139.174
121.554
120.187
105.823
104.704
92.7756
91.8356
81.7296
80.9286
72.3022
71.6157
64.2745
63.6934
57.4694
56.9781
51.6893
51.2691
46.697
46.3287
42.2931
41.9642
38.329
38.0309
34.7177
34.445
31.4067
31.1564
28.3711
28.1424
25.6106
25.4045
23.1417
22.9585
20.9649
20.8046
19.0526
18.9108
17.3512
17.224
15.8131
15.6971
14.4022
14.2952
13.0968
12.9976
11.8858
11.7936
10.7653
10.6805
9.73842
9.66144
8.81243
8.74346
7.9894
7.92848
7.25912
7.20469
6.60346
6.55418
6.0045
5.95907
5.45054
5.40835
4.93397
4.89454
4.45112
4.41425
4.00222
3.96826
3.59308
3.56279
3.1295
3.05743
2.3798
2.33264
1.87213
1.83913
1.50851
1.48391
1.23855
1.22034
1.03207
1.01758
0.867753
-2.28634
-2.31697
-2.3479
-2.37925
-2.41097
-2.44318
-2.50873
-2.54221
-2.57608
-2.61052
-2.64539
-2.68083
-2.75326
-2.79034
-2.82814
-2.86653
-2.90546
-2.94516
-3.02637
-3.06811
-3.11057
-3.15379
-3.19773
-3.24234
-3.33368
-3.3805
-3.42816
-3.47651
-3.52557
-3.57527
-3.67687
-3.72869
-3.78128
-3.83456
-3.8885
-3.94299
-4.054
-4.11046
-4.1676
-4.22539
-4.28387
-4.34287
-4.46265
-4.52343
-4.585
-4.64724
-4.71009
-4.77349
-4.90232
-4.96772
-5.0339
-5.10073
-5.16818
-5.23646
-5.37508
-5.44558
-5.51697
-5.58915
-5.66191
-5.73581
-5.88596
-5.96236
-6.03987
-6.11858
-6.19816
-6.27884
-6.44335
-6.52729
-6.61269
-6.69943
-6.78731
-6.87679
-7.05989
-7.15413
-7.24976
-7.34711
-7.44601
-7.54704
-7.75417
-7.86039
-7.96869
-8.07912
-8.19131
-8.30557
-8.53963
-8.65958
-8.78178
-8.90581
-9.03156
-9.15951
-9.42069
-9.55408
-9.68936
-9.82659
-9.96533
-10.106
-10.392
-10.5377
-10.6852
-10.8344
-10.9851
-11.1377
-11.4475
-11.605
-11.7642
-11.9253
-12.0878
-12.2524
-12.5865
-12.7562
-12.928
-13.1016
-13.277
-13.4544
-13.8154
-13.9988
-14.185
-14.3731
-14.5631
-14.756
-15.1481
-15.3478
-15.5505
-15.7563
-15.9647
-16.1764
-16.6087
-16.8297
-17.0544
-17.2826
-17.5142
-17.7509
-18.2351
-18.4836
-18.737
-18.9949
-19.2573
-19.5256
-20.0756
-20.3581
-20.6467
-20.9411
-21.2402
-21.545
-22.17
-22.4911
-22.8179
-23.1501
-23.4878
-23.83
-24.5309
-24.889
-25.2528
-25.6218
-25.9951
-26.374
-27.1458
-27.5388
-27.9376
-28.341
-28.7496
-29.1627
-30.0025
-30.4302
-30.8636
-31.3021
-31.7454
-32.1944
-33.1078
-33.5732
-34.0441
-34.5207
-35.0036
-35.4923
-36.4887
-36.9976
-37.5134
-38.0352
-38.565
-39.1029
-40.2
-40.7612
-41.3329
-41.9142
-42.504
-43.1036
-44.3318
-44.9632
-45.6071
-46.2625
-46.9311
-47.6128
-49.019
-49.7451
-50.4868
-51.2431
-52.0179
-52.8116
-54.4459
-55.2915
-56.1576
-57.0437
-57.949
-58.8735
-60.7835
-61.7718
-62.7793
-63.8089
-64.8605
-65.9355
-68.1474
-69.2883
-70.4535
-71.6411
-72.8511
-74.0849
-76.6248
-77.9344
-79.2714
-80.6349
-82.0259
-83.446
-86.3736
-87.8886
-89.4308
-91.0073
-92.623
-94.2794
-97.6981
-99.4701
-101.285
-103.151
-105.07
-107.026
-111.091
-113.227
-115.421
-117.67
-119.992
-122.381
-127.359
-129.979
-132.675
-135.47
-138.36
-141.339
-147.589
-150.878
-154.29
-157.819
-161.46
-165.208
-173.027
-177.152
-181.386
-185.729
-190.185
-194.723
-204.123
-208.909
-213.696
-218.529
-223.416
-228.222
-237.585
-242.015
-246.167
-250.153
-253.861
-257.153
-262.267
-264.009
-265.121
-265.613
-265.268
-264.137
-259.457
-255.678
-250.651
-244.501
-237.298
-229.122
-210.173
-199.167
-187.119
-174.39
-160.223
-145.252
-113.242
-96.3355
-78.8788
-61.223
-43.455
-25.0957
11.7976
29.9683
48.0134
65.7562
83.0158
99.8198
131.997
146.901
161.043
174.156
186.218
197.329
216.609
224.734
231.845
237.948
242.802
246.864
252.292
253.633
254.126
253.743
252.735
251.31
246.462
243.526
240.231
236.509
232.49
228.348
219.578
215.074
210.584
206.011
201.489
197.036
188.225
183.927
179.679
175.512
171.477
167.545
160.043
156.433
152.941
149.549
146.275
143.096
137.016
134.109
131.291
128.552
125.926
123.36
118.437
116.063
113.793
111.58
109.421
107.309
103.27
101.328
99.4324
97.5839
95.7782
94.0174
90.628
88.9852
87.38
85.8161
84.2855
82.789
79.9005
78.5011
77.1318
75.7951
74.4864
73.2081
70.7382
69.546
68.3806
67.2413
66.1288
65.0417
62.9475
61.9339
60.9463
59.9824
59.0403
58.1196
56.3472
55.4892
54.6502
53.8308
53.0298
52.245
50.7274
49.9905
49.2678
48.5593
47.8643
47.1818
45.855
45.2085
44.5727
43.9477
43.3324
42.7256
41.5405
40.9608
40.3887
39.8244
39.2683
38.72
37.645
37.1176
36.5973
36.0832
35.5758
35.0752
34.0927
33.6097
33.132
32.6605
32.1951
31.7352
30.8328
30.3894
29.9518
29.5196
29.0927
28.6716
27.8472
27.4424
27.0433
26.6501
26.2628
25.8826
25.1388
24.7749
24.4178
24.0667
23.7216
23.3829
22.7227
22.4022
22.0871
21.7778
21.4741
21.1763
20.5981
20.3157
20.0393
19.7674
19.5006
19.2391
18.7278
18.4781
18.2329
17.9909
17.7526
17.5184
17.0597
16.8348
16.6134
16.3947
16.1788
15.9657
15.5471
15.3412
15.1382
14.9372
14.7385
14.5425
14.1569
13.9668
13.7788
13.5927
13.4087
13.2269
12.8692
12.6929
12.5185
12.346
12.1754
12.0067
11.6745
11.511
11.3498
11.1902
11.0326
10.8767
10.5708
10.4205
10.2723
10.1261
9.98181
9.83987
9.5619
9.42574
9.29198
9.16033
9.03051
8.90323
8.65465
8.53353
8.41467
8.29763
8.18255
8.06965
7.84981
7.74234
7.63696
7.53313
7.43106
7.33067
7.13451
7.03854
6.94409
6.85078
6.75877
6.66817
6.4904
6.40295
6.31683
6.23156
6.1473
6.06413
5.9003
5.81978
5.74016
5.66117
5.58303
5.50585
5.35374
5.27865
5.20433
5.13073
5.05777
4.98565
4.84347
4.77329
4.70387
4.63503
4.56687
4.49947
4.36651
4.30116
4.23645
4.17243
4.10919
4.04682
3.9243
3.86421
3.80497
3.7466
3.68917
3.63298
3.52384
3.47098
3.41912
3.36854
3.31913
3.22724
2.96727
2.84969
2.7385
2.63455
2.53643
2.44366
2.27311
2.19424
2.11939
2.04808
1.98028
1.91622
1.79723
1.74121
1.68766
1.63641
1.58753
1.54106
1.45341
1.41237
1.3728
1.33467
1.2981
1.26297
1.1973
1.16627
1.13612
1.10687
1.07861
1.05125
0.999062
0.974085
0.949942
0.926531
0.903957
0.882517
