-1.84407
-2.04051
-2.25177
-2.48094
-2.73347
-3.01648
-3.33655
-3.6956
-4.09142
-4.5213
-4.98524
-5.48591
-6.0295
-6.62715
-7.29516
-8.05344
-8.91451
-9.87784
-10.9355
-12.0834
-13.3254
-14.6735
-16.1498
-17.7928
-19.6548
-21.7856
-24.2058
-26.9046
-29.8676
-33.0999
-36.6324
-40.5268
-44.8901
-49.882
-55.7103
-62.5634
-70.5575
-79.7989
-90.5155
-103.133
-118.34
-137.172
-161.066
-191.049
-225.814
-256.523
-263.988
-225.644
-134.275
-6.70222
121.093
213.099
252.143
245.884
217.306
184.76
156.055
132.949
114.449
99.4152
86.8908
76.3119
67.3408
59.7807
53.4173
47.9926
43.2623
39.0395
35.2166
31.7274
28.5388
25.6492
23.0761
20.8206
18.8483
17.0995
15.5212
14.0757
12.741
11.5067
10.3716
9.34131
8.42289
7.61284
6.89431
6.2458
5.65073
5.09903
4.58492
4.10701
3.67013
3.27859
2.44924
1.90149
1.51674
1.23461
1.02107
0.853194
0.715697
0.597738
-1.84489
-2.03963
-2.0414
-2.25082
-2.25273
-2.4799
-2.48198
-2.73231
-2.73462
-3.01517
-3.01778
-3.33508
-3.33803
-3.69396
-3.69724
-4.08963
-4.09322
-4.51937
-4.52324
-4.98315
-4.98733
-5.48365
-5.48817
-6.02703
-6.03197
-6.62442
-6.62988
-7.29208
-7.29824
-8.04993
-8.05695
-8.91055
-8.91847
-9.87345
-9.88223
-10.9307
-10.9403
-12.0782
-12.0886
-13.3198
-13.331
-14.6674
-14.6797
-16.1431
-16.1565
-17.7853
-17.8004
-19.6462
-19.6635
-21.7757
-21.7954
-24.1946
-24.2169
-26.8923
-26.9168
-29.8542
-29.881
-33.0853
-33.1145
-36.6163
-36.6484
-40.509
-40.5446
-44.87
-44.9103
-49.8587
-49.9053
-55.683
-55.7377
-62.5313
-62.5955
-70.5202
-70.5948
-79.7558
-79.842
-90.4655
-90.5656
-103.073
-103.193
-118.267
-118.413
-137.08
-137.264
-160.949
-161.182
-190.908
-191.19
-225.662
-225.966
-256.424
-256.622
-264.038
-263.937
-225.927
-225.361
-134.777
-133.773
-7.28805
-6.11617
120.588
121.598
212.812
213.386
252.093
252.193
245.974
245.794
217.449
217.164
184.897
184.624
156.167
155.943
133.039
132.86
114.521
114.378
99.4745
99.356
86.9406
86.8411
76.3542
76.2697
67.3765
67.3051
59.8107
59.7507
53.4427
53.392
48.0145
47.9707
43.2816
43.243
39.0568
39.0221
35.2325
35.2008
31.7418
31.7129
28.552
28.5256
25.6611
25.6373
23.0866
23.0656
20.8297
20.8114
18.8564
18.8403
17.1067
17.0923
15.5277
15.5147
14.0818
14.0697
12.7466
12.7354
11.5118
11.5015
10.3763
10.3669
9.34554
9.33708
8.42664
8.41916
7.61615
7.60954
6.89727
6.89136
6.24849
6.24311
5.65322
5.64825
5.10133
5.09672
4.58708
4.58277
4.10899
4.10502
3.67192
3.66834
3.28313
3.27405
2.45211
2.44637
1.90343
1.89955
1.51818
1.51531
1.23566
1.23356
1.0219
1.02025
0.85383
0.852558
0.716261
0.715135
0.598199
-1.85149
-2.03258
-2.04847
-2.24319
-2.26037
-2.47159
-2.49033
-2.72309
-2.7439
-3.00478
-3.02828
-3.32333
-3.34984
-3.68087
-3.71038
-4.07531
-4.10758
-4.50392
-4.53875
-4.96647
-5.00408
-5.46559
-5.5063
-6.00733
-6.05175
-6.60262
-6.65178
-7.26751
-7.32294
-8.02191
-8.08512
-8.87895
-8.95023
-9.8384
-9.91742
-10.8925
-10.9786
-12.0369
-12.1301
-13.275
-13.3759
-14.6187
-14.7286
-16.0893
-16.2106
-17.7248
-17.8611
-19.5774
-19.7327
-21.697
-21.8746
-24.1059
-24.306
-26.7941
-27.0154
-29.747
-29.9885
-32.9683
-33.2319
-36.4881
-36.7772
-40.3672
-40.6873
-44.7094
-45.0719
-49.6725
-50.0926
-55.4646
-55.9577
-62.2754
-62.8532
-70.2226
-70.8942
-79.4121
-80.1878
-90.0661
-90.9675
-102.597
-103.674
-117.685
-119.001
-136.349
-138.001
-160.019
-162.121
-189.779
-192.338
-224.438
-227.177
-255.607
-257.395
-264.404
-263.501
-228.154
-223.059
-138.768
-129.743
-11.9667
-1.41977
116.514
125.602
210.474
215.635
251.669
252.603
246.687
245.061
218.588
216.022
185.987
183.537
157.067
155.053
133.758
132.148
115.095
113.808
99.9524
98.8843
87.3404
86.4446
76.6932
75.933
67.6634
67.0204
60.0515
59.5112
53.6458
53.19
48.19
47.7962
43.4365
43.0888
39.1962
38.8834
35.3592
35.0746
31.8578
31.5974
28.6578
28.4203
25.7564
25.5426
23.1707
22.982
20.9029
20.7386
18.9208
18.7762
17.1643
17.035
15.5802
15.4624
14.13
14.0216
12.7912
12.691
11.553
11.4605
10.4141
10.3293
9.37948
9.30333
8.45663
8.38932
7.64259
7.58315
6.92095
6.8678
6.27004
6.22164
5.67312
5.62841
5.11983
5.07826
4.60432
4.56559
4.12493
4.08914
3.68629
3.65411
3.30214
3.23812
2.47526
2.42363
1.91906
1.8841
1.5296
1.50388
1.2441
1.22523
1.02853
1.01369
0.858933
0.847481
0.720714
0.710648
0.601901
-1.87115
-1.89872
-1.92656
-1.95469
-1.98307
-2.01176
-2.06956
-2.09916
-2.12908
-2.15931
-2.18985
-2.22072
-2.28316
-2.31512
-2.34746
-2.3802
-2.4134
-2.44708
-2.51526
-2.55032
-2.58589
-2.62201
-2.6587
-2.69591
-2.77162
-2.81077
-2.8506
-2.89107
-2.93226
-2.97417
-3.05966
-3.10387
-3.14891
-3.19472
-3.24134
-3.28872
-3.38522
-3.43508
-3.48568
-3.53709
-3.58925
-3.64227
-3.74966
-3.80487
-3.86085
-3.91752
-3.97492
-4.03304
-4.15045
-4.21063
-4.27151
-4.3331
-4.39533
-4.45824
-4.5851
-4.65011
-4.71579
-4.78219
-4.8493
-4.91719
-5.05402
-5.12406
-5.19489
-5.26646
-5.33895
-5.4123
-5.56039
-5.6362
-5.71301
-5.79085
-5.8696
-5.94935
-6.11093
-6.19411
-6.27833
-6.36379
-6.45049
-6.53843
-6.71729
-6.80955
-6.90339
-6.99885
-7.09612
-7.19517
-7.39686
-7.5014
-7.60806
-7.71656
-7.82703
-7.93953
-8.16946
-8.28847
-8.40956
-8.53284
-8.65823
-8.78587
-9.04523
-9.17913
-9.31508
-9.45307
-9.593
-9.73498
-10.0225
-10.1702
-10.3198
-10.4712
-10.6245
-10.7797
-11.0931
-11.2537
-11.4163
-11.5804
-11.7467
-11.9148
-12.254
-12.4278
-12.6037
-12.7814
-12.9611
-13.1429
-13.5099
-13.6983
-13.889
-14.0819
-14.2773
-14.4748
-14.875
-15.0804
-15.2884
-15.4993
-15.7134
-15.9308
-16.372
-16.5996
-16.8307
-17.0655
-17.3041
-17.5469
-18.0425
-18.2992
-18.5606
-18.8266
-19.0978
-19.3747
-19.9404
-20.2334
-20.5323
-20.8376
-21.1486
-21.4654
-22.1116
-22.4465
-22.7872
-23.1336
-23.4862
-23.8442
-24.5726
-24.9479
-25.3289
-25.7154
-26.1072
-26.5047
-27.3097
-27.7228
-28.1415
-28.5663
-28.9959
-29.4307
-30.3094
-30.7608
-31.2179
-31.6802
-32.1485
-32.6229
-33.5825
-34.0747
-34.5733
-35.0786
-35.5904
-36.1099
-37.1623
-37.7035
-38.2515
-38.8091
-39.3744
-39.9487
-41.1152
-41.7194
-42.3327
-42.9563
-43.5911
-44.2372
-45.5565
-46.2407
-46.9391
-47.6518
-48.3801
-49.1268
-50.654
-51.4487
-52.2641
-53.0991
-53.9519
-54.824
-56.6194
-57.5561
-58.5136
-59.4939
-60.497
-61.5233
-63.6267
-64.7217
-65.8424
-66.9866
-68.155
-69.3476
-71.7916
-73.0593
-74.3534
-75.675
-77.0245
-78.4023
-81.2243
-82.691
-84.1908
-85.7232
-87.2911
-88.891
-92.1761
-93.8985
-95.6584
-97.4609
-99.3066
-101.2
-105.124
-107.169
-109.274
-111.438
-113.683
-115.987
-120.769
-123.289
-125.883
-128.571
-131.345
-134.214
-140.224
-143.401
-146.692
-150.101
-153.641
-157.305
-164.943
-168.977
-173.12
-177.432
-181.869
-186.427
-195.785
-200.699
-205.666
-210.655
-215.687
-220.762
-230.739
-235.657
-240.374
-244.787
-249.033
-253.001
-259.499
-262.011
-263.904
-265.095
-265.615
-265.226
-261.89
-258.865
-254.656
-249.083
-242.362
-234.423
-215.894
-204.974
-192.934
-179.955
-165.762
-150.456
-117.577
-100.109
-81.9101
-63.4934
-44.9336
-25.8012
12.4979
31.47
50.3249
68.772
86.6852
104.178
137.118
152.451
166.819
179.988
192.098
203.147
221.928
229.715
236.381
241.806
246.174
249.635
253.577
254.125
253.717
252.646
251.08
248.689
242.766
239.208
235.199
230.944
226.565
221.96
212.653
207.908
203.141
198.469
193.831
189.227
180.341
175.975
171.745
167.632
163.668
159.787
152.447
148.923
145.524
142.23
139.031
135.925
130.068
127.26
124.543
121.91
119.34
116.834
112.138
109.871
107.653
105.501
103.413
101.381
97.4995
95.616
93.7818
91.9959
90.2499
88.5431
85.2813
83.6951
82.1461
80.6336
79.1567
77.7117
74.9441
73.5981
72.2825
70.9981
69.747
68.5253
66.1855
65.0489
63.9416
62.8597
61.8037
60.7755
58.8087
57.853
56.9224
56.0134
55.1249
54.2576
52.5961
51.7862
50.9946
50.2193
49.46
48.716
47.2827
46.5809
45.892
45.2161
44.5519
43.8995
42.6344
42.011
41.3983
40.7946
40.1994
39.613
38.4745
37.9119
37.3565
36.81
36.2705
35.7378
34.702
34.1896
33.6838
33.184
32.6908
32.2042
31.2563
30.7874
30.325
29.8687
29.4182
28.9739
28.1099
27.6837
27.2632
26.8491
26.4414
26.0409
25.2644
24.8825
24.5072
24.1389
23.7776
23.4223
22.7361
22.4007
22.0718
21.7492
21.4327
21.1222
20.5242
20.231
19.9438
19.6616
19.3853
19.1137
18.5874
18.3292
18.0752
17.825
17.5789
17.3366
16.8658
16.634
16.4053
16.1798
15.957
15.7368
15.3083
15.0964
14.887
14.6802
14.4759
14.2739
13.8796
13.684
13.4909
13.2999
13.111
12.9243
12.5595
12.3789
12.2004
12.0238
11.8488
11.676
11.3394
11.1728
11.0083
10.8458
10.6853
10.5269
10.2186
10.0668
9.91692
9.76942
9.6242
9.48107
9.20405
9.06789
8.93412
8.80254
8.67325
8.54647
8.30149
8.18128
8.06328
7.94757
7.8337
7.72182
7.50569
7.39955
7.2951
7.19232
7.09122
6.99167
6.79836
6.70305
6.60912
6.51637
6.42469
6.33435
6.15831
6.07121
5.985
5.89979
5.81573
5.7325
5.56988
5.48931
5.40955
5.33061
5.25237
5.17504
5.02372
4.94867
4.87434
4.80075
4.72788
4.65577
4.5148
4.44478
4.37548
4.30703
4.23941
4.17253
4.0423
3.97796
3.91434
3.85165
3.79005
3.72932
3.61226
3.55505
3.49904
3.4443
3.39089
3.33873
3.13579
3.00159
2.87622
2.75881
2.64915
2.54597
2.35806
2.27131
2.18902
2.1112
2.03723
1.96708
1.83913
1.77889
1.72125
1.66621
1.61377
1.56387
1.47111
1.42767
1.38574
1.34544
1.30677
1.26974
1.20109
1.1686
1.13701
1.10646
1.07694
1.04845
0.994498
0.968583
0.943533
0.919325
0.895999
0.874207
0.832537
0.812083
0.791985
0.772267
0.752959
0.734061
0.697491
0.679616
0.662215
0.645287
0.628914
0.613046
