-2.78903
-3.00607
-3.24455
-3.50544
-3.78848
-4.09232
-4.41574
-4.75846
-5.12139
-5.5063
-5.91601
-6.35532
-6.83004
-7.34928
-7.92149
-8.55264
-9.24377
-9.99257
-10.7951
-11.6495
-12.5569
-13.5198
-14.5458
-15.6433
-16.829
-18.1217
-19.5474
-21.1272
-22.8734
-24.7851
-26.8554
-29.0779
-31.4518
-33.9885
-36.7047
-39.63
-42.8088
-46.2983
-50.1866
-54.5641
-59.5165
-65.101
-71.3649
-78.3495
-86.1588
-94.9466
-104.954
-116.499
-130.053
-146.211
-165.635
-188.65
-214.656
-240.895
-260.646
-264.381
-241.976
-188.186
-105.603
-6.70222
92.1572
175.228
229.325
252.577
249.8
231.434
206.928
182.455
160.455
141.765
125.998
112.645
101.215
91.2901
82.5767
74.8925
68.1153
62.1603
56.9433
52.3548
48.2781
44.6068
41.2559
38.1627
35.2879
32.6056
30.0995
27.764
25.6018
23.6231
21.8293
20.2113
18.7482
17.4115
16.1781
15.0279
13.9497
12.9341
11.9772
11.0766
10.2337
9.45207
8.73464
8.08188
7.4887
6.94617
6.44471
5.97657
5.53621
5.11983
4.72513
4.35101
3.99882
3.67103
3.37537
2.80328
2.27709
1.88602
1.58587
1.35054
-2.79022
-3.00478
-3.00737
-3.24312
-3.24597
-3.50389
-3.507
-3.78681
-3.79016
-4.09053
-4.09411
-4.41384
-4.41765
-4.75644
-4.76047
-5.11926
-5.12353
-5.50403
-5.50857
-5.91359
-5.91843
-6.35271
-6.35792
-6.8272
-6.83287
-7.34618
-7.35239
-7.91805
-7.92492
-8.54887
-8.55642
-9.23965
-9.24789
-9.98813
-9.997
-10.7903
-10.7998
-11.6444
-11.6545
-12.5515
-12.5622
-13.5141
-13.5255
-14.5397
-14.5518
-15.6368
-15.6498
-16.8219
-16.836
-18.114
-18.1295
-19.5388
-19.556
-21.1177
-21.1367
-22.8629
-22.8838
-24.7738
-24.7965
-26.8432
-26.8677
-29.0647
-29.091
-31.4378
-31.4658
-33.9735
-34.0035
-36.6886
-36.7208
-39.6126
-39.6474
-42.7898
-42.8278
-46.2774
-46.3193
-50.1631
-50.2102
-54.5376
-54.5907
-59.4864
-59.5466
-65.0672
-65.1349
-71.3272
-71.4027
-78.3073
-78.3917
-86.1116
-86.2061
-94.8932
-95
-104.892
-105.016
-116.429
-116.57
-129.969
-130.137
-146.11
-146.312
-165.514
-165.756
-188.509
-188.791
-214.503
-214.809
-240.757
-241.034
-260.568
-260.723
-264.427
-264.334
-242.197
-241.754
-188.579
-187.793
-106.133
-105.072
-7.28805
-6.11617
91.6243
92.6897
174.833
175.622
229.101
229.548
252.525
252.629
249.875
249.725
231.565
231.304
207.073
206.782
182.59
182.32
160.572
160.338
141.863
141.667
126.081
125.916
112.715
112.575
101.275
101.154
91.3432
91.2371
82.6234
82.53
74.9338
74.8513
68.1516
68.079
62.1922
62.1283
56.9712
56.9154
52.3795
52.3301
48.3002
48.2561
44.6268
44.5869
41.2743
41.2376
38.1797
38.1456
35.3037
35.272
32.6204
32.5908
30.1134
30.0857
27.7769
27.7512
25.6136
25.5899
23.6339
23.6124
21.839
21.8196
20.22
20.2025
18.7562
18.7402
17.4188
17.4041
16.1849
16.1713
15.0343
15.0216
13.9557
13.9438
12.9398
12.9285
11.9825
11.9719
11.0816
11.0716
10.2383
10.229
9.45636
9.44778
8.73856
8.73072
8.08543
8.07833
7.49193
7.48546
6.94915
6.9432
6.44747
6.44194
5.97916
5.97397
5.53866
5.53377
5.12215
5.11752
4.72733
4.72294
4.35309
4.34894
4.00076
3.99687
3.67282
3.66924
3.37695
3.37378
2.80681
2.79975
2.27966
2.27452
1.88795
1.8841
1.58738
1.58436
1.35174
-2.79883
-2.99539
-3.0168
-3.2328
-3.25633
-3.49263
-3.5183
-3.77466
-3.80235
-4.07755
-4.10713
-4.40007
-4.43146
-4.74186
-4.77511
-5.10382
-5.13902
-5.4876
-5.52504
-5.89608
-5.936
-6.33387
-6.37684
-6.80673
-6.85345
-7.32371
-7.37496
-7.89325
-7.94987
-8.52155
-8.58387
-9.20985
-9.27781
-9.95604
-10.0292
-10.7561
-10.8342
-11.608
-11.6911
-12.5128
-12.601
-13.473
-13.5667
-14.4959
-14.5958
-15.5897
-15.697
-16.7709
-16.8873
-18.0579
-18.1859
-19.4768
-19.6182
-21.049
-21.2058
-22.7872
-22.9598
-24.6914
-24.8792
-26.7543
-26.9568
-28.9698
-29.1863
-31.3364
-31.5675
-33.8651
-34.1122
-36.5722
-36.8377
-39.4868
-39.7737
-42.6525
-42.9658
-46.1258
-46.4718
-49.993
-50.3812
-54.3457
-54.7839
-59.2691
-59.7653
-64.8226
-65.381
-71.0539
-71.6775
-78.0025
-78.6985
-85.7702
-86.5497
-94.507
-95.3888
-104.447
-105.462
-115.917
-117.089
-129.361
-130.75
-145.383
-147.048
-164.644
-166.635
-187.486
-189.814
-213.396
-215.916
-239.744
-242.032
-259.993
-261.267
-264.732
-264.001
-243.769
-240.092
-191.398
-184.915
-109.967
-101.194
-11.5287
-1.86066
87.7495
96.5392
171.942
178.449
227.441
231.125
252.156
252.975
250.393
249.166
232.506
230.353
208.126
205.725
183.571
181.345
161.419
159.497
142.574
140.959
126.681
125.318
113.225
112.069
101.716
100.716
91.7288
90.8539
82.9631
82.1925
75.2339
74.5531
68.4156
67.8166
62.4246
61.8983
57.1739
56.7139
52.5589
52.1519
48.4604
48.0967
44.7721
44.4424
41.4075
41.1048
38.3033
38.0224
35.4188
35.1574
32.7279
32.4837
30.2138
29.9856
27.8703
27.6581
25.6998
25.5043
23.7124
23.5345
21.9097
21.7492
20.2839
20.139
18.8142
18.6824
17.472
17.3512
16.2342
16.1221
15.0804
14.9756
13.9991
13.9005
12.9806
12.8877
12.0211
11.9334
11.1178
11.0356
10.272
10.1955
9.48753
9.41677
8.76704
8.7024
8.11126
8.05267
7.51542
7.46207
6.97075
6.92169
6.46757
6.42194
5.998
5.95518
5.5564
5.51608
5.13897
5.10076
4.74327
4.70704
4.36817
4.3339
4.01488
3.9828
3.68584
3.65633
3.38849
3.36229
2.83273
2.77438
2.29843
2.25602
1.90198
1.87023
1.59839
1.5735
1.36051
-2.8211
-2.85042
-2.88009
-2.91019
-2.94066
-2.97142
-3.04127
-3.07351
-3.10603
-3.1391
-3.17253
-3.20644
-3.28308
-3.31835
-3.35405
-3.39024
-3.42694
-3.46397
-3.54747
-3.58583
-3.62475
-3.66392
-3.70356
-3.7436
-3.83388
-3.87512
-3.91683
-3.95893
-4.00143
-4.0444
-4.14067
-4.1847
-4.22915
-4.27411
-4.31933
-4.36479
-4.46707
-4.51386
-4.56085
-4.60836
-4.65626
-4.7045
-4.8128
-4.8623
-4.91224
-4.96251
-5.01331
-5.06437
-5.17894
-5.23136
-5.28427
-5.33762
-5.39133
-5.44558
-5.5676
-5.62316
-5.67934
-5.73617
-5.79345
-5.85138
-5.98125
-6.04086
-6.10117
-6.16224
-6.22372
-6.28566
-6.42566
-6.49003
-6.55485
-6.6206
-6.68715
-6.75442
-6.90654
-6.97657
-7.04751
-7.1196
-7.1926
-7.26644
-7.43336
-7.51053
-7.58884
-7.66815
-7.7485
-7.8299
-8.01439
-8.0996
-8.18593
-8.27339
-8.36194
-8.45172
-8.65479
-8.74836
-8.84296
-8.9387
-9.03558
-9.13364
-9.35501
-9.45665
-9.55941
-9.66308
-9.76797
-9.87389
-10.1123
-10.2215
-10.3316
-10.4428
-10.5551
-10.6683
-10.9228
-11.0393
-11.1566
-11.275
-11.3945
-11.5148
-11.7852
-11.9089
-12.0335
-12.1592
-12.2859
-12.414
-12.7009
-12.8321
-12.9644
-13.0978
-13.2323
-13.368
-13.673
-13.8128
-13.9536
-14.0957
-14.2393
-14.3838
-14.7093
-14.8586
-15.0091
-15.161
-15.3144
-15.4694
-15.819
-15.9797
-16.1421
-16.3062
-16.4723
-16.6403
-17.0197
-17.1941
-17.3706
-17.5495
-17.7312
-17.9154
-18.3313
-18.5235
-18.718
-18.9152
-19.1153
-19.3184
-19.7792
-19.992
-20.2075
-20.426
-20.648
-20.8736
-21.3843
-21.6196
-21.8582
-22.1001
-22.3459
-22.5941
-23.1559
-23.4146
-23.6763
-23.9414
-24.2096
-24.4808
-25.0927
-25.3737
-25.6577
-25.9445
-26.2343
-26.5277
-27.1867
-27.4887
-27.7937
-28.1017
-28.4129
-28.7268
-29.4323
-29.7554
-30.081
-30.4098
-30.7418
-31.077
-31.8303
-32.1753
-32.5236
-32.8754
-33.2301
-33.5881
-34.3931
-34.7621
-35.1345
-35.5104
-35.8906
-36.2746
-37.1399
-37.5367
-37.9369
-38.3415
-38.7516
-39.1658
-40.1002
-40.529
-40.9638
-41.4045
-41.851
-42.3023
-43.3229
-43.7931
-44.2693
-44.7519
-45.242
-45.7394
-46.867
-47.3882
-47.9176
-48.4555
-49.0038
-49.5599
-50.824
-51.4091
-52.0055
-52.6131
-53.2304
-53.8573
-55.2847
-55.9473
-56.623
-57.3093
-58.007
-58.7158
-60.3321
-61.0809
-61.8428
-62.6155
-63.4016
-64.2003
-66.0185
-66.8597
-67.714
-68.5813
-69.4619
-70.3573
-72.3888
-73.3265
-74.2792
-75.2465
-76.2286
-77.2261
-79.4925
-80.5406
-81.6046
-82.6854
-83.7839
-84.9009
-87.4416
-88.6156
-89.8108
-91.0242
-92.2601
-93.5238
-96.3985
-97.7305
-99.0869
-100.47
-101.88
-103.321
-106.614
-108.142
-109.703
-111.296
-112.936
-114.611
-118.441
-120.234
-122.068
-123.941
-125.853
-127.818
-132.343
-134.469
-136.657
-138.896
-141.187
-143.536
-148.965
-151.516
-154.144
-156.84
-159.6
-162.431
-168.93
-171.963
-175.093
-178.277
-181.544
-184.873
-192.464
-195.985
-199.595
-203.232
-206.898
-210.561
-218.774
-222.525
-226.251
-229.896
-233.53
-237.093
-244.469
-247.632
-250.654
-253.497
-256.109
-258.41
-262.552
-263.876
-264.795
-265.432
-265.62
-265.283
-262.921
-261.081
-258.745
-255.747
-252.027
-247.574
-235.545
-229.212
-222.365
-214.987
-207.045
-198.43
-177.462
-166.961
-155.832
-144.182
-132.073
-119.716
-90.9678
-77.535
-63.9846
-50.3544
-36.5458
-22.3732
9.08948
23.0874
36.9654
50.8218
64.4168
77.7366
106.337
118.876
130.951
142.48
153.63
164.227
185.483
194.145
202.23
209.766
216.7
223.029
234.882
239.269
242.869
246.034
248.749
250.906
253.655
254.092
254.038
253.449
252.623
251.546
247.648
245.51
243.206
240.679
237.897
234.897
227.894
224.591
221.163
217.716
214.27
210.812
203.052
199.614
196.207
192.797
189.418
186.105
178.859
175.665
172.552
169.504
166.515
163.623
157.364
154.651
151.999
149.408
146.891
144.426
139.162
136.867
134.63
132.448
130.317
128.23
123.807
121.88
119.984
118.126
116.303
114.547
110.782
109.133
107.513
105.927
104.38
102.861
99.6016
98.1744
96.7733
95.398
94.0496
92.7284
89.8781
88.6262
87.3968
86.1921
85.0084
83.8435
81.3335
80.2332
79.1512
78.0863
77.0393
76.0118
73.7948
72.8227
71.8647
70.9262
70.0052
69.1
67.1492
66.2947
65.4542
64.6306
63.8215
63.026
61.3136
60.5645
59.8295
59.1067
58.3967
57.6996
56.201
55.543
54.8961
54.2608
53.6363
53.0235
51.6984
51.117
50.5431
49.979
49.423
48.8753
47.6902
47.1675
46.6521
46.1433
45.6422
45.1477
44.0738
43.5992
43.1297
42.6654
42.2059
41.752
40.7651
40.3274
39.8939
39.4655
39.0416
38.6226
37.7068
37.3003
36.8985
36.5006
36.1061
35.7158
34.8644
34.4858
34.1106
33.7391
33.3708
33.0058
32.2097
31.856
31.5055
31.1582
30.8139
30.4731
29.7299
29.3996
29.0726
28.749
28.4285
28.1115
27.4202
27.1134
26.8102
26.5105
26.2142
25.9221
25.2865
25.0045
24.7265
24.452
24.1814
23.9151
23.3356
23.0798
22.8272
22.5786
22.3339
22.0925
21.5695
21.3394
21.1115
20.8878
20.6671
20.4491
19.977
19.7686
19.5635
19.3612
19.1616
18.9641
18.535
18.3455
18.1582
17.973
17.7901
17.6093
17.2161
17.0411
16.8683
16.6976
16.5286
16.3614
15.9964
15.8338
15.673
15.5137
15.3558
15.1994
14.8577
14.7057
14.5552
14.4058
14.2578
14.111
13.7895
13.6464
13.5046
13.3639
13.2243
13.086
12.7834
12.6485
12.5147
12.3821
12.2508
12.1204
11.8351
11.7078
11.5819
11.4572
11.3336
11.211
10.9433
10.8243
10.7063
10.5895
10.4738
10.3592
10.1096
9.99884
9.8893
9.78098
9.67396
9.56798
9.3375
9.23569
9.13515
9.03561
8.93754
8.84059
8.63012
8.53734
8.44574
8.35536
8.26612
8.17804
7.98713
7.90289
7.81953
7.73729
7.65619
7.57607
7.40227
7.32531
7.2493
7.17411
7.09988
7.02649
6.86678
6.79589
6.7256
6.6562
6.58752
6.51945
6.37075
6.30477
6.23935
6.17452
6.11041
6.04657
5.90709
5.8453
5.78383
5.72271
5.66217
5.60211
5.47087
5.41219
5.3541
5.2964
5.23906
5.18238
5.05777
5.00227
4.94731
4.89263
4.83823
4.78436
4.66643
4.61382
4.56151
4.50969
4.4582
4.40711
4.2954
4.24573
4.19644
4.14763
4.09936
4.05134
3.94671
3.9003
3.85429
3.80878
3.76388
3.71949
3.62348
3.58109
3.5394
3.49837
3.45805
3.41847
3.33304
3.29582
3.19264
3.09068
2.99314
2.90049
2.71113
2.63199
2.55616
2.48359
2.41406
2.34757
2.20941
2.15104
2.09485
2.04072
1.98877
1.93869
1.83513
1.79082
1.74782
1.70615
1.66596
1.62718
1.54624
1.51151
1.47763
1.44538
1.41397
1.38344
