-2.63571
-2.85998
-3.10883
-3.38588
-3.69112
-4.02216
-4.37694
-4.75482
-5.15653
-5.58435
-6.04287
-6.5386
-7.08222
-7.68652
-8.36365
-9.11711
-9.94155
-10.8312
-11.783
-12.7972
-13.88
-15.0403
-16.2944
-17.668
-19.195
-20.9124
-22.8402
-24.9742
-27.2989
-29.8056
-32.4964
-35.3881
-38.5111
-41.9162
-45.6801
-49.9193
-54.7715
-60.3625
-66.7694
-74.0337
-82.2466
-91.5858
-102.343
-114.959
-130.089
-148.706
-171.924
-200.672
-234.155
-267.061
-287.146
-277.325
-223.93
-128.69
-6.75624
114.994
210.933
264.248
275.351
256.718
225.843
194.234
166.853
144.418
126.191
111.223
98.6745
87.9534
78.695
70.6516
63.6904
57.7093
52.5606
48.0595
44.0518
40.4186
37.0835
33.9966
31.1288
28.4677
26.0148
23.7838
21.7855
20.0123
18.4283
16.9925
15.672
14.444
13.2955
12.2172
11.2066
10.2647
9.39663
8.60962
7.90352
7.26998
6.6941
6.16341
5.66811
5.20219
4.76256
4.34727
3.95762
3.5983
3.27888
2.55609
2.05111
1.68365
1.40557
1.18884
-2.63681
-2.85876
-2.8612
-3.10747
-3.11018
-3.38437
-3.38738
-3.68947
-3.69276
-4.02038
-4.02393
-4.37504
-4.37883
-4.75281
-4.75683
-5.15438
-5.15867
-5.58206
-5.58663
-6.04041
-6.04533
-6.53592
-6.54127
-7.07927
-7.08517
-7.68323
-7.68982
-8.35995
-8.36735
-9.11302
-9.1212
-9.93712
-9.94599
-10.8264
-10.8359
-11.7779
-11.7881
-12.7918
-12.8027
-13.8742
-13.8858
-15.0341
-15.0465
-16.2876
-16.3012
-17.6605
-17.6754
-19.1867
-19.2034
-20.903
-20.9218
-22.8297
-22.8507
-24.9627
-24.9858
-27.2864
-27.3114
-29.7921
-29.819
-32.482
-32.5107
-35.3726
-35.4036
-38.4943
-38.528
-41.8978
-41.9346
-45.6595
-45.7006
-49.896
-49.9427
-54.7446
-54.7985
-60.3315
-60.3934
-66.7341
-66.8047
-73.9938
-74.0736
-82.2014
-82.2918
-91.5342
-91.6374
-102.283
-102.403
-114.888
-115.03
-130.002
-130.175
-148.598
-148.813
-171.789
-172.06
-200.51
-200.834
-233.975
-234.334
-266.909
-267.211
-287.105
-287.187
-277.486
-277.162
-224.326
-223.533
-129.271
-128.108
-7.40738
-6.10519
114.404
115.582
210.541
211.324
264.093
264.402
275.39
275.311
256.86
256.576
226.013
225.673
194.389
194.079
166.983
166.724
144.522
144.314
126.277
126.106
111.294
111.153
98.7343
98.6147
88.0048
87.902
78.7396
78.6505
70.6903
70.613
63.7237
63.6572
57.7379
57.6807
52.5854
52.5358
48.0813
48.0377
44.0715
44.0322
40.4366
40.4007
37.1001
37.067
34.012
33.9812
31.1431
31.1145
28.481
28.4545
26.0269
26.0027
23.7947
23.7728
21.7953
21.7758
20.021
20.0037
18.4361
18.4205
16.9996
16.9854
15.6786
15.6655
14.4501
14.4378
13.3012
13.2897
12.2226
12.2118
11.2117
11.2016
10.2693
10.26
9.40092
9.39235
8.61349
8.60575
7.90697
7.90007
7.27309
7.26687
6.69695
6.69125
6.16605
6.16076
5.67059
5.66563
5.20453
5.19986
4.76477
4.76035
4.34936
4.34519
3.95956
3.95567
3.60006
3.59653
3.28041
3.27734
2.55918
2.553
2.05332
2.04891
1.68529
1.68201
1.40683
1.40431
1.18982
-2.6451
-2.84965
-2.87035
-3.09733
-3.12038
-3.3731
-3.39871
-3.67715
-3.70513
-4.0071
-4.03726
-4.36086
-4.39306
-4.73773
-4.77196
-5.13834
-5.17476
-5.56496
-5.60381
-6.02201
-6.0638
-6.51591
-6.56137
-7.0572
-7.10736
-7.65858
-7.71461
-8.33228
-8.39516
-9.08242
-9.1519
-9.90392
-9.97929
-10.7908
-10.8717
-11.7399
-11.8262
-12.7513
-12.8433
-13.8309
-13.9294
-14.9876
-15.0933
-16.237
-16.352
-17.6047
-17.7314
-19.1241
-19.2663
-20.8326
-20.9925
-22.7511
-22.9297
-24.8764
-25.0724
-27.193
-27.4051
-29.6916
-29.9199
-32.3742
-32.6188
-35.2565
-35.5201
-38.3683
-38.6545
-41.7599
-42.073
-45.5057
-45.8554
-49.7215
-50.1183
-54.5431
-55.0015
-60.1001
-60.6264
-66.4704
-67.07
-73.6955
-74.3738
-81.8634
-82.6319
-91.1486
-92.0261
-101.834
-102.855
-114.357
-115.566
-129.358
-130.828
-147.799
-149.622
-170.783
-173.071
-199.3
-202.055
-232.625
-235.675
-265.774
-268.292
-286.768
-287.466
-278.651
-275.902
-227.258
-220.514
-133.6
-123.715
-12.2937
-1.23644
109.972
119.985
207.562
214.226
262.897
265.529
275.564
275.001
257.923
255.506
227.289
224.43
195.555
192.925
167.952
165.767
145.308
143.536
126.917
125.471
111.822
110.627
99.1824
98.1667
88.3914
87.5182
79.0751
78.3174
70.9811
70.3242
63.974
63.409
57.9533
57.4669
52.772
52.3503
48.2455
47.8744
44.2192
43.8851
40.5715
40.2664
37.2245
36.943
34.1274
33.8661
31.2504
31.0076
28.5804
28.3555
26.118
25.912
23.877
23.6911
21.8685
21.7029
20.086
19.939
18.4945
18.3624
17.053
16.9323
15.728
15.6163
14.4962
14.3919
13.3444
13.2466
12.2631
12.1714
11.2496
11.1638
10.3045
10.2249
9.43313
9.36029
8.64253
8.57682
7.93291
7.87428
7.29648
7.2436
6.71837
6.66992
6.18593
6.14098
5.68922
5.64707
5.22209
5.18235
4.78136
4.74381
4.36498
4.32961
3.97416
3.94114
3.61334
3.58331
3.29194
3.24848
2.58257
2.53003
2.07001
2.03247
1.6977
1.66977
1.41633
1.3949
1.1972
-2.66775
-2.69834
-2.72935
-2.76084
-2.79272
-2.82509
-2.8954
-2.92925
-2.96365
-2.9985
-3.03391
-3.06998
-3.14831
-3.18606
-3.22427
-3.26323
-3.3027
-3.34272
-3.42965
-3.47141
-3.51369
-3.55659
-3.60001
-3.64391
-3.7389
-3.78438
-3.83035
-3.87688
-3.92383
-3.97124
-4.07359
-4.12246
-4.17174
-4.22164
-4.2719
-4.32257
-4.43185
-4.48398
-4.53655
-4.58965
-4.6431
-4.69702
-4.81316
-4.86851
-4.92431
-4.98077
-5.03762
-5.09499
-5.21859
-5.27752
-5.33693
-5.39712
-5.45764
-5.51875
-5.65069
-5.71371
-5.77733
-5.84171
-5.90665
-5.97232
-6.1142
-6.18205
-6.25081
-6.32043
-6.39079
-6.46201
-6.61623
-6.69034
-6.76554
-6.84201
-6.91933
-6.99778
-7.16811
-7.2502
-7.33366
-7.41866
-7.50469
-7.59215
-7.78277
-7.87491
-7.96867
-8.06353
-8.15987
-8.25775
-8.47128
-8.57394
-8.67818
-8.78411
-8.8913
-8.99996
-9.23567
-9.34864
-9.463
-9.57899
-9.69604
-9.81438
-10.0702
-10.1925
-10.3161
-10.4413
-10.5674
-10.6947
-10.9691
-11.1002
-11.2326
-11.3664
-11.5012
-11.6372
-11.9302
-12.0699
-12.211
-12.3536
-12.497
-12.6418
-12.9542
-13.1034
-13.254
-13.4061
-13.5593
-13.714
-14.0478
-14.2071
-14.3682
-14.5314
-14.6958
-14.8619
-15.2208
-15.3926
-15.5663
-15.7427
-15.9206
-16.1006
-16.4909
-16.6784
-16.8681
-17.0609
-17.2561
-17.4543
-17.8847
-18.0924
-18.303
-18.5175
-18.7352
-18.9561
-19.4384
-19.671
-19.9072
-20.149
-20.3947
-20.6433
-21.1858
-21.4479
-21.7145
-21.9856
-22.2604
-22.5394
-23.1455
-23.437
-23.7329
-24.033
-24.3364
-24.6436
-25.309
-25.6278
-25.9505
-26.2772
-26.6072
-26.9407
-27.6608
-28.0055
-28.3539
-28.7057
-29.0611
-29.4203
-30.1948
-30.565
-30.9389
-31.3166
-31.698
-32.0833
-32.9134
-33.3109
-33.7126
-34.1186
-34.5291
-34.9436
-35.8373
-36.2661
-36.6993
-37.1372
-37.5804
-38.0294
-38.9991
-39.4645
-39.9358
-40.4138
-40.8982
-41.3886
-42.4522
-42.9646
-43.4847
-44.0129
-44.5484
-45.0927
-46.2788
-46.8536
-47.4379
-48.0328
-48.637
-49.2528
-50.6002
-51.2552
-51.9217
-52.6014
-53.2944
-54.0021
-55.5584
-56.3102
-57.0779
-57.8605
-58.6615
-59.4786
-61.2643
-62.1307
-63.0132
-63.9126
-64.8295
-65.7619
-67.7959
-68.7808
-69.7827
-70.802
-71.8388
-72.8939
-75.1951
-76.3089
-77.4409
-78.5929
-79.7651
-80.9572
-83.5615
-84.8238
-86.1102
-87.4202
-88.7538
-90.1129
-93.0908
-94.5373
-96.0122
-97.5164
-99.0561
-100.632
-104.094
-105.778
-107.5
-109.266
-111.079
-112.938
-117.038
-119.055
-121.112
-123.229
-125.398
-127.638
-132.612
-135.065
-137.583
-140.199
-142.889
-145.665
-151.839
-154.878
-158.036
-161.298
-164.652
-168.115
-175.85
-179.659
-183.575
-187.585
-191.749
-196.037
-205.382
-209.999
-214.67
-219.454
-224.209
-228.995
-239.29
-244.104
-248.928
-253.652
-258.189
-262.633
-271.122
-274.768
-278.091
-281.061
-283.613
-285.632
-288.001
-288.188
-287.724
-286.322
-284.28
-281.383
-272.161
-266.498
-260.013
-252.639
-244.183
-234.858
-212.038
-200.132
-187.507
-174.061
-159.904
-145.085
-111.55
-94.9087
-77.9796
-60.7036
-43.0977
-25.5317
11.8988
29.5953
47.1299
64.4123
81.2749
97.8413
131.629
146.59
160.779
174.473
187.215
199.2
221.742
230.906
239.318
246.994
253.515
259.187
268.282
271.233
273.456
274.948
275.699
275.906
273.937
272.138
269.987
267.235
264.05
260.685
252.591
248.432
244.103
239.742
235.289
230.737
221.011
216.442
211.956
207.494
203.076
198.749
189.843
185.812
181.852
178.004
174.266
170.614
163.212
159.871
156.622
153.467
150.423
147.467
141.46
138.763
136.134
133.576
131.096
128.68
123.775
121.564
119.412
117.312
115.27
113.277
109.216
107.371
105.566
103.812
102.092
100.41
96.9645
95.3964
93.8628
92.3613
90.8916
89.4515
86.4891
85.1388
83.814
82.5157
81.2413
79.9937
77.4232
76.2504
75.0971
73.9682
72.8623
71.7779
69.5489
68.5318
67.534
66.557
65.6002
64.6621
62.7426
61.8679
61.0102
60.1687
59.3468
58.5447
56.8941
56.1421
55.4051
54.6832
53.9748
53.2817
51.8525
51.1981
50.5561
49.9255
49.3057
48.6958
47.4353
46.8563
46.2849
45.7234
45.1696
44.6227
43.4893
42.9666
42.4504
41.9407
41.4367
40.9398
39.9044
39.4256
38.9523
38.4842
38.0214
37.5638
36.6088
36.1665
35.7289
35.2954
34.8666
34.4419
33.5555
33.1447
32.7382
32.3354
31.937
31.5428
30.7194
30.3377
29.9601
29.5865
29.217
28.8514
28.0889
27.7362
27.3876
27.043
26.7028
26.3667
25.6677
25.3456
25.0281
24.7144
24.4057
24.1019
23.4708
23.1806
22.8964
22.6167
22.3402
22.069
21.5075
21.2504
20.9977
20.7488
20.5043
20.2638
19.7649
19.5363
19.3108
19.0881
18.8695
18.6541
18.2057
17.9992
17.795
17.5934
17.3947
17.1985
16.789
16.5997
16.4125
16.2269
16.0437
15.8626
15.4835
15.3079
15.1341
14.9616
14.791
14.6218
14.2677
14.1036
13.9411
13.7799
13.6204
13.4622
13.1303
12.9763
12.8237
12.6721
12.522
12.3735
12.0623
11.9179
11.7747
11.6326
11.4921
11.3531
11.0617
10.9267
10.7932
10.6608
10.5299
10.4006
10.1304
10.0057
9.88236
9.76022
9.6399
9.52116
9.27404
9.16043
9.04825
8.93743
8.82857
8.72153
8.4991
8.39685
8.29618
8.19716
8.09966
8.00381
7.80484
7.71343
7.62326
7.53429
7.44672
7.36037
7.18088
7.09809
7.01635
6.93553
6.85575
6.77694
6.61242
6.53645
6.46128
6.38672
6.31308
6.24015
6.08753
6.01684
5.94679
5.8772
5.80832
5.74001
5.59689
5.53046
5.46456
5.39898
5.33416
5.26993
5.13505
5.07236
5.01011
4.94835
4.88721
4.82655
4.6991
4.63983
4.58106
4.52267
4.46491
4.40761
4.28753
4.2318
4.17658
4.12179
4.06765
4.01402
3.90195
3.85024
3.79916
3.74855
3.69872
3.6496
3.54779
3.50112
3.45537
3.41047
3.36666
3.32357
3.15833
3.04448
2.93645
2.83473
2.73875
2.64769
2.4693
2.39194
2.31802
2.24739
2.18025
2.11612
1.98887
1.933
1.87954
1.82853
1.77941
1.73205
1.63724
1.59538
1.55526
1.51578
1.47796
1.44238
1.36978
1.33722
1.30575
1.27524
1.24588
1.21764
