-2.96948
-3.16637
-3.38314
-3.61735
-3.86674
-4.12909
-4.40338
-4.69037
-4.98976
-5.30259
-5.62981
-5.97339
-6.33528
-6.72052
-7.13373
-7.58669
-8.08822
-8.6424
-9.24278
-9.88334
-10.5587
-11.2654
-12.0069
-12.781
-13.5918
-14.4417
-15.3362
-16.2811
-17.2892
-18.3782
-19.5733
-20.9038
-22.3797
-23.9835
-25.699
-27.5131
-29.4184
-31.4261
-33.5324
-35.7494
-38.0929
-40.5781
-43.2287
-46.0932
-49.2213
-52.7206
-56.6764
-61.1368
-66.0821
-71.4945
-77.3917
-83.805
-90.8551
-98.6349
-107.333
-117.18
-128.475
-141.686
-157.445
-176.508
-199.789
-227.681
-258.846
-288.743
-307.882
-304.939
-273.083
-206.554
-114.23
-6.75762
100.561
193.082
258.625
291.926
294.849
276.393
248.413
219.502
193.616
171.595
153.252
137.894
124.82
113.558
103.714
94.995
87.1891
80.1382
73.7502
67.98
62.8254
58.2832
54.2952
50.7448
47.5213
44.5472
41.77
39.1669
36.704
34.3703
32.1564
30.0527
28.0544
26.1675
24.4041
22.7821
21.3202
20.0069
18.8118
17.7062
16.6689
15.6861
14.7543
13.8651
13.0136
12.2013
11.424
10.682
9.97813
9.31676
8.70586
8.15171
7.65079
7.19089
6.76191
6.35771
5.97295
5.60579
5.25348
4.91502
4.58958
4.27638
3.97523
3.68621
3.40691
3.0919
2.58632
2.18089
1.86523
1.61351
-2.97076
-3.16495
-3.16778
-3.38161
-3.38468
-3.6157
-3.619
-3.865
-3.86848
-4.12725
-4.13092
-4.40147
-4.40528
-4.68837
-4.69237
-4.98764
-4.99185
-5.30042
-5.30476
-5.62753
-5.6321
-5.97099
-5.97578
-6.33275
-6.33781
-6.71781
-6.72322
-7.13079
-7.13666
-7.58344
-7.58993
-8.0846
-8.09184
-8.63848
-8.64633
-9.23854
-9.24701
-9.87887
-9.88781
-10.5539
-10.5634
-11.2605
-11.2703
-12.0017
-12.012
-12.7757
-12.7864
-13.5862
-13.5975
-14.4358
-14.4476
-15.3299
-15.3424
-16.2745
-16.2878
-17.2822
-17.2963
-18.3704
-18.3859
-19.5647
-19.5818
-20.8942
-20.9134
-22.3692
-22.3902
-23.9722
-23.9948
-25.687
-25.711
-27.5004
-27.5258
-29.4051
-29.4317
-31.4121
-31.4401
-33.5177
-33.5471
-35.7339
-35.7649
-38.0765
-38.1093
-40.5607
-40.5955
-43.21
-43.2474
-46.0729
-46.1134
-49.1989
-49.2438
-52.6953
-52.746
-56.6477
-56.7051
-61.1048
-61.1688
-66.0468
-66.1174
-71.4561
-71.5328
-77.3497
-77.4334
-83.7593
-83.8507
-90.8049
-90.9052
-98.5791
-98.6907
-107.27
-107.395
-117.108
-117.251
-128.392
-128.558
-141.588
-141.784
-157.327
-157.564
-176.364
-176.652
-199.614
-199.964
-227.48
-227.882
-258.63
-259.062
-288.565
-288.922
-307.879
-307.956
-305.055
-304.822
-273.415
-272.75
-207.104
-206.002
-114.924
-113.535
-7.50492
-6.01031
99.8668
101.254
192.537
193.626
258.293
259.018
291.82
292.031
294.917
294.781
276.572
276.214
248.61
248.216
219.693
219.312
193.785
193.451
171.732
171.458
153.366
153.138
137.99
137.797
124.902
124.738
113.629
113.486
103.777
103.652
95.051
94.939
87.2393
87.1389
80.1839
80.0926
73.7916
73.7088
68.0173
67.9428
62.8584
62.7926
58.3122
58.2542
54.3207
54.2697
50.7678
50.7219
47.5423
47.5002
44.5668
44.5277
41.7883
41.7517
39.1841
39.1498
36.7203
36.6877
34.3858
34.3548
32.171
32.1416
30.0667
30.0387
28.0677
28.0412
26.1799
26.1551
24.4157
24.3925
22.7926
22.7715
21.3296
21.3107
20.0154
19.9984
18.8196
18.8039
17.7135
17.699
16.6758
16.662
15.6926
15.6796
14.7605
14.7481
13.871
13.8591
13.0193
13.0079
12.2067
12.1959
11.4292
11.4188
10.687
10.6771
9.98278
9.97348
9.3211
9.31243
8.70985
8.70188
8.1553
8.14811
7.65405
7.64753
7.1939
7.18789
6.76474
6.75909
6.36039
6.35502
5.97551
5.97039
5.60823
5.60334
5.25583
5.25113
4.91728
4.91277
4.59176
4.58741
4.27848
4.27428
3.97723
3.97322
3.68814
3.68428
3.4088
3.40502
3.09546
3.08835
2.58945
2.5832
2.1833
2.17848
1.86715
1.86331
1.61505
-2.97939
-3.15543
-3.17735
-3.37126
-3.39507
-3.60459
-3.63016
-3.85327
-3.88024
-4.1149
-4.14331
-4.38864
-4.41814
-4.67491
-4.70595
-4.97351
-5.00591
-5.28561
-5.31946
-5.61215
-5.64752
-5.95485
-5.99198
-6.31569
-6.35493
-6.69959
-6.74151
-7.11103
-7.15653
-7.56168
-7.6119
-8.06026
-8.11632
-8.61203
-8.6729
-9.21002
-9.27565
-9.84873
-9.91805
-10.5222
-10.5952
-11.2274
-11.3035
-11.9667
-12.0469
-12.739
-12.8228
-13.5482
-13.6356
-14.3958
-14.4878
-15.2879
-15.3847
-16.2298
-16.3326
-17.2344
-17.3443
-18.3183
-18.4382
-19.5071
-19.6398
-20.8296
-20.9784
-22.2986
-22.4612
-23.8959
-24.0714
-25.6061
-25.7922
-27.4148
-27.6123
-29.3157
-29.5216
-31.3172
-31.5348
-33.4187
-33.6465
-35.6296
-35.8695
-37.9658
-38.2204
-40.4432
-40.7134
-43.0843
-43.3737
-45.9364
-46.2495
-49.0479
-49.396
-52.525
-52.9172
-56.4545
-56.8995
-60.8898
-61.385
-65.8091
-66.3564
-71.1976
-71.7941
-77.0673
-77.7158
-83.4523
-84.1597
-90.4673
-91.2451
-98.2035
-99.069
-106.849
-107.82
-116.627
-117.736
-127.836
-129.119
-140.933
-142.453
-156.536
-158.364
-175.395
-177.631
-198.437
-201.154
-226.125
-229.268
-257.169
-260.517
-287.348
-290.047
-307.531
-308.42
-306.099
-303.991
-275.607
-270.454
-210.796
-202.248
-119.591
-108.822
-12.5493
-0.96606
95.1622
105.915
188.819
197.436
256.007
261.507
290.738
292.712
295.357
294.296
277.741
275
249.994
246.885
220.979
218.032
194.905
192.343
172.683
170.539
154.139
152.374
138.644
137.15
125.458
124.187
114.113
113.006
104.203
103.23
95.4302
94.5636
87.5797
86.8001
80.493
79.7855
74.0722
73.4301
68.2694
67.6923
63.081
62.5711
58.5084
58.0591
54.494
54.0982
50.9228
50.5672
47.6846
47.3586
44.699
44.3961
41.912
41.6286
39.3004
39.0339
36.8304
36.5779
34.4905
34.2505
32.2701
32.0423
30.1618
29.9444
28.1573
27.9522
26.2641
26.0712
24.4942
24.3144
22.8641
22.7005
21.3936
21.2471
20.073
19.9412
18.8724
18.7514
17.7627
17.6499
16.7222
16.6157
15.7366
15.6357
14.8024
14.7063
13.911
13.8189
13.0576
12.9698
12.2434
12.1593
11.4643
11.3839
10.7203
10.6438
10.0142
9.94213
9.35045
9.2832
8.73684
8.67504
8.17964
8.12392
7.6761
7.62558
7.21424
7.16762
6.78386
6.74004
6.37854
6.33692
5.99279
5.95314
5.62477
5.5867
5.27167
5.23527
4.93257
4.89755
4.60643
4.57277
4.29267
4.26013
3.99078
3.9597
3.70116
3.67129
3.42153
3.39229
3.11945
3.06456
2.61068
2.56229
2.19973
2.1623
1.88019
1.85045
1.62553
-2.99996
-3.02587
-3.0523
-3.07882
-3.10579
-3.13335
-3.20011
-3.22862
-3.25787
-3.28714
-3.31679
-3.34691
-3.41977
-3.45096
-3.48237
-3.51403
-3.54599
-3.57847
-3.65666
-3.68999
-3.72347
-3.75718
-3.79127
-3.82573
-3.90827
-3.94331
-3.97856
-4.01407
-4.04992
-4.08597
-4.17273
-4.20943
-4.24632
-4.28337
-4.32093
-4.35842
-4.44872
-4.48707
-4.5258
-4.56471
-4.60391
-4.64321
-4.73794
-4.77799
-4.81812
-4.85867
-4.8994
-4.94038
-5.03923
-5.0809
-5.12312
-5.16562
-5.20819
-5.25103
-5.35429
-5.39786
-5.442
-5.48644
-5.53099
-5.57583
-5.6841
-5.72986
-5.77597
-5.82257
-5.86922
-5.91661
-6.03041
-6.07849
-6.12722
-6.17633
-6.22554
-6.27536
-6.39538
-6.44654
-6.49854
-6.55065
-6.60311
-6.65675
-6.78469
-6.83912
-6.89467
-6.95078
-7.00739
-7.06467
-7.20388
-7.2636
-7.32427
-7.38557
-7.44785
-7.51074
-7.6641
-7.7298
-7.79717
-7.8647
-7.9335
-8.00384
-8.17438
-8.24703
-8.32181
-8.39671
-8.47299
-8.54991
-8.73604
-8.8158
-8.89662
-8.97768
-9.05972
-9.143
-9.34371
-9.42899
-9.51514
-9.60172
-9.68945
-9.77803
-9.99014
-10.0803
-10.171
-10.2625
-10.355
-10.4475
-10.6709
-10.7654
-10.8604
-10.9562
-11.0526
-11.1495
-11.3824
-11.4814
-11.5815
-11.682
-11.7829
-11.8848
-12.1296
-12.2327
-12.3367
-12.4417
-12.5471
-12.6532
-12.9091
-13.0171
-13.1265
-13.2366
-13.3468
-13.4581
-13.7259
-13.8394
-13.9539
-14.0692
-14.1845
-14.3013
-14.5829
-14.7015
-14.8222
-14.9433
-15.0648
-15.1883
-15.4844
-15.6098
-15.7374
-15.8655
-15.9939
-16.1248
-16.4383
-16.5716
-16.7077
-16.8441
-16.982
-17.122
-17.4579
-17.6017
-17.7478
-17.8948
-18.0442
-18.1959
-18.5622
-18.7191
-18.8788
-19.0406
-19.2049
-19.3718
-19.7774
-19.9519
-20.1308
-20.3114
-20.4944
-20.6792
-21.1323
-21.3272
-21.5259
-21.7248
-21.9269
-22.1326
-22.6299
-22.8427
-23.0579
-23.2746
-23.4942
-23.7167
-24.2534
-24.4816
-24.7122
-24.9441
-25.1794
-25.4161
-25.9855
-26.2274
-26.4709
-26.7172
-26.9644
-27.2132
-27.8154
-28.0701
-28.3255
-28.5842
-28.8443
-29.1051
-29.7349
-30.0029
-30.2732
-30.5454
-30.819
-31.0948
-31.7592
-32.0394
-32.3217
-32.6079
-32.8943
-33.184
-33.8823
-34.1776
-34.4756
-34.7761
-35.0784
-35.3837
-36.1176
-36.43
-36.7449
-37.0626
-37.3823
-37.7044
-38.4829
-38.8127
-39.1473
-39.484
-39.8227
-40.1671
-40.9921
-41.3432
-41.7007
-42.0605
-42.4216
-42.7887
-43.6732
-44.0527
-44.4373
-44.8235
-45.2172
-45.6158
-46.5741
-46.9853
-47.4048
-47.8289
-48.2581
-48.694
-49.7589
-50.218
-50.6845
-51.1591
-51.64
-52.1274
-53.3239
-53.8407
-54.3676
-54.9052
-55.4501
-56.0029
-57.3605
-57.9478
-58.5426
-59.1499
-59.7638
-60.3853
-61.901
-62.5542
-63.2151
-63.8829
-64.5627
-65.2512
-66.9235
-67.6383
-68.3621
-69.096
-69.8401
-70.5903
-72.4126
-73.1926
-73.9807
-74.7801
-75.5887
-76.4053
-78.3882
-79.2352
-80.0926
-80.9629
-81.8439
-82.7328
-84.8958
-85.8255
-86.7674
-87.7216
-88.6892
-89.6719
-92.0556
-93.0784
-94.1143
-95.167
-96.2368
-97.3237
-99.9716
-101.113
-102.27
-103.446
-104.647
-105.865
-108.836
-110.12
-111.427
-112.761
-114.122
-115.502
-118.899
-120.367
-121.859
-123.388
-124.952
-126.537
-130.47
-132.176
-133.921
-135.717
-137.55
-139.408
-144.044
-146.061
-148.141
-150.289
-152.481
-154.7
-160.264
-162.691
-165.198
-167.795
-170.431
-173.147
-179.972
-182.929
-186.004
-189.156
-192.37
-195.691
-204.005
-207.59
-211.345
-215.156
-218.977
-222.95
-232.613
-236.719
-240.993
-245.23
-249.447
-253.703
-263.911
-268.167
-272.436
-276.571
-280.503
-284.392
-292.776
-295.977
-299.076
-301.678
-303.893
-306.088
-309.291
-310.177
-310.403
-309.873
-309.067
-307.779
-301.752
-298.797
-295.308
-290.746
-286.013
-280.429
-264.705
-256.8
-248.321
-239.316
-229.665
-219.467
-193.186
-181.801
-169.555
-157.012
-144.15
-130.627
-97.6605
-83.2477
-68.6631
-54.0571
-39.3562
-24.4758
10.9795
25.8905
40.5393
55.0945
69.6852
83.9055
117.055
130.489
143.405
156.145
168.234
179.761
206.057
215.997
225.401
234.491
242.83
250.283
266.649
272.118
277.115
281.73
285.14
288.473
294.132
295.531
296.447
296.79
296.589
296.102
293.02
291.153
288.92
286.206
283.375
280.355
272.096
268.272
264.749
261.072
257.09
253.243
243.736
239.638
235.736
231.777
227.864
224.03
215.047
211.395
207.844
204.323
200.896
197.556
189.771
186.65
183.597
180.598
177.7
174.902
168.403
165.825
163.273
160.77
158.37
156.007
150.594
148.424
146.289
144.214
142.204
140.212
135.644
133.801
131.989
130.217
128.489
126.796
122.905
121.319
119.756
118.232
116.744
115.271
111.887
110.506
109.147
107.817
106.51
105.219
102.241
101.02
99.82
98.6418
97.4815
96.3354
93.6797
92.5891
91.516
90.4592
89.418
88.3914
86.0033
85.021
84.0539
83.0999
82.1594
81.229
79.0645
78.1771
77.3009
76.4363
75.5846
74.7408
72.7761
71.9738
71.1822
70.4008
69.63
68.8701
67.1054
66.3841
65.6747
64.9772
64.2894
63.6137
62.0524
61.4213
60.7917
60.174
59.5682
58.9739
57.6057
57.0509
56.4998
55.9592
55.4292
54.9073
53.6964
53.2016
52.7118
52.2313
51.759
51.2923
50.204
49.7565
49.315
48.8805
48.4487
48.0217
47.026
46.6137
46.2081
45.805
45.4049
45.0113
44.0864
43.7023
43.3238
42.9488
42.5755
42.2059
41.3386
40.9789
40.6232
40.2703
39.9214
39.5763
38.7592
38.4192
38.0841
37.7498
37.4188
37.0917
36.3187
35.9983
35.6799
35.3634
35.0502
34.7388
34.0053
33.7013
33.3994
33.0992
32.801
32.5054
31.8089
31.5208
31.2343
30.9485
30.6664
30.3855
29.7224
29.4489
29.1766
28.9052
28.6372
28.3703
27.7428
27.4839
27.2254
26.9701
26.7173
26.4651
25.8744
25.6305
25.3892
25.1509
24.9144
24.6806
24.132
23.9059
23.6837
23.4644
23.2472
23.0336
22.5363
22.3316
22.1313
21.9331
21.7367
21.545
21.0997
20.9164
20.7362
20.5584
20.3829
20.21
19.807
19.6407
19.4766
19.3153
19.1553
18.9974
18.6278
18.4747
18.3239
18.175
18.0261
17.879
17.5347
17.3911
17.2501
17.1096
16.9695
16.8319
16.5064
16.3717
16.2381
16.1052
15.9723
15.841
15.5326
15.4049
15.2778
15.1512
15.0259
14.9018
14.6075
14.4855
14.365
14.2442
14.1242
14.0057
13.7246
13.6074
13.4915
13.3765
13.2623
13.1483
12.8801
12.7685
12.6579
12.5481
12.4388
12.3301
12.0732
11.9668
11.8609
11.7557
11.6513
11.5474
11.3018
11.2001
11.0987
10.9984
10.8987
10.7997
10.566
10.4691
10.3728
10.2778
10.1832
10.0892
9.86846
9.77696
9.68649
9.59711
9.50808
9.4202
9.2146
9.12964
9.04615
8.96353
8.88169
8.80101
8.6131
8.53564
8.45976
8.3845
8.30999
8.23736
8.06805
7.99816
7.92947
7.86195
7.7947
7.72844
7.57405
7.51009
7.44682
7.3847
7.32298
7.26244
7.11994
7.06061
7.00204
6.94381
6.88607
6.82922
6.69515
6.63979
6.58488
6.53025
6.47551
6.42156
6.29437
6.24157
6.18924
6.13721
6.08524
6.03376
5.91284
5.86272
5.81273
5.7629
5.71313
5.66393
5.5479
5.49975
5.45179
5.40393
5.35643
5.30922
5.19792
5.15153
5.10554
5.05969
5.01395
4.96869
4.8617
4.81713
4.77269
4.72873
4.68492
4.64133
4.53839
4.4954
4.45267
4.41041
4.36827
4.32631
4.22688
4.18571
4.14464
4.10387
4.06325
4.02291
3.92789
3.8884
3.84893
3.80983
3.77078
3.73203
3.64069
3.60256
3.56463
3.52687
3.48913
3.45162
3.36228
3.32469
3.28717
3.2499
3.21299
3.17602
3.00661
2.93406
2.86373
2.79449
2.72693
2.66183
2.51382
2.455
2.39852
2.34374
2.29068
2.23943
2.12469
2.07964
2.03589
1.99331
1.9518
1.91157
1.82061
1.78449
1.74957
1.71611
1.68291
1.65067
