-2.50289
-2.82369
-3.19507
-3.62572
-4.11388
-4.65457
-5.24851
-5.90393
-6.63808
-7.48144
-8.47001
-9.61759
-10.914
-12.3498
-13.9341
-15.6954
-17.6947
-20.0265
-22.7794
-25.973
-29.5802
-33.601
-38.097
-43.2099
-49.1899
-56.4164
-65.2366
-75.8675
-88.6095
-104.158
-123.814
-149.708
-184.442
-227.101
-261.89
-251.31
-161.08
-6.70222
147.768
238.593
250.971
218.517
178.445
145.144
119.858
100.431
85.0023
72.4704
62.2882
54.0699
47.3418
41.6429
36.6581
32.2226
28.2565
24.7538
21.7419
19.1935
17.0064
15.0789
13.3445
11.7714
10.3505
9.09148
8.00429
7.07225
6.25656
5.52401
4.85587
4.244
3.6926
3.09315
2.18963
1.63056
1.25695
-2.50394
-2.82248
-2.82489
-3.19367
-3.19647
-3.62411
-3.62733
-4.11208
-4.11568
-4.65259
-4.65655
-5.24634
-5.25068
-5.90151
-5.90634
-6.63534
-6.64082
-7.47825
-7.48462
-8.46627
-8.47374
-9.61331
-9.62188
-10.9092
-10.9188
-12.3446
-12.3551
-13.9283
-13.9399
-15.6889
-15.7019
-17.6872
-17.7022
-20.0176
-20.0353
-22.769
-22.7898
-25.9611
-25.9849
-29.5668
-29.5935
-33.5862
-33.6159
-38.0803
-38.1136
-43.1907
-43.2291
-49.167
-49.2129
-56.3885
-56.4444
-65.2027
-65.2705
-75.8269
-75.9081
-88.5606
-88.6583
-104.097
-104.219
-123.736
-123.892
-149.603
-149.813
-184.304
-184.58
-226.95
-227.252
-261.821
-261.96
-251.486
-251.134
-161.536
-160.623
-7.28805
-6.11617
147.306
148.229
238.426
238.758
251.034
250.908
218.66
218.375
178.577
178.313
145.245
145.043
119.936
119.781
100.491
100.371
85.0508
84.9539
72.5101
72.4308
62.3203
62.2562
54.0957
54.0441
47.3633
47.3203
41.6614
41.6244
36.6745
36.6417
32.2372
32.2079
28.2696
28.2435
24.7652
24.7424
21.7516
21.7323
19.2018
19.1853
17.0135
16.9992
15.0852
15.0725
13.3503
13.3388
11.7766
11.7661
10.3552
10.3458
9.09559
9.08737
8.00779
8.00078
7.07528
7.06922
6.25926
6.25387
5.52644
5.52156
4.85811
4.85364
4.24604
4.24196
3.6944
3.69079
3.09727
3.08903
2.19205
2.18721
1.63214
1.62899
1.25803
-2.51315
-2.81197
-2.83544
-3.18144
-3.20876
-3.61004
-3.64146
-4.09636
-4.13146
-4.63527
-4.67393
-5.22734
-5.26973
-5.88042
-5.92751
-6.61147
-6.66483
-7.45045
-7.51261
-8.43368
-8.50652
-9.57597
-9.65943
-10.8675
-10.9607
-12.2985
-12.4013
-13.8774
-13.9909
-15.6319
-15.7592
-17.6216
-17.7683
-19.9404
-20.1129
-22.6783
-22.8812
-25.8573
-26.0893
-29.4506
-29.7102
-33.4566
-33.7459
-37.9348
-38.2598
-43.0231
-43.3976
-48.9667
-49.4132
-56.1448
-56.6897
-64.9068
-65.5685
-75.473
-76.2644
-88.1359
-89.0875
-103.569
-104.754
-123.057
-124.577
-148.693
-150.733
-183.101
-185.793
-225.623
-228.566
-261.193
-262.544
-252.959
-249.549
-165.533
-156.588
-12.4046
-0.97876
143.24
152.226
236.846
240.161
251.539
250.324
219.904
217.128
179.74
177.157
146.135
144.163
120.614
119.11
101.018
99.8482
85.476
84.5317
72.8575
72.0854
62.6013
61.9774
54.3225
53.819
47.5521
47.1328
41.8241
41.4628
36.8182
36.4985
32.3658
32.0799
28.3842
28.1294
24.8653
24.6429
21.8366
21.6478
19.2737
19.1137
17.0762
16.9369
15.1411
15.0168
13.4009
13.2884
11.8225
11.7204
10.3964
10.3047
9.13164
9.05153
8.03856
7.97019
7.10186
7.04276
6.28287
6.23035
5.54783
5.50025
4.8777
4.8341
4.26392
4.22414
3.71023
3.67506
3.13369
3.05339
2.21348
2.16622
1.64604
1.61532
1.26755
-2.54375
-2.58872
-2.63456
-2.68129
-2.72902
-2.77762
-2.87063
-2.92231
-2.97526
-3.0294
-3.08482
-3.14156
-3.24968
-3.31002
-3.37153
-3.43447
-3.4986
-3.56404
-3.68839
-3.75731
-3.82752
-3.89881
-3.97116
-4.04475
-4.18379
-4.26057
-4.33845
-4.41746
-4.49746
-4.57844
-4.73162
-4.81585
-4.90139
-4.98806
-5.07601
-5.16507
-5.33309
-5.42606
-5.52015
-5.61568
-5.71266
-5.81127
-5.99774
-6.10117
-6.20654
-6.3134
-6.42237
-6.53333
-6.74466
-6.86226
-6.98239
-7.10553
-7.23114
-7.3597
-7.60594
-7.7435
-7.88421
-8.02838
-8.17608
-8.32711
-8.61562
-8.77652
-8.94069
-9.10823
-9.27925
-9.45349
-9.78429
-9.96754
-10.1538
-10.3431
-10.5353
-10.7306
-11.0996
-11.3032
-11.5098
-11.7194
-11.932
-12.1475
-12.5547
-12.7792
-13.0069
-13.2379
-13.4722
-13.7104
-14.161
-14.4092
-14.6619
-14.9189
-15.1799
-15.4453
-15.9497
-16.2302
-16.5155
-16.8068
-17.104
-17.4072
-17.9877
-18.3117
-18.6439
-18.983
-19.3311
-19.6881
-20.3717
-20.7546
-21.1472
-21.5489
-21.9601
-22.3811
-23.1851
-23.6329
-24.0909
-24.5568
-25.0322
-25.5168
-26.4362
-26.9458
-27.4637
-27.9905
-28.5259
-29.0697
-30.0979
-30.6663
-31.244
-31.8303
-32.4263
-33.0322
-34.178
-34.8118
-35.4559
-36.1119
-36.7792
-37.4587
-38.7473
-39.463
-40.1927
-40.9367
-41.6986
-42.4758
-43.9593
-44.7871
-45.6363
-46.5061
-47.399
-48.316
-50.0838
-51.0759
-52.0988
-53.1535
-54.237
-55.3525
-57.5095
-58.7232
-59.9737
-61.2603
-62.5834
-63.9437
-66.5634
-68.0343
-69.5444
-71.0962
-72.687
-74.3188
-77.4544
-79.2143
-81.0212
-82.8766
-84.785
-86.7461
-90.5218
-92.649
-94.8464
-97.1096
-99.4416
-101.851
-106.536
-109.185
-111.933
-114.803
-117.767
-120.854
-126.878
-130.337
-133.937
-137.712
-141.642
-145.745
-153.844
-158.511
-163.38
-168.431
-173.69
-179.177
-189.867
-195.876
-202.104
-208.416
-214.751
-221.169
-232.893
-238.987
-244.637
-249.979
-254.824
-258.868
-264.073
-265.392
-265.506
-264.117
-261.377
-257.104
-243.795
-233.881
-222.438
-209.407
-194.504
-178.077
-142.691
-121.652
-99.6292
-76.5611
-53.1515
-29.2333
15.8917
39.8144
63.4451
86.2209
108.294
129.488
164.865
181.558
196.541
209.841
221.387
231.151
244.248
249.075
252.272
253.876
253.996
252.791
248.087
244.367
240.074
235.056
229.644
223.991
213.027
207.019
201.028
195.15
189.314
183.621
173.411
168.171
163.146
158.275
153.606
149.12
141.312
137.313
133.476
129.797
126.278
122.89
116.919
113.888
110.97
108.144
105.413
102.784
98.1452
95.75
93.4334
91.1908
89.0109
86.897
83.1571
81.2192
79.3396
77.5117
75.7392
74.0176
70.9645
69.3876
67.8572
66.3735
64.9344
63.5411
61.0727
59.7994
58.564
57.3672
56.2078
55.0817
53.0863
52.0509
51.0452
50.0657
49.1115
48.1818
46.5203
45.6524
44.8047
43.9755
43.1634
42.3663
40.9334
40.1792
39.4391
38.7129
37.999
37.2961
36.0293
35.3612
34.704
34.0568
33.42
32.793
31.6605
31.062
30.4731
29.8945
29.3251
28.7656
27.756
27.2237
26.7017
26.19
25.6891
25.1987
24.3177
23.8577
23.4074
22.9679
22.538
22.1197
21.372
20.982
20.6017
20.2297
19.8672
19.5132
18.8793
18.5468
18.2217
17.9033
17.5908
17.2846
16.7327
16.4422
16.1567
15.8755
15.5992
15.3267
14.8341
14.5737
14.3171
14.0643
13.8147
13.569
13.1229
12.8869
12.6541
12.4244
12.1982
11.9751
11.5703
11.3564
11.1458
10.9384
10.7342
10.5333
10.1705
9.97954
9.79212
9.60826
9.42788
9.25134
8.93452
8.76842
8.60609
8.44762
8.29267
8.14115
7.8701
7.72803
7.58924
7.45354
7.32058
7.19031
6.95614
6.83292
6.71209
6.59316
6.47619
6.36119
6.15327
6.0433
5.93475
5.82815
5.72271
5.61876
5.43026
5.33025
5.23142
5.13397
5.0378
4.94267
4.77009
4.67841
4.58783
4.49851
4.41026
4.32335
4.16569
4.0825
4.00057
3.9198
3.84054
3.76296
3.62383
3.55137
3.48093
3.41241
3.34592
3.25871
2.94003
2.7878
2.64786
2.51836
2.39815
2.28637
2.09895
2.00668
1.92073
1.84072
1.76485
1.69324
1.57142
1.51122
1.45394
1.39998
1.34856
1.29975
