-1.7151
-1.88684
-2.06954
-2.26454
-2.47458
-2.70402
-2.95901
-3.24546
-3.56639
-3.91949
-4.30171
-4.71169
-5.1501
-5.61991
-6.12702
-6.68073
-7.29614
-7.99067
-8.7749
-9.64846
-10.6024
-11.6314
-12.7351
-13.9206
-15.1997
-16.5952
-18.1425
-19.8884
-21.8769
-24.1181
-26.595
-29.292
-32.2094
-35.3649
-38.7982
-42.5774
-46.8109
-51.6587
-57.3019
-63.8846
-71.4741
-80.1577
-90.1299
-101.745
-115.566
-132.45
-153.689
-180.804
-214.554
-252.045
-281.972
-284.233
-237.753
-139.295
-6.75624
125.769
224.602
271.186
270.794
242.611
207.384
175.359
149.269
128.519
111.822
98.0773
86.5059
76.6363
68.1807
60.9841
54.89
49.681
45.1291
41.0613
37.366
33.9735
30.8443
27.9629
25.3339
22.9761
20.898
19.0707
17.442
15.9634
14.6011
13.3358
12.1552
11.0559
10.04
9.11479
8.28757
7.55494
6.89972
6.30364
5.75292
5.23851
4.75594
4.3027
3.88063
3.49687
2.96022
2.28557
1.82182
1.48471
1.2317
1.0344
0.876308
0.747143
0.63331
0.537223
-1.71589
-1.886
-1.88767
-2.06865
-2.07043
-2.26358
-2.26549
-2.47354
-2.47561
-2.70288
-2.70516
-2.95774
-2.96028
-3.24402
-3.24689
-3.56479
-3.56799
-3.91775
-3.92123
-4.29984
-4.30358
-4.70969
-4.71369
-5.14796
-5.15224
-5.6176
-5.62221
-6.12453
-6.12951
-6.67799
-6.68347
-7.29306
-7.29922
-7.9872
-7.99415
-8.77098
-8.77882
-9.64414
-9.65278
-10.5977
-10.6071
-11.6264
-11.6364
-12.7297
-12.7405
-13.9148
-13.9264
-15.1935
-15.206
-16.5883
-16.6021
-18.1348
-18.1502
-19.8796
-19.8971
-21.8669
-21.8869
-24.1069
-24.1292
-26.5828
-26.6072
-29.2788
-29.3053
-32.1951
-32.2237
-35.3494
-35.3804
-38.7813
-38.8151
-42.5586
-42.5962
-46.7895
-46.8322
-51.6341
-51.6832
-57.2733
-57.3306
-63.8512
-63.9181
-71.4359
-71.5124
-80.114
-80.2015
-90.0793
-90.1805
-101.686
-101.805
-115.494
-115.638
-132.361
-132.538
-153.576
-153.801
-180.661
-180.948
-214.381
-214.728
-251.872
-252.218
-281.875
-282.069
-284.327
-284.138
-238.102
-237.402
-139.86
-138.729
-7.40738
-6.10519
125.197
126.34
224.257
224.946
271.092
271.28
270.879
270.709
242.771
242.45
207.549
207.22
175.496
175.222
149.378
149.16
128.606
128.431
111.893
111.751
98.1369
98.0178
86.5561
86.4557
76.6793
76.5933
68.2175
68.1439
61.0154
60.9529
54.9165
54.8636
49.7038
49.6581
45.1494
45.1089
41.0796
41.0431
37.3827
37.3494
33.9889
33.9582
30.8585
30.8302
27.976
27.9499
25.3456
25.3221
22.9865
22.9657
20.9072
20.8889
19.0788
19.0626
17.4493
17.4348
15.9701
15.9568
14.6073
14.5949
13.3415
13.33
12.1606
12.1499
11.0609
11.0509
10.0446
10.0354
9.11893
9.11065
8.29123
8.2839
7.5582
7.55168
6.90266
6.89678
6.30633
6.30094
5.75543
5.75041
5.24086
5.23616
4.75815
4.75373
4.30476
4.30063
3.88254
3.87872
3.49857
3.49517
2.96416
2.95633
2.28817
2.28297
1.82366
1.81999
1.48611
1.48332
1.23274
1.23066
1.03523
1.03357
0.876952
0.875663
0.747718
0.746569
0.633803
0.632816
0.537649
-1.72199
-1.87953
-1.89416
-2.06176
-2.07733
-2.25621
-2.27289
-2.46556
-2.48362
-2.69409
-2.71399
-2.94789
-2.97014
-3.23294
-3.25804
-3.55247
-3.58038
-3.90432
-3.9347
-4.28539
-4.31808
-4.69423
-4.72921
-5.1314
-5.16886
-5.59979
-5.64008
-6.10525
-6.14885
-6.65677
-6.7048
-7.26927
-7.32313
-7.96038
-8.02113
-8.7407
-8.80925
-9.61077
-9.68629
-10.5616
-10.6434
-11.5875
-11.6755
-12.688
-12.7824
-13.8699
-13.9715
-15.1448
-15.2548
-16.5349
-16.6558
-18.0751
-18.2103
-19.812
-19.9655
-21.7898
-21.9645
-24.0208
-24.2158
-26.4883
-26.702
-29.1764
-29.4081
-32.0845
-32.3347
-35.2295
-35.5007
-38.6503
-38.9467
-42.413
-42.7421
-46.6249
-46.998
-51.4442
-51.8743
-57.0518
-57.5535
-63.5933
-64.178
-71.1403
-71.8099
-79.776
-80.5417
-89.6887
-90.5741
-101.226
-102.268
-114.941
-116.196
-131.679
-133.23
-152.712
-154.679
-179.552
-182.065
-213.041
-216.079
-250.524
-253.551
-281.103
-282.801
-284.979
-283.361
-240.767
-234.648
-144.204
-134.316
-12.4567
-1.07439
120.717
130.737
221.534
227.562
270.322
271.965
271.473
270.025
244.009
241.218
208.831
205.95
176.564
174.164
150.229
148.319
129.289
127.756
112.444
111.206
98.5998
97.5582
86.9467
86.0678
77.0139
76.2611
68.504
67.8593
61.2582
60.7115
55.1223
54.6592
49.8815
49.4815
45.3065
44.9521
41.2214
40.9019
37.5122
37.2204
34.1081
33.8393
30.9685
30.7206
28.077
27.8494
25.4372
25.231
23.0676
22.885
20.9784
20.818
19.1419
19
17.506
17.3783
16.0219
15.9051
14.6553
14.5471
13.3863
13.2854
12.2023
12.1083
11.0997
11.0123
10.0802
9.99997
9.15107
9.07867
8.31975
8.25558
7.5835
7.5265
6.9255
6.87404
6.32726
6.28008
5.7749
5.731
5.25909
5.21799
4.77527
4.73666
4.3208
4.28465
3.89735
3.86398
3.51179
3.48204
2.9949
2.92648
2.30849
2.26296
1.83795
1.80587
1.49691
1.47299
1.24086
1.22266
1.04173
1.02713
0.88196
0.870681
0.752179
0.742133
0.637644
0.629007
0.540958
-1.7394
-1.76333
-1.7875
-1.81187
-1.83642
-1.86122
-1.91268
-1.93816
-1.9638
-1.98974
-2.01587
-2.04228
-2.09705
-2.12414
-2.15153
-2.17919
-2.20711
-2.23534
-2.29404
-2.32313
-2.35257
-2.38239
-2.4125
-2.44298
-2.50656
-2.53819
-2.57032
-2.60288
-2.63582
-2.66926
-2.73932
-2.77428
-2.80989
-2.84607
-2.88281
-2.92009
-2.99843
-3.03767
-3.07776
-3.11841
-3.15973
-3.20175
-3.29001
-3.33412
-3.37903
-3.42461
-3.47079
-3.51768
-3.61579
-3.6647
-3.71415
-3.76431
-3.81497
-3.86632
-3.97326
-4.02633
-4.08005
-4.1343
-4.18902
-4.24445
-4.35954
-4.41657
-4.47425
-4.53247
-4.59112
-4.65042
-4.77357
-4.83452
-4.89609
-4.95829
-5.02102
-5.08449
-5.21632
-5.28155
-5.3475
-5.41423
-5.48154
-5.54948
-5.6911
-5.76134
-5.83244
-5.90437
-5.97706
-6.05074
-6.2042
-6.28078
-6.35816
-6.43675
-6.51618
-6.5969
-6.76596
-6.85064
-6.93643
-7.02369
-7.1121
-7.20228
-7.3918
-7.48669
-7.58338
-7.68175
-7.78193
-7.88417
-8.09867
-8.20596
-8.31555
-8.42703
-8.54011
-8.65521
-8.89647
-9.01691
-9.13941
-9.26342
-9.38891
-9.51635
-9.78222
-9.91432
-10.0482
-10.1837
-10.3205
-10.4591
-10.7473
-10.8901
-11.0346
-11.1807
-11.3282
-11.4773
-11.787
-11.9404
-12.0955
-12.2523
-12.4103
-12.5699
-12.9021
-13.0667
-13.2334
-13.4016
-13.5711
-13.7429
-14.1001
-14.2773
-14.4568
-14.6384
-14.8216
-15.0074
-15.3945
-15.587
-15.7825
-15.9803
-16.1806
-16.3839
-16.8095
-17.0216
-17.2376
-17.4573
-17.6799
-17.9064
-18.3826
-18.6218
-18.8646
-19.1121
-19.3642
-19.621
-20.162
-20.4344
-20.7109
-20.9929
-21.2793
-21.5721
-22.1872
-22.4949
-22.8082
-23.1263
-23.4489
-23.7773
-24.4638
-24.8059
-25.153
-25.5047
-25.8604
-26.2211
-26.9734
-27.3469
-27.7253
-28.1082
-28.4954
-28.8868
-29.7022
-30.1072
-30.5166
-30.9302
-31.3486
-31.7716
-32.6518
-33.089
-33.5316
-33.9792
-34.4324
-34.8907
-35.8445
-36.3199
-36.8003
-37.2869
-37.7799
-38.2798
-39.3232
-39.8435
-40.3718
-40.9079
-41.4516
-42.003
-43.1607
-43.7406
-44.3296
-44.929
-45.539
-46.1611
-47.4732
-48.1332
-48.8048
-49.4911
-50.1918
-50.909
-52.4238
-53.1884
-53.9703
-54.7726
-55.5941
-56.4281
-58.1964
-59.0917
-60.0067
-60.9402
-61.8939
-62.8674
-64.9247
-65.9598
-67.0154
-68.0915
-69.189
-70.3075
-72.6642
-73.8495
-75.058
-76.2898
-77.5444
-78.8232
-81.5185
-82.8767
-84.2614
-85.6754
-87.1187
-88.591
-91.7041
-93.2779
-94.8852
-96.5288
-98.2086
-99.9336
-103.601
-105.457
-107.359
-109.313
-111.325
-113.391
-117.808
-120.058
-122.375
-124.756
-127.218
-129.762
-135.229
-138.032
-140.946
-143.956
-147.073
-150.296
-157.226
-160.817
-164.522
-168.358
-172.348
-176.455
-185.279
-189.795
-194.494
-199.306
-204.2
-209.263
-219.968
-225.239
-230.559
-235.951
-241.286
-246.639
-257.244
-262.19
-266.828
-271.081
-275.103
-278.729
-284.632
-286.538
-287.726
-288.171
-287.908
-286.517
-280.872
-276.436
-270.856
-264.314
-256.764
-247.96
-226.37
-214.136
-201.059
-187.085
-172.129
-156.283
-121.475
-103.306
-84.6821
-65.7169
-46.2612
-26.7936
13.1661
32.7639
52.117
70.956
89.6738
107.723
142.955
158.845
174.053
188.149
201.267
213.345
234.662
243.554
251.322
257.882
263.403
267.761
273.682
275.172
275.825
275.744
274.794
273.045
267.862
264.368
260.647
256.499
252.18
247.517
237.626
232.643
227.551
222.507
217.412
212.444
202.388
197.611
192.931
188.395
183.963
179.629
171.196
167.26
163.445
159.745
156.155
152.688
145.963
142.828
139.811
136.864
134.013
131.257
125.869
123.36
120.927
118.566
116.27
114.038
109.668
107.614
105.613
103.671
101.771
99.9219
96.2702
94.5524
92.8757
91.2383
89.6377
88.0712
84.977
83.5147
82.0846
80.6854
79.3166
77.9769
75.3243
74.0695
72.8437
71.6445
70.4732
69.3272
67.0594
65.9897
64.9435
63.9224
62.9287
61.9567
60.0324
59.1273
58.2438
57.3807
56.5381
55.7143
54.0837
53.3143
52.5616
51.8232
51.0999
50.3915
48.9838
48.3143
47.6587
47.0145
46.3795
45.7567
44.5105
43.917
43.3323
42.756
42.1877
41.6269
40.5033
39.9658
39.4351
38.9112
38.3936
37.8826
36.8558
36.3633
35.8768
35.3954
34.9196
34.4489
33.5029
33.049
32.5999
32.1559
31.7169
31.2832
30.4106
29.9918
29.578
29.1691
28.7651
28.366
27.5651
27.1814
26.8031
26.4296
26.0615
25.6994
24.9741
24.6281
24.2882
23.9535
23.6242
23.3008
22.658
22.3514
22.0512
21.7558
21.4665
21.183
20.6182
20.3497
20.0864
19.8272
19.5728
19.3228
18.8233
18.5852
18.3512
18.1202
17.8926
17.6683
17.219
17.0039
16.7918
16.5821
16.3748
16.1703
15.759
15.5613
15.3662
15.173
14.9818
14.7928
14.4115
14.228
14.0469
13.8674
13.6898
13.5142
13.1591
12.9882
12.8192
12.6516
12.4856
12.3216
11.9906
11.8313
11.6738
11.5176
11.3632
11.2107
10.903
10.7553
10.6095
10.4652
10.3226
10.1821
9.89976
9.76447
9.63132
9.49987
9.37032
9.24314
8.98837
8.86678
8.74781
8.63073
8.51503
8.40171
8.17569
8.06806
7.9626
7.85868
7.75653
7.65617
7.45538
7.35958
7.26547
7.17259
7.081
6.99082
6.80981
6.72296
6.6375
6.55303
6.46968
6.38713
6.22106
6.14124
6.06245
5.9844
5.90719
5.83058
5.67605
5.60168
5.52814
5.45511
5.38269
5.31114
5.16652
5.09689
5.02772
4.95921
4.89136
4.82421
4.68825
4.62267
4.55782
4.49346
4.42971
4.36665
4.23937
4.1781
4.11758
4.05763
3.99831
3.93979
3.82232
3.76606
3.71068
3.65606
3.60245
3.54978
3.44513
3.39578
3.34753
3.30036
3.2143
3.08482
2.84403
2.73736
2.63697
2.54209
2.45242
2.36787
2.20757
2.13529
2.06677
2.00114
1.93875
1.87945
1.7665
1.71471
1.66499
1.61744
1.57205
1.52816
1.44413
1.4057
1.36844
1.33246
1.29779
1.26446
1.20037
1.17086
1.14199
1.11394
1.08675
1.06047
1.00907
0.985065
0.961859
0.93935
0.917575
0.896569
0.856614
0.837674
0.819065
0.800726
0.782718
0.764981
0.729626
0.712867
0.696476
0.68018
0.66421
0.648705
0.618302
0.604033
0.590111
0.57656
0.563379
0.550435
