-2.11862
-2.35101
-2.60397
-2.8873
-3.21769
-3.60254
-4.03128
-4.49557
-4.99601
-5.53461
-6.11849
-6.76122
-7.49079
-8.35349
-9.35781
-10.4742
-11.6848
-12.992
-14.4062
-15.9462
-17.6557
-19.6248
-21.9746
-24.7059
-27.7426
-31.0491
-34.6483
-38.5868
-42.9497
-47.9048
-53.7981
-61.041
-69.6759
-79.6806
-91.3082
-105.111
-122.046
-143.772
-173.107
-214.103
-265.893
-307.166
-289.172
-180.985
-6.75762
167.41
275.547
293.973
255.11
206.875
168.365
139.944
118.419
101.486
87.6429
76.0268
66.2272
58.1962
51.7208
46.2788
41.4967
37.195
33.2717
29.6768
26.3932
23.4584
20.9598
18.8587
17.021
15.358
13.8292
12.4136
11.1015
9.89472
8.81433
7.89065
7.10115
6.39807
5.75401
5.15535
4.5961
4.0722
3.58281
3.06011
2.27088
1.74538
1.38304
1.11971
0.918085
0.761838
-2.11952
-2.35003
-2.35198
-2.60286
-2.60508
-2.88608
-2.88852
-3.21625
-3.21912
-3.6009
-3.60418
-4.02945
-4.0331
-4.49364
-4.49751
-4.99393
-4.99809
-5.53242
-5.53682
-6.11597
-6.12095
-6.7585
-6.76391
-7.48763
-7.49395
-8.34985
-8.35711
-9.35353
-9.36208
-10.4695
-10.4788
-11.6797
-11.6898
-12.9865
-12.9974
-14.4002
-14.4121
-15.9397
-15.9527
-17.6484
-17.6631
-19.6162
-19.6334
-21.9643
-21.9849
-24.6943
-24.7175
-27.7299
-27.7553
-31.0352
-31.0629
-34.6333
-34.6634
-38.5702
-38.6033
-42.9312
-42.9682
-47.8833
-47.9263
-53.7719
-53.8243
-61.0092
-61.0729
-69.6384
-69.7134
-79.6376
-79.7237
-91.2577
-91.3587
-105.05
-105.172
-121.97
-122.122
-143.671
-143.872
-172.968
-173.246
-213.911
-214.295
-265.679
-266.106
-307.078
-307.253
-289.417
-288.925
-181.579
-180.391
-7.50492
-6.01031
166.811
168.009
275.301
275.791
294.05
293.895
255.285
254.915
207.052
206.698
168.497
168.233
140.042
139.845
118.495
118.343
101.547
101.424
87.6935
87.5923
76.0696
75.984
66.263
66.1913
58.2252
58.1673
51.7443
51.6972
46.2992
46.2587
41.5148
41.4785
37.2112
37.1787
33.2868
33.2567
29.6906
29.6632
26.4058
26.3806
23.4693
23.4474
20.9689
20.9507
18.8665
18.8508
17.028
17.014
15.3644
15.3516
13.8353
13.8233
12.4191
12.4082
11.1066
11.0965
9.89934
9.89011
8.81837
8.81029
7.89405
7.88725
7.10413
7.09817
6.40077
6.39537
5.75651
5.75151
5.15767
5.15303
4.59827
4.59393
4.07423
4.07016
3.58471
3.5809
3.06367
3.05654
2.27347
2.2683
1.74709
1.74368
1.38425
1.38183
1.12063
1.11879
0.918793
0.917377
0.762421
-2.127
-2.34203
-2.35993
-2.59404
-2.61395
-2.87607
-2.89862
-3.20445
-3.231
-3.58738
-3.61776
-4.01461
-4.04794
-4.4777
-4.51353
-4.97663
-5.01529
-5.51396
-5.5554
-6.09573
-6.14125
-6.73609
-6.78619
-7.46167
-7.52011
-8.31881
-8.38832
-9.31823
-9.39741
-10.4313
-10.5175
-11.638
-11.7316
-12.942
-13.0425
-14.3513
-14.461
-15.8868
-16.0063
-17.5882
-17.7236
-19.5455
-19.7044
-21.8798
-22.07
-24.5987
-24.8134
-27.625
-27.8605
-30.9209
-31.1776
-34.5089
-34.7881
-38.4349
-38.74
-42.7787
-43.1215
-47.7069
-48.1039
-53.5567
-54.0415
-60.747
-61.3368
-69.3301
-70.0235
-79.2834
-80.08
-90.8425
-91.7772
-104.548
-105.678
-121.345
-122.753
-142.85
-144.704
-171.834
-174.401
-212.334
-215.89
-263.92
-267.872
-306.323
-307.943
-291.379
-286.834
-186.438
-175.454
-13.6703
0.15487
161.828
172.839
273.208
277.743
294.658
293.227
256.822
253.251
208.518
205.239
169.596
167.151
140.861
139.035
119.124
117.726
102.053
100.92
88.1126
87.1765
76.4238
75.6326
66.5595
65.8974
58.465
57.9297
51.9391
51.5034
46.4677
46.0921
41.665
41.3288
37.3466
37.0432
33.4113
33.1324
29.8051
29.5501
26.5098
26.2766
23.5601
23.3573
21.0442
20.8745
18.9309
18.7864
17.0864
16.9567
15.417
15.2988
13.8843
13.7745
12.4643
12.3631
11.1488
11.0548
9.9375
9.85213
8.85181
8.77704
7.92192
7.85924
7.12873
7.07365
6.42305
6.37316
5.77719
5.73087
5.17682
5.13393
4.61634
4.57602
4.09105
4.0534
3.60045
3.5652
3.09279
3.02672
2.295
2.24716
1.76131
1.72974
1.39431
1.37188
1.12825
1.11125
0.924665
0.911573
0.767229
-2.15
-2.18266
-2.21589
-2.24924
-2.28312
-2.31747
-2.3847
-2.42025
-2.45617
-2.49266
-2.52952
-2.56714
-2.6414
-2.68043
-2.7204
-2.7612
-2.8028
-2.8454
-2.93011
-2.97535
-3.02189
-3.06952
-3.11809
-3.16821
-3.26842
-3.32172
-3.37632
-3.43184
-3.4884
-3.54591
-3.66001
-3.72018
-3.78127
-3.84324
-3.90599
-3.96934
-4.09385
-4.15969
-4.226
-4.29281
-4.3604
-4.42876
-4.56324
-4.634
-4.70555
-4.77769
-4.8503
-4.92383
-5.0686
-5.14457
-5.22139
-5.29922
-5.37774
-5.45715
-5.61318
-5.69538
-5.77836
-5.86236
-5.94793
-6.03428
-6.20411
-6.29403
-6.38496
-6.47745
-6.57122
-6.66747
-6.85596
-6.95681
-7.05961
-7.1645
-7.27207
-7.38199
-7.60196
-7.71985
-7.84102
-7.96564
-8.09311
-8.22394
-8.48585
-8.62514
-8.7674
-8.91245
-9.05972
-9.21023
-9.50713
-9.66403
-9.82333
-9.9845
-10.1472
-10.313
-10.6378
-10.8081
-10.9809
-11.1551
-11.3312
-11.5099
-11.8612
-12.0462
-12.2324
-12.4206
-12.6107
-12.8042
-13.1828
-13.3814
-13.5836
-13.7868
-13.9934
-14.2018
-14.6124
-14.8285
-15.0476
-15.2704
-15.4948
-15.723
-16.1735
-16.411
-16.6532
-16.8988
-17.1508
-17.4048
-17.9116
-18.1829
-18.4599
-18.7418
-19.0315
-19.3297
-19.9261
-20.2493
-20.5793
-20.9177
-21.2649
-21.6226
-22.3347
-22.7141
-23.1013
-23.4953
-23.897
-24.306
-25.1125
-25.5386
-25.9716
-26.4083
-26.8524
-27.3015
-28.1861
-28.6515
-29.1216
-29.5978
-30.0807
-30.5705
-31.5342
-32.0394
-32.5516
-33.0697
-33.5968
-34.1279
-35.1753
-35.7281
-36.2872
-36.855
-37.4307
-38.0156
-39.167
-39.7755
-40.3962
-41.0228
-41.6618
-42.3105
-43.5976
-44.2844
-44.9827
-45.6993
-46.4245
-47.1672
-48.6592
-49.461
-50.2858
-51.1351
-52.0063
-52.9055
-54.722
-55.7056
-56.7206
-57.7641
-58.8413
-59.9474
-62.1623
-63.3513
-64.5684
-65.8165
-67.0901
-68.3896
-70.9862
-72.3704
-73.7817
-75.2257
-76.6985
-78.2013
-81.1941
-82.7928
-84.4258
-86.1003
-87.8141
-89.5727
-93.0827
-94.9631
-96.899
-98.8844
-100.926
-103.02
-107.252
-109.537
-111.893
-114.334
-116.849
-119.454
-124.741
-127.621
-130.625
-133.736
-136.994
-140.36
-147.316
-151.181
-155.184
-159.396
-163.781
-168.432
-178.062
-183.384
-189.009
-194.876
-201.087
-207.528
-220.811
-228.008
-235.448
-243.098
-250.723
-258.476
-273.315
-280.553
-287.401
-293.56
-299.201
-303.572
-309.246
-310.384
-309.494
-307.061
-302.398
-296.814
-280.015
-268.389
-254.34
-238.377
-220.466
-200.823
-159.404
-135.868
-111.066
-85.55
-59.2678
-32.7038
19.224
45.7264
71.9841
97.4026
122.307
145.803
187.402
207.068
224.485
240.401
253.952
266.205
283.322
289.123
293.527
295.996
296.791
296.065
290.833
286.332
281.094
275.053
268.318
261.85
248.076
240.846
233.744
226.683
219.812
213.097
200.84
194.843
189.006
183.457
178.131
173.092
163.888
159.408
155.159
151.064
147.161
143.415
136.584
133.252
130.034
126.95
123.974
121.108
115.832
113.228
110.719
108.281
105.926
103.634
99.393
97.2939
95.2451
93.2539
91.3112
89.4224
85.904
84.1463
82.4334
80.759
79.1245
77.5309
74.555
73.0655
71.6183
70.2063
68.829
67.4877
65.0033
63.7707
62.578
61.4265
60.2985
59.2098
57.2146
56.2248
55.2669
54.3346
53.4307
52.5474
50.9122
50.0929
49.293
48.5128
47.7452
46.9932
45.5791
44.8679
44.1671
43.4761
42.8006
42.132
40.8696
40.2321
39.6066
38.9875
38.3725
37.7698
36.6274
36.0464
35.473
34.908
34.349
33.7977
32.7513
32.2205
31.6948
31.1781
30.6664
30.1612
29.2017
28.7147
28.2337
27.7588
27.2929
26.833
25.9605
25.5212
25.0904
24.6671
24.2496
23.8424
23.0828
22.7016
22.3326
21.9728
21.6205
21.2796
20.645
20.3284
20.0193
19.7173
19.4212
19.1322
18.5893
18.3156
18.0472
17.7832
17.5221
17.2661
16.7813
16.5344
16.2917
16.0516
15.8141
15.5802
15.1371
14.9121
14.6887
14.4686
14.2506
14.0355
13.6247
13.4156
13.2097
13.0054
12.8034
12.6039
12.2247
12.0309
11.8395
11.6511
11.4635
11.2784
10.9272
10.7482
10.5716
10.3973
10.226
10.056
9.73562
9.57381
9.41472
9.25862
9.10542
8.9559
8.67523
8.53564
8.39919
8.26587
8.13591
8.00979
7.77341
7.65519
7.53926
7.42522
7.31381
7.20505
6.99867
6.89411
6.79152
6.69027
6.5908
6.49215
6.305
6.20997
6.11607
6.02309
5.93136
5.84096
5.66786
5.57963
5.49274
5.40633
5.32078
5.23633
5.07523
4.993
4.91153
4.831
4.7509
4.67198
4.52113
4.44394
4.36795
4.29225
4.21724
4.1431
4.00194
3.92998
3.85879
3.78827
3.71827
3.64912
3.51692
3.44917
3.38137
3.31375
3.24627
3.18052
2.93388
2.80767
2.68679
2.57248
2.46462
2.36323
2.18403
2.09982
2.02078
1.94556
1.87409
1.80667
1.68735
1.62967
1.57478
1.52272
1.47334
1.42609
1.34173
1.30055
1.26105
1.22318
1.18714
1.15215
1.08836
1.05702
1.02688
0.997896
0.970033
0.943129
0.894017
0.870626
0.84788
0.825562
0.803643
0.782182
