-2.63671
-2.86141
-3.11039
-3.38747
-3.69233
-4.02314
-4.37771
-4.75548
-5.1572
-5.5856
-6.04468
-6.54111
-7.08555
-7.69085
-8.36798
-9.12048
-9.9445
-10.8334
-11.7848
-12.7996
-13.8824
-15.0445
-16.3009
-17.676
-19.2059
-20.9251
-22.8523
-24.984
-27.3075
-29.8135
-32.5052
-35.3987
-38.527
-41.9405
-45.7134
-49.9645
-54.8234
-60.4179
-66.8214
-74.0896
-82.3018
-91.6458
-102.399
-115.019
-130.147
-148.693
-171.829
-200.381
-233.428
-265.76
-285.215
-275.442
-221.846
-127.464
-6.66521
113.774
208.955
262.399
273.731
255.504
225.176
193.904
166.694
144.37
126.207
111.256
98.7222
88.015
78.7555
70.716
63.756
57.7677
52.6039
48.0939
44.0766
40.436
37.0958
34.0076
31.1397
28.4798
26.0267
23.7971
21.7997
20.0236
18.4364
16.9974
15.6756
14.4468
13.2971
12.2195
11.2093
10.2682
9.4009
8.61433
7.90794
7.27308
6.69667
6.16507
5.66937
5.20348
4.76406
4.34936
3.96085
3.60285
3.28384
2.55922
2.05343
1.6854
1.40683
1.18947
-2.63781
-2.86019
-2.86263
-3.10903
-3.11175
-3.38596
-3.38897
-3.69068
-3.69397
-4.02137
-4.02491
-4.37582
-4.3796
-4.75347
-4.75749
-5.15506
-5.15934
-5.58332
-5.58788
-6.04222
-6.04714
-6.53843
-6.54379
-7.08259
-7.08851
-7.68755
-7.69416
-8.36428
-8.37167
-9.1164
-9.12456
-9.94006
-9.94893
-10.8286
-10.8381
-11.7797
-11.7898
-12.7942
-12.8051
-13.8767
-13.8882
-15.0383
-15.0507
-16.2942
-16.3077
-17.6686
-17.6835
-19.1975
-19.2143
-20.9157
-20.9345
-22.8418
-22.8628
-24.9725
-24.9956
-27.2951
-27.32
-29.8001
-29.827
-32.4908
-32.5196
-35.3832
-35.4142
-38.5102
-38.5439
-41.9221
-41.959
-45.6928
-45.7341
-49.9411
-49.9879
-54.7964
-54.8503
-60.3869
-60.4488
-66.7862
-66.8567
-74.0498
-74.1295
-82.2567
-82.347
-91.5939
-91.6976
-102.339
-102.459
-114.948
-115.09
-130.061
-130.232
-148.586
-148.799
-171.696
-171.963
-200.222
-200.541
-233.251
-233.604
-265.611
-265.908
-285.182
-285.247
-275.601
-275.281
-222.237
-221.453
-128.039
-126.888
-7.31391
-6.01661
113.192
114.354
208.569
209.343
262.234
262.564
273.771
273.69
255.641
255.367
225.339
225.013
194.058
193.75
166.822
166.566
144.475
144.266
126.292
126.122
111.326
111.186
98.7819
98.6626
88.0664
87.9637
78.8
78.711
70.7546
70.6773
63.7893
63.7227
57.7964
57.7391
52.6287
52.579
48.1158
48.072
44.0963
44.0569
40.454
40.418
37.1123
37.0792
34.0229
33.9922
31.154
31.1254
28.4931
28.4666
26.0388
26.0146
23.808
23.7861
21.8094
21.7899
20.0323
20.015
18.4442
18.4286
17.0045
16.9903
15.6821
15.669
14.4529
14.4407
13.3029
13.2914
12.2248
12.2141
11.2144
11.2043
10.2729
10.2635
9.40518
9.39662
8.61819
8.61047
7.91139
7.90448
7.2762
7.26996
6.69953
6.69381
6.16772
6.16242
5.67185
5.66688
5.20582
5.20114
4.76627
4.76186
4.35144
4.34728
3.96278
3.95891
3.60461
3.60109
3.28538
3.28231
2.56232
2.55612
2.05565
2.05122
1.68705
1.68375
1.4081
1.40556
1.19045
-2.64611
-2.85105
-2.8718
-3.09886
-3.12199
-3.3747
-3.40028
-3.67838
-3.70632
-4.00812
-4.03822
-4.36166
-4.39381
-4.73841
-4.77261
-5.13904
-5.17542
-5.5662
-5.60505
-6.02377
-6.06564
-6.51836
-6.5639
-7.06046
-7.11082
-7.66282
-7.71901
-8.33664
-8.39946
-9.08588
-9.1552
-9.90687
-9.98225
-10.793
-10.8739
-11.7417
-11.828
-12.7537
-12.8457
-13.8333
-13.9318
-14.9917
-15.0975
-16.2435
-16.3586
-17.6127
-17.7397
-19.1349
-19.2773
-20.8454
-21.0053
-22.7633
-22.9418
-24.8862
-25.0822
-27.2017
-27.4136
-29.6996
-29.9279
-32.3829
-32.628
-35.267
-35.5308
-38.3842
-38.6704
-41.7838
-42.098
-45.5388
-45.8891
-49.766
-50.1641
-54.5952
-55.0529
-60.1554
-60.6819
-66.5226
-67.1219
-73.7519
-74.4292
-81.9194
-82.6871
-91.2064
-92.0863
-101.891
-102.91
-114.416
-115.625
-129.421
-130.878
-147.792
-149.604
-170.698
-172.971
-199.033
-201.743
-231.921
-234.927
-264.488
-267.006
-284.91
-285.464
-276.756
-274.008
-225.134
-218.466
-132.324
-122.538
-12.1819
-1.1549
108.842
118.697
205.7
212.213
260.957
263.763
273.908
273.371
256.665
254.335
226.579
223.792
195.218
192.602
167.79
165.612
145.26
143.49
126.933
125.488
111.855
110.662
99.2311
98.2169
88.4527
87.5804
79.1351
78.3786
71.0456
70.3885
64.0401
63.4735
58.0119
57.5253
52.816
52.393
48.2807
47.9081
44.2444
43.9096
40.589
40.2835
37.2368
36.9552
34.1385
33.877
31.2615
31.0183
28.5924
28.3676
26.1298
25.9241
23.8902
23.7045
21.8826
21.7171
20.0975
19.9503
18.5028
18.3704
17.0579
16.9372
15.7316
15.6197
14.499
14.3947
13.346
13.2484
12.2654
12.1737
11.2522
11.1666
10.308
10.2284
9.43736
9.36458
8.6472
8.5816
7.93737
7.87864
7.29965
7.24662
6.72103
6.67243
6.18762
6.14259
5.6905
5.6483
5.22337
5.18364
4.78285
4.74534
4.36706
4.33172
3.97731
3.94444
3.61778
3.58794
3.29691
3.25344
2.58575
2.53312
2.07236
2.03476
1.69952
1.67145
1.41767
1.3961
1.19784
-2.6688
-2.69946
-2.73054
-2.76209
-2.79404
-2.82644
-2.89688
-2.93074
-2.96513
-3.0001
-3.03553
-3.07153
-3.14987
-3.18764
-3.22596
-3.26492
-3.30434
-3.34435
-3.43119
-3.47292
-3.51512
-3.55803
-3.60138
-3.6452
-3.74005
-3.7855
-3.83147
-3.87803
-3.92495
-3.97232
-4.07453
-4.12333
-4.1725
-4.22242
-4.2727
-4.32338
-4.43254
-4.48465
-4.53719
-4.59028
-4.64373
-4.69764
-4.8138
-4.8692
-4.92512
-4.98161
-5.03846
-5.09576
-5.21925
-5.27821
-5.33771
-5.39793
-5.45863
-5.51992
-5.65189
-5.71492
-5.77866
-5.84327
-5.9083
-5.97399
-6.11612
-6.18414
-6.25291
-6.32269
-6.39311
-6.46432
-6.61898
-6.69321
-6.76843
-6.8448
-6.92225
-7.00084
-7.17181
-7.25412
-7.33761
-7.42258
-7.50869
-7.59612
-7.78715
-7.87918
-7.97278
-8.06784
-8.16426
-8.26221
-8.47543
-8.57811
-8.68233
-8.78818
-8.89522
-9.00371
-9.23888
-9.35173
-9.466
-9.58187
-9.69887
-9.81727
-10.0731
-10.1954
-10.3187
-10.4437
-10.5697
-10.6969
-10.9713
-11.1023
-11.2345
-11.3683
-11.5031
-11.639
-11.9319
-12.0719
-12.2128
-12.3554
-12.4991
-12.6442
-12.9565
-13.1055
-13.2559
-13.4081
-13.5613
-13.7162
-14.0505
-14.2104
-14.3715
-14.5347
-14.6993
-14.8657
-15.2253
-15.3972
-15.5711
-15.7474
-15.9258
-16.1066
-16.4978
-16.6852
-16.8753
-17.0686
-17.2641
-17.4623
-17.8935
-18.1017
-18.313
-18.5282
-18.7458
-18.9667
-19.45
-19.6832
-19.9202
-20.1618
-20.4072
-20.6561
-21.199
-21.4613
-21.7274
-21.9984
-22.2731
-22.5517
-23.1572
-23.4488
-23.7442
-24.0438
-24.3467
-24.6535
-25.3188
-25.6379
-25.9605
-26.2871
-26.6165
-26.9497
-27.6688
-28.0134
-28.3623
-28.7142
-29.0696
-29.4285
-30.2026
-30.5729
-30.9469
-31.3246
-31.7065
-32.0918
-32.9235
-33.3215
-33.7234
-34.1292
-34.5392
-34.9536
-35.8487
-36.278
-36.7126
-37.1522
-37.5963
-38.0449
-39.016
-39.4834
-39.956
-40.4346
-40.92
-41.4115
-42.4774
-42.9913
-43.5125
-44.0406
-44.5779
-45.1237
-46.313
-46.8874
-47.4729
-48.0694
-48.6759
-49.2953
-50.6458
-51.3009
-51.9686
-52.6484
-53.3453
-54.0546
-55.609
-56.3627
-57.1319
-57.9166
-58.7172
-59.5338
-61.3202
-62.1863
-63.0684
-63.9675
-64.8824
-65.8142
-67.8475
-68.8322
-69.8348
-70.8563
-71.8952
-72.9509
-75.2487
-76.3615
-77.4939
-78.646
-79.8188
-81.0127
-83.6177
-84.8817
-86.1681
-87.476
-88.8101
-90.17
-93.1485
-94.5935
-96.0681
-97.5798
-99.1187
-100.691
-104.148
-105.836
-107.562
-109.328
-111.135
-112.992
-117.091
-119.101
-121.159
-123.282
-125.458
-127.701
-132.654
-135.089
-137.613
-140.231
-142.913
-145.677
-151.805
-154.867
-158.014
-161.255
-164.583
-168.028
-175.743
-179.534
-183.426
-187.393
-191.503
-195.743
-205.058
-209.596
-214.191
-218.878
-223.579
-228.358
-238.505
-243.259
-248.007
-252.642
-257.076
-261.407
-269.766
-273.303
-276.537
-279.428
-281.935
-283.926
-285.898
-285.987
-285.499
-284.268
-282.416
-279.547
-270.198
-264.392
-257.778
-250.233
-241.902
-232.434
-210.101
-198.345
-185.863
-172.707
-158.588
-143.737
-110.484
-93.9625
-77.2822
-60.2724
-42.8571
-25.4048
11.937
29.2379
46.5736
63.7891
80.5126
96.8803
130.255
144.958
159.266
172.936
185.892
197.652
219.615
228.886
237.344
245.11
251.524
257.174
266.631
269.539
271.626
273.217
274.043
274.135
272.364
270.574
268.387
265.714
262.681
259.389
251.471
247.372
243.155
238.806
234.405
229.947
220.444
215.913
211.419
207.028
202.693
198.397
189.538
185.534
181.611
177.796
174.07
170.438
163.068
159.752
156.533
153.401
150.36
147.416
141.425
138.729
136.114
133.576
131.106
128.697
123.794
121.588
119.443
117.344
115.311
113.311
109.254
107.415
105.617
103.857
102.139
100.462
97.0222
95.4583
93.9244
92.4233
90.9508
89.5114
86.5519
85.2013
83.8764
82.5786
81.3055
80.0554
77.4852
76.3113
75.1595
74.0305
72.9251
71.842
69.6138
68.5969
67.5988
66.62
65.6644
64.7276
62.8054
61.9307
61.071
60.2298
59.408
58.6034
56.9514
56.1974
55.4583
54.7349
54.0255
53.3286
51.8938
51.2382
50.5942
49.9625
49.3417
48.7312
47.4672
46.8862
46.3143
45.7507
45.1957
44.6487
43.513
42.9888
42.4704
41.9594
41.4549
40.9574
39.9208
39.4412
38.9668
38.4981
38.0351
37.5771
36.62
36.177
35.7391
35.3058
34.877
34.4533
33.5663
33.1551
32.7486
32.3463
31.9483
31.5543
30.7298
30.3481
29.9708
29.5978
29.2284
28.8632
28.1008
27.7477
27.3992
27.0548
26.7144
26.3785
25.6802
25.3589
25.041
24.7275
24.419
24.1151
23.4851
23.1957
22.9111
22.6306
22.3546
22.083
21.5216
21.2641
21.0112
20.7619
20.5169
20.2759
19.7763
19.5469
19.3213
19.0984
18.8787
18.6627
18.2135
18.0068
17.8025
17.6004
17.4009
17.2038
16.7937
16.604
16.4167
16.2311
16.0476
15.8663
15.4868
15.311
15.137
14.9642
14.7936
14.6246
14.2707
14.1066
13.9437
13.7821
13.6222
13.4637
13.1322
12.9783
12.8257
12.6742
12.5243
12.3758
12.0647
11.9203
11.7772
11.635
11.4945
11.3554
11.0648
10.93
10.7965
10.664
10.5333
10.404
10.1339
10.0091
9.88599
9.76412
9.64405
9.52529
9.27832
9.16479
9.05273
8.94227
8.83352
8.72643
8.50386
8.40158
8.30097
8.2018
8.10426
8.00838
7.80902
7.71729
7.627
7.53793
7.45025
7.36372
7.18381
7.10095
7.0192
6.93831
6.85849
6.77964
6.61482
6.53868
6.46328
6.38858
6.31481
6.24184
6.08902
6.01823
5.94813
5.87854
5.80964
5.74133
5.59811
5.53168
5.4658
5.40032
5.3355
5.2712
5.13635
5.07367
5.01156
4.94978
4.88863
4.82798
4.70069
4.64153
4.58288
4.52462
4.46687
4.40965
4.2897
4.23412
4.17913
4.12453
4.07049
4.017
3.90533
3.85371
3.80272
3.75239
3.70277
3.6539
3.55257
3.50608
3.46044
3.41552
3.37156
3.32854
3.16331
3.04914
2.94102
2.8386
2.74212
2.65097
2.47232
2.39453
2.32069
2.25007
2.18279
2.11862
1.99109
1.9351
1.88205
1.83092
1.7816
1.73402
1.63876
1.59668
1.55637
1.51762
1.48012
1.44406
1.37086
1.33814
1.30653
1.27598
1.24659
1.21831
