-1.82825
-2.0231
-2.23065
-2.45358
-2.69694
-2.97076
-3.2887
-3.65215
-4.05199
-4.48204
-4.94287
-5.43634
-5.9674
-6.54421
-7.18541
-7.92533
-8.79126
-9.76779
-10.8314
-11.9757
-13.2037
-14.525
-15.9559
-17.5322
-19.323
-21.4305
-23.8762
-26.5996
-29.5582
-32.7595
-36.2238
-40.0055
-44.1857
-48.931
-54.5544
-61.3609
-69.3581
-78.5276
-89.0394
-101.308
-116.008
-134.229
-157.864
-189.721
-232.568
-281.217
-310.175
-279.341
-169.581
-6.75762
156.171
265.482
296.587
268.945
223.99
184.135
153.651
130.521
112.392
97.6769
85.3705
74.8794
65.924
58.4866
52.3979
47.2489
42.7038
38.6003
34.8448
31.3857
28.1943
25.2757
22.6822
20.4741
18.5831
16.903
15.3676
13.9481
12.6249
11.3929
10.2493
9.20476
8.2876
7.50258
6.81156
6.18282
5.59967
5.05383
4.54092
4.05796
3.60477
3.16645
2.40145
1.86715
1.49347
1.22056
1.01063
0.84697
0.711365
0.595185
-1.82908
-2.02223
-2.02397
-2.22972
-2.23157
-2.45257
-2.45459
-2.69583
-2.69805
-2.96948
-2.97203
-3.28722
-3.29019
-3.65048
-3.65381
-4.05019
-4.0538
-4.48011
-4.48397
-4.9408
-4.94494
-5.43413
-5.43856
-5.96501
-5.96979
-6.54159
-6.54684
-7.18244
-7.18839
-7.92186
-7.92881
-8.78724
-8.79528
-9.76333
-9.77224
-10.8267
-10.8362
-11.9706
-11.9809
-13.1982
-13.2093
-14.519
-14.5309
-15.9494
-15.9624
-17.5249
-17.5394
-19.3146
-19.3314
-21.4206
-21.4405
-23.8649
-23.8874
-26.5873
-26.6119
-29.5449
-29.5716
-32.7451
-32.7739
-36.2081
-36.2395
-39.9882
-40.0227
-44.1665
-44.2049
-48.9088
-48.9532
-54.5275
-54.5814
-61.3288
-61.393
-69.3208
-69.3954
-78.4852
-78.5701
-88.9901
-89.0887
-101.251
-101.366
-115.938
-116.079
-134.14
-134.318
-157.745
-157.982
-189.562
-189.879
-232.357
-232.779
-281.02
-281.413
-310.153
-310.195
-279.636
-279.045
-170.2
-168.961
-7.50492
-6.01031
155.555
156.786
265.165
265.799
296.599
296.574
269.131
268.759
224.182
223.798
184.287
183.982
153.766
153.537
130.609
130.433
112.461
112.321
97.7349
97.6189
85.4197
85.3214
74.9216
74.8372
65.9595
65.8885
58.5156
58.4577
52.4219
52.3739
47.2698
47.228
42.7225
42.6851
38.6174
38.5832
34.8604
34.8292
31.4001
31.3713
28.2076
28.181
25.2877
25.2637
22.6926
22.6717
20.4829
20.4653
18.5908
18.5754
16.9099
16.8961
15.374
15.3612
13.954
13.9421
12.6304
12.6193
11.3981
11.3878
10.2541
10.2445
9.20904
9.20049
8.29126
8.28394
7.50577
7.49939
6.81441
6.80871
6.18544
6.18021
5.60211
5.59722
5.05613
5.05153
4.54303
4.53882
4.06
4.05593
3.60668
3.60285
3.17
3.16291
2.40426
2.39866
1.86907
1.86523
1.49484
1.49211
1.22159
1.21954
1.01144
1.00982
0.847598
0.846343
0.711911
0.710819
0.595648
-1.83565
-2.01526
-2.0309
-2.22233
-2.23902
-2.44454
-2.46273
-2.68697
-2.70694
-2.95934
-2.98228
-3.27552
-3.30208
-3.6372
-3.66718
-4.0358
-4.06824
-4.46468
-4.49945
-4.92425
-4.96155
-5.41641
-5.45648
-5.9459
-5.98897
-6.52062
-6.56771
-7.15874
-7.21224
-7.89416
-7.95705
-8.75519
-8.8275
-9.72778
-9.80754
-10.7887
-10.8745
-11.9294
-12.0224
-13.1539
-13.2535
-14.4714
-14.5787
-15.8981
-16.0144
-17.4673
-17.5973
-19.2477
-19.3988
-21.3411
-21.5204
-23.7749
-23.9778
-26.4888
-26.7115
-29.4383
-29.6785
-32.63
-32.889
-36.0832
-36.3651
-39.8506
-40.1621
-44.0114
-44.3591
-48.7317
-49.1317
-54.3133
-54.7976
-61.0729
-61.6507
-69.0226
-69.6946
-78.1469
-78.9104
-88.5975
-89.4839
-100.79
-101.83
-115.378
-116.645
-133.43
-135.036
-156.799
-158.925
-188.286
-191.166
-230.677
-234.415
-279.444
-282.984
-309.699
-310.327
-281.955
-276.634
-175.304
-163.962
-13.4835
-0.03195
150.368
161.676
262.58
268.284
296.759
296.425
270.654
267.279
225.71
222.268
185.511
182.771
154.699
152.628
131.32
129.732
113.024
111.762
98.2004
97.1571
85.8153
84.9294
75.2602
74.5009
66.2451
65.6056
58.7481
58.2252
52.6152
52.1827
47.4372
47.0615
42.8732
42.536
38.7543
38.4469
34.9856
34.7044
31.5154
31.2564
28.3141
28.0743
25.3838
25.1681
22.7768
22.5898
20.5535
20.3952
18.6525
18.514
16.9654
16.8409
15.425
15.31
14.0016
13.8947
12.6748
12.5753
11.4396
11.3464
10.2918
10.2065
9.24334
9.16638
8.32075
8.25478
7.53139
7.47391
6.83719
6.78599
6.20643
6.15929
5.62171
5.57756
5.07454
5.03316
4.56032
4.52157
4.07627
4.03971
3.62195
3.58757
3.18812
3.13454
2.42682
2.37643
1.88457
1.84998
1.50586
1.48126
1.22987
1.21142
1.01792
1.00342
0.852628
0.841339
0.716295
0.706469
0.59937
-1.85522
-1.88268
-1.91026
-1.93815
-1.96626
-1.99459
-2.05178
-2.08101
-2.11034
-2.14009
-2.17
-2.20035
-2.26132
-2.29247
-2.32418
-2.35611
-2.38817
-2.42089
-2.48684
-2.52063
-2.55502
-2.58977
-2.62525
-2.66091
-2.7336
-2.77131
-2.80965
-2.84893
-2.88883
-2.92955
-3.01302
-3.05656
-3.10089
-3.1465
-3.19302
-3.2405
-3.33773
-3.38814
-3.43935
-3.49142
-3.5442
-3.59803
-3.70695
-3.76279
-3.81958
-3.87676
-3.93474
-3.99317
-4.11124
-4.17191
-4.23278
-4.29432
-4.35645
-4.4191
-4.54571
-4.6105
-4.67591
-4.74206
-4.80842
-4.87564
-5.01112
-5.08016
-5.15026
-5.22076
-5.29227
-5.36425
-5.50948
-5.58364
-5.65897
-5.7347
-5.81156
-5.88913
-6.04607
-6.12648
-6.20789
-6.29051
-6.374
-6.45856
-6.63089
-6.71984
-6.80937
-6.90085
-6.99413
-7.08917
-7.28373
-7.38494
-7.48842
-7.59399
-7.70214
-7.81309
-8.04055
-8.16006
-8.28137
-8.40548
-8.53229
-8.66108
-8.92383
-9.05931
-9.19738
-9.33753
-9.47922
-9.62271
-9.91357
-10.0628
-10.2133
-10.3661
-10.5199
-10.6759
-10.9891
-11.1492
-11.3109
-11.4747
-11.6405
-11.8079
-12.1454
-12.3168
-12.4909
-12.6664
-12.8444
-13.0234
-13.385
-13.5707
-13.7575
-13.9462
-14.1377
-14.3304
-14.7204
-14.9207
-15.1229
-15.3284
-15.535
-15.7451
-16.1705
-16.3891
-16.6101
-16.8359
-17.0649
-17.2981
-17.7714
-18.017
-18.2683
-18.5236
-18.7841
-19.0512
-19.6011
-19.8868
-20.1821
-20.4843
-20.7915
-21.1086
-21.7581
-22.0958
-22.4401
-22.7906
-23.1469
-23.5097
-24.2483
-24.6277
-25.0128
-25.404
-25.7984
-26.1987
-27.0068
-27.4211
-27.8414
-28.2638
-28.6923
-29.1243
-29.9978
-30.4467
-30.9001
-31.3596
-31.8233
-32.2892
-33.2346
-33.7202
-34.2093
-34.705
-35.2066
-35.7146
-36.7403
-37.2677
-37.8023
-38.3441
-38.8897
-39.4465
-40.5737
-41.1511
-41.7405
-42.3371
-42.9451
-43.5606
-44.8193
-45.4753
-46.1388
-46.8111
-47.5048
-48.212
-49.6684
-50.4308
-51.2142
-52.0155
-52.8411
-53.6869
-55.4466
-56.369
-57.3181
-58.2955
-59.2972
-60.3212
-62.4264
-63.5228
-64.6444
-65.7915
-66.9606
-68.1508
-70.5888
-71.852
-73.1384
-74.4487
-75.788
-77.1507
-79.9287
-81.3725
-82.8433
-84.3434
-85.8784
-87.4466
-90.6671
-92.3392
-94.0466
-95.7974
-97.5967
-99.4352
-103.226
-105.218
-107.254
-109.351
-111.508
-113.735
-118.353
-120.783
-123.293
-125.895
-128.578
-131.37
-137.213
-140.308
-143.546
-146.902
-150.429
-154.075
-161.785
-165.935
-170.28
-174.826
-179.609
-184.553
-195.093
-200.8
-206.697
-212.906
-219.246
-225.825
-239.391
-246.463
-253.48
-260.625
-267.658
-274.682
-287.439
-293.114
-298.35
-302.642
-306.228
-308.608
-310.024
-309.013
-305.476
-301.045
-295.735
-288.114
-268.701
-255.921
-241.501
-225.428
-207.792
-189.352
-148.915
-126.44
-103.545
-79.8775
-55.6836
-31.2406
17.7579
42.1585
66.3203
89.8953
112.942
135.106
175.644
194.303
212.085
227.53
241.962
254.262
274.49
282.181
287.762
292.415
295.167
296.675
295.53
293.143
289.947
285.533
280.673
275.091
263.061
256.626
250.096
243.522
236.895
230.336
217.749
211.645
205.769
200.075
194.575
189.21
179.235
174.558
169.999
165.68
161.474
157.489
149.988
146.428
143.015
139.722
136.533
133.469
127.688
124.922
122.262
119.663
117.163
114.727
110.118
107.896
105.739
103.636
101.593
99.5988
95.7974
93.9535
92.1494
90.3914
88.6754
87.0011
83.779
82.2122
80.6767
79.1751
77.7083
76.2733
73.5125
72.1692
70.8588
69.5771
68.3255
67.1039
64.776
63.6486
62.5548
61.4962
60.4574
59.45
57.5484
56.6311
55.7374
54.8693
54.0223
53.1985
51.6207
50.8542
50.1014
49.3655
48.6467
47.9374
46.5701
45.9
45.2389
44.5912
43.9496
43.3198
42.0959
41.4921
40.8958
40.3094
39.7324
39.1627
38.047
37.4954
36.953
36.415
35.8842
35.3588
34.3355
33.8289
33.3283
32.8327
32.3437
31.8594
30.9159
30.4493
29.9863
29.5295
29.0777
28.6322
27.7615
27.3333
26.909
26.4909
26.0774
25.6719
24.8867
24.5
24.12
23.7481
23.3846
23.0288
22.346
22.0147
21.6894
21.3747
21.0671
20.7659
20.1889
19.9074
19.6316
19.3613
19.0968
18.8371
18.3335
18.0873
17.8426
17.6029
17.3654
17.1321
16.6775
16.4518
16.23
16.0098
15.7922
15.5773
15.1588
14.9519
14.7466
14.5427
14.3426
14.1431
13.7538
13.5602
13.369
13.18
12.9924
12.807
12.4452
12.2651
12.0864
11.9104
11.7357
11.5633
11.2251
11.0573
10.892
10.7278
10.5658
10.4055
10.0942
9.93981
9.78793
9.63826
9.49101
9.3461
9.0662
8.92935
8.79516
8.66352
8.53525
8.40976
8.16881
8.05215
7.93738
7.82547
7.71544
7.60776
7.39932
7.2975
7.19767
7.09892
7.00146
6.90518
6.71893
6.62691
6.53627
6.446
6.35704
6.26905
6.09733
6.01204
5.92783
5.84486
5.76215
5.68004
5.5199
5.4405
5.36143
5.28342
5.20598
5.12931
4.97901
4.90431
4.83033
4.75676
4.68416
4.61195
4.4705
4.40025
4.33062
4.26118
4.19263
4.12474
3.99178
3.9258
3.86037
3.79552
3.73116
3.66744
3.54243
3.47999
3.41775
3.35562
3.2934
3.23176
3.05026
2.93012
2.81427
2.70244
2.5965
2.49578
2.31213
2.22698
2.14682
2.07164
2.00008
1.93174
1.80585
1.74752
1.69222
1.63886
1.58796
1.53939
1.44983
1.40723
1.36709
1.32832
1.29094
1.25493
1.18778
1.15553
1.12455
1.09455
1.06553
1.03749
0.984731
0.959551
0.935121
0.911573
0.888924
0.867688
0.826609
0.806454
0.78666
0.767229
0.748129
0.729459
0.693704
0.676346
0.659428
0.642744
0.62645
0.610558
