-2.40971
-2.76046
-3.18435
-3.70531
-4.29988
-4.95568
-5.67854
-6.48499
-7.42363
-8.59634
-10.012
-11.6014
-13.3594
-15.3112
-17.5217
-20.1997
-23.5853
-27.5685
-32.0285
-37.0254
-42.7028
-49.4283
-58.1216
-69.3727
-83.1261
-100.098
-122.166
-153.29
-201.902
-275.684
-328.987
-245.005
-6.805
230.066
316.254
264.177
196.007
149.442
118.623
96.4825
79.4397
65.889
55.5634
47.7462
41.2803
35.6531
30.6591
26.211
22.4002
19.3781
16.9056
14.7369
12.7836
11.0166
9.4353
8.1074
7.0406
6.12785
5.30611
4.55536
3.86643
3.23256
2.21164
1.57541
1.17788
-2.4107
-2.75932
-2.76161
-3.18294
-3.18577
-3.70362
-3.707
-4.298
-4.30176
-4.95358
-4.95777
-5.67625
-5.68083
-6.48241
-6.48758
-7.42051
-7.42675
-8.59241
-8.60027
-10.0075
-10.0166
-11.5964
-11.6065
-13.3539
-13.3649
-15.305
-15.3174
-17.5145
-17.529
-20.1907
-20.2088
-23.5741
-23.5964
-27.5558
-27.5812
-32.0146
-32.0426
-37.0094
-37.0414
-42.6845
-42.7212
-49.4056
-49.451
-58.0916
-58.1517
-69.3353
-69.4103
-83.0805
-83.1717
-100.041
-100.156
-122.089
-122.243
-153.184
-153.401
-201.716
-202.088
-275.444
-275.925
-328.974
-328.999
-245.528
-244.48
-7.61595
-5.99404
229.533
230.597
316.225
316.283
264.407
263.947
196.182
195.832
149.554
149.33
118.7
118.546
96.5403
96.4248
79.4852
79.3937
65.9249
65.8531
55.5901
55.5368
47.7672
47.7251
41.2983
41.2622
35.669
35.6372
30.6733
30.6449
26.2236
26.1985
22.4104
22.3899
19.3862
19.37
16.9127
16.8985
14.7431
14.7307
12.7891
12.778
11.0218
11.0114
9.43972
9.43088
8.11095
8.10385
7.04356
7.03773
6.13044
6.12526
5.30846
5.30375
4.55748
4.55323
3.86841
3.86445
3.23441
3.23071
2.21413
2.20916
1.57689
1.57393
1.17886
-2.42008
-2.74847
-2.77249
-3.16953
-3.19942
-3.68757
-3.72311
-4.28015
-4.31966
-4.93393
-4.97748
-5.65457
-5.70256
-6.45793
-6.51218
-7.39057
-7.45648
-8.55515
-8.63774
-9.96452
-10.0598
-11.5487
-11.6542
-13.3014
-13.4172
-15.2462
-15.3765
-17.4461
-17.5978
-20.1048
-20.2934
-23.4683
-23.7026
-27.4353
-27.7021
-31.8834
-32.1805
-36.8582
-37.1932
-42.5106
-42.8961
-49.192
-49.6672
-57.8074
-58.4383
-68.9801
-69.7677
-82.6471
-83.6064
-99.4964
-100.71
-121.361
-122.979
-152.149
-154.488
-199.964
-203.841
-273.161
-278.217
-329.004
-329.039
-250.422
-238.913
-15.3202
1.70994
224.548
235.565
316.149
316.082
266.603
261.768
197.859
194.182
150.575
148.243
119.439
117.817
97.0919
95.8784
79.9164
78.9588
66.2676
65.5134
55.8447
55.2847
47.9645
47.5254
41.4702
41.0913
35.8207
35.486
30.8057
30.5104
26.3429
26.0785
22.5082
22.2929
19.4633
19.2933
16.9792
16.8333
14.8017
14.6723
12.8422
12.7251
11.0704
10.964
9.48186
9.389
8.14469
8.07031
7.07197
7.01045
6.15509
6.10064
5.33086
5.28143
4.57816
4.53287
3.88725
3.84559
3.25209
3.2132
2.23799
2.18583
1.59107
1.55997
1.18813
-2.45318
-2.50257
-2.55312
-2.60466
-2.65682
-2.71101
-2.81104
-2.86931
-2.92949
-2.99183
-3.05641
-3.12303
-3.24777
-3.32034
-3.39529
-3.47247
-3.55135
-3.63181
-3.78011
-3.86473
-3.95126
-4.0389
-4.1278
-4.21816
-4.38236
-4.47636
-4.57155
-4.66829
-4.7664
-4.86576
-5.04676
-5.15019
-5.2548
-5.36146
-5.46951
-5.57918
-5.77932
-5.89367
-6.01053
-6.1291
-6.24981
-6.37291
-6.59852
-6.72985
-6.86314
-7.00087
-7.14226
-7.28857
-7.56225
-7.72358
-7.89054
-8.06331
-8.24241
-8.42628
-8.77063
-8.9706
-9.17486
-9.38413
-9.59799
-9.81481
-10.212
-10.4391
-10.6701
-10.9044
-11.142
-11.3831
-11.8223
-12.0748
-12.3297
-12.5887
-12.8515
-13.1183
-13.6045
-13.8829
-14.1654
-14.4526
-14.7446
-15.041
-15.585
-15.8971
-16.2156
-16.5406
-16.8721
-17.2129
-17.8408
-18.2076
-18.5867
-18.9804
-19.3871
-19.8091
-20.6033
-21.0722
-21.5572
-22.0548
-22.5707
-23.1012
-24.0796
-24.6456
-25.2236
-25.8108
-26.4079
-27.0165
-28.1267
-28.765
-29.4106
-30.0676
-30.7349
-31.4164
-32.6569
-33.3681
-34.0877
-34.8237
-35.5714
-36.3332
-37.7311
-38.5313
-39.3506
-40.1855
-41.0361
-41.9081
-43.514
-44.447
-45.4053
-46.3859
-47.4051
-48.4569
-50.4375
-51.6099
-52.8308
-54.1096
-55.4406
-56.8285
-59.4544
-61.0062
-62.6145
-64.2751
-65.9857
-67.752
-71.0329
-72.945
-74.9111
-76.9331
-79.0135
-81.155
-85.1494
-87.4794
-89.8887
-92.3767
-94.9519
-97.6238
-102.652
-105.629
-108.716
-111.947
-115.326
-118.867
-125.632
-129.677
-133.965
-138.507
-143.308
-148.425
-158.432
-164.627
-171.233
-178.361
-185.893
-194.016
-210.121
-220.067
-230.477
-241.484
-253.397
-265.184
-286.159
-297.494
-307.553
-315.843
-323.282
-327.455
-328.16
-323.507
-315.273
-303.108
-286.885
-266.434
-219.308
-188.74
-154.872
-118.839
-81.074
-42.0972
28.3785
67.4377
105.184
141.146
175.202
205.505
251.797
272.259
288.689
301.55
309.624
315.171
314.686
310.215
303.34
294.718
284.515
274.847
254.323
243.444
233.07
222.798
212.995
203.812
188.586
180.746
173.512
166.795
160.373
154.416
144.672
139.703
134.938
130.414
126.127
122.099
115.318
111.795
108.386
105.146
102.049
99.0514
94.0073
91.3102
88.7204
86.2273
83.7995
81.4606
77.4691
75.335
73.2694
71.2725
69.3461
67.4889
64.349
62.689
61.107
59.5867
58.1377
56.7546
54.42
53.1894
52.0039
50.8578
49.7504
48.6798
46.8349
45.8388
44.8667
43.917
42.988
42.0775
40.4973
39.6393
38.7969
37.968
37.1542
36.3562
34.961
34.2019
33.4534
32.7172
31.995
31.2845
30.0431
29.3636
28.6963
28.0402
27.3961
26.7643
25.6661
25.071
24.4907
23.9295
23.3847
22.8552
21.9572
21.4803
21.0216
20.5762
20.1482
19.736
19.0277
18.6476
18.2776
17.9137
17.5595
17.2116
16.6066
16.2762
15.9506
15.631
15.3164
15.0076
14.4686
14.171
13.8802
13.5921
13.3088
13.0296
12.541
12.273
12.0095
11.7485
11.4926
11.2397
10.798
10.5561
10.3178
10.0848
9.85492
9.63093
9.24419
9.0357
8.83343
8.63781
8.44734
8.26509
7.9543
7.78809
7.62633
7.47049
7.31819
7.17037
6.9143
6.77497
6.63828
6.50441
6.37187
6.24196
6.01516
5.89036
5.76777
5.64721
5.52782
5.41025
5.20361
5.0901
4.97806
4.86744
4.75846
4.65066
4.46141
4.35729
4.25415
4.1527
4.05251
3.95358
3.78029
3.68517
3.59141
3.49847
3.40647
3.31486
3.13508
2.95277
2.77698
2.61327
2.46285
2.32496
2.10734
2.00012
1.90013
1.8074
1.72183
1.64214
1.51258
1.44687
1.38551
1.32779
1.2731
1.22145
