-2.09796
-2.46039
-2.88435
-3.40448
-4.03127
-4.74972
-5.56016
-6.48671
-7.594
-8.97257
-10.6294
-12.5257
-14.6781
-17.1711
-20.209
-24.0272
-28.603
-33.8781
-39.9774
-47.2866
-56.6304
-68.9158
-84.5928
-104.881
-132.891
-175.013
-237.219
-287.819
-222.095
-6.91656
209.226
275.636
228.544
169.884
128.975
101.204
81.0015
65.6969
54.2661
45.5931
38.5302
32.5008
27.2812
22.8827
19.3682
16.5224
14.0872
11.9458
10.0639
8.47134
7.18466
6.11354
5.17726
4.34055
3.60144
2.59801
1.71967
1.21872
0.897564
0.673062
-2.09885
-2.45937
-2.46142
-2.88311
-2.88558
-3.40296
-3.406
-4.02949
-4.03305
-4.74771
-4.75173
-5.55789
-5.56244
-6.48407
-6.48935
-7.59075
-7.59724
-8.96854
-8.9766
-10.6247
-10.6341
-12.5204
-12.5311
-14.672
-14.6841
-17.1639
-17.1783
-20.2
-20.218
-24.0161
-24.0384
-28.5901
-28.616
-33.8631
-33.893
-39.9599
-39.9949
-47.265
-47.3082
-56.6022
-56.6587
-68.8791
-68.9526
-84.5462
-84.6394
-104.82
-104.943
-132.802
-132.98
-174.875
-175.151
-237.04
-237.398
-287.782
-287.856
-222.503
-221.686
-7.57328
-6.25975
208.831
209.619
275.667
275.617
228.714
228.373
170.016
169.752
129.062
128.888
101.265
101.142
81.0477
80.9554
65.7318
65.662
54.2921
54.2402
45.6134
45.5727
38.5474
38.5131
32.5157
32.486
27.294
27.2685
22.8931
22.8723
19.3765
19.36
16.5293
16.5155
14.0932
14.0812
11.9511
11.9405
10.0685
10.0593
8.47511
8.46756
7.18772
7.1816
6.11616
6.11092
5.1796
5.17492
4.34264
4.33846
3.60323
3.59964
2.60117
2.59486
1.72137
1.71798
1.21974
1.2177
0.898251
0.896877
0.67359
-2.10784
-2.44914
-2.4717
-2.87082
-2.89792
-3.38781
-3.42123
-4.01174
-4.05088
-4.72764
-4.77188
-5.53518
-5.58523
-6.45771
-6.51587
-7.55839
-7.62984
-8.92837
-9.01702
-10.5779
-10.6811
-12.4674
-12.5843
-14.6115
-14.7448
-17.0924
-17.2503
-20.1105
-20.3081
-23.9049
-24.1502
-28.4609
-28.746
-33.7144
-34.0424
-39.7856
-40.1703
-47.0498
-47.5249
-56.321
-56.9425
-68.5127
-69.3218
-84.0823
-85.1074
-104.206
-105.564
-131.916
-133.878
-173.512
-176.539
-235.253
-239.194
-287.356
-288.176
-226.511
-217.54
-14.1222
0.30423
204.759
213.492
275.955
275.38
230.423
226.665
171.343
168.441
129.939
128.021
101.883
100.531
81.5113
80.4963
66.0822
65.3149
54.5528
53.9822
45.8179
45.3696
38.7191
38.3424
32.6641
32.3381
27.4214
27.1417
22.9976
22.7685
19.459
19.2779
16.5985
16.4467
14.1534
14.0212
12.0043
11.8876
10.1146
10.0133
8.51297
8.42997
7.21838
7.15116
6.14246
6.08478
5.20302
5.15164
4.36358
4.3176
3.62124
3.58175
2.63315
2.56364
1.73843
1.7012
1.23002
1.20759
0.905168
0.89009
0.678888
-2.14179
-2.19366
-2.24648
-2.30026
-2.35527
-2.41126
-2.51058
-2.57027
-2.63155
-2.69424
-2.75888
-2.82547
-2.94491
-3.01722
-3.09217
-3.16948
-3.24933
-3.33176
-3.47885
-3.56785
-3.65916
-3.75262
-3.84827
-3.94582
-4.11826
-4.2214
-4.32637
-4.43322
-4.54208
-4.65307
-4.84794
-4.96402
-5.08246
-5.20305
-5.32566
-5.45085
-5.67125
-5.80285
-5.9377
-6.07536
-6.21596
-6.35996
-6.61628
-6.77115
-6.93064
-7.09452
-7.26425
-7.43905
-7.75383
-7.94583
-8.14429
-8.34945
-8.56145
-8.78005
-9.17007
-9.40544
-9.64718
-9.89356
-10.1456
-10.4037
-10.8587
-11.1302
-11.4073
-11.6897
-11.9772
-12.2701
-12.7855
-13.0935
-13.4079
-13.7277
-14.0541
-14.3868
-14.9743
-15.3277
-15.6884
-16.0579
-16.4376
-16.8275
-17.5231
-17.9451
-18.38
-18.8315
-19.2971
-19.7802
-20.6509
-21.1829
-21.734
-22.3028
-22.8887
-23.4935
-24.5724
-25.223
-25.8889
-26.5697
-27.2664
-27.9797
-29.2373
-29.9906
-30.7605
-31.5447
-32.3457
-33.162
-34.6084
-35.4741
-36.36
-37.266
-38.1932
-39.1416
-40.8334
-41.8539
-42.9021
-43.9859
-45.1035
-46.2593
-48.345
-49.621
-50.9515
-52.3343
-53.7783
-55.2848
-58.025
-59.7116
-61.4699
-63.2956
-65.1963
-67.166
-70.7179
-72.8872
-75.1339
-77.464
-79.8745
-82.3734
-86.8898
-89.6619
-92.5397
-95.5432
-98.6738
-101.944
-107.936
-111.66
-115.571
-119.706
-124.074
-128.694
-137.313
-142.792
-148.619
-154.805
-161.43
-168.553
-181.879
-190.316
-199.248
-208.661
-218.461
-228.512
-245.931
-255.786
-265.09
-273.493
-280.255
-285.252
-288.543
-286.526
-280.74
-270.916
-257.767
-240.418
-201.257
-173.777
-143.468
-110.246
-75.0275
-38.6496
24.9813
61.6724
96.7024
130.031
160.418
188.279
227.056
244.233
257.954
267.418
273.612
276.236
273.667
268.944
262.488
254.696
246.089
236.79
220.341
210.923
201.776
192.854
184.436
176.415
163.649
156.782
150.386
144.345
138.661
133.321
124.853
120.276
115.954
111.853
107.954
104.244
98.2769
95.0156
91.891
88.8975
86.0284
83.2773
78.8022
76.3343
73.9676
71.693
69.5113
67.4192
64.0377
62.1854
60.4118
58.7183
57.1003
55.5489
53.0335
51.6525
50.3219
49.0353
47.7942
46.5948
44.6178
43.5111
42.4361
41.3881
40.3657
39.3688
37.7093
36.7726
35.8566
34.9605
34.0833
33.2249
31.789
30.9778
30.1836
29.4062
28.6467
27.9048
26.671
25.9772
25.3012
24.6469
24.0099
23.3949
22.3854
21.8256
21.2856
20.7647
20.26
19.7734
18.9746
18.5283
18.0941
17.6718
17.2602
16.8596
16.1917
15.8145
15.4456
15.0839
14.7289
14.3812
13.7989
13.4684
13.144
12.8256
12.5129
12.2054
11.691
11.3986
11.1124
10.8324
10.5578
10.2894
9.84274
9.59126
9.34726
9.11012
8.87974
8.65691
8.29084
8.08716
7.89014
7.69915
7.51401
7.33455
7.03786
6.87093
6.70827
6.5494
6.39408
6.24181
5.98761
5.84322
5.70157
5.56244
5.42536
5.29094
5.06506
4.93629
4.80984
4.68527
4.56273
4.44235
4.2401
4.12524
4.0128
3.90257
3.79464
3.68949
3.5161
3.41999
3.32822
3.19768
2.96452
2.75843
2.4517
2.29672
2.1559
2.02808
1.91105
1.80447
1.64048
1.55456
1.47484
1.40205
1.33371
1.26985
1.17058
1.11697
1.06644
1.01891
0.974039
0.931794
0.865939
0.830447
0.795983
0.762608
0.730291
0.699007
