-1.72332
-1.85722
-1.99704
-2.14305
-2.29603
-2.45743
-2.62894
-2.81426
-3.01963
-3.2496
-3.50406
-3.77969
-4.07186
-4.37901
-4.70176
-5.03996
-5.39454
-5.7683
-6.16276
-6.58223
-7.03586
-7.53735
-8.10185
-8.73344
-9.42411
-10.1622
-10.9418
-11.7602
-12.6217
-13.5271
-14.4807
-15.4887
-16.5624
-17.7179
-18.9946
-20.4332
-22.0574
-23.8536
-25.7957
-27.8554
-30.0306
-32.3305
-34.7596
-37.3371
-40.0868
-43.0347
-46.2414
-49.8047
-53.8772
-58.5743
-63.9237
-69.881
-76.4426
-83.6753
-91.6947
-100.71
-110.957
-122.862
-136.987
-154.143
-175.706
-203.022
-237.048
-276.769
-312.763
-329.018
-308.813
-244.216
-136.637
-6.805
123.016
229.266
294.847
316.177
299.625
265.215
228.977
197.062
170.998
150.255
133.402
119.322
107.4
97.0919
88.0359
79.9851
72.7842
66.3764
60.7821
55.966
51.7963
48.095
44.7248
41.6063
38.6988
35.9647
33.3891
30.9582
28.6592
26.4944
24.4761
22.6483
21.0239
19.5858
18.2907
17.0941
15.9728
14.9133
13.9082
12.9518
12.043
11.1771
10.3557
9.58248
8.87123
8.23128
7.66107
7.14732
6.67215
6.22556
5.80205
5.39891
5.01273
4.64356
4.28944
3.95008
3.62621
3.31439
2.84671
2.32833
1.94262
1.64647
1.41335
1.22581
1.06983
0.938377
0.829209
0.731937
0.644876
0.566695
-1.72411
-1.85639
-1.85805
-1.99618
-1.9979
-2.14215
-2.14395
-2.29509
-2.29698
-2.45643
-2.45844
-2.62787
-2.63001
-2.81309
-2.81544
-3.01832
-3.02095
-3.24814
-3.25107
-3.50245
-3.50567
-3.77797
-3.7814
-4.07005
-4.07367
-4.3771
-4.38093
-4.69976
-4.70376
-5.03787
-5.04205
-5.3924
-5.39667
-5.76598
-5.77062
-6.16031
-6.16521
-6.57969
-6.58478
-7.033
-7.03872
-7.53415
-7.54056
-8.09826
-8.10544
-8.72943
-8.73745
-9.41978
-9.42844
-10.1576
-10.1668
-10.937
-10.9466
-11.7552
-11.7653
-12.6164
-12.6271
-13.5215
-13.5327
-14.4748
-14.4866
-15.4825
-15.4948
-16.5557
-16.5691
-17.7106
-17.7252
-18.9865
-19.0028
-20.424
-20.4425
-22.0471
-22.0678
-23.8424
-23.8649
-25.7836
-25.8078
-27.8426
-27.8682
-30.0171
-30.044
-32.3162
-32.3448
-34.7445
-34.7746
-37.3212
-37.3531
-40.0696
-40.1039
-43.0162
-43.0533
-46.2215
-46.2614
-49.7817
-49.8276
-53.8507
-53.9037
-58.5443
-58.6043
-63.8895
-63.9578
-69.8432
-69.9188
-76.4012
-76.484
-83.6294
-83.7213
-91.6435
-91.746
-100.651
-100.77
-110.891
-111.024
-122.785
-122.94
-136.888
-137.085
-154.028
-154.258
-175.559
-175.854
-202.835
-203.206
-236.823
-237.276
-276.528
-277.01
-312.586
-312.939
-329.009
-329.026
-309.075
-308.551
-244.742
-243.677
-137.377
-135.897
-7.61595
-5.99404
122.249
123.784
228.731
229.8
294.588
295.104
316.177
316.195
299.791
299.458
265.446
264.984
229.187
228.772
197.239
196.885
171.138
170.858
150.361
150.149
133.495
133.308
119.4
119.244
107.464
107.335
97.1503
97.0337
88.0873
87.9845
80.0311
79.9392
72.8253
72.7431
66.4128
66.3401
60.8145
60.7495
55.993
55.939
51.8199
51.7726
48.1168
48.0732
44.7444
44.7053
41.6245
41.5882
38.7161
38.6814
35.9807
35.9487
33.4042
33.3739
30.9725
30.9438
28.6727
28.6457
26.507
26.4817
24.4877
24.4644
22.6587
22.6379
21.0331
21.0147
19.594
19.5776
18.2982
18.2832
17.1011
17.0871
15.9796
15.9659
14.9195
14.9071
13.9141
13.9023
12.9575
12.9462
12.0483
12.0376
11.1822
11.172
10.3605
10.3508
9.58695
9.57799
8.87533
8.86713
8.23493
8.22764
7.66431
7.65783
7.15029
7.14435
6.67496
6.66934
6.22818
6.22294
5.80455
5.79955
5.4013
5.39653
5.015
5.01045
4.64575
4.64138
4.29153
4.28734
3.95208
3.94807
3.62812
3.6243
3.31627
3.31251
2.85026
2.84316
2.33104
2.32563
1.94465
1.94059
1.64805
1.64489
1.41458
1.41211
1.22684
1.22478
1.07069
1.06896
0.939104
0.937651
0.829824
0.828593
0.732497
0.731378
0.645369
0.644383
0.567148
-1.72965
-1.85065
-1.86396
-1.99015
-2.00394
-2.13584
-2.15028
-2.28854
-2.30372
-2.44943
-2.46546
-2.62038
-2.63752
-2.80491
-2.82369
-3.00916
-3.03016
-3.23789
-3.26138
-3.49124
-3.51694
-3.76596
-3.79345
-4.05739
-4.08636
-4.36405
-4.39438
-4.68579
-4.71775
-5.02324
-5.05671
-5.37735
-5.41237
-5.74978
-5.78687
-6.14315
-6.18243
-6.56167
-6.60335
-7.01302
-7.05881
-7.51181
-7.56305
-8.07317
-8.13074
-8.70142
-8.7656
-9.38952
-9.4588
-10.1259
-10.1993
-10.9032
-10.9805
-11.7198
-11.8008
-12.5794
-12.6647
-13.4822
-13.5721
-14.4334
-14.5281
-15.4389
-15.5388
-16.5088
-16.6162
-17.6596
-17.7765
-18.9297
-19.0608
-20.3594
-20.5075
-21.9748
-22.1404
-23.7643
-23.945
-25.6992
-25.8925
-27.7532
-27.9578
-29.9227
-30.1387
-32.2162
-32.4451
-34.6392
-34.8803
-37.2093
-37.4661
-39.9499
-40.2242
-42.8869
-43.1832
-46.0803
-46.4008
-49.6215
-49.989
-53.6662
-54.0897
-58.3324
-58.8145
-63.6509
-64.1977
-69.5794
-70.1841
-76.1115
-76.776
-83.3087
-84.0439
-91.2863
-92.1056
-100.242
-101.178
-110.426
-111.492
-122.243
-123.487
-136.229
-137.771
-153.237
-155.068
-174.535
-176.893
-201.531
-204.464
-235.342
-238.88
-274.842
-278.7
-311.334
-313.956
-328.907
-329.037
-310.86
-306.668
-248.379
-239.52
-142.535
-130.691
-13.2928
-0.3174
117.035
129.011
225.043
233.491
292.728
296.858
316.145
316.15
300.94
298.277
267.067
263.372
230.669
227.326
198.484
195.657
172.123
169.886
151.142
149.386
134.151
132.66
119.948
118.7
107.932
106.88
97.5625
96.6272
88.4484
87.626
80.3537
79.6213
73.1139
72.4563
66.6679
66.0869
61.0357
60.5228
56.1828
55.7506
51.9861
51.6074
48.2667
47.9223
44.8813
44.5688
41.7521
41.4611
38.8353
38.5594
36.0923
35.8367
33.5102
33.2683
31.0727
30.8418
28.766
28.5513
26.5957
26.3933
24.5698
24.3827
22.7318
22.5651
21.0977
20.9506
19.6515
19.5204
18.3506
18.2309
17.1501
17.0383
16.0257
15.9189
14.9629
14.8636
13.9555
13.861
12.997
12.9067
12.0856
12.0001
11.218
11.1364
10.3943
10.3166
9.61854
9.54657
8.90411
8.83852
8.26051
8.20223
7.68706
7.6352
7.17112
7.12359
6.69449
6.64975
6.24656
6.20462
5.82205
5.78209
5.41802
5.37959
5.03096
4.99453
4.66105
4.62611
4.30621
4.2726
3.96612
3.93407
3.64151
3.61093
3.3293
3.2993
2.87518
2.81839
2.3501
2.30687
1.95896
1.92647
1.65922
1.63393
1.42338
1.40348
1.23408
1.21762
1.07679
1.06292
0.944214
0.932591
0.834141
0.824297
0.736426
0.727474
0.64883
0.640948
0.570326
-1.74362
-1.762
-1.78041
-1.79886
-1.81745
-1.83615
-1.87862
-1.89765
-1.91667
-1.93594
-1.95537
-1.97485
-2.01921
-2.03893
-2.05915
-2.07926
-2.09943
-2.11997
-2.16613
-2.18713
-2.20811
-2.22903
-2.25047
-2.2719
-2.32058
-2.34249
-2.36432
-2.38677
-2.40922
-2.43179
-2.48327
-2.50628
-2.52997
-2.55354
-2.57728
-2.60158
-2.65617
-2.68136
-2.70667
-2.73217
-2.75818
-2.78442
-2.84461
-2.87202
-2.89963
-2.92811
-2.95689
-2.9861
-3.0536
-3.08406
-3.11557
-3.14724
-3.1794
-3.21222
-3.28733
-3.32147
-3.35618
-3.39124
-3.42697
-3.46309
-3.54551
-3.58275
-3.6202
-3.65841
-3.69685
-3.73561
-3.82395
-3.86338
-3.90374
-3.94399
-3.98454
-4.02558
-4.1182
-4.16045
-4.2026
-4.24456
-4.28766
-4.33071
-4.4281
-4.47202
-4.51621
-4.56062
-4.60534
-4.65037
-4.75314
-4.79865
-4.84554
-4.89217
-4.93905
-4.98651
-5.0934
-5.14223
-5.19084
-5.2394
-5.28901
-5.33873
-5.45155
-5.50234
-5.55324
-5.60493
-5.65685
-5.70902
-5.82799
-5.88111
-5.93566
-5.98993
-6.04465
-6.1001
-6.22542
-6.28289
-6.34027
-6.3979
-6.45664
-6.51568
-6.65063
-6.71169
-6.77308
-6.83517
-6.89866
-6.96286
-7.10986
-7.1768
-7.24502
-7.31417
-7.38435
-7.45601
-7.62038
-7.69605
-7.77272
-7.85005
-7.92967
-8.01013
-8.19577
-8.2806
-8.36623
-8.45283
-8.54147
-8.63123
-8.83702
-8.93042
-9.02486
-9.1199
-9.21571
-9.3136
-9.53578
-9.6365
-9.73761
-9.83829
-9.94194
-10.0454
-10.2808
-10.3867
-10.4921
-10.6009
-10.7094
-10.8177
-11.0663
-11.1769
-11.2896
-11.4024
-11.5162
-11.6308
-11.8909
-12.009
-12.1271
-12.2444
-12.3652
-12.4858
-12.7594
-12.8826
-13.0056
-13.1315
-13.2572
-13.3832
-13.6717
-13.8004
-13.9321
-14.0634
-14.1955
-14.3296
-14.6326
-14.7701
-14.9083
-15.0464
-15.1876
-15.3289
-15.6507
-15.7961
-15.9418
-16.0907
-16.2402
-16.3911
-16.7355
-16.8904
-17.0497
-17.2087
-17.3693
-17.5315
-17.9064
-18.0774
-18.2502
-18.4249
-18.6045
-18.7872
-19.2065
-19.3976
-19.5922
-19.7907
-19.9928
-20.1984
-20.6729
-20.8904
-21.1122
-21.3367
-21.5646
-21.7938
-22.3251
-22.568
-22.8139
-23.0619
-23.3132
-23.5669
-24.1471
-24.4103
-24.6758
-24.9445
-25.2147
-25.4855
-26.1071
-26.3864
-26.6692
-26.9528
-27.2374
-27.5283
-28.1824
-28.4809
-28.7792
-29.077
-29.3807
-29.6854
-30.3786
-30.6904
-31.0046
-31.3244
-31.6441
-31.9645
-32.6989
-33.0284
-33.3621
-33.6972
-34.0336
-34.3743
-35.1477
-35.4981
-35.8514
-36.2068
-36.5653
-36.9272
-37.7541
-38.1261
-38.5003
-38.8798
-39.2622
-39.6473
-40.5293
-40.9267
-41.3297
-41.7362
-42.1461
-42.5624
-43.5124
-43.9451
-44.3813
-44.8216
-45.2719
-45.7254
-46.7645
-47.2416
-47.7256
-48.2161
-48.7145
-49.2219
-50.4003
-50.9399
-51.4905
-52.0497
-52.6207
-53.2056
-54.5634
-55.1852
-55.8195
-56.4665
-57.1276
-57.8025
-59.3585
-60.0732
-60.7997
-61.5386
-62.2899
-63.0534
-64.8076
-65.6046
-66.4166
-67.2389
-68.073
-68.9181
-70.8559
-71.7394
-72.6326
-73.5387
-74.4545
-75.3842
-77.5177
-78.4877
-79.4697
-80.4664
-81.4776
-82.5035
-84.8646
-85.9392
-87.025
-88.1319
-89.2559
-90.3931
-93.0258
-94.2198
-95.4397
-96.6854
-97.9441
-99.2306
-102.204
-103.564
-104.959
-106.364
-107.803
-109.274
-112.687
-114.267
-115.863
-117.504
-119.186
-120.893
-124.902
-126.734
-128.628
-130.573
-132.559
-134.607
-139.406
-141.633
-143.934
-146.285
-148.723
-151.238
-157.154
-159.949
-162.844
-165.792
-168.859
-172.006
-179.57
-183.036
-186.626
-190.389
-194.234
-198.296
-207.76
-212.262
-217.014
-221.6
-226.416
-231.406
-242.984
-248.443
-254.128
-259.585
-265.122
-270.607
-282.993
-288.31
-293.597
-298.93
-303.537
-308.049
-316.646
-320.104
-323.624
-325.436
-327.336
-328.688
-328.755
-328.397
-325.594
-322.93
-319.852
-315.032
-302.663
-294.966
-286.854
-277.821
-267.906
-257.214
-229.107
-215.541
-201.823
-186.788
-171.209
-155.157
-117.383
-100.055
-82.1914
-64.0926
-45.8321
-27.6206
14.0031
32.2016
50.4668
68.5793
86.1912
103.73
141.444
157.479
173.069
187.537
201.75
215.189
242.453
253.527
263.165
272.227
280.374
287.67
301.2
305.344
309.002
311.921
314.742
315.788
315.664
314.581
312.873
310.409
307.408
304.069
295.184
290.952
285.794
280.897
276.159
271.194
259.441
254.266
249.13
244.079
239.423
234.45
223.642
218.965
214.411
210.029
205.766
201.661
192.611
188.791
185.02
181.449
178.036
174.653
167.522
164.447
161.5
158.671
155.874
153.175
147.405
144.961
142.625
140.316
138.04
135.829
131.049
129.024
127.016
125.082
123.202
121.352
117.36
115.634
113.954
112.314
110.703
109.128
105.704
104.229
102.785
101.364
99.9688
98.5992
95.6116
94.3221
93.0505
91.8015
90.5728
89.3679
86.7305
85.5821
84.4536
83.3443
82.2526
81.1752
78.8156
77.7911
76.7821
75.7904
74.8121
73.849
71.7385
70.8236
69.9255
69.0414
68.1728
67.3185
65.4541
64.6534
63.8637
63.0897
62.3372
61.5988
59.9842
59.2934
58.6159
57.9526
57.3043
56.6697
55.2804
54.6832
54.0993
53.5257
52.9625
52.4088
51.1933
50.669
50.1513
49.6413
49.1412
48.6456
47.5534
47.0774
46.6076
46.1429
45.6835
45.2291
44.2263
43.7866
43.3532
42.9241
42.4986
42.0759
41.1422
40.7328
40.3276
39.9257
39.5312
39.1376
38.2635
37.8801
37.4993
37.1228
36.7495
36.3791
35.555
35.1929
34.835
34.4808
34.1288
33.7788
33.0027
32.6615
32.3237
31.9889
31.657
31.3265
30.593
30.2708
29.9513
29.6338
29.319
29.007
28.3143
28.0104
27.7091
27.4103
27.1139
26.8207
26.1714
25.885
25.6035
25.3253
25.0502
24.778
24.1802
23.9211
23.6647
23.4133
23.1636
22.918
22.3833
22.1507
21.9217
21.6981
21.4779
21.2616
20.7901
20.5828
20.3814
20.1835
19.9889
19.7974
19.3769
19.193
19.0111
18.8333
18.6571
18.483
18.0997
17.9308
17.7645
17.5997
17.4363
17.2743
16.9152
16.7585
16.6025
16.4481
16.2946
16.1424
15.804
15.6553
15.5076
15.3616
15.2166
15.0725
14.7545
14.6139
14.4741
14.3354
14.197
14.0601
13.757
13.6227
13.4898
13.3582
13.2272
13.0971
12.8078
12.6807
12.5543
12.4289
12.3043
12.1805
11.906
11.7848
11.6645
11.5452
11.4264
11.3085
11.0468
10.9317
10.8174
10.7043
10.5916
10.48
10.2327
10.1239
10.016
9.90857
9.80311
9.69853
9.46787
9.36704
9.26751
9.16956
9.07264
8.9773
8.76701
8.67619
8.58659
8.49846
8.41109
8.3256
8.13883
8.058
7.97837
7.89988
7.82248
7.7461
7.57853
7.506
7.43411
7.36321
7.29288
7.22389
7.07152
7.00463
6.93848
6.87304
6.80813
6.74379
6.60176
6.53916
6.47696
6.41498
6.35385
6.29314
6.1586
6.09933
6.04057
5.98215
5.92395
5.86629
5.73818
5.6821
5.6262
5.57063
5.5153
5.4603
5.33759
5.28378
5.23032
5.17724
5.12418
5.07145
4.9545
4.90294
4.85183
4.8009
4.75015
4.69975
4.58773
4.53827
4.48906
4.44025
4.39169
4.34336
4.23564
4.18828
4.14118
4.09452
4.04793
4.00166
3.89888
3.85357
3.80846
3.76389
3.71948
3.67536
3.57734
3.53394
3.49074
3.44791
3.40506
3.36223
3.26586
3.22332
3.1814
3.11046
3.02578
2.9394
2.75649
2.67919
2.60495
2.5336
2.46506
2.39907
2.26062
2.20298
2.14787
2.09507
2.0446
1.99568
1.8915
1.84765
1.8054
1.76484
1.72561
1.68781
1.60673
1.57245
1.53924
1.50716
1.47608
1.4461
1.38201
1.3548
1.32825
1.30241
1.27718
1.25261
1.19984
1.17738
1.1554
1.13395
1.11291
1.09235
1.04789
1.02885
1.01028
0.992213
0.974563
0.957277
0.92001
0.904098
0.888609
0.873952
0.859438
0.845099
0.813537
0.799761
0.786158
0.772758
0.759502
0.74642
0.71772
0.705278
0.693048
0.681054
0.669244
0.657645
0.63222
0.62109
0.610154
0.599433
0.588882
0.578404
