-2.18717
-2.35805
-2.53817
-2.73167
-2.94776
-3.19844
-3.48644
-3.79892
-4.12927
-4.47642
-4.84027
-5.22398
-5.62664
-6.04982
-6.50048
-6.9863
-7.53416
-8.17553
-8.9148
-9.71811
-10.5679
-11.4641
-12.4051
-13.3986
-14.4438
-15.5453
-16.7225
-17.9978
-19.4486
-21.1619
-23.1317
-25.2862
-27.5743
-29.9913
-32.5471
-35.262
-38.1475
-41.22
-44.5513
-48.2242
-52.4969
-57.6583
-63.7214
-70.5332
-78.0525
-86.4073
-95.818
-106.61
-119.238
-134.464
-153.418
-178.299
-212.691
-260.641
-320.139
-372.476
-378.32
-316.942
-182.456
-6.87877
167.244
302.252
364.049
357.484
306.854
250.826
206.973
174.485
150.187
131.253
115.905
103.138
92.2205
82.6944
74.2582
66.78
60.3514
55.0668
50.6556
46.7589
43.1984
39.8988
36.8072
33.9126
31.1833
28.6004
26.1723
23.9119
21.9073
20.2021
18.7385
17.4103
16.1686
14.9963
13.8838
12.8303
11.8276
10.8729
9.96945
9.12405
8.37071
7.72292
7.16214
6.64566
6.16015
5.69921
5.2598
4.84007
4.43827
4.05295
3.68403
3.33003
2.83603
2.26296
1.85671
1.55521
1.32186
1.13538
0.979898
0.852783
-2.18807
-2.3571
-2.359
-2.53717
-2.53918
-2.73059
-2.73275
-2.94651
-2.94901
-3.19702
-3.19985
-3.4848
-3.48808
-3.79718
-3.80067
-4.12747
-4.13108
-4.47449
-4.47835
-4.83821
-4.84232
-5.22184
-5.22611
-5.6244
-5.62888
-6.04745
-6.05219
-6.49794
-6.50303
-6.98354
-6.98907
-7.53094
-7.53737
-8.17154
-8.17952
-8.91066
-8.91891
-9.71361
-9.7226
-10.5632
-10.5729
-11.4591
-11.4691
-12.3998
-12.4104
-13.3931
-13.4042
-14.438
-14.4497
-15.5391
-15.5515
-16.7158
-16.7292
-17.9905
-18.0051
-19.44
-19.4571
-21.1513
-21.1722
-23.1207
-23.1426
-25.2741
-25.2983
-27.5612
-27.5873
-29.9778
-30.0048
-32.5328
-32.5613
-35.2468
-35.2772
-38.1314
-38.1637
-41.2027
-41.2376
-44.5323
-44.5703
-48.2029
-48.2455
-52.4715
-52.5223
-57.6277
-57.6889
-63.6857
-63.7571
-70.4943
-70.5721
-78.0096
-78.0954
-86.3593
-86.4553
-95.7635
-95.8727
-106.546
-106.674
-119.163
-119.313
-134.374
-134.554
-153.302
-153.534
-178.142
-178.456
-212.476
-212.907
-260.342
-260.941
-319.836
-320.443
-372.282
-372.669
-378.439
-378.197
-316.799
-317.23
-183.332
-181.579
-7.82506
-5.89394
166.361
168.126
301.814
302.689
363.96
364.135
357.687
357.279
307.124
306.315
251.094
250.558
207.177
206.769
174.636
174.334
150.302
150.072
131.343
131.154
115.981
115.83
103.201
103.074
92.2757
92.1653
82.743
82.6457
74.3013
74.2151
66.8179
66.7421
60.3828
60.32
55.0929
55.0408
50.6781
50.6332
46.779
46.7387
43.217
43.1798
39.9163
39.8815
36.8235
36.7909
33.9279
33.8973
31.1977
31.169
28.614
28.5868
26.1848
26.1599
23.9236
23.9003
21.9174
21.8972
20.2107
20.1936
18.7461
18.731
17.4173
17.4033
16.1751
16.162
15.0025
14.9901
13.8897
13.8779
12.8359
12.8247
11.833
11.8221
10.878
10.8679
9.97436
9.96453
9.12841
9.11969
8.37452
8.3669
7.7261
7.71974
7.16504
7.15924
6.64836
6.64296
6.16273
6.15757
5.70167
5.69676
5.26214
5.25746
4.8423
4.83784
4.4404
4.43614
4.05499
4.0509
3.68599
3.68207
3.33196
3.32809
2.83972
2.83235
2.26556
2.26036
1.8586
1.85482
1.55665
1.55378
1.32299
1.32073
1.1363
1.13447
0.980663
0.979133
0.853409
-2.19462
-2.3502
-2.36575
-2.52986
-2.54649
-2.72256
-2.74057
-2.93737
-2.95814
-3.18707
-3.21065
-3.47291
-3.49998
-3.78421
-3.81334
-4.11429
-4.14424
-4.46053
-4.49235
-4.82335
-4.85722
-5.20639
-5.24161
-5.60779
-5.64515
-6.03031
-6.0694
-6.47951
-6.52154
-6.96369
-7.00928
-7.50774
-7.56079
-8.14444
-8.20852
-8.88011
-8.94876
-9.68111
-9.75524
-10.5296
-10.6083
-11.4231
-11.5053
-12.3613
-12.4485
-13.353
-13.4444
-14.3959
-14.492
-15.4944
-15.5962
-16.6677
-16.7776
-17.9376
-18.0583
-19.3784
-19.5192
-21.0743
-21.2451
-23.0414
-23.2248
-25.1868
-25.386
-27.4658
-27.6809
-29.8801
-30.1029
-32.4292
-32.665
-35.1369
-35.3866
-38.0144
-38.2811
-41.0776
-41.3655
-44.3947
-44.7086
-48.0491
-48.4006
-52.288
-52.7068
-57.4063
-57.9115
-63.4324
-64.0165
-70.2132
-70.8548
-77.6981
-78.4072
-86.0124
-86.8032
-95.3692
-96.2698
-106.087
-107.14
-118.622
-119.859
-133.723
-135.212
-152.465
-154.382
-177.013
-179.601
-210.891
-214.461
-258.179
-263.12
-317.645
-322.737
-370.82
-374.017
-379.32
-377.224
-320.774
-315.312
-189.651
-175.186
-14.8275
1.2391
159.922
174.488
298.379
306.539
363.111
364.693
359.108
355.741
308.339
302.784
253.049
248.623
208.75
205.301
175.741
173.245
151.137
149.245
131.977
130.447
116.53
115.285
103.666
102.612
92.6774
91.7663
83.0966
82.2942
74.6143
73.9045
67.0939
66.4683
60.6074
60.0896
55.2828
54.8527
50.8411
50.4712
46.9256
46.5936
43.3523
43.0453
40.0305
39.7557
36.9417
36.6731
34.0388
33.7867
31.3021
31.0625
28.713
28.4882
26.2781
26.067
24.0082
23.8162
21.9909
21.8244
20.2727
20.1321
18.8009
18.6764
17.4675
17.3529
16.2227
16.1147
15.0477
14.9451
13.9324
13.8354
12.8765
12.7842
11.8723
11.7831
10.9147
10.8313
10.0087
9.92895
9.1601
9.08687
8.40223
8.33943
7.75257
7.69722
7.18614
7.13827
6.66799
6.62339
6.18142
6.13892
5.71949
5.67899
5.27911
5.24064
4.85847
4.82173
4.45582
4.42064
4.06983
4.0361
3.69989
3.66788
3.34594
3.3141
2.86635
2.80587
2.28454
2.24166
1.87238
1.84123
1.56708
1.54345
1.33122
1.31258
1.14298
1.12784
0.98624
0.973617
0.857954
-2.21221
-2.23567
-2.2596
-2.28351
-2.30763
-2.33182
-2.38413
-2.40904
-2.43407
-2.45925
-2.48463
-2.51029
-2.56613
-2.5925
-2.61925
-2.64639
-2.67355
-2.7013
-2.76199
-2.79128
-2.82101
-2.8512
-2.88197
-2.9132
-2.98282
-3.01688
-3.05125
-3.08621
-3.12195
-3.1588
-3.24015
-3.27899
-3.31874
-3.35912
-3.39999
-3.44138
-3.53173
-3.57495
-3.61832
-3.66197
-3.70622
-3.75058
-3.84737
-3.8931
-3.93898
-3.98525
-4.03168
-4.07861
-4.18057
-4.22848
-4.27585
-4.32498
-4.37383
-4.42254
-4.52991
-4.58035
-4.63094
-4.68191
-4.73279
-4.78427
-4.89672
-4.94935
-5.00281
-5.05628
-5.11013
-5.16533
-5.28241
-5.33758
-5.39382
-5.45058
-5.50727
-5.56446
-5.68878
-5.74707
-5.80555
-5.86512
-5.92394
-5.98467
-6.11591
-6.17811
-6.24033
-6.30334
-6.36702
-6.43066
-6.57124
-6.63822
-6.70381
-6.77163
-6.84042
-6.91042
-7.06382
-7.13742
-7.2133
-7.28958
-7.36729
-7.44625
-7.62272
-7.71057
-7.79838
-7.88753
-7.97983
-8.07412
-8.28224
-8.38192
-8.48431
-8.58826
-8.69232
-8.79891
-9.03205
-9.14226
-9.2535
-9.36601
-9.47992
-9.59283
-9.84286
-9.96045
-10.0786
-10.1975
-10.3171
-10.4385
-10.7007
-10.8241
-10.9478
-11.0732
-11.1993
-11.327
-11.5999
-11.7327
-11.8636
-11.9942
-12.1264
-12.2597
-12.5504
-12.6869
-12.8257
-12.9642
-13.1042
-13.2462
-13.549
-13.6936
-13.8389
-13.9867
-14.1337
-14.2811
-14.6055
-14.7556
-14.9093
-15.0646
-15.2185
-15.3754
-15.7184
-15.8796
-16.0424
-16.2071
-16.3736
-16.5395
-16.9077
-17.0806
-17.2552
-17.4323
-17.6138
-17.7982
-18.2019
-18.3948
-18.5969
-18.799
-19.0024
-19.2151
-19.6858
-19.9155
-20.1505
-20.3884
-20.6352
-20.8871
-21.4423
-21.7098
-21.9827
-22.2605
-22.5391
-22.8243
-23.4479
-23.7427
-24.0408
-24.3426
-24.6482
-24.9512
-25.622
-25.9369
-26.2544
-26.5727
-26.8957
-27.2223
-27.9291
-28.2615
-28.5969
-28.9345
-29.2779
-29.6204
-30.3643
-30.719
-31.0744
-31.4292
-31.7884
-32.151
-32.9433
-33.3154
-33.6946
-34.0731
-34.459
-34.8446
-35.6823
-36.0786
-36.4692
-36.8784
-37.2855
-37.6992
-38.5967
-39.0149
-39.4426
-39.8714
-40.3059
-40.7442
-41.7064
-42.1605
-42.62
-43.0858
-43.5561
-44.0299
-45.0803
-45.5716
-46.0744
-46.5878
-47.1112
-47.6445
-48.8206
-49.3781
-49.9764
-50.5716
-51.1749
-51.8043
-53.2018
-53.8905
-54.5951
-55.3175
-56.062
-56.8188
-58.5131
-59.3314
-60.1691
-61.0185
-61.8823
-62.7643
-64.7058
-65.6296
-66.5678
-67.5216
-68.4867
-69.4669
-71.6162
-72.6388
-73.6759
-74.7245
-75.7916
-76.8738
-79.2476
-80.3772
-81.532
-82.6998
-83.883
-85.0934
-87.7441
-89.0141
-90.3081
-91.6229
-92.9626
-94.327
-97.342
-98.7897
-100.267
-101.777
-103.309
-104.881
-108.383
-110.066
-111.785
-113.547
-115.357
-117.196
-121.338
-123.356
-125.417
-127.563
-129.741
-131.989
-137.023
-139.5
-142.054
-144.695
-147.442
-150.271
-156.681
-159.904
-163.239
-166.698
-170.292
-174.06
-182.721
-187.052
-191.606
-196.377
-201.451
-206.734
-218.847
-224.981
-231.582
-238.232
-245.163
-252.795
-269.006
-276.988
-285.148
-293.758
-302.099
-310.457
-329.16
-337.423
-345.351
-352.602
-360.872
-366.473
-377.126
-380.531
-383.031
-384.696
-384.066
-383.732
-373.893
-370.185
-361.552
-352.797
-342.105
-330.654
-299.861
-283.553
-267.424
-248.271
-228.439
-206.565
-157.815
-133.472
-109.164
-84.5402
-59.0721
-33.8487
20.2411
45.3592
70.1332
94.9373
119.574
142.418
192.069
213.059
232.84
253.486
270.913
287.454
316.387
328.209
338.208
346.67
354.961
360.19
366.853
369.343
369.948
368.392
365.64
362.459
351.654
344.045
337.13
330.265
322.622
314.464
296.727
288.617
281.034
273.373
265.784
258.552
243.492
236.933
230.56
224.433
218.528
212.918
201.459
196.55
191.864
187.327
183.044
178.756
170.397
166.738
163.226
159.839
156.552
153.438
147.063
144.201
141.483
138.824
136.268
133.794
128.706
126.439
124.268
122.135
120.06
118.018
113.851
111.971
110.145
108.356
106.612
104.909
101.392
99.8042
98.2409
96.7186
95.2314
93.7613
90.7109
89.3315
87.9764
86.6442
85.3354
84.0492
81.3631
80.144
78.9444
77.7642
76.6006
75.4598
73.0702
71.9843
70.9181
69.8742
68.8489
67.8396
65.7406
64.797
63.8749
62.9776
62.1005
61.2454
59.484
58.708
57.9484
57.213
56.4976
55.7973
54.359
53.7168
53.0874
52.4698
51.8671
51.2681
50.0417
49.4799
48.9292
48.3848
47.8482
47.32
46.2066
45.6977
45.1909
44.6945
44.2037
43.7166
42.6852
42.2173
41.7498
41.2816
40.8317
40.3783
39.4217
38.9827
38.542
38.1085
37.6802
37.259
36.3618
35.9503
35.5406
35.1381
34.7357
34.3366
33.4923
33.0953
32.7157
32.3332
31.9584
31.5825
30.7829
30.4168
30.0492
29.6904
29.3314
28.9765
28.2261
27.8803
27.5375
27.196
26.8584
26.5257
25.8173
25.4927
25.173
24.8573
24.5447
24.2369
23.5914
23.3026
23.0154
22.7309
22.4561
22.1855
21.6321
21.3783
21.1363
20.8994
20.6613
20.4403
19.9704
19.7591
19.5499
19.3459
19.1452
18.9461
18.5315
18.3418
18.1543
17.9669
17.785
17.6028
17.2185
17.0418
16.8658
16.693
16.5197
16.3505
15.9851
15.8206
15.6553
15.4915
15.3291
15.1676
14.8255
14.6668
14.5094
14.3534
14.1999
14.0468
13.7229
13.5728
13.4239
13.2777
13.1312
12.9852
12.6765
12.533
12.3916
12.2511
12.1137
11.9755
11.6805
11.5456
11.4094
11.2764
11.1436
11.0126
10.7336
10.6051
10.4777
10.3501
10.225
10.101
9.83688
9.71526
9.59585
9.47796
9.36072
9.24546
9.00525
8.8954
8.78658
8.68085
8.57726
8.4755
8.26684
8.17126
8.07959
7.98943
7.90202
7.81591
7.63633
7.55511
7.47589
7.39704
7.31975
7.24299
7.0824
7.00891
6.93613
6.86234
6.79187
6.72097
6.57125
6.50314
6.43386
6.36544
6.29784
6.2315
6.09016
6.02468
5.95996
5.89527
5.83119
5.76611
5.6317
5.56979
5.50803
5.44647
5.38535
5.32455
5.1959
5.13635
5.07704
5.01847
4.96013
4.90183
4.77864
4.7218
4.66511
4.60914
4.55296
4.49743
4.37932
4.32471
4.26993
4.21601
4.16215
4.10959
3.99591
3.9437
3.89191
3.83994
3.78892
3.73789
3.63007
3.5803
3.53068
3.48139
3.43203
3.38289
3.27656
3.22545
3.17175
3.11709
3.03265
2.93791
2.73716
2.64913
2.56487
2.48476
2.40876
2.33662
2.19282
2.13081
2.07174
2.01529
1.9616
1.90991
1.80573
1.76015
1.71666
1.67511
1.6348
1.59546
1.51619
1.48118
1.44746
1.41503
1.3839
1.35351
1.29112
1.26336
1.23644
1.21055
1.18549
1.16102
1.11033
1.08751
1.06505
1.04322
1.02199
1.00139
0.959089
0.940197
0.921814
0.904003
0.886661
0.870169
