-2.1371
-2.41749
-2.7323
-3.10049
-3.53786
-4.03896
-4.59315
-5.19928
-5.86453
-6.60736
-7.46768
-8.49895
-9.71264
-11.0783
-12.5813
-14.2328
-16.0677
-18.1666
-20.6751
-23.6983
-27.1901
-31.0918
-35.4244
-40.2844
-45.8834
-52.6516
-61.1566
-71.6862
-84.4376
-100.097
-120.168
-147.566
-187.633
-246.841
-315.554
-333.991
-226.385
-6.96606
212.526
320.707
304.149
238.828
182.568
143.66
116.563
96.4904
80.8301
68.3007
58.397
50.6411
44.3091
38.8674
34.0501
29.7328
25.8817
22.5522
19.7927
17.4853
15.4694
13.6554
12.0038
10.5022
9.16537
8.02554
7.07031
6.24147
5.49535
4.81187
4.18386
3.61661
2.92666
2.0518
1.53143
1.18279
0.933487
-2.13801
-2.4165
-2.41849
-2.73116
-2.73345
-3.09914
-3.10186
-3.53627
-3.53946
-4.03717
-4.04075
-4.59119
-4.59511
-5.19713
-5.20142
-5.86217
-5.8669
-6.60468
-6.61005
-7.46451
-7.47086
-8.49514
-8.50277
-9.70826
-9.71701
-11.0734
-11.0832
-12.576
-12.5866
-14.2269
-14.2387
-16.0611
-16.0743
-18.1589
-18.1743
-20.6657
-20.6844
-23.6872
-23.7093
-27.1776
-27.2026
-31.0779
-31.1057
-35.4089
-35.4399
-40.2669
-40.3019
-45.8628
-45.904
-52.6262
-52.6771
-61.1244
-61.1888
-71.647
-71.7254
-84.3902
-84.4851
-100.038
-100.157
-120.09
-120.245
-147.455
-147.677
-187.466
-187.799
-246.608
-247.075
-315.348
-315.761
-334.108
-333.873
-226.989
-225.78
-7.78402
-6.14815
211.94
213.11
320.578
320.834
304.342
303.955
239.051
238.606
182.728
182.409
143.768
143.552
116.641
116.485
96.5499
96.4309
80.8773
80.7829
68.3385
68.263
58.4264
58.3676
50.6645
50.6177
44.3288
44.2894
38.8846
38.8501
34.0655
34.0347
29.7466
29.719
25.8939
25.8695
22.5625
22.5419
19.8012
19.7842
17.4926
17.4781
15.4759
15.463
13.6612
13.6495
12.0092
11.9985
10.5071
10.4974
9.16957
9.16117
8.02905
8.02202
7.07329
7.06732
6.24412
6.23882
5.49776
5.49294
4.81409
4.80965
4.18589
4.18183
3.6184
3.61481
2.93065
2.92267
2.05402
2.04959
1.53286
1.53
1.18375
1.18183
0.93421
-2.14616
-2.40753
-2.4275
-2.7209
-2.74376
-3.08694
-3.11416
-3.52194
-3.55385
-4.0211
-4.05689
-4.57356
-4.6128
-5.17787
-5.22075
-5.84092
-5.88826
-6.58062
-6.63424
-7.43604
-7.49952
-8.46091
-8.53721
-9.66892
-9.75652
-11.0298
-11.1269
-12.5281
-12.6346
-14.1742
-14.2917
-16.0019
-16.1337
-18.0898
-18.2439
-20.5818
-20.7687
-23.5877
-23.8093
-27.065
-27.3155
-30.953
-31.231
-35.27
-35.5795
-40.1095
-40.4598
-45.6781
-46.09
-52.3975
-52.9076
-60.8362
-61.4792
-71.2957
-72.0792
-83.9647
-84.9137
-99.5073
-100.692
-119.392
-120.952
-146.467
-148.681
-185.998
-189.311
-244.516
-249.176
-313.471
-317.492
-335.097
-332.772
-232.302
-220.292
-15.1484
1.17379
206.732
218.385
319.409
321.907
306.071
302.2
241.054
236.615
184.175
180.99
144.749
142.587
117.345
115.789
97.0872
95.8973
81.3043
80.3594
68.68
67.9247
58.6925
58.1039
50.8761
50.4077
44.5068
44.1123
39.0403
38.6952
34.2045
33.8963
29.8714
29.5945
26.004
25.7599
22.6554
22.4495
19.8776
19.7083
17.5579
17.4131
15.5341
15.405
13.714
13.597
12.0573
11.9506
10.5505
10.4541
9.20749
9.1234
8.06079
7.99049
7.10024
7.04053
6.26799
6.21505
5.5195
5.47127
4.83408
4.78971
4.2042
4.16359
3.6346
3.59871
2.96695
2.88723
2.07413
2.02985
1.54581
1.51722
1.1925
1.17324
0.940757
-2.17336
-2.21313
-2.25341
-2.29434
-2.33585
-2.37802
-2.4576
-2.5018
-2.54675
-2.59266
-2.63946
-2.68722
-2.77835
-2.82936
-2.8817
-2.93537
-2.99044
-3.047
-3.15539
-3.21619
-3.27863
-3.34261
-3.40799
-3.47486
-3.60204
-3.67279
-3.74479
-3.81811
-3.89254
-3.96813
-4.11076
-4.1895
-4.26934
-4.35039
-4.43239
-4.51544
-4.67179
-4.75797
-4.84532
-4.93387
-5.0235
-5.11434
-5.28526
-5.37961
-5.4753
-5.57253
-5.67102
-5.77092
-5.95958
-6.06414
-6.17044
-6.27888
-6.38915
-6.50154
-6.71528
-6.83473
-6.95691
-7.08222
-7.21088
-7.34259
-7.59569
-7.73812
-7.8845
-8.03533
-8.18995
-8.34866
-8.65263
-8.82239
-8.99632
-9.17403
-9.35506
-9.53941
-9.88855
-10.082
-10.2785
-10.4783
-10.6807
-10.886
-11.273
-11.4864
-11.7029
-11.9226
-12.145
-12.3705
-12.7948
-13.0292
-13.2668
-13.508
-13.7524
-14.0004
-14.4685
-14.7272
-14.9903
-15.2582
-15.5306
-15.8074
-16.3328
-16.6255
-16.9243
-17.2301
-17.543
-17.8635
-18.4775
-18.823
-19.1777
-19.5439
-19.9201
-20.3071
-21.0523
-21.4721
-21.9029
-22.3452
-22.7978
-23.2612
-24.1439
-24.6355
-25.1366
-25.6474
-26.1665
-26.6945
-27.6925
-28.2449
-28.8062
-29.3763
-29.9543
-30.5417
-31.6492
-32.2626
-32.885
-33.5174
-34.1601
-34.8128
-36.0457
-36.7298
-37.4265
-38.1358
-38.8573
-39.5925
-40.9893
-41.7683
-42.5659
-43.3818
-44.2168
-45.073
-46.7152
-47.6413
-48.5952
-49.5819
-50.5978
-51.6504
-53.6847
-54.8432
-56.0429
-57.2836
-58.5667
-59.8931
-62.454
-63.9036
-65.3978
-66.9364
-68.5182
-70.1452
-73.2674
-75.027
-76.8359
-78.6942
-80.6058
-82.5729
-86.3536
-88.4957
-90.7054
-92.982
-95.3377
-97.7747
-102.503
-105.201
-108.002
-110.916
-113.949
-117.119
-123.345
-126.947
-130.716
-134.698
-138.878
-143.282
-152.085
-157.249
-162.697
-168.532
-174.692
-181.215
-194.417
-202.147
-210.366
-219.093
-228.212
-237.709
-256.173
-266.522
-276.891
-287.292
-297.425
-307.118
-322.809
-329.637
-334.768
-338.093
-339.084
-337.59
-327.929
-318.312
-305.701
-290.405
-271.049
-249.117
-201.486
-172.365
-140.975
-108.387
-74.3197
-39.5729
25.6843
60.4945
94.4958
127.327
158.347
187.768
235.248
257.013
276.019
291.767
304.542
314.546
324.761
326.48
325.505
322.552
317.69
311.271
296.239
287.016
277.481
267.587
257.611
247.755
230.239
221.194
212.56
204.34
196.498
189.082
176.406
170.074
164.113
158.469
153.131
148.086
139.454
135.114
130.986
127.062
123.306
119.73
113.523
110.357
107.32
104.404
101.599
98.8949
94.1612
91.7201
89.3629
87.0826
84.8766
82.7412
78.9755
77.0267
75.1398
73.3116
71.542
69.8306
66.8186
65.2669
63.7698
62.3264
60.9336
59.5911
57.2428
56.0326
54.8642
53.7346
52.6444
51.5888
49.7204
48.7484
47.8021
46.8806
45.9814
45.1033
43.5312
42.7058
41.8969
41.1035
40.3248
39.5606
38.1854
37.4584
36.7437
36.0408
35.3493
34.6685
33.4407
32.7902
32.1499
31.5191
30.8983
30.2877
29.1859
28.6028
28.0299
27.4668
26.9144
26.3724
25.3999
24.8893
24.3906
23.9035
23.429
22.9674
22.1474
21.7214
21.3075
20.9053
20.5145
20.1344
19.4593
19.107
18.7633
18.4268
18.0983
17.7768
17.1993
16.8951
16.5961
16.3019
16.0128
15.7283
15.2141
14.9417
14.6734
14.4085
14.1474
13.89
13.4238
13.1761
12.9317
12.6904
12.4526
12.2179
11.7926
11.567
11.3445
11.1247
10.9086
10.6958
10.3116
10.1087
9.90943
9.71367
9.52213
9.33463
8.99954
8.82428
8.65353
8.48686
8.32492
8.16727
7.8871
7.74067
7.59815
7.45898
7.32326
7.19046
6.95238
6.82715
6.70423
6.58334
6.46459
6.34776
6.13669
6.0248
5.91438
5.80538
5.69801
5.59203
5.39981
5.29755
5.19658
5.09669
4.99813
4.90076
4.72397
4.62996
4.53706
4.4452
4.35473
4.26533
4.1035
4.01774
3.93334
3.85026
3.7688
3.68888
3.54585
3.47105
3.39841
3.32762
3.25913
3.09241
2.77475
2.62508
2.48872
2.36366
2.24897
2.14312
1.96666
1.88097
1.8011
1.72567
1.65506
1.58921
1.47585
1.42073
1.36735
1.31624
1.26789
1.22236
1.14522
1.10533
1.06746
1.03111
0.996288
0.962947
