-2.47941
-2.73323
-3.02433
-3.36927
-3.76292
-4.19192
-4.6515
-5.14283
-5.66918
-6.23668
-6.85961
-7.57413
-8.42773
-9.41705
-10.5041
-11.6748
-12.929
-14.2762
-15.7313
-17.3289
-19.1555
-21.3471
-23.929
-26.8021
-29.9195
-33.2841
-36.9336
-40.9196
-45.3561
-50.5012
-56.8181
-64.5596
-73.5972
-83.9998
-96.1416
-110.707
-128.886
-152.775
-186.357
-235.606
-300.288
-353.968
-334.807
-209.124
-6.89306
195.282
320.658
339.664
288.888
227.823
181.74
149.157
125.45
107.204
92.5354
80.2992
69.9325
61.2999
54.3987
48.7757
43.9146
39.5519
35.5769
31.9174
28.5384
25.4402
22.6901
20.3825
18.4469
16.7331
15.1651
13.7095
12.3549
11.0887
9.91518
8.85604
7.94995
7.18517
6.50728
5.88329
5.30067
4.75312
4.2379
3.75377
3.30244
2.56674
1.95544
1.54521
1.25238
1.02926
-2.48042
-2.73211
-2.73436
-3.02301
-3.02565
-3.36771
-3.37082
-3.7612
-3.76464
-4.19007
-4.19378
-4.64952
-4.65348
-5.14071
-5.14495
-5.6669
-5.67146
-6.23421
-6.23915
-6.85686
-6.86235
-7.57089
-7.57736
-8.42386
-8.4316
-9.41271
-9.42139
-10.4994
-10.5088
-11.6698
-11.6799
-12.9236
-12.9344
-14.2704
-14.282
-15.7249
-15.7376
-17.3218
-17.3359
-19.1472
-19.1638
-21.3371
-21.3571
-23.9176
-23.9405
-26.7896
-26.8146
-29.906
-29.933
-33.2696
-33.2987
-36.9177
-36.9494
-40.9022
-40.9371
-45.3364
-45.3759
-50.4777
-50.5247
-56.7888
-56.8474
-64.5246
-64.5946
-73.5569
-73.6376
-83.9532
-84.0464
-96.0864
-96.1969
-110.64
-110.775
-128.801
-128.972
-152.66
-152.891
-186.189
-186.524
-235.364
-235.848
-300.01
-300.567
-353.852
-354.083
-335.099
-334.514
-209.86
-208.385
-7.79113
-5.99499
194.551
196.011
320.363
320.952
339.769
339.56
289.151
288.626
228.048
227.598
181.899
181.581
149.271
149.043
125.535
125.364
107.271
107.137
92.5908
92.4801
80.346
80.2525
69.9721
69.8929
61.3323
61.2676
54.4242
54.3731
48.7973
48.7541
43.9337
43.8955
39.5692
39.5345
35.5927
35.561
31.9321
31.9027
28.5518
28.5249
25.4525
25.4279
22.7007
22.6795
20.3912
20.3738
18.4545
18.4394
16.7399
16.7263
15.1713
15.1588
13.7153
13.7036
12.3603
12.3495
11.0938
11.0836
9.91984
9.91052
8.86015
8.85194
7.9534
7.9465
7.18814
7.1822
6.50998
6.50458
5.8858
5.88079
5.30302
5.29832
4.75533
4.75091
4.23998
4.23582
3.75572
3.75182
3.30426
3.30062
2.56992
2.56357
1.95749
1.9534
1.54664
1.54378
1.25344
1.25133
1.03008
-2.48846
-2.72316
-2.7434
-3.01251
-3.03623
-3.35531
-3.3833
-3.74746
-3.77842
-4.17527
-4.20861
-4.63369
-4.66936
-5.12379
-5.16191
-5.64874
-5.68969
-6.2145
-6.25892
-6.83497
-6.88436
-7.54505
-7.60339
-8.39299
-8.46263
-9.37799
-9.45613
-10.4617
-10.5466
-11.6295
-11.7203
-12.8803
-12.9779
-14.2239
-14.3287
-15.6745
-15.7882
-17.2655
-17.3928
-19.081
-19.2305
-21.2576
-21.4374
-23.8263
-24.0323
-26.6899
-26.9146
-29.7981
-30.0413
-33.1532
-33.4155
-36.7912
-37.0764
-40.763
-41.077
-45.1792
-45.534
-50.2905
-50.7134
-56.5558
-57.0832
-64.2454
-64.8748
-73.2351
-73.9613
-83.5814
-84.4203
-95.6475
-96.6406
-110.105
-111.318
-128.119
-129.661
-151.743
-153.82
-184.861
-187.876
-233.437
-237.797
-297.788
-302.807
-352.881
-354.955
-337.377
-332.04
-215.682
-202.434
-14.9758
1.18946
188.624
201.767
317.923
323.244
340.623
338.689
291.234
286.46
229.857
225.806
183.184
180.317
150.19
148.136
126.224
124.684
107.819
106.602
93.0339
92.0382
80.7216
79.8799
70.2898
69.577
61.5926
61.0102
54.6298
54.1695
48.9704
48.5818
44.0866
43.7428
39.7085
39.3959
35.7196
35.4345
32.0498
31.7853
28.6598
28.4173
25.5511
25.3298
22.7856
22.5952
20.4613
20.3042
18.5148
18.3791
16.7943
16.6721
15.2217
15.1085
13.7622
13.657
12.4038
12.3061
11.1346
11.0429
9.9572
9.87326
8.89309
8.81922
7.9811
7.91901
7.21206
7.15847
6.53162
6.483
5.90587
5.86079
5.32186
5.27953
4.77304
4.73325
4.25663
4.21918
3.77131
3.73628
3.31882
3.28608
2.59553
2.53841
1.97397
1.93715
1.55818
1.5324
1.26193
1.24294
1.03668
-2.51334
-2.5487
-2.5846
-2.62109
-2.6582
-2.69596
-2.77128
-2.81107
-2.852
-2.89367
-2.93652
-2.98047
-3.06903
-3.11651
-3.16499
-3.21478
-3.26562
-3.31775
-3.42182
-3.47691
-3.53282
-3.58954
-3.64716
-3.70564
-3.82093
-3.88144
-3.94255
-4.00444
-4.06694
-4.13004
-4.25438
-4.31927
-4.38497
-4.45118
-4.51812
-4.58546
-4.71834
-4.7876
-4.85788
-4.92854
-4.9999
-5.07212
-5.21417
-5.28838
-5.36346
-5.43933
-5.51585
-5.59331
-5.74584
-5.82562
-5.90644
-5.9882
-6.07081
-6.15447
-6.31997
-6.40694
-6.49514
-6.58462
-6.67556
-6.76824
-6.95283
-7.05109
-7.15118
-7.25367
-7.3585
-7.46691
-7.68436
-7.80069
-7.92067
-8.04372
-8.16983
-8.29904
-8.55875
-8.69632
-8.83672
-8.98002
-9.12489
-9.27197
-9.56349
-9.71645
-9.87144
-10.0283
-10.1867
-10.3469
-10.6632
-10.8284
-10.9953
-11.1641
-11.3343
-11.5064
-11.8447
-12.0221
-12.2008
-12.3818
-12.564
-12.7483
-13.1116
-13.3014
-13.4935
-13.6875
-13.8835
-14.0818
-14.4726
-14.6772
-14.8844
-15.0939
-15.3057
-15.5205
-15.9448
-16.1678
-16.3943
-16.624
-16.8567
-17.0945
-17.5679
-17.8174
-18.0737
-18.3358
-18.6046
-18.8802
-19.4368
-19.7354
-20.0413
-20.3577
-20.6825
-21.0159
-21.687
-22.0443
-22.4106
-22.7836
-23.163
-23.549
-24.3159
-24.7183
-25.1274
-25.5415
-25.9606
-26.3856
-27.2234
-27.663
-28.1073
-28.5562
-29.0103
-29.4693
-30.3739
-30.8471
-31.3279
-31.8118
-32.303
-32.7985
-33.7759
-34.2899
-34.81
-35.3361
-35.8669
-36.4054
-37.4683
-38.0264
-38.5929
-39.1666
-39.7483
-40.3388
-41.509
-42.1257
-42.7536
-43.3924
-44.0415
-44.7024
-46.0236
-46.7276
-47.4475
-48.1882
-48.946
-49.7245
-51.3056
-52.1572
-53.0377
-53.9434
-54.8814
-55.851
-57.8148
-58.8737
-59.9619
-61.0777
-62.2216
-63.3961
-65.7436
-66.9949
-68.2701
-69.5724
-70.9002
-72.2571
-74.9634
-76.3986
-77.8697
-79.3655
-80.894
-82.4539
-85.5793
-87.2442
-88.9482
-90.7007
-92.4902
-94.3195
-98.0109
-99.9893
-102.022
-104.117
-106.273
-108.491
-113.001
-115.432
-117.95
-120.551
-123.264
-126.072
-131.808
-134.965
-138.238
-141.667
-145.223
-148.982
-156.772
-161.095
-165.624
-170.434
-175.493
-180.864
-192.152
-198.501
-205.182
-212.26
-219.742
-227.617
-243.889
-252.851
-262.002
-271.511
-281.119
-290.902
-309.692
-319.056
-327.836
-335.925
-343.234
-349.377
-357.11
-358.456
-358.056
-355.441
-350.812
-343.754
-323.589
-309.771
-293.702
-275.45
-255.162
-232.752
-183.78
-156.545
-127.795
-98.1244
-67.815
-36.9927
23.2129
54.0095
84.3824
113.985
142.645
169.937
218.731
241.278
261.722
280.067
296.047
309.66
329.603
336.585
341.155
343.407
344.099
342.764
335.34
329.355
322.501
314.669
306.342
297.584
279.718
270.439
261.398
252.512
243.858
235.543
220.414
213.123
206.191
199.522
193.218
187.242
176.463
171.322
166.419
161.763
157.338
153.093
145.412
141.715
138.171
134.772
131.506
128.381
122.631
119.821
117.12
114.499
111.972
109.517
104.976
102.743
100.568
98.4604
96.4137
94.4112
90.6929
88.8425
87.0359
85.2848
83.5614
81.8871
78.7461
77.1809
75.6524
74.16
72.7057
71.2831
68.6195
67.3014
66.0189
64.7761
63.573
62.4001
60.2333
59.1754
58.1503
57.1597
56.2004
55.2714
53.5513
52.7009
51.8735
51.0665
50.2762
49.5075
48.0584
47.3331
46.6208
45.921
45.2339
44.5593
43.2782
42.6315
41.9937
41.3662
40.7479
40.1375
38.974
38.3865
37.8077
37.2347
36.6691
36.1111
35.047
34.5075
33.9745
33.4472
32.9261
32.4124
31.4287
30.9307
30.4378
29.9513
29.4705
28.9946
28.0884
27.6299
27.1766
26.7294
26.2894
25.8553
25.0313
24.6178
24.2127
23.816
23.4275
23.0498
22.3403
21.988
21.6477
21.3159
20.9927
20.6785
20.0932
19.8027
19.5189
19.2412
18.968
18.7009
18.1958
17.9417
17.6917
17.4452
17.2022
16.9626
16.5065
16.2754
16.0469
15.821
15.5975
15.3769
14.9549
14.7413
14.5294
14.32
14.1117
13.9066
13.5147
13.3156
13.1189
12.9234
12.7304
12.5388
12.1727
11.986
11.8019
11.6194
11.4388
11.2603
10.9188
10.7457
10.5747
10.4053
10.2378
10.0729
9.75942
9.60061
9.44508
9.29211
9.14201
8.99513
8.71941
8.58228
8.44811
8.31782
8.19101
8.06721
7.83576
7.7209
7.609
7.49911
7.39183
7.28638
7.08614
6.98549
6.88694
6.78974
6.69355
6.59839
6.41725
6.32555
6.23492
6.14497
6.05568
5.96772
5.79949
5.7138
5.62922
5.54524
5.46209
5.37984
5.22213
5.14186
5.06248
4.98353
4.90522
4.82763
4.67924
4.60372
4.52883
4.45465
4.38098
4.30801
4.16833
4.09723
4.02682
3.95704
3.88793
3.81947
3.68869
3.62233
3.55659
3.49152
3.42734
3.36392
3.24153
3.18191
3.06182
2.9254
2.79726
2.67687
2.46358
2.36425
2.27111
2.1837
2.1021
2.02572
1.88849
1.82296
1.7611
1.70292
1.64728
1.5944
1.49831
1.45236
1.40899
1.36737
1.32714
1.28848
1.21771
1.18344
1.15049
1.11834
1.08727
1.05732
