-2.12498
-2.31138
-2.50973
-2.72483
-2.96583
-3.24435
-3.5611
-3.90674
-4.2758
-4.66637
-5.07958
-5.5173
-5.98273
-6.48181
-7.02786
-7.64774
-8.36993
-9.19087
-10.0863
-11.0429
-12.0577
-13.1332
-14.2762
-15.4959
-16.8103
-18.2609
-19.928
-21.8821
-24.1014
-26.5222
-29.1179
-31.8853
-34.8446
-38.0163
-41.4464
-45.2086
-49.4642
-54.4868
-60.5164
-67.5224
-75.436
-84.3501
-94.5096
-106.313
-120.374
-137.739
-160.051
-190.199
-232.003
-285.521
-338.741
-357.573
-306.772
-180.731
-6.89306
166.86
293.087
342.873
325.194
274.605
224.47
185.399
156.327
134.269
116.943
102.783
90.8865
80.651
71.751
64.0696
57.6507
52.3545
47.8166
43.7714
40.0754
36.6589
33.4819
30.5117
27.7371
25.1651
22.8498
20.8499
19.1405
17.6215
16.2299
14.9303
13.7095
12.5607
11.4746
10.4531
9.50193
8.64372
7.89848
7.25282
6.67117
6.13151
5.62362
5.14337
4.687
4.2535
3.84208
3.45385
2.99281
2.32485
1.86641
1.53453
1.28459
1.08674
0.926143
0.79696
-2.12588
-2.31043
-2.31233
-2.50871
-2.51074
-2.72371
-2.72594
-2.96454
-2.96711
-3.24287
-3.24582
-3.55946
-3.56274
-3.90497
-3.9085
-4.27393
-4.27767
-4.66439
-4.66836
-5.07748
-5.08168
-5.51507
-5.51952
-5.98035
-5.98511
-6.47925
-6.48437
-7.025
-7.03072
-7.64444
-7.65104
-8.3661
-8.37377
-9.18661
-9.19513
-10.0817
-10.0909
-11.0381
-11.0478
-12.0525
-12.0628
-13.1277
-13.1387
-14.2704
-14.282
-15.4896
-15.5021
-16.8035
-16.8171
-18.2533
-18.2685
-19.9192
-19.9369
-21.8717
-21.8924
-24.0898
-24.1129
-26.5098
-26.5346
-29.1046
-29.1312
-31.8712
-31.8994
-34.8295
-34.8598
-38
-38.0325
-41.4288
-41.4641
-45.189
-45.2283
-49.4416
-49.4868
-54.4596
-54.5141
-60.4841
-60.5487
-67.4856
-67.5593
-75.3946
-75.4774
-84.3032
-84.3969
-94.4558
-94.5634
-106.249
-106.377
-120.296
-120.451
-137.643
-137.834
-159.925
-160.178
-190.025
-190.374
-231.764
-232.242
-285.238
-285.805
-338.525
-338.955
-357.632
-357.512
-307.214
-306.328
-181.494
-179.967
-7.79113
-5.99499
166.08
167.639
292.643
293.524
342.808
342.936
325.4
324.987
274.873
274.337
224.692
224.248
185.565
185.234
156.451
156.203
134.365
134.173
117.02
116.866
102.847
102.719
90.9412
90.8317
80.6981
80.604
71.792
71.71
64.1043
64.0349
57.6793
57.6221
52.3785
52.3305
47.8377
47.7956
43.7905
43.7524
40.0929
40.0579
36.6752
36.6427
33.4971
33.4668
30.5259
30.4975
27.7504
27.7239
25.1773
25.153
22.8605
22.8391
20.859
20.8408
19.1484
19.1325
17.6287
17.6144
16.2365
16.2232
14.9365
14.924
13.7153
13.7036
12.5662
12.5551
11.4798
11.4694
10.458
10.4482
9.50643
9.49744
8.64768
8.63976
7.90189
7.89507
7.25585
7.24978
6.67393
6.66841
6.1341
6.12893
5.62606
5.62118
5.14567
5.14106
4.68919
4.68482
4.25559
4.25142
3.84406
3.84011
3.45571
3.45199
2.99681
2.98881
2.32756
2.32214
1.86832
1.8645
1.53594
1.53311
1.28569
1.2835
1.08762
1.08586
0.926852
0.925435
0.797555
-2.1326
-2.30334
-2.31943
-2.50109
-2.51838
-2.71537
-2.73436
-2.95497
-2.97669
-3.23186
-3.25689
-3.54718
-3.57506
-3.89174
-3.92178
-4.25989
-4.29176
-4.64952
-4.68332
-5.06174
-5.09745
-5.49839
-5.53626
-5.96257
-6.00296
-6.46008
-6.50362
-7.00361
-7.05224
-7.61976
-7.67588
-8.33738
-8.40262
-9.15477
-9.22716
-10.0474
-10.1253
-11.0016
-11.0843
-12.0139
-12.1015
-13.0867
-13.1798
-14.2268
-14.3257
-15.4429
-15.549
-16.7528
-16.868
-18.1963
-18.3259
-19.8529
-20.0037
-21.7943
-21.9703
-24.0036
-24.1995
-26.4171
-26.6277
-29.0053
-29.2306
-31.7656
-32.0055
-34.7163
-34.9733
-37.8785
-38.1546
-41.2966
-41.5968
-45.0423
-45.3759
-49.2726
-49.657
-54.2568
-54.7193
-60.2427
-60.7918
-67.2102
-67.836
-75.0852
-75.7884
-83.9532
-84.749
-94.054
-94.9681
-105.772
-106.853
-119.727
-121.035
-136.928
-138.556
-158.983
-161.143
-188.73
-191.696
-229.979
-234.037
-283.127
-287.93
-336.878
-340.536
-358.004
-356.985
-310.468
-302.933
-187.277
-174.183
-14.5268
0.74044
160.195
173.444
289.243
296.734
342.397
343.347
326.915
323.41
276.89
272.333
226.364
222.593
186.815
183.999
157.385
155.28
135.092
133.458
117.597
116.29
103.325
102.242
91.3526
90.4224
81.052
80.2525
72.1004
71.4036
64.3659
63.7755
57.8953
57.4085
52.5589
52.1512
47.9958
47.6383
43.9337
43.6094
40.2245
39.9267
36.7973
36.521
33.6112
33.3532
30.6324
30.3913
27.8496
27.625
25.2687
25.062
22.9412
22.759
20.9275
20.7727
19.2078
19.0734
17.6824
17.5609
16.2864
16.1735
14.9834
14.8777
13.7593
13.6599
12.6078
12.5136
11.5189
11.4305
10.4947
10.4116
9.54019
9.46384
8.6775
8.61018
7.92759
7.8696
7.27865
7.22708
6.69466
6.64771
6.15351
6.10955
5.64434
5.60294
5.16301
5.12377
4.70568
4.66843
4.27123
4.23582
3.85892
3.82529
3.46968
3.43812
3.02681
2.95923
2.34807
2.30198
1.88276
1.85028
1.54664
1.52256
1.29393
1.27535
1.09427
1.07928
0.932197
0.920148
0.802031
-2.15158
-2.17754
-2.20368
-2.2301
-2.25667
-2.28348
-2.33953
-2.36706
-2.39484
-2.42294
-2.45123
-2.47982
-2.53996
-2.56952
-2.59953
-2.62993
-2.66079
-2.69206
-2.75824
-2.79093
-2.8244
-2.85842
-2.893
-2.92844
-3.00413
-3.04187
-3.08042
-3.11998
-3.16009
-3.20114
-3.28849
-3.33192
-3.37612
-3.42111
-3.46664
-3.51281
-3.60993
-3.65794
-3.7064
-3.75536
-3.80479
-3.85466
-3.95931
-4.01064
-4.0624
-4.11472
-4.16742
-4.22051
-4.33155
-4.38602
-4.4408
-4.49619
-4.55184
-4.60792
-4.72543
-4.78286
-4.84098
-4.89949
-4.9583
-5.01767
-5.14198
-5.20286
-5.26429
-5.32626
-5.38871
-5.45167
-5.58353
-5.64817
-5.71345
-5.77933
-5.84573
-5.91279
-6.0534
-6.12243
-6.19218
-6.26288
-6.33424
-6.40644
-6.5581
-6.63298
-6.70895
-6.7863
-6.86441
-6.94399
-7.11304
-7.19698
-7.28252
-7.37006
-7.45995
-7.55117
-7.74649
-7.84409
-7.94428
-8.0466
-8.151
-8.25745
-8.48443
-8.59721
-8.71162
-8.82812
-8.9465
-9.06611
-9.31784
-9.44201
-9.56723
-9.6942
-9.82213
-9.95145
-10.2224
-10.3553
-10.4895
-10.6254
-10.7619
-10.8995
-11.1877
-11.3289
-11.4712
-11.6149
-11.7595
-11.9054
-12.2107
-12.3605
-12.5114
-12.6636
-12.817
-12.9719
-13.2959
-13.4548
-13.6149
-13.7769
-13.94
-14.1045
-14.4494
-14.6187
-14.7895
-14.9623
-15.1363
-15.3122
-15.6814
-15.8629
-16.0467
-16.2329
-16.4211
-16.6113
-17.0127
-17.2113
-17.4134
-17.6185
-17.8258
-18.0379
-18.4891
-18.7143
-18.9446
-19.1813
-19.4215
-19.6683
-20.1945
-20.4599
-20.7307
-21.0076
-21.2898
-21.5785
-22.1916
-22.4968
-22.8064
-23.1215
-23.4403
-23.7626
-24.4441
-24.7788
-25.1178
-25.4608
-25.8072
-26.157
-26.8908
-27.2513
-27.6156
-27.9831
-28.3538
-28.7279
-29.511
-29.8958
-30.2837
-30.6751
-31.0703
-31.4703
-32.306
-32.7166
-33.1302
-33.5485
-33.9718
-34.3991
-35.2948
-35.7338
-36.1781
-36.627
-37.0804
-37.5386
-38.5003
-38.9742
-39.4535
-39.9389
-40.4299
-40.9269
-41.9725
-42.4901
-43.0145
-43.5472
-44.0865
-44.6341
-45.7942
-46.3726
-46.9603
-47.5611
-48.1765
-48.8038
-50.1412
-50.8143
-51.5101
-52.2186
-52.9486
-53.695
-55.3048
-56.1162
-56.9478
-57.8011
-58.6759
-59.5722
-61.4807
-62.4357
-63.4118
-64.4052
-65.4124
-66.4412
-68.6203
-69.7042
-70.8049
-71.9265
-73.0647
-74.2219
-76.6709
-77.8928
-79.1313
-80.3914
-81.6738
-82.9773
-85.7483
-87.1286
-88.5361
-89.9736
-91.4449
-92.9375
-96.1187
-97.7136
-99.342
-101.006
-102.717
-104.464
-108.207
-110.089
-112.028
-114.015
-116.053
-118.15
-122.687
-124.983
-127.354
-129.798
-132.315
-134.945
-140.646
-143.549
-146.554
-149.719
-152.977
-156.394
-163.88
-167.752
-171.827
-176.053
-180.508
-185.177
-195.506
-200.89
-206.524
-212.429
-218.609
-225.084
-239.168
-246.359
-253.855
-261.437
-269.269
-277.262
-293.925
-301.894
-309.937
-317.73
-325.121
-332.058
-344.718
-349.671
-353.606
-356.507
-358.143
-358.497
-354.907
-350.995
-345.397
-338.184
-329.469
-319.086
-292.761
-277.68
-261.318
-243.186
-224
-203.243
-157.389
-133.663
-109.252
-84.4178
-59.0402
-33.4436
19.6671
45.2245
70.6304
95.4669
119.847
143.487
189.435
209.996
229.298
247.399
263.968
279.131
305.229
315.403
324.052
331.233
336.77
340.625
343.992
343.877
342.149
339.34
335.622
330.775
318.744
312.085
305.055
297.807
290.394
282.612
266.777
259.319
251.972
244.785
237.846
231.129
218.046
212.075
206.346
200.785
195.465
190.411
180.618
176.126
171.862
167.761
163.831
160.063
152.712
149.356
146.141
143.041
140.041
137.155
131.487
128.895
126.361
123.919
121.545
119.242
114.7
112.594
110.536
108.54
106.585
104.69
100.917
99.1565
97.4418
95.7609
94.1115
92.5125
89.2952
87.7868
86.3091
84.8695
83.4432
82.0568
79.2747
77.9624
76.6784
75.4171
74.183
72.9748
70.5475
69.4099
68.2968
67.2091
66.1455
65.1082
63.0511
62.0928
61.1575
60.2475
59.3678
58.511
56.8148
56.0277
55.2594
54.5118
53.784
53.0717
51.6527
50.9869
50.3315
49.6924
49.0627
48.4443
47.1985
46.6098
46.0293
45.4569
44.8933
44.338
43.2117
42.6756
42.1452
41.623
41.1065
40.5965
39.5591
39.0646
38.5758
38.0938
37.6157
37.1422
36.1812
35.7236
35.2702
34.8191
34.374
33.9331
33.0354
32.6078
32.1837
31.7621
31.3464
30.9337
30.0942
29.6936
29.2976
28.9037
28.5148
28.1301
27.348
26.9748
26.6064
26.2426
25.8826
25.5277
24.8087
24.469
24.1352
23.8069
23.4847
23.1697
22.5367
22.2407
21.9504
21.668
21.3923
21.1221
20.5839
20.3324
20.086
19.8448
19.6081
19.376
18.9076
18.6872
18.4703
18.2548
18.0433
17.8344
17.4112
17.2102
17.0112
16.8141
16.6197
16.4271
16.0344
15.8473
15.6618
15.4777
15.2959
15.1154
14.7478
14.5718
14.3977
14.2248
14.0529
13.8833
13.5375
13.3725
13.2084
13.0458
12.8844
12.7249
12.3978
12.2422
12.0868
11.9327
11.7804
11.6293
11.3213
11.1742
11.0282
10.8834
10.7402
10.5983
10.3092
10.1714
10.0353
9.90074
9.76774
9.636
9.37001
9.24432
9.12055
8.99871
8.87969
8.76251
8.52764
8.41735
8.31005
8.20479
8.10162
8.00061
7.7988
7.70417
7.61158
7.5202
7.43072
7.34282
7.1641
7.0797
6.99631
6.91417
6.83311
6.75329
6.58979
6.512
6.43501
6.35866
6.28327
6.20831
6.05517
5.98217
5.90989
5.83805
5.76674
5.69587
5.55176
5.4828
5.41437
5.3464
5.27894
5.212
5.07534
5.00968
4.94478
4.87994
4.81581
4.75224
4.62236
4.55999
4.49835
4.43694
4.37599
4.31547
4.19201
4.1329
4.07414
4.01589
3.95815
3.90088
3.78381
3.72803
3.67257
3.61755
3.5631
3.50912
3.39903
3.34678
3.29444
3.24234
3.19224
3.11082
2.87911
2.77445
2.67535
2.58076
2.49147
2.40743
2.24679
2.17531
2.1078
2.04373
1.9828
1.9243
1.81113
1.76014
1.71175
1.66517
1.62038
1.57736
1.49349
1.45547
1.41912
1.38432
1.35038
1.31749
1.25281
1.22309
1.19442
1.16671
1.13964
1.11324
1.06103
1.03689
1.01349
0.99079
0.968803
0.947477
0.90552
0.886273
0.867983
0.849936
0.832193
0.814723
