-1.70304
-1.8357
-1.97366
-2.11641
-2.26581
-2.42105
-2.5839
-2.75775
-2.95338
-3.18122
-3.44241
-3.72277
-4.01838
-4.32409
-4.64413
-4.97901
-5.32644
-5.69023
-6.07056
-6.47009
-6.89451
-7.36679
-7.91939
-8.56406
-9.27056
-10.0174
-10.7959
-11.6095
-12.4616
-13.3492
-14.2775
-15.2506
-16.2756
-17.3611
-18.5484
-19.9379
-21.5826
-23.423
-25.3945
-27.4596
-29.6218
-31.9003
-34.2889
-36.802
-39.466
-42.2923
-45.3023
-48.633
-52.5302
-57.2341
-62.7415
-68.8479
-75.5128
-82.7963
-90.8682
-99.9305
-110.292
-122.328
-136.694
-154.367
-177.311
-208.712
-253.502
-312.758
-381.265
-427.277
-421.136
-340.678
-188.974
-6.86599
175.998
323.721
401.994
411.865
366.039
299.812
245.43
204.122
174.103
151.624
133.739
119.156
106.946
96.4416
87.2235
79.011
71.6182
65.0018
59.2989
54.6558
50.7339
47.2464
44.0254
41.0052
38.1687
35.492
32.9428
30.5272
28.2252
26.0288
23.9702
22.1079
20.5154
19.1738
17.9578
16.827
15.7417
14.7118
13.73
12.7862
11.8848
11.0203
10.1926
9.40333
8.67619
8.04278
7.50092
7.01951
6.56978
6.14047
5.72745
5.33297
4.95207
4.58596
4.23309
3.89253
3.56545
3.25376
2.76411
2.25117
1.88313
1.6041
1.38326
1.20413
1.05442
0.926363
0.819716
0.724083
0.638765
0.561942
-1.70384
-1.83489
-1.83652
-1.97281
-1.97451
-2.11553
-2.11729
-2.26488
-2.26673
-2.42011
-2.422
-2.58288
-2.58492
-2.75665
-2.75884
-2.95214
-2.95463
-3.17974
-3.18271
-3.44078
-3.44405
-3.72102
-3.72452
-4.01655
-4.02021
-4.3222
-4.32597
-4.64215
-4.64611
-4.97696
-4.98106
-5.32431
-5.32858
-5.68797
-5.69249
-6.06821
-6.07291
-6.46765
-6.47254
-6.89182
-6.89721
-7.36369
-7.3699
-7.91582
-7.92295
-8.55995
-8.56817
-9.26615
-9.27497
-10.0128
-10.0221
-10.7911
-10.8006
-11.6045
-11.6145
-12.4563
-12.4669
-13.3437
-13.3547
-14.2717
-14.2833
-15.2445
-15.2566
-16.2692
-16.282
-17.3543
-17.3679
-18.5406
-18.5561
-19.9287
-19.9471
-21.572
-21.5931
-23.4113
-23.4346
-25.3823
-25.4067
-27.4468
-27.4724
-29.6084
-29.6353
-31.8862
-31.9143
-34.2742
-34.3036
-36.7863
-36.8176
-39.4496
-39.4824
-42.2747
-42.3099
-45.2829
-45.3216
-48.6118
-48.6543
-52.5041
-52.5563
-57.2023
-57.266
-62.7062
-62.7767
-68.8094
-68.8865
-75.4709
-75.5547
-82.7498
-82.8427
-90.8167
-90.9198
-99.8723
-99.9888
-110.224
-110.359
-122.249
-122.407
-136.601
-136.788
-154.247
-154.486
-177.151
-177.471
-208.49
-208.936
-253.183
-253.82
-312.376
-313.141
-380.842
-381.688
-427.151
-427.399
-421.368
-420.899
-341.36
-339.993
-190.039
-187.928
-8.00499
-5.72693
174.966
177.029
323.058
324.384
401.739
402.248
411.964
411.764
366.462
365.616
300.187
299.437
245.712
245.149
204.331
203.913
174.257
173.949
151.741
151.507
133.839
133.641
119.237
119.076
107.015
106.878
96.5025
96.3807
87.276
87.1711
79.0581
78.9639
71.6603
71.5762
65.0391
64.9646
59.3303
59.2674
54.6806
54.6309
50.7561
50.7117
47.2664
47.2265
44.0441
44.0066
41.0228
40.9876
38.1852
38.1522
35.5078
35.4762
32.9578
32.9278
30.5415
30.5129
28.2387
28.2118
26.0418
26.0158
23.9824
23.9581
22.1183
22.0974
20.5242
20.5067
19.1816
19.1661
17.9648
17.9508
16.8337
16.8204
15.7481
15.7353
14.7179
14.7058
13.7358
13.7242
12.7917
12.7806
11.8901
11.8795
11.0254
11.0151
10.1975
10.1876
9.40798
9.39868
8.68028
8.67211
8.04634
8.03921
7.50396
7.49788
7.02231
7.0167
6.57249
6.56707
6.14301
6.13794
5.72989
5.72501
5.3353
5.33063
4.95434
4.9498
4.58812
4.58381
4.23521
4.23097
3.89455
3.8905
3.56738
3.56353
3.25565
3.25186
2.7678
2.76042
2.25375
2.24859
1.88505
1.88121
1.60559
1.60261
1.38443
1.38209
1.2051
1.20316
1.05527
1.05357
0.927069
0.925658
0.820322
0.819111
0.724631
0.723535
0.63925
0.63828
0.562388
-1.70935
-1.82917
-1.84225
-1.96689
-1.98046
-2.10936
-2.12348
-2.25841
-2.27322
-2.41343
-2.42864
-2.57576
-2.59207
-2.74904
-2.76651
-2.94339
-2.96343
-3.16937
-3.19312
-3.42937
-3.4555
-3.7088
-3.73676
-4.00378
-4.03299
-4.30904
-4.33918
-4.62829
-4.66
-4.9626
-4.99545
-5.30937
-5.34358
-5.67222
-5.70834
-6.05177
-6.08939
-6.45059
-6.48967
-6.87313
-6.91611
-7.34202
-7.39133
-7.89098
-7.94806
-8.53127
-8.59701
-9.2353
-9.30581
-9.98052
-10.0545
-10.7576
-10.8341
-11.5696
-11.6496
-12.4193
-12.504
-13.3054
-13.3932
-14.2313
-14.3237
-15.202
-15.2993
-16.2251
-16.3267
-17.3068
-17.4156
-18.4868
-18.6104
-19.8654
-20.0118
-21.4984
-21.6674
-23.33
-23.5163
-25.2967
-25.4922
-27.3575
-27.5619
-29.5144
-29.7296
-31.7873
-32.0127
-34.1714
-34.4067
-36.6768
-36.9276
-39.3342
-39.5973
-42.1518
-42.4331
-45.1482
-45.4574
-48.4639
-48.8041
-52.3228
-52.7399
-56.9808
-57.4894
-62.4616
-63.024
-68.5399
-69.1568
-75.1786
-75.8485
-82.4294
-83.1686
-90.4572
-91.2816
-99.4658
-100.398
-109.76
-110.833
-121.698
-122.963
-135.946
-137.448
-153.418
-155.34
-176.042
-178.6
-206.939
-210.51
-250.96
-256.037
-309.715
-315.834
-377.846
-384.611
-426.142
-428.176
-422.878
-419.124
-346.065
-335.131
-197.463
-180.589
-15.9763
2.24818
167.71
184.213
318.337
329.29
399.875
403.946
412.622
411.014
369.252
362.63
302.837
296.836
247.692
243.186
205.841
202.466
175.342
172.882
152.563
150.691
134.526
132.968
119.803
118.515
107.49
106.401
96.9157
95.965
87.6445
86.8047
79.3895
78.6352
71.9555
71.2816
65.3015
64.705
59.5517
59.0485
54.8554
54.4533
50.9116
50.5569
47.4062
47.0874
44.1769
43.8747
41.146
40.8649
38.3012
38.0369
35.6184
35.3652
33.0628
32.8229
30.6418
30.4128
28.333
28.1171
26.133
25.9248
24.0668
23.8736
22.1909
22.0236
20.5855
20.4456
19.2358
19.1122
18.0149
17.9018
16.8802
16.774
15.7931
15.6905
14.7604
14.6634
13.7767
13.6834
12.8309
12.7415
11.9274
11.8423
11.0612
10.9794
10.2319
10.1531
9.44058
9.36646
8.70902
8.64363
8.07103
8.01435
7.52533
7.47657
7.042
6.9971
6.59148
6.54814
6.16077
6.1201
5.74698
5.70795
5.35172
5.3143
4.97027
4.93402
4.60323
4.56872
4.24986
4.21614
3.90875
3.87634
3.58088
3.55008
3.26848
3.23859
2.79384
2.73485
2.27199
2.23062
1.89861
1.86785
1.61611
1.5922
1.3927
1.37395
1.21193
1.19639
1.06122
1.04768
0.932033
0.920745
0.824571
0.814883
0.728481
0.71971
0.642658
0.634896
0.565515
-1.72318
-1.74125
-1.75946
-1.77779
-1.79629
-1.81481
-1.85671
-1.87555
-1.89439
-1.91333
-1.93255
-1.95189
-1.9955
-2.01493
-2.03446
-2.05407
-2.07389
-2.09387
-2.13915
-2.15957
-2.18005
-2.20069
-2.22148
-2.24225
-2.28959
-2.31075
-2.33197
-2.35327
-2.37475
-2.39646
-2.44548
-2.4676
-2.48995
-2.51215
-2.53483
-2.55791
-2.60991
-2.63321
-2.657
-2.68085
-2.70505
-2.72979
-2.78614
-2.81216
-2.8386
-2.86554
-2.89326
-2.92099
-2.98595
-3.01612
-3.04694
-3.07874
-3.11089
-3.14345
-3.22018
-3.2557
-3.29096
-3.32678
-3.36322
-3.40052
-3.48461
-3.5226
-3.56123
-3.60018
-3.63936
-3.67843
-3.76767
-3.80813
-3.84887
-3.8895
-3.93039
-3.97165
-4.06484
-4.10656
-4.14864
-4.19078
-4.23325
-4.2759
-4.37277
-4.41662
-4.46064
-4.50482
-4.54912
-4.59363
-4.69511
-4.74105
-4.78718
-4.83302
-4.87952
-4.92649
-5.032
-5.07947
-5.12694
-5.17474
-5.22307
-5.27173
-5.3816
-5.43105
-5.48075
-5.5309
-5.58167
-5.63263
-5.74843
-5.80023
-5.85223
-5.90408
-5.95681
-6.01047
-6.13146
-6.18637
-6.24103
-6.29578
-6.35109
-6.40727
-6.53323
-6.5901
-6.64824
-6.70771
-6.7669
-6.82664
-6.96424
-7.02656
-7.08958
-7.15404
-7.22053
-7.2882
-7.44551
-7.51757
-7.59147
-7.66722
-7.7451
-7.82699
-8.0125
-8.09847
-8.18692
-8.27788
-8.36855
-8.46012
-8.67021
-8.76532
-8.86157
-8.95889
-9.05773
-9.15782
-9.38304
-9.48448
-9.58708
-9.69047
-9.79516
-9.89956
-10.1366
-10.2435
-10.3499
-10.4567
-10.5648
-10.6734
-10.919
-11.0296
-11.1412
-11.2538
-11.3671
-11.4815
-11.7386
-11.8547
-11.9715
-12.0894
-12.2085
-12.327
-12.5977
-12.7186
-12.8404
-12.9628
-13.0853
-13.209
-13.4906
-13.6166
-13.7437
-13.8713
-13.9999
-14.1299
-14.4258
-14.5589
-14.6933
-14.8274
-14.9624
-15.0971
-15.407
-15.5461
-15.687
-15.8296
-15.9716
-16.1142
-16.4397
-16.5857
-16.7326
-16.8805
-17.0318
-17.1878
-17.536
-17.6939
-17.8565
-18.0194
-18.1839
-18.3527
-18.7488
-18.9335
-19.1187
-19.3099
-19.5073
-19.7085
-20.1776
-20.3935
-20.6128
-20.8394
-21.0726
-21.3146
-21.8562
-22.1042
-22.3586
-22.6125
-22.8684
-23.1275
-23.7228
-23.9912
-24.259
-24.5288
-24.8031
-25.08
-25.7087
-25.9901
-26.2743
-26.5606
-26.8465
-27.133
-27.7878
-28.0816
-28.377
-28.6743
-28.9742
-29.2782
-29.9679
-30.2763
-30.5866
-30.9002
-31.217
-31.537
-32.262
-32.5882
-32.918
-33.2469
-33.5785
-33.9128
-34.6681
-35.0091
-35.354
-35.701
-36.0511
-36.4029
-37.2063
-37.5679
-37.932
-38.2994
-38.6714
-39.0447
-39.8885
-40.2706
-40.6596
-41.0485
-41.4421
-41.8425
-42.7447
-43.1512
-43.5655
-43.9794
-44.3954
-44.8179
-45.802
-46.2463
-46.6962
-47.1514
-47.6203
-48.095
-49.1885
-49.6997
-50.2212
-50.7618
-51.3083
-51.8737
-53.2034
-53.8147
-54.4518
-55.1008
-55.7598
-56.4424
-58.0571
-58.791
-59.5365
-60.2929
-61.0673
-61.8511
-63.6519
-64.4764
-65.3114
-66.1552
-67.0054
-67.8629
-69.8469
-70.7467
-71.6552
-72.5726
-73.4996
-74.4429
-76.5949
-77.5741
-78.5646
-79.5666
-80.5873
-81.6227
-83.9971
-85.0785
-86.168
-87.2812
-88.4116
-89.5578
-92.2033
-93.4136
-94.643
-95.8914
-97.1553
-98.449
-101.444
-102.817
-104.217
-105.646
-107.11
-108.604
-112.04
-113.635
-115.261
-116.908
-118.595
-120.326
-124.384
-126.253
-128.211
-130.211
-132.215
-134.291
-139.142
-141.444
-143.814
-146.225
-148.745
-151.36
-157.547
-160.466
-163.413
-166.584
-169.916
-173.329
-181.567
-185.469
-189.627
-193.967
-198.399
-203.072
-214.582
-220.23
-226.14
-232.278
-238.646
-245.469
-261.758
-269.463
-277.125
-285.71
-294.513
-303.117
-323.117
-332.653
-342.575
-352.33
-361.262
-370.497
-391.466
-399.724
-406.863
-412.491
-418.494
-423.293
-429.502
-431.107
-432.077
-431.205
-429.007
-425.799
-414.124
-406.113
-395.836
-384.222
-371.015
-357.616
-321.829
-302.849
-282.182
-260.382
-238.831
-215.958
-161.858
-137.26
-112.241
-86.9239
-61.5454
-36.1455
22.1979
47.6678
73.7258
99.3699
124.242
148.931
202.135
224.352
245.828
266.659
287.265
305.954
340.976
354.115
365.081
376.217
385.889
394.464
408.024
412.767
416.112
417.354
415.508
414.388
408.593
403.161
397.212
391.42
384.105
375.912
354.912
346.053
337.037
327.594
318.538
309.686
290.493
282.687
274.647
267.08
259.623
252.712
238.169
231.784
225.812
220.233
214.778
209.66
198.915
194.556
190.241
186.036
182.012
178.149
170.241
166.861
163.604
160.529
157.592
154.704
148.614
145.97
143.438
140.984
138.578
136.262
131.296
129.193
127.123
125.114
123.161
121.262
117.116
115.345
113.623
111.947
110.315
108.706
105.21
103.698
102.221
100.784
99.3614
97.9679
94.9312
93.6205
92.3327
91.056
89.8087
88.585
85.8934
84.7301
83.576
82.4447
81.3329
80.2306
77.8124
76.7652
75.7298
74.7075
73.7
72.7066
70.5415
69.5989
68.6685
67.7553
66.8588
65.9742
64.053
63.2197
62.4211
61.6341
60.8655
60.1144
58.5049
57.8374
57.186
56.5367
55.9106
55.3024
54.0069
53.4439
52.8907
52.3571
51.8304
51.3071
50.1728
49.6832
49.1938
48.7096
48.2307
47.7646
46.738
46.2835
45.8336
45.3894
44.9522
44.516
43.5433
43.1175
42.6964
42.2815
41.8697
41.4589
40.5551
40.1575
39.7623
39.3702
38.983
38.5975
37.7471
37.3711
36.9987
36.6316
36.2641
35.8987
35.0857
34.7276
34.3736
34.0242
33.6766
33.3289
32.56
32.2239
31.8868
31.5523
31.2212
30.8934
30.1617
29.8388
29.518
29.2022
28.8863
28.5722
27.8793
27.5728
27.2673
26.9654
26.6649
26.3641
25.6976
25.4106
25.1242
24.8407
24.5566
24.2785
23.6622
23.3939
23.1323
22.8753
22.6252
22.378
21.8398
21.6087
21.3838
21.1671
20.9559
20.7439
20.2943
20.1071
19.9171
19.731
19.5476
19.3704
18.9772
18.8054
18.6362
18.4711
18.3065
18.1422
17.7785
17.6199
17.4642
17.3079
17.1521
16.9979
16.656
16.5031
16.3528
16.2037
16.0547
15.9066
15.5783
15.4351
15.2925
15.1506
15.0092
14.8683
14.5566
14.4193
14.2839
14.1481
14.0131
13.8797
13.581
13.4496
13.318
13.1875
13.0576
12.9293
12.6435
12.5173
12.392
12.2686
12.1449
12.0217
11.749
11.6286
11.5082
11.3883
11.2688
11.1516
10.8897
10.775
10.6601
10.5457
10.4315
10.3186
10.0665
9.95534
9.84513
9.73808
9.63041
9.52323
9.2862
9.18302
9.07975
8.97869
8.87982
8.7826
8.57128
8.48044
8.38966
8.30161
8.21602
8.13318
7.95354
7.87595
7.79944
7.72489
7.65167
7.57986
7.42315
7.35489
7.2874
7.22149
7.15596
7.0917
6.94799
6.88509
6.82283
6.76111
6.69961
6.6385
6.50067
6.44097
6.38158
6.32326
6.26442
6.20572
6.07508
6.01715
5.95941
5.90282
5.84646
5.79015
5.6652
5.61064
5.55581
5.50135
5.44734
5.39337
5.27324
5.22011
5.16723
5.11501
5.06269
5.01058
4.89461
4.84371
4.79279
4.74229
4.69184
4.64158
4.53067
4.48145
4.43237
4.38367
4.33518
4.28692
4.17886
4.13116
4.08379
4.03742
3.99092
3.94463
3.84098
3.79534
3.74958
3.70436
3.65944
3.61499
3.51631
3.47245
3.42929
3.38689
3.34372
3.30089
3.20491
3.16192
3.11933
3.04327
2.95118
2.86119
2.67198
2.59401
2.51978
2.44954
2.38285
2.31919
2.18646
2.13147
2.07878
2.02832
1.97991
1.93343
1.83481
1.79343
1.75363
1.71547
1.67879
1.64298
1.56638
1.53409
1.50262
1.47206
1.44249
1.41399
1.35355
1.32752
1.302
1.2772
1.253
1.22946
1.17949
1.158
1.13693
1.11633
1.09611
1.07631
1.03301
1.01443
0.996316
0.978713
0.961534
0.944726
0.908534
0.893101
0.878198
0.863765
0.849474
0.835357
0.804295
0.790741
0.77736
0.764182
0.751143
0.738276
0.710155
0.697972
0.685999
0.674262
0.662711
0.651331
0.626447
0.615681
0.605113
0.594446
0.58388
0.573462
