-2.12673
-2.40295
-2.71047
-3.07242
-3.51222
-4.01737
-4.57218
-5.17505
-5.83214
-6.55909
-7.39827
-8.42563
-9.65092
-11.0225
-12.5208
-14.1564
-15.9575
-18.0005
-20.4668
-23.509
-27.0227
-30.9181
-35.2098
-39.9841
-45.4251
-51.9911
-60.4291
-70.9631
-83.6207
-99.0408
-118.71
-145.503
-185.629
-249.138
-332.023
-366.242
-253.35
-6.89977
239.425
352.364
319.667
241.223
181.1
142.031
115.224
95.4556
79.938
67.4309
57.6229
50.104
43.957
38.6186
33.85
29.5436
25.67
22.3223
19.6084
17.3637
15.3853
13.5891
11.9426
10.4353
9.08582
7.95045
7.01788
6.20616
5.46839
4.78736
4.15618
3.57813
2.88362
2.02525
1.51454
1.17482
0.927772
-2.12762
-2.40197
-2.40393
-2.70936
-2.71158
-3.07107
-3.07377
-3.51061
-3.51384
-4.01557
-4.01917
-4.57022
-4.57413
-5.17292
-5.17718
-5.82981
-5.83447
-6.55648
-6.56171
-7.39515
-7.4014
-8.42178
-8.42947
-9.64651
-9.65534
-11.0176
-11.0273
-12.5155
-12.5261
-14.1506
-14.1621
-15.951
-15.9639
-17.993
-18.008
-20.4575
-20.4762
-23.4978
-23.5202
-27.0101
-27.0353
-30.9042
-30.9319
-35.1946
-35.2251
-39.9669
-40.0012
-45.4051
-45.4451
-51.966
-52.0161
-60.3969
-60.4613
-70.924
-71.0022
-83.5738
-83.6676
-98.9824
-99.0993
-118.633
-118.786
-145.394
-145.612
-185.458
-185.799
-248.873
-249.402
-331.756
-332.289
-366.345
-366.138
-254.005
-252.692
-7.81878
-5.98083
238.76
240.088
352.264
352.463
319.91
319.423
241.471
240.975
181.262
180.937
142.138
141.924
115.301
115.147
95.5142
95.3969
79.9849
79.8911
67.4687
67.3932
57.6518
57.594
50.1266
50.0813
43.9763
43.9377
38.6357
38.6016
33.8653
33.8347
29.5575
29.5298
25.6823
25.6577
22.3326
22.312
19.6167
19.6002
17.3708
17.3566
15.3917
15.3789
13.5949
13.5833
11.9479
11.9373
10.4402
10.4304
9.09006
9.08158
7.95391
7.947
7.0208
7.01497
6.20877
6.20356
5.47078
5.46599
4.78957
4.78515
4.15824
4.15413
3.57998
3.57629
2.88751
2.87971
2.0274
2.02311
1.51593
1.51316
1.17576
1.17387
0.928481
-2.13569
-2.39318
-2.41276
-2.69937
-2.72162
-3.05896
-3.08598
-3.49613
-3.52839
-3.99943
-4.03537
-4.55262
-4.5918
-5.1538
-5.19636
-5.80888
-5.85548
-6.53303
-6.5853
-7.36718
-7.42945
-8.38729
-8.46419
-9.60683
-9.69511
-10.9741
-11.0711
-12.4681
-12.5738
-14.0985
-14.2144
-15.8932
-16.0219
-17.9258
-18.0755
-20.3741
-20.5607
-23.3975
-23.621
-26.897
-27.1489
-30.7798
-31.0568
-35.0574
-35.3629
-39.8131
-40.1558
-45.2262
-45.625
-51.7413
-52.2425
-60.1083
-60.7521
-70.5732
-71.3554
-83.1536
-84.0912
-98.4591
-99.6267
-117.947
-119.478
-144.419
-146.595
-183.937
-187.345
-246.544
-251.797
-329.325
-334.661
-367.186
-365.1
-259.834
-246.7
-16.0934
2.25938
232.72
245.976
351.302
353.298
322.118
317.209
243.727
238.761
182.737
179.486
143.11
140.963
115.997
114.46
96.0446
94.8713
80.4091
79.4702
67.81
67.0544
57.9128
57.3357
50.3309
49.8784
44.1502
43.7649
38.7895
38.4487
34.0034
33.6974
29.6825
29.4053
25.7935
25.5471
22.4254
22.2198
19.6911
19.5263
17.4345
17.2931
15.449
15.3217
13.6473
13.531
11.996
11.8893
10.4839
10.3868
9.12831
9.04358
7.98511
7.91604
7.04713
6.9888
6.23226
6.18011
5.49237
5.44446
4.8095
4.76525
4.17676
4.13568
3.59662
3.5597
2.92289
2.84481
2.04698
2.00396
1.52852
1.50077
1.18436
1.16536
0.934902
-2.16255
-2.20182
-2.24158
-2.28193
-2.32278
-2.36423
-2.44226
-2.48549
-2.52944
-2.57429
-2.61996
-2.66656
-2.75534
-2.80524
-2.85658
-2.90923
-2.96343
-3.01934
-3.12708
-3.18805
-3.25078
-3.31513
-3.38111
-3.44859
-3.57707
-3.64853
-3.72116
-3.79511
-3.87009
-3.9462
-4.08955
-4.16858
-4.24857
-4.32962
-4.41165
-4.49461
-4.65074
-4.73658
-4.82346
-4.91144
-5.00056
-5.09073
-5.26031
-5.35372
-5.44842
-5.54438
-5.64156
-5.74
-5.92564
-6.02824
-6.13246
-6.23854
-6.34618
-6.45587
-6.66428
-6.78039
-6.89945
-7.02147
-7.14687
-7.27581
-7.52432
-7.66503
-7.81021
-7.96037
-8.11518
-8.27454
-8.58059
-8.75221
-8.92772
-9.1073
-9.29022
-9.4762
-9.82821
-10.0232
-10.221
-10.4214
-10.6245
-10.8303
-11.2171
-11.4303
-11.6463
-11.8657
-12.0871
-12.3114
-12.7329
-12.9655
-13.2011
-13.4401
-13.6819
-13.9271
-14.3887
-14.6436
-14.9021
-15.1652
-15.4319
-15.703
-16.2159
-16.5011
-16.7924
-17.0897
-17.394
-17.7053
-18.3029
-18.6397
-18.9867
-19.3466
-19.7182
-20.1011
-20.8439
-21.2647
-21.6976
-22.1434
-22.6
-23.0675
-23.9587
-24.4543
-24.9592
-25.4734
-25.9956
-26.5256
-27.5266
-28.0793
-28.6399
-29.2084
-29.7855
-30.37
-31.4721
-32.0807
-32.6971
-33.3242
-33.9598
-34.6054
-35.8225
-36.4974
-37.1823
-37.8791
-38.5868
-39.3069
-40.6725
-41.4322
-42.2082
-42.9996
-43.8097
-44.6401
-46.2285
-47.125
-48.0478
-49.0019
-49.9904
-51.0128
-53.0058
-54.145
-55.3286
-56.5629
-57.8415
-59.1642
-61.7285
-63.1809
-64.6771
-66.2162
-67.7993
-69.4244
-72.5407
-74.2918
-76.0879
-77.9346
-79.83
-81.7775
-85.5165
-87.6284
-89.8006
-92.0429
-94.3624
-96.7535
-101.395
-104.036
-106.788
-109.635
-112.614
-115.717
-121.799
-125.318
-129.011
-132.891
-136.982
-141.286
-149.948
-155.029
-160.437
-166.215
-172.434
-179.028
-192.589
-200.602
-209.313
-218.617
-228.441
-238.984
-259.783
-271.683
-284.241
-296.578
-308.971
-321.238
-342.177
-351.882
-359.735
-365.452
-368.8
-369.175
-360.877
-351.856
-339.197
-322.573
-302.496
-278.426
-225.861
-193.171
-158.34
-121.285
-82.9377
-43.6794
29.7637
69.0002
107.369
144.366
179.368
211.866
264.483
288.281
308.483
325.114
337.874
347.082
355.032
354.815
351.864
346.254
338.669
329.364
309.487
297.707
286.012
274.133
262.487
251.36
231.622
221.739
212.325
203.646
195.488
187.772
174.794
168.41
162.411
156.74
151.407
146.386
137.847
133.529
129.456
125.562
121.864
118.339
112.245
109.13
106.136
103.265
100.497
97.8326
93.1553
90.7426
88.4105
86.1499
83.957
81.8384
78.0942
76.1493
74.2635
72.4353
70.6668
68.957
65.9479
64.4029
62.9183
61.4873
60.1148
58.791
56.4944
55.3224
54.1887
53.0947
52.0384
51.0163
49.2127
48.2719
47.3551
46.4601
45.5862
44.7311
43.1968
42.3898
41.5972
40.8182
40.0542
39.3037
37.9459
37.2273
36.5204
35.8248
35.1395
34.4645
33.2445
32.5961
31.9582
31.3293
30.7095
30.0994
28.9956
28.4106
27.8349
27.2686
26.7123
26.1655
25.1845
24.6696
24.1668
23.6754
23.1988
22.737
21.9196
21.4983
21.0896
20.6951
20.3122
19.9415
19.284
18.9419
18.6078
18.2806
17.9609
17.6475
17.0841
16.7862
16.4931
16.2048
15.9206
15.6408
15.1334
14.8647
14.5986
14.3361
14.0775
13.8223
13.3586
13.1122
12.869
12.6283
12.3908
12.1563
11.7314
11.5054
11.2823
11.0618
10.8445
10.6302
10.2432
10.0384
9.83722
9.63946
9.44591
9.25664
8.91906
8.74336
8.57265
8.40653
8.24607
8.09021
7.81471
7.67185
7.53258
7.39668
7.26445
7.1352
6.90297
6.78041
6.66023
6.54213
6.4256
6.31066
6.10278
5.9927
5.88371
5.77612
5.66945
5.56438
5.37343
5.27169
5.17116
5.07168
4.97335
4.87609
4.69945
4.60511
4.51182
4.41956
4.32854
4.23852
4.07483
3.98787
3.90206
3.81748
3.73424
3.65237
3.5052
3.42778
3.35318
3.28024
3.2117
3.04556
2.73509
2.58778
2.45367
2.33118
2.21822
2.11431
1.94224
1.8578
1.77902
1.70561
1.63676
1.57146
1.46087
1.40665
1.35538
1.3058
1.25862
1.21381
1.13683
1.09736
1.05968
1.02365
0.989403
0.956665
