-2.07703
-2.37808
-2.71752
-3.12054
-3.60873
-4.17115
-4.79491
-5.48169
-6.24537
-7.12145
-8.18357
-9.47275
-10.9506
-12.5904
-14.4051
-16.4415
-18.8201
-21.7513
-25.3043
-29.372
-33.9245
-39.0471
-44.9572
-52.1685
-61.4572
-73.191
-87.6223
-105.812
-130.157
-165.595
-220.991
-297.373
-340.384
-244.776
-6.88124
230.679
327.218
286.644
214.355
161.381
126.537
102.238
83.9857
69.7089
58.6427
50.2124
43.4428
37.6555
32.5549
28.0166
24.048
20.7624
18.1039
15.8414
13.8297
12.0124
10.3716
8.93084
7.73425
6.74541
5.88246
5.10284
4.38996
3.74282
3.10823
2.088
1.51382
1.14574
0.886777
0.695682
-2.07792
-2.3771
-2.37906
-2.71639
-2.71865
-3.11916
-3.12191
-3.60709
-3.61036
-4.16932
-4.17299
-4.79289
-4.79693
-5.47946
-5.48391
-6.24286
-6.24788
-7.1185
-7.12441
-8.17993
-8.1872
-9.46845
-9.47705
-10.9457
-10.9554
-12.585
-12.5957
-14.3992
-14.4111
-16.4347
-16.4482
-18.812
-18.8282
-21.7412
-21.7613
-25.2925
-25.3162
-29.3587
-29.3853
-33.9097
-33.9394
-39.0302
-39.064
-44.9373
-44.977
-52.1434
-52.1937
-61.4248
-61.4897
-73.1508
-73.2311
-87.5726
-87.672
-105.747
-105.876
-130.068
-130.246
-165.461
-165.729
-220.779
-221.203
-297.138
-297.608
-340.426
-340.34
-245.336
-244.214
-7.70509
-6.05745
230.123
231.233
327.176
327.258
286.872
286.416
214.554
214.157
161.512
161.25
126.625
126.448
102.302
102.174
84.0353
83.9361
69.7479
69.67
58.6725
58.613
50.2355
50.1894
43.4619
43.4236
37.6722
37.6387
32.5698
32.54
28.0298
28.0035
24.0593
24.0368
20.7715
20.7533
18.1114
18.0964
15.848
15.8349
13.8356
13.8238
12.0178
12.0071
10.3764
10.3668
8.93493
8.92675
7.73759
7.73091
6.74824
6.74258
5.88499
5.87993
5.10514
5.10053
4.39206
4.38785
3.7447
3.74094
3.11263
3.10384
2.09027
2.08573
1.51522
1.51243
1.14669
1.14479
0.887421
0.886132
0.696219
-2.08613
-2.36804
-2.38817
-2.70597
-2.72913
-3.10642
-3.1347
-3.59201
-3.62551
-4.15237
-4.19
-4.77421
-4.81568
-5.45887
-5.5046
-6.21972
-6.27112
-7.0913
-7.1518
-8.14642
-8.22092
-9.42866
-9.51694
-10.9012
-11.0001
-12.5359
-12.6451
-14.3447
-14.466
-16.3727
-16.5106
-18.7372
-18.9034
-21.6487
-21.8543
-25.1833
-25.4258
-29.2359
-29.5085
-33.7722
-34.0771
-38.8743
-39.2206
-44.7542
-45.1615
-51.9116
-52.4273
-61.1258
-61.791
-72.7805
-73.6039
-87.1162
-88.1339
-105.157
-106.472
-129.25
-131.075
-164.232
-166.976
-218.829
-223.174
-294.946
-299.765
-340.735
-339.87
-250.437
-238.923
-15.3283
1.61378
224.909
236.301
326.734
327.551
288.958
284.301
216.396
212.328
162.732
160.047
127.451
125.634
102.899
101.583
84.4961
83.4796
70.1096
69.3117
58.9483
58.3394
50.4494
49.9773
43.6397
43.2467
37.8275
37.4841
32.7076
32.4028
28.1521
27.8818
24.1638
23.933
20.856
20.6693
18.181
18.0273
15.9089
15.7742
13.8903
13.7694
12.0673
11.9577
10.4208
10.3226
8.97288
8.88908
7.76855
7.70016
6.77445
6.71648
5.90842
5.85657
5.12649
5.07926
4.41157
4.3684
3.76217
3.72358
3.15345
3.06396
2.11145
2.06498
1.52825
1.49961
1.15553
1.13605
0.893534
0.880188
0.701203
-2.115
-2.15801
-2.20165
-2.24599
-2.29096
-2.33662
-2.42028
-2.46816
-2.51694
-2.56681
-2.61773
-2.66988
-2.76621
-2.82207
-2.87956
-2.93887
-2.99991
-3.06268
-3.17996
-3.2482
-3.31822
-3.39022
-3.46408
-3.53962
-3.6789
-3.75901
-3.84052
-3.92355
-4.0079
-4.09346
-4.24996
-4.33924
-4.42982
-4.52175
-4.61487
-4.70931
-4.8816
-4.97986
-5.07956
-5.18073
-5.28312
-5.38723
-5.5774
-5.68606
-5.79653
-5.90885
-6.02308
-6.1394
-6.35306
-6.47591
-6.6014
-6.73012
-6.86194
-6.99728
-7.24888
-7.39559
-7.54697
-7.70331
-7.86438
-8.03055
-8.34056
-8.52111
-8.70661
-8.89695
-9.09192
-9.29097
-9.65761
-9.86801
-10.0822
-10.3003
-10.5214
-10.7464
-11.1573
-11.3917
-11.6297
-11.8712
-12.1163
-12.365
-12.819
-13.0779
-13.3408
-13.608
-13.8794
-14.1551
-14.6592
-14.9479
-15.2415
-15.541
-15.8461
-16.1576
-16.7315
-17.0624
-17.4021
-17.7509
-18.11
-18.4794
-19.1699
-19.574
-19.9908
-20.4228
-20.8687
-21.3288
-22.1845
-22.6832
-23.1954
-23.7205
-24.2563
-24.8049
-25.8126
-26.3913
-26.98
-27.5794
-28.1895
-28.8094
-29.9425
-30.5911
-31.2496
-31.9203
-32.602
-33.2948
-34.5628
-35.2887
-36.0288
-36.7831
-37.5511
-38.334
-39.7729
-40.6023
-41.4501
-42.319
-43.2083
-44.1207
-45.8161
-46.8051
-47.8269
-48.8842
-49.9792
-51.1154
-53.2584
-54.524
-55.8365
-57.2048
-58.6231
-60.0965
-62.8594
-64.4836
-66.1579
-67.8845
-69.6657
-71.5025
-74.9264
-76.9169
-78.9741
-81.0942
-83.2836
-85.5424
-89.7675
-92.2511
-94.8137
-97.4863
-100.256
-103.135
-108.59
-111.833
-115.235
-118.8
-122.535
-126.459
-134.036
-138.617
-143.488
-148.635
-154.132
-160.008
-171.508
-178.621
-186.243
-194.345
-202.982
-212.184
-230.242
-240.879
-252.035
-263.731
-275.34
-287.041
-307.06
-317.479
-325.999
-333.241
-338.18
-340.7
-337.62
-331.333
-320.85
-306.687
-288.805
-267.109
-219.714
-188.395
-154.349
-118.52
-80.7945
-42.1135
28.3544
66.8865
104.466
140.45
174.441
205.639
253.212
274.921
292.977
307.106
317.313
324.185
327.529
325.599
320.803
314.054
305.413
295.811
276.808
265.666
254.776
243.842
233.17
222.986
206.101
197.277
189.023
181.233
173.946
167.112
155.946
150.236
144.852
139.74
134.927
130.409
122.863
118.968
115.225
111.67
108.267
105.02
99.5497
96.6527
93.8709
91.1996
88.6226
86.1347
81.908
79.6569
77.4812
75.3823
73.3546
71.3961
68.0773
66.3143
64.6179
62.9903
61.4245
59.9288
57.4023
56.0657
54.78
53.5462
52.357
51.2079
49.2469
48.1961
47.1748
46.1813
45.2127
44.2681
42.6338
41.7463
40.8777
40.0266
39.1916
38.3741
36.9482
36.1705
35.4066
34.655
33.9176
33.1929
31.9264
31.2344
30.5543
29.8856
29.2284
28.583
27.4599
26.8481
26.249
25.6627
25.091
24.5333
23.5742
23.0591
22.5591
22.075
21.6076
21.1553
20.3803
19.9667
19.5659
19.1758
18.7959
18.4268
17.7879
17.4417
17.1023
16.7695
16.4435
16.123
15.5639
15.258
14.9576
14.6615
14.3699
14.0827
13.5799
13.3047
13.0331
12.7651
12.5014
12.2415
11.7862
11.5367
11.2911
11.049
10.8112
10.5772
10.1693
9.94728
9.72976
9.51696
9.30945
9.1073
8.75911
8.57197
8.39062
8.2146
8.04389
7.87817
7.59404
7.44137
7.29253
7.14727
7.00551
6.86697
6.62591
6.49448
6.36552
6.23853
6.11367
5.9908
5.77548
5.65757
5.54126
5.42627
5.31314
5.20145
5.00541
4.89764
4.79125
4.68606
4.58245
4.48024
4.30078
4.20236
4.10545
4.00988
3.91594
3.82375
3.66339
3.57657
3.49193
3.40988
3.33072
3.25436
2.93072
2.75198
2.58974
2.44339
2.31017
2.18826
1.99513
1.89842
1.8085
1.72523
1.64785
1.57528
1.45616
1.39691
1.33977
1.28543
1.23436
1.18663
1.10612
1.06385
1.02395
0.986005
0.949941
0.915718
0.859623
0.829965
0.801063
0.772886
0.745494
0.718857
