-2.10625
-2.33561
-2.58387
-2.86188
-3.18973
-3.57588
-4.0057
-4.46988
-4.96708
-5.50061
-6.07599
-6.70522
-7.42137
-8.27846
-9.28724
-10.4054
-11.6144
-12.9128
-14.3112
-15.8263
-17.4997
-19.4321
-21.7737
-24.5185
-27.5593
-30.8592
-34.4379
-38.3346
-42.6311
-47.4959
-53.3303
-60.6134
-69.3714
-79.5277
-91.3547
-105.46
-122.957
-145.763
-177.645
-224.989
-290.202
-350.423
-339.823
-215.682
-6.89306
201.767
325.693
336.349
279.051
217.957
173.391
142.257
119.513
101.925
87.6955
75.8153
65.8259
57.7367
51.3274
45.9672
41.2455
36.9769
33.0742
29.4826
26.187
23.2395
20.7546
18.6967
16.8969
15.2596
13.7446
12.3386
11.0277
9.81753
8.73372
7.81749
7.04393
6.35496
5.71913
5.12608
4.56921
4.04648
3.55791
3.02881
2.22668
1.71653
1.36654
1.10952
0.911439
0.757544
-2.10713
-2.33466
-2.33657
-2.58282
-2.58491
-2.86069
-2.86307
-3.18829
-3.19117
-3.57424
-3.57752
-4.0039
-4.00749
-4.46795
-4.47181
-4.96501
-4.96914
-5.49839
-5.50284
-6.07358
-6.07839
-6.70256
-6.70789
-7.41824
-7.42451
-8.27471
-8.28222
-9.28294
-9.29154
-10.4008
-10.4101
-11.6094
-11.6194
-12.9074
-12.9182
-14.3053
-14.317
-15.82
-15.8327
-17.4925
-17.5068
-19.4236
-19.4407
-21.7634
-21.784
-24.5068
-24.5301
-27.5465
-27.572
-30.8454
-30.873
-34.4229
-34.4529
-38.3182
-38.351
-42.6129
-42.6493
-47.4748
-47.517
-53.3043
-53.3564
-60.5811
-60.6458
-69.3335
-69.4094
-79.484
-79.5715
-91.3032
-91.4062
-105.397
-105.522
-122.878
-123.036
-145.657
-145.868
-177.491
-177.799
-224.763
-225.216
-289.918
-290.487
-350.268
-350.577
-340.088
-339.558
-216.4
-214.961
-7.79113
-5.99499
201.055
202.477
325.428
325.957
336.496
336.2
279.322
278.78
218.171
217.744
173.54
173.244
142.364
142.151
119.592
119.434
101.988
101.862
87.7477
87.6433
75.8592
75.7713
65.8623
65.7895
57.7655
57.708
51.3507
51.3042
45.9873
45.947
41.2634
41.2275
36.9932
36.9605
33.0893
33.0592
29.4964
29.4688
26.1996
26.1744
23.2505
23.2286
20.7637
20.7456
18.7043
18.6891
16.9038
16.8901
15.2659
15.2533
13.7505
13.7387
12.344
12.3332
11.0328
11.0226
9.82216
9.81289
8.73776
8.72968
7.82084
7.81415
7.04684
7.04101
6.3576
6.35232
5.72161
5.71665
5.12838
5.12377
4.57138
4.56703
4.04851
4.04445
3.55979
3.55602
3.03279
3.02482
2.22921
2.22416
1.71818
1.71488
1.36772
1.36536
1.11043
1.10862
0.912131
0.910747
0.758117
-2.11448
-2.3268
-2.34446
-2.5742
-2.59358
-2.85086
-2.87295
-3.17647
-3.20309
-3.56069
-3.59111
-3.98911
-4.02235
-4.45205
-4.48776
-4.94799
-4.98621
-5.48008
-5.52119
-6.05376
-6.09827
-6.6806
-6.72993
-7.3924
-7.45047
-8.24379
-8.3135
-9.2475
-9.32712
-10.3623
-10.4488
-11.5679
-11.661
-12.8628
-12.9629
-14.2573
-14.3652
-15.7676
-15.8853
-17.4338
-17.5658
-19.354
-19.5112
-21.6788
-21.8691
-24.411
-24.6263
-27.4416
-27.6774
-30.7322
-30.9871
-34.2993
-34.5769
-38.1832
-38.4865
-42.4628
-42.8002
-47.3008
-47.6919
-53.0904
-53.5723
-60.315
-60.9137
-69.0215
-69.7233
-79.1241
-79.9339
-90.8792
-91.8326
-104.885
-106.041
-122.228
-123.692
-144.792
-146.755
-176.23
-179.081
-222.87
-227.104
-287.576
-292.836
-348.922
-351.738
-342.208
-337.308
-222.253
-208.939
-15.2003
1.41397
195.1
208.267
323.174
328.069
337.647
334.908
281.562
276.553
219.939
216
174.769
172.032
143.235
141.282
120.251
118.782
102.513
101.343
88.1784
87.2148
76.222
75.4099
66.1639
65.4907
58.0041
57.4724
51.5433
51.1134
46.1539
45.7817
41.412
41.0797
37.1285
36.8258
33.2135
32.9354
29.6103
29.3551
26.3037
26.0704
23.3409
23.1386
20.8385
20.6714
18.7674
18.6263
16.9605
16.8336
15.3181
15.2012
13.7989
13.6905
12.3888
12.2884
11.0747
10.9809
9.86046
9.77468
8.77126
8.69652
7.84853
7.78666
7.07092
7.01702
6.37944
6.33056
5.74199
5.69624
5.1474
5.1048
4.58935
4.54918
4.06528
4.02773
3.57539
3.54046
3.06559
2.99181
2.25026
2.20352
1.73196
1.70137
1.37754
1.35565
1.11793
1.10119
0.917871
0.905075
0.762856
-2.13727
-2.16969
-2.20245
-2.2355
-2.26889
-2.30268
-2.36894
-2.40382
-2.43915
-2.47485
-2.5111
-2.54788
-2.62046
-2.65901
-2.69828
-2.73826
-2.77912
-2.82075
-2.904
-2.94879
-2.99492
-3.04214
-3.09065
-3.1405
-3.24023
-3.29383
-3.34847
-3.40434
-3.46119
-3.51914
-3.63348
-3.69404
-3.75527
-3.81728
-3.88012
-3.94362
-4.06839
-4.13399
-4.20036
-4.26728
-4.33486
-4.40326
-4.53713
-4.60743
-4.67843
-4.75012
-4.82254
-4.89582
-5.03913
-5.1145
-5.19072
-5.26762
-5.34538
-5.42393
-5.57814
-5.65918
-5.74125
-5.82412
-5.90797
-5.99296
-6.15994
-6.24817
-6.33749
-6.42813
-6.51996
-6.61339
-6.79876
-6.89711
-6.99806
-7.10107
-7.20631
-7.31402
-7.53128
-7.64807
-7.76828
-7.89173
-8.01877
-8.14935
-8.41112
-8.55104
-8.69411
-8.8398
-8.98856
-9.13919
-9.43745
-9.59455
-9.75411
-9.91546
-10.0788
-10.2442
-10.5689
-10.7397
-10.9123
-11.0865
-11.2627
-11.4409
-11.7896
-11.9732
-12.1585
-12.3458
-12.5349
-12.7261
-13.1014
-13.2986
-13.4982
-13.6996
-13.9034
-14.1097
-14.5148
-14.7279
-14.9438
-15.162
-15.383
-15.6073
-16.0486
-16.282
-16.5191
-16.7592
-17.0044
-17.2536
-17.7491
-18.0133
-18.2842
-18.5622
-18.8471
-19.1414
-19.7319
-20.0499
-20.3787
-20.7169
-21.0638
-21.4202
-22.1345
-22.5166
-22.9065
-23.303
-23.7053
-24.1163
-24.9257
-25.3528
-25.7865
-26.2252
-26.6693
-27.1193
-28.004
-28.4692
-28.9398
-29.416
-29.8975
-30.3841
-31.3418
-31.8447
-32.3555
-32.8703
-33.3917
-33.9204
-34.9613
-35.5089
-36.0631
-36.625
-37.1935
-37.77
-38.9071
-39.5075
-40.1172
-40.7362
-41.3648
-42.003
-43.2699
-43.9423
-44.6268
-45.3258
-46.0403
-46.7721
-48.2408
-49.0289
-49.8407
-50.677
-51.5459
-52.4381
-54.249
-55.236
-56.2537
-57.3042
-58.3869
-59.5051
-61.7494
-62.956
-64.1946
-65.4554
-66.7486
-68.0688
-70.7004
-72.1056
-73.5384
-75.0012
-76.4929
-78.0232
-81.0654
-82.6894
-84.3519
-86.0532
-87.7943
-89.5791
-93.1636
-95.0831
-97.0598
-99.0864
-101.17
-103.324
-107.666
-110.014
-112.449
-114.956
-117.556
-120.242
-125.761
-128.768
-131.897
-135.182
-138.592
-142.173
-149.566
-153.659
-157.995
-162.566
-167.354
-172.461
-183.186
-189.182
-195.589
-202.37
-209.563
-217.193
-233.128
-241.903
-251.115
-260.611
-270.418
-280.403
-299.929
-309.995
-319.687
-328.749
-337.073
-344.472
-354.819
-357.717
-358.516
-357.387
-353.775
-347.938
-329.483
-316.227
-300.587
-282.443
-262.246
-239.466
-189.799
-161.797
-132.156
-101.432
-70.031
-38.0374
24.2574
56.228
87.6863
118.341
147.857
175.972
225.541
248.327
268.762
286.89
302.412
315.416
333.769
339.505
342.688
344.041
343.412
340.49
330.539
323.596
315.54
306.961
297.86
288.55
269.76
260.384
251.171
242.254
233.684
225.518
210.765
203.665
196.876
190.491
184.43
178.693
168.382
163.445
158.767
154.31
150.032
145.99
138.673
135.128
131.722
128.471
125.332
122.321
116.811
114.103
111.491
108.962
106.51
104.144
99.7685
97.607
95.5031
93.4524
91.4689
89.5239
85.9133
84.1217
82.3631
80.6529
78.984
77.3526
74.3127
72.7993
71.3205
69.8747
68.4715
67.1077
64.5861
63.3406
62.1327
60.9635
59.8361
58.7517
56.7556
55.7743
54.8234
53.9047
53.0113
52.1443
50.5294
49.7246
48.9371
48.1661
47.4113
46.6701
45.2766
44.5754
43.8852
43.2046
42.5337
41.8737
40.6267
39.9944
39.3693
38.7534
38.1475
37.5487
36.4124
35.8369
35.2682
34.7042
34.1483
33.5991
32.5566
32.0259
31.5009
30.9833
30.4709
29.9653
29.0049
28.5165
28.0351
27.5597
27.0899
26.6271
25.753
25.3096
24.8751
24.4491
24.0318
23.6239
22.8638
22.4842
22.1153
21.7573
21.4099
21.072
20.4464
20.135
19.8327
19.5371
19.2488
18.9648
18.4341
18.1655
17.9024
17.6433
17.388
17.1366
16.6606
16.4191
16.1798
15.9437
15.7102
15.4797
15.0416
14.8184
14.5976
14.3794
14.1628
13.9488
13.5427
13.3357
13.131
12.9282
12.7276
12.5285
12.1502
11.9565
11.7656
11.5766
11.3895
11.2047
10.8528
10.6737
10.4969
10.322
10.1492
9.97921
9.65751
9.49453
9.33495
9.17841
9.02484
8.87536
8.59562
8.45597
8.32061
8.18902
8.06031
7.93514
7.7027
7.5867
7.47326
7.36255
7.25312
7.14575
6.94379
6.84198
6.74172
6.64234
6.54408
6.44731
6.26372
6.16998
6.07715
5.98547
5.89495
5.80509
5.6341
5.54681
5.46054
5.3751
5.29033
5.20641
5.04639
4.96473
4.88344
4.80311
4.72354
4.64486
4.49449
4.41764
4.34149
4.26611
4.19149
4.11736
3.97636
3.90438
3.83309
3.76263
3.69285
3.62385
3.49264
3.42595
3.36005
3.29435
3.22924
3.16833
2.89366
2.76244
2.63945
2.52458
2.41755
2.31727
2.14194
2.05998
1.98321
1.91028
1.84108
1.77579
1.66024
1.60473
1.5516
1.50118
1.45333
1.40826
1.32623
1.28607
1.2476
1.21076
1.1755
1.14146
1.07867
1.04784
1.01821
0.98974
0.962294
0.935929
0.887925
0.864977
0.842502
0.820455
0.798807
0.777618
