-2.20636
-2.38152
-2.56881
-2.77246
-2.99829
-3.25147
-3.53262
-3.83897
-4.16656
-4.5138
-4.88038
-5.26743
-5.67744
-6.11383
-6.58306
-7.09644
-7.6698
-8.31596
-9.03724
-9.82464
-10.6686
-11.5649
-12.5133
-13.5172
-14.5836
-15.7223
-16.9522
-18.3044
-19.8238
-21.5466
-23.4754
-25.5897
-27.8648
-30.2937
-32.8803
-35.6401
-38.6019
-41.8044
-45.3171
-49.2565
-53.7815
-59.0272
-65.066
-71.8983
-79.5715
-88.2216
-98.0847
-109.522
-123.119
-139.694
-160.532
-187.507
-222.266
-264.82
-308.865
-338.28
-330.472
-268.043
-153.191
-6.88124
139.285
254.165
316.488
325.688
297.454
255.784
215.547
182.439
156.456
135.986
119.544
105.952
94.4706
84.5837
75.9731
68.459
61.9691
56.4333
51.6836
47.5233
43.7893
40.3743
37.2139
34.2679
31.5124
28.9325
26.5291
24.3201
22.333
20.577
19.0241
17.6242
16.337
15.1362
14.0075
12.9419
11.9351
10.9842
10.0924
9.26769
8.52105
7.85556
7.26148
6.7214
6.22034
5.74962
5.30431
4.88136
4.47896
4.09717
3.73813
3.40836
2.91343
2.3162
1.89598
1.58334
1.34199
1.14907
0.989974
0.860632
-2.20729
-2.38053
-2.3825
-2.56776
-2.56987
-2.7713
-2.77362
-2.99699
-2.99958
-3.25001
-3.25292
-3.53103
-3.53421
-3.83724
-3.84069
-4.16473
-4.1684
-4.51186
-4.51573
-4.87833
-4.88242
-5.26526
-5.26959
-5.67515
-5.67974
-6.11137
-6.11628
-6.58041
-6.58571
-7.0935
-7.09937
-7.66649
-7.67311
-8.31225
-8.31968
-9.0331
-9.04139
-9.8202
-9.82908
-10.6639
-10.6734
-11.5599
-11.57
-12.508
-12.5186
-13.5116
-13.5229
-14.5777
-14.5896
-15.7159
-15.7287
-16.9452
-16.9591
-18.2966
-18.3122
-19.815
-19.8325
-21.5367
-21.5565
-23.4643
-23.4865
-25.5777
-25.6016
-27.852
-27.8776
-30.2801
-30.3073
-32.8657
-32.8948
-35.6246
-35.6556
-38.5852
-38.6186
-41.7862
-41.8226
-45.297
-45.3373
-49.2337
-49.2794
-53.755
-53.808
-58.9965
-59.0579
-65.031
-65.1009
-71.8589
-71.9377
-79.5274
-79.6157
-88.1715
-88.2718
-98.027
-98.1424
-109.454
-109.589
-123.038
-123.2
-139.591
-139.797
-160.403
-160.661
-187.34
-187.674
-222.053
-222.48
-264.573
-265.066
-308.638
-309.09
-338.2
-338.358
-330.657
-330.285
-268.529
-267.556
-153.922
-152.459
-7.70509
-6.05745
138.548
140.021
253.676
254.653
316.308
316.666
325.748
325.619
297.66
297.247
256.012
255.556
215.747
215.348
182.599
182.279
156.581
156.331
136.085
135.887
119.624
119.465
106.019
105.884
94.5285
94.4125
84.6338
84.5336
76.0168
75.9294
68.497
68.421
62.0017
61.9365
56.4612
56.4054
51.7077
51.6596
47.5446
47.502
43.8087
43.77
40.3921
40.3565
37.2305
37.1974
34.2834
34.2524
31.5269
31.498
28.9461
28.919
26.5416
26.5165
24.3315
24.3087
22.3432
22.3229
20.5859
20.568
19.0321
19.016
17.6315
17.6169
16.3437
16.3302
15.1425
15.1299
14.0135
14.0015
12.9476
12.9363
11.9404
11.9298
10.9892
10.9792
10.0971
10.0877
9.27196
9.26342
8.52487
8.51724
7.85897
7.85215
7.26455
7.25842
6.72422
6.71859
6.22298
6.21771
5.7521
5.74713
5.30666
5.30195
4.8836
4.87912
4.48109
4.47683
4.09919
4.09516
3.74001
3.73625
3.41004
3.40667
2.91733
2.90954
2.31889
2.31352
1.89793
1.89402
1.58484
1.58184
1.34317
1.34082
1.15002
1.14812
0.990754
0.989194
0.861263
-2.214
-2.37342
-2.38965
-2.56011
-2.57754
-2.76292
-2.78205
-2.9876
-3.00901
-3.23951
-3.26348
-3.51949
-3.54579
-3.82476
-3.85322
-4.15145
-4.18172
-4.49783
-4.5298
-4.8635
-4.89726
-5.24961
-5.28529
-5.65853
-5.69642
-6.09361
-6.13411
-6.56125
-6.60499
-7.07228
-7.12072
-7.64258
-7.69715
-8.28536
-8.34672
-9.00325
-9.07127
-9.78807
-9.86133
-10.6296
-10.7077
-11.5237
-11.6063
-12.4697
-12.5571
-13.471
-13.5636
-14.5344
-14.6331
-15.6694
-15.7753
-16.8949
-17.0098
-18.2405
-18.3687
-19.7517
-19.8964
-21.4649
-21.6287
-23.3841
-23.5669
-25.4913
-25.6884
-27.7594
-27.9704
-30.1815
-30.4063
-32.7607
-33.0002
-35.5123
-35.7684
-38.4643
-38.74
-41.6548
-41.955
-45.1515
-45.4837
-49.0688
-49.4454
-53.5638
-54.0008
-58.7751
-59.2811
-64.7784
-65.3551
-71.5743
-72.224
-79.2081
-79.9369
-87.809
-88.6359
-97.6102
-98.5583
-108.968
-110.08
-122.455
-123.789
-138.865
-140.544
-159.477
-161.6
-186.132
-188.892
-220.515
-224.029
-262.786
-266.854
-306.983
-310.712
-337.588
-338.892
-331.939
-328.866
-272.044
-263.984
-159.237
-147.139
-13.6796
-0.04963
133.182
145.333
249.958
258.15
314.936
317.93
326.154
325.035
299.145
295.741
257.668
253.914
217.199
213.91
183.762
181.128
157.493
155.43
136.81
135.172
120.205
118.888
106.509
105.398
94.9493
93.9948
84.9982
84.172
76.3346
75.6137
68.7737
68.1466
62.239
61.7
56.6628
56.2037
51.8825
51.4858
47.6996
47.3479
43.9493
43.6301
40.5216
40.2275
37.3509
37.0775
34.3957
34.1404
31.6322
31.3931
29.0445
28.8209
26.6329
26.4256
24.4144
24.2262
22.417
22.2497
20.6512
20.5032
19.0901
18.9581
17.6843
17.5644
16.3927
16.2814
15.1883
15.0843
14.0567
13.9584
12.9887
12.8954
11.979
11.8913
11.0256
10.9431
10.131
10.0539
9.30301
9.23251
8.55269
8.48948
7.88384
7.82753
7.28683
7.23625
6.7447
6.69819
6.2421
6.19864
5.77013
5.72909
5.32376
5.28486
4.89988
4.86288
4.49656
4.46141
4.11384
4.08056
3.75363
3.72264
3.42231
3.39447
2.94602
2.88158
2.33854
2.2942
1.91219
1.87997
1.59575
1.57105
1.35171
1.33237
1.15697
1.14124
0.996439
0.983564
0.865848
-2.23203
-2.25607
-2.28037
-2.30486
-2.32962
-2.35448
-2.40884
-2.43452
-2.46046
-2.48657
-2.51301
-2.53977
-2.59814
-2.62597
-2.65411
-2.68264
-2.71149
-2.74066
-2.80473
-2.83536
-2.86638
-2.89796
-2.93005
-2.96272
-3.03438
-3.06866
-3.10347
-3.13907
-3.17502
-3.21156
-3.29195
-3.33008
-3.36888
-3.40827
-3.44828
-3.48874
-3.57716
-3.61911
-3.66153
-3.70441
-3.74775
-3.79151
-3.88683
-3.9319
-3.97739
-4.02326
-4.06955
-4.11607
-4.21744
-4.26542
-4.31354
-4.36212
-4.41109
-4.4605
-4.56752
-4.61801
-4.66886
-4.7203
-4.77189
-4.824
-4.93718
-4.99048
-5.04428
-5.0984
-5.15298
-5.20805
-5.3274
-5.38382
-5.44083
-5.4981
-5.55595
-5.61425
-5.74114
-5.80109
-5.86154
-5.92253
-5.9843
-6.04633
-6.182
-6.24637
-6.31116
-6.37669
-6.44301
-6.51016
-6.65689
-6.72671
-6.79746
-6.86937
-6.94202
-7.0159
-7.17829
-7.2557
-7.33461
-7.41469
-7.49624
-7.57917
-7.76197
-7.84933
-7.93811
-8.0286
-8.12065
-8.21397
-8.41952
-8.51766
-8.61725
-8.71824
-8.82051
-8.92418
-9.15144
-9.25924
-9.3681
-9.47856
-9.58999
-9.70252
-9.94779
-10.0639
-10.1811
-10.2991
-10.4181
-10.5385
-10.7999
-10.9233
-11.0478
-11.1732
-11.2996
-11.427
-11.7038
-11.8343
-11.9658
-12.0987
-12.2325
-12.3674
-12.6603
-12.7987
-12.9382
-13.0785
-13.2202
-13.3627
-13.6732
-13.8201
-13.9678
-14.117
-14.2674
-14.4191
-14.7495
-14.9058
-15.0634
-15.2226
-15.3833
-15.5458
-15.9001
-16.0684
-16.2383
-16.4102
-16.5842
-16.7608
-17.1461
-17.3297
-17.5162
-17.7045
-17.8966
-18.0917
-18.5204
-18.726
-18.9348
-19.1471
-19.3637
-19.5835
-20.0685
-20.3017
-20.5384
-20.7796
-21.0249
-21.2745
-21.8226
-22.0844
-22.3504
-22.6212
-22.8949
-23.1731
-23.7818
-24.0706
-24.3631
-24.6594
-24.9587
-25.2618
-25.9217
-26.2336
-26.5492
-26.8675
-27.1885
-27.5134
-28.2202
-28.5541
-28.8908
-29.2309
-29.5736
-29.9194
-30.6717
-31.0268
-31.3856
-31.7476
-32.1128
-32.4814
-33.2832
-33.6629
-34.0455
-34.4313
-34.8213
-35.2138
-36.0712
-36.4769
-36.8876
-37.3017
-37.7202
-38.1431
-39.0661
-39.5036
-39.946
-40.3939
-40.8469
-41.3056
-42.3105
-42.7882
-43.272
-43.7626
-44.261
-44.7666
-45.8782
-46.4098
-46.9505
-47.5009
-48.0614
-48.6324
-49.8945
-50.5017
-51.1205
-51.7529
-52.3989
-53.058
-54.5206
-55.2227
-55.9412
-56.6767
-57.4254
-58.1894
-59.8837
-60.697
-61.5262
-62.3702
-63.2305
-64.1079
-66.0406
-66.9651
-67.9043
-68.86
-69.8319
-70.8201
-72.9955
-74.0351
-75.0932
-76.1621
-77.2524
-78.3616
-80.8027
-81.9722
-83.1612
-84.3708
-85.6007
-86.8524
-89.6165
-90.9413
-92.2974
-93.6709
-95.0722
-96.5102
-99.6884
-101.215
-102.778
-104.377
-106.012
-107.685
-111.408
-113.212
-115.068
-116.968
-118.918
-120.919
-125.386
-127.563
-129.813
-132.129
-134.509
-136.969
-142.529
-145.224
-148.026
-150.934
-153.939
-157.049
-164.149
-167.606
-171.225
-175
-178.908
-182.958
-192.181
-196.695
-201.389
-206.22
-211.229
-216.453
-228.228
-233.909
-239.708
-245.646
-251.726
-258.013
-271.628
-277.795
-284.112
-290.489
-296.696
-302.889
-314.915
-320.114
-324.542
-328.894
-332.668
-335.71
-340.029
-340.827
-340.727
-339.548
-337.712
-334.748
-324.627
-318.023
-310.332
-301.726
-291.937
-281.009
-253.999
-239.722
-224.581
-208.456
-191.241
-173.275
-132.638
-112.852
-92.5197
-71.7998
-50.9536
-29.7432
16.0188
37.137
57.9022
78.5753
98.8313
118.631
159.32
177.261
194.318
210.528
225.693
239.885
267.122
278.067
287.944
296.755
304.385
310.803
321.066
324.286
326.417
327.542
327.604
327.043
323.205
320.243
316.727
312.684
308.001
303.036
291.755
285.988
280.061
274.038
268.002
262.082
249.446
243.55
237.74
232.052
226.535
221.132
210.105
205.178
200.355
195.747
191.267
186.92
178.102
174.223
170.471
166.841
163.348
159.966
153.08
150.047
147.111
144.25
141.469
138.781
133.294
130.877
128.503
126.194
123.961
121.794
117.353
115.344
113.398
111.503
109.648
107.841
104.114
102.439
100.799
99.1911
97.6185
96.0827
92.8937
91.4587
90.0493
88.6691
87.3138
85.9824
83.2158
81.9662
80.7386
79.5349
78.3514
77.1927
74.7775
73.6847
72.6114
71.5592
70.5285
69.5196
67.4206
66.4732
65.545
64.6367
63.749
62.8804
61.0781
60.2702
59.4791
58.7059
57.9489
57.2085
55.672
54.9797
54.3033
53.6406
52.9907
52.354
51.0254
50.4233
49.832
49.2516
48.6804
48.1173
46.9388
46.4023
45.873
45.3508
44.8358
44.3277
43.2586
42.7697
42.2862
41.8085
41.3362
40.8694
39.8847
39.4334
38.9865
38.545
38.1078
37.6743
36.7584
36.3385
35.9227
35.5111
35.1017
34.6973
33.8429
33.4506
33.0617
32.6759
32.2936
31.9149
31.1141
30.7464
30.3823
30.021
29.663
29.3088
28.5601
28.2167
27.8769
27.5405
27.2076
26.8783
26.1843
25.8666
25.5529
25.2438
24.9386
24.6384
24.0075
23.7198
23.4369
23.1589
22.8853
22.616
22.0546
21.8005
21.5512
21.3054
21.0645
20.8272
20.3315
20.1071
19.8866
19.6699
19.4565
19.2462
18.8046
18.6043
18.4057
18.21
18.0168
17.8261
17.4245
17.2405
17.0583
16.8787
16.7002
16.524
16.1514
15.9804
15.8109
15.643
15.4764
15.3112
14.9623
14.8016
14.6427
14.4849
14.328
14.1727
13.8436
13.6921
13.5418
13.3928
13.2454
13.0983
12.7872
12.644
12.5019
12.361
12.2212
12.0825
11.7886
11.6533
11.5191
11.386
11.2541
11.1232
10.8464
10.7192
10.593
10.4682
10.3446
10.2222
9.96413
9.84548
9.72863
9.61326
9.49913
9.38653
9.15036
9.04257
8.93636
8.83196
8.72905
8.62767
8.41596
8.31985
8.22532
8.13233
8.04072
7.95062
7.76218
7.67651
7.59225
7.50925
7.4275
7.34671
7.17733
7.09989
7.02346
6.94802
6.87345
6.79978
6.64389
6.57237
6.50172
6.43154
6.36216
6.29336
6.14786
6.08088
6.0145
5.9487
5.88347
5.81848
5.6812
5.61809
5.5552
5.49284
5.43093
5.36954
5.23933
5.17937
5.11979
5.06073
5.00188
4.94353
4.81969
4.76244
4.70569
4.64934
4.59345
4.53813
4.42024
4.36599
4.31223
4.25867
4.20564
4.15307
4.04178
3.99043
3.93963
3.88934
3.83969
3.79031
3.68645
3.63903
3.59208
3.54585
3.50026
3.45542
3.36208
3.31992
3.27832
3.23813
3.13615
3.02525
2.80882
2.71627
2.6283
2.54533
2.46685
2.39234
2.24379
2.17975
2.11874
2.06021
2.0045
1.95104
1.8432
1.79589
1.7507
1.70719
1.66544
1.62521
1.54267
1.50638
1.47136
1.43799
1.40617
1.37482
1.31008
1.28124
1.25337
1.22653
1.20056
1.17559
1.12307
1.09955
1.07657
1.05427
1.03276
1.01186
0.968708
0.949462
0.930753
0.912616
0.894948
0.87817
