-2.6283
-2.94063
-3.30798
-3.73323
-4.20614
-4.7205
-5.27717
-5.88256
-6.55002
-7.30966
-8.20722
-9.26197
-10.4502
-11.7513
-13.1644
-14.7037
-16.4011
-18.3278
-20.6073
-23.3214
-26.4312
-29.8739
-33.6499
-37.8081
-42.456
-47.8069
-54.2755
-62.2753
-71.9574
-83.4355
-97.1961
-114.262
-136.499
-167.282
-212.001
-273.132
-330.843
-327.023
-211.273
-6.88124
197.136
313.146
318.47
263.542
205.929
163.031
132.83
110.697
93.5808
79.8084
68.5161
59.3919
52.1312
46.1624
41.0116
36.4258
32.2807
28.5149
25.1296
22.1916
19.7317
17.646
15.8021
14.1271
12.5881
11.171
9.87704
8.73164
7.75598
6.92447
6.18749
5.51432
4.89146
4.31244
3.77875
3.30594
2.42333
1.81105
1.4088
1.12274
-2.62939
-2.93937
-2.9419
-3.3065
-3.30947
-3.73154
-3.73491
-4.2043
-4.20799
-4.7185
-4.7225
-5.275
-5.27933
-5.8802
-5.88493
-6.54738
-6.55266
-7.30659
-7.31273
-8.20358
-8.21087
-9.25777
-9.26617
-10.4455
-10.4548
-11.7463
-11.7564
-13.1589
-13.17
-14.6977
-14.7097
-16.3944
-16.4079
-18.32
-18.3356
-20.598
-20.6167
-23.3106
-23.3323
-26.4189
-26.4434
-29.8604
-29.8874
-33.6351
-33.6647
-37.7917
-37.8245
-42.4375
-42.4745
-47.7852
-47.8287
-54.2486
-54.3022
-62.2424
-62.3083
-71.918
-71.9968
-83.3887
-83.4823
-97.1394
-97.253
-114.19
-114.335
-136.403
-136.596
-167.146
-167.418
-211.801
-212.201
-272.896
-273.368
-330.693
-330.992
-327.239
-326.805
-211.912
-210.632
-7.70509
-6.05745
196.494
197.778
312.934
313.357
318.612
318.327
263.771
263.312
206.117
205.74
163.165
162.899
132.925
132.735
110.769
110.625
93.6378
93.5239
79.8551
79.7617
68.5541
68.478
59.4222
59.3617
52.1555
52.1068
46.183
46.1419
41.0297
40.9935
36.4421
36.4096
32.2955
32.2659
28.5283
28.5015
25.1415
25.1177
22.2017
22.1816
19.7401
19.7234
17.6533
17.6388
15.8086
15.7955
14.1331
14.1211
12.5936
12.5826
11.1761
11.1659
9.88162
9.87246
8.73561
8.72766
7.75933
7.75263
6.92738
6.92157
6.19011
6.18487
5.51673
5.5119
4.8937
4.88921
4.31453
4.31036
3.78064
3.77685
3.30757
3.30431
2.42622
2.42044
1.81287
1.80923
1.41003
1.40758
1.12367
-2.63865
-2.92866
-2.95266
-3.29394
-3.32208
-3.71724
-3.74927
-4.18862
-4.22374
-4.70152
-4.73952
-5.25662
-5.29777
-5.86013
-5.90506
-6.52499
-6.57511
-7.28053
-7.33892
-8.17267
-8.24202
-9.22205
-9.30193
-10.406
-10.4945
-11.7033
-11.7995
-13.1122
-13.2169
-14.6466
-14.761
-16.3375
-16.465
-18.254
-18.4019
-20.5189
-20.6963
-23.2183
-23.4255
-26.3148
-26.5479
-29.7461
-30.0021
-33.5096
-33.7907
-37.6529
-37.9638
-42.2806
-42.6322
-47.6008
-48.0147
-54.0208
-54.5308
-61.963
-62.5896
-71.5841
-72.3329
-82.9926
-83.8813
-96.6586
-97.7393
-113.58
-114.95
-135.588
-137.417
-165.997
-168.587
-210.115
-213.912
-270.867
-275.4
-329.388
-332.186
-329.018
-324.889
-217.28
-205.117
-14.71
0.99012
190.987
203.18
311.06
315.083
319.772
317.175
265.724
261.368
207.728
204.081
164.303
161.775
133.738
131.933
111.385
110.014
94.1238
93.0419
80.2518
79.3668
68.879
68.156
59.6809
59.1055
52.3632
51.9007
46.3583
45.9675
41.1838
40.8401
36.5806
36.2716
32.4213
32.1406
28.6423
28.388
25.2426
25.017
22.2875
22.0961
19.8117
19.6524
17.7153
17.5771
15.8644
15.7399
14.1841
14.0702
12.6407
12.5357
11.2193
11.1227
9.92071
9.83362
8.76949
8.69399
7.78786
7.72425
6.9521
6.89696
6.21244
6.16261
5.53738
5.49139
4.91283
4.87015
4.33227
4.29267
3.79678
3.76075
3.32138
3.29057
2.45102
2.39616
1.82849
1.79392
1.42049
1.39721
1.13159
-2.6685
-2.71188
-2.75612
-2.80126
-2.84749
-2.89487
-2.98747
-3.03821
-3.09023
-3.14358
-3.19822
-3.25415
-3.3629
-3.4224
-3.48313
-3.54482
-3.60791
-3.67183
-3.79543
-3.86232
-3.93014
-3.99881
-4.06839
-4.13884
-4.27429
-4.34726
-4.42112
-4.4957
-4.57124
-4.64759
-4.7942
-4.87321
-4.95309
-5.0339
-5.11562
-5.19833
-5.35704
-5.44272
-5.52949
-5.6172
-5.70622
-5.79642
-5.96988
-6.06371
-6.15905
-6.25578
-6.35408
-6.45404
-6.64759
-6.75311
-6.86082
-6.97072
-7.08324
-7.19838
-7.42349
-7.54729
-7.67426
-7.80444
-7.93776
-8.0749
-8.34261
-8.48952
-8.63969
-8.79275
-8.94905
-9.10888
-9.4175
-9.58521
-9.75536
-9.92786
-10.1031
-10.2808
-10.6221
-10.8066
-10.9933
-11.1821
-11.3731
-11.5667
-11.9379
-12.1383
-12.3411
-12.546
-12.7537
-12.964
-13.3671
-13.5848
-13.8055
-14.0288
-14.2551
-14.4844
-14.9259
-15.1646
-15.4068
-15.6528
-15.9027
-16.1573
-16.6494
-16.9174
-17.1904
-17.469
-17.7539
-18.0461
-18.6162
-18.9299
-19.2515
-19.5818
-19.9207
-20.2699
-20.9535
-21.3297
-21.7147
-22.108
-22.5116
-22.9244
-23.7267
-24.1625
-24.6074
-25.0588
-25.5181
-25.9845
-26.8836
-27.3697
-27.8627
-28.3629
-28.8695
-29.3831
-30.371
-30.904
-31.4447
-31.9924
-32.5479
-33.1107
-34.1954
-34.7814
-35.3747
-35.9779
-36.59
-37.2122
-38.413
-39.064
-39.7256
-40.399
-41.0844
-41.7832
-43.1406
-43.8805
-44.6374
-45.4112
-46.2048
-47.0186
-48.6165
-49.4971
-50.4056
-51.3409
-52.3072
-53.3041
-55.2722
-56.3643
-57.4902
-58.6509
-59.8485
-61.0802
-63.5026
-64.8392
-66.2086
-67.6129
-69.0522
-70.529
-73.4188
-75.0055
-76.6239
-78.2874
-79.9924
-81.742
-85.1703
-87.0548
-88.9928
-90.9823
-93.0342
-95.1387
-99.308
-101.613
-103.999
-106.466
-109.018
-111.665
-116.952
-119.914
-122.984
-126.185
-129.536
-133.04
-140.124
-144.121
-148.328
-152.763
-157.436
-162.401
-172.464
-178.278
-184.415
-190.904
-197.706
-204.882
-219.547
-227.872
-236.474
-245.364
-254.598
-264.163
-282.025
-291.611
-300.861
-309.577
-317.941
-324.847
-335.474
-338.944
-340.731
-340.481
-338.176
-333.656
-317.941
-306.041
-291.65
-274.708
-255.39
-233.642
-186.721
-159.051
-130.209
-100.043
-68.8549
-37.2267
23.4824
54.9574
86.061
116.189
145.151
172.778
219.66
241.283
260.796
277.779
292.324
304.307
319.837
324.81
327.309
327.548
326.192
322.974
312.972
305.849
298.105
289.977
281.133
272.049
255.176
246.248
237.469
228.978
220.8
213.003
199.081
192.235
185.695
179.489
173.614
168.029
158.264
153.454
148.9
144.549
140.374
136.4
129.418
125.919
122.59
119.412
116.34
113.383
108.099
105.448
102.894
100.419
98.0192
95.7028
91.5251
89.4099
87.355
85.3563
83.4181
81.5364
78.1225
76.3897
74.7043
73.0662
71.4733
69.93
67.1411
65.728
64.3602
63.0379
61.7571
60.521
58.2978
57.1765
56.0909
55.0385
54.0218
53.0355
51.2494
50.3393
49.4543
48.5913
47.7479
46.9239
45.4156
44.6402
43.8797
43.1339
42.4007
41.6803
40.3535
39.6675
38.9915
38.3274
37.6722
37.0265
35.8338
35.2144
34.6043
34.0031
33.4108
32.8259
31.7426
31.1805
30.6262
30.0798
29.5405
29.0093
28.0277
27.5194
27.0191
26.527
26.0436
25.5687
24.6989
24.2518
23.8147
23.388
22.9715
22.5648
21.8274
21.4516
21.0859
20.7292
20.3812
20.0429
19.4277
19.1122
18.803
18.5016
18.2055
17.9151
17.3815
17.1051
16.8336
16.5666
16.3033
16.0435
15.5636
15.3138
15.0679
14.8249
14.5853
14.3481
13.9086
13.6798
13.4537
13.2308
13.0099
12.7916
12.3869
12.1762
11.9679
11.7622
11.5588
11.358
10.986
10.7927
10.6018
10.4141
10.2288
10.0465
9.71061
9.53727
9.36722
9.20108
9.038
8.87854
8.58783
8.43914
8.29418
8.15298
8.01485
7.88006
7.6346
7.50893
7.38588
7.26562
7.14757
7.03172
6.81892
6.70874
6.60021
6.49339
6.38809
6.2842
6.09187
5.99182
5.89296
5.79531
5.69884
5.60342
5.42615
5.33379
5.24237
5.15214
5.06268
4.97419
4.80957
4.7236
4.63856
4.55469
4.47151
4.38922
4.23647
4.15693
4.07835
4.00084
3.92425
3.84883
3.70973
3.63784
3.5674
3.4985
3.43123
3.36589
3.24774
3.10603
2.94363
2.79577
2.65908
2.53303
2.32118
2.22015
2.1263
2.0388
1.95696
1.87978
1.7464
1.68165
1.62072
1.56233
1.50686
1.45452
1.36431
1.31881
1.27526
1.23395
1.1948
1.15735
