-1.71826
-1.85167
-1.99082
-2.13614
-2.28819
-2.44837
-2.61889
-2.80348
-3.00802
-3.23733
-3.49132
-3.76613
-4.05795
-4.36493
-4.68673
-5.02344
-5.37665
-5.74769
-6.13941
-6.55648
-7.00759
-7.50717
-8.06986
-8.70003
-9.38895
-10.126
-10.9041
-11.7214
-12.5791
-13.48
-14.4277
-15.4288
-16.4944
-17.6458
-18.9163
-20.351
-21.9733
-23.7675
-25.704
-27.7647
-29.9401
-32.2369
-34.6632
-37.2357
-39.9755
-42.9193
-46.1299
-49.7129
-53.8111
-58.5555
-63.974
-70.0313
-76.7365
-84.1621
-92.4495
-101.824
-112.614
-125.276
-140.504
-159.379
-183.601
-215.143
-255.399
-302.277
-346.678
-369.24
-348.861
-275.823
-155.113
-6.89977
141.151
261.891
334.85
355.18
333.64
291.344
247.154
209.079
179.166
155.703
137.064
121.822
109.13
98.2676
88.8179
80.4801
73.0779
66.5315
60.84
55.9556
51.7389
48.015
44.6365
41.5184
38.6101
35.8781
33.3025
30.8666
28.5656
26.4005
24.3885
22.5604
20.9387
19.5059
18.216
17.0275
15.914
14.8616
13.8614
12.9091
12.0013
11.1373
10.3168
9.54636
8.8364
8.19858
7.63122
7.11935
6.64685
6.20356
5.7832
5.38138
4.99716
4.62905
4.27626
3.939
3.61987
3.32444
2.83342
2.30646
1.92486
1.63444
1.40544
1.22005
1.06538
0.93526
0.827219
0.730683
0.643615
0.565835
-1.71905
-1.85085
-1.8525
-1.98996
-1.99168
-2.13524
-2.13704
-2.28725
-2.28913
-2.44738
-2.44937
-2.61783
-2.61996
-2.80231
-2.80465
-3.00672
-3.00933
-3.23586
-3.2388
-3.48971
-3.49292
-3.76441
-3.76784
-4.05614
-4.05977
-4.36303
-4.36683
-4.68474
-4.68871
-5.02135
-5.02552
-5.37446
-5.37884
-5.7454
-5.74999
-6.13697
-6.14185
-6.55387
-6.55909
-7.00473
-7.01044
-7.50397
-7.51037
-8.06625
-8.07348
-8.69604
-8.70403
-9.38464
-9.39326
-10.1214
-10.1306
-10.8993
-10.9089
-11.7163
-11.7264
-12.5738
-12.5844
-13.4744
-13.4856
-14.4218
-14.4336
-15.4226
-15.435
-16.4877
-16.5011
-17.6386
-17.6531
-18.9081
-18.9244
-20.3417
-20.3602
-21.963
-21.9837
-23.7562
-23.7788
-25.6919
-25.7161
-27.7519
-27.7775
-29.9266
-29.9536
-32.2227
-32.2511
-34.6481
-34.6784
-37.2197
-37.2518
-39.9584
-39.9926
-42.9008
-42.9378
-46.1095
-46.1503
-49.6899
-49.7359
-53.7845
-53.8377
-58.5249
-58.5862
-63.9394
-64.0086
-69.9928
-70.0699
-76.6939
-76.7791
-84.1149
-84.2095
-92.3963
-92.5028
-101.764
-101.884
-112.543
-112.684
-125.193
-125.36
-140.403
-140.606
-159.251
-159.508
-183.434
-183.769
-214.926
-215.36
-255.133
-255.665
-301.986
-302.567
-346.449
-346.905
-369.213
-369.266
-349.13
-348.591
-276.427
-275.217
-155.957
-154.268
-7.81878
-5.98083
140.31
141.991
261.289
262.492
334.575
335.123
355.2
355.159
333.857
333.422
291.627
291.061
247.409
246.898
209.282
208.877
179.326
179.007
155.829
155.577
137.166
136.962
121.906
121.739
109.2
109.059
98.3285
98.2068
88.8712
88.7646
80.5275
80.4328
73.1201
73.0358
66.5687
66.4944
60.8719
60.8081
55.9827
55.9284
51.7628
51.7151
48.0363
47.9937
44.6561
44.617
41.5365
41.5002
38.6272
38.5931
35.8941
35.8621
33.3176
33.2874
30.8809
30.8523
28.5791
28.5521
26.4132
26.3879
24.4001
24.3768
22.5709
22.55
20.9478
20.9295
19.514
19.4977
18.2235
18.2086
17.0344
17.0205
15.9206
15.9075
14.8678
14.8554
13.8673
13.8555
12.9147
12.9035
12.0067
11.996
11.1423
11.1322
10.3217
10.312
9.55086
9.54186
8.84048
8.83233
8.20223
8.19494
7.63446
7.62798
7.12231
7.1164
6.6496
6.64409
6.20616
6.20095
5.78569
5.78072
5.38375
5.379
4.99943
4.99489
4.63123
4.62687
4.27835
4.27418
3.94099
3.93701
3.62173
3.618
3.32614
3.32275
2.83721
2.82964
2.30914
2.30378
1.92686
1.92287
1.63599
1.63289
1.40665
1.40423
1.22107
1.21903
1.06624
1.06452
0.935978
0.934543
0.827829
0.826608
0.731239
0.730128
0.644108
0.643122
0.566276
-1.72459
-1.84509
-1.85827
-1.98395
-1.9977
-2.12897
-2.14332
-2.28066
-2.29574
-2.44043
-2.45634
-2.61036
-2.62745
-2.79414
-2.81288
-2.99759
-3.01848
-3.22564
-3.24908
-3.47851
-3.50417
-3.75243
-3.77986
-4.04348
-4.07249
-4.34976
-4.38014
-4.67086
-4.70264
-5.00679
-5.04012
-5.35917
-5.39418
-5.72933
-5.76611
-6.11992
-6.15895
-6.53563
-6.57742
-6.98482
-7.03052
-7.4816
-7.53284
-8.04103
-8.09885
-8.66816
-8.73211
-9.35452
-9.42348
-10.0894
-10.1628
-10.8656
-10.9427
-11.6808
-11.762
-12.5367
-12.6216
-13.4354
-13.5247
-14.3807
-14.4748
-15.379
-15.4787
-16.4411
-16.5479
-17.5877
-17.7042
-18.8515
-18.9814
-20.2773
-20.425
-21.8906
-22.0563
-23.6771
-23.8581
-25.6075
-25.8009
-27.6625
-27.8672
-29.8325
-30.0483
-32.1233
-32.3508
-34.5427
-34.7843
-37.1077
-37.3642
-39.8387
-40.1128
-42.7717
-43.0677
-45.9674
-46.2933
-49.5288
-49.8976
-53.5991
-54.0245
-58.3111
-58.8009
-63.6975
-64.2515
-69.724
-70.3405
-76.3967
-77.0788
-83.7849
-84.542
-92.0252
-92.8759
-101.346
-102.305
-112.051
-113.179
-124.611
-125.948
-139.697
-141.32
-158.358
-160.416
-182.27
-184.949
-213.419
-216.901
-253.277
-257.536
-299.963
-304.597
-344.843
-348.474
-368.974
-369.397
-350.966
-346.646
-280.6
-270.916
-161.824
-148.315
-14.2541
0.43448
134.392
147.843
257.021
266.635
332.598
336.98
355.295
354.963
335.35
331.894
293.574
289.19
249.205
245.118
210.71
207.467
180.451
177.895
156.719
154.698
137.881
136.254
122.493
121.157
109.698
108.566
98.7559
97.7821
89.2466
88.3928
80.8611
80.1025
73.4161
72.7418
66.8296
66.2354
61.0959
60.5858
56.1733
55.7389
51.9302
51.5488
48.186
47.8445
44.7932
44.4804
41.664
41.3733
38.7466
38.4741
36.0063
35.7503
33.4236
33.1816
30.9812
30.7523
28.6738
28.4577
26.5019
26.2995
24.4818
24.2955
22.644
22.4773
21.0122
20.8655
19.5714
19.4406
18.2758
18.1565
17.0831
16.972
15.9663
15.8619
14.9113
14.812
13.9086
13.8143
12.9541
12.8642
12.0442
11.9586
11.178
11.0966
10.3554
10.2784
9.58233
9.51055
8.8691
8.80386
8.22785
8.16958
7.65719
7.60537
7.14309
7.09568
6.66895
6.62489
6.22442
6.18271
5.80309
5.76331
5.40038
5.36241
5.01536
4.97901
4.6465
4.61164
4.29296
4.25961
3.95492
3.92312
3.63483
3.60497
3.33805
3.31091
2.86406
2.80345
2.32805
2.28518
1.94092
1.909
1.64688
1.6221
1.41514
1.39581
1.22824
1.21194
1.07228
1.05853
0.941025
0.929547
0.832116
0.822343
0.73514
0.726248
0.647572
0.639683
0.569376
-1.73859
-1.7568
-1.7751
-1.79347
-1.81198
-1.83062
-1.87284
-1.89182
-1.91093
-1.93011
-1.94943
-1.96886
-2.01293
-2.03273
-2.05271
-2.07275
-2.09289
-2.11319
-2.15921
-2.17992
-2.20077
-2.2217
-2.24283
-2.26411
-2.31246
-2.33425
-2.35622
-2.37826
-2.40051
-2.42295
-2.47404
-2.49715
-2.52042
-2.5439
-2.56764
-2.59166
-2.64642
-2.67131
-2.69644
-2.72179
-2.74753
-2.77369
-2.83379
-2.86121
-2.88894
-2.91704
-2.94566
-2.97479
-3.04181
-3.07242
-3.10355
-3.13517
-3.16736
-3.20005
-3.27516
-3.30933
-3.34401
-3.37903
-3.41457
-3.45049
-3.53269
-3.56995
-3.60756
-3.64544
-3.68373
-3.72235
-3.81031
-3.85
-3.89
-3.93024
-3.97085
-4.01171
-4.10468
-4.14652
-4.18861
-4.23088
-4.27354
-4.31642
-4.41385
-4.45772
-4.50177
-4.54607
-4.59082
-4.63589
-4.73788
-4.78377
-4.82993
-4.87627
-4.92304
-4.97018
-5.07707
-5.12522
-5.17367
-5.22232
-5.2714
-5.32079
-5.43298
-5.48347
-5.53432
-5.58543
-5.63702
-5.68897
-5.80691
-5.86016
-5.91384
-5.96777
-6.02225
-6.07716
-6.20228
-6.25872
-6.31567
-6.37305
-6.43114
-6.48988
-6.62392
-6.68467
-6.74607
-6.80818
-6.87119
-6.93502
-7.08147
-7.14834
-7.21625
-7.28493
-7.35482
-7.42586
-7.59
-7.66503
-7.74141
-7.81872
-7.89763
-7.97809
-8.16328
-8.24784
-8.33357
-8.42044
-8.5088
-8.5983
-8.80323
-8.89628
-8.99053
-9.08552
-9.18179
-9.2789
-9.50015
-9.60023
-9.7011
-9.8027
-9.90527
-10.0089
-10.2441
-10.35
-10.4565
-10.5638
-10.6719
-10.7809
-11.0281
-11.1394
-11.2516
-11.3642
-11.4776
-11.5919
-11.8519
-11.9688
-12.0864
-12.2045
-12.3237
-12.4436
-12.7158
-12.8385
-12.9619
-13.0861
-13.2113
-13.3374
-13.6236
-13.7526
-13.8826
-14.0131
-14.1448
-14.2775
-14.5792
-14.7151
-14.852
-14.9899
-15.1294
-15.2698
-15.5894
-15.7338
-15.8795
-16.0261
-16.1744
-16.3242
-16.6667
-16.8221
-16.9788
-17.1373
-17.2983
-17.4607
-17.834
-18.0042
-18.1767
-18.3514
-18.5294
-18.71
-19.1269
-19.3182
-19.5131
-19.7108
-19.9116
-20.1165
-20.5904
-20.8071
-21.0275
-21.2513
-21.4792
-21.7098
-22.2408
-22.4826
-22.7272
-22.9744
-23.2254
-23.4794
-24.059
-24.3214
-24.5862
-24.8532
-25.1231
-25.3955
-26.0157
-26.2957
-26.5776
-26.8613
-27.1489
-27.4377
-28.0944
-28.3902
-28.6878
-28.9878
-29.2904
-29.5955
-30.2882
-30.6007
-30.9158
-31.2326
-31.5515
-31.8728
-32.6037
-32.9331
-33.2656
-33.6003
-33.9376
-34.2777
-35.0523
-35.4013
-35.7529
-36.1075
-36.4659
-36.8266
-37.6491
-38.0203
-38.3944
-38.7718
-39.1528
-39.5379
-40.4174
-40.8151
-41.2165
-41.6225
-42.0331
-42.4477
-43.3975
-43.8287
-44.266
-44.7083
-45.1569
-45.6117
-46.6577
-47.1355
-47.6209
-48.113
-48.6151
-49.1262
-50.3105
-50.8523
-51.4052
-51.9701
-52.5473
-53.1356
-54.4999
-55.1284
-55.772
-56.427
-57.0958
-57.7763
-59.3524
-60.0763
-60.8115
-61.5577
-62.3174
-63.0897
-64.8706
-65.6826
-66.5062
-67.3421
-68.1907
-69.0505
-71.0282
-71.9283
-72.8415
-73.7662
-74.7039
-75.6546
-77.8405
-78.8368
-79.8449
-80.8678
-81.9073
-82.9599
-85.3879
-86.4934
-87.6202
-88.7612
-89.9205
-91.1016
-93.8263
-95.0741
-96.3409
-97.6337
-98.9533
-100.295
-103.391
-104.823
-106.282
-107.766
-109.278
-110.824
-114.442
-116.11
-117.821
-119.568
-121.341
-123.163
-127.453
-129.436
-131.472
-133.573
-135.73
-137.942
-143.154
-145.612
-148.132
-150.737
-153.416
-156.159
-162.743
-165.822
-169.054
-172.384
-175.826
-179.378
-187.979
-191.99
-196.116
-200.44
-204.952
-209.665
-220.799
-225.988
-231.429
-237.011
-242.704
-248.566
-262.316
-268.583
-275.142
-281.782
-288.347
-294.831
-309.588
-316.108
-322.528
-328.686
-334.792
-340.588
-352.223
-356.606
-360.392
-363.667
-366.133
-367.988
-369.33
-368.189
-366.207
-363.346
-359.827
-355.277
-341.203
-333.162
-324.056
-314.14
-303.013
-290.769
-259.727
-244.673
-228.74
-211.891
-194.344
-176.305
-133.16
-113.259
-92.9865
-72.3715
-51.6377
-30.5835
16.7312
37.7164
58.4959
79.0041
99.3099
119.234
162.31
180.544
198.05
214.737
230.682
245.869
276.643
288.791
299.872
309.971
319.069
327.143
341.252
345.981
349.687
352.331
354.227
355.17
354.118
352.481
350.043
346.883
343.221
339.002
327.835
322.244
316.625
310.737
304.516
298.275
284.346
278.07
271.828
265.639
259.635
253.753
240.687
235.139
229.75
224.515
219.399
214.414
203.972
199.581
195.335
191.198
187.197
183.343
175.127
171.683
168.362
165.135
162.031
159.012
152.519
149.824
147.168
144.617
142.138
139.712
134.494
132.277
130.13
128.029
125.988
123.995
119.706
117.878
116.087
114.333
112.636
110.968
107.337
105.774
104.251
102.756
101.29
99.8465
96.7191
95.3676
94.0416
92.7399
91.4607
90.2041
87.4631
86.2703
85.1002
83.9488
82.8198
81.7095
79.2764
78.2237
77.1845
76.1641
75.1596
74.1702
72.0066
71.0715
70.1517
69.2497
68.3645
67.4938
65.5905
64.7727
63.9732
63.1896
62.4191
61.6658
60.0312
59.3201
58.6376
57.9663
57.3071
56.6618
55.2646
54.6611
54.0685
53.4868
52.9171
52.3569
51.1329
50.6051
50.0851
49.5723
49.0658
48.5668
47.4707
46.9931
46.5216
46.0562
45.5963
45.1412
44.1373
43.6978
43.263
42.8331
42.4084
41.9869
41.0545
40.6456
40.2413
39.8414
39.4446
39.0503
38.1755
37.7925
37.4121
37.0352
36.6614
36.2906
35.469
35.108
34.7501
34.3946
34.0419
33.6923
32.9154
32.5738
32.2355
31.8996
31.5662
31.2354
30.501
30.179
29.8592
29.5414
29.2262
28.9137
28.2206
27.9166
27.6151
27.3163
27.0206
26.7272
26.0777
25.7935
25.5123
25.2352
24.9608
24.6891
24.0921
23.8317
23.5748
23.3227
23.0742
22.8299
22.2951
22.063
21.8354
21.6123
21.3927
21.1764
20.7059
20.5012
20.3005
20.1035
19.909
19.7172
19.2977
19.1153
18.9352
18.7579
18.5822
18.4084
18.026
17.8586
17.6929
17.5294
17.3672
17.2064
16.8503
16.6941
16.5391
16.3858
16.2336
16.0823
15.7473
15.5999
15.4532
15.3081
15.1639
15.0208
14.703
14.5629
14.4239
14.2861
14.1492
14.013
13.7107
13.5774
13.4451
13.3138
13.1832
13.0536
12.7656
12.6386
12.5124
12.3872
12.2626
12.1391
11.8646
11.7438
11.6237
11.5046
11.3861
11.2684
11.0072
10.8922
10.7779
10.6648
10.5523
10.4409
10.194
10.0855
9.97825
9.87198
9.76644
9.66214
9.43195
9.33136
9.23198
9.13407
9.03727
8.94182
8.73275
8.64195
8.55236
8.4643
8.3777
8.29249
8.10624
8.02529
7.94579
7.86776
7.79072
7.71496
7.54851
7.476
7.40444
7.33407
7.26445
7.19573
7.04376
6.97721
6.91155
6.84657
6.78181
6.71795
6.57666
6.51463
6.45289
6.39174
6.33094
6.27064
6.13689
6.07793
6.01967
5.96191
5.90416
5.84699
5.71952
5.66332
5.6076
5.55226
5.49717
5.44243
5.32072
5.26701
5.21362
5.16075
5.10802
5.05566
4.9391
4.88765
4.83652
4.78592
4.73546
4.68516
4.57331
4.52397
4.47495
4.42636
4.37799
4.32991
4.22296
4.17573
4.12882
4.08234
4.03608
3.99018
3.88826
3.84348
3.79905
3.75506
3.71131
3.66797
3.57232
3.53039
3.48894
3.448
3.40756
3.36802
3.2814
3.24477
3.20878
3.12617
3.0272
2.93345
2.73936
2.65961
2.5834
2.51122
2.4423
2.37682
2.23936
2.18232
2.12779
2.07552
2.02525
1.97705
1.87466
1.83162
1.79017
1.75039
1.71197
1.67474
1.59528
1.56145
1.52873
1.49715
1.46657
1.43705
1.37479
1.34794
1.32161
1.29598
1.27097
1.24661
1.1944
1.17245
1.15058
1.12905
1.10814
1.08773
1.04362
1.02475
1.0064
0.988511
0.971008
0.953928
0.917126
0.90142
0.8862
0.871646
0.857234
0.842995
0.811661
0.797986
0.784484
0.771184
0.75803
0.745048
0.716537
0.704119
0.691875
0.679831
0.668003
0.656395
0.6311
0.619985
0.609012
0.598256
0.587668
0.577273
