-1.84881
-2.10999
-2.39583
-2.71639
-3.09314
-3.54539
-4.06569
-4.64097
-5.27067
-5.96352
-6.74078
-7.65328
-8.76037
-10.0577
-11.5074
-13.1012
-14.858
-16.8274
-19.1275
-21.938
-25.2984
-29.1134
-33.3549
-38.0875
-43.4688
-49.8566
-57.8943
-68.0468
-80.4382
-95.5908
-114.877
-141.026
-179.349
-237.638
-310.323
-338.045
-233.836
-6.88124
219.855
324.658
298.788
230.084
174.649
137.289
111.313
91.976
76.8318
64.7721
55.4047
48.0821
42.0003
36.703
31.9863
27.7606
24.0424
20.9318
18.3878
16.216
14.2806
12.5247
10.9269
9.49319
8.26421
7.24618
6.37599
5.59695
4.88472
4.22957
3.63509
2.94502
2.04348
1.51243
1.163
0.911817
0.726271
-1.84963
-2.10909
-2.11088
-2.39484
-2.39682
-2.71526
-2.71752
-3.09178
-3.09449
-3.54378
-3.547
-4.06389
-4.06749
-4.639
-4.64294
-5.26851
-5.27284
-5.96112
-5.96592
-6.73805
-6.74352
-7.64999
-7.65658
-8.75641
-8.76434
-10.0532
-10.0623
-11.5024
-11.5124
-13.0957
-13.1067
-14.8519
-14.8641
-16.8205
-16.8344
-19.1192
-19.1358
-21.9278
-21.9482
-25.2866
-25.3103
-29.1002
-29.1266
-33.3402
-33.3696
-38.071
-38.1039
-43.4498
-43.4878
-49.8333
-49.88
-57.8645
-57.924
-68.0099
-68.0837
-80.3935
-80.4829
-95.535
-95.6466
-114.805
-114.95
-140.925
-141.128
-179.196
-179.504
-237.412
-237.864
-310.1
-310.545
-338.133
-337.956
-234.415
-233.255
-7.70509
-6.05745
219.27
220.438
324.555
324.76
298.992
298.584
230.298
229.869
174.798
174.501
137.39
137.188
111.385
111.24
92.0317
91.9203
76.8761
76.7875
64.8071
64.7371
55.4316
55.3777
48.1038
48.0605
42.0188
41.9817
36.7194
36.6867
32.001
31.9716
27.7737
27.7475
24.0537
24.0312
20.941
20.9226
18.3954
18.3801
16.2227
16.2093
14.2866
14.2745
12.5302
12.5192
10.9319
10.9219
9.49759
9.4888
8.26788
8.26054
7.24923
7.24312
6.37868
6.3733
5.59939
5.59451
4.88697
4.88248
4.23163
4.22751
3.63692
3.63326
2.94902
2.94104
2.04567
2.0413
1.51382
1.51103
1.16396
1.16203
0.912512
0.911123
0.726827
-1.85704
-2.10104
-2.11895
-2.38595
-2.40576
-2.70513
-2.72771
-3.07963
-3.10676
-3.52944
-3.5616
-4.0477
-4.0837
-4.62126
-4.66074
-5.24907
-5.29234
-5.93959
-5.98754
-6.71349
-6.76822
-7.62042
-7.68636
-8.72081
-8.80012
-10.0125
-10.1031
-11.4575
-11.5574
-13.0465
-13.1562
-14.7973
-14.9189
-16.7584
-16.8966
-19.0449
-19.2108
-21.8367
-22.0399
-25.1804
-25.4169
-28.9813
-29.2459
-33.2081
-33.5022
-37.9228
-38.2526
-43.2791
-43.6596
-49.6242
-50.0905
-57.5981
-58.1932
-67.6799
-68.4171
-79.9924
-80.8872
-95.0378
-96.1509
-114.154
-115.607
-140.004
-142.051
-177.817
-180.906
-235.388
-239.908
-308.071
-312.525
-338.838
-337.062
-239.649
-227.957
-15.1222
1.40591
213.927
225.622
323.592
325.582
300.816
296.73
232.242
227.946
176.146
173.174
138.307
136.284
112.041
110.589
92.535
91.4244
77.2763
76.3897
65.1237
64.4238
55.6754
55.1363
48.2995
47.8661
42.1858
41.8154
36.8674
36.5398
32.1332
31.8399
27.8917
27.6299
24.1553
23.9302
21.0242
20.84
18.4643
18.3116
16.2831
16.149
14.3411
14.2203
12.5798
12.4698
10.9767
10.877
9.53727
9.44935
8.301
8.22768
7.27683
7.21569
6.4029
6.34913
5.62139
5.57258
4.9072
4.86232
4.25019
4.20902
3.65344
3.61684
2.98543
2.90566
2.06554
2.02184
1.52648
1.49858
1.17265
1.15337
0.918801
0.904914
0.731843
-1.88238
-1.91975
-1.95755
-1.99586
-2.03461
-2.07384
-2.14654
-2.18724
-2.22853
-2.27043
-2.3129
-2.35599
-2.43627
-2.48136
-2.5273
-2.57421
-2.62207
-2.67099
-2.76274
-2.81495
-2.86857
-2.92377
-2.9805
-3.03874
-3.14908
-3.21213
-3.27687
-3.34322
-3.4112
-3.48084
-3.61134
-3.68499
-3.76012
-3.83655
-3.91417
-3.99302
-4.1393
-4.22142
-4.30471
-4.38919
-4.47465
-4.56127
-4.7217
-4.81162
-4.90269
-4.99516
-5.08871
-5.18351
-5.35912
-5.45776
-5.55775
-5.65933
-5.76238
-5.86697
-6.06152
-6.1712
-6.28284
-6.39656
-6.51252
-6.6308
-6.85311
-6.9796
-7.10937
-7.24283
-7.37999
-7.52123
-7.78905
-7.9421
-8.10016
-8.26264
-8.42956
-8.60091
-8.92317
-9.1064
-9.29307
-9.48394
-9.67795
-9.87536
-10.2429
-10.449
-10.6587
-10.8717
-11.0873
-11.306
-11.7114
-11.9384
-12.1689
-12.4029
-12.6397
-12.8801
-13.3252
-13.5749
-13.8286
-14.0865
-14.3476
-14.613
-15.1065
-15.3842
-15.6671
-15.9554
-16.2493
-16.5489
-17.1107
-17.4299
-17.7569
-18.0936
-18.439
-18.795
-19.4697
-19.8567
-20.2567
-20.6691
-21.0937
-21.5307
-22.3556
-22.8269
-23.3095
-23.8042
-24.3076
-24.8223
-25.7826
-26.324
-26.8743
-27.434
-28.0026
-28.5806
-29.6533
-30.2562
-30.8683
-31.4903
-32.1217
-32.7631
-33.9556
-34.6258
-35.3066
-36.0001
-36.7059
-37.4238
-38.7624
-39.5185
-40.2897
-41.077
-41.8819
-42.7051
-44.2505
-45.1315
-46.0381
-46.9708
-47.9325
-48.9254
-50.8176
-51.9116
-53.0461
-54.224
-55.4405
-56.7067
-59.1219
-60.5178
-61.9602
-63.4489
-64.9874
-66.5701
-69.5647
-71.2813
-73.0472
-74.8644
-76.7261
-78.6463
-82.2797
-84.3649
-86.5121
-88.7281
-91.0128
-93.3774
-97.8879
-100.493
-103.196
-106.01
-108.934
-111.983
-117.887
-121.341
-124.953
-128.753
-132.757
-136.973
-145.246
-150.178
-155.408
-160.995
-166.908
-173.232
-185.855
-193.414
-201.442
-209.934
-219.039
-228.627
-246.982
-257.736
-268.753
-279.553
-290.581
-301.264
-318.967
-326.739
-333.409
-338.044
-340.578
-340.491
-333.186
-324.48
-312.204
-297.037
-278.376
-256.485
-208.968
-178.638
-146.281
-112.3
-76.76
-40.4625
26.7086
62.8585
98.2905
132.314
164.71
194.829
242.384
264.478
283.205
298.725
310.659
319.309
327.318
327.45
325.468
320.966
314.745
306.815
290.328
280.148
269.68
259.412
249.181
239.024
221.499
212.525
203.903
195.798
188.129
180.865
168.767
162.666
156.906
151.482
146.371
141.491
133.298
129.134
125.14
121.362
117.778
114.313
108.418
105.365
102.436
99.6117
96.891
94.2722
89.7547
87.3855
85.0908
82.8761
80.7327
78.6576
75.0585
73.1669
71.3357
69.5696
67.8642
66.2177
63.377
61.8958
60.4715
59.1029
57.7859
56.5193
54.3303
53.1881
52.0846
51.0146
49.9773
48.9721
47.2135
46.2809
45.3702
44.4808
43.6108
42.7595
41.255
40.4501
39.6602
38.8839
38.1226
37.3731
36.044
35.3296
34.6265
33.9354
33.2557
32.5859
31.3954
30.7553
30.1253
29.5049
28.8953
28.2959
27.2339
26.6644
26.1066
25.5596
25.0259
24.5044
23.5907
23.1071
22.6367
22.1805
21.7385
21.3101
20.5626
20.169
19.7872
19.4158
19.0541
18.7009
18.0807
17.7501
17.4263
17.108
16.7962
16.49
15.9461
15.6537
15.3655
15.082
14.8026
14.5277
14.0367
13.7723
13.5114
13.254
13
12.7495
12.3028
12.0619
11.8242
11.5896
11.3585
11.1308
10.7256
10.5076
10.2934
10.0826
9.87589
9.67353
9.31654
9.1268
8.94148
8.7611
8.58551
8.41502
8.11729
7.95983
7.80673
7.65773
7.51294
7.37165
7.12324
6.99083
6.86122
6.73381
6.60881
6.48588
6.26763
6.1502
6.03442
5.92022
5.80757
5.69662
5.49839
5.39129
5.28568
5.18123
5.07811
4.97634
4.79414
4.69559
4.59831
4.50222
4.40735
4.31369
4.14657
4.05649
3.9677
3.88022
3.79439
3.7102
3.56158
3.48257
3.406
3.33178
3.26005
3.11526
2.79047
2.63464
2.49308
2.36368
2.24481
2.13556
1.95778
1.86942
1.78698
1.71018
1.63851
1.57083
1.45747
1.40178
1.34799
1.29658
1.24796
1.20229
1.12451
1.08399
1.04541
1.00885
0.973957
0.940676
0.884459
0.856067
0.828338
0.801242
0.77484
0.7491
