-2.7359
-2.94557
-3.18023
-3.44169
-3.72698
-4.03223
-4.35502
-4.69479
-5.05203
-5.42814
-5.82528
-6.24734
-6.7011
-7.19838
-7.75418
-8.38054
-9.07596
-9.83016
-10.6342
-11.484
-12.3799
-13.324
-14.3215
-15.3801
-16.5133
-17.7457
-19.115
-20.6635
-22.4105
-24.3387
-26.4217
-28.6428
-30.9997
-33.5003
-36.1599
-39.0028
-42.0683
-45.4202
-49.1667
-53.4552
-58.4293
-64.1448
-70.5964
-77.8084
-85.8827
-95.0163
-105.505
-117.809
-132.577
-150.846
-174.173
-204.748
-244.616
-293.322
-343.109
-374.919
-363.261
-292.39
-165.977
-6.97635
151.851
278.4
349.291
361.795
331.546
283.622
237.38
199.43
170.003
147.19
129.075
114.312
101.963
91.4099
82.2406
74.1984
67.1594
61.0767
55.8787
51.4079
47.473
43.9211
40.6596
37.6301
34.7969
32.1367
29.6344
27.2865
25.1051
23.1161
21.3439
19.7812
18.3841
17.1083
15.9217
14.8062
13.7517
12.7515
11.802
10.9022
10.0545
9.2671
8.55127
7.91266
7.34224
6.82364
6.34247
5.88949
5.45999
5.05093
4.66057
4.28833
3.93513
3.60432
3.30227
2.71365
2.19563
1.82424
1.54313
1.32157
-2.73704
-2.94431
-2.94684
-3.17881
-3.18165
-3.44013
-3.44325
-3.72529
-3.72867
-4.03043
-4.03402
-4.35313
-4.35691
-4.6928
-4.69678
-5.04993
-5.05412
-5.42593
-5.43035
-5.82294
-5.82762
-6.24485
-6.24984
-6.6984
-6.70381
-7.19538
-7.20137
-7.7508
-7.75755
-8.37676
-8.38433
-9.07181
-9.08011
-9.8257
-9.83462
-10.6295
-10.6389
-11.4791
-11.489
-12.3746
-12.3851
-13.3184
-13.3295
-14.3157
-14.3274
-15.3738
-15.3863
-16.5066
-16.5201
-17.7384
-17.7531
-19.1067
-19.1233
-20.6541
-20.6729
-22.3999
-22.421
-24.3272
-24.3501
-26.4094
-26.434
-28.6297
-28.6559
-30.9859
-31.0136
-33.4855
-33.515
-36.1442
-36.1756
-38.9859
-39.0196
-42.0501
-42.0866
-45.4
-45.4403
-49.1438
-49.1895
-53.4289
-53.4816
-58.3987
-58.46
-64.1101
-64.1796
-70.5574
-70.6354
-77.7649
-77.8519
-85.8338
-85.9316
-94.9606
-95.072
-105.44
-105.57
-117.732
-117.886
-132.483
-132.67
-150.729
-150.963
-174.021
-174.326
-204.55
-204.947
-244.359
-244.873
-293.028
-293.616
-342.855
-343.363
-374.844
-374.994
-363.488
-363.033
-292.965
-291.813
-166.821
-165.133
-7.91368
-6.03908
151.006
152.696
277.816
278.982
349.055
349.525
361.869
361.72
331.8
331.291
283.901
283.342
237.623
237.138
199.622
199.238
170.15
169.856
147.305
147.074
129.168
128.983
114.389
114.236
102.028
101.898
91.466
91.3539
82.2897
82.1917
74.2415
74.1554
67.1969
67.122
61.1089
61.0446
55.9061
55.8513
51.4317
51.384
47.4943
47.4517
43.9405
43.9017
40.6775
40.6416
37.6469
37.6134
34.8126
34.7812
32.1515
32.122
29.6483
29.6206
27.2995
27.2736
25.1171
25.0932
23.1268
23.1053
21.3534
21.3344
19.7896
19.7727
18.3917
18.3766
17.1153
17.1013
15.9283
15.9152
14.8124
14.8
13.7576
13.7459
12.757
12.7459
11.8073
11.7967
10.9072
10.8972
10.0591
10.0498
9.2714
9.2628
8.55513
8.5474
7.9161
7.90922
7.34533
7.33915
6.82649
6.82079
6.34513
6.33981
5.89201
5.88698
5.46239
5.4576
5.05322
5.04865
4.66275
4.6584
4.29041
4.28625
3.93709
3.93317
3.60614
3.60251
3.30391
3.30065
2.71723
2.71009
2.19808
2.19318
1.82606
1.82242
1.54456
1.5417
1.32272
-2.7453
-2.93515
-2.95605
-3.16856
-3.19196
-3.4288
-3.45461
-3.71305
-3.74095
-4.01743
-4.04706
-4.33942
-4.37066
-4.67838
-4.71123
-5.03478
-5.06931
-5.40996
-5.44637
-5.80603
-5.84458
-6.22681
-6.26795
-6.67885
-6.72345
-7.17373
-7.22315
-7.72642
-7.7821
-8.34939
-8.41185
-9.04178
-9.11025
-9.79343
-9.867
-10.5952
-10.6732
-11.443
-11.5252
-12.3366
-12.4233
-13.2783
-13.3698
-14.2732
-14.37
-15.3286
-15.4317
-16.4579
-16.569
-17.6849
-17.8069
-19.0467
-19.1838
-20.5862
-20.7414
-22.3238
-22.4975
-24.2441
-24.4336
-26.3203
-26.5234
-28.5351
-28.7508
-30.8855
-31.1143
-33.379
-33.6219
-36.0305
-36.2898
-38.8641
-39.1419
-41.9181
-42.2191
-45.2544
-45.5868
-48.9788
-49.3558
-53.2386
-53.6733
-58.178
-58.6822
-63.8592
-64.4325
-70.2757
-70.919
-77.4503
-78.1682
-85.4802
-86.2877
-94.5582
-95.4772
-104.974
-106.04
-117.18
-118.443
-131.81
-133.352
-149.884
-151.817
-172.927
-175.443
-203.117
-206.397
-242.506
-246.743
-290.898
-295.749
-340.965
-345.195
-374.261
-375.504
-365.071
-361.317
-297.086
-287.54
-172.918
-158.99
-14.7183
0.75446
144.841
158.786
273.533
283.114
347.29
351.165
362.363
361.134
333.607
329.422
285.934
281.332
239.377
235.389
201.017
197.853
171.224
168.797
148.148
146.243
129.846
128.313
114.948
113.682
102.5
101.43
91.8739
90.9489
82.6461
81.8375
74.5544
73.8445
67.4694
66.8517
61.3422
60.8123
56.1059
55.6532
51.6053
51.2117
47.6491
47.2979
44.0814
43.7614
40.8078
40.5117
37.7683
37.4925
34.9264
34.6677
32.2585
32.0153
29.7489
29.5203
27.3936
27.1798
25.2039
25.0068
23.2051
23.0275
21.4224
21.2659
19.8507
19.7117
18.4469
18.3216
17.1662
17.0506
15.976
15.8677
14.8574
14.7552
13.8002
13.7034
12.7974
12.7056
11.8457
11.7585
10.9435
10.861
10.0931
10.0159
9.30268
9.23168
8.58322
8.51948
7.94111
7.88435
7.36785
7.31677
6.84716
6.8002
6.36446
6.32054
5.91028
5.86875
5.47976
5.44027
5.06979
5.03212
4.67857
4.64262
4.30547
4.27123
3.95131
3.91899
3.61933
3.58938
3.3158
3.2889
2.74341
2.68451
2.21596
2.17556
1.83935
1.80931
1.55498
1.53139
1.33105
-2.76665
-2.79482
-2.8234
-2.85248
-2.88192
-2.91182
-2.97986
-3.01138
-3.04331
-3.07584
-3.10884
-3.14241
-3.21864
-3.25385
-3.28961
-3.32586
-3.36269
-3.39993
-3.484
-3.5227
-3.56194
-3.60141
-3.64136
-3.68173
-3.7727
-3.8142
-3.85616
-3.89847
-3.94112
-3.98421
-4.08065
-4.12473
-4.16913
-4.21396
-4.25901
-4.3043
-4.40604
-4.45255
-4.49921
-4.54629
-4.59371
-4.64144
-4.74845
-4.79726
-4.84641
-4.89592
-4.94587
-4.99605
-5.10846
-5.15981
-5.21164
-5.26377
-5.31613
-5.36901
-5.48775
-5.54182
-5.59639
-5.6514
-5.70682
-5.76284
-5.8883
-5.94573
-6.00366
-6.06224
-6.12123
-6.18065
-6.31469
-6.37626
-6.43822
-6.50102
-6.5646
-6.6289
-6.77421
-6.84114
-6.90898
-6.97778
-7.04769
-7.11859
-7.27943
-7.35384
-7.42958
-7.50652
-7.58474
-7.6643
-7.84565
-7.92965
-8.01496
-8.10178
-8.18999
-8.27954
-8.48298
-8.5769
-8.67206
-8.76853
-8.86621
-8.965
-9.1881
-9.29055
-9.39409
-9.49867
-9.60428
-9.71081
-9.95044
-10.06
-10.1706
-10.282
-10.3944
-10.5076
-10.7616
-10.8777
-10.9946
-11.1124
-11.231
-11.3504
-11.6185
-11.7408
-11.8641
-11.9882
-12.1132
-12.2394
-12.5215
-12.6504
-12.7802
-12.911
-13.0428
-13.1755
-13.4735
-13.6095
-13.7466
-13.8848
-14.0241
-14.1645
-14.4797
-14.6237
-14.7691
-14.9157
-15.0636
-15.2129
-15.5486
-15.7024
-15.8577
-16.0147
-16.1732
-16.3335
-16.6951
-16.8613
-17.0297
-17.2002
-17.373
-17.5487
-17.9458
-18.1295
-18.3159
-18.5055
-18.6981
-18.8938
-19.3402
-19.547
-19.7577
-19.9725
-20.1907
-20.4127
-20.9186
-21.1533
-21.3916
-21.6339
-21.8802
-22.1294
-22.6951
-22.9559
-23.22
-23.4875
-23.758
-24.0316
-24.6489
-24.9321
-25.218
-25.5067
-25.7982
-26.0929
-26.7538
-27.0564
-27.3619
-27.6697
-27.98
-28.293
-28.9958
-29.3171
-29.6409
-29.9675
-30.2967
-30.6287
-31.3741
-31.7149
-32.0584
-32.4048
-32.7542
-33.1066
-33.8977
-34.2597
-34.6249
-34.9933
-35.3652
-35.7401
-36.584
-36.9703
-37.3604
-37.7541
-38.1516
-38.553
-39.4579
-39.8732
-40.293
-40.7174
-41.1467
-41.581
-42.5621
-43.014
-43.4715
-43.9349
-44.4052
-44.8828
-45.9664
-46.4677
-46.9772
-47.4953
-48.0229
-48.5594
-49.7869
-50.357
-50.938
-51.5319
-52.1373
-52.7551
-54.1718
-54.8338
-55.5088
-56.1969
-56.8999
-57.6172
-59.259
-60.0223
-60.8007
-61.5924
-62.399
-63.2201
-65.0879
-65.9536
-66.833
-67.7272
-68.6354
-69.5578
-71.6532
-72.6219
-73.6051
-74.6035
-75.6177
-76.6484
-78.9884
-80.0712
-81.1709
-82.289
-83.4243
-84.5798
-87.2108
-88.4306
-89.6733
-90.9368
-92.224
-93.5347
-96.5288
-97.923
-99.3465
-100.798
-102.278
-103.791
-107.264
-108.888
-110.552
-112.253
-113.996
-115.778
-119.894
-121.827
-123.812
-125.851
-127.95
-130.11
-135.124
-137.491
-139.931
-142.452
-145.06
-147.756
-154.05
-157.047
-160.148
-163.367
-166.707
-170.167
-178.352
-182.26
-186.328
-190.547
-194.936
-199.499
-210.224
-215.373
-220.698
-226.225
-231.94
-237.837
-251.594
-258.079
-264.734
-271.517
-278.37
-285.416
-301.227
-308.264
-315.325
-322.369
-329.319
-336.015
-349.805
-355.488
-360.635
-365.139
-369.078
-372.336
-376.54
-377.108
-376.621
-375.086
-372.483
-368.781
-356.431
-348.934
-340.236
-330.229
-319.31
-307.162
-276.16
-260.501
-243.833
-226.236
-207.625
-188.21
-142.906
-121.351
-99.4484
-77.214
-54.7318
-32.2194
18.1404
40.7385
63.2663
85.4942
107.39
128.753
174.2
193.489
211.993
229.637
246.349
262.113
293.245
305.332
316.294
326.095
334.716
342.3
354.839
358.609
361.328
362.904
363.534
363.298
359.305
356.447
352.633
348.082
343.216
337.987
324.561
318.124
311.558
304.89
298.038
291.19
276.161
269.515
262.917
256.445
250.151
243.941
230.986
225.344
219.911
214.654
209.589
204.669
194.38
190.037
185.83
181.748
177.828
174.045
166.127
162.746
159.49
156.336
153.288
150.347
144.145
141.489
138.906
136.399
133.974
131.614
126.618
124.465
122.371
120.331
118.34
116.402
112.277
110.486
108.74
107.029
105.359
103.728
100.24
98.719
97.2285
95.7678
94.3363
92.9326
89.9199
88.6036
87.3109
86.0421
84.7953
83.5708
80.9362
79.7812
78.6479
77.5345
76.4402
75.3657
73.0535
72.0405
71.046
70.0711
69.1146
68.1768
66.1638
65.2839
64.4225
63.5799
62.7556
61.9494
60.2228
59.4703
58.7354
58.0168
57.3135
56.6246
55.1504
54.5069
53.876
53.2576
52.6511
52.0557
50.7734
50.2111
49.6578
49.1132
48.5775
48.0497
46.9051
46.3998
45.9019
45.4105
44.9252
44.4458
43.4031
42.9414
42.485
42.0335
41.5866
41.1443
40.1801
39.7524
39.3288
38.9091
38.4936
38.082
37.1831
36.7834
36.3874
35.995
35.606
35.2203
34.3775
34.0026
33.6309
33.2624
32.8971
32.5347
31.7423
31.3896
31.0399
30.6932
30.3494
30.0086
29.2637
28.9323
28.6039
28.2785
27.9561
27.6367
26.9401
26.631
26.3254
26.0229
25.7236
25.4281
24.7867
24.5025
24.2227
23.947
23.6751
23.4075
22.8292
22.5751
22.3255
22.0796
21.8377
21.6014
21.0911
20.8676
20.6471
20.4307
20.2181
20.0089
19.5566
19.3575
19.1616
18.9682
18.7776
18.5895
18.1812
18.0004
17.8218
17.6452
17.4704
17.2976
16.9211
16.7533
16.5874
16.423
16.2602
16.0988
15.7459
15.5889
15.4332
15.2787
15.1254
14.9732
14.6404
14.4921
14.3449
14.1989
14.0539
13.9099
13.5946
13.4539
13.3143
13.1757
13.0381
12.9015
12.6023
12.4688
12.3363
12.2048
12.0741
11.9445
11.6607
11.5339
11.4082
11.2835
11.1597
11.037
10.7684
10.6488
10.5302
10.4127
10.2962
10.1808
9.9292
9.81763
9.7072
9.59804
9.49013
9.38354
9.15218
9.04995
8.94916
8.8499
8.7522
8.65596
8.44811
8.35665
8.26671
8.17826
8.09131
8.00579
7.82092
7.73956
7.65948
7.58049
7.50264
7.42598
7.25959
7.18606
7.1134
7.04164
6.97072
6.90051
6.74765
6.67974
6.61237
6.54576
6.47974
6.41426
6.27118
6.2074
6.14414
6.08143
6.01931
5.95737
5.82204
5.76182
5.7019
5.64227
5.58318
5.5245
5.39596
5.33842
5.28138
5.2247
5.16838
5.11256
4.98974
4.93494
4.88061
4.82652
4.77267
4.71928
4.60229
4.55001
4.49797
4.44638
4.39514
4.34427
4.23275
4.18303
4.13367
4.08472
4.03623
3.98797
3.8827
3.83599
3.78966
3.74368
3.69828
3.6534
3.55593
3.51275
3.47024
3.42832
3.38704
3.34655
3.25896
3.22063
3.11409
3.00827
2.90757
2.81274
2.6208
2.54174
2.46695
2.39583
2.32795
2.26319
2.13117
2.0755
2.02212
1.97105
1.92208
1.87445
1.77618
1.73452
1.69425
1.6554
1.61812
1.58214
1.50536
1.47228
1.44069
1.41077
1.38144
1.35275
