-2.59498
-2.80994
-3.05226
-3.329
-3.63769
-3.97175
-4.32707
-4.70264
-5.09884
-5.51791
-5.96267
-6.43882
-6.95799
-7.54089
-8.21068
-8.97045
-9.80426
-10.6981
-11.6455
-12.6483
-13.7101
-14.8379
-16.0445
-17.355
-18.8152
-20.4949
-22.4295
-24.588
-26.9284
-29.4305
-32.0949
-34.9358
-37.9795
-41.2636
-44.8615
-48.9046
-53.6123
-59.1903
-65.6826
-73.0495
-81.3365
-90.7218
-101.525
-114.25
-129.656
-148.997
-174.307
-208.646
-254.735
-309.541
-357.466
-365.038
-306.783
-178.166
-6.89977
164.207
292.547
351.245
344.065
298.23
246.516
203.031
170.214
145.456
126.209
110.775
97.9639
87.0769
77.6532
69.4523
62.4191
56.5177
51.5607
47.2643
43.4116
39.888
36.6207
33.5756
30.7238
28.0561
25.5778
23.3243
21.345
19.6332
18.1231
16.7487
15.4714
14.272
13.1406
12.071
11.061
10.1115
9.2335
8.44581
7.75743
7.15053
6.59889
6.08564
5.60237
5.14376
4.70792
4.29296
3.89939
3.5313
3.20144
2.48109
1.99343
1.64298
1.37852
1.17057
-2.59604
-2.80876
-2.81112
-3.05093
-3.0536
-3.32748
-3.33052
-3.63602
-3.63935
-3.96996
-3.97353
-4.32518
-4.32896
-4.70065
-4.70463
-5.09673
-5.10094
-5.51569
-5.52015
-5.96029
-5.96504
-6.43626
-6.44137
-6.95516
-6.9608
-7.53766
-7.54411
-8.20697
-8.21438
-8.96631
-8.97459
-9.79979
-9.80874
-10.6933
-10.7028
-11.6405
-11.6506
-12.6429
-12.6536
-13.7045
-13.7158
-14.8319
-14.8439
-16.038
-16.051
-17.3479
-17.3621
-18.8072
-18.8233
-20.4855
-20.5042
-22.4189
-22.4401
-24.5763
-24.5996
-26.9158
-26.9409
-29.4172
-29.4439
-32.0807
-32.1091
-34.9207
-34.951
-37.9632
-37.9958
-41.2459
-41.2814
-44.8419
-44.8811
-48.8822
-48.927
-53.5859
-53.6387
-59.159
-59.2216
-65.6468
-65.7184
-73.0092
-73.0899
-81.2911
-81.382
-90.6699
-90.7738
-101.465
-101.584
-114.179
-114.322
-129.568
-129.745
-148.883
-149.11
-174.156
-174.458
-208.437
-208.856
-254.47
-255.001
-309.256
-309.826
-357.293
-357.638
-365.161
-364.913
-307.277
-306.287
-178.961
-177.37
-7.81878
-5.98083
163.395
165.018
292.053
293.039
351.13
351.358
344.233
343.896
298.502
297.965
246.771
246.261
203.225
202.838
170.36
170.068
145.566
145.346
126.298
126.121
110.847
110.702
98.0245
97.9032
87.1294
87.0245
77.6987
77.6077
69.4917
69.413
62.4524
62.3857
56.5455
56.4898
51.5844
51.537
47.2852
47.2434
43.4307
43.3926
39.9055
39.8705
36.637
36.6044
33.5908
33.5603
30.738
30.7095
28.0694
28.0428
25.5901
25.5655
23.3353
23.3134
21.3546
21.3355
19.6414
19.6249
18.1305
18.1157
16.7555
16.7418
15.4778
15.465
14.278
14.266
13.1463
13.1349
12.0764
12.0657
11.0661
11.056
10.1162
10.1067
9.23782
9.22918
8.44961
8.442
7.76074
7.75411
7.15351
7.14755
6.60162
6.59616
6.08822
6.08307
5.60481
5.59994
5.14607
5.14145
4.71012
4.70572
4.29504
4.29087
3.90137
3.89742
3.53313
3.52948
3.20301
3.19987
2.48412
2.47807
1.99553
1.99133
1.64454
1.64142
1.37971
1.37734
1.17151
-2.60398
-2.79997
-2.81997
-3.04094
-3.06366
-3.31612
-3.34195
-3.62355
-3.65187
-3.95661
-3.98691
-4.31106
-4.34313
-4.68573
-4.71959
-5.08096
-5.11677
-5.499
-5.53689
-5.94253
-5.98288
-6.4171
-6.46063
-6.93404
-6.98198
-7.51357
-7.56838
-8.17927
-8.24225
-8.93534
-9.00567
-9.76631
-9.84233
-10.6576
-10.7386
-11.6027
-11.6884
-12.603
-12.6936
-13.6621
-13.7582
-14.7869
-14.8891
-15.9897
-16.0996
-17.2948
-17.4154
-18.7471
-18.8838
-20.4157
-20.5748
-22.3394
-22.5199
-24.4891
-24.6872
-26.822
-27.0353
-29.3171
-29.5441
-31.9742
-32.2156
-34.807
-35.065
-37.8411
-38.1183
-41.1136
-41.4145
-44.6954
-45.0286
-48.715
-49.0961
-53.3884
-53.8377
-58.9249
-59.4574
-65.3782
-65.9877
-72.7076
-73.3934
-80.9508
-81.7242
-90.2813
-91.162
-101.018
-102.034
-113.642
-114.864
-128.909
-130.411
-148.038
-149.967
-173.03
-175.597
-206.886
-210.441
-252.468
-257
-307.12
-311.96
-355.982
-358.898
-366.031
-363.928
-310.92
-302.496
-184.913
-171.316
-14.7139
0.89068
157.259
171.053
288.281
296.663
350.224
352.163
345.452
342.647
300.542
296.004
248.691
244.358
204.69
201.393
171.461
168.984
146.404
144.526
126.966
125.459
111.392
110.162
98.4809
97.4498
87.5247
86.633
78.041
77.2675
69.7877
69.1193
62.704
62.1366
56.7552
56.2826
51.7628
51.3598
47.4426
47.0868
43.5736
43.2504
40.0367
39.7397
36.7594
36.4824
33.705
33.4464
30.8451
30.6028
28.1693
27.9432
25.6823
25.4738
23.4178
23.2314
21.4263
21.2644
19.7035
19.5632
18.1862
18.0603
16.8068
16.6907
15.526
15.4171
14.3231
14.221
13.1889
13.0924
12.1167
12.0254
11.1042
11.018
10.1518
10.0713
9.27031
9.19688
8.47828
8.41353
7.7857
7.7293
7.17588
7.12527
6.62215
6.57571
6.10755
6.06386
5.62305
5.58173
5.16341
5.12414
4.72665
4.68923
4.31073
4.27522
3.91619
3.88265
3.54685
3.51582
3.21487
3.16995
2.50705
2.4556
2.01137
1.9757
1.65628
1.6298
1.38863
1.36848
1.17862
-2.62568
-2.65495
-2.68463
-2.71476
-2.74526
-2.77635
-2.84424
-2.87694
-2.91022
-2.94421
-2.97884
-3.01411
-3.09123
-3.12868
-3.16686
-3.20583
-3.2454
-3.28557
-3.37316
-3.41535
-3.45807
-3.50151
-3.54546
-3.58987
-3.686
-3.73196
-3.7784
-3.82538
-3.87272
-3.9205
-4.02339
-4.07249
-4.12204
-4.17199
-4.22224
-4.27289
-4.38175
-4.43369
-4.48593
-4.53866
-4.5918
-4.64539
-4.76033
-4.81507
-4.87015
-4.92582
-4.98189
-5.03835
-5.15984
-5.21772
-5.27604
-5.33489
-5.39418
-5.45393
-5.5825
-5.64382
-5.70564
-5.76806
-5.83098
-5.89454
-6.03147
-6.09686
-6.16299
-6.22989
-6.29729
-6.36547
-6.51317
-6.58399
-6.65578
-6.72852
-6.80229
-6.87716
-7.04014
-7.11892
-7.19927
-7.28098
-7.36409
-7.44872
-7.63482
-7.7251
-7.81701
-7.91111
-8.00712
-8.10483
-8.3185
-8.42178
-8.52693
-8.63384
-8.74216
-8.8519
-9.09054
-9.20508
-9.32082
-9.43797
-9.55632
-9.67586
-9.93399
-10.0574
-10.1818
-10.3076
-10.4338
-10.5614
-10.836
-10.9668
-11.0986
-11.2319
-11.3659
-11.5008
-11.7918
-11.9304
-12.0699
-12.2107
-12.3525
-12.4952
-12.8027
-12.9492
-13.097
-13.2463
-13.3965
-13.5479
-13.874
-14.0294
-14.1862
-14.3447
-14.5043
-14.6653
-15.0125
-15.1784
-15.3458
-15.5153
-15.6862
-15.859
-16.2322
-16.4112
-16.5925
-16.7767
-16.9626
-17.1513
-17.5613
-17.7592
-17.9605
-18.1653
-18.3735
-18.5857
-19.05
-19.2761
-19.5071
-19.7431
-19.9829
-20.2284
-20.7675
-21.029
-21.2959
-21.5679
-21.8442
-22.1256
-22.738
-23.0329
-23.3324
-23.6361
-23.9433
-24.254
-24.9262
-25.248
-25.5731
-25.9024
-26.2343
-26.569
-27.2922
-27.6369
-27.9849
-28.3361
-28.69
-29.0473
-29.8168
-30.1839
-30.5549
-30.9297
-31.3069
-31.6872
-32.5057
-32.8969
-33.2924
-33.6912
-34.0934
-34.5001
-35.3757
-35.794
-36.217
-36.6447
-37.0758
-37.5118
-38.452
-38.9021
-39.3575
-39.8188
-40.285
-40.7567
-41.7779
-42.2688
-42.7655
-43.2696
-43.7812
-44.3013
-45.4318
-45.9775
-46.5333
-47.1004
-47.678
-48.2659
-49.5595
-50.1889
-50.8323
-51.4904
-52.1668
-52.8593
-54.3826
-55.1284
-55.8956
-56.6797
-57.4816
-58.3008
-60.103
-60.9791
-61.8723
-62.7831
-63.7148
-64.6595
-66.7246
-67.725
-68.7415
-69.7752
-70.8263
-71.8952
-74.2234
-75.3479
-76.4885
-77.6531
-78.8368
-80.0375
-82.6588
-83.926
-85.2195
-86.5343
-87.877
-89.2405
-92.2282
-93.6818
-95.1655
-96.6784
-98.2278
-99.8126
-103.277
-104.982
-106.723
-108.503
-110.323
-112.203
-116.358
-118.404
-120.496
-122.638
-124.86
-127.153
-132.245
-134.78
-137.387
-140.083
-142.872
-145.793
-152.336
-155.572
-158.952
-162.501
-166.168
-170.038
-178.739
-183.184
-187.807
-192.589
-197.538
-202.784
-214.782
-220.762
-226.95
-233.523
-240.185
-247.098
-262.499
-269.959
-277.873
-285.725
-293.464
-301.31
-317.771
-325.331
-332.599
-339.595
-346.104
-352.018
-362.046
-365.366
-367.775
-369.194
-369.334
-367.829
-360.959
-355.802
-349.085
-340.984
-331.268
-320.07
-291.608
-275.823
-258.764
-240.689
-221.359
-200.816
-154.409
-131.14
-107.376
-83.088
-58.4561
-33.5144
19.6535
44.5729
69.1499
93.395
117.207
140.45
187.012
207.392
226.681
244.897
261.891
277.469
305.955
317.167
326.921
335.077
341.783
347.168
353.95
355.174
355.144
353.928
351.782
348.466
338.802
333.096
326.874
320.194
313.415
306.126
290.434
283.005
275.536
268.167
260.93
253.926
239.291
232.761
226.439
220.323
214.378
208.742
197.548
192.574
187.772
183.177
178.768
174.514
166.091
162.366
158.774
155.283
151.941
148.758
142.317
139.433
136.641
133.937
131.328
128.809
123.696
121.406
119.179
117.024
114.917
112.881
108.718
106.831
104.993
103.199
101.449
99.732
96.2325
94.6388
93.0798
91.5532
90.059
88.5962
85.5862
84.207
82.8607
81.541
80.2438
78.975
76.3563
75.1596
73.9845
72.8325
71.7044
70.5996
68.3324
67.299
66.2847
65.2959
64.3329
63.394
61.4711
60.6017
59.7494
58.9199
58.1171
57.331
55.7298
55.0034
54.2921
53.5965
52.9171
52.2518
50.8851
50.2627
49.6505
49.0474
48.455
47.873
46.6655
46.1103
45.5629
45.0225
44.4902
43.9634
42.8674
42.362
41.862
41.3672
40.8779
40.3942
39.387
38.9185
38.4544
37.9963
37.5423
37.0927
36.1534
35.7183
35.2869
34.8595
34.436
34.0163
33.1387
32.7303
32.3267
31.9264
31.5298
31.137
30.315
29.9337
29.5552
29.1804
28.8094
28.442
27.6743
27.3185
26.967
26.6186
26.2743
25.9344
25.2267
24.9011
24.5796
24.2625
23.951
23.6441
23.0113
22.7228
22.4394
22.1603
21.8883
21.6219
21.0738
20.8246
20.5799
20.3397
20.1047
19.874
19.397
19.1789
18.9641
18.7525
18.544
18.3384
17.9108
17.7135
17.5187
17.3259
17.1354
16.9468
16.5526
16.3701
16.1895
16.0099
15.8326
15.6569
15.2878
15.1168
14.9475
14.7789
14.6118
14.4464
14.0993
13.9381
13.7782
13.619
13.4615
13.3052
12.9774
12.825
12.6739
12.5234
12.3744
12.2265
11.9167
11.7728
11.63
11.488
11.3474
11.2079
10.9155
10.7797
10.645
10.5115
10.3796
10.2489
9.97591
9.84949
9.72453
9.60104
9.47928
9.35919
9.10979
8.99532
8.88284
8.77209
8.66369
8.55704
8.33708
8.23695
8.13843
8.04167
7.947
7.85419
7.66256
7.5747
7.48816
7.40289
7.31923
7.2368
7.06518
6.9859
6.90783
6.83035
6.75375
6.67825
6.52045
6.4471
6.37439
6.30222
6.23095
6.16022
6.01207
5.94334
5.87496
5.8072
5.7397
5.67276
5.53245
5.46719
5.4024
5.33794
5.27404
5.2106
5.0774
5.01536
4.9538
4.89248
4.83173
4.77155
4.64464
4.58556
4.52688
4.46854
4.41076
4.35344
4.23292
4.17676
4.12105
4.0657
4.01093
3.95662
3.8428
3.79006
3.73778
3.68593
3.63483
3.58432
3.47905
3.43044
3.38297
3.3366
3.2908
3.24689
3.07903
2.96512
2.85765
2.75655
2.66132
2.57113
2.39657
2.32127
2.24961
2.18147
2.11698
2.05546
1.93417
1.88072
1.8295
1.78043
1.73369
1.68876
1.59874
1.55854
1.5199
1.4827
1.44707
1.41313
1.34462
1.3135
1.28331
1.254
1.22567
1.19832
