-2.22157
-2.43251
-2.66149
-2.9181
-3.21545
-3.55687
-3.93352
-4.3384
-4.76967
-5.22842
-5.71788
-6.24386
-6.81872
-7.46887
-8.22923
-9.10584
-10.0757
-11.1199
-12.2349
-13.4242
-14.6972
-16.0704
-17.5805
-19.3013
-21.3292
-23.6771
-26.2834
-29.1046
-32.1375
-35.4013
-38.9354
-42.8085
-47.1566
-52.2425
-58.4026
-65.7542
-74.2507
-83.9732
-95.239
-108.613
-125.026
-146.048
-174.458
-214.709
-269.959
-332.688
-369.213
-330.882
-199.785
-6.89977
185.985
316.781
355.159
320.276
260.93
208.675
170.36
142.569
121.572
105.104
91.6275
80.291
70.6265
62.4858
55.82
50.3309
45.6163
41.4095
37.5756
34.0419
30.7666
27.7314
24.9489
22.4773
20.369
18.5669
16.9651
15.4971
14.1313
12.853
11.6544
10.5328
9.49713
8.57128
7.77403
7.08385
6.46327
5.8891
5.35058
4.84288
4.36323
3.91124
3.49228
2.99384
2.26683
1.79168
1.45482
1.20391
1.00628
0.850981
-2.22249
-2.43152
-2.43349
-2.66041
-2.66258
-2.91685
-2.91934
-3.214
-3.21691
-3.55524
-3.5585
-3.93174
-3.93529
-4.33651
-4.3403
-4.76766
-4.77168
-5.22628
-5.23056
-5.71559
-5.72017
-6.24138
-6.24633
-6.81598
-6.82147
-7.46569
-7.47205
-8.22551
-8.23295
-9.10164
-9.11003
-10.0711
-10.0802
-11.115
-11.1247
-12.2297
-12.2402
-13.4187
-13.4298
-14.6912
-14.7031
-16.0639
-16.0769
-17.5732
-17.5877
-19.2929
-19.3098
-21.3193
-21.3392
-23.6659
-23.6884
-26.2711
-26.2957
-29.0914
-29.1178
-32.1233
-32.1517
-35.3859
-35.4166
-38.9188
-38.9521
-42.7901
-42.827
-47.1355
-47.1777
-52.2173
-52.2678
-58.372
-58.4331
-65.7184
-65.79
-74.2097
-74.2918
-83.926
-84.0204
-95.184
-95.294
-108.547
-108.679
-124.943
-125.109
-145.939
-146.157
-174.307
-174.609
-214.493
-214.926
-269.683
-270.236
-332.422
-332.953
-369.184
-369.24
-331.268
-330.495
-200.558
-199.012
-7.81878
-5.98083
185.212
186.755
316.392
317.167
355.18
355.136
320.52
320.032
261.189
260.671
208.877
208.473
170.506
170.214
142.677
142.461
121.656
121.489
105.171
105.038
91.6832
91.5718
80.3382
80.2438
70.6668
70.5862
62.5191
62.4524
55.8471
55.7929
50.3537
50.3082
45.6363
45.5963
41.4276
41.3914
37.5922
37.5589
34.0573
34.0265
30.7808
30.7523
27.7446
27.7183
24.9608
24.937
22.4877
22.4669
20.3777
20.3602
18.5746
18.5593
16.972
16.9582
15.5035
15.4907
14.1372
14.1253
12.8586
12.8474
11.6596
11.6491
10.5377
10.5279
9.5016
9.49267
8.57519
8.56738
7.77736
7.77071
7.0868
7.08091
6.46597
6.46057
5.8916
5.88659
5.35295
5.34822
4.84511
4.84065
4.36534
4.36113
3.91322
3.90927
3.49408
3.49047
2.99797
2.98971
2.26943
2.26422
1.79346
1.7899
1.45611
1.45352
1.2049
1.20291
1.00707
1.00549
0.851605
-2.22964
-2.42384
-2.44117
-2.65196
-2.67104
-2.90726
-2.929
-3.20279
-3.22819
-3.54261
-3.57118
-3.91803
-3.94905
-4.32188
-4.35497
-4.7521
-4.7873
-5.2097
-5.24719
-5.69787
-5.73793
-6.22225
-6.26554
-6.79475
-6.84283
-7.44118
-7.49677
-8.1968
-8.26183
-9.06921
-9.14259
-10.0357
-10.1157
-11.0772
-11.1627
-12.1894
-12.2806
-13.3756
-13.473
-14.6451
-14.7494
-16.0138
-16.1272
-17.5174
-17.644
-19.2278
-19.3754
-21.2424
-21.4166
-23.5789
-23.776
-26.176
-26.3911
-28.989
-29.2205
-32.0132
-32.2618
-35.2672
-35.5358
-38.7898
-39.0816
-42.6476
-42.9702
-46.9725
-47.3418
-52.0224
-52.4644
-58.1362
-58.6704
-65.4408
-66.0687
-73.8921
-74.611
-83.5621
-84.3874
-94.7595
-95.7225
-108.035
-109.195
-124.301
-125.758
-145.095
-147.008
-173.142
-175.788
-212.831
-216.624
-267.554
-272.486
-330.344
-334.987
-368.901
-369.394
-334.18
-327.399
-206.51
-192.976
-14.9438
1.11878
179.172
192.687
313.316
320.095
355.293
354.902
322.431
318.141
263.203
258.667
210.454
206.917
171.646
169.092
143.518
141.63
122.304
120.847
105.69
104.522
92.1161
91.1422
80.706
79.8793
70.9802
70.2748
62.78
62.1946
56.0575
55.5838
50.5306
50.1323
45.792
45.4412
41.5684
41.2512
37.7215
37.4301
34.1768
33.9074
30.8916
30.6419
27.8471
27.6162
25.0535
24.8445
22.5682
22.3867
20.4459
20.2926
18.6339
18.5002
17.0257
16.9047
15.5533
15.4411
14.1836
14.079
12.9021
12.8041
11.7003
11.6085
10.5756
10.49
9.53626
9.45813
8.60554
8.53719
7.80329
7.745
7.10974
7.05813
6.4869
6.43971
5.91111
5.86721
5.3713
5.32991
4.86244
4.82337
4.38168
4.34482
3.92857
3.89397
3.5081
3.47653
3.03036
2.95801
2.28981
2.24422
1.80739
1.77621
1.46624
1.44355
1.21269
1.19528
1.01325
0.999366
0.856451
-2.25078
-2.28033
-2.31013
-2.34029
-2.3707
-2.40144
-2.46389
-2.49578
-2.52795
-2.56065
-2.59377
-2.6274
-2.6961
-2.73126
-2.7672
-2.80383
-2.84122
-2.87931
-2.95777
-2.99837
-3.03988
-3.08231
-3.12575
-3.17013
-3.26171
-3.30873
-3.35678
-3.40567
-3.45531
-3.5057
-3.60872
-3.66124
-3.71446
-3.76836
-3.82287
-3.87789
-3.98968
-4.04637
-4.10386
-4.16177
-4.22019
-4.27907
-4.39834
-4.45887
-4.5199
-4.58159
-4.64391
-4.70652
-4.83337
-4.89761
-4.96263
-5.02823
-5.09431
-5.16112
-5.29634
-5.36485
-5.43419
-5.50411
-5.57464
-5.64598
-5.79046
-5.86391
-5.93827
-6.0134
-6.08924
-6.16618
-6.32243
-6.40209
-6.48304
-6.56511
-6.64833
-6.73284
-6.90615
-6.99504
-7.08596
-7.17885
-7.27339
-7.37013
-7.57017
-7.67366
-7.77977
-7.8882
-7.99944
-8.11318
-8.34752
-8.46844
-8.5918
-8.71725
-8.84457
-8.97438
-9.23927
-9.37431
-9.51128
-9.65004
-9.79018
-9.93218
-10.2205
-10.3667
-10.5145
-10.6638
-10.8144
-10.9666
-11.2748
-11.4311
-11.5886
-11.7483
-11.9091
-12.0714
-12.3999
-12.5664
-12.7348
-12.9048
-13.0763
-13.2496
-13.6006
-13.7787
-13.9589
-14.1407
-14.3242
-14.5099
-14.8864
-15.078
-15.2719
-15.4681
-15.6663
-15.8673
-16.2762
-16.485
-16.6975
-16.9131
-17.1317
-17.3546
-17.8111
-18.0462
-18.2864
-18.5318
-18.7819
-19.0384
-19.5708
-19.8462
-20.1287
-20.4185
-20.7153
-21.0187
-21.6458
-21.9692
-22.2992
-22.6354
-22.9771
-23.3246
-24.0351
-24.3976
-24.7657
-25.1386
-25.5154
-25.8975
-26.6732
-27.0681
-27.4679
-27.8709
-28.2782
-28.6895
-29.5246
-29.9486
-30.3775
-30.8114
-31.2494
-31.6913
-32.5875
-33.0438
-33.5055
-33.9715
-34.4432
-34.9201
-35.8876
-36.3813
-36.8801
-37.3849
-37.896
-38.4129
-39.4652
-40.0034
-40.5484
-41.1011
-41.662
-42.2317
-43.3952
-43.9931
-44.6021
-45.222
-45.8537
-46.498
-47.8293
-48.5182
-49.2253
-49.9507
-50.6939
-51.4569
-53.05
-53.881
-54.7328
-55.6144
-56.5203
-57.4506
-59.3799
-60.3848
-61.4111
-62.4614
-63.5376
-64.6348
-66.8965
-68.0647
-69.2547
-70.468
-71.7057
-72.9673
-75.5585
-76.8913
-78.2553
-79.6432
-81.0584
-82.5029
-85.4782
-87.0159
-88.5877
-90.193
-91.8343
-93.5174
-97.0007
-98.8149
-100.673
-102.564
-104.531
-106.548
-110.735
-112.94
-115.207
-117.553
-119.97
-122.447
-127.699
-130.466
-133.344
-136.333
-139.433
-142.658
-149.571
-153.253
-157.067
-161.109
-165.326
-169.791
-179.33
-184.547
-189.987
-195.651
-201.648
-208.013
-221.672
-228.944
-236.655
-244.569
-252.839
-261.308
-279.147
-288.24
-297.269
-306.358
-315.359
-324.217
-340.761
-348.17
-354.703
-360.15
-364.504
-367.507
-369.195
-367.09
-363.409
-358.299
-351.127
-342.082
-317.749
-302.69
-285.439
-266.328
-245.772
-223.589
-174.936
-148.635
-121.394
-93.4726
-64.9178
-36.0195
22.1454
51.066
79.4876
107.478
134.71
160.917
209.606
231.788
252.484
271.395
288.472
303.573
328.031
337.142
344.384
349.747
353.2
355.051
353.691
350.912
346.652
341.418
335.053
328.003
312.358
303.794
295.281
286.667
277.966
269.353
252.801
244.706
236.889
229.411
222.215
215.249
202.443
196.477
190.744
185.273
180.068
175.081
165.852
161.547
157.399
153.42
149.664
146.011
139.22
135.99
132.881
129.904
127.022
124.243
118.987
116.493
114.065
111.736
109.457
107.247
103.023
100.996
99.0184
97.1015
95.2286
93.4043
89.8938
88.2011
86.5442
84.9243
83.3432
81.8
78.819
77.3751
75.963
74.5818
73.2309
71.9117
69.3722
68.1489
66.9527
65.7855
64.6534
63.5551
61.4483
60.4398
59.4527
58.5055
57.5832
56.6862
54.9759
54.151
53.3474
52.5655
51.8016
51.0559
49.6198
48.9202
48.2351
47.5628
46.9023
46.2534
44.9889
44.3709
43.7608
43.1599
42.5684
41.9846
40.8413
40.2802
39.7273
39.1805
38.6378
38.1033
37.0537
36.5373
36.0269
35.5226
35.0235
34.5299
33.5597
33.0816
32.6079
32.1403
31.6772
31.2192
30.3191
29.8761
29.437
29.003
28.574
28.1498
27.318
26.9096
26.5056
26.1075
25.7144
25.3284
24.5749
24.2071
23.8464
23.4919
23.1456
22.8077
22.1532
21.8379
21.5299
21.2286
20.935
20.649
20.0957
19.8277
19.5657
19.3085
19.0567
18.8098
18.3279
18.0924
17.8608
17.6321
17.4068
17.1847
16.7483
16.5337
16.322
16.1124
15.9049
15.7001
15.2961
15.097
14.9008
14.7051
14.5117
14.3204
13.9437
13.7576
13.5734
13.3905
13.2095
13.0305
12.6772
12.5025
12.3296
12.1582
11.9885
11.8206
11.4895
11.326
11.1643
11.0039
10.8453
10.688
10.3793
10.2274
10.0774
9.92948
9.78299
9.63901
9.35744
9.2199
9.08497
8.9524
8.82256
8.69564
8.44942
8.33037
8.21429
8.10036
7.98894
7.88034
7.67006
7.56777
7.46749
7.369
7.27233
7.17752
6.99155
6.90069
6.81089
6.72225
6.63475
6.54865
6.37866
6.29484
6.21216
6.13003
6.0488
5.96875
5.81043
5.7319
5.65427
5.57736
5.50102
5.42549
5.27627
5.20246
5.12945
5.05692
4.9849
4.91363
4.77287
4.70319
4.63406
4.56541
4.49733
4.42997
4.29703
4.23136
4.16605
4.10136
4.03729
3.97398
3.84924
3.78793
3.72716
3.66712
3.60794
3.54969
3.43567
3.38047
3.32665
3.27381
3.22369
3.12931
2.86776
2.75027
2.64026
2.53726
2.44112
2.35148
2.18709
2.11211
2.04107
1.97405
1.91018
1.84942
1.73698
1.68471
1.6349
1.5868
1.54071
1.49675
1.41507
1.37716
1.34015
1.30417
1.26951
1.23605
1.17335
1.14316
1.11385
1.08557
1.05823
1.03174
0.981643
0.957778
0.934758
0.912511
0.891108
0.870822
