-2.2242
-2.48476
-2.77092
-3.12003
-3.55808
-4.0465
-4.56857
-5.13038
-5.7333
-6.38427
-7.10398
-8.0009
-9.13218
-10.3901
-11.7403
-13.1962
-14.765
-16.4643
-18.3613
-20.7679
-23.8089
-27.1922
-30.8495
-34.8294
-39.1782
-43.9764
-49.5084
-56.7972
-66.2792
-77.3586
-90.3292
-106.081
-126.127
-153.536
-195.949
-270.128
-379.779
-429.87
-298.025
-6.86599
282.434
414.264
364.554
260.27
192.216
150.807
123.035
102.657
86.6742
73.4812
62.5364
54.3006
48.0567
42.6935
37.8809
33.4936
29.4671
25.7567
22.458
19.8582
17.7865
15.9314
14.2204
12.6305
11.1534
9.77857
8.54753
7.57006
6.77505
6.05135
5.37767
4.74594
4.15197
3.59538
3.03584
2.14685
1.62215
1.27147
1.01684
0.824875
-2.22511
-2.48378
-2.48574
-2.76982
-2.77203
-3.11862
-3.12145
-3.55638
-3.55978
-4.0447
-4.04831
-4.56663
-4.57052
-5.12829
-5.13246
-5.73103
-5.73557
-6.38181
-6.38673
-7.10117
-7.10678
-7.99723
-8.00458
-9.12778
-9.13659
-10.3854
-10.3948
-11.7353
-11.7454
-13.1908
-13.2016
-14.7591
-14.7708
-16.4579
-16.4707
-18.3538
-18.3688
-20.7579
-20.7779
-23.7971
-23.8206
-27.1795
-27.2049
-30.8357
-30.8633
-34.8145
-34.8443
-39.1618
-39.1946
-43.9583
-43.9945
-49.486
-49.5308
-56.7666
-56.8277
-66.242
-66.3165
-77.3156
-77.4017
-90.2781
-90.3803
-106.017
-106.145
-126.045
-126.21
-153.418
-153.654
-195.756
-196.143
-269.795
-270.461
-379.351
-380.205
-429.99
-429.781
-298.909
-297.137
-8.00499
-5.72693
281.544
283.32
414.109
414.415
364.98
364.128
260.594
259.946
192.402
192.03
150.924
150.691
123.119
122.952
102.721
102.593
86.7263
86.6221
73.5249
73.4375
62.571
62.5017
54.326
54.2753
48.0771
48.0363
42.7116
42.6753
37.8973
37.8645
33.5088
33.4783
29.481
29.4532
25.7696
25.744
22.4689
22.4471
19.8664
19.8501
17.7935
17.7795
15.9379
15.925
14.2264
14.2145
12.636
12.625
11.1585
11.1483
9.78326
9.77388
8.55151
8.54355
7.57317
7.56696
6.77776
6.77234
6.05388
6.04881
5.38003
5.3753
4.74815
4.74372
4.15405
4.14989
3.59729
3.59346
3.03986
3.03182
2.14924
2.14447
1.62366
1.62064
1.27254
1.27041
1.01765
1.01603
0.825484
-2.23282
-2.47543
-2.49397
-2.76048
-2.78148
-3.10668
-3.1336
-3.54194
-3.57428
-4.02934
-4.06367
-4.5501
-4.58709
-5.11061
-5.15023
-5.71174
-5.75492
-6.36091
-6.40764
-7.07748
-7.13079
-7.9662
-8.03624
-9.09051
-9.17381
-10.3459
-10.4347
-11.6923
-11.7885
-13.1446
-13.248
-14.7089
-14.8207
-16.4035
-16.5252
-18.2904
-18.4332
-20.6732
-20.863
-23.6976
-23.9205
-27.0716
-27.313
-30.7188
-30.9809
-34.688
-34.9715
-39.023
-39.3342
-43.8051
-44.1487
-49.2953
-49.7223
-56.5081
-57.0912
-65.9264
-66.6339
-76.9508
-77.7686
-89.8449
-90.8167
-105.476
-106.69
-125.347
-126.933
-152.421
-154.667
-194.126
-197.806
-266.978
-273.3
-375.601
-383.782
-430.854
-428.953
-306.296
-289.443
-17.684
3.95752
273.845
290.714
412.676
415.591
368.482
360.472
263.359
257.229
193.991
190.399
151.917
149.708
123.835
122.243
103.273
102.052
87.1711
86.1845
73.8974
73.0673
62.8673
62.2092
54.5429
54.0611
48.2515
47.863
42.8676
42.5202
38.0369
37.725
33.6384
33.3491
29.5994
29.3355
25.8794
25.6366
22.5605
22.3547
19.9365
19.7809
17.8529
17.7202
15.993
15.8701
14.2771
14.1639
12.6831
12.578
11.202
11.1048
9.82321
9.7341
8.58624
8.50992
7.59967
7.54068
6.80074
6.74936
6.07546
6.02731
5.4001
5.35525
4.76697
4.72494
4.1718
4.1322
3.61373
3.57702
3.07392
2.9971
2.16971
2.12443
1.63661
1.60784
1.28166
1.2614
1.02453
1.00923
0.830669
-2.25837
-2.29578
-2.33332
-2.37118
-2.40967
-2.44826
-2.52129
-2.56194
-2.60299
-2.64431
-2.68663
-2.73001
-2.81325
-2.86039
-2.90937
-2.9599
-3.01225
-3.06732
-3.17448
-3.23608
-3.2987
-3.36273
-3.42872
-3.49522
-3.62209
-3.69137
-3.7618
-3.83352
-3.90546
-3.97838
-4.11474
-4.1893
-4.26457
-4.3405
-4.41778
-4.49592
-4.64205
-4.72269
-4.80413
-4.88609
-4.96906
-5.05258
-5.20919
-5.29527
-5.38193
-5.46951
-5.55854
-5.64875
-5.81829
-5.91024
-6.00449
-6.09927
-6.19628
-6.29313
-6.47608
-6.576
-6.67938
-6.78443
-6.89075
-7.00088
-7.21158
-7.33233
-7.45693
-7.58605
-7.72118
-7.86618
-8.14193
-8.30231
-8.46394
-8.62886
-8.79711
-8.96918
-9.29684
-9.47484
-9.6569
-9.84167
-10.0271
-10.2156
-10.567
-10.7593
-10.9535
-11.1503
-11.3502
-11.5523
-11.931
-12.14
-12.3501
-12.5636
-12.7776
-12.9944
-13.4012
-13.6241
-13.8497
-14.0776
-14.3098
-14.5445
-14.9856
-15.2253
-15.4717
-15.7203
-15.9722
-16.2254
-16.7042
-16.9671
-17.2414
-17.5158
-17.7974
-18.0866
-18.649
-18.9731
-19.3069
-19.6589
-20.0225
-20.4034
-21.1511
-21.5757
-22.0089
-22.4578
-22.9091
-23.3712
-24.2484
-24.7292
-25.2204
-25.7155
-26.2149
-26.7227
-27.67
-28.1896
-28.7151
-29.2499
-29.7921
-30.3379
-31.3697
-31.9406
-32.5132
-33.0961
-33.6826
-34.2748
-35.3939
-36.0107
-36.6345
-37.2702
-37.9126
-38.5658
-39.7943
-40.4726
-41.1619
-41.8668
-42.5763
-43.2968
-44.6625
-45.4258
-46.2127
-47.0117
-47.8417
-48.6871
-50.3646
-51.3293
-52.3431
-53.403
-54.5167
-55.6731
-57.9869
-59.2925
-60.6348
-62.0189
-63.4366
-64.8977
-67.6783
-69.2298
-70.8175
-72.4336
-74.0819
-75.7661
-78.9851
-80.7844
-82.6257
-84.522
-86.4489
-88.4386
-92.2714
-94.4283
-96.6429
-98.9294
-101.293
-103.736
-108.514
-111.198
-114.012
-116.911
-119.927
-123.086
-129.358
-132.921
-136.675
-140.6
-144.786
-149.202
-158.158
-163.353
-169.072
-175.135
-181.729
-188.83
-203.521
-212.528
-222.489
-233.242
-244.946
-257.636
-283.346
-298.804
-314.019
-330.624
-348.303
-364.328
-394.529
-407.648
-417.985
-425.801
-429.693
-432.078
-424.991
-415.712
-400.853
-380.294
-356.488
-329.033
-262.967
-224.162
-181.859
-138.66
-94.1897
-49.2759
35.3126
81.1629
125.642
168.967
210.008
248.357
312.434
339.847
361.82
380.801
396.265
406.67
417.307
414.656
410.752
402.556
392.28
378.923
348.894
332.838
316.685
301.05
286.509
272.546
249.082
237.681
226.695
216.837
207.747
199.334
185.267
178.308
172.032
166.035
160.47
155.3
146.434
141.983
137.72
133.717
129.918
126.263
119.928
116.708
113.626
110.69
107.856
105.118
100.295
97.8158
95.4197
93.0986
90.8374
88.6539
84.7583
82.7288
80.7606
78.8365
76.9647
75.1367
71.8727
70.18
68.5278
66.9289
65.3721
63.8733
61.2507
59.9202
58.6532
57.4778
56.3287
55.2461
53.3716
52.4101
51.479
50.5743
49.702
48.8394
47.2971
46.4945
45.6977
44.9196
44.1459
43.3869
42.0153
41.2894
40.5792
39.8767
39.1838
38.5016
37.2652
36.6123
35.9631
35.3222
34.6867
34.0642
32.9284
32.3285
31.7331
31.146
30.5684
29.9937
28.949
28.3955
27.8507
27.3089
26.7751
26.2435
25.2857
24.7814
24.2852
23.799
23.3228
22.8653
22.0611
21.6446
21.2502
20.8743
20.5098
20.1677
19.5559
19.2446
18.9346
18.6337
18.3413
18.0504
17.528
17.2517
16.978
16.7096
16.4399
16.1748
15.6909
15.4357
15.1837
14.9338
14.6867
14.4428
13.9987
13.7626
13.5283
13.2959
13.0652
12.839
12.4241
12.205
11.9872
11.7725
11.5592
11.3469
10.9618
10.758
10.555
10.3538
10.1549
9.95752
9.60239
9.4131
9.2292
9.04694
8.87061
8.70059
8.39908
8.24428
8.09796
7.95675
7.82004
7.68827
7.45545
7.33438
7.21675
7.1019
6.9883
6.87675
6.67436
6.56599
6.45847
6.35378
6.24987
6.14668
5.95665
5.85674
5.75725
5.65908
5.56228
5.46609
5.28996
5.19597
5.10325
5.01092
4.91915
4.82907
4.6633
4.57551
4.48832
4.40168
4.31595
4.23086
4.07441
3.99214
3.91017
3.82888
3.74798
3.66816
3.52341
3.4461
3.37055
3.29468
3.21935
3.14323
2.8859
2.7334
2.59299
2.46447
2.34725
2.23944
2.06061
1.97392
1.89317
1.81733
1.74631
1.68031
1.56666
1.51012
1.45621
1.40565
1.35814
1.31231
1.23241
1.19264
1.15446
1.11762
1.08207
1.04764
0.987302
0.95682
0.927564
0.899668
0.873273
0.84789
