-2.7445
-2.95485
-3.19015
-3.45247
-3.73822
-4.04421
-4.36772
-4.70848
-5.06673
-5.44425
-5.84327
-6.26699
-6.72331
-7.2222
-7.77981
-8.40874
-9.10517
-9.86106
-10.6669
-11.5188
-12.4177
-13.3657
-14.3675
-15.4304
-16.5679
-17.8058
-19.1804
-20.7309
-22.4826
-24.4127
-26.4973
-28.7201
-31.0801
-33.5795
-36.2412
-39.0852
-42.1495
-45.4912
-49.2238
-53.4828
-58.4141
-64.0571
-70.4142
-77.4854
-85.3705
-94.2303
-104.341
-116.098
-130.088
-147.187
-168.625
-196.232
-231.223
-272.416
-312.822
-336.296
-321.745
-256.489
-145.443
-6.85467
131.597
242.832
307.475
322.616
301.17
262.854
223.872
190.789
164.399
143.34
126.469
112.54
100.757
90.6159
81.7197
73.8692
66.9717
60.9882
55.859
51.4267
47.5151
43.9789
40.7229
37.6995
34.871
32.2115
29.711
27.3627
25.18
23.1884
21.4125
19.8469
18.4443
17.1639
15.9715
14.8516
13.7939
12.789
11.8377
10.9361
10.0867
9.29762
8.57966
7.93969
7.36635
6.84541
6.36201
5.90669
5.47535
5.06452
4.67239
4.29763
3.94184
3.60593
3.29691
2.72916
2.21305
1.83742
1.55071
1.32689
-2.74564
-2.95358
-2.95612
-3.18873
-3.19157
-3.4509
-3.45404
-3.73653
-3.73992
-4.04241
-4.04601
-4.36583
-4.36962
-4.70648
-4.71048
-5.06463
-5.06884
-5.44204
-5.44647
-5.84092
-5.84561
-6.26448
-6.26949
-6.72054
-6.72608
-7.2192
-7.2252
-7.77643
-7.78318
-8.40495
-8.41253
-9.10101
-9.10933
-9.85659
-9.86554
-10.6622
-10.6717
-11.5138
-11.5238
-12.4124
-12.4229
-13.3601
-13.3713
-14.3616
-14.3734
-15.4241
-15.4368
-16.5612
-16.5747
-17.7983
-17.8134
-19.1721
-19.1887
-20.7216
-20.7403
-22.472
-22.4931
-24.4012
-24.4241
-26.485
-26.5097
-28.707
-28.7332
-31.0662
-31.0939
-33.5648
-33.5942
-36.2255
-36.2568
-39.0684
-39.1021
-42.1315
-42.1676
-45.4715
-45.5113
-49.2012
-49.2465
-53.4567
-53.5089
-58.3838
-58.4445
-64.0227
-64.0915
-70.3759
-70.4525
-77.4428
-77.5281
-85.3228
-85.4181
-94.1763
-94.2843
-104.279
-104.403
-116.025
-116.17
-130.001
-130.176
-147.079
-147.297
-168.488
-168.761
-196.05
-196.414
-230.993
-231.453
-272.183
-272.658
-312.6
-313.043
-336.258
-336.334
-321.989
-321.499
-257.005
-255.971
-146.179
-144.71
-7.66843
-6.04091
130.849
132.344
242.32
243.342
307.254
307.695
322.607
322.622
301.363
300.977
263.086
262.621
224.083
223.661
190.958
190.62
164.533
164.265
143.446
143.234
126.556
126.383
112.613
112.467
100.819
100.695
90.67
90.5619
81.7674
81.672
73.9113
73.8272
67.0085
66.9349
61.0185
60.9567
55.8861
55.8319
51.4504
51.4031
47.5362
47.4939
43.9983
43.9596
40.7408
40.705
37.7162
37.6829
34.8867
34.8554
32.2263
32.1967
29.7248
29.6972
27.3757
27.3497
25.192
25.168
23.1992
23.1777
21.422
21.403
19.8554
19.8385
18.452
18.4367
17.1709
17.1569
15.9781
15.9649
14.8578
14.8454
13.7998
13.788
12.7946
12.7834
11.843
11.8324
10.9411
10.931
10.0914
10.082
9.30193
9.2933
8.58352
8.57581
7.94313
7.93625
7.36945
7.36325
6.84828
6.84255
6.36468
6.35933
5.90922
5.90417
5.47776
5.47295
5.06682
5.06222
4.67457
4.6702
4.29971
4.29554
3.94382
3.93987
3.60778
3.60407
3.29852
3.2953
2.73265
2.72568
2.21554
2.21056
1.83928
1.83556
1.55216
1.54927
1.32804
-2.75392
-2.94441
-2.96534
-3.17846
-3.2019
-3.43954
-3.46545
-3.72429
-3.75223
-4.02937
-4.05907
-4.35209
-4.38339
-4.69201
-4.72498
-5.04942
-5.08413
-5.42604
-5.46257
-5.82395
-5.86263
-6.24645
-6.2877
-6.70069
-6.746
-7.1975
-7.24702
-7.75198
-7.80773
-8.37754
-8.4401
-9.07087
-9.13957
-9.8242
-9.89799
-10.628
-10.7064
-11.4773
-11.5604
-12.3743
-12.4612
-13.3197
-13.4117
-14.3189
-14.4162
-15.3781
-15.4826
-16.5124
-16.6238
-17.744
-17.868
-19.1121
-19.2491
-20.6538
-20.809
-22.3959
-22.5698
-24.3182
-24.5075
-26.3958
-26.5992
-28.6123
-28.8282
-30.9659
-31.1941
-33.4582
-33.7012
-36.1122
-36.3705
-38.9464
-39.2245
-41.9998
-42.2989
-45.3292
-45.6576
-49.0375
-49.4111
-53.2681
-53.6991
-58.1649
-58.6651
-63.7743
-64.3416
-70.0988
-70.7311
-77.1344
-77.8346
-84.9783
-85.764
-93.7861
-94.6766
-103.832
-104.855
-115.502
-116.699
-129.37
-130.814
-146.301
-148.096
-167.501
-169.747
-194.747
-197.702
-229.329
-233.123
-270.483
-274.562
-311.008
-314.612
-335.935
-336.573
-323.601
-319.655
-260.695
-252.2
-151.48
-139.42
-13.5683
-0.14128
125.398
137.731
238.559
246.994
305.6
309.234
322.809
322.344
302.73
299.628
264.775
260.905
225.617
222.179
192.202
189.4
165.508
163.298
144.218
142.47
127.189
125.76
113.144
111.941
101.273
100.246
91.0635
90.1706
82.1142
81.3274
74.2176
73.5231
67.2759
66.6692
61.2461
60.728
56.0836
55.636
51.6224
51.2322
47.6901
47.3409
44.1377
43.8198
40.8709
40.5757
37.8373
37.5623
35.0005
34.742
32.3333
32.0899
29.8252
29.5968
27.4698
27.2559
25.2791
25.0821
23.2777
23.0997
21.4912
21.3343
19.9168
19.7774
18.5075
18.3816
17.2221
17.1059
16.026
15.9171
14.9028
14.8005
13.8426
13.7453
12.8355
12.7429
11.8814
11.794
10.9777
10.8948
10.1255
10.0479
9.33331
9.26209
8.61154
8.54798
7.96813
7.91138
7.392
7.3408
6.86912
6.8218
6.3841
6.33996
5.92749
5.88588
5.49521
5.45553
5.08344
5.04559
4.69046
4.65436
4.31486
4.28053
3.95819
3.92555
3.62126
3.59065
3.31049
3.28368
2.75812
2.70067
2.23376
2.19268
1.85287
1.82218
1.56272
1.53885
1.33642
-2.7753
-2.80351
-2.83221
-2.86144
-2.89124
-2.92108
-2.98918
-3.02084
-3.05292
-3.08547
-3.11868
-3.15225
-3.22863
-3.26394
-3.30009
-3.33654
-3.3734
-3.41059
-3.49492
-3.53365
-3.57285
-3.6125
-3.65265
-3.69296
-3.78405
-3.82562
-3.8677
-3.91009
-3.95284
-3.99604
-4.09272
-4.13672
-4.18117
-4.22628
-4.27138
-4.31689
-4.41867
-4.46529
-4.51227
-4.55966
-4.6073
-4.65517
-4.7625
-4.81123
-4.86054
-4.91021
-4.96039
-5.01053
-5.12355
-5.17513
-5.22733
-5.27968
-5.33206
-5.38506
-5.50416
-5.55874
-5.61374
-5.66906
-5.72448
-5.78057
-5.90668
-5.96414
-6.02246
-6.08159
-6.1408
-6.20048
-6.33466
-6.39665
-6.45906
-6.52218
-6.58612
-6.65056
-6.79666
-6.8637
-6.93182
-7.001
-7.07126
-7.14232
-7.30354
-7.37827
-7.45426
-7.53149
-7.60992
-7.68968
-7.87135
-7.9557
-8.04148
-8.12857
-8.21704
-8.30725
-8.51139
-8.60542
-8.70058
-8.79722
-8.89519
-8.99413
-9.21787
-9.32066
-9.42406
-9.52865
-9.63457
-9.74131
-9.98157
-10.0914
-10.2018
-10.3135
-10.4267
-10.5405
-10.7946
-10.9109
-11.0283
-11.1463
-11.2646
-11.3842
-11.6542
-11.7771
-11.9007
-12.0247
-12.1504
-12.2767
-12.5598
-12.6892
-12.8189
-12.9502
-13.0828
-13.2162
-13.5158
-13.6518
-13.7892
-13.9275
-14.0675
-14.2092
-14.5266
-14.6706
-14.8161
-14.9634
-15.1122
-15.262
-15.5996
-15.7541
-15.9105
-16.0676
-16.2267
-16.3878
-16.7505
-16.9178
-17.0881
-17.2593
-17.4315
-17.6087
-18.007
-18.1922
-18.3797
-18.5702
-18.7628
-18.9589
-19.4054
-19.6123
-19.8232
-20.0394
-20.2595
-20.4814
-20.9868
-21.2218
-21.4603
-21.7051
-21.9529
-22.202
-22.7679
-23.0291
-23.2932
-23.5601
-23.8316
-24.1063
-24.7227
-25.0063
-25.2923
-25.5815
-25.8732
-26.1681
-26.83
-27.1327
-27.4371
-27.7445
-28.0566
-28.3692
-29.0733
-29.3934
-29.7173
-30.0454
-30.3762
-30.7089
-31.4533
-31.7957
-32.1379
-32.4846
-32.8343
-33.1871
-33.9773
-34.3406
-34.7061
-35.0759
-35.448
-35.8219
-36.6641
-37.051
-37.443
-37.8383
-38.2364
-38.6364
-39.5401
-39.9557
-40.3735
-40.7983
-41.2296
-41.6632
-42.6397
-43.0908
-43.5482
-44.0119
-44.4813
-44.9577
-46.0391
-46.5381
-47.0447
-47.5603
-48.0854
-48.6206
-49.8386
-50.4051
-50.983
-51.5732
-52.175
-52.7885
-54.1931
-54.8483
-55.5176
-56.2013
-56.8988
-57.6087
-59.235
-59.9903
-60.7586
-61.5404
-62.3373
-63.146
-64.9884
-65.8414
-66.7084
-67.591
-68.4852
-69.3929
-71.4527
-72.4044
-73.3685
-74.3417
-75.3341
-76.3491
-78.6379
-79.7
-80.7756
-81.8668
-82.9747
-84.1009
-86.6604
-87.8474
-89.0508
-90.2754
-91.5192
-92.7917
-95.7027
-97.0528
-98.4186
-99.8186
-101.242
-102.694
-106.03
-107.587
-109.18
-110.808
-112.467
-114.172
-118.08
-119.914
-121.814
-123.766
-125.757
-127.782
-132.483
-134.738
-137.024
-139.351
-141.808
-144.332
-150.176
-152.941
-155.78
-158.739
-161.808
-165.028
-172.404
-176.009
-179.577
-183.329
-187.276
-191.451
-201.127
-205.739
-210.499
-215.347
-220.246
-225.253
-237.44
-243.096
-248.76
-254.532
-260.063
-265.931
-279.315
-285.184
-290.889
-296.407
-302.23
-307.439
-318.376
-322.886
-326.656
-330.001
-332.652
-334.741
-336.89
-336.563
-335.608
-334.2
-331.709
-327.06
-314.848
-307.893
-300.282
-291.348
-281.025
-269.791
-242.181
-228.634
-213.637
-198.236
-181.842
-164.914
-125.48
-106.758
-87.5364
-68.1931
-48.5916
-28.7927
15.0356
34.9084
54.567
73.8552
92.781
111.288
151.246
168.187
184.424
200.028
214.533
228.446
255.915
267.055
277.082
286.01
294.045
301.054
312.997
316.886
320.205
321.858
323.344
323.401
321.259
319.222
316.734
313.618
309.962
306.026
295.629
290.535
284.872
279.949
274.609
269.125
256.455
250.74
245.355
239.945
234.772
229.578
218.391
213.509
208.652
204.061
199.744
195.468
186.319
182.424
178.672
175.031
171.486
168.054
160.826
157.727
154.747
151.89
149.054
146.289
140.537
138.077
135.708
133.379
131.087
128.849
124.194
122.182
120.202
118.24
116.358
114.527
110.606
108.904
107.235
105.604
104.01
102.451
99.1046
97.6472
96.2175
94.8163
93.4372
92.0845
89.173
87.8877
86.6364
85.4068
84.1978
83.0118
80.4499
79.3239
78.2192
77.1318
76.0628
75.0112
72.7497
71.7579
70.7886
69.8296
68.8896
67.9695
65.9948
65.132
64.284
63.4539
62.637
61.8423
60.1482
59.4064
58.678
57.9661
57.2724
56.5943
55.1365
54.4982
53.8735
53.261
52.66
52.0692
50.7967
50.238
49.6884
49.1486
48.6153
48.089
46.9502
46.4481
45.9522
45.4625
44.9798
44.4998
43.4627
43.0016
42.5471
42.0973
41.6511
41.2081
40.2451
39.8186
39.3937
38.976
38.5617
38.1503
37.2545
36.8556
36.46
36.0681
35.6788
35.2942
34.4506
34.0741
33.7008
33.3328
32.9702
32.6092
31.8168
31.4642
31.1146
30.7681
30.4244
30.0837
29.34
29.008
28.6787
28.3535
28.0316
27.7128
27.0148
26.707
26.4007
26.0979
25.7981
25.5029
24.8625
24.5785
24.2988
24.0217
23.7493
23.4809
22.9007
22.6459
22.3971
22.1525
21.9099
21.6706
21.159
20.9348
20.7164
20.5
20.2863
20.0757
19.6216
19.4215
19.2251
19.0317
18.8406
18.6509
18.2407
18.0591
17.8801
17.7027
17.5272
17.3538
16.976
16.807
16.6397
16.4745
16.3111
16.1494
15.7943
15.6371
15.4815
15.3261
15.1721
15.0189
14.6855
14.5365
14.389
14.2432
14.0977
13.9527
13.636
13.4941
13.354
13.2147
13.0768
12.9403
12.6392
12.5064
12.374
12.2421
12.1107
11.9805
11.6963
11.5689
11.4435
11.3183
11.1943
11.0714
10.8019
10.6821
10.5633
10.4455
10.329
10.2134
9.96067
9.84927
9.73832
9.62922
9.52131
9.41431
9.18219
9.07987
8.97908
8.87932
8.78093
8.68429
8.47675
8.38467
8.29384
8.20523
8.11793
8.03252
7.84775
7.76607
7.68552
7.60523
7.52752
7.45033
7.28354
7.20992
7.13639
7.06487
6.99353
6.92297
6.76894
6.7008
6.63305
6.56597
6.50004
6.43416
6.29031
6.22629
6.16278
6.09973
6.03694
5.97463
5.83866
5.77828
5.71834
5.65827
5.59889
5.54013
5.41107
5.35341
5.29597
5.2389
5.1823
5.12623
5.00278
4.94775
4.89328
4.83892
4.78483
4.73128
4.61384
4.5613
4.50899
4.45709
4.40541
4.35396
4.24197
4.19184
4.14211
4.09269
4.04379
3.99513
3.88886
3.84141
3.79441
3.74775
3.70168
3.65601
3.55641
3.51222
3.46864
3.42558
3.38356
3.34215
3.25417
3.21652
3.11203
3.01191
2.91638
2.82513
2.63816
2.56018
2.48551
2.41442
2.34656
2.28163
2.14783
2.09162
2.03791
1.98629
1.93657
1.88846
1.78837
1.74605
1.70513
1.66561
1.62743
1.59029
1.51261
1.4794
1.44746
1.41709
1.38728
1.35827
