-2.08413
-2.44118
-2.85655
-3.37328
-4.0021
-4.7185
-5.52085
-6.43109
-7.51673
-8.89049
-10.5507
-12.4393
-14.5657
-17.008
-19.9917
-23.8086
-28.3932
-33.6425
-39.6683
-46.842
-56.1077
-68.5287
-84.4715
-105.204
-134.356
-180.358
-256.689
-336.287
-273.363
-6.88124
259.458
323.771
248.186
175.62
130.726
101.63
80.8389
65.2297
53.7907
45.2478
38.2708
32.2733
27.0489
22.6408
19.1766
16.391
13.9896
11.8608
9.97615
8.38463
7.11904
6.06899
5.14324
4.31036
3.57073
2.55442
1.69385
1.20716
0.892022
0.670553
-2.08501
-2.44018
-2.44218
-2.85534
-2.85776
-3.37176
-3.3748
-4.00032
-4.00388
-4.7165
-4.7205
-5.5186
-5.52309
-6.42851
-6.43368
-7.51352
-7.51994
-8.88645
-8.89453
-10.546
-10.5554
-12.434
-12.4446
-14.5597
-14.5717
-17.001
-17.0151
-19.9828
-20.0006
-23.7975
-23.8198
-28.3802
-28.4062
-33.6277
-33.6573
-39.6512
-39.6855
-46.8209
-46.8632
-56.0794
-56.1362
-68.4915
-68.5659
-84.4241
-84.5189
-105.141
-105.268
-134.262
-134.451
-180.202
-180.514
-256.443
-256.936
-336.187
-336.386
-273.839
-272.885
-7.70509
-6.05745
258.984
259.932
323.869
323.672
248.417
247.958
175.77
175.47
130.819
130.633
101.694
101.567
80.8862
80.7916
65.2651
65.1944
53.8163
53.7651
45.2679
45.2277
38.2878
38.2539
32.2881
32.2586
27.0617
27.0361
22.6512
22.6305
19.1847
19.1686
16.3978
16.3842
13.9956
13.9837
11.8661
11.8555
9.98077
9.97152
8.38837
8.38088
7.12204
7.11604
6.07158
6.06641
5.14555
5.14092
4.31244
4.30828
3.57252
3.56893
2.55757
2.55128
1.69549
1.69222
1.20815
1.20616
0.892694
0.891352
0.671075
-2.09391
-2.43016
-2.45224
-2.84328
-2.86991
-3.35663
-3.39007
-3.98253
-4.02174
-4.69654
-4.74052
-5.4962
-5.54558
-6.40272
-6.45963
-7.48156
-7.55213
-8.84618
-8.93488
-10.4992
-10.6025
-12.3813
-12.4975
-14.5002
-14.6316
-16.9313
-17.0853
-19.8942
-20.0901
-23.6861
-23.9318
-28.2508
-28.5361
-33.4801
-33.8056
-39.4801
-39.8576
-46.6107
-47.0752
-55.7966
-56.4216
-68.1207
-68.9396
-83.9518
-84.995
-104.51
-105.908
-133.332
-135.397
-178.66
-182.095
-253.982
-259.398
-335.129
-337.34
-278.489
-268.043
-15.9466
2.23727
254.165
264.593
324.796
322.637
250.779
245.679
177.283
173.983
131.747
129.709
102.334
100.933
81.3614
80.3221
65.6208
64.8422
54.0734
53.5102
45.4694
45.0274
38.4577
38.0846
32.4361
32.1112
27.1899
26.9085
22.7554
22.5272
19.2657
19.0881
16.4655
16.3168
14.0552
13.9243
11.9192
11.8026
10.0272
9.92532
8.42594
8.3436
7.15209
7.08616
6.09745
6.0406
5.1687
5.11783
4.33331
4.28748
3.59054
3.55103
2.58942
2.52022
1.71201
1.676
1.21822
1.19627
0.89945
0.884845
0.676306
-2.12744
-2.17862
-2.23077
-2.28378
-2.33778
-2.39291
-2.49024
-2.54866
-2.60858
-2.67021
-2.73352
-2.79879
-2.91607
-2.98773
-3.06187
-3.13879
-3.21837
-3.30066
-3.44797
-3.53723
-3.62888
-3.72262
-3.81857
-3.91645
-4.08903
-4.19203
-4.29702
-4.40366
-4.51205
-4.62234
-4.81608
-4.9314
-5.0489
-5.16813
-5.2893
-5.41291
-5.63041
-5.76029
-5.89274
-6.02779
-6.16587
-6.30723
-6.55782
-6.70914
-6.86488
-7.02559
-7.19177
-7.36383
-7.6746
-7.86472
-8.06222
-8.26669
-8.47844
-8.69736
-9.08861
-9.3245
-9.56696
-9.81443
-10.0673
-10.3253
-10.7801
-11.0514
-11.3277
-11.6086
-11.8942
-12.1853
-12.697
-13.0021
-13.3125
-13.6283
-13.9505
-14.2788
-14.8577
-15.2039
-15.5581
-15.9202
-16.2915
-16.6727
-17.352
-17.7639
-18.1907
-18.6325
-19.0911
-19.568
-20.4307
-20.9602
-21.5099
-22.0778
-22.6657
-23.2731
-24.3557
-25.0085
-25.677
-26.3601
-27.0572
-27.7695
-29.027
-29.778
-30.5437
-31.3238
-32.12
-32.9317
-34.3648
-35.2215
-36.0973
-36.993
-37.9084
-38.8456
-40.5094
-41.5124
-42.5447
-43.6062
-44.7023
-45.8356
-47.8824
-49.1398
-50.4521
-51.8234
-53.2595
-54.7619
-57.5086
-59.2078
-60.9824
-62.8302
-64.7566
-66.7546
-70.3607
-72.5662
-74.8522
-77.2133
-79.6655
-82.2087
-86.8076
-89.6292
-92.5711
-95.6304
-98.8398
-102.191
-108.35
-112.19
-116.255
-120.554
-125.095
-129.938
-139.034
-144.85
-151.096
-157.835
-165.145
-173.031
-188.255
-198.044
-208.605
-220.084
-232.306
-245.102
-268.64
-282.323
-296.144
-309.025
-320.782
-330.245
-339.97
-340.621
-336.814
-328.151
-313.665
-294.36
-248.684
-215.478
-177.554
-136.34
-92.5197
-46.9447
33.141
78.5753
122.352
163.632
201.362
234.549
280.502
300.192
314.243
323.326
327.438
326.999
317.923
308.705
297.6
285.455
272.333
259.309
237.216
224.997
213.507
202.633
192.559
183.153
168.573
160.94
153.84
147.27
141.098
135.34
126.319
121.504
116.985
112.688
108.625
104.779
98.6002
95.2331
92.0155
88.944
85.9952
83.1711
78.587
76.066
73.6462
71.3238
69.1047
66.9797
63.5505
61.6797
59.9019
58.2087
56.5967
55.0552
52.5731
51.2088
49.8965
48.6344
47.4142
46.2337
44.2868
43.1966
42.134
41.0983
40.0879
39.1001
37.4556
36.5255
35.616
34.7234
33.8505
32.9953
31.5638
30.7535
29.9594
29.1812
28.4197
27.6751
26.4355
25.7382
25.0608
24.4035
23.7669
23.1519
22.1468
21.5917
21.0585
20.5438
20.0489
19.573
18.7904
18.3542
17.9302
17.5177
17.1147
16.7216
16.0661
15.695
15.331
14.9746
14.6243
14.2803
13.7035
13.3756
13.0535
12.7367
12.4251
12.1193
11.606
11.3142
11.0279
10.7473
10.4718
10.2026
9.75438
9.50243
9.25787
9.02057
8.79087
8.56888
8.20607
8.00468
7.81044
7.623
7.44169
7.26593
6.9756
6.81263
6.65324
6.49735
6.34484
6.19523
5.94476
5.80219
5.66236
5.52474
5.38915
5.25593
5.03194
4.90405
4.77817
4.65414
4.53211
4.412
4.21015
4.09536
3.98271
3.87228
3.76426
3.65887
3.48484
3.38843
3.29572
3.1626
2.9248
2.71557
2.40911
2.25597
2.11827
1.99387
1.88016
1.77611
1.61753
1.53372
1.45655
1.38659
1.31978
1.25721
1.16015
1.10721
1.05735
1.01078
0.966816
0.925476
0.860979
0.825917
0.791883
0.758937
0.727049
0.696192
