-1.81114
-2.00373
-2.20753
-2.42419
-2.65758
-2.92016
-3.23544
-3.60458
-4.00796
-4.438
-4.89438
-5.38036
-5.89893
-6.45482
-7.06623
-7.78424
-8.65555
-9.64557
-10.7146
-11.8529
-13.0652
-14.3625
-15.749
-17.2542
-18.9626
-21.0352
-23.5266
-26.278
-29.2356
-32.4039
-35.8185
-39.5074
-43.5357
-48.0544
-53.4903
-60.3624
-68.5194
-77.7949
-88.3762
-100.725
-115.562
-134.104
-158.537
-193.411
-246.498
-319.532
-379.481
-357.746
-222.92
-6.87877
207.538
342.954
364.463
305.729
238.16
189.049
155.215
130.848
112.177
97.181
84.6895
74.0003
64.8287
57.3791
51.523
46.5986
42.1967
38.1735
34.4739
31.0367
27.8385
24.8805
22.2573
20.1009
18.3041
16.692
15.1982
13.8016
12.4941
11.2655
10.1149
9.05235
8.1386
7.38463
6.7233
6.11427
5.54325
5.00451
4.49496
4.01181
3.55498
3.09539
2.32803
1.81589
1.46118
1.20063
0.997338
0.837872
0.704621
0.590817
-1.81191
-2.00287
-2.00459
-2.20662
-2.20844
-2.42322
-2.42516
-2.65653
-2.65863
-2.91891
-2.9214
-3.23395
-3.23693
-3.60289
-3.60626
-4.00616
-4.00975
-4.43609
-4.43991
-4.89234
-4.89642
-5.37818
-5.38255
-5.89676
-5.90109
-6.45229
-6.45734
-7.06339
-7.06906
-7.7808
-7.78768
-8.65154
-8.65956
-9.64094
-9.65019
-10.7098
-10.7193
-11.8478
-11.858
-13.0597
-13.0706
-14.3563
-14.3683
-15.7427
-15.7552
-17.2474
-17.261
-18.9549
-18.9703
-21.0256
-21.0452
-23.5152
-23.538
-26.2656
-26.2904
-29.2221
-29.2491
-32.3895
-32.4184
-35.8031
-35.8339
-39.4907
-39.5242
-43.5176
-43.5538
-48.0333
-48.0756
-53.4636
-53.517
-60.3294
-60.3954
-68.482
-68.5568
-77.7519
-77.8379
-88.3269
-88.4256
-100.667
-100.784
-115.49
-115.633
-134.014
-134.194
-158.413
-158.662
-193.227
-193.596
-246.223
-246.772
-319.23
-319.836
-379.355
-379.606
-358.081
-357.407
-223.729
-222.11
-7.82506
-5.89394
206.726
208.347
342.627
343.28
364.592
364.377
306.315
305.155
238.413
237.908
189.225
188.874
155.334
155.097
130.95
130.748
112.249
112.105
97.2399
97.1221
84.7395
84.6396
74.0431
73.9577
64.8649
64.7924
57.4075
57.3508
51.5465
51.4994
46.6187
46.5786
42.215
42.1784
38.1902
38.1567
34.4893
34.4584
31.0515
31.022
27.8519
27.8252
24.8927
24.8683
22.2678
22.2469
20.109
20.0925
18.3114
18.2968
16.6987
16.6854
15.2044
15.1919
13.8074
13.7958
12.4997
12.4886
11.2707
11.2603
10.1197
10.1101
9.05675
9.04796
8.14218
8.13503
7.38766
7.38161
6.72605
6.72055
6.11674
6.1118
5.54566
5.54084
5.00678
5.00225
4.49711
4.49281
4.01393
4.00969
3.55691
3.55306
3.09886
3.09193
2.33075
2.32531
1.81771
1.81407
1.46249
1.45988
1.2016
1.19965
0.998123
0.996553
0.838489
0.837254
0.705156
0.704087
0.591281
-1.81829
-1.996
-2.01147
-2.19937
-2.21571
-2.41547
-2.43295
-2.64809
-2.66703
-2.909
-2.9314
-3.22199
-3.24893
-3.58945
-3.61976
-3.99182
-4.02414
-4.4198
-4.45525
-4.87604
-4.91276
-5.36072
-5.40007
-5.87828
-5.91904
-6.43226
-6.4776
-7.0408
-7.09185
-7.75341
-7.81535
-8.61942
-8.69191
-9.60406
-9.6867
-10.6717
-10.7576
-11.807
-11.8989
-13.0164
-13.1148
-14.3061
-14.4148
-15.6926
-15.8053
-17.1928
-17.3159
-18.8919
-19.0345
-20.9531
-21.1301
-23.424
-23.6296
-26.1666
-26.3897
-29.1146
-29.3497
-32.2742
-32.5328
-35.6804
-35.957
-39.3571
-39.6585
-43.3713
-43.6989
-47.8646
-48.2455
-53.2513
-53.7316
-60.0666
-60.66
-68.1834
-68.8548
-77.4072
-78.1812
-87.9337
-88.8215
-100.202
-101.253
-114.923
-116.214
-133.293
-134.917
-157.408
-159.667
-191.764
-195.082
-244.038
-248.977
-316.832
-322.316
-378.284
-380.545
-360.667
-354.597
-230.126
-215.554
-15.5564
1.97629
200.156
214.745
339.925
345.8
365.655
363.618
308.149
301.927
240.444
235.9
190.638
187.479
156.317
154.154
131.707
130.017
112.828
111.532
97.7129
96.6527
85.1404
84.2413
74.3875
73.6149
65.1561
64.5038
57.6353
57.1251
51.7313
51.3115
46.779
46.4184
42.3616
42.0327
38.3247
38.0228
34.6133
34.3347
31.169
30.9065
27.959
27.7185
24.9904
24.771
22.3518
22.1637
20.1766
20.0257
18.37
18.2386
16.7523
16.632
15.2545
15.1409
13.8545
13.7502
12.5428
12.4446
11.3122
11.219
10.1581
10.0719
9.09248
9.01667
8.1709
8.10658
7.41193
7.35753
6.74806
6.69863
6.13699
6.09182
5.56469
5.5216
5.02495
4.98413
4.51434
4.47565
4.03049
3.99307
3.57231
3.53769
3.11889
3.064
2.35272
2.30378
1.83241
1.79961
1.47301
1.44952
1.20942
1.1919
1.00444
0.990307
0.843441
0.832329
0.70945
0.699825
0.595009
-1.83777
-1.86489
-1.89247
-1.92
-1.94771
-1.97571
-2.03201
-2.0608
-2.0897
-2.1184
-2.14816
-2.17788
-2.23741
-2.2681
-2.29882
-2.32984
-2.36114
-2.39258
-2.45618
-2.48874
-2.52176
-2.5551
-2.58884
-2.62307
-2.6925
-2.72865
-2.76497
-2.80262
-2.84107
-2.88034
-2.9613
-3.00413
-3.04808
-3.09268
-3.13925
-3.18707
-3.28494
-3.33615
-3.38831
-3.44114
-3.49508
-3.54978
-3.66009
-3.71686
-3.77341
-3.83177
-3.89022
-3.9491
-4.06743
-4.12792
-4.18917
-4.25064
-4.31254
-4.37507
-4.50106
-4.56551
-4.63025
-4.69531
-4.76103
-4.82739
-4.96148
-5.03007
-5.09891
-5.16924
-5.23947
-5.30925
-5.4527
-5.5253
-5.59793
-5.6733
-5.74795
-5.82318
-5.97507
-6.05278
-6.13209
-6.21157
-6.29203
-6.37361
-6.53819
-6.62343
-6.70811
-6.79515
-6.88419
-6.97457
-7.15965
-7.25797
-7.35731
-7.45852
-7.56404
-7.67343
-7.89794
-8.01678
-8.13723
-8.26366
-8.39129
-8.5231
-8.79017
-8.92816
-9.06907
-9.21081
-9.35458
-9.50063
-9.79364
-9.94402
-10.0954
-10.2478
-10.4024
-10.5574
-10.8712
-11.0313
-11.1927
-11.3562
-11.5203
-11.6868
-12.0192
-12.1891
-12.3613
-12.5354
-12.7103
-12.8882
-13.2457
-13.4277
-13.6085
-13.7945
-13.9833
-14.172
-14.5535
-14.7464
-14.9432
-15.1399
-15.3413
-15.5438
-15.9547
-16.1647
-16.3778
-16.5915
-16.811
-17.0347
-17.4807
-17.7148
-17.9521
-18.1955
-18.4415
-18.7034
-19.231
-19.5106
-19.7979
-20.0969
-20.4017
-20.7191
-21.3722
-21.714
-22.0646
-22.4201
-22.7842
-23.1508
-23.9032
-24.2884
-24.6792
-25.0728
-25.4709
-25.8744
-26.6837
-27.1
-27.5186
-27.9436
-28.3666
-28.8013
-29.6721
-30.1164
-30.5667
-31.0207
-31.4762
-31.9376
-32.8731
-33.3505
-33.8357
-34.3236
-34.8202
-35.3188
-36.3247
-36.8371
-37.359
-37.8938
-38.4274
-38.9634
-40.0497
-40.6138
-41.1814
-41.7613
-42.3448
-42.9382
-44.1401
-44.766
-45.3983
-46.0375
-46.6962
-47.3716
-48.7578
-49.4764
-50.2432
-51.0077
-51.8136
-52.6435
-54.3797
-55.2996
-56.2563
-57.2315
-58.2519
-59.2951
-61.4468
-62.5704
-63.7125
-64.8885
-66.0785
-67.2934
-69.7698
-71.0504
-72.3545
-73.681
-75.0285
-76.4047
-79.2094
-80.6611
-82.1475
-83.6611
-85.2055
-86.7795
-90.0097
-91.6938
-93.4169
-95.1796
-96.9874
-98.8391
-102.657
-104.658
-106.722
-108.845
-111.025
-113.261
-117.919
-120.389
-122.952
-125.589
-128.346
-131.186
-137.129
-140.323
-143.646
-147.129
-150.761
-154.558
-162.728
-167.16
-171.817
-176.781
-182.009
-187.534
-199.687
-206.391
-213.496
-220.991
-229.087
-237.671
-255.941
-265.843
-276.005
-286.465
-297.44
-308.142
-330.179
-340.661
-350.396
-360.542
-367.974
-374.635
-382.812
-384.679
-383.252
-379.231
-374.358
-367.285
-348.151
-330.473
-316.397
-293.019
-271.512
-248.364
-194.406
-165.375
-134.523
-103.317
-71.146
-38.8797
25.2527
58.0095
89.0799
120.777
150.038
179.273
232.933
258.237
280.483
299.601
316.204
331.051
353.609
360.595
364.657
368.558
369.932
368.226
359.761
352.757
343.822
334.807
325.848
315.456
294.489
285.192
274.597
264.868
255.497
246.637
230.043
222.255
214.842
207.76
201.143
194.918
183.555
178.067
173.022
168.232
163.675
159.337
151.31
147.553
143.894
140.434
137.086
133.9
127.896
125.064
122.309
119.653
117.064
114.578
109.857
107.579
105.377
103.249
101.166
99.1365
95.2818
93.403
91.5745
89.7908
88.0485
86.3436
83.0722
81.4766
79.9154
78.3865
76.886
75.4214
72.5987
71.2211
69.8792
68.5662
67.2851
66.0367
63.6629
62.5191
61.4138
60.3436
59.3109
58.3242
56.4639
55.5736
54.7109
53.8806
53.0722
52.2842
50.7848
50.05
49.332
48.6311
47.9353
47.2612
45.9464
45.2958
44.6586
44.0274
43.4085
42.7959
41.6038
41.0161
40.433
39.8597
39.2912
38.726
37.6296
37.0888
36.5516
36.0242
35.4991
34.9834
33.9699
33.4677
32.9681
32.4758
31.9925
31.5118
30.5673
30.0975
29.6361
29.1775
28.7266
28.2783
27.4036
26.9674
26.5401
26.1195
25.6956
25.2832
24.4831
24.0904
23.7024
23.3325
22.9634
22.6039
21.925
21.5968
21.2753
20.9691
20.665
20.3806
19.8296
19.5613
19.3
19.042
18.7934
18.5456
18.0675
17.8302
17.5968
17.3668
17.1388
16.9125
16.4721
16.2556
16.0369
15.8248
15.6137
15.4043
14.9947
14.7912
14.5881
14.3875
14.1904
13.9944
13.6114
13.4205
13.2328
13.0456
12.8596
12.6759
12.3145
12.1374
11.9602
11.7831
11.6091
11.4344
11.0969
10.9299
10.7633
10.5984
10.4353
10.2729
9.95838
9.80069
9.64617
9.49459
9.34454
9.19746
8.91509
8.77537
8.64115
8.50944
8.3831
8.25906
8.02301
7.91
7.79992
7.69233
7.58689
7.48365
7.28493
7.18906
7.09338
6.9994
6.90639
6.8138
6.63418
6.54557
6.45744
6.3698
6.28356
6.19822
6.03139
5.9485
5.86564
5.78375
5.70228
5.62175
5.46471
5.38629
5.30844
5.23145
5.15516
5.0791
4.93067
4.85624
4.78287
4.70997
4.63769
4.56579
4.42492
4.35472
4.2843
4.21528
4.14707
4.07906
3.94501
3.87855
3.8124
3.74717
3.68256
3.61822
3.49218
3.42897
3.36599
3.30274
3.23772
3.16941
2.97741
2.85539
2.73664
2.62445
2.51898
2.42003
2.24166
2.15968
2.08268
2.0103
1.94209
1.87717
1.75782
1.70257
1.65012
1.59945
1.55128
1.50501
1.41954
1.3796
1.34095
1.30367
1.26777
1.23325
1.16918
1.13837
1.10845
1.07926
1.05091
1.02353
0.972104
0.947591
0.923858
0.901007
0.87918
0.858267
0.817832
0.798001
0.778531
0.759396
0.740654
0.722351
0.687325
0.670334
0.653783
0.637624
0.621793
0.606181
