-2.13424
-2.32274
-2.52482
-2.7454
-2.99181
-3.27115
-3.58429
-3.92689
-4.29458
-4.68556
-5.10083
-5.5422
-6.01402
-6.52368
-7.08471
-7.71798
-8.44
-9.25146
-10.1395
-11.0934
-12.1098
-13.192
-14.3462
-15.5848
-16.9313
-18.4253
-20.1261
-22.0757
-24.2706
-26.6775
-29.2724
-32.0541
-35.0398
-38.2609
-41.768
-45.6513
-50.0671
-55.2262
-61.2953
-68.3243
-76.3355
-85.4503
-95.9263
-108.22
-123.038
-141.486
-165.262
-196.897
-238.317
-287.187
-329.7
-337.91
-285.103
-166.764
-6.88124
152.771
271.183
324.502
317.457
276.945
230.727
191.46
161.054
137.746
119.465
104.649
92.3109
81.816
72.7822
65.0355
58.4945
52.9938
48.2777
44.11
40.3387
36.8756
33.6692
30.6877
27.9179
25.3681
23.0724
21.0566
19.2982
17.7373
16.3168
15.0009
13.7708
12.6158
11.5302
10.5136
9.57272
8.72171
7.96939
7.30611
6.71014
6.16131
5.64835
5.16523
4.70821
4.27607
3.86977
3.49526
3.04383
2.35293
1.88625
1.54866
1.29389
1.09312
0.93086
0.800703
-2.13514
-2.32178
-2.3237
-2.52378
-2.52585
-2.74425
-2.74654
-2.99051
-2.9931
-3.26969
-3.27262
-3.58267
-3.58592
-3.92513
-3.92865
-4.29271
-4.29646
-4.68356
-4.68756
-5.09872
-5.10294
-5.53995
-5.54445
-6.01161
-6.01643
-6.52105
-6.52631
-7.08178
-7.08764
-7.71464
-7.72133
-8.4362
-8.4438
-9.24725
-9.25567
-10.135
-10.1441
-11.0886
-11.0983
-12.1046
-12.115
-13.1865
-13.1975
-14.3403
-14.3521
-15.5785
-15.5912
-16.9244
-16.9383
-18.4175
-18.4332
-20.1171
-20.1351
-22.0655
-22.086
-24.2592
-24.282
-26.6651
-26.6898
-29.2591
-29.2856
-32.0399
-32.0683
-35.0246
-35.0551
-38.2443
-38.2774
-41.7499
-41.7862
-45.6309
-45.6716
-50.0436
-50.0905
-55.1986
-55.2538
-61.2629
-61.3276
-68.2872
-68.3614
-76.2934
-76.3776
-85.4022
-85.4984
-95.8703
-95.9824
-108.154
-108.286
-122.957
-123.119
-141.384
-141.589
-165.129
-165.395
-196.718
-197.076
-238.09
-238.543
-286.938
-287.435
-329.544
-329.855
-338.001
-337.818
-285.532
-284.672
-167.488
-166.038
-7.70509
-6.05745
152.049
153.492
270.747
271.617
324.401
324.607
317.59
317.316
277.179
276.711
230.942
230.513
191.632
191.288
161.185
160.923
137.848
137.644
119.544
119.385
104.715
104.582
92.3668
92.255
81.864
81.768
72.8236
72.7407
65.0708
65.0003
58.5241
58.4649
53.0188
52.9689
48.2995
48.2559
44.1295
44.0905
40.3565
40.3209
36.892
36.8592
33.6844
33.6539
30.7019
30.6735
27.9311
27.9048
25.3801
25.3561
23.0831
23.0618
21.0659
21.0474
19.3064
19.2901
17.7446
17.73
16.3235
16.31
15.0072
14.9946
13.7767
13.765
12.6213
12.6102
11.5354
11.525
10.5185
10.5088
9.57717
9.56828
8.72568
8.71774
7.97288
7.96591
7.3092
7.30302
6.71296
6.70733
6.16392
6.15869
5.65081
5.6459
5.16754
5.16291
4.71041
4.70602
4.27814
4.27399
3.8717
3.86783
3.49701
3.4935
3.04807
3.0396
2.35568
2.35018
1.88819
1.88432
1.55011
1.54722
1.29501
1.29277
1.09402
1.09222
0.931577
0.930144
0.801302
-2.14192
-2.31458
-2.33092
-2.51601
-2.53366
-2.73569
-2.75514
-2.98082
-3.00283
-3.25874
-3.28362
-3.57052
-3.59812
-3.91198
-3.94185
-4.27868
-4.31053
-4.66866
-4.70252
-5.08292
-5.11879
-5.52309
-5.56136
-5.99354
-6.03457
-6.50139
-6.54606
-7.05987
-7.10967
-7.68968
-7.74648
-8.40779
-8.47234
-9.21576
-9.28718
-10.1008
-10.1783
-11.0521
-11.1349
-12.0659
-12.1539
-13.1452
-13.239
-14.2962
-14.3963
-15.5308
-15.639
-16.8724
-16.9906
-18.359
-18.492
-20.0497
-20.2029
-21.9889
-22.1629
-24.1738
-24.3677
-26.5726
-26.7826
-29.1597
-29.3853
-31.9333
-32.1752
-34.9104
-35.1697
-38.1204
-38.4019
-41.614
-41.923
-45.4787
-45.8246
-49.8683
-50.2672
-54.9925
-55.4613
-61.0212
-61.5709
-68.0099
-68.6405
-75.9789
-76.6943
-85.0428
-85.8602
-95.4515
-96.4043
-107.66
-108.784
-122.354
-123.728
-140.62
-142.361
-164.133
-166.4
-195.385
-198.429
-236.398
-240.25
-285.072
-289.29
-328.353
-330.992
-338.619
-337.062
-288.701
-281.396
-172.835
-160.536
-13.8857
0.15835
146.609
158.874
267.489
274.816
323.592
325.326
318.612
316.233
278.928
274.951
232.569
228.906
192.927
190.011
162.17
159.95
138.615
136.885
120.145
118.789
105.214
104.089
92.788
91.8372
82.2252
81.4091
73.1356
72.431
65.336
64.7371
58.7469
58.2441
53.207
52.7823
48.4631
48.093
44.2762
43.9445
40.4903
40.1876
37.0155
36.7358
33.7989
33.5398
30.8087
30.5673
28.0298
27.8064
25.4702
25.2664
23.1632
22.9821
21.1357
20.9779
19.3675
19.2292
17.7996
17.6752
16.3741
16.2596
15.0543
14.9476
13.8209
13.7208
12.6628
12.5688
11.5745
11.4861
10.5548
10.4725
9.61058
9.53506
8.75552
8.68808
7.99907
7.93988
7.33243
7.27991
6.73409
6.68627
6.18356
6.13912
5.66925
5.62751
5.18495
5.14555
4.7269
4.68956
4.29371
4.25846
3.88624
3.85336
3.51021
3.48039
3.07998
3.00808
2.37647
2.3297
1.90283
1.8699
1.56108
1.53644
1.30345
1.28444
1.10077
1.08554
0.936977
0.924801
0.805802
-2.16106
-2.18724
-2.21367
-2.24038
-2.26727
-2.29443
-2.35133
-2.37931
-2.40765
-2.43627
-2.46512
-2.49429
-2.55575
-2.58603
-2.61681
-2.64806
-2.67969
-2.71177
-2.77955
-2.81318
-2.84737
-2.88225
-2.91769
-2.95381
-3.03043
-3.06852
-3.10731
-3.14699
-3.18724
-3.22817
-3.3148
-3.35776
-3.40142
-3.44586
-3.49088
-3.53644
-3.63265
-3.67998
-3.72801
-3.7766
-3.82562
-3.87517
-3.97916
-4.03024
-4.08172
-4.13383
-4.18632
-4.23936
-4.35029
-4.40471
-4.45954
-4.51496
-4.57075
-4.62697
-4.74473
-4.8025
-4.86075
-4.91955
-4.97881
-5.03862
-5.16364
-5.22487
-5.2867
-5.34927
-5.41225
-5.4759
-5.60914
-5.67457
-5.74067
-5.80752
-5.87488
-5.94294
-6.08591
-6.15632
-6.22759
-6.29976
-6.37259
-6.44638
-6.60193
-6.67892
-6.75695
-6.83635
-6.91689
-6.99872
-7.17218
-7.25842
-7.34633
-7.43592
-7.52717
-7.62009
-7.81783
-7.91609
-8.01638
-8.11885
-8.22276
-8.32862
-8.55326
-8.66474
-8.77783
-8.89291
-9.00941
-9.12775
-9.37663
-9.49967
-9.62397
-9.74985
-9.87692
-10.0053
-10.275
-10.4071
-10.5409
-10.6762
-10.8126
-10.9501
-11.2381
-11.3793
-11.5219
-11.666
-11.8109
-11.9571
-12.2638
-12.4142
-12.5659
-12.7193
-12.8739
-13.0296
-13.3557
-13.5158
-13.6777
-13.8412
-14.0063
-14.1726
-14.5216
-14.6932
-14.8665
-15.0418
-15.2188
-15.3977
-15.7744
-15.9596
-16.1477
-16.3382
-16.531
-16.7266
-17.139
-17.3434
-17.5507
-17.7621
-17.9769
-18.1954
-18.6597
-18.8912
-19.1267
-19.3675
-19.6128
-19.8624
-20.3954
-20.6611
-20.932
-21.2086
-21.4896
-21.7753
-22.3817
-22.6832
-22.9895
-23.3008
-23.6167
-23.9363
-24.6103
-24.943
-25.2795
-25.6207
-25.9652
-26.3136
-27.0448
-27.4044
-27.7679
-28.1357
-28.5069
-28.8815
-29.6667
-30.0528
-30.4427
-30.8362
-31.2333
-31.6354
-32.4772
-32.8911
-33.3095
-33.7326
-34.1593
-34.5905
-35.4943
-35.9401
-36.3906
-36.847
-37.3078
-37.774
-38.754
-39.2376
-39.727
-40.2229
-40.7255
-41.2347
-42.3098
-42.842
-43.3817
-43.9303
-44.4883
-45.055
-46.2583
-46.8579
-47.4695
-48.0935
-48.7305
-49.3804
-50.7696
-51.4657
-52.179
-52.9085
-53.6559
-54.4207
-56.0534
-56.8756
-57.7135
-58.5726
-59.4514
-60.3487
-62.2617
-63.2178
-64.1954
-65.1914
-66.2055
-67.2388
-69.4322
-70.5257
-71.6396
-72.7739
-73.9283
-75.1051
-77.5933
-78.8356
-80.0998
-81.3888
-82.7029
-84.042
-86.8872
-88.3095
-89.7588
-91.2384
-92.7547
-94.2954
-97.6008
-99.2543
-100.949
-102.683
-104.463
-106.289
-110.205
-112.181
-114.22
-116.314
-118.469
-120.687
-125.466
-127.897
-130.417
-133.017
-135.707
-138.486
-144.554
-147.653
-150.881
-154.232
-157.716
-161.362
-169.299
-173.429
-177.728
-182.188
-186.881
-191.716
-202.302
-207.729
-213.389
-219.32
-225.427
-231.726
-245.112
-251.875
-258.884
-265.95
-272.955
-279.878
-294.429
-301.222
-307.595
-313.947
-319.821
-324.772
-333.8
-336.892
-339.204
-340.573
-340.863
-339.889
-334.52
-329.952
-323.727
-316.093
-307.287
-297.1
-271.641
-257.356
-241.711
-224.908
-206.914
-187.588
-145.048
-123.403
-101.033
-78.1062
-54.9162
-31.3657
17.6372
41.082
64.2028
87.046
109.355
131.073
173.639
192.778
210.857
227.65
243.259
257.751
283.268
293.596
302.538
309.922
315.988
320.809
326.752
327.694
327.447
326.386
324.367
321.347
312.902
307.696
302.135
296.297
290.291
283.804
269.993
263.37
256.831
250.284
243.691
237.226
224.423
218.51
212.789
207.237
201.795
196.625
186.473
181.841
177.372
173.088
168.956
164.988
157.262
153.725
150.333
147.06
143.88
140.803
134.796
132.05
129.396
126.796
124.292
121.874
117.119
114.894
112.746
110.655
108.616
106.635
102.716
100.885
99.0956
97.35
95.6492
93.9854
90.6774
89.1287
87.6121
86.126
84.6714
83.2506
80.4119
79.0782
77.7727
76.4963
75.2455
74.0203
71.5709
70.4247
69.3053
68.2095
67.1379
66.091
64.0069
63.035
62.0861
61.1583
60.2585
59.3794
57.6319
56.8164
56.0198
55.2411
54.4824
53.7417
52.2632
51.5696
50.8892
50.222
49.5687
48.9278
47.6389
47.0307
46.4325
45.8432
45.2629
44.6913
43.5371
42.9897
42.4491
41.9154
41.3887
40.8687
39.815
39.3135
38.8181
38.3287
37.8443
37.3648
36.3919
35.9287
35.4705
35.0156
34.5667
34.1224
33.2205
32.7897
32.3633
31.9411
31.5233
31.1099
30.2702
29.8694
29.4729
29.0807
28.6928
28.3092
27.5312
27.161
26.7952
26.4339
26.0776
25.726
25.0158
24.6803
24.3498
24.0244
23.7049
23.3907
22.7596
22.463
22.1725
21.8868
21.6076
21.3337
20.7843
20.5254
20.2723
20.0236
19.7801
19.5411
19.0593
18.8313
18.6077
18.387
18.1697
17.9555
17.5221
17.3164
17.1129
16.9118
16.7133
16.5172
16.1183
15.9286
15.7406
15.5542
15.3697
15.1874
14.8159
14.639
14.4635
14.289
14.1166
13.9457
13.5974
13.4312
13.2666
13.1029
12.9405
12.7802
12.4528
12.2966
12.1417
11.9878
11.8356
11.6847
11.3773
11.2307
11.0853
10.9414
10.7989
10.6578
10.3711
10.2348
10.0999
9.96644
9.83476
9.70498
9.44236
9.31804
9.19578
9.0751
8.95644
8.84
8.60548
8.49522
8.38687
8.28037
8.17604
8.07346
7.86718
7.77023
7.67486
7.58107
7.48896
7.39829
7.21538
7.12879
7.04339
6.95909
6.87604
6.79393
6.6273
6.54795
6.46954
6.39186
6.31502
6.23906
6.08424
6.0104
5.93725
5.86452
5.79257
5.72131
5.57599
5.50648
5.43752
5.36906
5.30137
5.23407
5.09685
5.03126
4.96614
4.90135
4.83719
4.77351
4.64346
4.58137
4.51978
4.45853
4.39786
4.3377
4.21497
4.15643
4.09838
4.04078
3.9838
3.92738
3.81283
3.75837
3.7046
3.65142
3.59913
3.54764
3.44388
3.39531
3.34764
3.3009
3.25537
3.17292
2.92283
2.81381
2.71086
2.61355
2.52253
2.43667
2.27358
2.20089
2.13204
2.06643
2.00429
1.94494
1.83016
1.7784
1.72895
1.68149
1.63619
1.5925
1.50672
1.46783
1.43114
1.39587
1.36121
1.32756
1.26144
1.23126
1.20229
1.17445
1.14693
1.12006
1.06701
1.04262
1.01908
0.996164
0.973957
0.952416
0.910015
0.890515
0.872105
0.853963
0.836127
0.818563
