-2.07736
-2.43175
-2.84328
-3.35826
-3.98751
-4.70276
-5.50134
-6.40396
-7.47908
-8.85063
-10.5118
-12.3956
-14.5101
-16.9298
-19.887
-23.7037
-28.2913
-33.5297
-39.5283
-46.6531
-55.8936
-68.4141
-84.5258
-105.57
-135.426
-183.565
-268.25
-368.019
-308.27
-6.97635
294.353
355.448
259.798
179.086
131.915
102.028
80.8821
65.0736
53.6037
45.1022
38.1517
32.1662
26.9385
22.5248
19.0848
16.3265
13.9403
11.8179
9.93337
8.34227
7.08785
6.04711
5.1266
4.29663
3.55924
2.53258
1.68186
1.20129
0.889671
0.669574
-2.07824
-2.43076
-2.43275
-2.84208
-2.84448
-3.35674
-3.35979
-3.98572
-3.98929
-4.70076
-4.70475
-5.49911
-5.50357
-6.4014
-6.40652
-7.4759
-7.48226
-8.84658
-8.85467
-10.5071
-10.5165
-12.3904
-12.4009
-14.5042
-14.5161
-16.9228
-16.9367
-19.8781
-19.8958
-23.6925
-23.7148
-28.2784
-28.3043
-33.515
-33.5444
-39.5112
-39.5453
-46.6322
-46.6741
-55.8652
-55.922
-68.3765
-68.4517
-84.4778
-84.5738
-105.505
-105.634
-135.329
-135.522
-183.398
-183.732
-267.97
-268.53
-367.86
-368.177
-308.787
-307.75
-7.91368
-6.03908
293.833
294.871
355.597
355.297
260.066
259.531
179.247
178.925
132.012
131.819
102.093
101.963
80.9301
80.8341
65.1093
65.0379
53.6292
53.5782
45.1221
45.0822
38.1686
38.1348
32.181
32.1515
26.9513
26.9257
22.5351
22.5145
19.0928
19.0768
16.3332
16.3198
13.9463
13.9344
11.8232
11.8126
9.938
9.92874
8.346
8.33854
7.09081
7.08488
6.04967
6.04454
5.1289
5.1243
4.29871
4.29456
3.56103
3.55745
2.53573
2.52944
1.68347
1.68025
1.20228
1.2003
0.890336
0.889006
0.670088
-2.08708
-2.42083
-2.44272
-2.83013
-2.85652
-3.34156
-3.37507
-3.96794
-4.00714
-4.68087
-4.72472
-5.47685
-5.52591
-6.37588
-6.43218
-7.44423
-7.51421
-8.80625
-8.89522
-10.4603
-10.5634
-12.3379
-12.4536
-14.4451
-14.5755
-16.8537
-17.0063
-19.7897
-19.985
-23.5809
-23.8271
-28.1491
-28.4341
-33.368
-33.6921
-39.341
-39.7164
-46.4234
-46.8846
-55.5826
-56.2077
-68.002
-68.8292
-83.9996
-85.0558
-104.862
-106.285
-134.37
-136.495
-181.746
-185.413
-265.184
-271.34
-366.2
-369.685
-313.861
-302.445
-17.3011
3.33055
288.511
299.927
356.993
353.714
262.749
256.874
180.868
177.332
132.982
130.862
102.746
101.317
81.4125
80.356
65.4683
64.6826
53.8856
53.324
45.3225
44.883
38.3382
37.9659
32.3288
32.0042
27.0798
26.7978
22.6391
22.4114
19.1728
18.9971
16.4004
16.2528
14.0056
13.8753
11.8761
11.7598
9.98444
9.88259
8.38346
8.30142
7.12055
7.05533
6.07537
6.01893
5.15197
5.1013
4.31952
4.27382
3.579
3.53961
2.56765
2.49844
1.69973
1.6643
1.21226
1.19049
0.897034
0.882579
0.675246
-2.12042
-2.17131
-2.22308
-2.27571
-2.3293
-2.38397
-2.48045
-2.53833
-2.5977
-2.6586
-2.72129
-2.78601
-2.90232
-2.97344
-3.04724
-3.1238
-3.20318
-3.28546
-3.43302
-3.52238
-3.61405
-3.70792
-3.80396
-3.90189
-4.0745
-4.17741
-4.28218
-4.38861
-4.49679
-4.60686
-4.79998
-4.91491
-5.03175
-5.15047
-5.27121
-5.39413
-5.61019
-5.73904
-5.87052
-6.0045
-6.14131
-6.28122
-6.52936
-6.67925
-6.83336
-6.99237
-7.15706
-7.32745
-7.63576
-7.82506
-8.02189
-8.2262
-8.43796
-8.65706
-9.04882
-9.28525
-9.52775
-9.77544
-10.0283
-10.2864
-10.7407
-11.0116
-11.2873
-11.5675
-11.8526
-12.1427
-12.6523
-12.9557
-13.2648
-13.5791
-13.8991
-14.2253
-14.7998
-15.1435
-15.4947
-15.8535
-16.2209
-16.5981
-17.2701
-17.6783
-18.1005
-18.5379
-18.9919
-19.4651
-20.3239
-20.8516
-21.401
-21.9704
-22.5595
-23.1674
-24.2521
-24.9057
-25.575
-26.2584
-26.9563
-27.6686
-28.9244
-29.6744
-30.4389
-31.2182
-32.0122
-32.8219
-34.2497
-35.1041
-35.9764
-36.8677
-37.7785
-38.7099
-40.3642
-41.361
-42.3852
-43.4399
-44.5275
-45.6535
-47.6868
-48.9362
-50.2425
-51.6082
-53.0396
-54.5431
-57.3
-59.0102
-60.7979
-62.6627
-64.6032
-66.6201
-70.2645
-72.4912
-74.7974
-77.1894
-79.6676
-82.2387
-86.8915
-89.7509
-92.7298
-95.8402
-99.095
-102.505
-108.775
-112.699
-116.842
-121.23
-125.893
-130.874
-140.247
-146.274
-152.77
-159.802
-167.446
-175.799
-191.95
-202.552
-214.12
-226.71
-240.329
-254.946
-282.011
-298.584
-315.011
-331.221
-346.167
-359.239
-374.143
-377.086
-374.761
-366.508
-352.191
-331.136
-280.756
-243.478
-200.948
-154.319
-104.2
-52.2562
38.255
90.2736
140.161
186.916
229.288
266.732
317.184
337.995
352.646
360.986
363.547
361.021
346.758
334.548
319.953
304.586
288.652
272.971
247.169
233.335
220.37
208.388
197.309
187.175
171.566
163.468
155.995
149.091
142.684
136.713
127.379
122.414
117.741
113.343
109.186
105.246
98.9467
95.515
92.2393
89.1118
86.12
83.2509
78.5976
76.0391
73.5868
71.2359
68.9877
66.8409
63.3798
61.5001
59.7116
58.0143
56.4007
54.8658
52.3899
51.0315
49.7278
48.4717
47.2582
46.0825
44.1455
43.0598
42.0027
40.9708
39.9636
38.9795
37.3392
36.4118
35.5036
34.6137
33.7417
32.8871
31.4573
30.6469
29.8527
29.0743
28.3119
27.5658
26.3243
25.6257
24.9469
24.2881
23.6501
23.035
22.0314
21.4783
20.9484
20.4391
19.9492
19.477
18.7032
18.2714
17.8519
17.4432
17.0444
16.6546
16.0043
15.6357
15.2745
14.9199
14.5715
14.2295
13.6555
13.3286
13.0076
12.692
12.3813
12.076
11.5635
11.272
10.9859
10.7051
10.4296
10.16
9.71151
9.45922
9.21436
8.97686
8.7472
8.52602
8.16455
7.96485
7.77244
7.5868
7.40717
7.23326
6.94588
6.78434
6.62646
6.47215
6.32094
6.17236
5.92367
5.78218
5.64313
5.50631
5.37153
5.23892
5.01573
4.88833
4.76295
4.63947
4.51774
4.39799
4.19673
4.08221
3.9699
3.85986
3.75215
3.64715
3.47364
3.37702
3.28398
3.14891
2.90677
2.69398
2.38783
2.23558
2.10012
1.97714
1.86489
1.76285
1.60681
1.52483
1.44837
1.37928
1.31332
1.25099
1.15511
1.10282
1.05383
1.00749
0.963851
0.92284
0.858823
0.823926
0.790057
0.757276
0.725553
0.694899
