-1.73886
-1.95074
-2.17524
-2.41488
-2.67285
-2.97103
-3.34715
-3.78323
-4.2528
-4.7542
-5.28918
-5.86165
-6.47743
-7.15935
-8.00458
-9.05555
-10.2224
-11.4673
-12.8038
-14.2313
-15.7722
-17.4464
-19.4072
-21.9354
-24.9114
-28.146
-31.6313
-35.3945
-39.4906
-43.9854
-49.108
-55.7011
-64.2585
-74.263
-85.7676
-99.379
-116.134
-137.733
-167.994
-215.995
-297.339
-400.942
-425.059
-281.09
-6.86599
265.622
406.784
385.296
285.205
210.943
164.991
134.819
112.832
95.8767
82.037
70.3613
60.665
53.395
47.69
42.7025
38.1935
34.0649
30.2562
26.7307
23.4988
20.8111
18.7195
16.9101
15.2353
13.6834
12.2315
10.8754
9.60921
8.47845
7.57317
6.82785
6.14808
5.5112
4.91278
4.34894
3.8163
3.31741
2.561
1.91034
1.49227
1.19784
0.97465
0.803489
0.66121
0.541282
-1.73966
-1.94989
-1.95159
-2.17434
-2.17614
-2.41392
-2.41584
-2.67181
-2.6739
-2.96976
-2.9723
-3.34556
-3.34874
-3.78146
-3.78501
-4.25094
-4.25467
-4.75218
-4.75623
-5.28703
-5.29132
-5.85938
-5.86392
-6.47498
-6.47987
-7.15648
-7.16223
-8.0009
-8.00826
-9.05119
-9.05992
-10.2177
-10.2271
-11.4623
-11.4723
-12.7984
-12.8091
-14.2256
-14.2371
-15.766
-15.7785
-17.4395
-17.4532
-19.3985
-19.4158
-21.9246
-21.9462
-24.8994
-24.9235
-28.1331
-28.1589
-31.6171
-31.6455
-35.3793
-35.4096
-39.4742
-39.507
-43.9674
-44.0035
-49.0861
-49.1299
-55.6719
-55.7304
-64.2223
-64.2948
-74.2216
-74.3045
-85.7198
-85.8154
-99.3211
-99.4368
-116.062
-116.206
-137.638
-137.828
-167.849
-168.138
-215.751
-216.239
-296.962
-297.717
-400.595
-401.287
-425.206
-424.909
-282.026
-280.152
-8.00499
-5.72693
264.731
266.512
406.536
407.029
385.63
384.959
285.542
284.869
211.164
210.723
165.134
164.849
134.917
134.721
112.906
112.759
95.9355
95.8179
82.0858
81.9882
70.4028
70.3198
60.6982
60.6319
53.4194
53.3706
47.7104
47.6697
42.7206
42.6844
38.21
38.177
34.0801
34.0496
30.2704
30.242
26.7438
26.7176
23.5106
23.4871
20.8203
20.8019
18.727
18.7121
16.9167
16.9034
15.2416
15.2291
13.6892
13.6776
12.237
12.2261
10.8804
10.8703
9.61392
9.6045
8.48242
8.47447
7.57628
7.57006
6.83057
6.82514
6.15062
6.14554
5.51359
5.50882
4.91501
4.91055
4.35106
4.34682
3.8183
3.8143
3.31928
3.31553
2.56426
2.55775
1.9123
1.90837
1.49362
1.49092
1.1988
1.19687
0.975408
0.973894
0.804086
0.802893
0.66171
0.66071
0.541686
-1.74622
-1.94291
-1.9586
-2.16695
-2.18356
-2.40597
-2.42366
-2.66319
-2.68253
-2.95933
-2.98286
-3.33247
-3.362
-3.76697
-3.79967
-4.23557
-4.27009
-4.7355
-4.77295
-5.26938
-5.30883
-5.84064
-5.88267
-6.45485
-6.50011
-7.13292
-7.1862
-7.97075
-8.03906
-9.01528
-9.09598
-10.1791
-10.2658
-11.4209
-11.5134
-12.7544
-12.8533
-14.1781
-14.2847
-15.7144
-15.8302
-17.3832
-17.5094
-19.3278
-19.4875
-21.8358
-22.0355
-24.8001
-25.0238
-28.0269
-28.2656
-31.5006
-31.7625
-35.2543
-35.5349
-39.3383
-39.6426
-43.8186
-44.1532
-48.9065
-49.312
-55.4317
-55.9731
-63.9237
-64.5948
-73.8805
-74.6472
-85.3272
-86.2123
-98.8455
-99.9159
-115.469
-116.804
-136.859
-138.618
-166.667
-169.366
-213.771
-218.277
-293.855
-300.839
-397.696
-404.145
-426.481
-423.508
-289.673
-272.337
-17.3994
3.67262
257.294
274.075
404.691
408.961
388.297
382.083
288.361
282.1
213.007
208.913
166.317
163.686
135.727
133.915
113.517
112.158
96.4263
95.3343
82.4896
81.5871
70.7465
69.9787
60.9736
60.3607
53.6218
53.1701
47.8783
47.5022
42.8722
42.5339
38.3472
38.041
34.2062
33.924
30.3878
30.1253
26.8524
26.6087
23.6077
23.391
20.8972
20.7266
18.7886
18.6515
16.9717
16.8486
15.2931
15.1778
13.7373
13.6297
12.2815
12.1814
10.9221
10.8289
9.65283
9.56578
8.51485
8.44149
7.60201
7.54453
6.85301
6.80277
6.17158
6.12459
5.5333
5.48927
4.93346
4.89216
4.36857
4.32937
3.83478
3.79785
3.33474
3.30015
2.59147
2.53121
1.92864
1.8923
1.5048
1.47987
1.20681
1.18894
0.981691
0.967686
0.809021
0.797985
0.665849
0.656596
0.545108
-1.76718
-1.7975
-1.82795
-1.85864
-1.88957
-1.92076
-1.98088
-2.01281
-2.04489
-2.07738
-2.11024
-2.14347
-2.20738
-2.24147
-2.27601
-2.31075
-2.34563
-2.38087
-2.44869
-2.48525
-2.52183
-2.55957
-2.59765
-2.6358
-2.71043
-2.75121
-2.79275
-2.83586
-2.88044
-2.92622
-3.01745
-3.06866
-3.12145
-3.17603
-3.23319
-3.2912
-3.40488
-3.46617
-3.52844
-3.59224
-3.65651
-3.72102
-3.84648
-3.91334
-3.98102
-4.04921
-4.11759
-4.1868
-4.31938
-4.39068
-4.46287
-4.53553
-4.60861
-4.68286
-4.82566
-4.90213
-4.97901
-5.05664
-5.13454
-5.21353
-5.36509
-5.44624
-5.52835
-5.61177
-5.69589
-5.78098
-5.94279
-6.03068
-6.11911
-6.20906
-6.29903
-6.39042
-6.56516
-6.66033
-6.75778
-6.85594
-6.95697
-7.05948
-7.2633
-7.37762
-7.49382
-7.61509
-7.74158
-7.87686
-8.13831
-8.28712
-8.43669
-8.58876
-8.74446
-8.90267
-9.21111
-9.37579
-9.54282
-9.71268
-9.8842
-10.0568
-10.3878
-10.5648
-10.7433
-10.9231
-11.1051
-11.2903
-11.6446
-11.8343
-12.0262
-12.2214
-12.4166
-12.6154
-12.9941
-13.1962
-13.4014
-13.6083
-13.8172
-14.0282
-14.4365
-14.6558
-14.8766
-15.098
-15.3237
-15.5522
-15.9934
-16.2282
-16.4675
-16.7077
-16.9513
-17.2059
-17.6904
-17.9581
-18.2277
-18.5098
-18.8037
-19.1075
-19.7187
-20.0584
-20.4124
-20.7779
-21.1622
-21.5562
-22.3266
-22.7448
-23.1691
-23.6041
-24.0443
-24.4851
-25.3458
-25.8051
-26.27
-26.7407
-27.2112
-27.6897
-28.607
-29.1004
-29.6017
-30.1073
-30.6162
-31.1335
-32.1325
-32.6675
-33.2084
-33.754
-34.3036
-34.8592
-35.9358
-36.5138
-37.1009
-37.6952
-38.2967
-38.909
-40.0763
-40.7133
-41.3549
-42.0117
-42.671
-43.3415
-44.6355
-45.3409
-46.0702
-46.8083
-47.5685
-48.3483
-49.904
-50.7819
-51.6912
-52.6479
-53.6377
-54.6842
-56.7666
-57.956
-59.1662
-60.4053
-61.6852
-62.9886
-65.5567
-66.9495
-68.3671
-69.8208
-71.3025
-72.8081
-75.7434
-77.3371
-78.9649
-80.6323
-82.3376
-84.0836
-87.4943
-89.3662
-91.2816
-93.2535
-95.2798
-97.3521
-101.464
-103.733
-106.081
-108.517
-111.003
-113.6
-118.745
-121.62
-124.614
-127.749
-131.026
-134.399
-141.24
-145.143
-149.254
-153.595
-158.227
-163.041
-173.278
-179.17
-185.558
-192.518
-199.802
-207.823
-225.009
-235.113
-246.132
-257.944
-270.461
-283.741
-310.662
-325.75
-341.764
-357.411
-372.365
-388.086
-410.856
-420.206
-426.879
-429.824
-432.075
-429.738
-417.245
-404.471
-386.479
-365.079
-341.019
-312.619
-247.46
-210.063
-170.554
-130.198
-88.7758
-47.0971
33.1368
75.6216
117.191
157.658
196.396
232.795
297.032
324.052
348.412
367.126
384.266
397.882
414.031
417.392
414.848
411.558
405.224
395.627
372.497
356.976
342.176
326.851
312.147
297.76
272.895
260.594
249.356
238.797
228.399
219.17
203.29
195.882
188.807
182.098
175.89
170.19
160.165
155.368
150.866
146.486
142.344
138.37
131.405
127.961
124.652
121.5
118.435
115.499
110.279
107.659
105.121
102.657
100.293
97.988
93.8197
91.7035
89.6468
87.6445
85.6969
83.7934
80.3184
78.5416
76.8107
75.1161
73.4594
71.8499
68.9049
67.4067
65.9487
64.5392
63.1666
61.8641
59.5201
58.3613
57.2826
56.2217
55.2217
54.2753
52.5465
51.6805
50.8338
50.015
49.2116
48.4185
46.9784
46.2341
45.499
44.7808
44.0629
43.3597
42.0594
41.3846
40.7248
40.0708
39.4242
38.7885
37.6096
36.996
36.3927
35.7927
35.1989
34.611
33.524
32.9578
32.4002
31.8476
31.3007
30.7627
29.7542
29.232
28.714
28.205
27.7005
27.1986
26.2637
25.776
25.3039
24.8363
24.3734
23.9218
23.0909
22.6739
22.2692
21.8774
21.4999
21.1406
20.4936
20.1762
19.8664
19.5635
19.2738
18.9859
18.4614
18.1919
17.9228
17.6611
17.4048
17.1488
16.6738
16.4241
16.1784
15.9347
15.6937
15.457
15.0154
14.7848
14.5575
14.3332
14.1105
13.8905
13.4782
13.2627
13.0491
12.8393
12.6305
12.4238
12.0397
11.8396
11.6418
11.4443
11.2482
11.0561
10.697
10.5089
10.3228
10.1384
9.95534
9.77623
9.44291
9.27106
9.10154
8.93574
8.77549
8.62125
8.33856
8.19756
8.06404
7.93384
7.80723
7.68522
7.4644
7.35191
7.2421
7.13475
7.02934
6.92493
6.73183
6.63142
6.5306
6.43183
6.33513
6.23867
6.05768
5.96281
5.86991
5.77755
5.68606
5.59627
5.4273
5.33881
5.25149
5.16459
5.07871
4.99309
4.83365
4.75036
4.66759
4.58596
4.50509
4.42455
4.27398
4.195
4.1166
4.03975
3.96354
3.88747
3.74529
3.6712
3.59825
3.52618
3.4544
3.38434
3.25186
3.18069
3.1104
2.9651
2.81846
2.68127
2.44999
2.34211
2.24214
2.14924
2.06273
1.98198
1.8425
1.77495
1.71164
1.652
1.59516
1.54109
1.44568
1.39927
1.35544
1.31292
1.27201
1.23287
1.16407
1.12951
1.09611
1.06379
1.03231
1.00209
0.948258
0.921445
0.895772
0.871435
0.847921
0.824875
0.782522
0.760829
0.739589
0.718893
0.698765
0.679204
0.643635
0.625568
0.60803
0.590568
0.573394
0.556616
