-1.72017
-1.85337
-1.99247
-2.13797
-2.29062
-2.45174
-2.62361
-2.80997
-3.01577
-3.24494
-3.49775
-3.77116
-4.06194
-4.36828
-4.68981
-5.02695
-5.38086
-5.75324
-6.1472
-6.56763
-7.02341
-7.52704
-8.0906
-8.71825
-9.40331
-10.137
-10.9133
-11.7302
-12.5887
-13.4911
-14.4421
-15.4489
-16.5234
-17.6868
-18.9706
-20.4118
-22.0301
-23.8158
-25.7457
-27.8022
-29.9793
-32.2813
-34.7177
-37.3059
-40.0695
-43.0492
-46.3092
-49.9533
-54.1078
-58.8902
-64.3364
-70.4407
-77.2235
-84.7662
-93.2285
-102.843
-113.969
-127.087
-142.969
-162.743
-188.069
-220.838
-262.285
-309.951
-354.672
-376.929
-355.972
-281.037
-157.923
-6.97635
143.772
267.014
341.834
363.48
342.447
299.705
254.119
214.787
183.438
158.881
139.419
123.605
110.459
99.2874
89.6124
81.1227
73.6205
67.0099
61.2535
56.2929
51.998
48.204
44.7739
41.621
38.688
35.9406
33.3552
30.9162
28.6157
26.4557
24.4521
22.6286
21.0019
19.5558
18.2518
17.0524
15.9316
14.8745
13.8723
12.9192
12.012
11.1491
10.3316
9.5652
8.85864
8.22055
7.64933
7.13249
6.65638
6.21042
5.78815
5.38611
5.00199
4.63447
4.28314
3.94885
3.6344
3.34506
2.84602
2.31133
1.9288
1.63776
1.40851
1.22138
1.06727
0.936764
0.828413
0.731713
0.644613
0.566798
-1.72096
-1.85255
-1.8542
-1.99161
-1.99333
-2.13707
-2.13887
-2.28967
-2.29156
-2.45073
-2.45274
-2.62253
-2.62469
-2.80879
-2.81115
-3.01446
-3.01708
-3.24349
-3.2464
-3.49616
-3.49934
-3.76946
-3.77287
-4.06014
-4.06375
-4.36639
-4.37018
-4.68783
-4.6918
-5.02487
-5.02904
-5.37866
-5.38305
-5.75093
-5.75555
-6.14475
-6.14965
-6.56499
-6.57027
-7.02052
-7.02629
-7.52383
-7.53026
-8.087
-8.0942
-8.71427
-8.72223
-9.39902
-9.40761
-10.1324
-10.1415
-10.9085
-10.9181
-11.7251
-11.7353
-12.5834
-12.594
-13.4855
-13.4966
-14.4362
-14.448
-15.4426
-15.4552
-16.5167
-16.5302
-17.6794
-17.6941
-18.9624
-18.9788
-20.4026
-20.4211
-22.0198
-22.0404
-23.8046
-23.8271
-25.7337
-25.7578
-27.7894
-27.815
-29.9658
-29.9929
-32.267
-32.2956
-34.7025
-34.7328
-37.2898
-37.322
-40.0522
-40.0868
-43.0304
-43.0679
-46.2885
-46.33
-49.9299
-49.9768
-54.0809
-54.1347
-58.8594
-58.9212
-64.3015
-64.3713
-70.4018
-70.4796
-77.1803
-77.2666
-84.7181
-84.8144
-93.1743
-93.2829
-102.781
-102.905
-113.896
-114.041
-127
-127.174
-142.863
-143.075
-162.609
-162.877
-187.896
-188.243
-220.614
-221.063
-262.01
-262.56
-309.651
-310.251
-354.445
-354.899
-376.902
-376.954
-356.255
-355.688
-281.65
-280.424
-158.777
-157.069
-7.91368
-6.03908
142.916
144.627
266.398
267.629
341.545
342.121
363.494
363.465
342.659
342.239
299.989
299.421
254.38
253.859
215.001
214.573
183.604
183.272
159.012
158.749
139.525
139.314
123.692
123.518
110.532
110.386
99.35
99.2249
89.6669
89.5578
81.1709
81.0745
73.6631
73.5779
67.0473
66.9727
61.2858
61.2214
56.3207
56.2652
52.0223
51.9737
48.2257
48.1823
44.7937
44.7541
41.6393
41.6026
38.7051
38.6709
35.9567
35.9245
33.3704
33.34
30.9306
30.9019
28.6291
28.6022
26.4683
26.4431
24.4636
24.4405
22.6391
22.6182
21.0112
20.9927
19.564
19.5475
18.2594
18.2443
17.0594
17.0454
15.9382
15.925
14.8807
14.8682
13.8782
13.8664
12.9248
12.9136
12.0173
12.0066
11.1542
11.144
10.3364
10.3268
9.56966
9.56074
8.8627
8.85457
8.2242
8.21691
7.6526
7.64606
7.13548
7.1295
6.65916
6.65361
6.21304
6.20779
5.79063
5.78566
5.38848
5.38374
5.00426
4.99972
4.63665
4.6323
4.28522
4.28107
3.95082
3.94689
3.63624
3.63257
3.34671
3.3434
2.8499
2.84214
2.31404
2.30863
1.93082
1.92679
1.6393
1.63622
1.40973
1.40729
1.2224
1.22036
1.06813
1.06641
0.937484
0.936044
0.829025
0.827802
0.73227
0.731156
0.645108
0.644118
0.567238
-1.72648
-1.8468
-1.85996
-1.98561
-1.99935
-2.13078
-2.14518
-2.28306
-2.2982
-2.44372
-2.45979
-2.615
-2.63225
-2.80056
-2.81943
-3.0053
-3.02629
-3.23331
-3.25663
-3.48503
-3.51052
-3.75752
-3.78484
-4.04751
-4.0764
-4.35313
-4.38348
-4.67392
-4.70575
-5.01029
-5.04366
-5.36331
-5.39842
-5.73477
-5.77175
-6.12758
-6.16685
-6.54656
-6.58878
-7.00039
-7.04653
-7.5014
-7.55281
-8.06185
-8.1195
-8.6865
-8.75013
-9.36901
-9.43774
-10.1005
-10.1735
-10.8748
-10.9519
-11.6898
-11.7707
-12.5462
-12.6313
-13.4464
-13.5358
-14.395
-14.4894
-15.3988
-15.4991
-16.4696
-16.5774
-17.628
-17.7457
-18.9052
-19.0364
-20.3381
-20.4859
-21.9478
-22.1128
-23.726
-23.906
-25.6494
-25.8423
-27.7
-27.9046
-29.8713
-30.0877
-32.167
-32.3959
-34.5966
-34.8391
-37.1769
-37.4352
-39.9313
-40.2082
-42.8992
-43.1997
-46.1437
-46.4755
-49.7665
-50.1413
-53.8931
-54.3241
-58.6437
-59.1383
-64.0581
-64.6164
-70.1305
-70.7527
-76.8789
-77.5695
-84.382
-85.1526
-92.795
-93.6643
-102.348
-103.343
-113.39
-114.552
-126.395
-127.785
-142.123
-143.825
-161.675
-163.825
-186.691
-189.466
-219.053
-222.642
-260.091
-264.492
-307.665
-312.328
-352.828
-356.457
-376.666
-377.077
-358.181
-353.637
-285.89
-276.081
-164.711
-151.054
-14.4836
0.52024
136.89
150.582
262.035
271.884
339.436
344.081
363.546
363.366
344.137
340.76
301.974
297.436
256.215
252.045
216.507
213.085
184.785
182.103
159.937
157.835
140.268
138.578
124.301
122.916
111.045
109.878
99.7896
98.7888
90.0501
89.1773
81.5094
80.7382
73.9622
73.2807
67.3094
66.7124
61.5122
60.9964
56.516
56.0714
52.1929
51.8041
48.378
48.0307
44.9327
44.6157
41.768
41.4744
38.8253
38.5512
36.0696
35.8121
33.4767
33.2341
31.0309
30.8019
28.7237
28.508
26.5566
26.3552
24.5449
24.3596
22.7123
22.5455
21.0762
20.9281
19.6221
19.4897
18.3122
18.1918
17.1083
16.9966
15.9842
15.8791
14.9242
14.8248
13.9196
13.8252
12.9642
12.8743
12.0548
11.9692
11.1898
11.1085
10.37
10.2933
9.60095
9.52958
8.89126
8.82618
8.24979
8.19147
7.67555
7.62322
7.15644
7.10863
6.67863
6.63421
6.23142
6.18946
5.80807
5.76827
5.40511
5.36715
5.02017
4.98385
4.65186
4.61712
4.29975
4.26658
3.96458
3.93317
3.64908
3.61978
3.35836
3.33183
2.87731
2.81522
2.33317
2.28987
1.94492
1.91281
1.65016
1.62553
1.4183
1.39878
1.22958
1.21327
1.07415
1.06044
0.942551
0.931029
0.833319
0.82353
0.736178
0.727269
0.648585
0.640665
0.570324
-1.74044
-1.75861
-1.77689
-1.79524
-1.81374
-1.83235
-1.87454
-1.89351
-1.9126
-1.93176
-1.95107
-1.97052
-2.01459
-2.03441
-2.05437
-2.07441
-2.09462
-2.11497
-2.16114
-2.18192
-2.20284
-2.22386
-2.24509
-2.26645
-2.31501
-2.33689
-2.35895
-2.38114
-2.40354
-2.42614
-2.47761
-2.50089
-2.52436
-2.548
-2.57196
-2.59615
-2.65144
-2.67653
-2.70192
-2.72756
-2.7536
-2.77996
-2.84046
-2.86802
-2.89601
-2.92435
-2.95319
-2.98244
-3.04971
-3.08043
-3.11159
-3.14318
-3.17527
-3.20785
-3.28264
-3.31669
-3.35119
-3.38605
-3.42141
-3.45713
-3.53888
-3.57592
-3.61331
-3.65098
-3.6891
-3.72757
-3.81514
-3.85468
-3.89453
-3.93459
-3.97505
-4.01582
-4.10842
-4.15014
-4.19215
-4.23435
-4.27694
-4.31982
-4.41711
-4.46091
-4.50502
-4.54931
-4.594
-4.63898
-4.74103
-4.78696
-4.8332
-4.87965
-4.92652
-4.97365
-5.08065
-5.12885
-5.17737
-5.22611
-5.27531
-5.32482
-5.4373
-5.48797
-5.53901
-5.5903
-5.64207
-5.69421
-5.81279
-5.86629
-5.92021
-5.97445
-6.02927
-6.08456
-6.21043
-6.26732
-6.32478
-6.38263
-6.44119
-6.50037
-6.6357
-6.69705
-6.75915
-6.82186
-6.8855
-6.95002
-7.098
-7.16554
-7.23399
-7.30322
-7.37371
-7.44534
-7.61017
-7.68553
-7.76211
-7.83981
-7.91886
-7.99902
-8.18376
-8.26802
-8.35353
-8.44006
-8.52792
-8.61697
-8.82095
-8.91352
-9.00711
-9.1015
-9.19714
-9.29374
-9.51407
-9.61369
-9.71412
-9.81523
-9.9174
-10.0204
-10.2546
-10.3602
-10.4666
-10.5736
-10.6815
-10.7903
-11.0373
-11.1485
-11.2604
-11.373
-11.4865
-11.6009
-11.8605
-11.9774
-12.0951
-12.2133
-12.3326
-12.4528
-12.7255
-12.8483
-12.972
-13.0963
-13.2218
-13.3481
-13.6351
-13.7645
-13.8948
-14.0258
-14.1581
-14.2914
-14.5942
-14.7309
-14.8687
-15.0073
-15.1475
-15.2888
-15.6106
-15.756
-15.9028
-16.0508
-16.2005
-16.3517
-16.6972
-16.8537
-17.0122
-17.1723
-17.3347
-17.4994
-17.8768
-18.0489
-18.2233
-18.4
-18.5798
-18.7623
-19.1829
-19.3753
-19.5707
-19.7691
-19.9716
-20.1771
-20.6509
-20.8674
-21.0876
-21.3106
-21.5375
-21.7677
-22.2966
-22.5373
-22.7807
-23.0269
-23.2765
-23.5291
-24.106
-24.3674
-24.6314
-24.8975
-25.1665
-25.438
-26.0564
-26.3357
-26.6173
-26.9008
-27.187
-27.4753
-28.1318
-28.4276
-28.7257
-29.026
-29.3287
-29.6336
-30.328
-30.6407
-30.9559
-31.2734
-31.5934
-31.9159
-32.65
-32.981
-33.3142
-33.6502
-33.9888
-34.3304
-35.1086
-35.4596
-35.8134
-36.1704
-36.5305
-36.8937
-37.7221
-38.0961
-38.4733
-38.8543
-39.2392
-39.6279
-40.5163
-40.9182
-41.3245
-41.7352
-42.1505
-42.5706
-43.534
-43.971
-44.4142
-44.8637
-45.3196
-45.7816
-46.8459
-47.3313
-47.8254
-48.3267
-48.8372
-49.3578
-50.5601
-51.1112
-51.6733
-52.2457
-52.8291
-53.4245
-54.8073
-55.4423
-56.0884
-56.7476
-57.4198
-58.1048
-59.6913
-60.4176
-61.1567
-61.908
-62.6725
-63.4494
-65.2399
-66.0571
-66.8864
-67.7287
-68.5836
-69.4509
-71.4469
-72.3558
-73.2776
-74.2122
-75.1609
-76.124
-78.3397
-79.3494
-80.3736
-81.4135
-82.4691
-83.5406
-86.0132
-87.1423
-88.2892
-89.456
-90.6416
-91.8479
-94.6366
-95.9129
-97.2126
-98.5384
-99.8899
-101.265
-104.458
-105.926
-107.427
-108.958
-110.526
-112.125
-115.855
-117.58
-119.342
-121.147
-122.997
-124.895
-129.35
-131.419
-133.548
-135.732
-137.976
-140.286
-145.752
-148.307
-150.944
-153.661
-156.469
-159.365
-166.259
-169.498
-172.864
-176.363
-179.965
-183.704
-192.62
-196.82
-201.179
-205.677
-210.355
-215.203
-226.699
-232.089
-237.642
-243.375
-249.272
-255.294
-269.417
-275.826
-282.411
-289.108
-295.822
-302.528
-317.437
-324.084
-330.563
-336.837
-342.855
-348.581
-360.188
-364.501
-368.308
-371.544
-374.053
-375.773
-376.98
-376.049
-374.171
-371.365
-367.459
-362.608
-347.906
-339.611
-330.142
-319.891
-308.529
-296.196
-264.765
-249.37
-233.082
-215.978
-197.981
-179.499
-135.614
-115.154
-94.4847
-73.4805
-52.2944
-31.0833
17.0243
38.2938
59.5289
80.5015
101.231
121.524
165.382
183.983
201.76
218.869
235.073
250.653
282.22
294.612
305.905
316.204
325.481
333.742
348.618
353.573
357.435
360.368
362.314
363.326
362.61
360.935
358.624
355.721
351.993
347.656
336.828
331.291
325.358
319.319
313.161
306.918
292.449
286.004
279.64
273.349
267.082
260.913
247.501
241.755
236.21
230.8
225.487
220.36
209.426
204.794
200.326
195.989
191.832
187.816
179.22
175.607
172.112
168.736
165.475
162.308
155.567
152.72
149.964
147.286
144.689
142.171
136.751
134.455
132.221
130.042
127.923
125.86
121.416
119.515
117.657
115.849
114.083
112.355
108.613
107.003
105.43
103.891
102.386
100.911
97.6997
96.3134
94.9553
93.6217
92.3125
91.0277
88.226
87.0145
85.8242
84.6532
83.5021
82.3714
79.8974
78.8276
77.7758
76.7411
75.7235
74.724
72.5377
71.5923
70.6629
69.7522
68.8564
67.9778
66.0617
65.2346
64.4239
63.6301
62.8523
62.0907
60.434
59.7205
59.0224
58.3397
57.6706
57.0147
55.5875
54.9733
54.3703
53.7786
53.1977
52.6274
51.3801
50.8406
50.3099
49.7873
49.2723
48.7652
47.6509
47.1656
46.6862
46.2133
45.7468
45.2857
44.2685
43.8242
43.3847
42.9501
42.5202
42.0945
41.1527
40.7404
40.3317
39.9276
39.5271
39.1299
38.2505
37.8649
37.4827
37.1039
36.728
36.3556
35.5295
35.1669
34.8073
34.4507
34.0969
33.7461
32.9678
32.626
32.2868
31.9504
31.6166
31.2853
30.5505
30.2278
29.9079
29.5906
29.2758
28.9635
28.2713
27.9677
27.6667
27.3687
27.0734
26.7808
26.1342
25.8514
25.5714
25.2952
25.0217
24.7514
24.1569
23.8979
23.6424
23.3911
23.143
22.8985
22.3638
22.1315
21.9026
21.6792
21.4582
21.2414
20.7669
20.561
20.3584
20.1595
19.9632
19.7697
19.3453
19.1608
18.9785
18.7991
18.6215
18.4462
18.0599
17.8908
17.7236
17.5585
17.3946
17.2325
16.874
16.7166
16.5605
16.4062
16.2528
16.1008
15.7638
15.6157
15.4687
15.3231
15.1784
15.0346
14.7157
14.5754
14.4361
14.2981
14.1608
14.0244
13.7215
13.5882
13.4556
13.3243
13.1936
13.0638
12.7757
12.6487
12.5226
12.3977
12.2733
12.1497
11.8753
11.7545
11.6345
11.5157
11.3974
11.2799
11.0193
10.9047
10.7909
10.6783
10.5663
10.4552
10.2093
10.1014
9.99445
9.88881
9.78406
9.68028
9.45151
9.3515
9.2527
9.15537
9.05896
8.96382
8.7552
8.66442
8.57507
8.48722
8.40041
8.31494
8.12789
8.04669
7.96676
7.88812
7.81045
7.73391
7.56595
7.49277
7.42065
7.34952
7.27915
7.20963
7.05636
6.98936
6.92301
6.85745
6.79241
6.72796
6.58551
6.52297
6.46092
6.3995
6.33848
6.27792
6.14349
6.08439
6.02571
5.96753
5.90965
5.85219
5.72459
5.66836
5.61249
5.55712
5.50198
5.4472
5.32545
5.27177
5.21841
5.16549
5.11279
5.06041
4.94395
4.89259
4.84154
4.79091
4.74048
4.69037
4.57896
4.52984
4.48102
4.43261
4.38442
4.33653
4.23018
4.18333
4.13682
4.09076
4.04491
3.99945
3.89872
3.85446
3.81062
3.76727
3.72425
3.68166
3.58775
3.54673
3.50623
3.46633
3.42686
3.38797
3.30284
3.26599
3.22974
3.14686
3.04524
2.94853
2.74925
2.668
2.59094
2.51804
2.44875
2.38242
2.24385
2.18708
2.13246
2.08
2.02947
1.98098
1.87829
1.83521
1.79392
1.75405
1.7154
1.67808
1.59911
1.5655
1.53267
1.5008
1.46982
1.44013
1.37755
1.35053
1.32404
1.29794
1.27259
1.24802
1.19572
1.1737
1.15246
1.13102
1.10998
1.08951
1.04556
1.02665
1.00817
0.990209
0.972644
0.955502
0.91856
0.902792
0.887489
0.872912
0.858477
0.844216
0.81283
0.799132
0.785607
0.772285
0.759107
0.746103
0.717541
0.7051
0.692881
0.680886
0.669061
0.657432
0.631868
0.620661
0.60968
0.59895
0.588423
0.578122
