-2.12853
-2.40601
-2.71611
-3.08043
-3.51853
-4.02146
-4.57538
-5.17875
-5.83814
-6.57027
-7.41748
-8.44522
-9.66413
-11.0317
-12.5303
-14.1697
-15.9815
-18.0451
-20.5278
-23.5586
-27.0614
-30.9581
-35.2673
-40.0782
-45.5919
-52.2668
-60.7724
-71.3812
-84.2145
-99.9794
-120.258
-148.194
-190.171
-255.876
-340.116
-374.206
-258.245
-6.97635
244.067
360.404
328.579
248.056
185.466
144.577
116.768
96.4035
80.5707
67.9144
57.9912
50.3292
44.0863
38.6966
33.9046
29.5929
25.7285
22.3909
19.6596
17.3911
15.4006
13.5998
11.9533
10.4496
9.10734
7.97145
7.03032
6.21304
5.47317
4.79235
4.16395
3.59345
2.89716
2.02947
1.51837
1.17607
0.929247
-2.12943
-2.40502
-2.40699
-2.71498
-2.71723
-3.07908
-3.08178
-3.51693
-3.52013
-4.01967
-4.02326
-4.57343
-4.57734
-5.17662
-5.18088
-5.8358
-5.84048
-6.56763
-6.57292
-7.41434
-7.42062
-8.44139
-8.44904
-9.65973
-9.66852
-11.0268
-11.0365
-12.525
-12.5356
-14.1639
-14.1755
-15.975
-15.988
-18.0375
-18.0526
-20.5185
-20.5371
-23.5475
-23.5697
-27.0489
-27.0739
-30.9443
-30.972
-35.2519
-35.2826
-40.0609
-40.0955
-45.5716
-45.6122
-52.2415
-52.2922
-60.74
-60.8047
-71.3417
-71.4207
-84.1667
-84.2623
-99.9197
-100.039
-120.179
-120.337
-148.081
-148.307
-189.994
-190.347
-255.607
-256.146
-339.854
-340.378
-374.307
-374.103
-258.915
-257.573
-7.91368
-6.03908
243.387
244.745
360.296
360.51
328.839
328.32
248.313
247.8
185.637
185.296
144.689
144.465
116.847
116.689
96.4636
96.3434
80.6185
80.523
67.9525
67.8764
58.0205
57.9619
50.3522
50.3061
44.1058
44.0668
38.7137
38.6795
33.9199
33.8892
29.6067
29.579
25.7407
25.7162
22.4012
22.3807
19.668
19.6513
17.3982
17.3839
15.407
15.3942
13.6056
13.594
11.9586
11.9479
10.4545
10.4448
9.11156
9.10312
7.97492
7.96797
7.03326
7.02739
6.21566
6.21042
5.47556
5.47077
4.79456
4.79014
4.16599
4.16192
3.59526
3.59164
2.90115
2.89317
2.03164
2.0273
1.51977
1.51697
1.17702
1.17512
0.929959
-2.13752
-2.39617
-2.41588
-2.70489
-2.72739
-3.06694
-3.094
-3.50253
-3.53461
-4.00356
-4.03942
-4.55584
-4.59498
-5.15748
-5.20009
-5.81478
-5.86159
-6.54393
-6.59673
-7.38618
-7.44897
-8.40709
-8.48355
-9.62026
-9.70816
-10.9833
-11.0802
-12.4773
-12.5834
-14.1117
-14.228
-15.9167
-16.0466
-17.9695
-18.1211
-20.4349
-20.6213
-23.4476
-23.6701
-26.9363
-27.187
-30.8198
-31.0969
-35.1137
-35.421
-39.9055
-40.2517
-45.39
-45.7951
-52.0145
-52.5212
-60.4497
-61.0969
-70.9876
-71.7772
-83.738
-84.694
-99.3836
-100.579
-119.472
-121.054
-147.068
-149.336
-188.416
-191.957
-253.206
-258.59
-337.465
-342.726
-375.139
-373.092
-264.874
-251.457
-16.3619
2.39384
237.177
250.762
359.242
361.384
331.163
325.971
250.631
245.494
187.182
183.771
145.702
143.467
117.564
115.98
97.0079
95.8051
81.0504
80.0946
68.2965
67.5354
58.2854
57.6997
50.5608
50.0992
44.2815
43.892
38.8682
38.5256
34.0584
33.7513
29.7315
29.4547
25.8514
25.6061
22.4938
22.2888
19.7431
19.5765
17.4626
17.3199
15.4646
15.3368
13.6581
13.5417
12.0066
11.9
10.4981
10.4013
9.14964
9.06526
8.00632
7.93679
7.05975
7.00103
6.23931
6.18685
5.49717
5.44923
4.81452
4.77024
4.18435
4.14362
3.61159
3.5754
2.93763
2.85769
2.05133
2.008
1.53246
1.50446
1.18565
1.16664
0.936404
-2.1645
-2.2039
-2.24383
-2.28433
-2.32538
-2.36701
-2.44557
-2.48915
-2.53346
-2.57866
-2.62469
-2.67173
-2.76147
-2.81174
-2.86335
-2.91649
-2.97107
-3.02715
-3.1351
-3.19589
-3.25832
-3.32247
-3.38813
-3.45524
-3.58301
-3.65405
-3.72639
-3.80001
-3.8747
-3.95049
-4.09334
-4.17216
-4.25202
-4.33301
-4.41491
-4.49786
-4.6538
-4.73973
-4.82671
-4.91491
-5.00405
-5.09433
-5.2642
-5.35785
-5.45278
-5.54911
-5.64662
-5.7455
-5.93207
-6.0353
-6.14021
-6.24697
-6.35555
-6.4661
-6.67643
-6.79385
-6.91406
-7.03741
-7.16406
-7.29406
-7.54426
-7.68553
-7.83123
-7.98136
-8.13582
-8.29466
-8.59935
-8.77013
-8.94475
-9.12318
-9.30501
-9.49023
-9.84064
-10.0346
-10.2316
-10.4316
-10.6342
-10.8395
-11.2261
-11.4392
-11.6552
-11.8743
-12.0959
-12.3203
-12.7427
-12.9755
-13.2116
-13.4511
-13.6936
-13.9395
-14.4029
-14.659
-14.919
-15.1836
-15.452
-15.725
-16.2424
-16.5302
-16.8238
-17.1244
-17.4316
-17.7469
-18.3509
-18.6913
-19.0418
-19.4038
-19.7765
-20.1616
-20.9043
-21.3239
-21.7556
-22.1995
-22.6541
-23.1194
-24.006
-24.5
-25.0031
-25.5157
-26.0363
-26.5654
-27.5642
-28.1168
-28.6777
-29.2468
-29.8241
-30.4099
-31.5137
-32.1243
-32.744
-33.3729
-34.0112
-34.6596
-35.8835
-36.5622
-37.2521
-37.9537
-38.6675
-39.3948
-40.774
-41.5427
-42.3277
-43.1307
-43.9518
-44.7944
-46.4096
-47.3206
-48.2604
-49.2315
-50.2356
-51.2743
-53.2932
-54.4465
-55.6436
-56.8841
-58.1704
-59.5027
-62.08
-63.5408
-65.0451
-66.5945
-68.189
-69.8282
-72.9734
-74.7437
-76.5645
-78.4349
-80.3584
-82.3373
-86.1443
-88.2976
-90.5194
-92.813
-95.1835
-97.6353
-102.399
-105.119
-107.949
-110.897
-113.969
-117.173
-123.477
-127.13
-130.977
-135.024
-139.282
-143.789
-152.835
-158.169
-163.847
-169.907
-176.415
-183.343
-197.447
-205.844
-214.844
-224.428
-234.619
-245.43
-266.808
-278.982
-291.608
-304.273
-316.809
-329.26
-350.156
-359.849
-367.646
-373.397
-376.502
-376.843
-368.654
-359.107
-345.825
-328.662
-308.01
-283.678
-230.154
-196.776
-161.184
-123.416
-84.2434
-44.3031
30.2162
70.2744
109.435
147.044
182.791
215.924
269.666
294.093
314.69
331.674
345.027
354.713
363.159
363.269
360.304
355.094
347.334
338.319
318.068
306.317
294.144
281.996
270.098
258.421
238.146
227.916
218.206
209.082
200.487
192.428
178.871
172.163
165.874
159.959
154.391
149.155
140.233
135.754
131.515
127.482
123.648
119.996
113.676
110.459
107.376
104.415
101.575
98.8407
94.0469
91.5783
89.1955
86.8919
84.6616
82.5026
78.696
76.726
74.8182
72.9709
71.1833
69.4562
66.4226
64.8599
63.3557
61.9096
60.5182
59.179
56.8444
55.6464
54.4927
53.3789
52.3029
51.2612
49.4219
48.4653
47.5334
46.6237
45.7366
44.8698
43.3178
42.5014
41.7006
40.9144
40.1425
39.3847
38.0193
37.297
36.5863
35.887
35.1986
34.5208
33.2971
32.6484
32.0092
31.3793
30.7591
30.1482
29.0453
28.4609
27.8862
27.3211
26.766
26.2216
25.2447
24.7321
24.2313
23.7426
23.2674
22.8054
21.9873
21.5641
21.1541
20.756
20.3703
19.9961
19.3315
18.9853
18.6474
18.3171
17.9941
17.6778
17.1094
16.8094
16.5143
16.2238
15.9382
15.6567
15.1478
14.8776
14.6112
14.3482
14.0891
13.8331
13.3691
13.1225
12.8791
12.6385
12.4012
12.167
11.7421
11.5165
11.2937
11.0738
10.8573
10.6439
10.2583
10.0545
9.85429
9.65772
9.46539
9.27722
8.94112
8.76581
8.59528
8.42932
8.26819
8.1118
7.83462
7.69038
7.54985
7.4128
7.27915
7.1485
6.91435
6.79099
6.66986
6.55068
6.4335
6.31815
6.10929
5.99849
5.88911
5.78106
5.67449
5.56923
5.37817
5.27646
5.17592
5.07642
4.97818
4.88106
4.7046
4.61062
4.51774
4.42584
4.33517
4.24562
4.08331
3.99717
3.91236
3.8288
3.74678
3.6663
3.52212
3.44665
3.37316
3.30171
3.23265
3.0642
2.74486
2.59538
2.46021
2.33633
2.2228
2.11893
1.94623
1.86137
1.78277
1.70902
1.64007
1.57551
1.46404
1.40973
1.35798
1.30793
1.26013
1.21514
1.13878
1.09913
1.06159
1.02555
0.991104
0.958249
