-2.42536
-2.7864
-3.21688
-3.73175
-4.32186
-4.97936
-5.70996
-6.53505
-7.50296
-8.67923
-10.0761
-11.6616
-13.4299
-15.4131
-17.6941
-20.4406
-23.8028
-27.7535
-32.238
-37.3084
-43.1523
-50.1874
-59.1038
-70.4421
-84.517
-102.239
-125.73
-159.299
-209.704
-275.666
-309.584
-220.954
-6.89661
207.509
296.921
265.486
203.209
154.866
121.984
98.6001
80.9316
67.159
56.5406
48.3309
41.6404
35.9077
30.8745
26.4487
22.6696
19.579
17.0254
14.8167
12.8503
11.0855
9.52292
8.19613
7.09927
6.16407
5.33371
4.58233
3.90419
3.31836
2.2413
1.59239
1.18659
-2.42637
-2.78522
-2.78757
-3.21545
-3.2183
-3.73008
-3.73342
-4.31999
-4.32374
-4.97728
-4.98145
-5.70764
-5.71228
-6.53239
-6.53772
-7.49976
-7.50615
-8.67535
-8.68312
-10.0716
-10.0806
-11.6565
-11.6666
-13.4243
-13.4355
-15.4067
-15.4195
-17.6866
-17.7015
-20.4314
-20.4497
-23.7917
-23.8138
-27.7408
-27.7661
-32.2237
-32.2523
-37.2921
-37.3248
-43.1332
-43.1714
-50.1638
-50.211
-59.0735
-59.1342
-70.4041
-70.48
-84.47
-84.5641
-102.178
-102.299
-125.647
-125.813
-159.177
-159.422
-209.521
-209.886
-275.471
-275.861
-309.625
-309.542
-221.466
-220.44
-7.61886
-6.1741
207.025
207.991
296.88
296.962
265.665
265.307
203.381
203.036
154.985
154.747
122.066
121.902
98.6604
98.5399
80.9783
80.8849
67.1954
67.1226
56.5685
56.5127
48.3529
48.3089
41.6589
41.6219
35.9238
35.8916
30.8887
30.8602
26.4611
26.4363
22.6799
22.6593
19.5874
19.5706
17.0325
17.0184
14.823
14.8105
12.8559
12.8447
11.0906
11.0805
9.52728
9.51856
8.19974
8.19251
7.10229
7.09625
6.1667
6.16144
5.33609
5.33135
4.58448
4.58018
3.90611
3.90228
3.31994
3.31679
2.24383
2.23878
1.59388
1.5909
1.18756
-2.43597
-2.77406
-2.7988
-3.202
-3.23185
-3.71426
-3.74932
-4.30219
-4.34159
-4.95754
-5.00125
-5.68561
-5.73441
-6.50713
-6.56312
-7.46953
-7.53661
-8.63858
-8.72013
-10.0289
-10.1234
-11.6088
-11.7145
-13.371
-13.489
-15.3464
-15.48
-17.6159
-17.7728
-20.3448
-20.5369
-23.687
-23.9191
-27.6205
-27.887
-32.0879
-32.3887
-37.1376
-37.48
-42.9526
-43.353
-49.9403
-50.4358
-58.7867
-59.4236
-70.0446
-70.842
-84.0244
-85.0132
-101.606
-102.877
-124.864
-126.605
-158.021
-160.592
-207.798
-211.629
-273.604
-277.691
-309.954
-309.038
-226.179
-215.484
-14.4418
0.70271
202.352
212.604
296.406
297.326
267.357
263.591
205.042
201.394
156.124
153.625
122.849
121.128
99.2357
97.97
81.4235
80.4435
67.5423
66.7789
56.834
56.2487
48.5627
48.1007
41.8351
41.4467
36.0772
35.7389
31.0241
30.7255
26.5791
26.319
22.7782
22.5618
19.6673
19.4914
17.1001
16.9511
14.8824
14.7514
12.9092
12.7916
11.1383
11.033
9.56883
9.47726
8.23422
8.15822
7.13104
7.06766
6.19179
6.13647
5.35866
5.30888
4.60496
4.55977
3.92436
3.88409
3.33496
3.3019
2.26806
2.21499
1.60821
1.57685
1.19687
-2.46985
-2.52062
-2.57251
-2.62557
-2.67988
-2.73551
-2.83851
-2.8984
-2.95992
-3.02325
-3.08833
-3.15537
-3.27984
-3.35213
-3.42624
-3.50225
-3.57996
-3.65943
-3.80542
-3.88945
-3.97493
-4.0619
-4.15036
-4.24033
-4.40451
-4.49852
-4.59389
-4.69075
-4.78906
-4.88892
-5.07102
-5.17515
-5.28103
-5.38856
-5.49789
-5.60915
-5.81252
-5.92923
-6.04818
-6.16949
-6.29334
-6.41972
-6.6529
-6.7879
-6.9263
-7.06842
-7.21484
-7.36518
-7.64479
-7.80823
-7.97639
-8.14969
-8.32801
-8.51137
-8.85104
-9.04788
-9.2495
-9.45558
-9.66612
-9.8808
-10.2744
-10.5002
-10.73
-10.9637
-11.2013
-11.4427
-11.8835
-12.1358
-12.3923
-12.6527
-12.9173
-13.1861
-13.6776
-13.9591
-14.2459
-14.5377
-14.8348
-15.1376
-15.6935
-16.014
-16.3415
-16.6765
-17.02
-17.3719
-18.0246
-18.4047
-18.7963
-19.1999
-19.6163
-20.0457
-20.8465
-21.3146
-21.7965
-22.2922
-22.8018
-23.3249
-24.2908
-24.8495
-25.4206
-26.0035
-26.5974
-27.2029
-28.3133
-28.9507
-29.5998
-30.2605
-30.9326
-31.6168
-32.8693
-33.5886
-34.3205
-35.0662
-35.8275
-36.6023
-38.0276
-38.8485
-39.6885
-40.5469
-41.4259
-42.3273
-43.9958
-44.9682
-45.9687
-47.0012
-48.0662
-49.168
-51.2354
-52.4503
-53.7154
-55.0262
-56.3862
-57.7987
-60.4517
-62.0115
-63.6259
-65.2945
-67.02
-68.8026
-72.1279
-74.0719
-76.077
-78.1458
-80.2812
-82.487
-86.6075
-89.0291
-91.5408
-94.136
-96.8368
-99.6397
-104.932
-108.08
-111.366
-114.8
-118.41
-122.184
-129.446
-133.826
-138.465
-143.354
-148.542
-154.077
-164.811
-171.367
-178.331
-185.709
-193.599
-201.901
-217.807
-227.244
-237.019
-246.988
-257.026
-266.948
-283.811
-292.185
-299.274
-305.036
-308.68
-310.305
-306.298
-299.958
-290.617
-277.724
-261.381
-241.506
-198.113
-170.174
-139.947
-107.498
-73.6869
-38.4155
24.8745
59.8282
93.8243
126.308
156.892
184.957
227.937
247.843
264.252
277.309
287.059
293.633
297.882
296.522
293.399
287.904
281.222
273.239
257.443
248.045
238.572
229.118
219.927
210.988
195.76
187.851
180.329
173.243
166.554
160.217
149.794
144.413
139.346
134.542
129.99
125.664
118.479
114.715
111.123
107.704
104.434
101.288
96.0068
93.2015
90.5067
87.9156
85.4161
83.0082
78.9185
76.7422
74.6438
72.6168
70.661
68.7791
65.5923
63.9045
62.2798
60.7199
59.2199
57.7792
55.3418
54.049
52.8013
51.5964
50.4329
49.3068
47.3802
46.3447
45.3354
44.3521
43.3939
42.457
40.8391
39.9604
39.0993
38.2558
37.4296
36.6189
35.2089
34.4404
33.6853
32.9442
32.2165
31.5019
30.2576
29.5792
28.9138
28.2614
27.6218
26.9961
25.9123
25.3251
24.7528
24.1953
23.653
23.1267
22.2248
21.7411
21.2724
20.8181
20.3772
19.9503
19.2174
18.8223
18.4377
18.0626
17.6966
17.3388
16.7183
16.3806
16.0494
15.7246
15.4056
15.0921
14.5457
14.2467
13.9523
13.6625
13.3774
13.0972
12.6071
12.3386
12.0742
11.8142
11.5583
11.3066
10.8679
10.6282
10.3931
10.1625
9.93673
9.71582
9.33442
9.12781
8.92673
8.73133
8.54119
8.35652
8.03978
7.86944
7.70371
7.54259
7.38574
7.23271
6.96862
6.82533
6.68506
6.54747
6.41267
6.28027
6.04965
5.92355
5.79936
5.67712
5.55672
5.43814
5.23064
5.11672
5.00451
4.89378
4.78466
4.6771
4.48884
4.38557
4.28394
4.18387
4.08552
3.98884
3.82103
3.72978
3.64081
3.55423
3.47024
3.38867
3.22482
3.01362
2.82317
2.65179
2.49725
2.35642
2.13465
2.02444
1.92256
1.8293
1.74188
1.66016
1.52934
1.46209
1.39911
1.3393
1.2831
1.2305
