-2.41467
-2.77122
-3.19881
-3.71478
-4.30572
-4.96145
-5.68699
-6.50245
-7.4583
-8.63121
-10.032
-11.6172
-13.3778
-15.3421
-17.5922
-20.3101
-23.6758
-27.6353
-32.1107
-37.1498
-42.9299
-49.8745
-58.7667
-70.1815
-84.3656
-102.25
-126.121
-160.782
-215.232
-292.39
-341.52
-249.791
-6.85934
235.706
328.798
282.181
208.892
156.644
122.513
98.6518
80.7533
66.8383
56.2093
48.0859
41.4642
35.7683
30.7462
26.3111
22.5257
19.4628
16.9452
14.7582
12.8016
11.0381
9.47147
8.14668
7.06259
6.13845
5.31396
4.56441
3.88481
3.29522
2.21796
1.58033
1.18026
-2.41566
-2.77006
-2.77238
-3.19739
-3.20023
-3.7131
-3.71645
-4.30384
-4.30759
-4.95938
-4.96352
-5.68469
-5.68929
-6.49983
-6.50508
-7.45514
-7.46147
-8.62733
-8.6351
-10.0275
-10.0365
-11.6122
-11.6222
-13.3722
-13.3833
-15.3358
-15.3483
-17.5849
-17.5996
-20.301
-20.3192
-23.6647
-23.6869
-27.6226
-27.648
-32.0964
-32.1249
-37.1336
-37.1659
-42.9111
-42.9487
-49.8511
-49.8979
-58.7363
-58.797
-70.1433
-70.2198
-84.3181
-84.4131
-102.189
-102.312
-126.037
-126.206
-160.654
-160.911
-215.028
-215.436
-292.151
-292.63
-341.54
-341.499
-250.337
-249.242
-7.68989
-6.02884
235.158
236.252
328.783
328.812
282.415
281.956
209.084
208.699
156.769
156.52
122.597
122.429
98.7132
98.5906
80.8006
80.706
66.875
66.8016
56.237
56.1817
48.1077
48.0641
41.4825
41.4458
35.7844
35.7523
30.7604
30.732
26.3235
26.2986
22.536
22.5154
19.4711
19.4546
16.9522
16.9382
14.7644
14.752
12.8072
12.796
11.0431
11.0331
9.47584
9.46709
8.15027
8.14309
7.06557
7.05962
6.14106
6.13584
5.31632
5.3116
4.56656
4.56226
3.88674
3.88289
3.29681
3.29363
2.22045
2.21547
1.58181
1.57885
1.18122
-2.42515
-2.75904
-2.78346
-3.18393
-3.21374
-3.69724
-3.73239
-4.28605
-4.32544
-4.93974
-4.98323
-5.66284
-5.71121
-6.47493
-6.5301
-7.42517
-7.49166
-8.59054
-8.67216
-9.98472
-10.0793
-11.5645
-11.6701
-13.3192
-13.4365
-15.2763
-15.4082
-17.5151
-17.6696
-20.2146
-20.4063
-23.5597
-23.7924
-27.5023
-27.7687
-31.9613
-32.2606
-36.9807
-37.3195
-42.7328
-43.1282
-49.6303
-50.1209
-58.4492
-59.0874
-69.7809
-70.5849
-83.869
-84.8661
-101.612
-102.896
-125.237
-127.016
-159.445
-162.146
-213.107
-217.381
-289.862
-294.886
-341.633
-341.22
-255.443
-243.944
-15.5831
1.83669
229.882
241.371
328.569
328.885
284.617
279.817
210.923
206.877
157.963
155.346
123.401
121.634
99.3006
98.0112
81.2517
80.2587
67.2248
66.4547
56.5006
55.9197
48.3156
47.8578
41.6572
41.2722
35.9371
35.6001
30.8958
30.5972
26.4419
26.1809
22.6342
22.4179
19.5498
19.3765
17.0189
16.8719
14.8235
14.6932
12.8604
12.7431
11.0909
10.9855
9.51753
9.42566
8.18453
8.10909
7.09391
7.03143
6.16591
6.11109
5.33879
5.28921
4.58703
4.54185
3.90512
3.86461
3.31198
3.27862
2.24433
2.19202
1.59575
1.56479
1.19041
-2.45865
-2.50884
-2.56004
-2.61239
-2.66599
-2.72094
-2.8227
-2.88198
-2.94301
-3.00588
-3.07066
-3.13744
-3.2617
-3.33403
-3.40827
-3.48441
-3.56249
-3.64219
-3.78865
-3.87283
-3.95854
-4.04569
-4.13426
-4.22421
-4.38831
-4.4821
-4.57733
-4.67392
-4.77194
-4.8714
-5.05262
-5.15628
-5.26152
-5.3683
-5.47677
-5.58699
-5.7885
-5.90406
-6.02167
-6.1416
-6.26382
-6.38865
-6.61856
-6.75162
-6.8882
-7.02866
-7.17285
-7.32148
-7.59891
-7.76112
-7.92827
-8.10137
-8.2796
-8.46304
-8.80346
-9.00099
-9.20327
-9.41
-9.62108
-9.83629
-10.2306
-10.4568
-10.6867
-10.9204
-11.1578
-11.3988
-11.8386
-12.09
-12.3454
-12.6048
-12.8679
-13.1354
-13.6235
-13.9029
-14.1871
-14.4761
-14.7703
-15.0699
-15.6192
-15.9354
-16.2586
-16.5891
-16.9275
-17.2743
-17.9178
-18.2926
-18.6791
-19.0787
-19.4915
-19.9176
-20.7154
-21.1824
-21.6645
-22.1607
-22.6712
-23.1957
-24.1654
-24.7259
-25.2982
-25.8824
-26.4779
-27.0845
-28.1948
-28.832
-29.48
-30.1392
-30.8098
-31.4918
-32.7394
-33.4549
-34.1831
-34.9249
-35.6806
-36.4498
-37.8619
-38.6758
-39.5069
-40.3563
-41.2258
-42.1164
-43.7639
-44.7225
-45.7095
-46.7273
-47.7804
-48.8699
-50.9154
-52.1235
-53.3806
-54.6848
-56.0436
-57.4597
-60.121
-61.6894
-63.314
-64.9959
-66.7344
-68.5296
-71.8803
-73.8389
-75.8579
-77.9442
-80.0974
-82.3202
-86.4746
-88.9154
-91.4451
-94.0667
-96.7922
-99.6252
-104.981
-108.168
-111.494
-114.988
-118.65
-122.505
-129.916
-134.408
-139.161
-144.211
-149.595
-155.331
-166.569
-173.491
-180.914
-188.887
-197.396
-206.543
-224.328
-235.056
-246.324
-257.901
-269.815
-281.693
-302.722
-313.475
-323.153
-331.3
-337.409
-340.878
-339.586
-334.133
-324.631
-311.053
-293.756
-272.244
-224.192
-192.649
-158.099
-121.369
-82.7294
-43.1592
29.1934
68.9669
107.689
144.435
178.911
210.543
258.19
279.853
297.43
311.085
320.81
326.706
328.239
325.042
319.422
311.596
302.532
292.083
272.199
260.765
249.435
238.361
227.678
217.535
200.661
191.987
183.764
176.124
168.989
162.269
151.335
145.71
140.413
135.43
130.733
126.288
118.912
115.071
111.408
107.914
104.578
101.391
96.0214
93.182
90.4521
87.8232
85.2946
82.8561
78.7148
76.5122
74.3875
72.3408
70.3693
68.4706
65.2634
63.5657
61.9344
60.3744
58.8779
57.44
55.02
53.7392
52.5038
51.3129
50.1639
49.051
47.1455
46.1206
45.123
44.1511
43.2024
42.275
40.6698
39.7972
38.9425
38.1039
37.2823
36.4759
35.0723
34.3061
33.5528
32.8133
32.0869
31.373
30.1291
29.4502
28.7836
28.1297
27.4884
26.8605
25.7732
25.1841
24.6099
24.0513
23.5089
22.9829
22.0824
21.6022
21.137
20.6869
20.2507
19.8287
19.1061
18.717
18.338
17.9682
17.6073
17.2541
16.6415
16.3078
15.9803
15.6586
15.3424
15.0316
14.4887
14.1916
13.8991
13.6109
13.3271
13.0476
12.5589
12.2908
12.0269
11.767
11.5112
11.2595
10.8201
10.58
10.3442
10.1129
9.88649
9.66499
9.28222
9.07559
8.87467
8.67924
8.48961
8.30615
7.99167
7.82289
7.6591
7.49988
7.3451
7.19423
6.9337
6.79222
6.65367
6.5179
6.38456
6.25356
6.02507
5.89995
5.77672
5.65537
5.53577
5.41786
5.21134
5.09782
4.9859
4.87547
4.76654
4.65909
4.47088
4.36752
4.26573
4.16547
4.06683
3.96993
3.80121
3.70956
3.61999
3.53278
3.44819
3.36606
3.2006
2.98768
2.7968
2.6253
2.4715
2.33189
2.11272
2.00395
1.90421
1.81172
1.72598
1.64633
1.51681
1.45063
1.38985
1.33119
1.27561
1.22363
