-1.75622
-1.96937
-2.19793
-2.44522
-2.71892
-3.03422
-3.40588
-3.83042
-4.29661
-4.80009
-5.34257
-5.93005
-6.57556
-7.30888
-8.1759
-9.19504
-10.3393
-11.5866
-12.9348
-14.395
-15.9913
-17.779
-19.8692
-22.3736
-25.2731
-28.4927
-32.0105
-35.8549
-40.0955
-44.8704
-50.4728
-57.3604
-65.8412
-75.9401
-87.8685
-102.255
-120.298
-144.148
-177.899
-228.063
-298.031
-365.117
-361.378
-232.23
-6.97635
218.012
347.352
352.611
288.121
221.651
173.606
140.589
116.807
98.6957
84.2304
72.3569
62.6507
54.9201
48.6845
43.3911
38.7137
34.4922
30.6452
27.1378
23.9995
21.3107
19.0688
17.1399
15.4102
13.8252
12.3603
11.005
9.76354
8.66245
7.72677
6.92836
6.21829
5.56717
4.96235
4.39809
3.87475
3.40296
2.63377
1.95704
1.52188
1.21478
0.986058
0.812016
0.667523
0.546117
-1.75701
-1.96852
-1.97022
-2.19702
-2.19885
-2.44422
-2.44623
-2.7178
-2.72005
-3.03289
-3.03554
-3.40433
-3.40743
-3.82869
-3.83215
-4.29473
-4.29849
-4.79807
-4.80211
-5.34039
-5.34475
-5.92768
-5.93242
-6.57292
-6.5782
-7.30582
-7.31195
-8.17224
-8.17955
-9.19083
-9.19925
-10.3347
-10.344
-11.5816
-11.5916
-12.9294
-12.9402
-14.3891
-14.4009
-15.9848
-15.9978
-17.7716
-17.7865
-19.8604
-19.8781
-22.3631
-22.3842
-25.2613
-25.285
-28.4797
-28.5057
-31.9963
-32.0247
-35.8393
-35.8704
-40.0782
-40.1128
-44.8505
-44.8902
-50.449
-50.4966
-57.3308
-57.3901
-65.8053
-65.8772
-75.8977
-75.9824
-87.8182
-87.9188
-102.193
-102.317
-120.219
-120.377
-144.04
-144.256
-177.741
-178.056
-227.828
-228.298
-297.736
-298.326
-364.942
-365.291
-361.62
-361.133
-232.96
-231.499
-7.91368
-6.03908
217.276
218.747
347.101
347.601
352.784
352.436
288.404
287.838
221.874
221.428
173.758
173.453
140.696
140.482
116.887
116.728
98.7578
98.6338
84.281
84.1799
72.3986
72.3153
62.6842
62.6172
54.9467
54.8935
48.7065
48.6625
43.4103
43.372
38.7309
38.6966
34.5078
34.4766
30.6594
30.6309
27.1508
27.1249
24.0109
23.9882
21.3202
21.3013
19.0768
19.0608
17.1469
17.1329
15.4166
15.4038
13.8311
13.8193
12.3657
12.3548
11.01
11
9.7681
9.75899
8.6664
8.65851
7.73009
7.72345
6.93125
6.92547
6.22091
6.21566
5.56959
5.56475
4.96461
4.96009
4.4002
4.39599
3.87668
3.87281
3.40466
3.40126
2.63716
2.63039
1.95908
1.95501
1.52328
1.52047
1.21579
1.21377
0.986832
0.985285
0.812619
0.811413
0.668035
0.667011
0.546548
-1.7636
-1.96148
-1.97726
-2.18946
-2.20643
-2.43599
-2.4545
-2.70853
-2.72938
-3.02201
-3.04651
-3.39159
-3.42024
-3.81446
-3.84644
-4.27928
-4.31398
-4.78142
-4.8188
-5.32243
-5.36276
-5.90813
-5.95204
-6.55116
-6.60005
-7.28065
-7.33731
-8.14218
-8.20981
-9.15621
-9.23403
-10.2966
-10.3823
-11.5402
-11.6331
-12.8848
-12.985
-14.3406
-14.4495
-15.9313
-16.0514
-17.7107
-17.8478
-19.7875
-19.9515
-22.2767
-22.4711
-25.1635
-25.3832
-28.3724
-28.6134
-31.8792
-32.1421
-35.711
-35.9992
-39.9357
-40.256
-44.6873
-45.0544
-50.2534
-50.6938
-57.0871
-57.6359
-65.51
-66.1744
-75.5492
-76.3332
-87.4044
-88.3355
-101.687
-102.828
-119.57
-121.034
-143.155
-145.156
-176.454
-179.364
-225.906
-230.244
-295.307
-300.752
-363.464
-366.669
-363.544
-359.042
-238.93
-225.396
-15.6575
1.69126
211.153
224.753
344.96
349.583
354.163
350.946
290.734
285.512
223.725
219.609
175.026
172.201
141.583
139.604
117.544
116.078
99.2718
98.1242
84.6998
83.7648
72.7433
71.9732
62.962
62.342
55.1671
54.6749
48.8885
48.4817
43.5687
43.2144
38.8725
38.5554
34.6365
34.3484
30.7769
30.5138
27.2574
27.0187
24.1045
23.8951
21.3985
21.2235
19.1428
18.9952
17.205
17.0751
15.4694
15.3512
13.8797
13.7708
12.4108
12.3099
11.0516
10.9585
9.80574
9.72149
8.69902
8.62612
7.75755
7.69615
6.95517
6.90166
6.24259
6.19404
5.58962
5.54479
4.98328
4.94147
4.4176
4.37864
3.89269
3.85687
3.41872
3.3873
2.66542
2.60281
1.976
1.9384
1.53494
1.50896
1.22419
1.20551
0.993249
0.978937
0.817606
0.806454
0.672276
0.662802
0.55011
-1.78464
-1.81495
-1.84557
-1.87648
-1.9077
-1.93923
-1.99978
-2.03224
-2.06503
-2.09817
-2.13168
-2.16554
-2.23067
-2.26565
-2.30105
-2.33689
-2.37319
-2.40995
-2.48101
-2.51937
-2.55829
-2.59791
-2.63822
-2.6793
-2.75934
-2.8029
-2.84748
-2.89311
-2.93988
-2.98779
-3.08178
-3.13322
-3.18591
-3.23985
-3.29503
-3.35142
-3.46132
-3.52094
-3.58162
-3.64327
-3.7059
-3.76946
-3.89217
-3.95819
-4.02505
-4.09271
-4.16114
-4.23036
-4.36354
-4.43499
-4.50724
-4.58028
-4.6541
-4.72872
-4.87219
-4.94917
-5.02695
-5.10561
-5.18515
-5.2656
-5.42042
-5.50357
-5.5877
-5.67283
-5.75902
-5.84634
-6.01483
-6.10561
-6.19769
-6.29114
-6.38607
-6.48256
-6.67011
-6.77188
-6.8757
-6.98178
-7.09023
-7.20137
-7.41905
-7.5383
-7.66066
-7.78634
-7.91538
-8.04754
-8.30716
-8.44904
-8.59407
-8.74215
-8.89318
-9.04695
-9.3455
-9.50691
-9.67072
-9.83685
-10.0052
-10.1758
-10.5048
-10.6815
-10.8604
-11.0414
-11.2243
-11.4094
-11.7657
-11.9569
-12.1502
-12.3457
-12.5435
-12.7435
-13.1283
-13.3351
-13.5442
-13.756
-13.9702
-14.1872
-14.6052
-14.8303
-15.0584
-15.2898
-15.5243
-15.7624
-16.2236
-16.473
-16.7269
-16.9854
-17.2492
-17.5186
-18.0451
-18.3326
-18.6274
-18.9297
-19.2403
-19.5591
-20.1875
-20.5325
-20.8865
-21.2501
-21.6228
-22.0043
-22.7501
-23.1559
-23.5697
-23.9908
-24.4192
-24.8547
-25.6975
-26.152
-26.613
-27.0802
-27.5536
-28.0331
-28.9579
-29.4553
-29.959
-30.4692
-30.9859
-31.509
-32.5179
-33.0611
-33.6108
-34.168
-34.7328
-35.3057
-36.4119
-37.0083
-37.6136
-38.2278
-38.8516
-39.4856
-40.7152
-41.3812
-42.0592
-42.75
-43.4549
-44.174
-45.5818
-46.3507
-47.1391
-47.949
-48.7807
-49.6387
-51.3317
-52.2668
-53.2321
-54.2293
-55.2609
-56.3226
-58.4293
-59.5917
-60.7885
-62.0189
-63.284
-64.5813
-67.1309
-68.527
-69.9567
-71.4207
-72.9194
-74.4533
-77.4612
-79.1048
-80.789
-82.5156
-84.2862
-86.1033
-89.6798
-91.6438
-93.6643
-95.7439
-97.8867
-100.099
-104.48
-106.908
-109.422
-112.03
-114.735
-117.542
-123.161
-126.309
-129.604
-133.046
-136.642
-140.406
-148.081
-152.438
-157.032
-161.874
-167.006
-172.438
-183.648
-190.082
-196.914
-204.154
-211.826
-219.943
-236.574
-246.032
-255.876
-266.157
-276.681
-287.584
-308.369
-319.276
-330.052
-340.247
-349.715
-358.289
-370.667
-374.728
-376.842
-376.732
-374.103
-368.891
-351.435
-338.045
-321.874
-302.984
-281.344
-257.236
-205.155
-174.803
-142.797
-109.285
-75.0206
-40.2903
26.1737
61.0761
95.3721
128.644
160.665
191.065
243.046
267.322
289.053
307.86
323.941
337.235
354.949
360.296
363.03
363.44
361.605
357.829
345.866
337.902
328.709
318.828
308.664
298.145
278.198
267.904
257.8
248.056
238.711
229.78
213.934
206.196
198.854
191.921
185.381
179.166
168.326
163.037
158.031
153.273
148.763
144.465
136.87
133.128
129.541
126.113
122.83
119.679
114.044
111.229
108.518
105.897
103.371
100.932
96.5237
94.2998
92.1424
90.0501
88.0212
86.0486
82.4615
80.6424
78.8741
77.1544
75.4811
73.8552
70.8989
69.4036
67.9525
66.5457
65.1809
63.8602
61.4798
60.2817
59.1233
58.0058
56.9248
55.8787
53.9888
53.0342
52.1075
51.2058
50.3292
49.4744
47.9121
47.1128
46.3301
45.5644
44.8135
44.0766
42.7173
42.0173
41.3284
40.6506
39.9834
39.3266
38.1094
37.48
36.8594
36.2475
35.6439
35.0485
33.943
33.3704
32.8053
32.2474
31.6967
31.1532
30.1435
29.6206
29.1045
28.5954
28.0936
27.599
26.6833
26.2111
25.7469
25.291
24.8439
24.4058
23.6019
23.1916
22.7912
22.4012
22.0208
21.6515
20.9788
20.6372
20.3045
19.9803
19.6638
19.3547
18.7885
18.4985
18.2143
17.935
17.6608
17.3911
16.8923
16.6345
16.3802
16.1296
15.8824
15.6383
15.1847
14.9492
14.7166
14.4869
14.2599
14.0354
13.6173
13.3999
13.1851
12.9726
12.7626
12.5548
12.1678
11.9666
11.7677
11.5711
11.3767
11.1847
10.8274
10.6422
10.4593
10.279
10.1014
9.92642
9.60319
9.43677
9.27356
9.11367
8.957
8.80398
8.52429
8.38159
8.24246
8.10698
7.97492
7.84599
7.61019
7.48959
7.37174
7.25624
7.14296
7.03179
6.82649
6.72052
6.61623
6.51344
6.41197
6.31192
6.12572
6.02916
5.93366
5.83929
5.74597
5.65365
5.48156
5.39204
5.30344
5.21573
5.1289
5.04295
4.88251
4.79899
4.71632
4.63447
4.55345
4.47325
4.32369
4.24592
4.16905
4.09308
4.01801
3.94395
3.80652
3.7355
3.66566
3.59707
3.52984
3.46398
3.3434
3.28204
3.22243
3.06048
2.90316
2.75897
2.5185
2.40633
2.3019
2.20545
2.11579
2.03164
1.88631
1.81607
1.75001
1.68751
1.62857
1.5728
1.47315
1.42507
1.37952
1.33538
1.2925
1.25157
1.17988
1.14477
1.10998
1.07674
1.04485
1.01407
0.959105
0.931743
0.905522
0.880659
0.856908
0.833626
0.790825
0.768895
0.747433
0.726438
0.705911
0.685939
0.649581
0.630952
0.612709
0.595077
0.578056
0.561531
