-1.74546
-2.04123
-2.3646
-2.7256
-3.1728
-3.74573
-4.39382
-5.10572
-5.89112
-6.76792
-7.83944
-9.25089
-10.8839
-12.6877
-14.6845
-16.9138
-19.5859
-23.17
-27.4563
-32.2379
-37.5946
-43.6807
-51.0387
-61.2702
-74.5245
-90.7345
-111.516
-140.397
-186.543
-272.01
-376.718
-309.461
-6.87877
296.278
362.043
261.701
182.447
137.167
108.071
87.0741
70.7191
58.1703
49.3588
42.3432
36.2608
30.8706
26.0571
21.9427
18.8598
16.3565
14.1266
12.1145
10.2863
8.67842
7.43329
6.43013
5.53483
4.71715
3.96471
3.27094
2.21689
1.54736
1.14183
0.86504
0.66238
-1.74627
-2.0404
-2.04206
-2.36368
-2.36552
-2.72449
-2.7267
-3.17134
-3.17426
-3.74403
-3.74743
-4.39187
-4.39577
-5.10362
-5.10782
-5.88878
-5.89345
-6.76527
-6.77057
-7.83613
-7.84274
-9.24655
-9.25524
-10.8793
-10.8885
-12.6824
-12.693
-14.6786
-14.6904
-16.907
-16.9205
-19.5774
-19.5945
-23.1591
-23.1813
-27.4438
-27.469
-32.2236
-32.2526
-37.5786
-37.6106
-43.6626
-43.6989
-51.0139
-51.0635
-61.237
-61.3038
-74.4837
-74.5652
-90.6837
-90.7853
-111.448
-111.584
-140.298
-140.496
-186.387
-186.692
-271.698
-272.323
-376.559
-376.875
-310.789
-308.169
-7.82506
-5.89394
295.78
296.775
362.203
361.881
261.964
261.439
182.624
182.271
137.276
137.061
108.139
108.003
87.1255
87.0227
70.7599
70.6783
58.1996
58.1411
49.3803
49.3374
42.3616
42.3249
36.2769
36.2447
30.885
30.8563
26.0703
26.044
21.9528
21.9326
18.8674
18.8522
16.3631
16.3498
14.1326
14.1207
12.1199
12.1091
10.2912
10.2814
8.68247
8.67438
7.43635
7.43023
6.43279
6.42747
5.53723
5.53242
4.71936
4.71494
3.96673
3.96268
3.27291
3.26896
2.21941
2.21438
1.54879
1.54594
1.14275
1.1409
0.865672
0.864409
0.662882
-1.75387
-2.03201
-2.05034
-2.35448
-2.37458
-2.71376
-2.73733
-3.15721
-3.18854
-3.72728
-3.76394
-4.37316
-4.41385
-5.08321
-5.12859
-5.86605
-5.91506
-6.73955
-6.79648
-7.80236
-7.87619
-9.20432
-9.29768
-10.8333
-10.9356
-12.6306
-12.7451
-14.6211
-14.7464
-16.8412
-16.9866
-19.4935
-19.6783
-23.0523
-23.2944
-27.322
-27.5971
-32.0856
-32.3931
-37.4228
-37.7728
-43.486
-43.8781
-50.7906
-51.2987
-60.9158
-61.6323
-74.0867
-74.9665
-90.1867
-91.2822
-110.79
-112.228
-139.342
-141.464
-184.687
-188.322
-268.739
-275.377
-375.064
-378.319
-317.476
-302.467
-17.2605
3.6959
290.122
301.485
363.656
360.215
264.282
258.262
184.266
180.61
138.262
136.11
108.816
107.342
87.6303
86.5225
71.1592
70.2825
58.4836
57.858
49.5906
49.1287
42.5331
42.1465
36.4305
36.0882
31.0257
30.7168
26.1941
25.9174
22.0501
21.8344
18.9398
18.7782
16.4272
16.2853
14.1904
14.0626
12.1721
12.0567
10.3386
10.2342
8.72213
8.63513
7.46631
7.40053
6.45878
6.40157
5.56055
5.50899
4.74081
4.69344
3.98647
3.94299
3.29211
3.24965
2.24423
2.19011
1.56275
1.53215
1.1518
1.13195
0.871851
0.858267
0.667798
-1.78259
-1.82511
-1.86832
-1.91234
-1.95659
-2.00149
-2.08166
-2.1281
-2.1753
-2.22309
-2.27181
-2.32103
-2.4088
-2.46014
-2.51234
-2.56562
-2.61993
-2.67543
-2.77667
-2.83756
-2.90022
-2.96619
-3.03532
-3.10687
-3.24082
-3.32131
-3.40433
-3.48989
-3.5773
-3.66633
-3.82624
-3.9196
-4.01406
-4.11032
-4.20772
-4.30623
-4.4824
-4.58504
-4.68863
-4.79382
-4.90101
-5.00964
-5.20394
-5.31573
-5.42981
-5.54718
-5.6654
-5.78441
-5.99816
-6.12358
-6.25079
-6.3807
-6.5126
-6.64825
-6.89196
-7.03728
-7.1867
-7.34618
-7.50933
-7.68226
-8.00346
-8.19851
-8.40166
-8.61371
-8.82979
-9.05267
-9.45325
-9.68782
-9.92647
-10.1687
-10.4142
-10.6641
-11.1086
-11.3685
-11.6293
-11.8994
-12.1685
-12.444
-12.9359
-13.2238
-13.5124
-13.8078
-14.1088
-14.4142
-14.9574
-15.2744
-15.5972
-15.9285
-16.2645
-16.6057
-17.2241
-17.59
-17.9679
-18.3605
-18.7704
-19.1947
-19.9948
-20.4825
-20.9912
-21.5298
-22.0861
-22.6583
-23.6996
-24.3119
-24.9327
-25.5726
-26.2192
-26.8743
-28.0511
-28.7357
-29.4289
-30.1413
-30.8617
-31.5898
-32.8995
-33.6672
-34.4482
-35.2405
-36.0458
-36.8633
-38.3434
-39.2032
-40.0787
-40.9798
-41.902
-42.8416
-44.5434
-45.5499
-46.5887
-47.6694
-48.7905
-49.9716
-52.1707
-53.5237
-54.9642
-56.4877
-58.0813
-59.7537
-62.8407
-64.6924
-66.5968
-68.5599
-70.5818
-72.6604
-76.4399
-78.688
-81.0074
-83.4006
-85.8694
-88.4214
-93.1182
-95.941
-98.8768
-101.937
-105.121
-108.466
-114.682
-118.474
-122.495
-126.729
-131.229
-135.969
-145.083
-150.817
-156.961
-163.698
-170.953
-178.915
-194.725
-205.134
-216.487
-229.176
-243.018
-258.08
-286.573
-303.923
-321.635
-338.745
-354.02
-368.012
-382.238
-384.37
-379.203
-373.439
-355.406
-333.474
-280.053
-243.484
-199.839
-153.303
-103.317
-51.9433
38.2623
89.0799
137.869
184.959
228.075
267.394
319.251
340.7
356.812
364.645
369.635
367.643
352.796
338.63
323.941
307.856
290.394
274.697
248.534
234.964
222.333
210.794
199.982
190.298
175.079
167.385
160.289
153.72
147.609
141.871
132.735
127.94
123.448
119.188
115.136
111.289
104.993
101.635
98.4028
95.3202
92.3448
89.4888
84.7352
82.1492
79.6506
77.2313
74.8967
72.634
68.8702
66.8274
64.868
63.0049
61.2331
59.5524
56.8572
55.4278
54.0756
52.7854
51.5524
50.3673
48.3803
47.2919
46.2307
45.1917
44.182
43.1907
41.5093
40.5734
39.6577
38.7543
37.8687
37.0043
35.5254
34.7026
33.891
33.085
32.3055
31.5384
30.2168
29.4756
28.7517
28.0384
27.3377
26.6475
25.4715
24.8226
24.1889
23.5768
22.9863
22.4162
21.4861
20.9875
20.5148
20.0624
19.6305
19.2131
18.5133
18.1284
17.7512
17.3817
17.0188
16.6627
16.0518
15.7122
15.378
15.0486
14.7241
14.4017
13.8539
13.5476
13.2462
12.9475
12.6538
12.3629
11.8678
11.5881
11.3127
11.0418
10.7758
10.5135
10.0643
9.81251
9.56711
9.32721
9.0936
8.8701
8.49424
8.29437
8.10163
7.91879
7.74403
7.57543
7.29274
7.13971
6.98905
6.8402
6.69521
6.55319
6.30827
6.17239
6.03862
5.90605
5.77419
5.64568
5.42457
5.30022
5.17795
5.0566
4.93757
4.81917
4.61642
4.50195
4.38942
4.27727
4.16728
4.05929
3.87176
3.76688
3.66368
3.56152
3.46056
3.35998
3.17728
3.03775
2.84379
2.6584
2.48977
2.33785
2.10589
1.99033
1.88457
1.78694
1.69771
1.61514
1.48352
1.41583
1.35292
1.29336
1.23736
1.18525
1.10013
1.05429
1.0109
0.969954
0.931313
0.894828
0.836268
0.804272
0.773197
0.742987
0.713906
0.685944
