-1.82024
-2.01359
-2.21956
-2.44073
-2.68262
-2.95573
-3.27208
-3.63334
-4.03133
-4.45995
-4.9183
-5.40831
-5.9348
-6.50728
-7.14623
-7.88416
-8.74414
-9.71478
-10.7743
-11.9133
-13.1338
-14.4451
-15.8651
-17.4316
-19.2193
-21.3189
-23.7541
-26.471
-29.4286
-32.626
-36.0892
-39.871
-44.0675
-48.8711
-54.5967
-61.5389
-69.7641
-79.3049
-90.4064
-103.594
-119.785
-140.509
-168.493
-208.176
-263.939
-330.47
-375.522
-344.459
-211.065
-6.97635
196.886
330.295
362.379
319.229
255.689
202.719
164.492
136.972
116.294
100.042
86.7783
75.6794
66.3612
58.6868
52.4382
47.1973
42.6139
38.4914
34.7264
31.2613
28.0671
25.153
22.5714
20.3659
18.4794
16.8094
15.286
13.8753
12.5603
11.333
10.1934
9.156
8.24429
7.46108
6.77402
6.15037
5.57202
5.03041
4.52127
4.04391
3.60341
3.20288
2.36225
1.83889
1.47717
1.21025
1.00446
0.843503
0.709436
0.593692
-1.82105
-2.01273
-2.01446
-2.21864
-2.22049
-2.43973
-2.44173
-2.68151
-2.68372
-2.95446
-2.95701
-3.2706
-3.27355
-3.63169
-3.63499
-4.02954
-4.03313
-4.45803
-4.46187
-4.91625
-4.92036
-5.40611
-5.41051
-5.93242
-5.93717
-6.50467
-6.50989
-7.14326
-7.14919
-7.8807
-7.88763
-8.74015
-8.74813
-9.71037
-9.7192
-10.7695
-10.779
-11.9082
-11.9185
-13.1283
-13.1393
-14.4392
-14.451
-15.8587
-15.8715
-17.4244
-17.4389
-19.2109
-19.2277
-21.3091
-21.3288
-23.7429
-23.7653
-26.4586
-26.4833
-29.4152
-29.4419
-32.6115
-32.6404
-36.0735
-36.1049
-39.8538
-39.8883
-44.0482
-44.0869
-48.8485
-48.8937
-54.5693
-54.6241
-61.506
-61.5718
-69.7257
-69.8026
-79.2604
-79.3494
-90.3542
-90.4586
-103.531
-103.657
-119.707
-119.864
-140.406
-140.612
-168.351
-168.636
-207.971
-208.381
-263.662
-264.215
-330.191
-330.747
-375.453
-375.589
-344.818
-344.097
-211.846
-210.28
-7.91368
-6.03908
196.111
197.659
329.931
330.657
362.441
362.315
319.497
318.962
255.952
255.427
202.915
202.523
164.632
164.353
137.075
136.87
116.373
116.215
100.105
99.9788
86.8308
86.726
75.7235
75.6352
66.3981
66.3245
58.7167
58.6569
52.4629
52.4135
47.2185
47.1762
42.6327
42.5952
38.5085
38.4744
34.7421
34.7108
31.2757
31.2469
28.0803
28.0538
25.1649
25.141
22.5818
22.561
20.3747
20.3571
18.487
18.4717
16.8163
16.8025
15.2923
15.2796
13.8812
13.8694
12.5659
12.5548
11.3381
11.3279
10.1981
10.1887
9.16025
9.15176
8.24796
8.24064
7.46424
7.45792
6.77685
6.7712
6.15297
6.14777
5.57444
5.56959
5.03269
5.02813
4.52341
4.51913
4.04591
4.04192
3.60523
3.6016
3.20756
3.19822
2.36506
2.35945
1.84073
1.83705
1.47852
1.47583
1.21126
1.20925
1.00526
1.00367
0.844123
0.842883
0.709979
0.708893
0.594153
-1.82757
-2.00582
-2.02138
-2.21126
-2.22789
-2.43175
-2.44973
-2.67267
-2.69261
-2.94431
-2.96722
-3.25883
-3.28538
-3.61849
-3.64824
-4.01519
-4.04751
-4.44266
-4.47729
-4.89982
-4.93681
-5.38854
-5.42814
-5.91346
-5.95621
-6.48386
-6.5308
-7.11962
-7.17299
-7.85306
-7.91538
-8.70831
-8.78015
-9.67512
-9.75459
-10.7314
-10.8173
-11.8674
-11.9594
-13.0845
-13.1832
-14.392
-14.4983
-15.8072
-15.9232
-17.3669
-17.4968
-19.1441
-19.295
-21.2305
-21.4079
-23.6533
-23.8552
-26.3602
-26.5821
-29.3088
-29.5488
-32.4964
-32.7561
-35.9485
-36.2308
-39.7164
-40.0263
-43.8941
-44.242
-48.6684
-49.0754
-54.3512
-54.8442
-61.2437
-61.8362
-69.419
-70.1112
-78.9053
-79.7068
-89.9384
-90.8777
-103.03
-104.163
-119.082
-120.496
-139.587
-141.442
-167.217
-169.786
-206.347
-210.041
-261.46
-266.436
-327.948
-332.958
-374.882
-376.08
-347.621
-341.139
-218.024
-203.966
-15.4227
1.45707
189.896
203.795
326.983
333.471
362.889
361.758
321.626
316.814
258.066
253.339
204.495
200.968
165.756
163.244
137.9
136.057
117.006
115.589
100.613
99.4753
87.2516
86.3084
76.078
75.2835
66.6938
66.0311
58.957
58.4186
52.6604
52.2173
47.388
47.0075
42.7832
42.4453
38.6452
38.3382
34.8675
34.5857
31.3914
31.1316
28.1868
27.9478
25.2609
25.0455
22.6652
22.4783
20.4453
20.287
18.5483
18.4108
16.8716
16.7475
15.3432
15.2289
13.9285
13.8222
12.61
12.5108
11.3793
11.2868
10.2361
10.1508
9.19429
9.1179
8.27742
8.21144
7.48959
7.43273
6.79949
6.74863
6.17379
6.12702
5.59387
5.55023
5.05093
5.00994
4.54056
4.50203
4.06193
4.02597
3.61978
3.58712
3.22714
3.16125
2.38769
2.33729
1.85569
1.82242
1.48935
1.46517
1.21934
1.20129
1.01165
0.997361
0.849096
0.837936
0.714339
0.70456
0.597857
-1.84701
-1.87421
-1.90164
-1.92932
-1.95723
-1.98539
-2.04204
-2.07097
-2.10017
-2.12966
-2.15942
-2.18946
-2.24998
-2.28093
-2.31224
-2.34387
-2.37587
-2.40822
-2.47366
-2.50729
-2.54134
-2.57591
-2.61098
-2.64664
-2.71921
-2.75675
-2.79499
-2.83401
-2.8738
-2.9145
-2.99782
-3.04118
-3.08551
-3.13079
-3.17704
-3.22427
-3.32082
-3.37086
-3.4218
-3.47355
-3.52616
-3.57958
-3.68784
-3.7435
-3.79984
-3.85685
-3.91452
-3.97283
-4.09044
-4.1506
-4.21136
-4.27274
-4.33471
-4.39728
-4.52325
-4.58763
-4.65261
-4.71822
-4.78444
-4.85129
-4.98588
-5.05464
-5.12409
-5.19422
-5.26507
-5.33658
-5.48074
-5.5545
-5.629
-5.7043
-5.78045
-5.85748
-6.01303
-6.09282
-6.17363
-6.25545
-6.33844
-6.42254
-6.59342
-6.68154
-6.77119
-6.86244
-6.95542
-7.05015
-7.24426
-7.34503
-7.44818
-7.55362
-7.66149
-7.77192
-7.99866
-8.11679
-8.23746
-8.3607
-8.48644
-8.61462
-8.87593
-9.01082
-9.14784
-9.28695
-9.42804
-9.57107
-9.86029
-10.0086
-10.1587
-10.3104
-10.4638
-10.6188
-10.9314
-11.0912
-11.2526
-11.4156
-11.5803
-11.7466
-12.0817
-12.2529
-12.4259
-12.6007
-12.777
-12.9552
-13.3143
-13.498
-13.6837
-13.8714
-14.061
-14.2528
-14.6395
-14.8378
-15.0385
-15.2417
-15.4473
-15.6556
-16.0776
-16.2946
-16.515
-16.7388
-16.9662
-17.1978
-17.6702
-17.9151
-18.165
-18.4203
-18.6813
-18.9481
-19.4968
-19.7831
-20.0768
-20.3772
-20.6847
-20.9995
-21.6454
-21.9812
-22.3238
-22.6728
-23.028
-23.3895
-24.1242
-24.5028
-24.8869
-25.2761
-25.6705
-26.0698
-26.8771
-27.2909
-27.7095
-28.1329
-28.5612
-28.9941
-29.8679
-30.3155
-30.7681
-31.2257
-31.6885
-32.1563
-33.1011
-33.585
-34.0746
-34.5701
-35.0716
-35.5793
-36.6058
-37.1327
-37.6665
-38.2072
-38.7553
-39.3113
-40.4391
-41.0201
-41.6103
-42.21
-42.8198
-43.4406
-44.7071
-45.3648
-46.0356
-46.7214
-47.4225
-48.1409
-49.6214
-50.3955
-51.1906
-52.0082
-52.8485
-53.7132
-55.5053
-56.4452
-57.4124
-58.4064
-59.4269
-60.4738
-62.6303
-63.7557
-64.9068
-66.0842
-67.2874
-68.5176
-71.0367
-72.3458
-73.6817
-75.0459
-76.4399
-77.8628
-80.7777
-82.2948
-83.8449
-85.4316
-87.0551
-88.7164
-92.137
-93.9244
-95.758
-97.6402
-99.5768
-101.565
-105.683
-107.855
-110.093
-112.405
-114.79
-117.256
-122.404
-125.141
-127.983
-130.939
-134.013
-137.207
-143.959
-147.601
-151.404
-155.383
-159.548
-163.927
-173.302
-178.411
-183.773
-189.422
-195.374
-201.648
-215.077
-222.359
-230.007
-237.992
-246.355
-255.003
-273.09
-282.532
-292.22
-301.92
-311.519
-321.094
-339.393
-347.821
-355.628
-362.438
-368.137
-372.635
-377.004
-376.666
-374.382
-370.118
-363.656
-355.184
-331.484
-316.45
-299.307
-279.962
-258.748
-235.685
-184.872
-157.283
-128.426
-98.6559
-68.3137
-37.7383
23.607
54.3425
84.6947
114.398
143.13
170.819
221.489
244.576
265.934
285.351
302.506
317.52
341.012
349.699
356.17
360.588
362.955
363.519
359.571
355.56
349.911
343.348
336.115
327.865
310.371
301.196
291.859
282.576
273.463
264.435
247.223
239.013
231.132
223.5
216.237
209.305
196.439
190.456
184.743
179.287
174.102
169.161
160.036
155.746
151.654
147.74
143.992
140.402
133.691
130.506
127.444
124.498
121.662
118.92
113.758
111.284
108.891
106.57
104.32
102.142
98.0011
95.9991
94.0519
92.1565
90.3115
88.5163
85.0827
83.4148
81.7888
80.2014
78.6536
77.1431
74.2523
72.8482
71.4795
70.1458
68.8466
67.5826
65.1719
64.0076
62.8776
61.7812
60.7166
59.6819
57.7214
56.7761
55.8582
54.9667
54.0989
53.2545
51.6414
50.8582
50.0935
49.3452
48.6131
47.8959
46.5112
45.8332
45.1671
44.5122
43.8678
43.2335
42.0034
41.3967
40.7988
40.209
39.6276
39.0536
37.9365
37.3842
36.8388
36.3002
35.768
35.2421
34.2167
33.7092
33.2076
32.7118
32.2216
31.7369
30.7912
30.3229
29.8602
29.403
28.951
28.5046
27.6351
27.2057
26.7819
26.3646
25.9532
25.5483
24.7644
24.3798
24.0024
23.6324
23.2701
22.9155
22.2354
21.9036
21.581
21.2659
20.9581
20.6574
20.081
19.8001
19.5248
19.2554
18.9912
18.732
18.2312
17.9849
17.7425
17.5038
17.2685
17.0367
16.585
16.3617
16.1413
15.9234
15.7079
15.495
15.0792
14.8729
14.6689
14.4671
14.2674
14.0697
13.6829
13.4909
13.3008
13.1126
12.9262
12.7417
12.3807
12.2015
12.024
11.8483
11.6743
11.5022
11.1656
10.9987
10.8336
10.6704
10.509
10.3496
10.0392
9.88604
9.73511
9.58641
9.44007
9.2962
9.0182
8.88207
8.7488
8.6183
8.49067
8.36564
8.12574
8.00894
7.89463
7.78267
7.67309
7.56562
7.35852
7.257
7.15719
7.05902
6.96243
6.86719
6.68211
6.59074
6.50052
6.4113
6.3232
6.23602
6.06573
5.98128
5.89768
5.81493
5.73298
5.65182
5.49296
5.41404
5.33582
5.25831
5.18148
5.10532
4.95614
4.88195
4.80842
4.73553
4.6633
4.5917
4.45148
4.38179
4.31275
4.24438
4.1767
4.10971
3.97888
3.91411
3.85012
3.787
3.72471
3.66335
3.54451
3.48622
3.429
3.37299
3.31826
3.26479
3.05502
2.91624
2.78779
2.66887
2.5588
2.45693
2.27337
2.19013
2.11174
2.03762
1.96776
1.90143
1.77996
1.72333
1.66945
1.61834
1.56951
1.52223
1.43466
1.39425
1.35492
1.31666
1.27945
1.24391
1.17821
1.14737
1.1166
1.08697
1.05853
1.03096
0.978937
0.954096
0.930137
0.907063
0.884984
0.863984
0.823377
0.803459
0.783903
0.764709
0.745877
0.727408
0.691874
0.6746
0.657735
0.641281
0.624926
0.609015
