-2.19679
-2.36988
-2.5541
-2.7538
-2.97627
-3.22855
-3.51142
-3.81957
-4.14835
-4.49528
-4.86068
-5.24558
-5.65177
-6.08235
-6.54344
-7.04634
-7.61072
-8.2553
-8.9808
-9.773
-10.6198
-11.515
-12.4602
-13.4577
-14.5132
-15.6357
-16.8426
-18.1664
-19.6615
-21.3791
-23.3196
-25.4452
-27.7263
-30.1499
-32.7235
-35.4627
-38.3889
-41.5391
-44.9794
-48.8264
-53.2704
-58.4943
-64.5485
-71.3948
-79.0564
-87.6532
-97.4245
-108.746
-122.169
-138.549
-159.251
-186.57
-223.134
-270.236
-322.987
-363.336
-361.014
-296.96
-170.497
-6.89977
156.435
282.804
347.226
349.7
311.18
261.189
216.652
181.997
155.577
135.103
118.709
105.238
93.831
83.982
75.3783
67.8481
61.3689
55.9013
51.2539
47.1911
43.5259
40.1593
37.0297
34.1036
31.3558
28.7755
26.3626
24.1398
22.1487
20.4129
18.8911
17.5198
16.2535
15.0667
13.9469
12.8866
11.8814
10.9298
10.0337
9.20333
8.45533
7.79742
7.21471
6.68424
6.19052
5.72484
5.28225
4.86076
4.45861
4.07554
3.71322
3.3772
2.88167
2.29047
1.87687
1.56948
1.33288
1.14235
0.985146
0.857234
-2.1977
-2.36891
-2.37085
-2.55306
-2.55513
-2.75266
-2.75494
-2.97499
-2.97756
-3.22709
-3.23001
-3.5098
-3.51303
-3.81784
-3.82131
-4.14652
-4.15019
-4.49335
-4.49722
-4.85865
-4.86272
-5.24343
-5.24773
-5.6495
-5.65404
-6.07993
-6.08476
-6.54083
-6.54604
-7.04345
-7.04922
-7.60745
-7.61399
-8.25157
-8.25903
-8.97666
-8.98494
-9.76854
-9.77746
-10.615
-10.6245
-11.51
-11.52
-12.4549
-12.4654
-13.4521
-13.4632
-14.5073
-14.5191
-15.6294
-15.642
-16.8357
-16.8494
-18.1588
-18.174
-19.6528
-19.6702
-21.3691
-21.3891
-23.3085
-23.3307
-25.4332
-25.4572
-27.7135
-27.7391
-30.1363
-30.1635
-32.7091
-32.7379
-35.4473
-35.4781
-38.3725
-38.4054
-41.5213
-41.557
-44.9597
-44.9991
-48.8041
-48.8487
-53.2443
-53.2966
-58.4637
-58.5249
-64.5134
-64.5835
-71.3554
-71.4342
-79.0124
-79.1004
-87.6036
-87.7029
-97.3675
-97.4815
-108.679
-108.812
-122.089
-122.249
-138.45
-138.648
-159.123
-159.379
-186.398
-186.742
-222.907
-223.361
-269.959
-270.515
-322.711
-323.263
-363.199
-363.461
-361.175
-360.85
-297.494
-296.423
-171.316
-169.678
-7.81878
-5.98083
155.61
157.259
282.271
283.336
347.054
347.396
349.83
349.569
311.445
310.914
261.448
260.93
216.87
216.434
182.161
181.834
155.703
155.451
135.203
135.004
118.789
118.63
105.305
105.171
93.8884
93.7737
84.0319
83.9321
75.4221
75.3345
67.8862
67.81
61.4012
61.3367
55.9284
55.8742
51.2774
51.2304
47.212
47.1702
43.5449
43.5068
40.1768
40.1417
37.0461
37.0133
34.119
34.0881
31.3703
31.3414
28.7891
28.7619
26.3752
26.35
24.1512
24.1283
22.1588
22.1386
20.4217
20.4041
18.8989
18.8833
17.5269
17.5127
16.2602
16.2469
15.073
15.0605
13.9528
13.941
12.8922
12.881
11.8867
11.8761
10.9348
10.9248
10.0384
10.029
9.20763
9.19903
8.45915
8.45152
7.80077
7.79407
7.2177
7.21172
6.68702
6.68145
6.19313
6.18792
5.72732
5.72237
5.2846
5.27991
4.86299
4.85852
4.46075
4.45648
4.07757
4.07351
3.71512
3.71131
3.37892
3.37548
2.88556
2.87774
2.29312
2.28783
1.8788
1.87495
1.57095
1.56802
1.33403
1.33173
1.1433
1.14141
0.985918
0.984375
0.857861
-2.20434
-2.36191
-2.37787
-2.54555
-2.56268
-2.74441
-2.76323
-2.96566
-2.9869
-3.21654
-3.24063
-3.49814
-3.52475
-3.80529
-3.8339
-4.13322
-4.16352
-4.47937
-4.51126
-4.84391
-4.87749
-5.22789
-5.26332
-5.63306
-5.67052
-6.06246
-6.10231
-6.52198
-6.56498
-7.02262
-7.07017
-7.58382
-7.63778
-8.22459
-8.28616
-8.94669
-9.01502
-9.73625
-9.80985
-10.5808
-10.6588
-11.4738
-11.5563
-12.4167
-12.5037
-13.4117
-13.5037
-14.4645
-14.562
-15.5837
-15.6878
-16.7862
-16.8991
-18.1038
-18.2293
-19.5899
-19.7335
-21.2969
-21.4617
-23.2282
-23.4114
-25.3464
-25.5443
-27.621
-27.8319
-30.0381
-30.2621
-32.6049
-32.8426
-35.3361
-35.5898
-38.2534
-38.5248
-41.3922
-41.6867
-44.8174
-45.1421
-48.6428
-49.0113
-53.0555
-53.487
-58.2426
-58.7471
-64.2602
-64.8384
-71.0707
-71.7205
-78.6944
-79.4201
-87.2445
-88.064
-96.956
-97.8966
-108.2
-109.295
-121.517
-122.833
-137.737
-139.371
-158.2
-160.318
-185.161
-187.994
-221.268
-225.014
-267.968
-272.632
-320.709
-325.262
-362.178
-364.322
-362.29
-359.605
-301.324
-292.489
-177.17
-163.695
-14.484
0.66258
149.695
163.192
278.341
287.127
345.749
348.57
350.724
348.593
313.35
308.971
263.333
259.054
218.46
214.863
183.357
180.654
156.624
154.542
135.927
134.289
119.374
118.056
105.791
104.688
94.3059
93.3593
84.3952
83.5718
75.7407
75.0178
68.1633
67.5349
61.6361
61.1039
56.1256
55.6781
51.4482
51.0608
47.3639
47.0191
43.6835
43.3689
40.3044
40.0149
37.1654
36.8943
34.2309
33.9764
31.4754
31.2366
28.8876
28.6636
26.467
26.2586
24.2348
24.0452
22.2326
22.0655
20.4857
20.3406
18.9555
18.8269
17.5787
17.4611
16.3084
16.1988
15.1184
15.0152
13.9957
13.8983
12.933
12.8404
11.9253
11.8376
10.9713
10.8884
10.0725
9.99508
9.2389
9.16787
8.48692
8.42395
7.82514
7.76988
7.23951
7.19006
6.70714
6.66134
6.21203
6.16905
5.74529
5.70445
5.30164
5.26291
4.87923
4.84233
4.47624
4.44102
4.0923
4.05882
3.72897
3.69751
3.39145
3.3631
2.91399
2.84959
2.3125
2.26878
1.89283
1.86112
1.58165
1.55745
1.34241
1.32343
1.1502
1.13457
0.991541
0.978807
0.862418
-2.22216
-2.24594
-2.26996
-2.29418
-2.31864
-2.34322
-2.39669
-2.42197
-2.44753
-2.47323
-2.49928
-2.52554
-2.58296
-2.6102
-2.63775
-2.66574
-2.694
-2.72257
-2.78554
-2.81571
-2.84633
-2.87736
-2.90892
-2.94112
-3.01208
-3.04606
-3.08068
-3.11604
-3.15194
-3.18855
-3.26925
-3.3076
-3.34668
-3.3863
-3.42655
-3.46718
-3.55622
-3.59847
-3.64127
-3.68432
-3.72787
-3.77187
-3.86764
-3.91291
-3.95857
-4.00454
-4.05098
-4.09775
-4.19924
-4.24717
-4.29528
-4.3438
-4.39271
-4.44214
-4.5489
-4.59938
-4.65024
-4.70144
-4.7528
-4.80467
-4.91718
-4.97018
-5.02364
-5.07749
-5.13177
-5.18656
-5.3051
-5.36103
-5.41757
-5.47427
-5.53153
-5.58925
-5.71467
-5.77383
-5.83354
-5.89384
-5.95472
-6.01591
-6.14942
-6.21276
-6.27636
-6.34077
-6.4059
-6.47182
-6.61587
-6.68427
-6.75351
-6.82395
-6.89512
-6.96743
-7.12671
-7.20283
-7.28022
-7.35899
-7.43915
-7.52111
-7.70198
-7.78876
-7.87705
-7.96745
-8.05939
-8.15301
-8.35906
-8.45781
-8.55802
-8.65961
-8.76267
-8.86701
-9.09578
-9.20445
-9.31418
-9.425
-9.53706
-9.65026
-9.89672
-10.0134
-10.1311
-10.2497
-10.3691
-10.4896
-10.751
-10.8745
-10.9987
-11.124
-11.2504
-11.3776
-11.6536
-11.7841
-11.9155
-12.0477
-12.1808
-12.3151
-12.6062
-12.7437
-12.8821
-13.0217
-13.1624
-13.3042
-13.6121
-13.7577
-13.904
-14.0516
-14.2004
-14.3505
-14.6769
-14.831
-14.9866
-15.1437
-15.3022
-15.4622
-15.8108
-15.9758
-16.1425
-16.311
-16.4817
-16.6545
-17.0324
-17.2125
-17.3951
-17.5794
-17.7673
-17.9583
-18.3781
-18.5794
-18.7839
-18.9925
-19.206
-19.4231
-19.9036
-20.1346
-20.3704
-20.6112
-20.8559
-21.1056
-21.6564
-21.92
-22.1878
-22.4603
-22.7353
-23.0149
-23.6277
-23.9189
-24.2132
-24.5106
-24.8114
-25.116
-25.7785
-26.0915
-26.4077
-26.7266
-27.0492
-27.3748
-28.081
-28.4146
-28.7505
-29.0897
-29.4322
-29.7771
-30.5269
-30.8817
-31.239
-31.5988
-31.9618
-32.3276
-33.1239
-33.5006
-33.8802
-34.2633
-34.65
-35.0402
-35.889
-36.2909
-36.6966
-37.1057
-37.5192
-37.9367
-38.8459
-39.2767
-39.7129
-40.1536
-40.5991
-41.0497
-42.0354
-42.5033
-42.9772
-43.4578
-43.9453
-44.4406
-45.5275
-46.046
-46.5739
-47.1118
-47.6592
-48.2157
-49.4514
-50.0456
-50.6523
-51.2726
-51.9065
-52.5569
-54.0011
-54.6963
-55.4119
-56.1448
-56.8934
-57.6574
-59.3511
-60.1682
-60.9995
-61.846
-62.7081
-63.5894
-65.5258
-66.4531
-67.3961
-68.3545
-69.3276
-70.3163
-72.4923
-73.5304
-74.5852
-75.6562
-76.7418
-77.8496
-80.2814
-81.4447
-82.626
-83.826
-85.0496
-86.2915
-89.0363
-90.3524
-91.6899
-93.0563
-94.4514
-95.8683
-99.0189
-100.534
-102.072
-103.653
-105.276
-106.931
-110.604
-112.394
-114.224
-116.101
-118.033
-120.008
-124.414
-126.573
-128.789
-131.07
-133.43
-135.861
-141.333
-144.03
-146.829
-149.724
-152.722
-155.799
-162.87
-166.361
-170.032
-173.836
-177.771
-181.919
-191.387
-196.032
-200.917
-206.042
-211.422
-216.984
-229.546
-235.839
-242.227
-248.84
-255.699
-262.646
-278.301
-285.736
-293.075
-300.505
-307.864
-315.216
-330.445
-337.209
-343.572
-349.43
-354.686
-359.205
-366.337
-368.314
-369.353
-369.185
-367.54
-364.928
-355.774
-349.43
-341.867
-332.835
-322.449
-310.979
-281.41
-265.637
-248.967
-231.203
-212.3
-192.487
-147.355
-125.166
-102.53
-79.4358
-56.0716
-32.3963
18.539
42.1757
65.5117
88.5435
111.25
133.436
178.681
198.458
217.202
234.998
251.802
267.433
296.722
308.358
318.74
327.814
335.428
341.754
351.144
353.656
355.041
355.265
354.432
352.662
345.747
341.402
336.283
330.692
324.561
318.234
303.657
296.697
289.692
282.623
275.547
268.563
254.065
247.441
240.944
234.69
228.637
222.775
210.787
205.601
200.604
195.787
191.116
186.618
177.558
173.571
169.76
166.086
162.551
159.138
152.165
149.142
146.163
143.341
140.578
137.894
132.408
129.988
127.627
125.339
123.117
120.961
116.532
114.545
112.627
110.748
108.909
107.115
103.409
101.745
100.111
98.5191
96.9613
95.4335
92.2633
90.8319
89.4287
88.0562
86.7045
85.3792
82.6179
81.3709
80.1437
78.9421
77.7614
76.5995
74.1792
73.0832
72.0083
70.9549
69.9215
68.91
66.8063
65.8552
64.9279
64.0238
63.14
62.2734
60.4871
59.6805
58.8963
58.1354
57.3894
56.6607
55.1592
54.4815
53.8179
53.1684
52.5328
51.9092
50.6137
50.0277
49.4507
48.8819
48.3229
47.7725
46.6183
46.0925
45.5737
45.0612
44.556
44.0559
43.0027
42.522
42.0457
41.5752
41.1092
40.6478
39.6766
39.231
38.7874
38.3491
37.9159
37.4862
36.5779
36.1608
35.7483
35.3389
34.9333
34.5312
33.6803
33.2892
32.9009
32.5162
32.1353
31.7575
30.9579
30.5903
30.2264
29.8657
29.5073
29.1525
28.4022
28.0577
27.7166
27.3788
27.0448
26.7139
26.0157
25.6959
25.3806
25.0697
24.7625
24.4601
23.8249
23.5352
23.2516
22.9732
22.7001
22.4317
21.872
21.6195
21.3727
21.1292
20.8915
20.6585
20.1723
19.9521
19.7355
19.523
19.3138
19.1081
18.6769
18.4804
18.2859
18.0942
17.9049
17.7178
17.3238
17.1431
16.9641
16.7873
16.6116
16.4377
16.0705
15.9016
15.7344
15.5684
15.4034
15.2401
14.8949
14.7353
14.5772
14.4206
14.2651
14.111
13.7841
13.6333
13.4838
13.3353
13.1884
13.0421
12.7322
12.5893
12.4475
12.3067
12.1671
12.0287
11.7351
11.5999
11.4656
11.3324
11.2003
11.0692
10.7914
10.6635
10.5369
10.4115
10.2873
10.1642
9.90477
9.78529
9.66758
9.55131
9.43638
9.32305
9.08518
8.97695
8.87054
8.76584
8.66309
8.56191
8.3509
8.25558
8.16182
8.06978
7.97938
7.89073
7.70575
7.62184
7.53894
7.45742
7.37718
7.29818
7.13224
7.05622
6.98111
6.90712
6.83376
6.76117
6.60804
6.53793
6.46839
6.39908
6.33054
6.26264
6.11878
6.05263
5.98724
5.92211
5.85759
5.79339
5.65684
5.59423
5.53173
5.46983
5.40834
5.34727
5.21758
5.15786
5.09849
5.03966
4.98094
4.92276
4.79931
4.74229
4.6856
4.62926
4.57331
4.51784
4.39986
4.34556
4.2917
4.238
4.18469
4.13179
4.01978
3.96809
3.91688
3.86615
3.81603
3.76612
3.66083
3.61269
3.56494
3.51782
3.47133
3.42531
3.33013
3.2868
3.24532
3.20483
3.10176
2.99218
2.77736
2.68592
2.5987
2.51664
2.43892
2.36563
2.2191
2.156
2.09602
2.03846
1.98371
1.93106
1.82498
1.77858
1.73428
1.69161
1.65063
1.61079
1.52972
1.49416
1.45989
1.42691
1.39563
1.36507
1.30155
1.27324
1.24577
1.21918
1.19343
1.16878
1.11662
1.09349
1.07085
1.04886
1.02747
1.00679
0.964118
0.945092
0.926604
0.908688
0.891241
0.874664
