-2.09275
-2.45375
-2.8759
-3.39462
-4.02045
-4.7372
-5.54481
-6.46751
-7.57049
-8.9459
-10.5993
-12.4914
-14.6356
-17.1178
-20.1462
-23.958
-28.53
-33.8002
-39.8925
-47.1996
-56.5777
-68.96
-84.8474
-105.546
-134.495
-179.024
-247.446
-308.666
-242.701
-6.89661
229.143
296.51
239.005
173.914
130.65
101.902
81.2591
65.7422
54.2244
45.5237
38.4563
32.4268
27.2086
22.8146
19.3096
16.4746
14.0495
11.9131
10.034
8.44535
7.16297
6.09718
5.16473
4.33198
3.59946
2.58454
1.71076
1.21436
0.896014
0.672734
-2.09364
-2.45273
-2.45477
-2.87468
-2.87713
-3.3931
-3.39613
-4.01868
-4.02223
-4.7352
-4.73921
-5.54254
-5.54708
-6.46488
-6.47014
-7.56725
-7.57373
-8.94187
-8.94992
-10.5947
-10.604
-12.4861
-12.4967
-14.6295
-14.6416
-17.1107
-17.125
-20.1372
-20.1552
-23.9469
-23.9691
-28.517
-28.543
-33.7853
-33.8151
-39.8751
-39.9099
-47.1781
-47.2211
-56.5493
-56.6062
-68.9229
-68.997
-84.8001
-84.8947
-105.483
-105.609
-134.402
-134.587
-178.877
-179.17
-247.242
-247.649
-308.608
-308.723
-243.128
-242.273
-7.61886
-6.1741
228.706
229.579
296.559
296.46
239.195
238.814
174.055
173.772
130.741
130.558
101.966
101.839
81.306
81.2122
65.7776
65.7069
54.2505
54.1984
45.5442
45.5033
38.4734
38.4392
32.4416
32.4121
27.2213
27.1959
22.825
22.8042
19.3178
19.3014
16.4815
16.4678
14.0555
14.0435
11.9184
11.9079
10.0386
10.0294
8.44912
8.44158
7.16602
7.15992
6.09979
6.09457
5.16706
5.16241
4.33406
4.32991
3.60123
3.5977
2.58771
2.58137
1.71244
1.70908
1.21538
1.21335
0.896699
0.895331
0.673262
-2.1026
-2.44256
-2.46498
-2.86245
-2.88943
-3.37801
-3.41134
-4.00096
-4.04002
-4.71518
-4.7593
-5.51988
-5.56979
-6.43865
-6.49654
-7.535
-7.60623
-8.90181
-8.99019
-10.5479
-10.651
-12.4331
-12.5499
-14.5693
-14.7022
-17.0395
-17.1966
-20.0479
-20.2452
-23.8359
-24.0807
-28.3876
-28.673
-33.6367
-33.9641
-39.7015
-40.0845
-46.9638
-47.4371
-56.2661
-56.8922
-68.5536
-69.3691
-84.329
-85.3697
-104.854
-106.246
-133.483
-135.521
-177.422
-180.649
-245.209
-249.689
-307.98
-309.243
-247.4
-237.788
-14.7974
1.06531
224.252
233.857
297.004
295.908
241.092
236.877
175.482
172.367
131.662
129.651
102.602
101.21
81.7773
80.7452
66.1328
65.3553
54.5121
53.939
45.7492
45.2999
38.6459
38.2686
32.5899
32.2644
27.3488
27.0689
22.9293
22.7006
19.4002
19.2195
16.5502
16.3993
14.1155
13.9836
11.9715
11.855
10.0848
9.98352
8.48692
8.40405
7.19659
7.12952
6.12598
6.06849
5.19036
5.13924
4.35483
4.3092
3.61895
3.58009
2.6198
2.55
1.72943
1.69238
1.2256
1.20331
0.903588
0.888594
0.678564
-2.13639
-2.18807
-2.24068
-2.29429
-2.34896
-2.40483
-2.50362
-2.56299
-2.62398
-2.68656
-2.75089
-2.81729
-2.93613
-3.00836
-3.083
-3.16018
-3.23988
-3.32209
-3.469
-3.55779
-3.64889
-3.74211
-3.83766
-3.93516
-4.1072
-4.21006
-4.31493
-4.42157
-4.53019
-4.64075
-4.83514
-4.95101
-5.06902
-5.18897
-5.31129
-5.43585
-5.65551
-5.78681
-5.92094
-6.05787
-6.19793
-6.34153
-6.59662
-6.75068
-6.9093
-7.07268
-7.24187
-7.41605
-7.72995
-7.92129
-8.11945
-8.32413
-8.5355
-8.75359
-9.14278
-9.37762
-9.6187
-9.8651
-10.1171
-10.3744
-10.8282
-11.0995
-11.376
-11.6575
-11.9442
-12.2363
-12.7505
-13.0572
-13.3699
-13.6887
-14.0134
-14.3455
-14.9311
-15.2824
-15.6421
-16.0104
-16.3879
-16.7758
-17.4683
-17.8885
-18.3226
-18.7716
-19.2363
-19.7186
-20.5872
-21.1178
-21.6678
-22.2354
-22.8213
-23.4254
-24.5024
-25.1521
-25.8185
-26.499
-27.1948
-27.9066
-29.1641
-29.9171
-30.6849
-31.4687
-32.2684
-33.0851
-34.5278
-35.3925
-36.2768
-37.1816
-38.1084
-39.0576
-40.746
-41.7658
-42.8162
-43.8975
-45.0161
-46.1721
-48.2591
-49.5408
-50.8734
-52.2603
-53.7121
-55.2254
-57.9816
-59.6804
-61.4489
-63.2907
-65.2036
-67.1913
-70.7832
-72.9788
-75.2525
-77.6103
-80.0548
-82.5919
-87.1782
-89.9985
-92.9344
-95.9934
-99.1963
-102.545
-108.688
-112.512
-116.545
-120.811
-125.327
-130.125
-139.119
-144.816
-150.931
-157.503
-164.535
-172.098
-186.366
-195.517
-205.253
-215.555
-226.321
-237.58
-257.378
-268.774
-279.818
-289.832
-298.29
-305.064
-310.297
-308.943
-303.47
-294.272
-280.525
-262.193
-219.947
-190.068
-156.933
-120.659
-82.229
-41.8099
28.2753
68.2702
107.053
143.406
176.998
206.559
248.66
267.067
281.063
290.842
296.326
297.878
293.425
286.997
279.044
269.365
259.167
248.376
229.65
219.08
208.813
198.964
189.675
180.957
167.257
159.95
153.123
146.737
140.781
135.186
126.337
121.585
117.115
112.861
108.846
105.038
98.9045
95.5635
92.3629
89.307
86.3829
83.5759
79.0225
76.5192
74.1179
71.8114
69.6005
67.4859
64.0664
62.1947
60.4078
58.7003
57.0696
55.5091
52.9836
51.5934
50.2573
48.9701
47.728
46.5268
44.5463
43.4399
42.3621
41.3142
40.2919
39.2947
37.6353
36.699
35.7824
34.8863
34.0092
33.1501
31.7161
30.9047
30.1106
29.3336
28.5743
27.8321
26.5982
25.9044
25.2299
24.5755
23.94
23.3253
22.3184
21.7591
21.2202
20.7004
20.1979
19.7134
18.9164
18.4714
18.0396
17.6196
17.2098
16.8103
16.1454
15.7697
15.402
15.0418
14.6884
14.342
13.7613
13.4314
13.1083
12.7905
12.4784
12.172
11.6586
11.3671
11.0815
10.8016
10.5274
10.2594
9.81348
9.5627
9.31931
9.08241
8.8528
8.63054
8.26541
8.06221
7.86584
7.67563
7.4912
7.31255
7.01699
6.8511
6.68917
6.53095
6.37637
6.2248
5.97168
5.82795
5.68689
5.54831
5.412
5.27809
5.05309
4.92491
4.79894
4.67503
4.55302
4.43322
4.23229
4.11816
4.00636
3.8971
3.79026
3.68629
3.51502
3.41988
3.32815
3.1958
2.9578
2.74648
2.43761
2.28257
2.14277
2.01598
1.90018
1.7951
1.63216
1.54816
1.46983
1.39729
1.32883
1.2652
1.16705
1.11397
1.06398
1.01683
0.972183
0.930107
0.864503
0.829102
0.794729
0.761456
0.729369
0.698453
