-2.4003
-2.74736
-3.16827
-3.69048
-4.28518
-4.93924
-5.65781
-6.45625
-7.3838
-8.5546
-9.97231
-11.5617
-13.3119
-15.2481
-17.4355
-20.0845
-23.4766
-27.4638
-31.9206
-36.894
-42.5219
-49.1827
-57.8587
-69.201
-83.0729
-100.243
-122.72
-154.824
-206.642
-289.776
-358.166
-269.773
-6.89306
255.934
343.898
278.645
200.896
151.176
119.275
96.6703
79.3708
65.6624
55.31
47.5547
41.1379
35.5373
30.5472
26.0924
22.274
19.2795
16.8353
14.6838
12.7409
10.9746
9.39038
8.06349
7.00903
6.10567
5.28892
4.54001
3.85198
3.22549
2.18933
1.56327
1.17205
-2.40128
-2.74623
-2.74849
-3.16684
-3.1697
-3.68879
-3.69217
-4.28331
-4.28706
-4.93718
-4.9413
-5.65554
-5.66008
-6.4537
-6.4588
-7.38067
-7.38693
-8.55065
-8.55856
-9.96777
-9.97686
-11.5566
-11.5667
-13.3063
-13.3174
-15.242
-15.2543
-17.4284
-17.4427
-20.0755
-20.0935
-23.4654
-23.4878
-27.4511
-27.4765
-31.9065
-31.9347
-36.8781
-36.9098
-42.5037
-42.54
-49.1602
-49.2051
-57.8286
-57.8889
-69.1631
-69.2388
-83.027
-83.1189
-100.185
-100.301
-122.641
-122.799
-154.703
-154.945
-206.441
-206.843
-289.492
-290.06
-358.135
-358.195
-270.341
-269.203
-7.79113
-5.99499
255.355
256.511
343.924
343.87
278.916
278.374
201.085
200.707
151.293
151.06
119.354
119.196
96.729
96.6115
79.417
79.3247
65.6987
65.6262
55.3365
55.2835
47.5756
47.5338
41.1558
41.1199
35.5531
35.5215
30.5614
30.533
26.105
26.0798
22.2842
22.2637
19.2874
19.2715
16.8421
16.8284
14.6899
14.6777
12.7465
12.7354
10.9796
10.9695
9.39481
9.38594
8.06703
8.05996
7.01194
7.00614
6.10826
6.10309
5.29127
5.28657
4.54216
4.53785
3.85396
3.85
3.22728
3.22371
2.19179
2.18688
1.56473
1.56181
1.17301
-2.41057
-2.73549
-2.75926
-3.15339
-3.18326
-3.6727
-3.70827
-4.2655
-4.30494
-4.91766
-4.96088
-5.63402
-5.68171
-6.42953
-6.48309
-7.35128
-7.41667
-8.51335
-8.59622
-9.92473
-10.0201
-11.5091
-11.6144
-13.254
-13.3699
-15.1837
-15.3128
-17.3608
-17.5104
-19.9903
-20.1798
-23.3593
-23.5945
-27.3305
-27.5975
-31.7726
-32.0693
-36.728
-37.0606
-42.3312
-42.7132
-48.9487
-49.4191
-57.5437
-58.1764
-68.8049
-69.5994
-82.5924
-83.5582
-99.6349
-100.855
-121.896
-123.553
-153.586
-156.102
-204.543
-208.771
-286.796
-292.765
-357.761
-358.416
-275.612
-263.665
-16.323
2.53653
249.747
261.885
344.085
343.46
281.494
275.813
202.908
198.922
152.419
149.96
120.111
118.45
97.289
96.0563
79.8567
78.886
66.0448
65.2838
55.5894
55.0334
47.7746
47.3357
41.3264
40.9502
35.7037
35.3713
30.6964
30.3983
26.2248
25.9605
22.3821
22.1666
19.3632
19.1959
16.9072
16.7637
14.7484
14.6194
12.7992
12.6827
11.0277
10.9216
9.43706
9.34398
8.10073
8.02652
7.03956
6.97871
6.13281
6.07856
5.31362
5.26429
4.5627
4.51745
3.87281
3.83121
3.24432
3.20683
2.21536
2.16384
1.57869
1.54808
1.18214
-2.4433
-2.49224
-2.54217
-2.59305
-2.64514
-2.6985
-2.79729
-2.85503
-2.91457
-2.97637
-3.04054
-3.10703
-3.2315
-3.30455
-3.37978
-3.45704
-3.53616
-3.61685
-3.76507
-3.85002
-3.93642
-4.02415
-4.11316
-4.20351
-4.36789
-4.46168
-4.55672
-4.65298
-4.75072
-4.84984
-5.02985
-5.13277
-5.23707
-5.34288
-5.45024
-5.5592
-5.75779
-5.87139
-5.98689
-6.10431
-6.22373
-6.34552
-6.56888
-6.6979
-6.83019
-6.96604
-7.10626
-7.25052
-7.52187
-7.6817
-7.84755
-8.0202
-8.19909
-8.38433
-8.72916
-8.92986
-9.13477
-9.34441
-9.55777
-9.7751
-10.1725
-10.3996
-10.6308
-10.8651
-11.1026
-11.3437
-11.7823
-12.0332
-12.2871
-12.5449
-12.8063
-13.0717
-13.5552
-13.8317
-14.1123
-14.3974
-14.687
-14.9813
-15.5193
-15.8279
-16.1427
-16.4641
-16.7917
-17.1278
-17.7494
-18.1116
-18.4864
-18.8745
-19.2785
-19.6974
-20.4879
-20.9554
-21.4399
-21.9417
-22.4592
-22.991
-23.972
-24.5388
-25.116
-25.7041
-26.3029
-26.9115
-28.0238
-28.6602
-29.3068
-29.9634
-30.6294
-31.3074
-32.5445
-33.2514
-33.9718
-34.7049
-35.4497
-36.2067
-37.5921
-38.3879
-39.1993
-40.0269
-40.8717
-41.7344
-43.3265
-44.248
-45.1939
-46.1691
-47.1749
-48.22
-50.1798
-51.3472
-52.564
-53.8361
-55.1696
-56.5631
-59.2056
-60.7674
-62.3852
-64.0629
-65.7868
-67.5685
-70.876
-72.805
-74.7872
-76.8263
-78.9286
-81.0896
-85.1147
-87.4698
-89.9059
-92.4314
-95.0357
-97.7417
-102.837
-105.85
-109
-112.291
-115.729
-119.332
-126.262
-130.421
-134.837
-139.511
-144.48
-149.793
-160.209
-166.65
-173.616
-181.154
-189.29
-198.15
-215.774
-226.759
-238.471
-250.908
-263.894
-277.492
-302.034
-315.653
-328.212
-339.434
-348.665
-355.185
-358.194
-354.233
-345.987
-333.067
-315.367
-293.18
-242.753
-208.939
-171.647
-131.559
-89.5161
-46.1164
32.3055
75.7401
117.745
157.636
195.1
228.862
279.548
301.565
318.934
331.819
339.956
343.571
340.849
334.666
325.861
315.027
303.064
290.523
266.996
254.31
242.063
230.482
219.618
209.451
192.89
184.533
176.741
169.517
162.761
156.482
146.215
140.968
136.044
131.38
126.985
122.821
115.89
112.269
108.804
105.489
102.322
99.2781
94.1398
91.4211
88.783
86.2412
83.7916
81.4197
77.3768
75.2144
73.1278
71.1088
69.1553
67.278
64.113
62.4404
60.8425
59.3224
57.8736
56.4912
54.1758
52.9532
51.7781
50.6431
49.5453
48.4799
46.6505
45.6621
44.6989
43.7571
42.8339
41.9291
40.3609
39.5042
38.6634
37.8404
37.0301
36.2347
34.8477
34.0888
33.3418
32.6078
31.8843
31.1732
29.9308
29.2517
28.5821
27.9259
27.2805
26.6468
25.5481
24.9506
24.3694
23.8052
23.2587
22.7298
21.8328
21.359
20.9023
20.4635
20.0407
19.6327
18.9339
18.5581
18.1907
17.8318
17.4809
17.1369
16.5388
16.2116
15.8895
15.5728
15.2612
14.9537
14.4168
14.1215
13.8312
13.5453
13.2635
12.9857
12.4983
12.2313
11.9667
11.7064
11.4499
11.1972
10.7551
10.513
10.2747
10.0407
9.81173
9.58652
9.19873
8.98967
8.78755
8.5915
8.40216
8.22061
7.9113
7.74691
7.58797
7.43381
7.28395
7.13704
6.88396
6.74674
6.61126
6.47829
6.3477
6.21912
5.99359
5.87016
5.74817
5.62788
5.50922
5.39216
5.18677
5.07386
4.96213
4.85152
4.74263
4.63514
4.44622
4.34212
4.23946
4.13804
4.03786
3.93908
3.76595
3.67093
3.57728
3.48507
3.39419
3.30472
3.12859
2.93323
2.75331
2.58829
2.43804
2.30132
2.08648
1.98071
1.88228
1.79098
1.70707
1.62876
1.50146
1.43687
1.37695
1.31992
1.26593
1.21498
