-2.36601
-2.68887
-3.07107
-3.54057
-4.08253
-4.67978
-5.33195
-6.04863
-6.85457
-7.81821
-9.01398
-10.4035
-11.9406
-13.6255
-15.485
-17.5877
-20.1224
-23.2974
-27.0164
-31.1679
-35.7709
-40.9377
-46.9254
-54.387
-64.1299
-76.2072
-90.9033
-109.411
-134.308
-171.03
-230.611
-316.821
-369.07
-265.237
-6.89977
251.408
354.939
305.205
223.76
167.056
130.858
105.909
87.2608
72.5536
60.9838
52.2558
45.3963
39.5659
34.4127
29.7941
25.6639
22.1285
19.3029
16.972
14.9175
13.0556
11.3577
9.81942
8.48596
7.40398
6.49839
5.69029
4.95075
4.26897
3.64515
2.95295
2.02311
1.48787
1.13857
0.889015
-2.36698
-2.68777
-2.68998
-3.06972
-3.07242
-3.53895
-3.5422
-4.0807
-4.08435
-4.6778
-4.68176
-5.32978
-5.33413
-6.04623
-6.05103
-6.8518
-6.85734
-7.8148
-7.82161
-9.00983
-9.01814
-10.3988
-10.4081
-11.9355
-11.9457
-13.6199
-13.6311
-15.4787
-15.4912
-17.5805
-17.595
-20.1133
-20.1314
-23.2863
-23.3085
-27.0038
-27.029
-31.154
-31.1817
-35.7555
-35.7863
-40.9202
-40.9553
-46.9045
-46.9463
-54.3601
-54.4141
-64.0952
-64.1646
-76.1651
-76.2493
-90.8518
-90.9549
-109.345
-109.478
-134.214
-134.402
-170.884
-171.176
-230.367
-230.856
-316.536
-317.106
-369.11
-369.028
-265.876
-264.596
-7.81878
-5.98083
250.775
252.038
354.902
354.974
305.481
304.929
223.986
223.534
167.198
166.915
130.952
130.765
105.977
105.842
87.3135
87.2082
72.5953
72.5118
61.0159
60.9518
52.2801
52.2316
45.4163
45.3764
39.5832
39.5485
34.4282
34.3972
29.808
29.7801
25.6762
25.6515
22.1386
22.1184
19.3109
19.2949
16.9789
16.9651
14.9237
14.9113
13.0613
13.05
11.3629
11.3525
9.82404
9.8148
8.48981
8.48212
7.40709
7.40087
6.5011
6.49569
5.69275
5.68784
4.95301
4.94848
4.27106
4.26689
3.64702
3.64327
2.957
2.94892
2.02525
2.02097
1.48922
1.48653
1.13952
1.13763
0.889678
-2.37593
-2.67761
-2.7002
-3.05728
-3.08496
-3.52394
-3.55728
-4.06385
-4.10121
-4.65946
-4.70015
-5.30975
-5.35426
-6.02405
-6.0733
-6.82629
-6.883
-7.78333
-7.85327
-8.97148
-9.05668
-10.3558
-10.4514
-11.8882
-11.9931
-13.5681
-13.6833
-15.421
-15.5492
-17.5138
-17.6622
-20.0299
-20.2156
-23.184
-23.4114
-26.8876
-27.1457
-31.0255
-31.3103
-35.6129
-35.9297
-40.7582
-41.118
-46.7113
-47.1408
-54.1115
-54.6656
-63.7755
-64.4871
-75.7767
-76.6407
-90.3718
-91.435
-108.729
-110.103
-133.348
-135.277
-169.545
-172.545
-228.146
-233.136
-313.894
-319.737
-369.374
-368.507
-271.691
-258.711
-16.3234
2.48752
244.842
257.789
354.476
355.205
308.022
302.388
226.076
221.459
168.518
165.612
131.824
129.907
106.609
105.221
87.8
86.7241
72.9831
72.1274
61.3125
60.6571
52.5052
52.0083
45.6013
45.1925
39.744
39.3885
34.5721
34.254
29.9372
29.6512
25.7904
25.5379
22.2326
22.0254
19.3856
19.2207
17.0431
16.9012
14.981
14.8538
13.1137
12.9977
11.4107
11.3049
9.86688
9.77218
8.52554
8.44676
7.43594
7.37224
6.52614
6.47069
5.71557
5.66516
4.97392
4.92759
4.29035
4.24766
3.6644
3.62594
2.99487
2.91201
2.04534
2.00132
1.5018
1.47417
1.14829
1.12895
0.895854
-2.40667
-2.45221
-2.49862
-2.54586
-2.59403
-2.64324
-2.73543
-2.78821
-2.84255
-2.89839
-2.95592
-3.01547
-3.1284
-3.19365
-3.26082
-3.32984
-3.40068
-3.47323
-3.60913
-3.68608
-3.76433
-3.84399
-3.92484
-4.00696
-4.15901
-4.24438
-4.33075
-4.41845
-4.50709
-4.59711
-4.76324
-4.85641
-4.95075
-5.0465
-5.14342
-5.24172
-5.4234
-5.5255
-5.62898
-5.73403
-5.84053
-5.94892
-6.14991
-6.26343
-6.37887
-6.49686
-6.61718
-6.74026
-6.97152
-7.104
-7.2405
-7.3813
-7.52673
-7.67732
-7.96373
-8.12923
-8.30005
-8.47599
-8.65663
-8.84192
-9.18941
-9.38615
-9.58682
-9.79108
-9.99864
-10.2097
-10.5999
-10.8192
-11.0417
-11.2674
-11.4955
-11.7274
-12.1559
-12.3963
-12.64
-12.8873
-13.1378
-13.392
-13.8623
-14.1265
-14.3951
-14.6677
-14.9445
-15.2257
-15.7484
-16.0435
-16.3446
-16.6525
-16.9667
-17.2891
-17.8945
-18.2415
-18.5999
-18.9696
-19.3529
-19.7505
-20.5071
-20.945
-21.3986
-21.8653
-22.3457
-22.8388
-23.7653
-24.2914
-24.8273
-25.3739
-25.9297
-26.4954
-27.5451
-28.1358
-28.7353
-29.3443
-29.9621
-30.5898
-31.7523
-32.4061
-33.0705
-33.7459
-34.4319
-35.1291
-36.4232
-37.1536
-37.8974
-38.6537
-39.4244
-40.211
-41.6784
-42.5124
-43.3656
-44.241
-45.1396
-46.063
-47.8133
-48.8236
-49.8735
-50.9615
-52.0945
-53.276
-55.5436
-56.8714
-58.2489
-59.6799
-61.1625
-62.694
-65.6034
-67.2761
-68.9984
-70.7694
-72.5923
-74.465
-77.9977
-80.0246
-82.1119
-84.2587
-86.475
-88.7635
-93.1053
-95.6185
-98.2255
-100.931
-103.732
-106.661
-112.282
-115.585
-119.052
-122.655
-126.467
-130.474
-138.331
-143.017
-148.034
-153.362
-159.011
-165.099
-177.332
-184.843
-192.88
-201.485
-210.891
-220.921
-240.882
-252.839
-265.269
-278.423
-291.658
-304.94
-328.311
-340.35
-350.94
-359.474
-365.589
-368.982
-365.722
-358.945
-348.195
-333.147
-313.927
-290.278
-237.595
-203.735
-167.245
-128.067
-87.3325
-45.4864
31.5627
73.378
114.143
153.197
189.921
223.59
276.159
299.658
319.054
334.171
345.058
351.873
354.97
351.99
346.005
337.749
327.606
316.281
293.905
281.256
268.676
256.532
244.706
233.422
214.531
205.108
196.323
188.053
180.351
173.144
161.325
155.341
149.771
144.522
139.577
134.884
127.03
123.011
119.195
115.568
112.113
108.797
103.137
100.189
97.3619
94.6365
92.0111
89.4781
85.1025
82.8014
80.5768
78.4279
76.3434
74.3261
70.8368
69.0072
67.244
65.5408
63.9112
62.3455
59.6676
58.2818
56.9533
55.6838
54.462
53.2848
51.2589
50.1974
49.1658
48.1637
47.1885
46.2381
44.5723
43.6811
42.8089
41.9557
41.1182
40.2963
38.8447
38.0627
37.2941
36.5386
35.7962
35.0654
33.7692
33.0702
32.3815
31.704
31.0368
30.3801
29.2154
28.5875
27.9702
27.3636
26.7684
26.1837
25.155
24.606
24.0715
23.5503
23.0462
22.5584
21.713
21.2701
20.8433
20.43
20.0307
19.6439
18.9708
18.6136
18.2649
17.9239
17.5902
17.2636
16.6853
16.3741
16.0685
15.7674
15.4704
15.1784
14.659
14.3785
14.1017
13.8287
13.5592
13.2935
12.8206
12.5645
12.3118
12.0627
11.8169
11.5748
11.1434
10.9102
10.6806
10.4545
10.2322
10.014
9.62837
9.42199
9.22077
9.02445
8.83376
8.64905
8.32795
8.15911
7.99573
7.83762
7.68444
7.53559
7.27567
7.13743
7.00201
6.86963
6.73951
6.61201
6.386
6.26395
6.14388
6.0255
5.90896
5.79389
5.58828
5.47701
5.36727
5.25869
5.15162
5.04571
4.85673
4.75442
4.65317
4.55298
4.45413
4.35649
4.18232
4.08793
3.99498
3.90324
3.81311
3.72429
3.56743
3.48346
3.40153
3.32266
3.24697
3.13043
2.79127
2.62946
2.48276
2.34983
2.22805
2.11651
1.93628
1.8467
1.76365
1.68649
1.6143
1.546
1.43332
1.37745
1.32377
1.27253
1.22398
1.17843
1.10022
1.05989
1.02154
0.985108
0.950394
0.917439
