-2.11592
-2.30092
-2.49595
-2.70582
-2.94147
-3.21886
-3.53919
-3.88798
-4.25759
-4.64755
-5.05868
-5.49382
-5.95346
-6.44346
-6.97525
-7.58112
-8.303
-9.13432
-10.0367
-10.9937
-12.0051
-13.076
-14.2109
-15.4131
-16.7025
-18.1118
-19.7422
-21.7009
-23.9467
-26.3835
-28.9757
-31.7306
-34.6739
-37.8176
-41.1857
-44.8667
-48.9825
-53.8939
-59.9358
-66.9873
-74.8943
-83.7397
-93.7743
-105.384
-119.163
-136.07
-157.722
-187.229
-229.956
-289.149
-353.955
-384.171
-335.045
-198.485
-6.87877
183.456
320.859
369.443
338.561
277.049
223.007
183.244
154.447
132.837
115.83
101.901
90.1521
79.9974
71.0871
63.3732
57.0129
51.87
47.4712
43.507
39.8641
36.4742
33.3203
30.3586
27.5789
24.9843
22.6439
20.6534
18.9935
17.518
16.1489
14.8633
13.6507
12.5052
11.4203
10.3967
9.43664
8.56987
7.83381
7.20442
6.63485
6.10312
5.59936
5.12229
4.66763
4.23353
3.81985
3.42659
2.95431
2.29845
1.8473
1.52197
1.27554
1.08122
0.92192
0.793396
-2.11682
-2.29999
-2.30186
-2.49495
-2.49694
-2.70473
-2.70692
-2.94021
-2.94273
-3.2173
-3.22043
-3.53749
-3.54089
-3.8862
-3.88977
-4.25574
-4.25942
-4.64557
-4.64953
-5.05659
-5.06076
-5.49162
-5.49602
-5.95113
-5.95579
-6.44094
-6.44598
-6.97253
-6.97802
-7.57786
-7.58439
-8.29915
-8.30686
-9.13003
-9.13861
-10.0321
-10.0413
-10.9889
-10.9986
-12
-12.0102
-13.0706
-13.0814
-14.2051
-14.2167
-15.4069
-15.4192
-16.6959
-16.7092
-18.1044
-18.1192
-19.7334
-19.7511
-21.6904
-21.7114
-23.9351
-23.9583
-26.3711
-26.3959
-28.9625
-28.9889
-31.7167
-31.7446
-34.659
-34.6889
-37.8016
-37.8336
-41.1684
-41.2027
-44.8475
-44.886
-48.9605
-49.0045
-53.8668
-53.921
-59.9031
-59.9684
-66.9502
-67.0243
-74.8531
-74.9356
-83.6948
-83.7845
-93.7213
-93.8274
-105.322
-105.447
-119.088
-119.238
-135.977
-136.164
-157.596
-157.848
-187.071
-187.403
-229.688
-230.224
-288.807
-289.491
-353.693
-354.216
-384.217
-384.123
-335.498
-334.589
-199.34
-197.628
-7.82506
-5.89394
182.516
184.405
320.391
321.324
369.397
369.487
338.837
338.284
277.347
276.752
223.239
222.775
183.421
183.066
154.565
154.33
132.931
132.743
115.905
115.754
101.964
101.839
90.2058
90.0985
80.0443
79.9505
71.1283
71.0459
63.4089
63.3376
57.0409
56.985
51.8932
51.8469
47.4918
47.4507
43.5258
43.4882
39.8815
39.8467
36.4902
36.4583
33.3354
33.3052
30.3727
30.3445
27.5922
27.5657
24.9966
24.9721
22.6546
22.6332
20.6627
20.6441
19.0008
18.986
17.525
17.511
16.1555
16.1424
14.8695
14.8572
13.6566
13.6449
12.5107
12.4997
11.4254
11.4152
10.4017
10.3917
9.44117
9.43211
8.57386
8.56588
7.83714
7.83049
7.20735
7.20149
6.63755
6.63215
6.10561
6.10063
5.60178
5.59694
5.12459
5.11998
4.66982
4.66544
4.23561
4.23144
3.82183
3.81786
3.4285
3.42468
2.95801
2.9506
2.30111
2.29579
1.84918
1.84543
1.52337
1.52057
1.27662
1.27447
1.0821
1.08035
0.922624
0.921216
0.793989
-2.1236
-2.29298
-2.30889
-2.48751
-2.50443
-2.69657
-2.71513
-2.93077
-2.95215
-3.20558
-3.23171
-3.52478
-3.55352
-3.87286
-3.90313
-4.24175
-4.273
-4.63074
-4.66441
-5.04098
-5.07642
-5.47514
-5.51258
-5.93315
-5.97331
-6.42243
-6.46493
-6.95214
-6.99884
-7.55351
-7.60897
-8.27036
-8.33584
-9.0979
-9.17088
-9.99772
-10.0758
-10.9523
-11.0349
-11.962
-12.0488
-13.0299
-13.1232
-14.1619
-14.2601
-15.3611
-15.4652
-16.6461
-16.7592
-18.0491
-18.175
-19.6674
-19.818
-21.6117
-21.7904
-23.8483
-24.0455
-26.278
-26.4883
-28.8637
-29.0881
-31.6119
-31.8498
-34.5469
-34.8014
-37.676
-37.954
-41.0387
-41.3346
-44.7038
-45.0304
-48.796
-49.167
-53.6644
-54.1254
-59.6589
-60.2143
-66.6735
-67.3027
-74.5448
-75.2457
-83.3501
-84.1368
-93.3245
-94.2268
-104.858
-105.915
-118.53
-119.802
-135.28
-136.869
-156.666
-158.787
-185.863
-188.719
-227.712
-232.141
-286.386
-292.076
-351.695
-356.488
-384.494
-383.697
-338.807
-331.074
-205.995
-191.167
-15.0704
1.48484
176.014
191.483
316.813
324.747
368.987
369.754
340.874
336.173
279.58
274.523
224.989
221.05
184.628
181.745
155.454
153.422
133.639
132.041
116.473
115.192
102.438
101.369
90.6096
89.6973
80.397
79.6
71.4381
70.7395
63.6715
63.0767
57.2518
56.7764
52.0677
51.6737
47.6463
47.297
43.6673
43.3476
40.0029
39.7167
36.6123
36.3403
33.4488
33.1838
30.4787
30.2391
27.6919
27.4664
25.0886
24.8805
22.7352
22.5533
20.7365
20.5821
19.0599
18.9305
17.5775
17.4588
16.2046
16.0932
14.9157
14.8111
13.7004
13.6013
12.5507
12.4584
11.465
11.3772
10.439
10.3545
9.47523
9.3977
8.60392
8.53608
7.86219
7.80568
7.2294
7.17958
6.65783
6.61194
6.12415
6.08161
5.61993
5.57891
5.14189
5.10272
4.68629
4.64904
4.25129
4.2158
3.83675
3.80298
3.44281
3.41037
2.98568
2.92253
2.32125
2.27601
1.86334
1.83149
1.53391
1.51017
1.28474
1.26644
1.0887
1.07381
0.92793
0.915969
0.798447
-2.14266
-2.16838
-2.19431
-2.22036
-2.24662
-2.27334
-2.32876
-2.35591
-2.38296
-2.41073
-2.43855
-2.4667
-2.52566
-2.55459
-2.58385
-2.6135
-2.64359
-2.67382
-2.73825
-2.77005
-2.8028
-2.83621
-2.87012
-2.90453
-2.97896
-3.01674
-3.05505
-3.09382
-3.13425
-3.17557
-3.26341
-3.30732
-3.3521
-3.39754
-3.44357
-3.49039
-3.58877
-3.63712
-3.68605
-3.73572
-3.78511
-3.83556
-3.94077
-3.99226
-4.04397
-4.09651
-4.14902
-4.20243
-4.3132
-4.36745
-4.42156
-4.47757
-4.53313
-4.58925
-4.70591
-4.76303
-4.82062
-4.8793
-4.93785
-4.99707
-5.12064
-5.18196
-5.243
-5.30354
-5.36563
-5.4277
-5.55944
-5.62384
-5.68833
-5.75316
-5.81856
-5.88504
-6.02287
-6.09082
-6.16005
-6.22939
-6.29941
-6.37025
-6.5186
-6.59233
-6.66567
-6.74047
-6.81663
-6.89415
-7.05801
-7.14003
-7.22445
-7.30985
-7.3958
-7.48591
-7.67959
-7.77651
-7.87494
-7.97802
-8.08302
-8.18911
-8.41846
-8.53318
-8.64913
-8.76669
-8.88643
-9.00727
-9.26219
-9.38757
-9.5147
-9.6414
-9.77104
-9.90123
-10.1733
-10.3061
-10.4409
-10.5758
-10.7134
-10.8507
-11.1379
-11.2771
-11.4213
-11.5647
-11.7095
-11.8549
-12.1574
-12.306
-12.4572
-12.6086
-12.7616
-12.9159
-13.2394
-13.3972
-13.5535
-13.7144
-13.8753
-14.041
-14.3834
-14.5505
-14.7185
-14.8883
-15.061
-15.2329
-15.5953
-15.7755
-15.9556
-16.1381
-16.3226
-16.507
-16.9009
-17.0929
-17.2878
-17.4866
-17.6897
-17.8954
-18.3339
-18.5555
-18.7795
-19.0059
-19.2436
-19.4862
-20.0085
-20.2703
-20.5415
-20.8204
-21.1009
-21.3941
-22.0148
-22.3233
-22.6361
-22.9557
-23.277
-23.6055
-24.2925
-24.6321
-24.9698
-25.3176
-25.666
-26.0174
-26.7509
-27.1127
-27.4745
-27.8451
-28.2151
-28.5877
-29.3629
-29.7525
-30.139
-30.5303
-30.9238
-31.3186
-32.1469
-32.5578
-32.9691
-33.3852
-33.8064
-34.2289
-35.1193
-35.5542
-35.9943
-36.4335
-36.8843
-37.3378
-38.2947
-38.7608
-39.2308
-39.7104
-40.189
-40.6764
-41.7057
-42.2115
-42.7242
-43.2447
-43.767
-44.3033
-45.4323
-45.9883
-46.5585
-47.1412
-47.7347
-48.3398
-49.6471
-50.301
-50.9653
-51.6612
-52.3764
-53.1041
-54.704
-55.5144
-56.3495
-57.1945
-58.0813
-58.9788
-60.9104
-61.8695
-62.8521
-63.8495
-64.8706
-65.9027
-68.0923
-69.1698
-70.2777
-71.3975
-72.5339
-73.6877
-76.1247
-77.3321
-78.5654
-79.8155
-81.0893
-82.3822
-85.1269
-86.4913
-87.8806
-89.2987
-90.7472
-92.2202
-95.3603
-96.932
-98.5378
-100.178
-101.858
-103.568
-107.257
-109.105
-111.003
-112.938
-114.941
-116.981
-121.413
-123.663
-125.969
-128.374
-130.836
-133.376
-138.888
-141.715
-144.647
-147.711
-150.874
-154.167
-161.468
-165.257
-169.2
-173.338
-177.712
-182.28
-192.509
-197.95
-203.631
-209.663
-215.879
-222.577
-237.628
-245.334
-253.73
-262.016
-270.733
-279.683
-299.007
-308.305
-318.448
-327.671
-336.911
-345.733
-363.496
-369.213
-374.836
-379.108
-382.169
-384.645
-383.833
-377.976
-373.116
-366.83
-358.497
-348.516
-320.325
-303.643
-285.84
-267.816
-246.497
-224.2
-172.672
-146.598
-119.326
-91.9512
-63.8322
-35.7718
22.1568
50.3098
77.688
105.114
131.606
157.389
208.818
231.075
253.807
273.218
291.328
306.097
333.543
343.683
353.001
359.517
363.781
366.447
369.872
367.56
364.21
359.974
354.055
347.072
330.537
322.109
313.015
303.729
294.647
286.792
268.293
260.429
252.059
244.449
237.09
230.002
216.308
210.196
204.165
198.578
193.281
188.19
178.329
173.919
169.707
165.667
161.822
158.097
150.925
147.665
144.464
141.436
138.486
135.658
130.1
127.544
125.093
122.692
120.369
118.092
113.632
111.55
109.532
107.556
105.64
103.782
100.065
98.323
96.6285
94.9722
93.347
91.7572
88.5809
87.0869
85.6237
84.1875
82.7795
81.397
78.6236
77.3145
76.0316
74.7733
73.5388
72.3179
69.8858
68.7447
67.6251
66.531
65.4586
64.417
62.3549
61.3973
60.4632
59.5626
58.6964
57.8533
56.1808
55.4278
54.681
53.9592
53.2555
52.5635
51.1864
50.5493
49.9144
49.2926
48.6837
48.0715
46.8682
46.2937
45.7264
45.1626
44.6107
44.0628
42.956
42.4305
41.9072
41.395
40.8827
40.3777
39.3539
38.8623
38.3766
37.8964
37.4257
36.9553
36.0028
35.5466
35.0983
34.6508
34.2071
33.769
32.8732
32.4461
32.0254
31.6085
31.1941
30.7787
29.938
29.5383
29.1407
28.7494
28.3594
27.9736
27.1866
26.8114
26.4417
26.0757
25.7082
25.3493
24.6247
24.2797
23.9422
23.6059
23.2874
22.9674
22.3297
22.0353
21.7481
21.4661
21.1908
20.9267
20.3993
20.1533
19.9146
19.6805
19.4496
19.2247
18.7718
18.5568
18.3451
18.1367
17.9265
17.7263
17.3122
17.1148
16.9182
16.7248
16.5327
16.3439
15.9553
15.77
15.5879
15.4053
15.2248
15.0467
14.6812
14.5057
14.3324
14.1619
13.9914
13.8227
13.4791
13.3158
13.1522
12.9897
12.8289
12.6695
12.3427
12.1876
12.0344
11.8811
11.7275
11.5769
11.2676
11.12
10.9749
10.8295
10.6856
10.5431
10.2518
10.1137
9.97732
9.83926
9.70425
9.5717
9.30254
9.17546
9.0484
8.92846
8.80771
8.68896
8.45417
8.3451
8.2381
8.13289
8.03177
7.93273
7.73507
7.644
7.55356
7.46523
7.37784
7.29038
7.11856
7.03638
6.95513
6.87248
6.79436
6.71534
6.55533
6.47817
6.4025
6.32667
6.25267
6.17845
6.02797
5.95599
5.884
5.81261
5.74118
5.67129
5.52857
5.45994
5.39185
5.32408
5.25688
5.19068
5.05432
4.98922
4.92457
4.85992
4.79624
4.73284
4.60318
4.54082
4.47907
4.41776
4.35683
4.29555
4.17188
4.11298
4.05417
3.99489
3.93694
3.87926
3.76126
3.70473
3.64905
3.59333
3.53817
3.4833
3.3701
3.31504
3.25927
3.20201
3.1407
3.06258
2.8449
2.74186
2.64392
2.55075
2.46266
2.37955
2.22169
2.1513
2.0846
2.02126
1.96139
1.90402
1.79317
1.74328
1.69586
1.65035
1.60625
1.56398
1.48152
1.44407
1.40829
1.37384
1.34037
1.30795
1.24424
1.21508
1.18717
1.15989
1.13332
1.10742
1.05569
1.03173
1.0085
0.985969
0.964218
0.943101
0.901449
0.88238
0.864156
0.846174
0.828496
0.811091
