-2.1868
-2.35775
-2.5385
-2.73338
-2.95137
-3.20276
-3.48831
-3.7991
-4.12909
-4.47583
-4.84012
-5.22264
-5.62498
-6.04961
-6.50148
-6.99105
-7.54391
-8.18672
-8.91959
-9.71838
-10.5682
-11.463
-12.4042
-13.3953
-14.4399
-15.5455
-16.7263
-18.0131
-19.4769
-21.1899
-23.1503
-25.2921
-27.5793
-29.9981
-32.5587
-35.2746
-38.1639
-41.2581
-44.612
-48.3382
-52.6792
-57.8742
-63.9571
-70.8114
-78.4307
-86.9375
-96.5727
-107.679
-120.794
-136.756
-156.914
-183.764
-221.103
-272.106
-333.939
-387.685
-393.4
-327.118
-188.69
-6.97732
174.547
313.264
378.738
373.046
321.272
262.608
215.084
179.783
153.609
133.527
117.477
104.232
92.9863
83.2347
74.664
67.1174
60.6475
55.2792
50.7832
46.836
43.2503
39.9293
36.8324
33.9269
31.1898
28.609
26.185
23.9381
21.9397
20.2283
18.7484
17.4107
16.1674
14.994
13.8825
12.8281
11.8258
10.8726
9.97083
9.13163
8.38098
7.73236
7.16408
6.64589
6.15979
5.69862
5.25947
4.83943
4.43796
4.05359
3.68754
3.34445
2.84664
2.26373
1.85696
1.55573
1.3232
1.13598
0.98029
0.853511
-2.1877
-2.3568
-2.35871
-2.53749
-2.53952
-2.73227
-2.73449
-2.9501
-2.95264
-3.2013
-3.20423
-3.48668
-3.48994
-3.79736
-3.80085
-4.12725
-4.13093
-4.4739
-4.47776
-4.83809
-4.84214
-5.22051
-5.22478
-5.62274
-5.62723
-6.04723
-6.05199
-6.49894
-6.50402
-6.98825
-6.99386
-7.54068
-7.54714
-8.18299
-8.19047
-8.91539
-8.92378
-9.71391
-9.72286
-10.5635
-10.573
-11.458
-11.468
-12.399
-12.4095
-13.3897
-13.4008
-14.4341
-14.4458
-15.5393
-15.5517
-16.7196
-16.7329
-18.0057
-18.0205
-19.4683
-19.4855
-21.1799
-21.1999
-23.1391
-23.1616
-25.2801
-25.3041
-27.5666
-27.5921
-29.9845
-30.0117
-32.5444
-32.573
-35.2594
-35.2898
-38.1477
-38.1802
-41.2406
-41.2755
-44.5929
-44.6311
-48.3166
-48.3598
-52.6535
-52.7049
-57.8434
-57.9049
-63.9219
-63.9923
-70.7721
-70.8507
-78.3871
-78.4744
-86.8883
-86.9866
-96.5166
-96.6287
-107.614
-107.745
-120.716
-120.872
-136.659
-136.853
-156.789
-157.039
-183.594
-183.935
-220.867
-221.339
-271.793
-272.421
-333.595
-334.283
-387.491
-387.877
-393.544
-393.253
-327.7
-326.534
-189.606
-187.774
-8.00013
-5.95433
173.639
175.453
312.7
313.826
378.593
378.881
373.237
372.855
321.6
320.943
262.903
262.313
215.307
214.861
179.946
179.62
153.733
153.476
133.624
133.431
117.556
117.398
104.298
104.166
93.0431
92.9295
83.2842
83.1852
74.7078
74.6202
67.1556
67.0793
60.6796
60.6153
55.3058
55.2526
50.8059
50.7605
46.8564
46.8156
43.2691
43.2316
39.9467
39.9119
36.8487
36.8161
33.9421
33.9116
31.2043
31.1754
28.6227
28.5954
26.1977
26.1722
23.9496
23.9265
21.9498
21.9297
20.2369
20.2197
18.756
18.7408
17.4177
17.4037
16.1739
16.1608
15.0002
14.9878
13.8884
13.8766
12.8336
12.8225
11.8311
11.8205
10.8776
10.8675
9.97558
9.96607
9.13598
9.12729
8.38479
8.37719
7.73563
7.72908
7.16703
7.16114
6.64861
6.64318
6.16237
6.15721
5.70107
5.69617
5.2618
5.25714
4.84167
4.8372
4.44009
4.43582
4.05563
4.05155
3.68947
3.6856
3.34624
3.34266
2.85048
2.84282
2.26634
2.26113
1.85885
1.85507
1.55716
1.55429
1.32433
1.32207
1.1369
1.13507
0.981055
0.979526
0.854135
-2.19429
-2.3499
-2.36563
-2.53017
-2.54687
-2.72423
-2.74255
-2.94097
-2.96186
-3.19072
-3.21487
-3.47488
-3.50179
-3.78473
-3.81349
-4.11392
-4.1443
-4.45994
-4.49177
-4.82343
-4.85685
-5.20506
-5.24026
-5.60647
-5.64355
-6.03
-6.06928
-6.48053
-6.5225
-6.96798
-7.01423
-7.51734
-7.57068
-8.15589
-8.2178
-8.88506
-8.95423
-9.68149
-9.75535
-10.5291
-10.6074
-11.4219
-11.5043
-12.361
-12.4475
-13.3497
-13.441
-14.3918
-14.4882
-15.4943
-15.5968
-16.6714
-16.7814
-17.9521
-18.0744
-19.4063
-19.5479
-21.1076
-21.2729
-23.058
-23.2429
-25.1931
-25.3915
-27.474
-27.6847
-29.8861
-30.1103
-32.4408
-32.6769
-35.1493
-35.4001
-38.03
-38.2982
-41.114
-41.4026
-44.4549
-44.7699
-48.1603
-48.5176
-52.4679
-52.8919
-57.6212
-58.1288
-63.6671
-64.2481
-70.4885
-71.136
-78.0717
-78.7915
-86.5332
-87.3447
-96.1116
-97.0364
-107.144
-108.219
-120.153
-121.44
-135.961
-137.562
-155.891
-157.952
-182.369
-185.185
-219.165
-223.062
-269.535
-274.714
-331.108
-336.78
-386.055
-389.235
-394.502
-392.105
-331.859
-322.336
-196.159
-181.096
-15.4096
1.46823
167.027
181.992
308.54
317.835
377.465
379.845
374.584
371.378
323.968
318.546
265.056
260.193
216.934
213.256
181.142
178.446
154.627
152.53
134.33
132.735
118.13
116.829
104.779
103.688
93.456
92.5195
83.6443
82.8273
75.0261
74.304
67.4335
66.8036
60.9138
60.3836
55.4995
55.0607
50.9709
50.5965
47.0043
46.6679
43.4026
43.0959
40.0732
39.7859
36.967
36.6981
34.0531
33.8009
31.3093
31.0709
28.7217
28.4967
26.2901
26.0799
24.0338
23.8427
22.0231
21.857
20.2996
20.1575
18.8113
18.6857
17.4684
17.3531
16.2215
16.1133
15.0453
14.9428
13.9312
13.834
12.8742
12.7821
11.8697
11.7819
10.9142
10.831
10.01
9.93167
9.16751
9.0959
8.41243
8.34976
7.75943
7.70542
7.18843
7.13985
6.66832
6.62353
6.18109
6.13854
5.71886
5.67844
5.27873
5.24022
4.85787
4.82107
4.45558
4.42036
4.07045
4.03676
3.70353
3.67159
3.35934
3.32974
2.87848
2.81531
2.28536
2.24242
1.87267
1.84147
1.56759
1.54391
1.33258
1.31391
1.14359
1.12841
0.986628
0.974008
0.858669
-2.21197
-2.23551
-2.25926
-2.28315
-2.30728
-2.33149
-2.38418
-2.40905
-2.43414
-2.45932
-2.48481
-2.5106
-2.56665
-2.59333
-2.62022
-2.64746
-2.67497
-2.70291
-2.76431
-2.79377
-2.82349
-2.85409
-2.88512
-2.91684
-2.98667
-3.02034
-3.05486
-3.09011
-3.12601
-3.16265
-3.24362
-3.28225
-3.32157
-3.36169
-3.40246
-3.44359
-3.53356
-3.57618
-3.61927
-3.66274
-3.7066
-3.75103
-3.84738
-3.89288
-3.93869
-3.98494
-4.03159
-4.07838
-4.18004
-4.22803
-4.2761
-4.32458
-4.3735
-4.42279
-4.5295
-4.57983
-4.63036
-4.6813
-4.73258
-4.78425
-4.89635
-4.94899
-5.00213
-5.05568
-5.10959
-5.164
-5.28168
-5.33723
-5.39306
-5.44942
-5.50615
-5.56317
-5.68728
-5.74581
-5.80474
-5.86417
-5.9241
-5.98423
-6.11559
-6.17781
-6.2403
-6.30346
-6.36719
-6.43155
-6.57209
-6.63884
-6.70626
-6.77463
-6.84374
-6.91417
-7.06934
-7.1436
-7.21926
-7.2962
-7.37478
-7.45545
-7.63414
-7.72022
-7.80822
-7.89826
-7.99018
-8.08403
-8.29146
-8.39092
-8.49201
-8.59465
-8.6986
-8.80435
-9.0358
-9.14525
-9.2558
-9.3678
-9.48066
-9.59491
-9.84275
-9.9598
-10.0778
-10.1968
-10.3165
-10.4377
-10.6995
-10.8229
-10.9471
-11.0722
-11.1984
-11.3254
-11.6013
-11.7311
-11.8619
-11.9935
-12.1261
-12.2597
-12.5495
-12.686
-12.8237
-12.9624
-13.1021
-13.2429
-13.5482
-13.6926
-13.8373
-13.9838
-14.131
-14.2791
-14.602
-14.7543
-14.9075
-15.0619
-15.2178
-15.3748
-15.7175
-15.8796
-16.0429
-16.208
-16.3747
-16.5432
-16.9116
-17.0866
-17.264
-17.4428
-17.6249
-17.81
-18.2192
-18.4156
-18.6154
-18.8193
-19.0285
-19.2421
-19.7164
-19.9457
-20.1802
-20.4202
-20.6657
-20.9159
-21.4692
-21.7343
-22.0049
-22.2809
-22.5594
-22.8422
-23.4613
-23.7544
-24.0511
-24.3511
-24.6541
-24.9614
-25.627
-25.9408
-26.2585
-26.579
-26.9018
-27.2274
-27.9338
-28.2669
-28.6024
-28.9408
-29.2824
-29.626
-30.3744
-30.7265
-31.0812
-31.4395
-31.8009
-32.1652
-32.9559
-33.3292
-33.7061
-34.0861
-34.4695
-34.8562
-35.696
-36.0938
-36.4948
-36.8993
-37.3063
-37.7172
-38.6151
-39.0393
-39.4678
-39.9002
-40.3369
-40.7778
-41.7439
-42.202
-42.665
-43.1334
-43.6078
-44.0886
-45.1442
-45.6472
-46.1573
-46.6772
-47.2062
-47.7467
-48.9453
-49.5232
-50.1129
-50.7168
-51.3387
-51.9775
-53.3995
-54.0903
-54.7989
-55.5266
-56.2731
-57.036
-58.7335
-59.5519
-60.3874
-61.2381
-62.1056
-62.9912
-64.9378
-65.8659
-66.8114
-67.7716
-68.7469
-69.7358
-71.9045
-72.9404
-73.9913
-75.0565
-76.1378
-77.2353
-79.6462
-80.7964
-81.9656
-83.1536
-84.3632
-85.593
-88.3083
-89.605
-90.9253
-92.2725
-93.6443
-95.0408
-98.1346
-99.6196
-101.136
-102.688
-104.278
-105.899
-109.503
-111.254
-113.034
-114.865
-116.741
-118.669
-122.981
-125.08
-127.249
-129.472
-131.766
-134.13
-139.482
-142.099
-144.806
-147.61
-150.529
-153.547
-160.441
-163.88
-167.466
-171.195
-175.127
-179.196
-188.605
-193.327
-198.292
-203.513
-208.947
-214.702
-227.822
-234.41
-241.331
-248.511
-255.974
-263.626
-280.975
-289.444
-298.115
-306.846
-315.657
-324.443
-343.46
-352.085
-360.237
-368.134
-374.937
-381.411
-392.564
-396.027
-398.156
-398.985
-398.636
-396.774
-388.444
-382.343
-374.756
-365.451
-354.847
-342.342
-310.647
-293.802
-275.477
-255.845
-235.025
-213.219
-162.964
-138.373
-113.077
-87.3514
-61.4004
-35.2033
21.2778
47.5196
73.4092
99.182
124.438
149.036
199.117
221.105
241.924
261.571
280.142
296.973
327.955
340.218
350.915
360.132
367.668
373.839
381.95
383.732
384.092
383.439
381.386
377.908
367.185
360.882
353.872
346.316
338.403
330.215
312.076
303.534
295.228
287.02
278.849
270.897
254.654
247.529
240.562
233.894
227.522
221.366
209.05
203.705
198.589
193.614
188.905
184.415
175.399
171.447
167.637
163.972
160.447
157.069
150.177
147.222
144.345
141.557
138.875
136.251
130.901
128.523
126.218
123.975
121.797
119.683
115.332
113.39
111.494
109.643
107.838
106.078
102.429
100.79
99.1859
97.6135
96.0735
94.5686
91.4371
90.0269
88.6316
87.2663
85.9298
84.6156
81.8791
80.6388
79.4196
78.2201
77.0424
75.8848
73.4672
72.371
71.294
70.2373
69.2003
68.1842
66.075
65.1238
64.197
63.2922
62.4097
61.5477
59.7747
58.9847
58.2142
57.4649
56.7348
56.0227
54.5546
53.8997
53.2601
52.6335
52.0188
51.4167
50.1609
49.5899
49.0312
48.4808
47.9372
47.4022
46.2756
45.7617
45.2548
44.7541
44.2592
43.7692
42.734
42.2591
41.7904
41.3267
40.867
40.4125
39.4511
39.0095
38.5713
38.1384
37.7095
37.2844
36.3843
35.971
35.5611
35.1545
34.7513
34.3516
33.5062
33.1171
32.7308
32.3468
31.9671
31.5908
30.7924
30.4254
30.0621
29.7009
29.3425
28.9871
28.2352
27.89
27.5475
27.2079
26.8715
26.5384
25.8345
25.5101
25.1915
24.8767
24.5665
24.2615
23.6207
23.329
23.0431
22.7639
22.4901
22.2214
21.6647
21.4147
21.1706
20.9314
20.6975
20.4685
19.993
19.7795
19.5699
19.3633
19.1601
18.96
18.5393
18.3483
18.1585
17.9721
17.7876
17.6045
17.2184
17.0416
16.8662
16.6928
16.5202
16.3491
15.9866
15.8197
15.6545
15.4903
15.3274
15.166
14.8233
14.6655
14.5089
14.3532
14.1989
14.0459
13.7206
13.5709
13.4225
13.2751
13.1289
12.983
12.6744
12.5322
12.391
12.2504
12.1113
11.9731
11.6793
11.5441
11.4096
11.2759
11.1436
11.0123
10.7336
10.6053
10.478
10.3517
10.2265
10.1025
9.84033
9.71963
9.60045
9.48275
9.36683
9.25243
9.01248
8.90331
8.79615
8.69126
8.58824
8.48707
8.27718
8.18265
8.09006
7.99935
7.91046
7.82351
7.64258
7.56066
7.4802
7.40085
7.32278
7.24577
7.08339
7.00951
6.93633
6.86392
6.79232
6.72146
6.57117
6.50209
6.43365
6.3655
6.29802
6.2311
6.08893
6.02339
5.95862
5.89416
5.83023
5.76652
5.63137
5.56928
5.50728
5.44577
5.38471
5.32406
5.19514
5.13561
5.07642
5.0178
4.95931
4.90125
4.77812
4.72109
4.66461
4.60835
4.55247
4.4971
4.37913
4.32468
4.27063
4.21668
4.16322
4.11011
3.99746
3.94538
3.89374
3.8425
3.79175
3.74118
3.63427
3.58523
3.53663
3.48864
3.44114
3.39436
3.29552
3.25124
3.20735
3.16594
3.06484
2.95561
2.744
2.65337
2.56772
2.48673
2.40996
2.33747
2.19352
2.13131
2.07243
2.0161
1.96225
1.91036
1.80596
1.76046
1.71715
1.67548
1.63496
1.59582
1.51665
1.48173
1.44809
1.41575
1.38483
1.35478
1.2924
1.26458
1.23761
1.21152
1.18617
1.16165
1.1107
1.08775
1.06532
1.04352
1.02232
1.00175
0.959453
0.940606
0.922295
0.904557
0.887289
0.870855
