-2.45157
-2.69386
-2.97294
-3.32023
-3.72102
-4.15262
-4.60959
-5.0971
-5.614
-6.16717
-6.76169
-7.44036
-8.29501
-9.30363
-10.3994
-11.5646
-12.8091
-14.1307
-15.5492
-17.076
-18.8037
-20.9687
-23.6099
-26.5147
-29.6151
-32.9563
-36.537
-40.4236
-44.6725
-49.5308
-55.7158
-63.6103
-72.7677
-83.1686
-95.2521
-109.727
-127.749
-151.437
-185.648
-240.675
-326.166
-416.197
-416.825
-263.413
-6.86599
248.783
397.439
400.457
312.535
233.712
182.184
148.692
124.652
106.367
91.6756
79.3895
68.8643
60.0768
53.4072
48.0771
43.397
39.135
35.2226
31.5911
28.2185
25.0787
22.2744
20.0241
18.1919
16.5461
15.0123
13.5819
12.237
10.9743
9.78796
8.70696
7.81388
7.0871
6.43574
5.82668
5.25381
4.71059
4.19605
3.7086
3.25186
2.50672
1.91329
1.51953
1.23593
1.01926
-2.45253
-2.6928
-2.69492
-2.97166
-2.97421
-3.31865
-3.32181
-3.71928
-3.72277
-4.15077
-4.15446
-4.60763
-4.61156
-5.09502
-5.09918
-5.61177
-5.61623
-6.16476
-6.16958
-6.75908
-6.76429
-7.43724
-7.44348
-8.29106
-8.29895
-9.29926
-9.30799
-10.3948
-10.4041
-11.5596
-11.5696
-12.8038
-12.8144
-14.125
-14.1365
-15.5431
-15.5553
-17.0692
-17.0828
-18.7956
-18.8117
-20.9586
-20.9788
-23.5982
-23.6217
-26.5021
-26.5273
-29.6017
-29.6285
-32.942
-32.9707
-36.5215
-36.5525
-40.4066
-40.4406
-44.654
-44.6911
-49.5084
-49.5532
-55.6865
-55.7451
-63.5747
-63.646
-72.7273
-72.8081
-83.122
-83.2153
-95.1972
-95.3074
-109.661
-109.793
-127.663
-127.835
-151.322
-151.552
-185.469
-185.826
-240.383
-240.968
-325.75
-326.582
-415.939
-416.452
-417.106
-416.542
-264.386
-262.442
-8.00499
-5.72693
247.852
249.712
397.14
397.735
400.755
400.157
312.923
312.147
233.99
233.435
182.357
182.012
148.809
148.575
124.739
124.566
106.435
106.299
91.7313
91.6199
79.4369
79.342
68.9049
68.8237
60.109
60.0446
53.4317
53.3828
48.0975
48.0567
43.4157
43.3784
39.152
39.1181
35.2384
35.2068
31.6057
31.5766
28.2319
28.205
25.0911
25.0663
22.2849
22.2639
20.0325
20.0157
18.1992
18.1847
16.5528
16.5394
15.0184
15.0061
13.5877
13.5761
12.2424
12.2315
10.9794
10.9692
9.79265
9.78326
8.71108
8.70285
7.81721
7.81055
7.08989
7.08432
6.43836
6.43313
5.82915
5.82421
5.25614
5.25149
4.7128
4.70839
4.19816
4.19394
3.71058
3.70663
3.25376
3.24997
2.50985
2.50359
1.91526
1.91132
1.52091
1.51815
1.23696
1.23491
1.02007
-2.46029
-2.68437
-2.70343
-2.96153
-2.98447
-3.30608
-3.33445
-3.70531
-3.73676
-4.136
-4.16925
-4.59197
-4.6273
-5.07843
-5.1158
-5.59393
-5.63409
-6.1455
-6.18876
-6.7383
-6.78521
-7.41265
-7.46855
-8.25942
-8.33064
-9.26394
-9.34293
-10.3575
-10.4418
-11.5196
-11.6095
-12.761
-12.8573
-14.0793
-14.1824
-15.4943
-15.6043
-17.0148
-17.1374
-18.7317
-18.8764
-20.8781
-21.0621
-23.5046
-23.7152
-26.4016
-26.628
-29.4943
-29.7363
-32.8266
-33.0858
-36.3978
-36.6768
-40.2706
-40.5773
-44.5062
-44.8396
-49.3286
-49.7336
-55.4534
-55.9806
-63.2899
-63.9328
-72.4051
-73.1321
-82.7498
-83.5897
-94.7607
-95.7453
-109.136
-110.325
-126.976
-128.529
-150.396
-152.48
-184.094
-187.267
-238.073
-243.381
-322.425
-329.912
-413.757
-418.38
-419.258
-414.175
-272.098
-254.981
-17.1148
3.38773
240.326
257.067
394.522
400.012
403.025
398.201
316.024
309.038
236.229
231.238
183.753
180.644
149.766
147.642
125.434
123.878
106.981
105.758
92.1784
91.1758
79.817
78.9639
69.2305
68.4992
60.3689
59.7887
53.628
53.1882
48.2619
47.8935
43.5651
43.2292
39.2878
38.983
35.3652
35.0804
31.7227
31.4601
28.3398
28.0969
25.191
24.967
22.371
22.1805
20.099
19.949
18.2563
18.1266
16.6065
16.4867
15.0679
14.9567
13.6341
13.53
12.2856
12.1882
11.0203
10.9284
9.83028
9.74579
8.7442
8.67007
7.84395
7.7841
7.11226
7.06176
6.45925
6.41224
5.84893
5.80451
5.27474
5.23289
4.73046
4.69074
4.21508
4.17707
3.72639
3.69086
3.26848
3.23479
2.5352
2.47881
1.93113
1.89569
1.532
1.50719
1.2452
1.22677
1.02657
-2.48432
-2.51799
-2.55271
-2.58777
-2.6228
-2.65868
-2.73001
-2.76772
-2.80665
-2.84675
-2.88818
-2.93059
-3.01685
-3.0639
-3.11257
-3.16242
-3.21428
-3.26789
-3.37386
-3.43043
-3.48718
-3.54499
-3.60394
-3.66323
-3.77978
-3.84142
-3.90297
-3.96521
-4.02825
-4.09086
-4.21474
-4.27918
-4.34429
-4.41046
-4.47722
-4.54417
-4.676
-4.7453
-4.81499
-4.88527
-4.95615
-5.02744
-5.16715
-5.24028
-5.31406
-5.3884
-5.4633
-5.53933
-5.68921
-5.76766
-5.84622
-5.92497
-6.00578
-6.08692
-6.24751
-6.33068
-6.41552
-6.50023
-6.58598
-6.67455
-6.84948
-6.94221
-7.03667
-7.13306
-7.23333
-7.33725
-7.54655
-7.66035
-7.77952
-7.90445
-8.03005
-8.16155
-8.42889
-8.56858
-8.71204
-8.85711
-9.00507
-9.15607
-9.45108
-9.60619
-9.76413
-9.92228
-10.0816
-10.2433
-10.5579
-10.7222
-10.8879
-11.0553
-11.2251
-11.3969
-11.733
-11.9088
-12.0871
-12.267
-12.4476
-12.631
-12.989
-13.175
-13.364
-13.5548
-13.7465
-13.9404
-14.324
-14.5244
-14.7278
-14.9316
-15.1356
-15.3448
-15.7569
-15.9722
-16.1885
-16.4086
-16.6296
-16.8532
-17.3038
-17.5391
-17.7803
-18.0276
-18.2782
-18.5403
-19.0754
-19.365
-19.6676
-19.9775
-20.3031
-20.6333
-21.322
-21.6845
-22.0568
-22.4422
-22.8272
-23.2199
-24.0036
-24.409
-24.8236
-25.2449
-25.6681
-26.0949
-26.9344
-27.3719
-27.814
-28.2596
-28.7097
-29.1665
-30.0673
-30.536
-31.0116
-31.4941
-31.9828
-32.4725
-33.4406
-33.9463
-34.454
-34.9684
-35.4913
-36.0197
-37.0621
-37.6097
-38.163
-38.7253
-39.291
-39.8603
-40.9951
-41.5929
-42.1993
-42.8089
-43.4299
-44.0572
-45.303
-45.9754
-46.6543
-47.3478
-48.0648
-48.7925
-50.2961
-51.1198
-51.9709
-52.8665
-53.7838
-54.7549
-56.7221
-57.8148
-58.9281
-60.0628
-61.2342
-62.4255
-64.8245
-66.098
-67.387
-68.705
-70.0516
-71.4205
-74.1404
-75.5809
-77.0455
-78.5409
-80.0659
-81.6284
-84.75
-86.4003
-88.0981
-89.8342
-91.6128
-93.4382
-97.1018
-99.0685
-101.089
-103.169
-105.311
-107.529
-111.997
-114.429
-116.911
-119.484
-122.16
-124.935
-130.679
-133.765
-136.996
-140.356
-143.922
-147.625
-155.406
-159.788
-164.279
-169.226
-174.386
-179.942
-191.863
-198.523
-205.778
-213.546
-222.122
-231.219
-250.973
-262.078
-273.706
-286.332
-299.56
-312.552
-340.462
-355.095
-368.84
-383.278
-396.489
-407.541
-423.503
-428.384
-430.754
-431.959
-429.331
-424.521
-405.488
-389.108
-369.798
-348.53
-324.046
-294.942
-231.464
-195.744
-159.138
-121.696
-83.3564
-44.9176
30.9601
70.0734
108.713
146.203
182.55
217.141
279.343
307.956
331.845
352.994
369.871
385.268
405.955
413.316
417.499
415.102
412.884
408.93
392.17
380.859
368.026
353.097
339.873
325.657
299.609
287.183
275.205
263.754
252.992
243.198
224.895
216.502
208.704
201.387
194.674
188.167
176.593
171.304
166.179
161.353
156.898
152.625
144.828
141.101
137.471
134.06
130.763
127.602
121.826
118.985
116.254
113.626
111.106
108.663
104.123
101.886
99.7196
97.6117
95.5611
93.5659
89.8335
87.9815
86.1737
84.4084
82.6801
80.9935
77.8183
76.2372
74.6833
73.1634
71.6866
70.2386
67.5232
66.1745
64.8638
63.5893
62.368
61.1836
59.0161
57.9776
56.988
56.0242
55.1106
54.2383
52.6038
51.8044
51.0184
50.2564
49.5138
48.7774
47.3954
46.7088
46.0226
45.3485
44.6881
44.0261
42.7748
42.147
41.5238
40.9124
40.3072
39.7083
38.5688
37.9937
37.4251
36.8624
36.3062
35.7537
34.6958
34.1622
33.6352
33.1111
32.5939
32.0841
31.1053
30.6115
30.1188
29.6304
29.1511
28.6732
27.7669
27.3034
26.8463
26.3909
25.9394
25.4988
24.6612
24.2388
23.823
23.4137
23.0187
22.6365
21.9236
21.5725
21.237
20.9155
20.5996
20.3001
19.748
19.4721
19.2071
18.9422
18.6833
18.4328
17.9505
17.7087
17.472
17.2353
17.0009
16.771
16.3253
16.0992
15.8753
15.6535
15.4357
15.2201
14.8058
14.5958
14.3883
14.1829
13.9785
13.7769
13.3888
13.1903
12.9946
12.8012
12.6089
12.4186
12.0556
11.8707
11.6882
11.5058
11.3241
11.146
10.8048
10.6309
10.4579
10.2869
10.1168
9.94831
9.63017
9.46791
9.30862
9.15212
8.99736
8.84797
8.56965
8.43212
8.29764
8.16924
8.0467
7.92718
7.70435
7.59452
7.48816
7.3838
7.28139
7.18184
6.99277
6.89702
6.80291
6.70952
6.61702
6.524
6.34905
6.26017
6.17171
6.0836
5.99588
5.9095
5.74441
5.6604
5.57776
5.49507
5.41334
5.33192
5.17595
5.09672
5.01775
4.93895
4.86182
4.78481
4.63676
4.56194
4.48746
4.41321
4.33962
4.26674
4.12586
4.05477
3.98442
3.91423
3.84448
3.77538
3.64276
3.57586
3.50949
3.44346
3.37896
3.31375
3.18812
3.12355
3.00447
2.86716
2.73721
2.61597
2.40568
2.30888
2.21872
2.1343
2.05517
1.98105
1.84892
1.78609
1.72693
1.67115
1.61776
1.56666
1.47417
1.4297
1.38773
1.34765
1.30859
1.27099
1.20263
1.16956
1.13752
1.10641
1.07627
1.04688
