-2.10749
-2.33755
-2.58793
-2.86918
-3.19824
-3.58134
-4.00882
-4.47194
-4.96922
-5.50357
-6.0814
-6.71697
-7.44219
-8.30029
-9.30037
-10.4137
-11.6201
-12.9194
-14.3206
-15.8444
-17.5373
-19.4955
-21.8353
-24.5606
-27.5938
-30.8982
-34.4907
-38.4168
-42.7702
-47.7426
-53.7075
-61.0731
-69.9372
-80.3231
-92.5554
-107.349
-125.982
-150.787
-186.02
-237.929
-307.268
-367.808
-354.748
-224.007
-7.00035
210.074
340.818
354.687
296.813
230.883
181.448
147.175
122.54
103.831
88.9264
76.6702
66.4939
58.2417
51.641
46.1524
41.3588
37.0526
33.1279
29.5296
26.2428
23.3144
20.8235
18.7349
16.9157
15.2696
13.7525
12.3446
11.037
9.83353
8.75823
7.83884
7.05551
6.36007
5.72237
5.12891
4.57325
4.05378
3.576
3.05997
2.23035
1.71922
1.36915
1.11086
0.912701
0.758938
-2.10838
-2.33658
-2.33851
-2.58687
-2.58899
-2.86796
-2.87039
-3.19681
-3.19968
-3.57971
-3.58298
-4.00703
-4.01061
-4.47002
-4.47387
-4.96716
-4.97129
-5.50134
-5.50579
-6.07898
-6.08382
-6.71426
-6.71967
-7.43904
-7.44535
-8.29655
-8.30404
-9.29611
-9.30464
-10.409
-10.4183
-11.6151
-11.6252
-12.914
-12.9248
-14.3148
-14.3265
-15.838
-15.8508
-17.5301
-17.5445
-19.487
-19.5041
-21.8251
-21.8456
-24.549
-24.5722
-27.5811
-27.6065
-30.8844
-30.9121
-34.4757
-34.5058
-38.4003
-38.4334
-42.7517
-42.7888
-47.721
-47.7643
-53.681
-53.7341
-61.0406
-61.1056
-69.8987
-69.9758
-80.2781
-80.3682
-92.5018
-92.6089
-107.283
-107.415
-125.897
-126.067
-150.67
-150.904
-185.848
-186.191
-237.679
-238.179
-306.975
-307.56
-367.664
-367.951
-355.023
-354.471
-224.746
-223.267
-7.94027
-6.06017
209.329
210.817
340.53
341.105
354.817
354.555
297.096
296.529
231.119
230.648
181.612
181.284
147.29
147.06
122.625
122.454
103.898
103.765
88.9805
88.8723
76.7152
76.6251
66.5308
66.4569
58.2711
58.2122
51.6649
51.6171
46.1729
46.1319
41.377
41.3407
37.0691
37.0361
33.143
33.1128
29.5434
29.5157
26.2554
26.2303
23.3253
23.3034
20.8326
20.8143
18.7426
18.7271
16.9226
16.9088
15.2759
15.2633
13.7583
13.7466
12.35
12.3391
11.0421
11.032
9.83813
9.82894
8.76225
8.75421
7.84223
7.83545
7.05845
7.05257
6.36273
6.3574
5.72483
5.71992
5.13122
5.1266
4.57541
4.57109
4.05579
4.05177
3.57781
3.57418
3.06433
3.05562
2.23289
2.22781
1.72089
1.71755
1.37033
1.36797
1.11178
1.10995
0.913393
0.91201
0.759511
-2.11573
-2.32869
-2.34645
-2.57816
-2.59772
-2.85799
-2.88045
-3.18503
-3.21153
-3.56623
-3.59652
-3.99228
-4.02541
-4.45414
-4.48979
-4.95011
-4.98839
-5.48298
-5.5242
-6.05904
-6.10387
-6.692
-6.74201
-7.4131
-7.47142
-8.26577
-8.33503
-9.26103
-9.33987
-10.3706
-10.4568
-11.5737
-11.6667
-12.8693
-12.9696
-14.2666
-14.3749
-15.7852
-15.9039
-17.4704
-17.6045
-19.4165
-19.5753
-21.7412
-21.9301
-24.4533
-24.6682
-27.4763
-27.7118
-30.7706
-31.0263
-34.3517
-34.6302
-38.264
-38.5702
-42.5989
-42.9421
-47.543
-47.9436
-53.4628
-53.9544
-60.7733
-61.3752
-69.5815
-70.2946
-79.9076
-80.7412
-92.0615
-93.0524
-106.741
-107.961
-125.196
-126.776
-149.713
-151.874
-184.445
-187.62
-235.627
-240.253
-304.563
-310.01
-366.422
-369.08
-357.217
-352.104
-230.792
-217.113
-15.6694
1.70573
203.126
216.894
338.069
343.522
355.857
353.425
299.43
294.187
233.076
228.728
182.973
179.945
148.242
146.116
123.335
121.752
104.448
103.218
89.4278
88.4282
77.0871
76.2563
66.8368
66.1536
58.5153
57.9702
51.863
51.4204
46.342
45.9632
41.5273
41.191
37.2052
36.9004
33.2676
32.9886
29.6577
29.4018
26.3591
26.1271
23.4156
23.2137
20.9082
20.7393
18.8069
18.6632
16.9798
16.8519
15.3282
15.2111
13.8068
13.6983
12.395
12.2943
11.0838
10.9904
9.87616
9.79108
8.79544
8.72118
7.87024
7.80761
7.08276
7.02838
6.38475
6.33546
5.74519
5.69968
5.15026
5.10761
4.59326
4.5533
4.0724
4.03521
3.59283
3.55925
3.10072
3.02007
2.25402
2.20709
1.73474
1.70392
1.38011
1.35827
1.11936
1.10245
0.919129
0.906342
0.764245
-2.13853
-2.171
-2.20386
-2.237
-2.27049
-2.30442
-2.37105
-2.40613
-2.44175
-2.47779
-2.51432
-2.55148
-2.62489
-2.66384
-2.70357
-2.744
-2.78534
-2.82755
-2.91187
-2.957
-3.00333
-3.05075
-3.09931
-3.14908
-3.24851
-3.30167
-3.35592
-3.41128
-3.46758
-3.52498
-3.63855
-3.69857
-3.75957
-3.82124
-3.88379
-3.94701
-4.07131
-4.13672
-4.20287
-4.26962
-4.33708
-4.40537
-4.53913
-4.60946
-4.68036
-4.75208
-4.82453
-4.8978
-5.04139
-5.11682
-5.19313
-5.27014
-5.34806
-5.42667
-5.58128
-5.66261
-5.74502
-5.82824
-5.91249
-5.99791
-6.16605
-6.25492
-6.345
-6.43642
-6.52938
-6.62396
-6.81163
-6.91151
-7.01374
-7.11795
-7.22479
-7.33399
-7.5529
-7.67034
-7.79116
-7.91484
-8.04172
-8.17186
-8.43168
-8.57053
-8.71227
-8.85673
-9.00382
-9.15352
-9.44938
-9.60587
-9.76454
-9.92516
-10.0879
-10.2527
-10.5763
-10.7465
-10.9188
-11.0927
-11.2686
-11.4466
-11.7955
-11.9787
-12.1643
-12.3516
-12.5409
-12.7324
-13.1083
-13.3058
-13.5058
-13.7076
-13.9117
-14.1187
-14.5251
-14.7391
-14.956
-15.1755
-15.3979
-15.6235
-16.0686
-16.3043
-16.5439
-16.7875
-17.0356
-17.2881
-17.7912
-18.0597
-18.3351
-18.6167
-18.9053
-19.2017
-19.7975
-20.1181
-20.4465
-20.784
-21.1299
-21.4851
-22.194
-22.5725
-22.9587
-23.3522
-23.7529
-24.1607
-24.9666
-25.3921
-25.8244
-26.2619
-26.7049
-27.1545
-28.0381
-28.5034
-28.9743
-29.4513
-29.9334
-30.4212
-31.3808
-31.8863
-32.398
-32.9159
-33.4401
-33.9712
-35.0164
-35.5673
-36.1253
-36.6907
-37.2647
-37.8465
-38.9954
-39.6026
-40.2196
-40.8462
-41.4834
-42.1319
-43.42
-44.1053
-44.8049
-45.5193
-46.251
-47.0002
-48.5046
-49.3139
-50.1472
-51.0046
-51.8885
-52.7997
-54.6437
-55.6438
-56.6748
-57.7375
-58.8296
-59.9558
-62.2194
-63.4375
-64.6845
-65.9644
-67.2731
-68.6127
-71.29
-72.7207
-74.1856
-75.6835
-77.2124
-78.7769
-81.9025
-83.5772
-85.2988
-87.058
-88.8611
-90.7154
-94.4403
-96.4461
-98.5074
-100.636
-102.834
-105.097
-109.676
-112.167
-114.75
-117.426
-120.201
-123.081
-129
-132.256
-135.645
-139.197
-142.918
-146.825
-154.936
-159.429
-164.208
-169.262
-174.597
-180.233
-192.115
-198.777
-205.811
-213.283
-221.16
-229.477
-246.725
-256.186
-266.011
-276.093
-286.533
-297.13
-317.479
-327.85
-337.554
-346.692
-354.987
-362.091
-372.036
-374.508
-375.228
-373.611
-369.468
-363.215
-343.783
-329.858
-313.306
-294.122
-272.679
-248.903
-197.585
-168.008
-137.303
-105.548
-72.7258
-39.4145
25.571
58.6368
91.2794
123.31
154.026
183.385
234.946
258.869
280.3
299.265
315.696
329.671
349.519
355.884
359.802
361.463
361.072
358.698
349.343
342.425
334.427
325.637
316.21
306.58
287.007
277.033
267.111
257.509
248.187
239.213
222.885
215.021
207.56
200.393
193.657
187.292
175.891
170.411
165.252
160.36
155.693
151.257
143.272
139.405
135.717
132.204
128.811
125.557
119.629
116.73
113.949
111.266
108.674
106.172
101.553
99.2749
97.0644
94.9238
92.8445
90.8245
87.0799
85.2182
83.4042
81.6387
79.9196
78.249
75.1327
73.5838
72.0752
70.6061
69.1801
67.7948
65.2306
63.9629
62.7344
61.5445
60.3937
59.2818
57.2335
56.2228
55.2444
54.2964
53.3762
52.4818
50.8204
49.9928
49.1851
48.3962
47.6244
46.8686
45.4485
44.734
44.032
43.3418
42.6627
41.995
40.7325
40.0937
39.4642
38.8436
38.2323
37.6286
36.4844
35.9037
35.331
34.7653
34.2068
33.6547
32.6075
32.0759
31.5506
31.0313
30.5191
30.0126
29.0524
28.5649
28.0839
27.6096
27.1422
26.6814
25.8113
25.3718
24.9406
24.5179
24.1033
23.6979
22.9399
22.5618
22.1934
21.8342
21.4841
21.1438
20.5107
20.1952
19.8881
19.5877
19.2942
19.0069
18.468
18.197
17.9307
17.669
17.411
17.1573
16.6774
16.434
16.1935
15.9563
15.722
15.4904
15.0509
14.827
14.606
14.3875
14.1708
13.9569
13.55
13.3424
13.1372
12.9344
12.7333
12.5347
12.1566
11.9637
11.7731
11.5846
11.3979
11.2134
10.8628
10.6844
10.5084
10.3347
10.1632
9.99427
9.67511
9.51374
9.35545
9.20031
9.04798
8.89911
8.62064
8.48138
8.34556
8.21314
8.08378
7.95773
7.7226
7.60502
7.49002
7.37741
7.26676
7.15841
6.95436
6.8512
6.74948
6.64933
6.55046
6.45309
6.2682
6.17416
6.08123
5.98932
5.89839
5.80835
5.63726
5.54989
5.4635
5.37792
5.29317
5.20925
5.04926
4.96767
4.88673
4.8066
4.72713
4.64856
4.49868
4.42216
4.3465
4.27157
4.1974
4.12391
3.98442
3.91337
3.84346
3.77445
3.70641
3.63954
3.51362
3.45042
3.38852
3.32836
3.26962
3.21263
2.91445
2.77604
2.64826
2.53064
2.42215
2.32134
2.1454
2.06282
1.9854
1.9126
1.84356
1.77855
1.66294
1.60767
1.55452
1.5038
1.45567
1.41071
1.32877
1.28815
1.24927
1.21231
1.17717
1.14315
1.07972
1.04887
1.01939
0.990951
0.96352
0.937174
0.889205
0.866277
0.843821
0.821793
0.800164
0.778994
