-2.97198
-3.16915
-3.38419
-3.61639
-3.86372
-4.1247
-4.39829
-4.68435
-4.98323
-5.29568
-5.62279
-5.96678
-6.33035
-6.71806
-7.13641
-7.59319
-8.09509
-8.64482
-9.23986
-9.87517
-10.5467
-11.252
-11.9908
-12.7641
-13.5741
-14.4241
-15.3201
-16.2703
-17.2869
-18.3881
-19.5967
-20.9305
-22.3958
-23.988
-25.6934
-27.5023
-29.41
-31.4182
-33.5323
-35.7623
-38.1214
-40.6333
-43.3276
-46.2508
-49.4687
-53.062
-57.1007
-61.6323
-66.6714
-72.226
-78.3236
-85.0337
-92.4629
-100.768
-110.168
-120.964
-133.583
-148.607
-166.808
-189.18
-216.67
-249.199
-284.703
-318.139
-339.31
-336.267
-299.72
-227.414
-125.355
-6.85934
111.682
213.666
285.956
323.094
326.939
306.867
275.102
241.116
210.243
184.05
162.501
144.738
129.923
117.38
106.587
97.1661
88.8428
81.4186
74.7611
68.8043
63.5062
58.8255
54.695
51.022
47.7066
44.6688
41.8513
39.2154
36.7335
34.3876
32.164
30.0557
28.0604
26.1809
24.4285
22.8167
21.351
20.0231
18.8134
17.6968
16.6536
15.67
14.7365
13.8473
12.9981
12.1867
11.4119
10.6738
9.97485
9.31971
8.71375
8.15925
7.65335
7.18891
6.75731
6.3516
5.96672
5.59961
5.24813
4.9108
4.58703
4.27657
3.98023
3.69986
3.43926
3.12974
2.57396
2.16651
1.85359
1.60617
-2.97327
-3.16774
-3.17055
-3.38266
-3.38571
-3.61476
-3.61802
-3.86199
-3.86545
-4.12289
-4.12652
-4.39639
-4.4002
-4.68237
-4.68634
-4.98115
-4.98531
-5.2935
-5.29785
-5.62051
-5.62506
-5.96438
-5.96918
-6.3278
-6.3329
-6.71533
-6.72079
-7.13345
-7.13938
-7.58993
-7.59646
-8.09151
-8.09868
-8.64093
-8.64871
-9.23567
-9.24404
-9.87072
-9.87963
-10.542
-10.5513
-11.2471
-11.2569
-11.9857
-11.9959
-12.7587
-12.7695
-13.5685
-13.5798
-14.4182
-14.43
-15.3138
-15.3264
-16.2636
-16.277
-17.2797
-17.2941
-18.3803
-18.3959
-19.5881
-19.6054
-20.921
-20.94
-22.3854
-22.4062
-23.9768
-23.9992
-25.6814
-25.7054
-27.4897
-27.5149
-29.3967
-29.4233
-31.4042
-31.4322
-33.5175
-33.547
-35.7467
-35.7779
-38.1048
-38.138
-40.6156
-40.6509
-43.3086
-43.3467
-46.23
-46.2715
-49.4457
-49.4917
-53.036
-53.088
-57.0714
-57.1299
-61.5997
-61.6649
-66.6354
-66.7074
-72.1864
-72.2656
-78.2802
-78.3671
-84.9857
-85.0816
-92.4097
-92.5161
-100.708
-100.828
-110.1
-110.236
-120.885
-121.044
-133.489
-133.677
-148.495
-148.719
-166.672
-166.945
-189.012
-189.347
-216.464
-216.876
-248.961
-249.437
-284.457
-284.949
-317.941
-318.337
-339.234
-339.385
-336.39
-336.142
-300.087
-299.352
-228.025
-226.803
-126.117
-124.595
-7.68989
-6.02884
110.923
112.439
213.075
214.256
285.582
286.328
322.963
323.224
327
326.876
307.059
306.676
275.341
274.864
241.341
240.89
210.437
210.049
184.214
183.887
162.633
162.368
144.848
144.627
130.016
129.831
117.459
117.301
106.655
106.519
97.226
97.1062
88.8962
88.7895
81.4664
81.3709
74.804
74.7183
68.8426
68.766
63.5402
63.4722
58.8555
58.7956
54.7214
54.6686
51.0456
50.9983
47.7282
47.6851
44.6886
44.6489
41.8698
41.8328
39.2327
39.198
36.7499
36.7171
34.4031
34.372
32.1787
32.1493
30.0697
30.0418
28.0736
28.0472
26.1933
26.1686
24.44
24.4171
22.8272
22.8062
21.3605
21.3415
20.0317
20.0145
18.8213
18.8055
17.7041
17.6895
16.6605
16.6467
15.6765
15.6635
14.7427
14.7303
13.8532
13.8414
13.0038
12.9925
12.1921
12.1813
11.417
11.4067
10.6787
10.6689
9.97946
9.97024
9.32401
9.31542
8.7177
8.70979
8.16285
8.15566
7.65664
7.65005
7.19195
7.18587
6.76015
6.75447
6.35428
6.34891
5.96928
5.96417
5.60206
5.59717
5.25047
5.24579
4.91305
4.90855
4.58918
4.58487
4.27863
4.2745
3.9822
3.97827
3.70171
3.69802
3.44096
3.43756
3.13417
3.12532
2.57716
2.57076
2.16892
2.1641
1.85546
1.85172
1.60766
-2.98194
-3.15827
-3.18005
-3.37242
-3.39601
-3.60376
-3.62906
-3.85033
-3.87718
-4.11063
-4.13881
-4.38356
-4.41306
-4.66896
-4.69978
-4.96715
-4.99934
-5.27885
-5.31254
-5.60516
-5.64047
-5.9482
-5.98542
-6.31063
-6.35015
-6.69693
-6.73927
-7.1135
-7.15943
-7.56802
-7.61855
-8.06749
-8.12295
-8.61472
-8.6751
-9.20744
-9.27238
-9.84072
-9.90974
-10.5104
-10.583
-11.214
-11.2901
-11.951
-12.0307
-12.7225
-12.8058
-13.5305
-13.6179
-14.3782
-14.4701
-15.2716
-15.3688
-16.2187
-16.3221
-17.2314
-17.3427
-18.3276
-18.4489
-19.5301
-19.664
-20.857
-21.0045
-22.3153
-22.4767
-23.9012
-24.0751
-25.6007
-25.7863
-27.4045
-27.6004
-29.307
-29.5133
-31.3098
-31.5269
-33.4182
-33.6467
-35.6417
-35.8832
-37.9934
-38.2501
-40.4967
-40.7704
-43.1803
-43.4756
-46.0901
-46.4122
-49.2907
-49.6476
-52.8614
-53.2634
-56.8749
-57.3279
-61.3803
-61.8854
-66.393
-66.9511
-71.9198
-72.5335
-77.9875
-78.6614
-84.663
-85.4061
-92.0515
-92.8769
-100.305
-101.233
-109.641
-110.699
-120.351
-121.583
-132.859
-134.313
-147.742
-149.481
-165.754
-167.874
-187.888
-190.483
-215.079
-218.244
-247.372
-251.025
-282.799
-286.608
-316.585
-319.66
-338.691
-339.859
-337.189
-335.26
-302.524
-296.829
-232.12
-222.648
-131.246
-119.446
-13.2977
-0.4245
105.778
117.525
209.041
218.214
283.008
288.78
322.032
324.058
327.386
326.393
308.31
305.403
276.834
273.261
242.867
239.371
211.753
208.747
185.323
182.797
163.534
161.477
145.598
143.886
130.64
129.212
117.994
116.77
107.118
106.059
97.6325
96.7034
89.2575
88.4305
81.7899
81.0495
75.0942
74.43
69.102
68.5086
63.7699
63.2438
59.0582
58.5944
54.9002
54.4911
51.2057
50.8393
47.874
47.5403
44.8229
44.5153
41.9951
41.7079
39.3502
39.0809
36.8609
36.6066
34.5081
34.2672
32.2782
32.0502
30.164
29.9477
28.1627
27.9583
26.2769
26.0853
24.5176
24.3399
22.8983
22.7357
21.4249
21.2775
20.0899
19.9567
18.8746
18.7524
17.7537
17.6401
16.707
16.6004
15.7205
15.6196
14.7846
14.6886
13.8932
13.8015
13.0419
12.9545
12.2286
12.1449
11.4518
11.372
10.7118
10.6359
10.0107
9.93919
9.35307
9.28649
8.74447
8.68318
8.18725
8.13144
7.67889
7.62785
7.21253
7.1654
6.77937
6.73531
6.37244
6.33082
5.98655
5.94695
5.61857
5.58071
5.26629
5.23
4.92823
4.8934
4.60376
4.57033
4.29259
4.26058
3.99547
3.96503
3.71419
3.68559
3.45244
3.42614
3.16432
3.0957
2.59898
2.54939
2.18529
2.14796
1.86827
1.83918
1.61784
-3.00256
-3.0286
-3.05502
-3.08169
-3.1087
-3.13612
-3.20265
-3.23104
-3.25995
-3.28908
-3.31852
-3.34836
-3.4205
-3.45142
-3.48253
-3.51399
-3.54578
-3.5779
-3.65528
-3.68833
-3.72156
-3.75506
-3.78882
-3.8229
-3.90494
-3.9398
-3.97497
-4.01031
-4.04587
-4.08177
-4.16796
-4.20454
-4.24144
-4.27849
-4.31586
-4.35335
-4.44355
-4.48181
-4.52041
-4.55915
-4.59821
-4.63739
-4.73165
-4.77164
-4.81194
-4.85239
-4.89312
-4.93417
-5.03261
-5.07437
-5.11654
-5.15883
-5.20138
-5.24433
-5.34736
-5.39106
-5.43516
-5.47945
-5.52402
-5.56898
-5.6771
-5.72312
-5.76934
-5.81591
-5.86279
-5.91013
-6.02397
-6.07257
-6.12139
-6.17059
-6.22015
-6.27024
-6.3911
-6.44261
-6.49471
-6.54715
-6.60007
-6.65368
-6.78319
-6.83856
-6.89471
-6.95135
-7.00883
-7.06666
-7.20714
-7.26741
-7.32856
-7.39053
-7.45308
-7.51661
-7.67101
-7.7371
-7.80429
-7.87205
-7.94082
-8.01087
-8.18064
-8.25331
-8.32693
-8.40136
-8.47674
-8.55316
-8.73782
-8.81682
-8.89683
-8.97737
-9.05874
-9.1411
-9.33968
-9.4243
-9.50985
-9.59588
-9.6826
-9.77021
-9.98113
-10.0708
-10.1612
-10.2521
-10.3436
-10.4361
-10.6581
-10.7524
-10.8475
-10.943
-11.0392
-11.1361
-11.3688
-11.4676
-11.5673
-11.6673
-11.7679
-11.8694
-12.1131
-12.2165
-12.3208
-12.4254
-12.5308
-12.6371
-12.892
-13.0003
-13.1096
-13.2192
-13.3295
-13.4409
-13.7083
-13.822
-13.9363
-14.0514
-14.1672
-14.2842
-14.5653
-14.6848
-14.8055
-14.9268
-15.0489
-15.1723
-15.4695
-15.5959
-15.7236
-15.8522
-15.9818
-16.113
-16.4293
-16.5643
-16.7008
-16.8383
-16.9775
-17.1179
-17.4583
-17.604
-17.7515
-17.9005
-18.0511
-18.204
-18.5749
-18.7342
-18.8961
-19.0596
-19.2253
-19.3939
-19.8028
-19.9782
-20.1563
-20.3371
-20.5203
-20.7064
-21.1578
-21.3514
-21.5481
-21.7465
-21.9473
-22.1509
-22.6443
-22.8553
-23.0691
-23.2849
-23.503
-23.7235
-24.2555
-24.4825
-24.712
-24.943
-25.1759
-25.4111
-25.9783
-26.2195
-26.4632
-26.7081
-26.9549
-27.204
-27.8033
-28.0581
-28.3148
-28.5734
-28.8337
-29.0957
-29.7269
-29.9953
-30.2655
-30.5377
-30.8116
-31.0874
-31.7518
-32.0342
-32.3184
-32.605
-32.8936
-33.184
-33.8834
-34.1812
-34.4812
-34.7831
-35.0877
-35.3944
-36.1334
-36.4478
-36.7649
-37.0846
-37.4067
-37.7314
-38.5161
-38.8503
-39.1876
-39.5277
-39.8709
-40.2171
-41.0547
-41.4127
-41.7737
-42.1386
-42.5067
-42.8789
-43.7824
-44.169
-44.56
-44.9556
-45.356
-45.7615
-46.7476
-47.1715
-47.6011
-48.0383
-48.4798
-48.9274
-50.02
-50.4912
-50.971
-51.4575
-51.9511
-52.4531
-53.6807
-54.2105
-54.747
-55.2928
-55.8492
-56.4161
-57.7968
-58.3928
-58.9966
-59.6113
-60.2353
-60.8676
-62.4106
-63.0743
-63.7474
-64.4299
-65.1227
-65.8243
-67.5317
-68.265
-69.0077
-69.7603
-70.5223
-71.2936
-73.1714
-73.976
-74.7908
-75.616
-76.4527
-77.3004
-79.3628
-80.2484
-81.1451
-82.0539
-82.9743
-83.9062
-86.1795
-87.1567
-88.1482
-89.1547
-90.1759
-91.2113
-93.738
-94.8276
-95.9343
-97.0601
-98.2033
-99.363
-102.202
-103.431
-104.681
-105.957
-107.252
-108.57
-111.805
-113.212
-114.645
-116.107
-117.595
-119.114
-122.865
-124.498
-126.167
-127.874
-129.616
-131.399
-135.83
-137.761
-139.744
-141.776
-143.853
-145.989
-151.309
-153.645
-156.033
-158.495
-161.024
-163.623
-170.107
-172.965
-175.898
-178.926
-182.038
-185.249
-193.226
-196.745
-200.362
-204.084
-207.93
-211.865
-221.567
-225.799
-230.114
-234.539
-239.066
-243.664
-254.763
-259.569
-264.419
-269.259
-274.097
-278.899
-290.518
-295.269
-300.019
-304.571
-308.978
-313.272
-322.686
-326.225
-329.509
-332.493
-335.114
-337.313
-340.763
-341.444
-341.624
-341.107
-340.227
-338.819
-332.922
-329.226
-324.919
-319.882
-314.165
-308.006
-290.549
-282.025
-272.824
-262.969
-252.574
-241.499
-212.646
-199.75
-186.346
-172.442
-158.007
-143.25
-106.958
-91.2324
-75.295
-59.319
-43.0564
-26.5663
12.6957
29.0905
45.3752
61.4856
77.4856
93.2511
129.605
144.344
158.668
172.55
186.077
199.095
227.457
238.491
248.911
258.771
268
276.603
294.306
300.651
306.362
311.369
315.653
319.452
325.796
327.503
328.476
328.867
328.754
328.132
324.95
322.888
320.479
317.715
314.572
311.142
302.332
298.138
293.903
289.478
284.99
280.43
269.519
264.896
260.232
255.641
251.05
246.477
235.807
231.451
227.191
223.002
218.929
214.909
205.697
201.972
198.34
194.811
191.362
187.981
180.279
177.206
174.209
171.3
168.479
165.703
159.403
156.879
154.426
152.023
149.687
147.396
142.16
140.06
138.01
136.005
134.047
132.135
127.766
125.99
124.253
122.558
120.898
119.271
115.534
114.016
112.526
111.065
109.63
108.225
104.981
103.661
102.366
101.092
99.838
98.6035
95.7583
94.5953
93.4505
92.3232
91.2138
90.122
87.5891
86.554
85.534
84.5273
83.5367
82.5619
80.2958
79.3667
78.4502
77.549
76.6615
75.7862
73.755
72.9233
72.1039
71.2973
70.5028
69.7206
67.9058
67.1648
66.435
65.7175
65.0125
64.3175
62.709
62.0528
61.407
60.7754
60.153
59.5416
58.1234
57.5443
56.9761
56.4182
55.8682
55.327
54.0753
53.5632
53.0583
52.5604
52.0707
51.5876
50.4661
50.0056
49.5512
49.1022
48.6594
48.2216
47.1995
46.7788
46.3629
45.9519
45.5454
45.1423
44.2009
43.812
43.4273
43.0453
42.6675
42.293
41.4145
41.0515
40.6916
40.3347
39.9804
39.6293
38.8053
38.4634
38.1244
37.7885
37.455
37.1241
36.3463
36.0238
35.7035
35.3856
35.0703
34.7573
34.0205
33.7149
33.4116
33.1104
32.8114
32.5144
31.8165
31.5268
31.2392
30.9534
30.6699
30.3882
29.7263
29.4519
29.1795
28.909
28.6408
28.3746
27.7492
27.49
27.2331
26.9785
26.726
26.4758
25.8896
25.6469
25.4071
25.1698
24.9345
24.7021
24.1589
23.9349
23.7139
23.4959
23.28
23.067
22.57
22.3654
22.1644
21.9664
21.7706
21.5775
21.1281
20.9432
20.7612
20.5815
20.4035
20.2284
19.8206
19.6527
19.4872
19.3237
19.1614
19.0015
18.6275
18.473
18.3205
18.1694
18.0194
17.8713
17.5241
17.3801
17.2378
17.0967
16.9564
16.8175
16.4913
16.3561
16.2217
16.0886
15.9562
15.825
15.5162
15.3879
15.2607
15.1345
15.0087
14.884
14.5902
14.4679
14.3468
14.2265
14.1067
13.9879
13.7077
13.591
13.4754
13.3604
13.2462
13.1324
12.8648
12.7534
12.6428
12.533
12.4236
12.315
12.0593
11.9528
11.8472
11.7423
11.6378
11.5342
11.2903
11.1888
11.0881
10.9882
10.8888
10.7902
10.5584
10.462
10.3666
10.2719
10.1778
10.0847
9.86616
9.77556
9.68603
9.59727
9.50917
9.42218
9.21858
9.13449
9.05149
8.96951
8.88823
8.8081
8.62067
8.54345
8.46759
8.39264
8.3185
8.24526
8.07459
8.00427
7.93497
7.86652
7.79867
7.73184
7.57578
7.51141
7.44796
7.38515
7.32285
7.26136
7.11729
7.05768
6.9988
6.94042
6.88241
6.82503
6.69028
6.63453
6.5791
6.52422
6.46959
6.4155
6.28823
6.23529
6.18284
6.13075
6.0789
6.02751
5.90641
5.85598
5.80597
5.75629
5.70691
5.6577
5.54195
5.49371
5.44586
5.39829
5.35098
5.30382
5.19284
5.14652
5.10058
5.05493
5.00941
4.96425
4.85771
4.81329
4.76919
4.72536
4.68167
4.63832
4.53606
4.49343
4.45114
4.40911
4.36721
4.32569
4.22781
4.18714
4.14661
4.10648
4.06653
4.02695
3.93387
3.89525
3.85684
3.81886
3.78108
3.74378
3.65637
3.62017
3.58444
3.54914
3.51416
3.4797
3.39936
3.36622
3.33366
3.30167
3.27022
3.23728
3.02738
2.9454
2.86733
2.79236
2.72059
2.65194
2.50025
2.44075
2.38359
2.32864
2.27541
2.2247
2.11052
2.06512
2.02147
1.97943
1.93884
1.8992
1.81
1.77449
1.73991
1.70641
1.67384
1.64235
