-2.48239
-2.73895
-3.03284
-3.37654
-3.76718
-4.19446
-4.65353
-5.14518
-5.67265
-6.24336
-6.87342
-7.59606
-8.44816
-9.42905
-10.5119
-11.6806
-12.9357
-14.2856
-15.7485
-17.3644
-19.2159
-21.4123
-23.975
-26.8374
-29.9553
-33.3319
-37.0021
-41.032
-45.5504
-50.8241
-57.2469
-65.0544
-74.2458
-84.934
-97.5506
-112.903
-132.384
-158.429
-195.636
-249.393
-317.855
-371.231
-349.4
-217.301
-7.00035
203.315
335.288
357.93
306.93
241.735
190.656
154.736
128.938
109.414
93.9583
81.2738
70.6651
61.8866
54.8064
49.0198
44.0619
39.648
35.6416
31.9675
28.5868
25.5013
22.7672
20.446
18.481
16.7505
15.1748
13.7173
12.3609
11.0978
9.93054
8.87984
7.97268
7.19832
6.51342
5.88668
5.30352
4.75666
4.2435
3.76579
3.33574
2.57351
1.95771
1.5481
1.25409
1.0304
-2.4834
-2.73781
-2.74008
-3.03152
-3.03417
-3.375
-3.37808
-3.76547
-3.76889
-4.19261
-4.19631
-4.65155
-4.6555
-5.14306
-5.1473
-5.67036
-5.67493
-6.24087
-6.24584
-6.87063
-6.87621
-7.5928
-7.59932
-8.44433
-8.452
-9.42473
-9.43338
-10.5072
-10.5166
-11.6755
-11.6856
-12.9302
-12.9411
-14.2797
-14.2914
-15.7421
-15.7549
-17.3572
-17.3716
-19.2076
-19.2243
-21.4024
-21.4223
-23.9637
-23.9864
-26.825
-26.8499
-29.9418
-29.9688
-33.3172
-33.3465
-36.9861
-37.0181
-41.0144
-41.0497
-45.5302
-45.5705
-50.8
-50.8482
-57.2172
-57.2765
-65.0189
-65.0898
-74.2046
-74.2871
-84.8858
-84.9823
-97.4932
-97.6081
-112.832
-112.974
-132.291
-132.477
-158.298
-158.559
-195.449
-195.823
-249.132
-249.654
-317.563
-318.146
-371.119
-371.341
-349.718
-349.081
-218.051
-216.549
-7.94027
-6.06017
202.557
204.072
334.959
335.614
358.035
357.824
307.206
306.658
241.981
241.49
190.834
190.479
154.861
154.611
129.031
128.846
109.486
109.342
94.0163
93.9003
81.322
81.2255
70.7056
70.6246
61.9195
61.8538
54.8328
54.78
49.0419
48.9977
44.0813
44.0425
39.6655
39.6305
35.6576
35.6257
31.9822
31.9528
28.6003
28.5733
25.5135
25.4891
22.7777
22.7567
20.4548
20.4372
18.4886
18.4734
16.7574
16.7437
15.1811
15.1685
13.7232
13.7115
12.3663
12.3554
11.1029
11.0927
9.93517
9.9259
8.88394
8.87575
7.97616
7.9692
7.20133
7.19531
6.51614
6.51071
5.8892
5.88417
5.30587
5.30116
4.75887
4.75445
4.24557
4.24144
3.7677
3.76389
3.3374
3.33408
2.57676
2.57028
1.95976
1.95567
1.54954
1.54666
1.25515
1.25303
1.03121
-2.49151
-2.72876
-2.74918
-3.02095
-3.04481
-3.36273
-3.39042
-3.7518
-3.7826
-4.17786
-4.2111
-4.63575
-4.67134
-5.12612
-5.16428
-5.65214
-5.69321
-6.22104
-6.26579
-6.84838
-6.8986
-7.56681
-7.62548
-8.41372
-8.48278
-9.39024
-9.468
-10.4697
-10.5542
-11.6352
-11.726
-12.8869
-12.9845
-14.2331
-14.3382
-15.6913
-15.806
-17.3002
-17.429
-19.1408
-19.2915
-21.3231
-21.5021
-23.8731
-24.0774
-26.7254
-26.9499
-29.834
-30.0771
-33.2002
-33.464
-36.8584
-37.1462
-40.8733
-41.1914
-45.3696
-45.7323
-50.6082
-51.0419
-56.9809
-57.5146
-64.736
-65.3743
-73.8755
-74.6184
-84.5001
-85.3696
-97.0352
-98.0699
-112.264
-113.547
-131.553
-133.221
-157.282
-159.61
-193.979
-197.328
-247.058
-251.753
-315.236
-320.484
-370.186
-372.161
-352.179
-346.449
-224.007
-210.53
-15.4376
1.47016
196.435
210.074
332.313
338.145
358.818
356.917
309.421
304.432
243.994
239.529
192.268
189.074
155.866
153.617
129.774
128.109
110.062
108.772
94.4825
93.4386
81.7095
80.841
71.0297
70.3037
62.1841
61.592
55.0451
54.5695
49.2194
48.8214
44.2369
43.8875
39.8055
39.491
35.7855
35.4982
32.0999
31.8356
28.7084
28.4657
25.6112
25.3918
22.8623
22.6728
20.5258
20.3668
18.5497
18.4126
16.8123
16.689
15.2316
15.1181
13.7701
13.6647
12.41
12.3119
11.1435
11.0522
9.97236
9.88886
8.91679
8.84311
8.00409
7.94145
7.22549
7.17128
6.53791
6.48902
5.90936
5.86408
5.32466
5.28238
4.77656
4.73682
4.26214
4.22491
3.78293
3.74869
3.35073
3.32084
2.603
2.54467
1.97616
1.93945
1.56113
1.53521
1.26373
1.24459
1.03779
-2.51658
-2.55231
-2.58867
-2.62554
-2.66302
-2.70123
-2.77739
-2.81784
-2.85913
-2.90144
-2.94464
-2.98891
-3.0778
-3.12512
-3.17359
-3.22316
-3.27375
-3.32538
-3.42857
-3.48311
-3.53854
-3.59496
-3.6521
-3.71013
-3.82487
-3.8851
-3.94595
-4.00757
-4.06986
-4.13278
-4.25673
-4.32151
-4.38706
-4.45328
-4.52009
-4.58747
-4.72024
-4.78962
-4.85979
-4.93065
-5.0021
-5.07439
-5.21664
-5.29098
-5.36616
-5.44209
-5.51884
-5.5965
-5.74963
-5.82975
-5.91095
-5.99314
-6.07619
-6.16054
-6.32733
-6.41504
-6.50426
-6.59483
-6.68689
-6.78074
-6.96793
-7.06728
-7.1689
-7.27286
-7.37905
-7.48793
-7.70682
-7.82373
-7.94374
-8.0666
-8.19221
-8.32073
-8.57816
-8.71447
-8.85369
-8.99536
-9.13925
-9.28526
-9.57496
-9.72705
-9.88133
-10.0376
-10.1954
-10.3553
-10.6701
-10.8349
-11.0016
-11.1701
-11.3402
-11.5121
-11.8506
-12.0275
-12.2066
-12.3875
-12.5701
-12.7547
-13.1184
-13.3086
-13.501
-13.6955
-13.8917
-14.0906
-14.4828
-14.6882
-14.8963
-15.107
-15.3201
-15.5362
-15.9639
-16.1889
-16.4178
-16.6502
-16.8863
-17.1267
-17.6066
-17.8609
-18.1211
-18.3875
-18.6596
-18.9387
-19.5003
-19.801
-20.1096
-20.4257
-20.7497
-21.0822
-21.7493
-22.1044
-22.4675
-22.8371
-23.2132
-23.5969
-24.3586
-24.7599
-25.1673
-25.5801
-25.998
-26.4217
-27.2585
-27.6974
-28.1413
-28.5903
-29.0448
-29.5048
-30.4109
-30.8862
-31.3668
-31.8533
-32.3455
-32.8435
-33.8264
-34.3423
-34.8643
-35.3927
-35.9278
-36.4695
-37.5417
-38.1057
-38.6776
-39.2577
-39.8462
-40.4439
-41.6299
-42.2567
-42.8948
-43.5445
-44.2067
-44.8821
-46.2338
-46.9545
-47.6931
-48.451
-49.2283
-50.0278
-51.6441
-52.5134
-53.4091
-54.3327
-55.2849
-56.2673
-58.2528
-59.3195
-60.4169
-61.5411
-62.6964
-63.8787
-66.2563
-67.5223
-68.8176
-70.1415
-71.4938
-72.8756
-75.6448
-77.1156
-78.6194
-80.1561
-81.7262
-83.3339
-86.5677
-88.2912
-90.0597
-91.8773
-93.7369
-95.6485
-99.5055
-101.586
-103.73
-105.932
-108.203
-110.552
-115.337
-117.933
-120.621
-123.41
-126.313
-129.334
-135.549
-138.961
-142.531
-146.27
-150.19
-154.295
-162.856
-167.633
-172.688
-177.991
-183.626
-189.58
-202.038
-209.001
-216.354
-224.095
-232.23
-240.812
-258.333
-267.811
-277.597
-287.705
-297.89
-307.988
-327.542
-336.927
-345.831
-353.881
-360.907
-366.84
-373.977
-375.207
-374.488
-371.381
-366.201
-358.803
-337.563
-323.033
-306.057
-286.718
-265.198
-241.77
-191.332
-162.498
-132.805
-102.092
-70.4167
-38.3245
24.4818
56.3585
87.8095
118.779
148.553
177.114
227.847
251.453
272.951
292.055
308.906
323.415
345.264
352.602
357.648
360.672
361.539
360.605
353.808
348.207
341.352
333.556
325.019
315.916
297.51
287.729
278.118
268.546
259.241
250.214
233.604
225.531
217.817
210.475
203.464
196.797
184.852
179.156
173.726
168.559
163.693
159.035
150.625
146.586
142.725
139.02
135.484
132.108
125.89
122.872
119.958
117.155
114.457
111.855
107.049
104.692
102.397
100.174
98.0207
95.9286
92.0402
90.1173
88.2434
86.4223
84.6444
82.9115
79.6765
78.0725
76.5034
74.9764
73.4881
72.037
69.3304
67.9916
66.6897
65.4252
64.198
63.0073
60.8016
59.7161
58.6655
57.6489
56.6621
55.7053
53.9324
53.0557
52.2029
51.3719
50.5608
49.7699
48.2859
47.5448
46.8183
46.1054
45.4051
44.7176
43.4165
42.7613
42.1166
41.481
40.8552
40.2381
39.0658
38.4738
37.8898
37.3122
36.7427
36.1803
35.1097
34.5674
34.0319
33.5022
32.9792
32.4626
31.4779
30.9787
30.486
29.9986
29.5175
29.0421
28.1372
27.6796
27.2285
26.7835
26.3449
25.9132
25.0958
24.6852
24.2833
23.8886
23.5022
23.125
22.4179
22.0663
21.7236
21.3894
21.0637
20.7465
20.1529
19.8575
19.5691
19.2865
19.0101
18.7391
18.2277
17.9705
17.7178
17.4688
17.2234
16.9818
16.522
16.2895
16.0599
15.8331
15.6087
15.3873
14.9643
14.7498
14.5378
14.3279
14.1199
13.9146
13.5219
13.3223
13.125
12.9296
12.736
12.5449
12.179
11.9931
11.8093
11.6272
11.447
11.2689
10.9286
10.7561
10.5859
10.4174
10.2513
10.0874
9.77596
9.61889
9.46472
9.31298
9.16421
9.0185
8.74398
8.60732
8.47354
8.34276
8.21515
8.09071
7.85732
7.74104
7.62753
7.51621
7.40723
7.30018
7.09814
6.99658
6.89672
6.79808
6.70093
6.60515
6.4228
6.33041
6.23931
6.14907
6.05978
5.97152
5.80275
5.71709
5.63237
5.54831
5.46506
5.38266
5.22497
5.14471
5.06527
4.98646
4.90838
4.83107
4.68294
4.60759
4.53297
4.45898
4.38572
4.31321
4.17442
4.10404
4.03431
3.96536
3.89719
3.83012
3.70237
3.63807
3.57473
3.51255
3.45172
3.3921
3.28069
3.22539
3.09649
2.94859
2.81263
2.68673
2.46888
2.36852
2.27497
2.18721
2.10526
2.02813
1.89087
1.82551
1.76391
1.70548
1.65008
1.59738
1.50092
1.4547
1.41144
1.36997
1.32969
1.29059
1.21926
1.18508
1.15229
1.11977
1.0884
1.05829
