-2.36746
-2.69183
-3.0757
-3.54389
-4.08455
-4.68126
-5.33413
-6.05241
-6.86227
-7.83024
-9.02304
-10.409
-11.9448
-13.6317
-15.4957
-17.6099
-20.1575
-23.3251
-27.0376
-31.1894
-35.8054
-40.9967
-47.0364
-54.5696
-64.3496
-76.5111
-91.3846
-110.245
-135.786
-173.784
-235.195
-323.095
-374.971
-269.066
-7.00035
255.274
361.146
311.851
228.326
169.621
132.343
106.741
87.7496
72.8909
61.2357
52.4154
45.4829
39.613
34.4449
29.8211
25.6969
22.1686
19.3294
16.985
14.9241
13.061
11.3638
9.82894
8.49921
7.41316
6.50257
5.69291
4.9532
4.27251
3.65305
2.9622
2.02477
1.4894
1.13965
0.889669
-2.36843
-2.69072
-2.69294
-3.07435
-3.07705
-3.54227
-3.54551
-4.08273
-4.08637
-4.67927
-4.68324
-5.33195
-5.33631
-6.05
-6.05482
-6.85949
-6.86506
-7.82681
-7.83367
-9.0189
-9.02717
-10.4043
-10.4137
-11.9397
-11.9499
-13.6261
-13.6374
-15.4894
-15.502
-17.6026
-17.6172
-20.1484
-20.1666
-23.314
-23.3362
-27.025
-27.0501
-31.1755
-31.2033
-35.7898
-35.8209
-40.979
-41.0144
-47.0152
-47.0575
-54.5424
-54.597
-64.3146
-64.3845
-76.4685
-76.5537
-91.3319
-91.4374
-110.176
-110.314
-135.69
-135.883
-173.634
-173.935
-234.948
-235.442
-322.807
-323.383
-375.004
-374.936
-269.714
-268.416
-7.94027
-6.06017
254.627
255.919
361.112
361.178
312.113
311.588
228.556
228.093
169.767
169.475
132.439
132.248
106.81
106.672
87.8026
87.6967
72.933
72.8489
61.2679
61.2035
52.4399
52.3909
45.503
45.4628
39.6305
39.5956
34.4604
34.4293
29.835
29.8072
25.7091
25.6846
22.1787
22.1585
19.3375
19.3213
16.9919
16.978
14.9303
14.9179
13.0667
13.0553
11.369
11.3586
9.83353
9.82434
8.50305
8.49537
7.41629
7.41004
6.50528
6.49985
5.69537
5.69045
4.95546
4.95095
4.27458
4.27043
3.6549
3.6512
2.96634
2.95807
2.02693
2.02262
1.49076
1.48805
1.1406
1.13871
0.890333
-2.37741
-2.68049
-2.70323
-3.06188
-3.08962
-3.52731
-3.56053
-4.06597
-4.10319
-4.66094
-4.70168
-5.31187
-5.35645
-6.02775
-6.07716
-6.83384
-6.89089
-7.79524
-7.86551
-8.98072
-9.06552
-10.3613
-10.4568
-11.8924
-11.9974
-13.5741
-13.6895
-15.4316
-15.5601
-17.5355
-17.6848
-20.0649
-20.2507
-23.2121
-23.4387
-26.9092
-27.1664
-31.0471
-31.3324
-35.6465
-35.9647
-40.8162
-41.1781
-46.8205
-47.254
-54.291
-54.8508
-63.9924
-64.7095
-76.0757
-76.9493
-90.8446
-91.9284
-109.543
-110.953
-134.802
-136.784
-172.246
-175.341
-232.681
-237.742
-320.118
-326.036
-375.206
-374.513
-275.594
-262.327
-16.5965
2.64719
248.573
261.781
360.697
361.424
314.529
309.074
230.706
225.959
171.139
168.131
133.331
131.364
107.452
106.038
88.2946
87.209
73.3236
72.4616
61.5676
60.9069
52.6674
52.1655
45.6894
45.2774
39.7924
39.4344
34.6044
34.286
29.9642
29.6785
25.823
25.5715
22.2726
22.0653
19.4127
19.2466
17.0562
16.914
14.988
14.8605
13.1191
13.0031
11.4167
11.311
9.87616
9.78191
8.53868
8.45998
7.44529
7.38115
6.53042
6.47482
5.71808
5.66773
4.97638
4.93009
4.29382
4.25127
3.67209
3.6341
3.00516
2.92029
2.04711
2.00285
1.50339
1.47563
1.14937
1.13003
0.896514
-2.4083
-2.45404
-2.50061
-2.54809
-2.5965
-2.64596
-2.73872
-2.79176
-2.84621
-2.90237
-2.96019
-3.0199
-3.13303
-3.1981
-3.26504
-3.33385
-3.40452
-3.47684
-3.61225
-3.68897
-3.7671
-3.84654
-3.92721
-4.00918
-4.16092
-4.2462
-4.33255
-4.42019
-4.50884
-4.59875
-4.76484
-4.85816
-4.95259
-5.04841
-5.14539
-5.24377
-5.42557
-5.52789
-5.63158
-5.73695
-5.84376
-5.9524
-6.15404
-6.26804
-6.38405
-6.50258
-6.62343
-6.74731
-6.98004
-7.1134
-7.25058
-7.39214
-7.53805
-7.68896
-7.9758
-8.14097
-8.31135
-8.48683
-8.66678
-8.85166
-9.19775
-9.3939
-9.59424
-9.79792
-10.0049
-10.2154
-10.6051
-10.8241
-11.0465
-11.2721
-11.5004
-11.7321
-12.1604
-12.4009
-12.645
-12.8926
-13.1434
-13.3979
-13.8686
-14.1334
-14.4026
-14.6759
-14.9536
-15.2356
-15.76
-16.0566
-16.3596
-16.6688
-16.9848
-17.3087
-17.9183
-18.2677
-18.6286
-19.0008
-19.3854
-19.7843
-20.542
-20.9795
-21.4317
-21.8972
-22.3766
-22.8684
-23.7918
-24.3166
-24.8519
-25.3975
-25.9524
-26.5173
-27.5657
-28.1563
-28.7562
-29.3656
-29.984
-30.6118
-31.7755
-32.4315
-33.0975
-33.7744
-34.4625
-35.1614
-36.4589
-37.1924
-37.9391
-38.6998
-39.475
-40.2659
-41.7424
-42.5828
-43.4436
-44.3262
-45.2321
-46.1654
-47.9336
-48.9561
-50.0161
-51.1159
-52.2592
-53.4486
-55.7335
-57.0656
-58.4484
-59.8843
-61.3711
-62.9113
-65.8323
-67.513
-69.2452
-71.0278
-72.862
-74.7517
-78.316
-80.3625
-82.4692
-84.6465
-86.8928
-89.2099
-93.6234
-96.1781
-98.8238
-101.58
-104.45
-107.429
-113.173
-116.552
-120.09
-123.803
-127.718
-131.849
-139.944
-144.798
-149.968
-155.459
-161.338
-167.646
-180.314
-188.079
-196.378
-205.306
-214.93
-225.233
-245.718
-257.88
-270.588
-283.772
-297.376
-310.894
-334.72
-346.559
-357.005
-365.509
-371.674
-374.778
-371.801
-364.71
-353.641
-338.139
-318.373
-294.264
-240.825
-206.809
-169.417
-129.897
-88.5969
-46.0266
32.1745
74.3356
115.839
155.422
192.668
226.906
280.44
304.292
324.002
339.665
351.073
358.04
361.271
358.352
352.568
344.385
334.292
322.868
300.266
287.24
274.445
261.861
249.786
238.257
218.891
209.133
199.919
191.362
183.41
175.969
163.705
157.546
151.783
146.368
141.271
136.455
128.404
124.276
120.35
116.617
113.073
109.686
103.912
100.9
98.0155
95.2425
92.5736
90.003
85.5687
83.2381
80.9868
78.8133
76.7096
74.6756
71.1604
69.3172
67.5418
65.8326
64.1892
62.611
59.9121
58.5115
57.1692
55.8807
54.645
53.4563
51.4075
50.33
49.2871
48.2751
47.2911
46.3326
44.652
43.7549
42.8774
42.0181
41.1752
40.349
38.8894
38.1057
37.3342
36.5767
35.8316
35.0991
33.8002
33.0996
32.4107
31.7327
31.0648
30.4081
29.2431
28.6154
27.9987
27.3929
26.7984
26.2151
25.1888
24.6412
24.1085
23.5892
23.0857
22.5977
21.752
21.3076
20.8788
20.4632
20.0617
19.6727
18.995
18.635
18.2847
17.9417
17.6062
17.2777
16.6972
16.3849
16.0781
15.7762
15.4785
15.1861
14.6658
14.385
14.1077
13.8344
13.5648
13.2991
12.826
12.57
12.3176
12.0686
11.8228
11.5807
11.1496
10.9168
10.6878
10.4622
10.2406
10.0228
9.63849
9.43292
9.23249
9.03688
8.84657
8.66193
8.34089
8.17157
8.00777
7.84883
7.69469
7.54527
7.28383
7.14467
7.00882
6.87564
6.74513
6.61685
6.38996
6.26767
6.14738
6.02864
5.91163
5.79615
5.59073
5.47946
5.36962
5.26116
5.15407
5.04812
4.8593
4.75688
4.65586
4.55589
4.45728
4.35983
4.18621
4.09229
3.99984
3.90866
3.8192
3.73128
3.57636
3.49374
3.41349
3.33565
3.26045
3.14368
2.7978
2.63346
2.48582
2.35213
2.23009
2.11844
1.93783
1.84823
1.76521
1.68794
1.616
1.54781
1.43459
1.37874
1.32503
1.27343
1.22476
1.17928
1.10105
1.06045
1.0223
0.985837
0.951097
0.918117
