-2.11424
-2.34554
-2.59821
-2.88157
-3.21157
-3.59505
-4.02263
-4.48629
-4.98534
-5.52235
-6.10431
-6.74533
-7.4753
-8.33698
-9.33719
-10.4508
-11.66
-12.9632
-14.3734
-15.9082
-17.6149
-19.5857
-21.9335
-24.6547
-27.6851
-30.997
-34.5945
-38.535
-42.9018
-47.8919
-53.8508
-61.1637
-69.9181
-80.1361
-92.0995
-106.484
-124.448
-147.958
-180.435
-226.741
-285.876
-333.045
-314.815
-197.34
-6.85467
183.529
301.02
319.614
275.271
219.801
175.868
144.085
120.885
102.905
88.4745
76.4956
66.496
58.3346
51.7595
46.2661
41.466
37.1533
33.222
29.6279
26.3427
23.4167
20.9175
18.8162
16.9819
15.3239
13.7998
12.3871
11.0772
9.87286
8.79665
7.87463
7.08456
6.38343
5.74145
5.14492
4.58748
4.06566
3.58372
3.06724
2.25094
1.73256
1.37628
1.11529
0.91538
0.760498
-2.11514
-2.34457
-2.3465
-2.59714
-2.59927
-2.88035
-2.88279
-3.21013
-3.213
-3.59341
-3.59669
-4.02084
-4.02443
-4.48435
-4.48824
-4.98328
-4.9874
-5.5201
-5.52461
-6.10187
-6.10675
-6.74262
-6.74803
-7.47213
-7.47847
-8.33321
-8.34075
-9.33295
-9.34144
-10.4461
-10.4555
-11.6549
-11.665
-12.9578
-12.9687
-14.3675
-14.3793
-15.9017
-15.9147
-17.6076
-17.6222
-19.5771
-19.5943
-21.9232
-21.9437
-24.6431
-24.6663
-27.6724
-27.6979
-30.9831
-31.0108
-34.5795
-34.6096
-38.5185
-38.5516
-42.8832
-42.9204
-47.8702
-47.9136
-53.8244
-53.8773
-61.1315
-61.1959
-69.8801
-69.9561
-80.0918
-80.1804
-92.0471
-92.1519
-106.42
-106.548
-124.366
-124.53
-147.847
-148.068
-180.282
-180.588
-226.531
-226.951
-285.637
-286.112
-332.952
-333.138
-315.082
-314.547
-197.992
-196.686
-7.66843
-6.04091
182.876
184.18
300.752
301.283
319.707
319.521
275.501
275.041
220.002
219.6
176.017
175.718
144.192
143.978
120.966
120.804
102.969
102.841
88.5277
88.4214
76.5396
76.4516
66.5324
66.4596
58.364
58.3053
51.7835
51.7356
46.2865
46.2456
41.4843
41.4477
37.1698
37.1368
33.237
33.207
29.6418
29.6141
26.3553
26.3302
23.4277
23.4058
20.9266
20.9085
18.824
18.8083
16.9889
16.9749
15.3303
15.3175
13.8057
13.7939
12.3925
12.3816
11.0822
11.0721
9.87744
9.86829
8.80069
8.79262
7.87804
7.87122
7.08752
7.0816
6.38612
6.38075
5.74392
5.73898
5.14723
5.14261
4.58964
4.58531
4.06768
4.06364
3.58557
3.58188
3.07138
3.06311
2.2535
2.24838
1.73426
1.73086
1.37749
1.37508
1.11621
1.11437
0.916079
0.914682
0.761074
-2.12248
-2.3366
-2.35455
-2.58838
-2.60798
-2.87018
-2.8929
-3.19833
-3.22488
-3.57993
-3.61027
-4.00606
-4.03926
-4.46838
-4.50428
-4.96629
-5.00449
-5.50159
-5.54323
-6.08183
-6.12694
-6.71985
-6.77044
-7.44607
-7.50473
-8.30219
-8.37189
-9.29804
-9.37656
-10.4076
-10.4942
-11.6133
-11.7068
-12.913
-13.0137
-14.3189
-14.428
-15.8483
-15.9682
-17.547
-17.6814
-19.5065
-19.6654
-21.8391
-22.0283
-24.5478
-24.7623
-27.5675
-27.8042
-30.8692
-31.1251
-34.4555
-34.7346
-38.3826
-38.6882
-42.7299
-43.0744
-47.692
-48.0937
-53.6072
-54.0965
-60.8666
-61.463
-69.5676
-70.2706
-79.7275
-80.5471
-91.6167
-92.5855
-105.895
-107.077
-123.695
-125.208
-146.944
-148.986
-179.023
-181.861
-224.733
-228.757
-283.64
-288.06
-332.141
-333.868
-317.224
-312.275
-203.313
-191.054
-14.382
0.67245
177.428
189.495
298.476
303.358
320.44
318.715
277.353
273.153
221.67
217.905
177.255
174.495
145.097
143.102
121.638
120.131
103.499
102.315
88.9669
87.9856
76.9041
76.09
66.8339
66.161
58.6072
58.0642
51.9817
51.5392
46.4558
46.077
41.6351
41.2969
37.306
37.0011
33.361
33.0837
29.756
29.5001
26.4588
26.2271
23.5184
23.3157
21.0023
20.834
18.8892
18.7436
17.0464
16.9175
15.383
15.265
13.8544
13.7453
12.4377
12.3366
11.1239
11.0306
9.91528
9.83011
8.8341
8.75944
7.90625
7.84317
7.11182
7.05719
6.40828
6.35866
5.76434
5.71858
5.16635
5.12358
4.60754
4.56746
4.08437
4.04701
3.60083
3.56669
3.10622
3.02946
2.27484
2.22745
1.74837
1.71695
1.38746
1.36521
1.12383
1.10687
0.921878
0.908952
0.765839
-2.14534
-2.17819
-2.21126
-2.24453
-2.27824
-2.31232
-2.37947
-2.41481
-2.45061
-2.48694
-2.52399
-2.5615
-2.63554
-2.67472
-2.71468
-2.75529
-2.79684
-2.83933
-2.92431
-2.96961
-3.01613
-3.06375
-3.11247
-3.16234
-3.26187
-3.31557
-3.36982
-3.42504
-3.48141
-3.53876
-3.6524
-3.71225
-3.7732
-3.83487
-3.89747
-3.96071
-4.08519
-4.15033
-4.21685
-4.2837
-4.35133
-4.41953
-4.55398
-4.62465
-4.6956
-4.7677
-4.84025
-4.91371
-5.0577
-5.13365
-5.21044
-5.28792
-5.36601
-5.44492
-5.60092
-5.68278
-5.76523
-5.84901
-5.93403
-6.01991
-6.18959
-6.27865
-6.36952
-6.46191
-6.55561
-6.65108
-6.84034
-6.94102
-7.04411
-7.1491
-7.25654
-7.36649
-7.58665
-7.70463
-7.82575
-7.94992
-8.07726
-8.20768
-8.46857
-8.60737
-8.74903
-8.89356
-9.04028
-9.19017
-9.48583
-9.64225
-9.80103
-9.96175
-10.1245
-10.2889
-10.6136
-10.7839
-10.9566
-11.1309
-11.3064
-11.4851
-11.8361
-12.0196
-12.2061
-12.3938
-12.5837
-12.7755
-13.1536
-13.3523
-13.5535
-13.7557
-13.9606
-14.1693
-14.579
-14.7934
-15.0119
-15.2334
-15.4581
-15.6851
-16.1336
-16.3711
-16.6123
-16.8576
-17.1095
-17.3636
-17.8713
-18.1431
-18.4202
-18.7037
-18.9936
-19.2914
-19.8881
-20.2122
-20.5407
-20.8775
-21.2242
-21.5805
-22.2912
-22.6691
-23.0557
-23.4475
-23.8485
-24.256
-25.0603
-25.4858
-25.9179
-26.3553
-26.7989
-27.2485
-28.1314
-28.5976
-29.0689
-29.5444
-30.0284
-30.5188
-31.479
-31.9859
-32.4977
-33.0169
-33.5408
-34.073
-35.123
-35.6749
-36.234
-36.8007
-37.378
-37.9638
-39.114
-39.7235
-40.3419
-40.9736
-41.6138
-42.2633
-43.5546
-44.2436
-44.9461
-45.6618
-46.3988
-47.1485
-48.6558
-49.4652
-50.2971
-51.1541
-52.0373
-52.9465
-54.782
-55.7765
-56.8021
-57.8563
-58.9436
-60.0584
-62.2987
-63.4992
-64.7329
-65.9953
-67.2892
-68.6122
-71.2518
-72.6618
-74.0968
-75.5675
-77.076
-78.6125
-81.6896
-83.333
-85.0158
-86.7373
-88.5034
-90.3093
-93.9452
-95.9118
-97.9196
-99.9837
-102.106
-104.297
-108.736
-111.147
-113.635
-116.204
-118.869
-121.648
-127.328
-130.406
-133.651
-137.032
-140.509
-144.244
-151.859
-156.047
-160.486
-165.21
-170.046
-175.277
-185.914
-192.065
-198.478
-205.225
-212.281
-219.522
-234.617
-242.978
-251.405
-259.743
-268.43
-277.45
-293.815
-302.4
-309.757
-317.317
-323.912
-329.212
-335.714
-336.868
-336.327
-334.422
-330.385
-323.49
-304.594
-292.127
-276.583
-259.327
-240.233
-219.514
-173.701
-147.922
-121.146
-93.0484
-64.3809
-35.2036
21.4575
50.7329
79.2717
107.002
134.114
159.975
205.715
226.46
245.64
262.66
277.862
290.605
309.123
315.772
320.569
323.172
323.411
322.144
316.015
310.944
305.1
298.331
290.7
282.63
267.364
258.909
250.423
242.457
234.668
226.992
212.803
205.708
199.275
192.955
186.893
181.146
170.791
165.796
161.001
156.445
152.158
147.973
140.452
136.849
133.387
129.999
126.783
123.745
118.073
115.315
112.646
110.07
107.575
105.163
100.713
98.5155
96.383
94.3101
92.2919
90.3304
86.6703
84.8559
83.0887
81.3649
79.6818
78.0425
74.9861
73.4656
71.9849
70.5468
69.1395
67.7761
65.2525
63.9996
62.7809
61.606
60.474
59.3711
57.3337
56.3334
55.36
54.4116
53.4934
52.6007
50.9403
50.1126
49.3056
48.5152
47.7407
46.9833
45.5613
44.8464
44.1417
43.4515
42.7712
42.1035
40.8356
40.1964
39.5646
38.945
38.3318
37.728
36.5847
36.0038
35.4294
34.8638
34.3031
33.748
32.7047
32.1728
31.6468
31.1277
30.6154
30.1093
29.1506
28.6619
28.1815
27.7085
27.2414
26.7807
25.9113
25.4726
25.0432
24.6215
24.2068
23.8006
23.0413
22.6615
22.2945
21.9344
21.5809
21.2396
20.6064
20.2885
19.9781
19.6753
19.3791
19.09
18.5463
18.2727
18.0043
17.7406
17.4805
17.2252
16.7407
16.4952
16.2536
16.0148
15.778
15.5464
15.1038
14.8785
14.6568
14.4371
14.2208
14.0054
13.5959
13.3871
13.181
12.9778
12.7755
12.5766
12.1985
12.0045
11.8135
11.6252
11.4383
11.2534
10.9025
10.724
10.5479
10.3743
10.2028
10.0336
9.71463
9.55358
9.39508
9.23978
9.08719
8.93825
8.65846
8.51972
8.38316
8.2496
8.11972
7.99381
7.75756
7.63833
7.52223
7.40852
7.2973
7.18831
6.98239
6.8782
6.77543
6.67451
6.57491
6.47715
6.29085
6.19612
6.10258
6.00958
5.91844
5.82768
5.65568
5.56792
5.48125
5.3954
5.3101
5.22569
5.06521
4.98299
4.90182
4.8214
4.74169
4.66298
4.51264
4.4358
4.35946
4.28424
4.20996
4.13617
3.99602
3.92476
3.85426
3.78458
3.71591
3.64815
3.52026
3.45579
3.39272
3.33132
3.2723
3.21629
2.92874
2.79421
2.66911
2.55279
2.44421
2.34274
2.16494
2.08146
2.00333
1.92933
1.8592
1.79303
1.67515
1.6186
1.56447
1.51317
1.46443
1.41877
1.33532
1.29448
1.25533
1.21792
1.18242
1.14777
1.08415
1.05305
1.02316
0.994429
0.966729
0.940113
0.891624
0.868496
0.845907
0.823746
0.801984
0.780682
