-2.4148
-2.69532
-3.0328
-3.48273
-3.98673
-4.52398
-5.09867
-5.7158
-6.37587
-7.10104
-8.04387
-9.25485
-10.575
-11.9874
-13.5035
-15.1337
-16.8897
-18.8961
-21.6593
-25.0048
-28.6229
-32.5247
-36.7688
-41.403
-46.5371
-52.9406
-62.0867
-73.0198
-85.6818
-100.891
-120.069
-145.92
-185.164
-257.397
-378.307
-454.215
-322.746
-6.97874
309.65
438.445
361.235
248.637
182.457
143.358
117.005
97.4479
81.9254
68.9751
58.44
51.1636
45.3642
40.1849
35.4764
31.1694
27.1889
23.5233
20.5107
18.3204
16.3979
14.613
12.951
11.4049
9.95584
8.6305
7.59803
6.79346
6.05618
5.36557
4.71674
4.10601
3.52966
2.85364
2.00798
1.52527
1.19746
-2.41574
-2.69429
-2.69636
-3.03142
-3.03418
-3.48103
-3.48444
-3.98491
-3.98855
-4.52204
-4.52592
-5.09657
-5.10076
-5.71354
-5.71805
-6.37347
-6.37824
-7.09828
-7.1038
-8.03997
-8.04777
-9.2504
-9.2593
-10.5702
-10.5797
-11.9823
-11.9925
-13.4981
-13.509
-15.1278
-15.1396
-16.8832
-16.8963
-18.8881
-18.9041
-21.6482
-21.6703
-24.9926
-25.017
-28.6097
-28.636
-32.5108
-32.5386
-36.7533
-36.7843
-41.386
-41.4199
-46.5179
-46.5564
-52.9138
-52.9674
-62.0511
-62.1223
-72.9789
-73.0608
-85.6336
-85.73
-100.832
-100.95
-119.992
-120.145
-145.813
-146.028
-184.988
-185.333
-257.055
-257.741
-377.854
-378.764
-454.26
-454.169
-323.629
-321.861
-8.17201
-5.78548
308.761
310.496
438.375
438.513
361.7
360.77
248.94
248.335
182.629
182.291
143.468
143.248
117.083
116.926
97.5081
97.3877
81.9746
81.8761
69.0167
68.9335
58.4706
58.4094
51.1855
51.1418
45.3832
45.3451
40.2021
40.1677
35.4922
35.4606
31.1839
31.155
27.2023
27.1755
23.5354
23.5113
20.5194
20.5019
18.3276
18.3133
16.4044
16.3914
14.619
14.607
12.9567
12.9454
11.4102
11.3997
9.96072
9.95097
8.63478
8.62623
7.60105
7.59502
6.79614
6.79079
6.05867
6.05369
5.36792
5.36322
4.71896
4.71453
4.10809
4.10394
3.5316
3.52771
2.85769
2.84958
2.0101
2.00585
1.52664
1.5239
1.19842
-2.42396
-2.68529
-2.70546
-3.01937
-3.04645
-3.46612
-3.49941
-3.96899
-4.00453
-4.50507
-4.54295
-5.07824
-5.11912
-5.69381
-5.73772
-6.35252
-6.39896
-7.0743
-7.12806
-8.00599
-8.08208
-9.2115
-9.29796
-10.5287
-10.6217
-11.9381
-12.0373
-13.4501
-13.5571
-15.076
-15.1913
-16.8279
-16.9533
-18.8182
-18.9736
-21.5516
-21.7676
-24.8861
-25.1238
-28.4946
-28.7509
-32.3873
-32.6623
-36.6177
-36.9202
-41.2378
-41.5687
-46.3496
-46.7242
-52.6808
-53.2041
-61.7404
-62.4276
-72.6221
-73.4203
-85.2143
-86.1527
-100.318
-101.469
-119.328
-120.817
-144.877
-146.977
-183.391
-186.882
-254.086
-260.767
-373.883
-382.849
-454.795
-453.679
-331.224
-314.205
-18.6135
4.6552
299.792
317.758
437.868
438.982
365.675
356.688
251.618
245.72
184.151
180.799
144.432
142.293
117.772
116.242
98.0367
96.8634
82.4055
81.4464
69.3821
68.5712
58.7391
58.1434
51.3772
50.9512
45.55
45.1786
40.3527
40.0176
35.6308
35.3226
31.3102
31.0289
27.3199
27.0581
23.6412
23.4057
20.5966
20.4258
18.3901
18.2526
16.4614
16.3349
14.6717
14.5545
13.0059
12.8965
11.456
11.3538
10.0041
9.90835
8.67225
8.58892
7.62842
7.56879
6.81952
6.76743
6.08051
6.0319
5.38851
5.34273
4.73814
4.69537
4.12628
4.08563
3.54858
3.51068
2.89401
2.81411
2.02887
1.98742
1.53872
1.51197
1.20684
-2.45161
-2.49131
-2.53157
-2.57224
-2.61382
-2.65573
-2.73588
-2.7808
-2.82728
-2.87579
-2.92661
-2.98067
-3.08769
-3.14963
-3.21401
-3.28036
-3.34844
-3.41815
-3.54885
-3.62096
-3.69374
-3.76752
-3.8416
-3.91675
-4.05717
-4.13412
-4.2115
-4.29032
-4.36937
-4.44931
-4.59967
-4.6818
-4.76462
-4.84834
-4.93297
-5.01865
-5.1797
-5.2679
-5.35688
-5.44653
-5.53782
-5.62955
-5.80239
-5.89602
-5.99124
-6.08791
-6.18527
-6.28358
-6.46837
-6.5701
-6.67361
-6.77901
-6.88614
-6.99702
-7.21025
-7.33274
-7.46171
-7.59829
-7.74368
-7.89607
-8.19668
-8.36687
-8.54158
-8.72031
-8.89973
-9.08298
-9.42764
-9.6171
-9.80781
-10.0009
-10.1955
-10.3914
-10.7593
-10.9621
-11.1663
-11.372
-11.5801
-11.7912
-12.1846
-12.4019
-12.6202
-12.8415
-13.0657
-13.2925
-13.7174
-13.9492
-14.1859
-14.4237
-14.6656
-14.9083
-15.362
-15.6138
-15.8667
-16.1222
-16.3807
-16.6446
-17.1393
-17.4141
-17.6952
-17.9855
-18.2815
-18.5939
-19.2128
-19.5768
-19.9618
-20.3685
-20.7949
-21.2373
-22.0909
-22.5679
-23.0482
-23.5374
-24.0329
-24.5359
-25.4779
-25.9952
-26.5179
-27.0448
-27.5783
-28.116
-29.1325
-29.688
-30.2511
-30.8229
-31.3978
-31.9783
-33.0768
-33.6797
-34.2922
-34.9139
-35.543
-36.1733
-37.3717
-38.0315
-38.7024
-39.3771
-40.0572
-40.7504
-42.0622
-42.7858
-43.5194
-44.2635
-45.0246
-45.8019
-47.2911
-48.1375
-49.0063
-49.9272
-50.898
-51.9294
-54.0198
-55.2462
-56.5396
-57.8867
-59.2828
-60.7248
-63.4708
-65.0048
-66.5675
-68.1665
-69.7936
-71.4547
-74.6181
-76.3786
-78.1799
-80.024
-81.9123
-83.8475
-87.564
-89.6528
-91.7999
-94.01
-96.2915
-98.6435
-103.206
-105.795
-108.48
-111.267
-114.163
-117.172
-123.081
-126.49
-130.057
-133.802
-137.729
-141.88
-150.19
-155.106
-160.322
-165.944
-171.992
-178.528
-192.288
-200.779
-210.15
-220.511
-232.036
-244.643
-271.073
-286.97
-303.899
-321.542
-340.651
-360.149
-396.572
-413.799
-429.566
-441.708
-450.255
-454.403
-450.839
-441.446
-427.038
-408.817
-384.596
-354.748
-287.459
-245.691
-200.012
-151.659
-102.995
-53.0789
39.1852
88.8968
137.836
185.234
230.538
272.374
340.622
369.808
393.148
411.848
425.169
433.768
437.573
433.8
425.313
411.971
396.846
378.692
343.382
324.772
307.086
290.393
275.061
260.774
237.333
225.979
215.839
206.212
197.44
189.423
176.043
169.56
163.553
157.927
152.656
147.71
139.229
135.014
131
127.177
123.537
120.072
114.051
110.974
108.026
105.179
102.443
99.8056
95.1575
92.7581
90.4312
88.1754
85.9814
83.8454
80.0462
78.065
76.1316
74.245
72.3983
70.5988
67.3875
65.7235
64.1097
62.5585
61.0731
59.6607
57.2894
56.1111
55.0066
53.964
52.9682
52.0129
50.3202
49.446
48.5863
47.7413
46.9169
46.1024
44.6336
43.855
43.0888
42.3305
41.589
40.854
39.5236
38.8207
38.1249
37.436
36.7565
36.0863
34.8716
34.231
33.5949
32.9648
32.3422
31.7302
30.6155
30.0231
29.4318
28.8498
28.2775
27.7093
26.6746
26.1229
25.5779
25.041
24.5124
23.9921
23.0589
22.5778
22.1124
21.6689
21.2521
20.8549
20.1815
19.8427
19.5168
19.2021
18.8973
18.5934
18.0519
17.7639
17.4813
17.2007
16.9239
16.6496
16.149
15.8817
15.6195
15.3593
15.1011
14.8455
14.3811
14.133
13.8874
13.6443
13.4045
13.1675
12.7359
12.505
12.2764
12.0512
11.828
11.6076
11.2023
10.9865
10.7739
10.5626
10.3531
10.146
9.76772
9.56734
9.36939
9.17444
8.9844
8.79687
8.46889
8.30121
8.14419
7.9943
7.85313
7.71824
7.48209
7.36046
7.24112
7.12459
7.01014
6.89736
6.6908
6.58116
6.47258
6.36459
6.25815
6.1529
5.96017
5.85735
5.7555
5.65474
5.55468
5.45632
5.27527
5.17881
5.08321
4.98879
4.89475
4.80198
4.63224
4.54172
4.45201
4.36268
4.2743
4.18649
4.02563
3.94024
3.85542
3.77141
3.68764
3.60505
3.455
3.37517
3.29633
3.2166
3.1291
3.00898
2.70093
2.5522
2.41956
2.30022
2.19174
2.09275
1.92883
1.84945
1.77458
1.70471
1.64032
1.57941
1.47342
1.4203
1.36973
1.32299
1.27742
1.23502
