-2.19784
-2.37134
-2.55638
-2.75718
-2.98058
-3.23289
-3.51484
-3.82219
-4.15028
-4.49704
-4.86244
-5.24764
-5.65442
-6.08625
-6.54937
-7.05539
-7.62221
-8.26669
-8.99
-9.77989
-10.6249
-11.5199
-12.465
-13.4636
-14.521
-15.6469
-16.8598
-18.1921
-19.6949
-21.4123
-23.3472
-25.4686
-27.7469
-30.172
-32.75
-35.496
-38.4334
-41.6022
-45.0706
-48.9589
-53.443
-58.6948
-64.7713
-71.6571
-79.3833
-88.0835
-98.012
-109.56
-123.304
-140.17
-161.585
-189.851
-227.523
-275.677
-329.338
-369.308
-366.884
-301.053
-172.759
-7.00035
158.723
287.139
353.293
356.066
317.658
266.714
221.044
185.112
157.788
136.679
119.852
106.055
94.4241
84.4353
75.7351
68.1494
61.6246
56.1018
51.4025
47.2937
43.5989
40.2108
37.0691
34.1354
31.3842
28.8032
26.3937
24.1765
22.1888
20.446
18.9147
17.5354
16.2638
15.0741
13.9528
12.892
11.8873
10.9364
10.0425
9.2151
8.46857
7.80845
7.22246
6.68951
6.19409
5.72729
5.28472
4.86332
4.46175
4.07997
3.72034
3.38946
2.88931
2.29265
1.87841
1.57136
1.33419
1.14344
0.985875
0.857876
-2.19876
-2.37037
-2.37231
-2.55533
-2.55742
-2.75604
-2.75833
-2.97929
-2.98187
-3.23144
-3.23435
-3.51323
-3.51644
-3.82046
-3.82392
-4.14845
-4.15211
-4.4951
-4.49897
-4.8604
-4.86448
-5.24549
-5.24979
-5.65214
-5.65669
-6.08382
-6.08868
-6.54676
-6.55199
-7.05249
-7.05829
-7.61893
-7.62548
-8.26297
-8.27042
-8.98588
-8.99413
-9.77544
-9.78434
-10.6202
-10.6296
-11.5149
-11.5249
-12.4597
-12.4702
-13.458
-13.4692
-14.515
-14.5269
-15.6406
-15.6532
-16.8529
-16.8667
-18.1844
-18.1997
-19.6862
-19.7037
-21.4024
-21.4223
-23.3362
-23.3583
-25.4566
-25.4806
-27.7342
-27.7597
-30.1584
-30.1856
-32.7355
-32.7645
-35.4806
-35.5114
-38.4168
-38.4499
-41.5843
-41.6202
-45.0508
-45.0904
-48.9364
-48.9815
-53.4167
-53.4694
-58.6641
-58.7256
-64.736
-64.8066
-71.6175
-71.6967
-79.3389
-79.4278
-88.0333
-88.1338
-97.9542
-98.0699
-109.492
-109.628
-123.222
-123.386
-140.068
-140.273
-161.453
-161.718
-189.675
-190.028
-227.288
-227.758
-275.393
-275.962
-329.065
-329.61
-369.178
-369.437
-367.055
-366.71
-301.599
-300.506
-173.602
-171.915
-7.94027
-6.06017
157.891
159.555
286.602
287.673
353.118
353.466
356.182
355.948
317.925
317.39
266.986
266.443
221.265
220.823
185.282
184.943
157.918
157.659
136.78
136.578
119.934
119.769
106.123
105.987
94.4825
94.3657
84.4859
84.3847
75.7793
75.6909
68.1877
68.1111
61.6572
61.592
56.1294
56.0742
51.4263
51.3788
47.3148
47.2726
43.6181
43.5798
40.2285
40.1931
37.0855
37.0526
34.1508
34.1199
31.3987
31.3697
28.8168
28.7897
26.4063
26.3811
24.1879
24.165
22.1989
22.1787
20.4548
20.4372
18.9225
18.9068
17.5426
17.5282
16.2704
16.2571
15.0804
15.0678
13.9587
13.9469
12.8976
12.8864
11.8926
11.882
10.9414
10.9314
10.0472
10.0378
9.21939
9.21081
8.47239
8.46475
7.81182
7.80509
7.22549
7.21944
6.69229
6.68673
6.1967
6.19148
5.72975
5.72483
5.28707
5.28238
4.86556
4.86109
4.46388
4.45962
4.08198
4.07795
3.72222
3.71845
3.39116
3.38775
2.89327
2.88535
2.2953
2.28999
1.88033
1.87649
1.57283
1.56989
1.33534
1.33304
1.14438
1.14249
0.986648
0.985103
0.858503
-2.20543
-2.36335
-2.37935
-2.54778
-2.56501
-2.74776
-2.76665
-2.96998
-2.99124
-3.22092
-3.24493
-3.50161
-3.52812
-3.80794
-3.83647
-4.13516
-4.16542
-4.4811
-4.51301
-4.84565
-4.87928
-5.22992
-5.2654
-5.63567
-5.67322
-6.06628
-6.1063
-6.52782
-6.57101
-7.03156
-7.07935
-7.59524
-7.64933
-8.23607
-8.29749
-8.95602
-9.02407
-9.74323
-9.81666
-10.586
-10.664
-11.4787
-11.5612
-12.4215
-12.5086
-13.4176
-13.5097
-14.4722
-14.5699
-15.5948
-15.6992
-16.8032
-16.9167
-18.1291
-18.2554
-19.623
-19.7671
-21.3305
-21.4946
-23.2561
-23.4387
-25.37
-25.5675
-27.6416
-27.8525
-30.0601
-30.2842
-32.6309
-32.8694
-35.369
-35.6233
-38.297
-38.5702
-41.4543
-41.7507
-44.9075
-45.2346
-48.7733
-49.1458
-53.2266
-53.6611
-58.442
-58.9494
-64.4809
-65.0632
-71.331
-71.9848
-79.0177
-79.751
-87.6702
-88.4996
-97.5362
-98.4905
-109
-110.124
-122.628
-123.986
-139.328
-141.021
-160.501
-162.683
-188.406
-191.316
-225.592
-229.468
-273.35
-278.04
-327.033
-331.59
-368.198
-370.337
-368.236
-365.401
-305.504
-296.492
-179.686
-165.785
-14.7423
0.7635
151.822
165.531
282.645
291.508
351.783
354.654
357.065
355.044
319.848
315.437
268.968
264.491
222.876
219.229
186.523
183.723
158.865
156.726
137.52
135.847
120.533
119.175
106.62
105.493
94.9068
93.9438
84.8542
84.0191
76.1006
75.3718
68.4666
67.8343
61.8948
61.3567
56.3304
55.8749
51.5991
51.2071
47.4679
47.1203
43.7573
43.4412
40.3571
40.065
37.2052
36.9333
34.2628
34.0082
31.504
31.2648
28.9154
28.6914
26.4979
26.2899
24.2712
24.0822
22.2726
22.1055
20.5191
20.3734
18.9796
18.8499
17.5947
17.4763
16.3189
16.2088
15.126
15.0224
14.0017
13.904
12.9383
12.8458
11.9312
11.8435
10.9778
10.895
10.0812
10.0038
9.25055
9.17978
8.50017
8.43714
7.8363
7.78075
7.24746
7.19757
6.71251
6.66658
6.21563
6.1726
5.74766
5.70704
5.3041
5.26538
4.8818
4.84489
4.47935
4.4442
4.09664
4.06333
3.73591
3.70481
3.40355
3.37549
2.92231
2.85695
2.31472
2.27091
1.89436
1.86265
1.58352
1.55931
1.34371
1.32468
1.15128
1.13565
0.992274
0.979531
0.86306
-2.2233
-2.24713
-2.27119
-2.29546
-2.31999
-2.34461
-2.39827
-2.42366
-2.44934
-2.47516
-2.50128
-2.52769
-2.58539
-2.61273
-2.64043
-2.66855
-2.69699
-2.72577
-2.78907
-2.81938
-2.84999
-2.88119
-2.91299
-2.94533
-3.01648
-3.05062
-3.08533
-3.12069
-3.15652
-3.19302
-3.27345
-3.3117
-3.35065
-3.39019
-3.43029
-3.47082
-3.55947
-3.60162
-3.64428
-3.68721
-3.73071
-3.77463
-3.87015
-3.91531
-3.96085
-4.00676
-4.05313
-4.09973
-4.20111
-4.249
-4.29706
-4.34559
-4.39449
-4.44387
-4.55062
-4.60101
-4.65175
-4.70297
-4.75439
-4.80629
-4.91903
-4.97202
-5.0255
-5.07943
-5.13374
-5.18855
-5.30721
-5.36321
-5.41974
-5.47654
-5.53392
-5.59176
-5.71751
-5.77689
-5.83675
-5.89715
-5.95823
-6.01959
-6.15355
-6.21708
-6.28103
-6.34576
-6.4112
-6.47743
-6.6221
-6.69093
-6.76066
-6.83149
-6.90309
-6.9759
-7.1362
-7.21261
-7.2905
-7.36972
-7.4504
-7.53242
-7.71368
-7.80068
-7.88924
-7.97951
-8.07127
-8.16473
-8.37036
-8.46872
-8.56858
-8.66975
-8.77251
-8.87665
-9.1045
-9.21275
-9.32213
-9.43273
-9.54458
-9.65754
-9.90334
-10.0196
-10.137
-10.2553
-10.3745
-10.495
-10.756
-10.8793
-11.0036
-11.1288
-11.2551
-11.3823
-11.6584
-11.7886
-11.9197
-12.052
-12.1853
-12.3196
-12.6112
-12.7488
-12.8875
-13.0272
-13.1681
-13.31
-13.6182
-13.7639
-13.9103
-14.0583
-14.2074
-14.3579
-14.6852
-14.8399
-14.9958
-15.1534
-15.3124
-15.4728
-15.8226
-15.9885
-16.1561
-16.3258
-16.4972
-16.6709
-17.0509
-17.2316
-17.4157
-17.6015
-17.7904
-17.9824
-18.4054
-18.608
-18.8141
-19.0238
-19.2381
-19.4557
-19.9383
-20.1697
-20.4054
-20.6456
-20.8905
-21.1397
-21.6891
-21.9517
-22.2191
-22.4907
-22.765
-23.0435
-23.6546
-23.945
-24.2385
-24.5356
-24.8361
-25.14
-25.8014
-26.1138
-26.4297
-26.7484
-27.0702
-27.3954
-28.1015
-28.435
-28.7715
-29.1109
-29.4535
-29.7986
-30.5489
-30.9034
-31.2608
-31.6216
-31.9856
-32.3527
-33.151
-33.5284
-33.9093
-34.2935
-34.6812
-35.0723
-35.9239
-36.3265
-36.733
-37.1442
-37.5593
-37.9786
-38.8934
-39.3268
-39.7648
-40.2081
-40.6562
-41.1094
-42.1016
-42.5735
-43.0518
-43.5366
-44.0282
-44.5274
-45.6235
-46.1482
-46.6818
-47.2247
-47.7778
-48.3422
-49.5895
-50.1904
-50.803
-51.4301
-52.0699
-52.7247
-54.1796
-54.8819
-55.6014
-56.3368
-57.0878
-57.8549
-59.555
-60.374
-61.2074
-62.058
-62.9254
-63.8068
-65.7545
-66.6865
-67.6334
-68.597
-69.5767
-70.5716
-72.761
-73.8089
-74.8731
-75.9541
-77.0512
-78.1667
-80.6224
-81.795
-82.9898
-84.2063
-85.4483
-86.7074
-89.4875
-90.8249
-92.1882
-93.5736
-94.9887
-96.432
-99.6291
-101.175
-102.756
-104.371
-106.018
-107.704
-111.466
-113.287
-115.159
-117.079
-119.048
-121.07
-125.609
-127.827
-130.11
-132.465
-134.886
-137.384
-143.051
-145.838
-148.72
-151.711
-154.805
-157.957
-165.316
-168.965
-172.75
-176.673
-180.777
-185.059
-194.825
-199.685
-204.721
-209.988
-215.469
-221.16
-234.116
-240.538
-247.09
-253.832
-260.812
-267.879
-283.65
-291.277
-298.846
-306.353
-313.967
-321.47
-336.796
-343.479
-349.728
-355.522
-360.669
-365.236
-372.409
-374.196
-375.133
-375.066
-373.677
-370.991
-361.357
-354.92
-347.078
-337.819
-327.274
-315.359
-285.343
-269.471
-252.477
-234.324
-215.324
-195.469
-149.276
-126.976
-104.047
-80.5554
-56.8161
-32.7927
18.9515
42.8587
66.3538
89.7714
112.908
135.344
181.261
201.321
220.43
238.528
255.677
271.583
301.303
313.12
323.676
332.937
340.997
347.755
357.287
359.869
361.246
361.507
360.8
359.053
352.312
347.981
342.938
337.302
331.336
324.891
310.361
303.202
295.927
288.64
281.47
274.33
259.307
252.566
245.971
239.559
233.344
227.311
215.021
209.641
204.413
199.368
194.53
189.883
180.531
176.413
172.441
168.619
164.964
161.443
154.284
151.126
148.083
145.142
142.298
139.537
133.927
131.448
129.019
126.666
124.385
122.166
117.61
115.574
113.601
111.677
109.8
107.968
104.189
102.485
100.82
99.1971
97.607
96.0528
92.8302
91.3763
89.9529
88.5554
87.1893
85.8476
83.0519
81.7883
80.5482
79.3327
78.1415
76.9686
74.5277
73.4244
72.3418
71.2794
70.2387
69.2192
67.1028
66.149
65.2157
64.3029
63.4106
62.5385
60.735
59.925
59.1348
58.3634
57.6102
56.8734
55.3494
54.6647
53.9947
53.3383
52.6952
52.0654
50.7524
50.158
49.5744
49.0005
48.4361
47.8804
46.7162
46.1857
45.6616
45.1452
44.6356
44.1323
43.0727
42.5878
42.1089
41.6346
41.1662
40.7027
39.7245
39.2759
38.8322
38.3932
37.9585
37.5269
36.6161
36.1978
35.7835
35.3732
34.9666
34.5635
33.7108
33.3187
32.9304
32.5456
32.1644
31.7862
30.9859
30.6185
30.2539
29.8926
29.5348
29.1802
28.4304
28.0861
27.7454
27.4081
27.0744
26.7441
26.0476
25.7288
25.4143
25.1036
24.7972
24.4958
23.8627
23.5742
23.2909
23.0127
22.7393
22.471
21.9115
21.6582
21.4104
21.1663
20.9274
20.6927
20.2039
19.9827
19.765
19.551
19.3403
19.1332
18.6988
18.5012
18.3058
18.1132
17.9226
17.7345
17.3382
17.1566
16.977
16.7996
16.6232
16.4488
16.0801
15.9108
15.743
15.5765
15.4115
15.2481
14.9014
14.7421
14.584
14.4272
14.2714
14.117
13.7897
13.639
13.4895
13.3409
13.1939
13.0474
12.7374
12.5948
12.453
12.3125
12.173
12.0346
11.7409
11.6058
11.4717
11.3385
11.2065
11.0755
10.7983
10.6708
10.5445
10.4194
10.2954
10.1727
9.91385
9.79497
9.6776
9.56168
9.44726
9.3343
9.0974
8.98955
8.88332
8.77875
8.67595
8.57493
8.3639
8.26824
8.17429
8.082
7.99133
7.90221
7.71614
7.63175
7.54864
7.46683
7.38614
7.30646
7.13945
7.06316
6.98785
6.9134
6.83966
6.7669
6.61286
6.54227
6.47252
6.40308
6.33439
6.26636
6.12222
6.05593
5.99009
5.92477
5.86007
5.79566
5.65939
5.59668
5.53419
5.47226
5.41071
5.34963
5.22008
5.16031
5.10095
5.04206
4.9834
4.92525
4.80183
4.74475
4.68819
4.63202
4.57617
4.52084
4.40314
4.34891
4.29517
4.24164
4.18857
4.13591
4.0245
3.97309
3.92221
3.87185
3.8221
3.77264
3.66855
3.62103
3.57391
3.52754
3.48183
3.43687
3.34297
3.30048
3.25876
3.21801
3.11455
3.0024
2.78364
2.69059
2.6025
2.51985
2.44178
2.36796
2.22112
2.15801
2.09792
2.0402
1.98519
1.93261
1.82652
1.78013
1.73575
1.69305
1.65211
1.61251
1.53144
1.49572
1.46129
1.42831
1.39698
1.36632
1.30265
1.27414
1.24653
1.21997
1.19429
1.1696
1.11761
1.09425
1.07143
1.0495
1.02823
1.00754
0.964831
0.945791
0.927289
0.909358
0.891897
0.875309
