-2.88213
-3.47785
-4.20892
-5.04722
-6.00197
-7.13032
-8.57801
-10.399
-12.5133
-14.9311
-17.7799
-21.4329
-26.1441
-31.7282
-38.2195
-46.0192
-56.3071
-70.5546
-89.3811
-115.168
-154.817
-224.727
-322.811
-293.592
-6.88124
279.725
310.911
217.853
150.906
111.603
85.7461
67.1656
53.9703
44.4628
36.8345
30.3629
24.8523
20.4742
17.1299
14.3532
11.9351
9.82679
8.09623
6.7539
5.63609
4.65239
3.78159
2.78354
1.72878
1.1822
-2.88335
-3.47627
-3.47942
-4.20707
-4.21076
-5.04512
-5.04932
-5.99956
-6.00437
-7.12736
-7.13327
-8.57414
-8.58189
-10.3944
-10.4037
-12.508
-12.5186
-14.925
-14.9372
-17.7725
-17.7874
-21.423
-21.4427
-26.1319
-26.1562
-31.7141
-31.7423
-38.203
-38.2361
-45.9987
-46.0398
-56.2786
-56.3357
-70.5161
-70.5931
-89.3303
-89.4319
-115.095
-115.241
-154.698
-154.937
-224.512
-224.942
-322.646
-322.975
-293.985
-293.196
-7.70509
-6.05745
279.326
280.122
311.091
310.73
218.055
217.651
151.023
150.789
111.676
111.531
85.7971
85.6951
67.2026
67.1287
53.9961
53.9446
44.4825
44.4431
36.8509
36.818
30.377
30.3488
24.864
24.8406
20.4831
20.4653
17.1369
17.1228
14.3593
14.3472
11.9404
11.9298
9.83134
9.82223
8.09979
8.09267
6.75673
6.75107
5.63854
5.63364
4.65458
4.65021
3.78348
3.77969
2.78718
2.77991
1.73047
1.72709
1.18316
-2.8966
-3.45938
-3.49642
-4.18724
-4.23071
-5.0226
-5.07189
-5.97372
-6.03033
-7.0957
-7.16518
-8.53264
-8.62368
-10.3446
-10.4537
-12.4512
-12.5757
-14.8595
-15.0029
-17.6927
-17.8677
-21.3175
-21.5491
-26.0015
-26.2873
-31.5627
-31.8943
-38.0257
-38.4144
-45.7786
-46.2618
-55.9731
-56.6443
-70.1035
-71.009
-88.7868
-89.9806
-114.317
-116.03
-153.421
-156.237
-222.213
-227.271
-320.804
-324.832
-298.105
-288.805
-16.565
2.86061
274.921
284.28
312.958
308.728
220.237
215.498
152.29
149.541
112.464
110.751
86.3488
85.1496
67.6022
66.7333
54.2741
53.6693
44.6946
44.2322
37.0279
36.6418
30.5284
30.1977
24.9904
24.7151
20.5792
20.3702
17.2131
17.0471
14.4248
14.2821
11.9977
11.8727
9.88047
9.7734
8.13825
8.0545
6.78724
6.7207
5.66495
5.60733
4.67807
4.62681
3.80394
3.75932
2.8268
2.74129
1.74881
1.7091
1.19358
-2.94899
-3.03128
-3.11695
-3.2062
-3.29874
-3.39451
-3.56339
-3.66751
-3.77456
-3.88421
-3.99631
-4.1107
-4.30884
-4.42953
-4.55248
-4.67778
-4.80554
-4.93563
-5.16044
-5.29723
-5.43694
-5.57966
-5.72527
-5.87405
-6.13252
-6.2913
-6.45417
-6.62196
-6.79511
-6.9743
-7.29155
-7.49033
-7.69765
-7.91383
-8.1392
-8.3735
-8.78857
-9.04656
-9.31205
-9.58564
-9.86578
-10.1527
-10.6502
-10.9542
-11.2642
-11.5805
-11.9026
-12.2314
-12.8001
-13.1465
-13.4998
-13.8613
-14.2302
-14.607
-15.2614
-15.663
-16.0754
-16.4995
-16.9365
-17.3876
-18.1854
-18.685
-19.2058
-19.7504
-20.319
-20.9129
-21.9696
-22.6302
-23.3149
-24.0228
-24.7509
-25.499
-26.8024
-27.6005
-28.4181
-29.2536
-30.107
-30.9789
-32.4916
-33.4175
-34.3641
-35.3323
-36.3248
-37.3428
-39.1162
-40.2083
-41.3333
-42.4946
-43.6931
-44.9356
-47.1409
-48.5291
-49.9831
-51.5108
-53.1196
-54.8129
-57.867
-59.8095
-61.8455
-63.9776
-66.2055
-68.5255
-72.6543
-75.243
-77.9304
-80.7335
-83.6582
-86.7075
-92.1629
-95.6048
-99.2346
-103.052
-107.089
-111.359
-119.184
-124.239
-129.661
-135.501
-141.82
-148.616
-161.514
-170.101
-179.568
-189.957
-201.228
-213.49
-236.53
-251.278
-266.895
-282.374
-297.901
-312.288
-331.576
-338.455
-340.89
-337.81
-328.662
-312.204
-269.938
-236.002
-196.169
-150.933
-102.353
-51.1234
37.3056
88.3575
137.011
182.126
222.036
256.068
298.725
314.738
324.393
327.72
325.822
319.179
300.598
287.157
272.383
257.706
243.125
229.031
207.332
195.593
184.787
174.86
165.759
157.409
144.833
138.077
131.848
126.043
120.649
115.61
107.792
103.517
99.4672
95.6296
91.9899
88.5342
83.0711
80.0299
77.1242
74.3523
71.706
69.1897
65.2267
63.035
60.9586
58.998
57.141
55.38
52.6193
51.0815
49.6101
48.1996
46.8419
45.5318
43.422
42.2185
41.0494
39.9119
38.8038
37.724
35.9635
34.9501
33.961
32.9947
32.0487
31.1243
29.6151
28.7467
27.8993
27.0734
26.2697
25.4895
24.2336
23.5232
22.8405
22.1856
21.5594
20.9604
20.0065
19.4721
18.9569
18.4597
17.9789
17.5127
16.7557
16.3218
15.898
15.4831
15.078
14.6811
14.0307
13.6549
13.2866
12.9244
12.5702
12.2226
11.6522
11.3226
10.9998
10.6838
10.3752
10.0742
9.58562
9.30731
9.03842
8.77908
8.52965
8.29031
7.90844
7.69354
7.48688
7.2873
7.09437
6.90737
6.60367
6.42924
6.25889
6.092
5.92873
5.76851
5.50563
5.35331
5.20378
5.05673
4.91226
4.77019
4.53651
4.40102
4.26798
4.13744
4.00958
3.88449
3.68097
3.56489
3.45283
3.34567
3.2437
2.98994
2.5988
2.40539
2.23426
2.08212
1.94626
1.82314
1.64185
1.54613
1.45839
1.37942
1.30486
1.23576
