-2.62545
-2.93591
-3.30332
-3.72977
-4.20385
-4.71847
-5.27502
-5.87857
-6.54287
-7.29788
-8.19375
-9.25249
-10.4438
-11.7461
-13.158
-14.6938
-16.3838
-18.2993
-20.568
-23.2894
-26.405
-29.8471
-33.6163
-37.7628
-42.3762
-47.6758
-54.0765
-62.0443
-71.6722
-83.0266
-96.5707
-113.245
-134.868
-164.604
-207.954
-267.605
-326.237
-323.955
-209.154
-6.85467
195.359
309.593
313.201
258.103
201.758
160.418
131.219
109.68
92.953
79.3757
68.1811
59.1387
51.9636
46.0617
40.9474
36.385
32.2484
28.4822
25.0909
22.149
19.6999
17.6276
15.7904
14.1211
12.5809
11.1632
9.86601
8.71659
7.7449
6.91761
6.18342
5.51149
4.88845
4.30807
3.77101
3.28888
2.42059
1.80984
1.40736
1.12175
-2.62653
-2.93465
-2.93716
-3.30181
-3.30482
-3.72808
-3.73145
-4.20199
-4.20569
-4.71647
-4.72047
-5.27285
-5.27718
-5.8762
-5.88094
-6.54025
-6.5455
-7.29483
-7.30094
-8.19009
-8.19741
-9.24823
-9.25674
-10.4391
-10.4485
-11.741
-11.7512
-13.1525
-13.1635
-14.6879
-14.6998
-16.3771
-16.3905
-18.2916
-18.3071
-20.5587
-20.5772
-23.2786
-23.3003
-26.3927
-26.4173
-29.8335
-29.8606
-33.6016
-33.6311
-37.7465
-37.7791
-42.3579
-42.3944
-47.6543
-47.6973
-54.0498
-54.1031
-62.0115
-62.0773
-71.6332
-71.7113
-82.9805
-83.0728
-96.515
-96.6265
-113.175
-113.315
-134.773
-134.962
-164.468
-164.739
-207.758
-208.15
-267.361
-267.849
-326.09
-326.383
-324.155
-323.753
-209.777
-208.529
-7.66843
-6.04091
194.704
196.019
309.389
309.795
313.347
313.054
258.342
257.863
201.936
201.58
160.548
160.287
131.314
131.123
109.75
109.61
93.009
92.897
79.4219
79.3297
68.2188
68.1434
59.1688
59.1086
51.9877
51.9395
46.0821
46.0413
40.9655
40.9294
36.4012
36.3688
32.2632
32.2337
28.4956
28.4688
25.1027
25.0791
22.159
22.139
19.7082
19.6915
17.6348
17.6204
15.7969
15.7839
14.1271
14.1151
12.5864
12.5755
11.1683
11.1581
9.87058
9.86144
8.72057
8.71262
7.74823
7.74158
6.9205
6.91471
6.18604
6.1808
5.51391
5.50908
4.89069
4.8862
4.31016
4.30598
3.77293
3.76909
3.29048
3.28728
2.42346
2.41771
1.81166
1.80802
1.4086
1.40613
1.12267
-2.63587
-2.92406
-2.94788
-3.28908
-3.31759
-3.71376
-3.74586
-4.1861
-4.22138
-4.69949
-4.73749
-5.25448
-5.29562
-5.85617
-5.90109
-6.518
-6.56791
-7.26896
-7.32699
-8.15906
-8.22863
-9.21215
-9.29275
-10.3995
-10.4883
-11.6979
-11.7944
-13.1057
-13.2101
-14.6372
-14.7507
-16.3204
-16.4471
-18.226
-18.3731
-20.4805
-20.6561
-23.1861
-23.3931
-26.2884
-26.522
-29.719
-29.9758
-33.4765
-33.7567
-37.6081
-37.9181
-42.2037
-42.5497
-47.472
-47.881
-53.8244
-54.3301
-61.7324
-62.358
-71.3019
-72.0447
-82.5897
-83.4662
-96.0432
-97.1018
-112.58
-113.915
-133.974
-135.758
-163.326
-165.872
-206.102
-209.828
-265.294
-269.93
-324.802
-327.637
-325.773
-321.868
-215.262
-203.154
-14.5855
0.87588
189.336
201.57
307.585
311.573
314.552
311.811
260.37
255.825
203.455
200.074
161.665
159.195
132.125
130.315
110.349
109.017
93.4864
92.4235
79.8151
78.9404
68.5409
67.8243
59.4253
58.8537
52.1934
51.7356
46.2559
45.8684
41.1195
40.7766
36.5392
36.2313
32.3887
32.1083
28.6097
28.3551
25.204
24.9792
22.2447
22.0539
19.7795
19.6208
17.6965
17.5589
15.8526
15.7286
14.1783
14.064
12.6331
12.529
11.2116
11.1151
9.90953
9.82197
8.75445
8.67895
7.7766
7.71334
6.94516
6.89003
6.20831
6.1586
5.53445
5.48859
4.90981
4.86712
4.32794
4.28827
3.7893
3.7528
3.30417
3.27372
2.44816
2.39353
1.82723
1.79267
1.41915
1.39569
1.13059
-2.66545
-2.70845
-2.75232
-2.79713
-2.84317
-2.89056
-2.98249
-3.03319
-3.08513
-3.13844
-3.19299
-3.24893
-3.35859
-3.41812
-3.47904
-3.54092
-3.60409
-3.66838
-3.79218
-3.85926
-3.92724
-3.99604
-4.06584
-4.13627
-4.27185
-4.345
-4.41867
-4.49338
-4.56926
-4.64577
-4.7922
-4.87103
-4.95096
-5.03141
-5.11325
-5.19598
-5.35451
-5.43982
-5.52652
-5.61442
-5.70308
-5.79268
-5.96544
-6.05943
-6.15419
-6.24992
-6.34774
-6.4474
-6.64019
-6.74533
-6.85187
-6.96105
-7.07301
-7.18736
-7.41117
-7.53438
-7.66076
-7.79045
-7.92389
-8.06114
-8.33
-8.47738
-8.62786
-8.78139
-8.93866
-9.0983
-9.40819
-9.57614
-9.74685
-9.91995
-10.0955
-10.273
-10.6157
-10.8001
-10.9871
-11.1759
-11.3664
-11.5609
-11.9329
-12.1327
-12.3354
-12.5402
-12.7472
-12.957
-13.361
-13.5782
-13.7977
-14.02
-14.2468
-14.476
-14.915
-15.1533
-15.3945
-15.6395
-15.8887
-16.1412
-16.6299
-16.8962
-17.1691
-17.4444
-17.7274
-18.0184
-18.5864
-18.897
-19.2166
-19.5441
-19.8818
-20.2322
-20.9129
-21.2892
-21.6772
-22.0736
-22.4773
-22.8913
-23.6944
-24.1334
-24.5778
-25.0303
-25.4906
-25.9579
-26.8586
-27.3453
-27.8376
-28.3372
-28.8446
-29.3564
-30.346
-30.8796
-31.4177
-31.9653
-32.5187
-33.0806
-34.161
-34.7459
-35.3396
-35.9392
-36.5474
-37.1669
-38.3648
-39.0094
-39.6672
-40.3354
-41.019
-41.712
-43.0541
-43.7888
-44.539
-45.308
-46.0941
-46.8966
-48.4772
-49.3486
-50.2453
-51.1712
-52.1279
-53.1151
-55.0692
-56.155
-57.2766
-58.4343
-59.6268
-60.8533
-63.2648
-64.5927
-65.9553
-67.3546
-68.7878
-70.2548
-73.1208
-74.6806
-76.2951
-77.9383
-79.6285
-81.3569
-84.7376
-86.5938
-88.5014
-90.4561
-92.467
-94.5457
-98.6358
-100.895
-103.224
-105.637
-108.133
-110.721
-115.856
-118.727
-121.731
-124.872
-128.109
-131.488
-138.345
-142.238
-146.31
-150.603
-155.088
-159.829
-169.528
-175.158
-180.946
-187.157
-193.9
-200.934
-215.253
-223.109
-231.645
-240.636
-249.734
-258.808
-276.764
-286.23
-295.03
-304.333
-312.152
-320.096
-331.113
-334.732
-336.67
-336.573
-334.645
-330.956
-314.904
-303.443
-289.469
-272.12
-252.852
-231.759
-185.009
-157.817
-129.316
-99.2364
-68.2933
-36.804
23.0633
54.6678
85.39
115.08
144.166
171.411
217.49
239.214
258.211
275.216
289.338
301.109
316.234
321.015
323.341
322.994
321.25
317.726
307.499
300.593
292.546
283.717
275.615
266.747
249.53
240.885
232.542
224.259
216.329
208.559
195.288
188.607
182.312
176.367
170.678
165.294
155.804
151.195
146.717
142.479
138.487
134.692
127.861
124.517
121.305
118.156
115.173
112.297
107.147
104.558
102.056
99.6368
97.2982
95.0337
90.9322
88.847
86.8167
84.8539
82.9451
81.0867
77.7108
75.9919
74.32
72.6965
71.122
69.5863
66.8187
65.4193
64.0611
62.7435
61.4767
60.2577
58.0521
56.9457
55.8771
54.8374
53.832
52.8579
51.0933
50.1952
49.3212
48.4671
47.6316
46.8157
45.3215
44.5517
43.799
43.0575
42.3315
41.6152
40.2931
39.6091
38.9387
38.2762
37.6246
36.9833
35.7939
35.1776
34.5681
33.9653
33.3723
32.7924
31.7105
31.1487
30.5947
30.0483
29.5104
28.9778
27.9948
27.4861
26.9834
26.4913
26.0065
25.5307
24.66
24.2114
23.7722
23.344
22.9262
22.52
21.7835
21.4078
21.043
20.6918
20.347
20.0097
19.397
19.0844
18.7781
18.4776
18.1835
17.8952
17.3645
17.0902
16.8195
16.5527
16.2905
16.0319
15.5538
15.3048
15.0586
14.8166
14.5772
14.3411
13.9023
13.6736
13.4466
13.2233
13.0029
12.7842
12.3808
12.1697
11.9607
11.755
11.5514
11.3507
10.9782
10.784
10.5929
10.4046
10.2189
10.0357
9.69923
9.52536
9.35458
9.18753
9.02423
8.86421
8.57331
8.42508
8.27928
8.13851
8.00176
7.86832
7.6233
7.49842
7.37613
7.25687
7.13908
7.02449
6.81209
6.7025
6.59433
6.48846
6.38343
6.27983
6.08809
5.98776
5.88941
5.79178
5.69567
5.60023
5.42345
5.33117
5.23961
5.1492
5.05993
4.97111
4.80649
4.72062
4.6356
4.55148
4.46808
4.38531
4.23211
4.15214
4.07303
3.99513
3.91816
3.8419
3.7012
3.62819
3.55641
3.48612
3.41705
3.35028
3.23116
3.09023
2.93398
2.78881
2.65423
2.52975
2.31877
2.21804
2.12448
2.03737
1.95557
1.8784
1.74511
1.68032
1.61898
1.56067
1.50547
1.45336
1.36295
1.31774
1.27443
1.23309
1.19396
1.15634
