-2.26175
-2.41351
-2.57466
-2.74779
-2.93619
-3.1431
-3.36994
-3.61611
-3.87952
-4.15836
-4.45153
-4.75898
-5.08125
-5.41936
-5.77524
-6.15143
-6.55267
-6.9852
-7.45817
-7.97954
-8.55449
-9.18088
-9.85368
-10.5677
-11.3205
-12.1113
-12.942
-13.8153
-14.7363
-15.7129
-16.7564
-17.885
-19.1225
-20.4938
-22.0129
-23.6761
-25.4708
-27.3847
-29.4117
-31.553
-33.8164
-36.2135
-38.7645
-41.4959
-44.4526
-47.6958
-51.3138
-55.3933
-60.0132
-65.1992
-70.9658
-77.3402
-84.3902
-92.2441
-101.083
-111.169
-122.871
-136.721
-153.452
-174.032
-199.604
-231.017
-267.361
-304.318
-332.248
-337.246
-307.21
-236.623
-131.386
-6.96606
117.701
222.75
293.276
324.384
320.196
293.62
258.42
223.861
194.037
169.434
149.423
132.982
119.259
107.573
97.4775
88.6247
80.7829
73.8068
67.6067
62.1404
57.3523
53.1448
49.4104
46.0329
42.9335
40.0577
37.3667
34.8357
32.4479
30.192
28.065
26.0715
24.2217
22.5316
21.0053
19.6285
18.3757
17.2196
16.1395
15.1212
14.1564
13.2389
12.3652
11.5333
10.7431
9.99741
9.30098
8.65998
8.07673
7.5467
7.06136
6.61074
6.18741
5.78624
5.40422
5.03909
4.68972
4.35577
4.0375
3.73712
3.45826
3.13024
2.5444
2.1223
1.80227
1.55088
1.34712
1.17895
1.03844
0.918129
-2.26269
-2.41251
-2.4145
-2.57359
-2.57572
-2.74664
-2.74894
-2.93493
-2.93745
-3.14172
-3.14449
-3.36843
-3.37146
-3.61448
-3.61775
-3.87779
-3.88126
-4.15653
-4.16018
-4.44961
-4.45344
-4.75697
-4.76099
-5.07914
-5.08336
-5.41714
-5.42157
-5.77291
-5.77758
-6.14895
-6.15391
-6.55002
-6.55533
-6.98232
-6.98808
-7.455
-7.46134
-7.97604
-7.98305
-8.55065
-8.55834
-9.17673
-9.18504
-9.84925
-9.85812
-10.563
-10.5724
-11.3156
-11.3254
-12.1061
-12.1165
-12.9365
-12.9474
-13.8095
-13.821
-14.7303
-14.7424
-15.7065
-15.7193
-16.7494
-16.7633
-17.8775
-17.8925
-19.1142
-19.1308
-20.4845
-20.503
-22.0027
-22.0231
-23.665
-23.6872
-25.4589
-25.4826
-27.3721
-27.3973
-29.3984
-29.425
-31.539
-31.5671
-33.8015
-33.8313
-36.1978
-36.2293
-38.7476
-38.7813
-41.4778
-41.514
-44.4329
-44.4723
-47.674
-47.7176
-51.2893
-51.3383
-55.3656
-55.4211
-59.9818
-60.0446
-65.1643
-65.2342
-70.9271
-71.0045
-77.2974
-77.3829
-84.3428
-84.4376
-92.1911
-92.2972
-101.023
-101.143
-111.1
-111.237
-122.791
-122.952
-136.625
-136.818
-153.334
-153.57
-173.886
-174.178
-199.422
-199.786
-230.801
-231.233
-267.122
-267.601
-304.094
-304.541
-332.134
-332.361
-337.32
-337.171
-307.528
-306.89
-237.193
-236.051
-132.137
-130.634
-7.78402
-6.14815
116.945
118.456
222.172
223.326
292.955
293.594
324.301
324.466
320.315
320.083
293.831
293.407
258.651
258.189
224.068
223.654
194.211
193.864
169.576
169.292
149.538
149.307
133.077
132.886
119.339
119.178
107.642
107.503
97.5377
97.4173
88.6778
88.5716
80.8301
80.7357
73.8488
73.7648
67.644
67.5694
62.1731
62.1077
57.381
57.3237
53.1701
53.1196
49.433
49.3876
46.0536
46.0123
42.9525
42.9144
40.0754
40.0399
37.3833
37.35
34.8514
34.82
32.4627
32.4331
30.206
30.178
28.0782
28.0518
26.0838
26.0592
24.2331
24.2104
22.5419
22.5213
21.0145
20.996
19.6369
19.6202
18.3834
18.3681
17.2268
17.2125
16.1462
16.1328
15.1275
15.1149
14.1624
14.1504
13.2446
13.2332
12.3707
12.3598
11.5385
11.5281
10.748
10.7381
10.002
9.9928
9.30526
9.29671
8.66389
8.65607
8.08027
8.07318
7.54993
7.54347
7.06434
7.05838
6.61352
6.60795
6.19003
6.18478
5.78874
5.78374
5.4066
5.40183
5.04137
5.03681
4.69191
4.68754
4.35786
4.35368
4.03948
4.03552
3.73897
3.73526
3.45996
3.45656
3.13466
3.12583
2.54754
2.54127
2.12464
2.11997
1.80408
1.80047
1.55234
1.54943
1.34831
1.34593
1.17991
1.17799
1.03927
1.03761
0.918835
-2.26931
-2.40555
-2.42149
-2.56615
-2.58319
-2.7386
-2.75702
-2.92612
-2.9463
-3.13204
-3.15421
-3.35787
-3.38207
-3.60309
-3.62919
-3.86567
-3.89341
-4.14375
-4.173
-4.43622
-4.46688
-4.74291
-4.77509
-5.0644
-5.09814
-5.40167
-5.4371
-5.75659
-5.79395
-6.13165
-6.17131
-6.53146
-6.57395
-6.96221
-7.0083
-7.43288
-7.48358
-7.95157
-8.00765
-8.52379
-8.58533
-9.14768
-9.21422
-9.81825
-9.88922
-10.5303
-10.6053
-11.2811
-11.3599
-12.0699
-12.1528
-12.8985
-12.9855
-13.7695
-13.8611
-14.688
-14.7848
-15.6615
-15.7645
-16.7011
-16.8118
-17.8249
-17.9453
-19.0563
-19.189
-20.4201
-20.5679
-21.9317
-22.0946
-23.5877
-23.7648
-25.3761
-25.5658
-27.2841
-27.4856
-29.3054
-29.5183
-31.4407
-31.6656
-33.6975
-33.9357
-36.0875
-36.34
-38.6301
-38.8995
-41.3513
-41.6409
-44.2952
-44.6106
-47.5218
-47.8707
-51.1178
-51.5104
-55.1719
-55.6163
-59.7632
-60.2648
-64.9201
-65.4799
-70.6568
-71.2762
-76.9988
-77.6833
-84.0119
-84.7705
-91.8211
-92.6698
-100.603
-101.567
-110.617
-111.723
-122.228
-123.521
-135.951
-137.499
-152.513
-154.402
-172.87
-175.207
-198.157
-201.059
-229.293
-232.772
-265.444
-269.279
-302.575
-306.094
-331.316
-333.207
-337.798
-336.643
-309.7
-304.598
-241.149
-232.012
-137.377
-125.408
-13.5114
-0.44355
111.676
123.718
218.091
227.316
290.667
295.78
323.666
324.986
321.115
319.273
295.293
291.902
260.268
256.572
225.526
222.214
195.436
192.66
170.574
168.309
150.351
148.504
133.75
132.22
119.905
118.616
108.128
107.021
97.9604
96.9974
89.0506
88.201
81.1617
80.4063
74.1441
73.4716
67.9059
67.3096
62.4033
61.8795
57.582
57.1242
53.3473
52.9437
49.5916
49.2289
46.1982
45.8684
43.086
42.7815
40.1999
39.9159
37.5001
37.2336
34.9615
34.7102
32.5667
32.3294
30.3041
30.0803
28.1705
27.9598
26.17
25.9733
24.3125
24.1314
22.614
22.4495
21.0794
20.9315
19.6957
19.5617
18.4372
18.3145
17.2768
17.1628
16.1932
16.0861
15.1719
15.0707
14.2046
14.1084
13.2848
13.1932
12.4089
12.3217
11.5748
11.4919
10.7824
10.7038
10.0344
9.96056
9.33527
9.26685
8.69133
8.62876
8.10515
8.04843
7.5726
7.52091
7.08525
7.03756
6.63306
6.58848
6.20846
6.16641
5.80626
5.76627
5.42332
5.38516
5.05736
5.02086
4.70721
4.67228
4.37243
4.3391
4.05336
4.02169
3.75199
3.7223
3.4719
3.44469
3.16582
3.09523
2.56972
2.51958
2.14111
2.10375
1.81676
1.78793
1.56256
1.53932
1.35668
1.33765
1.18665
1.17134
1.04511
1.03181
0.9238
-2.28534
-2.30573
-2.32627
-2.34696
-2.36781
-2.38881
-2.43845
-2.46003
-2.48182
-2.50376
-2.52592
-2.54828
-2.60132
-2.62444
-2.64781
-2.67134
-2.69518
-2.71931
-2.77666
-2.80171
-2.82708
-2.85274
-2.87876
-2.90508
-2.96783
-2.99529
-3.02316
-3.05132
-3.07987
-3.10882
-3.17782
-3.20799
-3.23859
-3.26949
-3.30082
-3.33251
-3.40784
-3.44073
-3.474
-3.50753
-3.54146
-3.57573
-3.65694
-3.69226
-3.7279
-3.76377
-3.80002
-3.83655
-3.92288
-3.96037
-3.99814
-4.0361
-4.07443
-4.11302
-4.20403
-4.2435
-4.28323
-4.32315
-4.36343
-4.40398
-4.49947
-4.54088
-4.58256
-4.62442
-4.66663
-4.7091
-4.80926
-4.85266
-4.89632
-4.94016
-4.9844
-5.02894
-5.13396
-5.17948
-5.22527
-5.27126
-5.31771
-5.36444
-5.47474
-5.5226
-5.57083
-5.61928
-5.66815
-5.71736
-5.83361
-5.88409
-5.93502
-5.98618
-6.03793
-6.09009
-6.21352
-6.26724
-6.32146
-6.37603
-6.4312
-6.48696
-6.61918
-6.67685
-6.73516
-6.79403
-6.85366
-6.91397
-7.05746
-7.12025
-7.18413
-7.24836
-7.31359
-7.37984
-7.53767
-7.60675
-7.67686
-7.74785
-7.81993
-7.89294
-8.06741
-8.14385
-8.22125
-8.29954
-8.3789
-8.45939
-8.65088
-8.73438
-8.81881
-8.90412
-8.99062
-9.07795
-9.28504
-9.37519
-9.46615
-9.55775
-9.65038
-9.74377
-9.96463
-10.0605
-10.1572
-10.2544
-10.3526
-10.4515
-10.685
-10.7862
-10.8882
-10.9907
-11.0941
-11.1982
-11.4436
-11.5501
-11.6572
-11.7649
-11.8736
-11.9829
-12.2407
-12.3526
-12.4651
-12.5781
-12.6921
-12.807
-13.078
-13.1955
-13.3137
-13.4325
-13.5525
-13.6733
-13.9585
-14.0823
-14.207
-14.3324
-14.459
-14.5865
-14.8877
-15.0186
-15.1507
-15.2835
-15.4182
-15.5535
-15.8739
-16.0134
-16.1542
-16.2962
-16.44
-16.5851
-16.9295
-17.0799
-17.2319
-17.3855
-17.5412
-17.6988
-18.0738
-18.238
-18.4046
-18.5732
-18.7442
-18.9175
-19.3311
-19.5131
-19.6972
-19.8838
-20.0736
-20.2658
-20.7256
-20.9271
-21.1316
-21.3385
-21.5486
-21.7614
-22.2682
-22.4897
-22.7141
-22.9406
-23.1702
-23.4023
-23.9533
-24.1936
-24.436
-24.6804
-24.9276
-25.1771
-25.7675
-26.0242
-26.2832
-26.5437
-26.807
-27.0725
-27.6998
-27.9718
-28.246
-28.5223
-28.8008
-29.0814
-29.7445
-30.0321
-30.3219
-30.6138
-30.908
-31.2044
-31.9049
-32.209
-32.5151
-32.8233
-33.1341
-33.4474
-34.1889
-34.5105
-34.8345
-35.161
-35.4902
-35.8224
-36.6086
-36.9503
-37.295
-37.6429
-37.9938
-38.3475
-39.1864
-39.551
-39.9194
-40.2916
-40.6674
-41.0474
-41.95
-42.344
-42.7424
-43.1453
-43.5525
-43.9646
-44.9476
-45.3775
-45.8132
-46.2549
-46.7028
-47.157
-48.2437
-48.7208
-49.2056
-49.7
-50.1997
-50.7077
-51.9301
-52.4672
-53.0127
-53.5683
-54.1343
-54.7094
-56.0925
-56.7011
-57.3202
-57.9492
-58.5894
-59.2395
-60.8016
-61.4873
-62.1824
-62.8879
-63.6057
-64.3349
-66.0785
-66.8431
-67.618
-68.4037
-69.2005
-70.0084
-71.938
-72.7834
-73.6407
-74.5092
-75.3893
-76.282
-78.4146
-79.3484
-80.2957
-81.2569
-82.2313
-83.2187
-85.5816
-86.6187
-87.6738
-88.744
-89.8318
-90.9353
-93.5788
-94.7433
-95.9279
-97.1324
-98.3557
-99.6005
-102.6
-103.923
-105.27
-106.643
-108.04
-109.466
-112.909
-114.437
-115.999
-117.588
-119.218
-120.88
-124.915
-126.714
-128.546
-130.426
-132.346
-134.345
-139.168
-141.323
-143.535
-145.807
-148.15
-150.556
-156.451
-159.07
-161.775
-164.58
-167.48
-170.467
-177.728
-180.994
-184.383
-187.869
-191.48
-195.158
-204.15
-208.23
-212.43
-216.752
-221.15
-225.653
-236.536
-241.356
-246.278
-251.25
-256.273
-261.389
-273.332
-278.476
-283.615
-288.758
-293.731
-298.722
-309.764
-314.257
-318.409
-322.213
-325.798
-329.071
-335.045
-336.933
-338.18
-338.889
-339.08
-338.673
-335.105
-332.608
-329.268
-325.088
-320.243
-314.635
-298.862
-291.021
-281.931
-272.067
-261.722
-250.52
-221.875
-208.602
-194.75
-180.427
-165.393
-149.893
-112.593
-95.9384
-79.0464
-61.988
-44.7961
-27.3821
13.4305
30.9245
48.1693
65.1694
82.0813
98.7111
136.263
151.558
166.516
181.004
195.041
208.199
236.629
247.627
257.999
267.692
276.66
284.805
300.797
306.609
311.702
315.859
319.238
321.916
325.929
326.47
326.324
325.605
324.441
322.803
317.188
314.138
310.71
307.001
302.933
298.686
288.221
283.62
278.849
274.022
269.099
264.178
252.681
247.85
243.044
238.292
233.635
229.11
218.783
214.516
210.329
206.293
202.321
198.446
189.793
186.252
182.794
179.448
176.193
173.021
165.974
163.101
160.295
157.574
154.923
152.342
146.588
144.229
141.939
139.704
137.527
135.401
130.637
128.681
126.775
124.905
123.073
121.291
117.274
115.616
113.992
112.403
110.844
109.316
105.87
104.442
103.041
101.668
100.318
98.9919
95.991
94.7419
93.5164
92.3106
91.1254
89.96
87.3135
86.2084
85.1239
84.0568
83.0054
81.9701
79.6177
78.6357
77.6703
76.7204
75.785
74.8642
72.7695
71.8962
71.037
70.1922
69.3619
68.5434
66.6877
65.9151
65.1583
64.4147
63.682
62.9638
61.3339
60.6575
59.9927
59.3403
58.7
58.0722
56.6466
56.0533
55.4708
54.8975
54.3344
53.7796
52.5226
51.9989
51.4823
50.9728
50.4717
49.9778
48.8503
48.3784
47.9121
47.4524
46.9986
46.5499
45.5229
45.0915
44.6642
44.2418
43.8239
43.4106
42.4621
42.0626
41.6671
41.2753
40.8872
40.5026
39.6176
39.2444
38.8745
38.5079
38.1444
37.7837
36.9535
36.603
36.2553
35.9105
35.5685
35.2288
34.4462
34.1157
33.7877
33.4623
33.1393
32.8189
32.08
31.7674
31.4576
31.15
30.8448
30.5422
29.8448
29.5497
29.2575
28.9675
28.6799
28.3948
27.7385
27.4615
27.1871
26.9155
26.6463
26.3796
25.7672
25.5091
25.2538
25.0019
24.7524
24.5058
23.9419
23.7052
23.4713
23.2416
23.0138
22.7894
22.2776
22.0636
21.8525
21.6447
21.4395
21.2374
20.7769
20.5839
20.3937
20.2063
20.021
19.8385
19.4217
19.2467
19.074
18.9038
18.7349
18.568
18.1859
18.0251
17.8659
17.7086
17.5525
17.398
17.0433
16.8934
16.7447
16.5978
16.4518
16.3069
15.9736
15.8326
15.6927
15.5542
15.4163
15.2795
14.9643
14.8309
14.6984
14.5672
14.4365
14.3067
14.0074
13.8805
13.7545
13.6297
13.5054
13.382
13.097
12.9762
12.8563
12.7374
12.6189
12.5013
12.2301
12.115
12.0006
11.8874
11.7747
11.6628
11.4048
11.2953
11.1866
11.0791
10.9721
10.8659
10.6214
10.5179
10.4153
10.3137
10.2128
10.1129
9.88316
9.78617
9.69015
9.59533
9.50129
9.40823
9.19525
9.10562
9.01702
8.9299
8.84338
8.75809
8.56323
8.48154
8.40099
8.32159
8.24311
8.16565
7.98909
7.91497
7.84169
7.76952
7.69817
7.62777
7.4668
7.39915
7.33228
7.26633
7.20083
7.13604
6.98756
6.92491
6.86291
6.80161
6.74074
6.68043
6.54171
6.48304
6.42487
6.36727
6.30996
6.25313
6.1222
6.06674
6.01168
5.95709
5.90269
5.84871
5.72426
5.67147
5.61905
5.56706
5.51527
5.46382
5.34502
5.2946
5.2445
5.19484
5.14532
5.09612
4.98249
4.93426
4.8863
4.83876
4.79137
4.74428
4.63559
4.58944
4.54359
4.4981
4.45281
4.40782
4.30403
4.25999
4.21623
4.17291
4.1298
4.087
3.98843
3.94674
3.90536
3.86448
3.82386
3.78361
3.69117
3.65224
3.61374
3.57576
3.53813
3.50097
3.41634
3.38086
3.34588
3.31146
3.2776
3.24307
3.02312
2.93566
2.85212
2.77276
2.69708
2.62475
2.46851
2.40624
2.3464
2.28917
2.23445
2.18165
2.06538
2.01849
1.97338
1.93013
1.88812
1.84785
1.75817
1.72161
1.68622
1.65206
1.61899
1.58707
1.51524
1.48555
1.45737
1.43027
1.40357
1.37715
1.31792
1.29359
1.26996
1.24707
1.22482
1.20325
1.15559
1.13544
1.1157
1.09645
1.07774
1.05938
1.01799
1.00084
0.984063
0.967684
0.951629
0.935949
