-1.72438
-1.85808
-1.99783
-2.14381
-2.29735
-2.45913
-2.63205
-2.81871
-3.02525
-3.25499
-3.50873
-3.78251
-4.07397
-4.38102
-4.70349
-5.04156
-5.3969
-5.77092
-6.16687
-6.58918
-7.04686
-7.55208
-8.11737
-8.74684
-9.43329
-10.1683
-10.9467
-11.7664
-12.6272
-13.5335
-14.4888
-15.4998
-16.5781
-17.7459
-19.0359
-20.4805
-22.103
-23.8899
-25.8206
-27.8787
-30.0573
-32.3615
-34.799
-37.3882
-40.1523
-43.1259
-46.3808
-50.0039
-54.1297
-58.8711
-64.2466
-70.2611
-76.912
-84.2824
-92.4933
-101.785
-112.441
-124.94
-139.824
-158.154
-181.126
-210.624
-246.673
-286.584
-322.267
-336.855
-314.412
-246.489
-138.503
-6.85467
124.453
232.827
300.617
323.227
309.383
275.956
237.99
204.173
176.542
154.198
136.182
121.373
108.878
98.1925
88.8736
80.6315
73.3039
66.8248
61.1591
56.2684
52.0118
48.2428
44.8292
41.6854
38.7566
36.0138
33.4253
30.991
28.6905
26.5312
24.528
22.6997
21.0694
19.6208
18.3116
17.1077
15.9814
14.9199
13.915
12.9579
12.0482
11.1836
10.3645
9.59635
8.88812
8.24759
7.67528
7.15556
6.67716
6.22931
5.80464
5.40121
5.01512
4.64617
4.29241
3.95571
3.63652
3.34061
2.8571
2.32996
1.94335
1.64764
1.41479
1.22654
1.07034
0.938878
0.829845
0.732679
0.645152
0.566842
-1.72517
-1.85725
-1.85891
-1.99696
-1.99871
-2.1429
-2.14471
-2.2964
-2.2983
-2.45812
-2.46014
-2.63094
-2.63316
-2.81753
-2.8199
-3.02393
-3.02657
-3.25352
-3.25645
-3.50713
-3.51033
-3.7808
-3.78422
-4.07216
-4.07578
-4.37912
-4.38292
-4.70149
-4.70548
-5.03946
-5.04365
-5.39471
-5.3991
-5.76859
-5.77324
-6.16441
-6.16934
-6.58652
-6.59184
-7.04397
-7.04976
-7.54886
-7.5553
-8.11376
-8.12098
-8.74285
-8.75082
-9.429
-9.43759
-10.1638
-10.1729
-10.9419
-10.9516
-11.7613
-11.7715
-12.6218
-12.6325
-13.5279
-13.5391
-14.4829
-14.4947
-15.4936
-15.5061
-16.5713
-16.5848
-17.7385
-17.7533
-19.0277
-19.0441
-20.4713
-20.4897
-22.0927
-22.1133
-23.8785
-23.9012
-25.8086
-25.8327
-27.8657
-27.8917
-30.0437
-30.0709
-32.3472
-32.3757
-34.7839
-34.8142
-37.372
-37.4044
-40.1352
-40.1695
-43.1072
-43.1447
-46.3603
-46.4014
-49.9806
-50.0271
-54.1031
-54.1564
-58.8406
-58.9016
-64.2121
-64.2811
-70.2228
-70.2993
-76.8697
-76.9543
-84.2355
-84.3293
-92.4407
-92.546
-101.725
-101.844
-112.372
-112.511
-124.858
-125.023
-139.726
-139.923
-158.028
-158.28
-180.972
-181.28
-210.425
-210.824
-246.439
-246.907
-286.348
-286.82
-322.084
-322.445
-336.865
-336.843
-314.681
-314.141
-247.029
-245.948
-139.237
-137.767
-7.66843
-6.04091
123.696
125.209
232.284
233.368
300.347
300.886
323.2
323.251
309.543
309.222
276.182
275.729
238.199
237.781
204.354
203.994
176.692
176.392
154.316
154.079
136.279
136.084
121.454
121.291
108.947
108.808
98.2525
98.1325
88.9269
88.8203
80.6785
80.5846
73.3456
73.2623
66.8614
66.7881
61.1907
61.1275
56.2959
56.241
52.036
51.9877
48.2645
48.2212
44.8489
44.8094
41.7037
41.6671
38.7738
38.7394
36.0299
35.9978
33.4405
33.4102
31.0053
30.9767
28.704
28.677
26.5438
26.5186
24.5396
24.5164
22.7101
22.6892
21.0787
21.0602
19.6291
19.6125
18.3191
18.304
17.1147
17.1007
15.988
15.9748
14.9261
14.9136
13.921
13.9091
12.9635
12.9523
12.0535
12.0428
11.1887
11.1785
10.3693
10.3597
9.60081
9.59191
8.89221
8.88402
8.25125
8.24394
7.67858
7.67199
7.15855
7.15256
6.67995
6.67437
6.23194
6.22668
5.80715
5.80214
5.40359
5.39884
5.01741
5.01283
4.64835
4.64399
4.2945
4.29033
3.95769
3.95373
3.63838
3.63467
3.34232
3.3389
2.86084
2.85337
2.33267
2.32726
1.94538
1.94132
1.64922
1.64607
1.41604
1.41355
1.22757
1.22552
1.07121
1.06948
0.939604
0.938153
0.83046
0.829231
0.733239
0.732119
0.645656
0.644649
0.567285
-1.73071
-1.85145
-1.86471
-1.9909
-2.00476
-2.13658
-2.15104
-2.28973
-2.30494
-2.45107
-2.4672
-2.6233
-2.64076
-2.80927
-2.82821
-3.01476
-3.03584
-3.24333
-3.26676
-3.49595
-3.52156
-3.76884
-3.7962
-4.05952
-4.08845
-4.36583
-4.39616
-4.68752
-4.71947
-5.02483
-5.05833
-5.37936
-5.41448
-5.75242
-5.78953
-6.14718
-6.18662
-6.56791
-6.61055
-7.02375
-7.0701
-7.52634
-7.5779
-8.08857
-8.14632
-8.71504
-8.77879
-9.39899
-9.46771
-10.132
-10.2047
-10.908
-10.9854
-11.7258
-11.8071
-12.5845
-12.67
-13.4886
-13.5782
-14.4414
-14.5364
-15.4496
-15.5501
-16.5242
-16.6323
-17.6869
-17.8058
-18.9703
-19.1018
-20.4072
-20.5541
-22.0206
-22.1854
-23.7994
-23.9808
-25.7243
-25.9173
-27.7751
-27.9814
-29.9486
-30.1664
-32.2467
-32.4757
-34.6777
-34.9208
-37.2585
-37.5184
-40.014
-40.2895
-42.9763
-43.2763
-46.2168
-46.5459
-49.8184
-50.1906
-53.917
-54.3435
-58.627
-59.1159
-63.9712
-64.5234
-69.9561
-70.5676
-76.5747
-77.2511
-83.9081
-84.659
-92.0733
-92.919
-101.309
-102.264
-111.89
-113
-124.284
-125.601
-139.05
-140.622
-157.171
-159.16
-179.9
-182.368
-209.036
-212.207
-244.81
-248.553
-284.67
-288.474
-320.786
-323.608
-336.897
-336.706
-316.521
-312.204
-250.758
-242.112
-144.347
-132.593
-13.3648
-0.34471
118.37
130.475
228.376
237.111
298.405
302.68
323.28
323.374
310.651
308.084
277.737
274.123
239.746
236.316
205.637
202.739
177.745
175.346
155.15
153.254
136.958
135.405
122.028
120.723
109.436
108.323
98.6736
97.7142
89.2995
88.448
81.0081
80.2572
73.6382
72.9717
67.1191
66.5324
61.4129
60.9092
56.487
56.0494
52.2055
51.8194
48.4163
48.0702
44.9872
44.6707
41.8322
41.5391
38.8939
38.6194
36.1426
35.8854
33.5467
33.3046
31.1056
30.8767
28.7986
28.5828
26.6327
26.4305
24.6209
24.4364
22.7835
22.6162
21.144
20.9953
19.6874
19.5544
18.3721
18.2512
17.1639
17.0517
16.0343
15.9287
14.9697
14.8702
13.9625
13.8677
13.0029
12.9131
12.0913
12.0053
11.2243
11.1429
10.4029
10.3261
9.63214
9.56087
8.92095
8.85545
8.27689
8.21846
7.70173
7.6489
7.17998
7.13161
6.69967
6.65493
6.25037
6.20831
5.82469
5.78471
5.42023
5.38224
5.03348
4.99686
4.66364
4.62874
4.30911
4.2759
3.9716
3.93987
3.65157
3.62172
3.35431
3.32698
2.88725
2.82751
2.35177
2.30847
1.95967
1.92723
1.66028
1.63508
1.42473
1.40489
1.2348
1.21838
1.07731
1.06344
0.944708
0.933101
0.834773
0.824939
0.737166
0.728213
0.649138
0.641134
0.570395
-1.74472
-1.76296
-1.78127
-1.79964
-1.81818
-1.83689
-1.87935
-1.89843
-1.91751
-1.93681
-1.95618
-1.97572
-2.02003
-2.03995
-2.05985
-2.07994
-2.10042
-2.12079
-2.16717
-2.18818
-2.20923
-2.23031
-2.25158
-2.27305
-2.32169
-2.3436
-2.36601
-2.38822
-2.41074
-2.43341
-2.48511
-2.50859
-2.53229
-2.55609
-2.58017
-2.60436
-2.65998
-2.6851
-2.71052
-2.73617
-2.76224
-2.78861
-2.84934
-2.8773
-2.90535
-2.93358
-2.96247
-2.99177
-3.05933
-3.09008
-3.12144
-3.15302
-3.18519
-3.21782
-3.29304
-3.32735
-3.36193
-3.39672
-3.43212
-3.46798
-3.54974
-3.58687
-3.62451
-3.66224
-3.70033
-3.73882
-3.82657
-3.86622
-3.90614
-3.9463
-3.98685
-4.02775
-4.1206
-4.16207
-4.2045
-4.24665
-4.28945
-4.33244
-4.42976
-4.47369
-4.51813
-4.5627
-4.60759
-4.65269
-4.75493
-4.80095
-4.84734
-4.89388
-4.94092
-4.98813
-5.09555
-5.14408
-5.19277
-5.24186
-5.29128
-5.34077
-5.45346
-5.50438
-5.5559
-5.60761
-5.65968
-5.71188
-5.83074
-5.88449
-5.93874
-5.99297
-6.04847
-6.10395
-6.23013
-6.28707
-6.34481
-6.40306
-6.46204
-6.52153
-6.6573
-6.71916
-6.78162
-6.84437
-6.90824
-6.97303
-7.12172
-7.18929
-7.2579
-7.32745
-7.3982
-7.47007
-7.63544
-7.71096
-7.78775
-7.86548
-7.94484
-8.02545
-8.2108
-8.29563
-8.38169
-8.46838
-8.55642
-8.64547
-8.84977
-8.94275
-9.03616
-9.13081
-9.22698
-9.32384
-9.5441
-9.64401
-9.74463
-9.84608
-9.94848
-10.0516
-10.2859
-10.3925
-10.4993
-10.6063
-10.7147
-10.8232
-11.071
-11.1824
-11.2941
-11.4068
-11.5213
-11.6365
-11.8971
-12.0139
-12.1319
-12.2507
-12.3704
-12.4908
-12.7641
-12.8872
-13.0115
-13.1368
-13.2627
-13.3899
-13.6775
-13.8071
-13.9376
-14.0692
-14.2027
-14.3371
-14.6411
-14.7777
-14.9162
-15.0555
-15.1967
-15.3381
-15.6618
-15.808
-15.9558
-16.1038
-16.2541
-16.4061
-16.7526
-16.9101
-17.0705
-17.2313
-17.3934
-17.5587
-17.938
-18.1114
-18.2866
-18.4645
-18.6445
-18.8271
-19.2483
-19.4406
-19.636
-19.8346
-20.0385
-20.2458
-20.7183
-20.9354
-21.156
-21.3791
-21.6078
-21.8402
-22.3688
-22.6095
-22.8537
-23.1003
-23.3494
-23.6018
-24.1804
-24.4414
-24.7052
-24.9716
-25.2407
-25.5127
-26.1316
-26.4112
-26.6933
-26.9769
-27.2637
-27.5496
-28.208
-28.5047
-28.8031
-29.1035
-29.405
-29.7101
-30.4075
-30.721
-31.0362
-31.3524
-31.6726
-31.9959
-32.73
-33.0611
-33.3939
-33.7295
-34.0687
-34.4116
-35.1912
-35.5425
-35.8951
-36.2516
-36.6106
-36.9743
-37.8063
-38.1808
-38.5571
-38.9367
-39.3217
-39.71
-40.5963
-41.0011
-41.4069
-41.8172
-42.2309
-42.6482
-43.6108
-44.0481
-44.4903
-44.9386
-45.3928
-45.8519
-46.914
-47.3972
-47.8883
-48.3887
-48.897
-49.413
-50.6073
-51.1551
-51.7137
-52.283
-52.8621
-53.4524
-54.8219
-55.4515
-56.0934
-56.7479
-57.4135
-58.0922
-59.6631
-60.3808
-61.11
-61.8526
-62.6072
-63.3714
-65.1383
-65.9434
-66.7612
-67.5924
-68.4342
-69.2877
-71.25
-72.1431
-73.0479
-73.9614
-74.8847
-75.8351
-78.0027
-78.9943
-79.996
-81.0125
-82.0426
-83.0883
-85.4975
-86.5938
-87.71
-88.8413
-89.9893
-91.1545
-93.8621
-95.0992
-96.3668
-97.6455
-98.9427
-100.268
-103.336
-104.746
-106.186
-107.654
-109.155
-110.688
-114.246
-115.881
-117.555
-119.269
-121.032
-122.853
-127.073
-129.004
-130.999
-133.06
-135.196
-137.355
-142.461
-144.847
-147.279
-149.817
-152.408
-155.069
-161.395
-164.401
-167.445
-170.58
-173.886
-177.269
-185.167
-188.998
-192.984
-197.07
-201.244
-205.587
-215.763
-220.373
-225.08
-230.112
-235.379
-240.676
-252.748
-258.051
-263.438
-268.99
-274.627
-280.39
-292.507
-297.9
-303.24
-308.025
-312.6
-317.391
-326.334
-329.555
-332.149
-334.231
-335.815
-336.682
-336.174
-334.739
-333.468
-330.229
-325.863
-321.042
-306.94
-299.739
-291.266
-281.568
-271.029
-259.897
-232.445
-218.777
-204.216
-189.047
-173.496
-157.214
-119.13
-101.349
-83.1736
-64.95
-46.4552
-27.8025
14.0451
32.7678
51.3053
69.5555
87.4552
105.009
143.556
159.77
175.477
190.397
204.98
218.178
246.204
257.12
267.581
277
285.445
293.074
306.844
311.673
315.651
318.971
321.22
322.981
323.018
322.235
320.785
318.723
316.328
313.298
305.165
300.977
296.272
291.511
286.312
281.437
270.136
264.834
259.456
253.979
248.802
243.699
232.578
227.692
222.875
218.229
213.632
209.063
199.605
195.577
191.581
187.75
184.026
180.44
172.748
169.468
166.311
163.243
160.222
157.327
151.175
148.522
145.927
143.428
141.039
138.704
133.706
131.553
129.417
127.373
125.4
123.493
119.283
117.464
115.715
114.002
112.321
110.68
107.113
105.58
104.078
102.607
101.163
99.749
96.6688
95.3406
94.0328
92.7481
91.4865
90.247
87.5215
86.3496
85.1954
84.0602
82.9451
81.8469
79.4373
78.3945
77.3674
76.3565
75.3632
74.3837
72.245
71.3221
70.4129
69.5152
68.6362
67.7744
65.8948
65.0833
64.2853
63.5034
62.7324
61.9814
60.356
59.6532
58.9635
58.2857
57.6243
56.9783
55.5711
54.9604
54.363
53.7769
53.2016
52.6364
51.3992
50.8636
50.3361
49.817
49.3065
48.8023
47.6919
47.2094
46.7327
46.2627
45.7976
45.3381
44.323
43.8824
43.4443
43.0102
42.582
42.1582
41.2164
40.8035
40.3964
39.9929
39.5914
39.1953
38.3184
37.9337
37.5526
37.1754
36.8003
36.4281
35.6024
35.2408
34.8815
34.524
34.1691
33.8164
33.0402
32.7004
32.3616
32.025
31.691
31.3599
30.6255
30.3028
29.9834
29.6672
29.3521
29.0394
28.3463
28.0432
27.7428
27.4449
27.1488
26.8561
26.2094
25.9261
25.646
25.3709
25.0968
24.8273
24.2327
23.9725
23.7165
23.4644
23.2154
22.9703
22.4352
22.2043
21.9754
21.749
21.5271
21.3097
20.8349
20.6306
20.4274
20.2273
20.0298
19.8355
19.4093
19.2243
19.042
18.8623
18.6832
18.5067
18.1187
17.9492
17.7815
17.6157
17.4511
17.2886
16.9287
16.7698
16.6127
16.4576
16.3038
16.1514
15.8122
15.6638
15.5171
15.3708
15.2253
15.0807
14.761
14.6202
14.4803
14.3423
14.2052
14.0679
13.7636
13.6295
13.4959
13.364
13.2328
13.1026
12.8135
12.6858
12.5599
12.4355
12.3108
12.1868
11.9112
11.79
11.6701
11.5506
11.4327
11.3147
11.0537
10.9386
10.8245
10.7117
10.5995
10.4881
10.2419
10.1337
10.0263
9.92034
9.81502
9.71174
9.48241
9.38221
9.28317
9.18539
9.08886
8.99375
8.78395
8.6928
8.60341
8.51588
8.42887
8.3425
8.15468
8.07332
7.99363
7.91514
7.83724
7.76039
7.5906
7.51759
7.44497
7.37364
7.30312
7.2335
7.07967
7.0123
6.94559
6.8795
6.81395
6.74925
6.60596
6.54306
6.4811
6.41932
6.35799
6.29709
6.16212
6.10271
6.04343
5.98482
5.92686
5.86911
5.74108
5.68454
5.62834
5.57277
5.51753
5.46249
5.34032
5.28632
5.23257
5.17939
5.12646
5.07408
4.95683
4.90531
4.85401
4.80315
4.75249
4.70229
4.5904
4.54103
4.49193
4.44323
4.39455
4.34615
4.23938
4.19215
4.14528
4.09878
4.05255
4.00668
3.90507
3.86026
3.81566
3.77168
3.72806
3.68476
3.58898
3.54699
3.50555
3.46462
3.42409
3.3845
3.29747
3.26111
3.22544
3.14402
3.04675
2.95541
2.76379
2.68448
2.60883
2.53656
2.46732
2.40103
2.26213
2.20437
2.14913
2.09617
2.04529
1.99636
1.89236
1.84863
1.80647
1.76586
1.72663
1.68868
1.60774
1.57338
1.54014
1.50803
1.47692
1.44688
1.38334
1.35602
1.32937
1.30342
1.27809
1.25341
1.2007
1.17849
1.15634
1.13467
1.11345
1.09288
1.0484
1.02935
1.01077
0.992704
0.975017
0.957753
0.920537
0.904648
0.889186
0.874545
0.860046
0.84572
0.81419
0.800427
0.786838
0.773452
0.76021
0.747142
0.718435
0.70593
0.693614
0.681552
0.669674
0.658007
0.632353
0.621155
0.61015
0.599362
0.588743
0.578316
