-1.71041
-1.88153
-2.06341
-2.25739
-2.466
-2.69366
-2.94692
-3.23257
-3.55317
-3.90635
-4.28818
-4.69722
-5.13405
-5.60172
-6.10544
-6.65493
-7.26581
-7.9564
-8.73968
-9.61308
-10.5666
-11.5937
-12.6943
-13.8738
-15.1454
-16.5302
-18.0648
-19.8009
-21.784
-24.0248
-26.5027
-29.1977
-32.1093
-35.2551
-38.675
-42.4347
-46.6448
-51.4734
-57.1224
-63.735
-71.3802
-80.1375
-90.2094
-101.967
-116.011
-133.301
-155.275
-183.817
-220.493
-263.184
-300.302
-307.738
-260.919
-153.39
-6.89661
139.841
247.379
295.081
288.865
253.88
213.594
178.524
150.958
129.471
112.329
98.3294
86.5924
76.6007
68.0593
60.8215
54.7227
49.5282
44.9964
40.9435
37.2588
33.8728
30.7467
27.8651
25.2334
22.8771
20.8068
18.9925
17.3767
15.9078
14.5533
13.2926
12.1158
11.018
10.0018
9.07704
8.25244
7.52392
6.87393
6.28228
5.73487
5.22304
4.74223
4.29063
3.86979
3.48676
2.94632
2.26935
1.81055
1.47804
1.22663
1.03136
0.874386
0.745775
0.632905
0.536892
-1.71119
-1.8807
-1.88236
-2.06252
-2.0643
-2.25644
-2.25834
-2.46498
-2.46703
-2.69253
-2.69479
-2.94565
-2.94818
-3.23114
-3.234
-3.55158
-3.55476
-3.90462
-3.90809
-4.28632
-4.29005
-4.69523
-4.69921
-5.13192
-5.13618
-5.59944
-5.60401
-6.10297
-6.10792
-6.65222
-6.65765
-7.26275
-7.26886
-7.95293
-7.95987
-8.73577
-8.7436
-9.60877
-9.6174
-10.5619
-10.5713
-11.5887
-11.5987
-12.6889
-12.6997
-13.8681
-13.8796
-15.1392
-15.1517
-16.5233
-16.537
-18.0571
-18.0724
-19.7922
-19.8096
-21.774
-21.794
-24.0137
-24.036
-26.4905
-26.5149
-29.1844
-29.2109
-32.095
-32.1236
-35.2396
-35.2705
-38.6581
-38.6919
-42.4159
-42.4534
-46.6237
-46.666
-51.4489
-51.498
-57.0936
-57.1513
-63.7013
-63.7686
-71.3415
-71.4188
-80.0934
-80.1817
-90.1582
-90.2606
-101.907
-102.027
-115.938
-116.084
-133.21
-133.392
-155.157
-155.393
-183.664
-183.971
-220.303
-220.682
-262.982
-263.386
-300.172
-300.432
-307.807
-307.653
-261.289
-260.547
-154.012
-152.766
-7.61886
-6.1741
139.214
140.468
247.006
247.751
294.994
295.166
288.987
288.742
254.072
253.688
213.778
213.41
178.67
178.378
151.074
150.843
129.561
129.381
112.402
112.257
98.3895
98.2694
86.6433
86.5416
76.6442
76.5572
68.0964
68.0222
60.8528
60.7902
54.7491
54.6963
49.551
49.5054
45.0166
44.9763
40.9617
40.9254
37.2754
37.2422
33.8882
33.8575
30.7609
30.7326
27.8782
27.8521
25.2452
25.2216
22.8875
22.8666
20.8159
20.7976
19.0006
18.9844
17.3839
17.3695
15.9145
15.9012
14.5595
14.5472
13.2983
13.2869
12.1212
12.1104
11.023
11.013
10.0064
9.99726
9.08117
9.07291
8.25609
8.2488
7.52717
7.52068
6.87684
6.87102
6.28496
6.2796
5.73736
5.73237
5.22538
5.2207
4.74443
4.74003
4.29269
4.28857
3.8717
3.86789
3.48846
3.48506
2.95027
2.94238
2.27194
2.26678
1.81237
1.80874
1.47934
1.47673
1.22766
1.2256
1.03219
1.03053
0.875028
0.873744
0.746344
0.745206
0.633399
0.632412
0.537317
-1.71727
-1.87426
-1.88881
-2.05567
-2.07117
-2.24912
-2.26569
-2.45706
-2.47498
-2.68381
-2.70356
-2.93588
-2.95801
-3.22007
-3.24512
-3.53931
-3.56714
-3.89118
-3.92157
-4.27188
-4.30453
-4.6798
-4.71468
-5.11545
-5.1527
-5.58175
-5.62175
-6.08383
-6.12713
-6.63119
-6.67878
-7.23913
-7.29257
-7.92612
-7.98685
-8.7055
-8.77401
-9.57536
-9.65094
-10.5258
-10.6075
-11.5499
-11.6377
-12.6474
-12.7414
-13.8234
-13.9243
-15.0909
-15.2001
-16.4704
-16.5902
-17.9979
-18.132
-19.7247
-19.8776
-21.697
-21.8714
-23.9274
-24.1226
-26.3961
-26.6097
-29.0822
-29.3135
-31.9847
-32.2344
-35.1201
-35.3906
-38.5277
-38.823
-42.2714
-42.5987
-46.4598
-46.8305
-51.2597
-51.6886
-56.8707
-57.3756
-63.442
-64.0295
-71.0432
-71.7189
-79.7523
-80.5251
-89.7629
-90.659
-101.441
-102.497
-115.376
-116.653
-132.507
-134.102
-154.251
-156.311
-182.486
-185.166
-218.84
-222.16
-261.418
-264.946
-299.138
-301.41
-308.313
-306.908
-264.11
-257.599
-158.81
-147.902
-13.1971
-0.56583
134.323
145.295
244.051
250.594
294.26
295.774
289.917
287.778
255.554
252.2
215.208
211.989
179.81
177.25
151.967
149.964
130.263
128.687
112.968
111.696
98.8567
97.8058
87.0391
86.1476
76.9826
76.2214
68.3852
67.7355
61.0965
60.5486
54.9543
54.4924
49.7281
49.3294
45.1732
44.8203
41.103
40.7848
37.4045
37.1135
34.0073
33.7388
30.8709
30.6229
27.9792
27.7514
25.3369
25.1306
22.9686
22.786
20.8867
20.7272
19.0631
18.922
17.4402
17.3135
15.966
15.8498
14.6073
14.4996
13.3429
13.2425
12.1628
12.0689
11.0617
10.9744
10.042
9.96181
9.11327
9.04094
8.28448
8.22059
7.55234
7.4957
6.89948
6.84849
6.30575
6.25889
5.75672
5.71307
5.24353
5.2026
4.76148
4.72302
4.30869
4.27263
3.88648
3.85316
3.50168
3.47193
2.98117
2.9121
2.29211
2.247
1.82654
1.79474
1.48954
1.46665
1.2357
1.21766
1.03863
1.02415
0.880018
0.868779
0.75077
0.740809
0.637241
0.628602
0.540618
-1.73464
-1.75847
-1.78256
-1.80686
-1.83132
-1.85603
-1.90725
-1.93264
-1.9582
-1.98403
-2.01004
-2.03628
-2.09079
-2.11775
-2.14503
-2.17259
-2.20033
-2.22838
-2.28671
-2.31563
-2.34489
-2.37449
-2.40438
-2.43466
-2.49775
-2.52911
-2.56096
-2.59326
-2.62595
-2.65917
-2.72868
-2.76338
-2.79874
-2.83466
-2.87119
-2.90826
-2.98627
-3.02534
-3.06514
-3.1057
-3.14684
-3.18889
-3.277
-3.32106
-3.36591
-3.41141
-3.45759
-3.50453
-3.60258
-3.65151
-3.7009
-3.75108
-3.80177
-3.85317
-3.96008
-4.01309
-4.06674
-4.12094
-4.17564
-4.231
-4.34592
-4.4028
-4.46035
-4.51845
-4.57696
-4.6361
-4.7589
-4.81968
-4.88112
-4.94314
-5.00564
-5.06881
-5.19993
-5.26492
-5.33067
-5.39698
-5.46399
-5.53166
-5.67244
-5.74224
-5.813
-5.88444
-5.95656
-6.0297
-6.18213
-6.25807
-6.33485
-6.41269
-6.49151
-6.5717
-6.73935
-6.8233
-6.9083
-6.99483
-7.08271
-7.17243
-7.36067
-7.45481
-7.55094
-7.64907
-7.74884
-7.85046
-8.06434
-8.17161
-8.28094
-8.39218
-8.50512
-8.62008
-8.86116
-8.98151
-9.10379
-9.2279
-9.3534
-9.48091
-9.74686
-9.87903
-10.013
-10.1485
-10.2851
-10.4235
-10.7113
-10.854
-10.9984
-11.1442
-11.2912
-11.44
-11.7489
-11.9019
-12.0566
-12.2128
-12.3704
-12.5297
-12.8606
-13.0243
-13.1899
-13.3573
-13.5263
-13.6972
-14.0525
-14.2288
-14.4074
-14.5876
-14.7697
-14.9542
-15.3388
-15.5301
-15.724
-15.9205
-16.1192
-16.3209
-16.7428
-16.9534
-17.1675
-17.385
-17.6055
-17.8307
-18.303
-18.5404
-18.7817
-19.028
-19.2783
-19.5341
-20.0729
-20.3435
-20.6196
-20.9011
-21.1875
-21.4798
-22.0939
-22.4011
-22.7144
-23.033
-23.3557
-23.6837
-24.3702
-24.7126
-25.0601
-25.4124
-25.7684
-26.1291
-26.8808
-27.2541
-27.6326
-28.0152
-28.4021
-28.7931
-29.607
-30.0115
-30.4201
-30.833
-31.2506
-31.6726
-32.5512
-32.9877
-33.4291
-33.8752
-34.3262
-34.7823
-35.7341
-36.2069
-36.6856
-37.1707
-37.6624
-38.1597
-39.1987
-39.7167
-40.2416
-40.7742
-41.3149
-41.8638
-43.0151
-43.5909
-44.1762
-44.7731
-45.381
-45.9989
-47.3028
-47.9587
-48.6281
-49.3129
-50.0137
-50.7272
-52.2372
-53.0023
-53.7867
-54.5875
-55.4065
-56.2438
-58.0208
-58.9185
-59.8369
-60.7749
-61.7327
-62.7119
-64.7788
-65.8211
-66.8847
-67.9692
-69.0759
-70.2037
-72.5806
-73.7755
-74.9933
-76.2348
-77.5005
-78.7908
-81.5117
-82.8829
-84.2801
-85.7059
-87.1618
-88.6508
-91.8039
-93.3911
-95.0172
-96.6838
-98.3891
-100.135
-103.846
-105.728
-107.667
-109.66
-111.701
-113.798
-118.3
-120.591
-122.957
-125.402
-127.928
-130.535
-136.161
-139.062
-142.051
-145.147
-148.365
-151.713
-158.968
-162.708
-166.6
-170.65
-174.849
-179.201
-188.635
-193.537
-198.561
-203.793
-209.18
-214.717
-226.454
-232.461
-238.483
-244.607
-250.737
-256.914
-269.358
-275.349
-281.051
-286.46
-291.528
-296.083
-303.953
-306.748
-308.721
-310.017
-310.328
-309.656
-304.548
-300.378
-295.174
-288.699
-280.814
-271.653
-248.745
-235.57
-221.232
-205.728
-189.371
-171.984
-133.783
-113.826
-93.4398
-72.415
-50.7726
-29.0804
15.4591
37.18
58.5723
79.4931
100.218
120.142
158.715
176.305
192.581
207.77
222.026
235.2
258.159
267.352
275.333
282.039
287.524
291.936
296.992
297.865
297.622
296.558
294.931
292.397
284.914
280.614
275.829
270.546
265.195
259.718
247.94
242.063
236.301
230.494
224.805
219.202
208.007
202.713
197.568
192.578
187.792
183.12
174.085
169.901
165.864
161.953
158.18
154.544
147.498
144.24
141.105
138.065
135.129
132.287
126.743
124.152
121.66
119.242
116.896
114.605
110.127
108.037
106.003
104.023
102.084
100.203
96.5017
94.7563
93.0495
91.3863
89.7631
88.1777
85.0412
83.5596
82.1111
80.6968
79.311
77.9562
75.2762
74.0101
72.7707
71.5586
70.3731
69.2155
66.9309
65.8528
64.8013
63.7768
62.7742
61.7976
59.8697
58.9624
58.0771
57.2135
56.37
55.5451
53.9186
53.1494
52.3988
51.6617
50.9418
50.2359
48.8341
48.169
47.5155
46.8738
46.2431
45.6217
44.381
43.7896
43.2063
42.6312
42.0653
41.5073
40.3875
39.8517
39.3224
38.8001
38.2835
37.774
36.7497
36.2576
35.7716
35.2915
34.817
34.3478
33.4032
32.9498
32.5015
32.058
31.6194
31.1856
30.313
29.8943
29.4804
29.0717
28.6676
28.2685
27.4667
27.0831
26.7043
26.3308
25.9621
25.5996
24.8736
24.5275
24.1874
23.8528
23.5234
23.2013
22.5587
22.2535
21.9545
21.6607
21.3727
21.0903
20.5282
20.2614
20.0002
19.743
19.4902
19.2424
18.7466
18.5103
18.278
18.049
17.8238
17.6012
17.1549
16.9413
16.7308
16.5224
16.3166
16.1134
15.7046
15.5082
15.3141
15.1219
14.9317
14.7439
14.3648
14.1823
14.0018
13.8227
13.6455
13.4703
13.1168
12.9464
12.7779
12.611
12.4455
12.2819
11.9513
11.7923
11.6351
11.4793
11.325
11.1726
10.8652
10.7174
10.5717
10.4273
10.2848
10.1442
9.86156
9.7263
9.5932
9.46189
9.33272
9.20524
8.9508
8.82984
8.71089
8.59382
8.47878
8.366
8.14097
8.03397
7.9291
7.82561
7.72407
7.62442
7.42521
7.33023
7.23672
7.14455
7.05372
6.96433
6.78484
6.69883
6.61393
6.52998
6.44721
6.36525
6.20026
6.12099
6.04264
5.96501
5.88826
5.81207
5.65846
5.58449
5.51126
5.43862
5.36664
5.29542
5.15128
5.08197
5.01316
4.94486
4.8772
4.81024
4.67482
4.6095
4.54488
4.48078
4.41722
4.35442
4.2275
4.1664
4.10606
4.04624
3.98708
3.92879
3.81153
3.75536
3.70011
3.64565
3.59215
3.53951
3.43494
3.38514
3.33663
3.28937
3.20296
3.072
2.82853
2.72082
2.61996
2.52518
2.43558
2.35109
2.19207
2.12028
2.05228
1.98763
1.92576
1.86763
1.75569
1.70429
1.65504
1.60814
1.56353
1.52075
1.43802
1.39955
1.36243
1.3266
1.29214
1.25909
1.19559
1.16663
1.13802
1.11019
1.08322
1.05722
1.00625
0.982436
0.959384
0.937015
0.915379
0.894511
0.854764
0.835893
0.817353
0.799084
0.78114
0.763487
0.728421
0.711805
0.695558
0.679603
0.66375
0.648317
0.617906
0.603669
0.589801
0.576353
0.563114
0.550074
