-2.10841
-2.33882
-2.58994
-2.87228
-3.20161
-3.58407
-4.01072
-4.47343
-4.97086
-5.5058
-6.08492
-6.72277
-7.45055
-8.30903
-9.30713
-10.4183
-11.6242
-12.924
-14.3274
-15.8554
-17.5549
-19.5204
-21.8608
-24.581
-27.6108
-30.9166
-34.5135
-38.4512
-42.8245
-47.829
-53.8263
-61.2111
-70.0918
-80.5168
-92.8219
-107.738
-126.567
-151.669
-187.292
-239.547
-309.069
-369.685
-356.396
-225.209
-6.97635
210.966
342.265
356.993
298.854
232.597
182.693
148.002
123.087
104.203
89.2044
76.8835
66.6753
58.389
51.7438
46.2167
41.4013
37.0818
33.151
29.5514
26.2674
23.3436
20.8502
18.7534
16.927
15.2764
13.7576
12.3494
11.0428
9.84121
8.76781
7.84769
7.06123
6.36379
5.72496
5.13121
4.57605
4.05792
3.58261
3.06705
2.23279
1.72124
1.37058
1.1118
0.913442
0.759394
-2.1093
-2.33785
-2.33978
-2.58888
-2.591
-2.87106
-2.87349
-3.20018
-3.20304
-3.58244
-3.5857
-4.00893
-4.01251
-4.4715
-4.47536
-4.96879
-4.97293
-5.50357
-5.50803
-6.08249
-6.08735
-6.72006
-6.72549
-7.44739
-7.45371
-8.30529
-8.31277
-9.30288
-9.31139
-10.4137
-10.423
-11.6192
-11.6293
-12.9186
-12.9294
-14.3215
-14.3332
-15.849
-15.8619
-17.5476
-17.5622
-19.5118
-19.529
-21.8506
-21.8711
-24.5694
-24.5926
-27.598
-27.6235
-30.9028
-30.9304
-34.4984
-34.5286
-38.4346
-38.4678
-42.8058
-42.8432
-47.8072
-47.8508
-53.7996
-53.853
-61.1784
-61.2437
-70.0532
-70.1305
-80.4715
-80.5621
-92.768
-92.8758
-107.671
-107.804
-126.481
-126.653
-151.551
-151.787
-187.12
-187.464
-239.297
-239.797
-308.789
-309.35
-369.54
-369.829
-356.676
-356.114
-225.956
-224.461
-7.91368
-6.03908
210.217
211.714
341.978
342.549
357.117
356.868
299.137
298.57
232.833
232.362
182.859
182.524
148.119
147.885
123.173
123.001
104.27
104.136
89.2587
89.1502
76.9285
76.8384
66.7124
66.6382
58.4186
58.3593
51.7679
51.7197
46.2373
46.1962
41.4195
41.383
37.0983
37.0653
33.1661
33.1359
29.5652
29.5375
26.2799
26.2549
23.3545
23.3327
20.8593
20.8411
18.7612
18.7456
16.934
16.9201
15.2828
15.2701
13.7635
13.7517
12.3548
12.3439
11.0478
11.0377
9.8458
9.83663
8.77182
8.7638
7.85109
7.84429
7.06418
7.05828
6.36646
6.36112
5.72743
5.72249
5.13351
5.1289
4.57821
4.5739
4.05992
4.05591
3.58441
3.58081
3.07144
3.06267
2.23532
2.23029
1.72291
1.71957
1.37177
1.36939
1.11272
1.11089
0.914135
0.912749
0.759967
-2.11667
-2.32993
-2.34773
-2.58014
-2.59977
-2.86105
-2.88358
-3.1884
-3.21489
-3.569
-3.59919
-3.99419
-4.02729
-4.45562
-4.49128
-4.95175
-4.99003
-5.48519
-5.52647
-6.06248
-6.10744
-6.69772
-6.74796
-7.42141
-7.47987
-8.27452
-8.34374
-9.26786
-9.34656
-10.3753
-10.4615
-11.5778
-11.6708
-12.874
-12.9742
-14.2732
-14.3817
-15.796
-15.9151
-17.4878
-17.6225
-19.4412
-19.6001
-21.7667
-21.9555
-24.474
-24.6884
-27.4933
-27.7287
-30.7888
-31.0448
-34.3742
-34.6533
-38.298
-38.605
-42.6524
-42.9976
-47.6279
-48.0311
-53.5806
-54.0741
-60.91
-61.5142
-69.7353
-70.4504
-80.0993
-80.937
-92.3245
-93.3236
-107.123
-108.358
-125.776
-127.37
-150.583
-152.766
-185.71
-188.896
-237.251
-241.872
-306.429
-311.816
-368.294
-370.969
-358.911
-353.712
-232.048
-218.215
-15.6575
1.69126
203.985
217.828
339.513
344.826
358.105
355.709
301.479
296.232
234.791
230.426
184.235
181.154
149.086
146.93
123.887
122.297
104.825
103.587
89.7079
88.7046
77.3016
76.4682
67.0193
66.3337
58.6644
58.1159
51.9676
51.5214
46.4076
46.027
41.5705
41.2328
37.2348
36.9293
33.2908
33.0116
29.6795
29.4236
26.3834
26.1519
23.4447
23.243
20.935
20.766
18.8257
18.6815
16.9914
16.8629
15.3352
15.2178
13.8119
13.7034
12.3999
12.299
11.0895
10.9962
9.88374
9.79889
8.80498
8.73084
7.87922
7.81635
7.08859
7.03399
6.38851
6.33914
5.74782
5.70215
5.15255
5.10992
4.59602
4.55614
4.07648
4.03942
3.59933
3.56596
3.10803
3.02689
2.25645
2.20977
1.7368
1.70589
1.38162
1.35963
1.12028
1.10341
0.91989
0.907063
0.764709
-2.1395
-2.17199
-2.20487
-2.23806
-2.27162
-2.30561
-2.37241
-2.40758
-2.44327
-2.47944
-2.51613
-2.55338
-2.62706
-2.66617
-2.70606
-2.74667
-2.78816
-2.83049
-2.91506
-2.96032
-3.00667
-3.05412
-3.10267
-3.15247
-3.2518
-3.30494
-3.3591
-3.41433
-3.47055
-3.52785
-3.64111
-3.70102
-3.76187
-3.82342
-3.88587
-3.94898
-4.07314
-4.13843
-4.20452
-4.27124
-4.33867
-4.4069
-4.54064
-4.61099
-4.68196
-4.75366
-4.8261
-4.89941
-5.04303
-5.11849
-5.19486
-5.27197
-5.34999
-5.4288
-5.58364
-5.66507
-5.74758
-5.831
-5.91547
-6.00114
-6.16981
-6.25895
-6.34934
-6.44106
-6.53434
-6.62943
-6.81785
-6.91815
-7.02067
-7.12537
-7.23263
-7.34209
-7.56154
-7.67922
-7.80012
-7.9239
-8.05058
-8.18065
-8.44025
-8.57885
-8.72044
-8.86459
-9.01123
-9.16061
-9.45585
-9.61194
-9.77034
-9.93065
-10.093
-10.2576
-10.5809
-10.7509
-10.9232
-11.097
-11.2727
-11.4507
-11.7997
-11.983
-12.1686
-12.356
-12.5454
-12.737
-13.113
-13.3107
-13.5109
-13.7131
-13.9177
-14.125
-14.5321
-14.7465
-14.9641
-15.1842
-15.4072
-15.6337
-16.0805
-16.3169
-16.5575
-16.8018
-17.051
-17.3047
-17.8102
-18.08
-18.3564
-18.639
-18.9284
-19.226
-19.8223
-20.1435
-20.4725
-20.8097
-21.1557
-21.5106
-22.2188
-22.5967
-22.9824
-23.3752
-23.7748
-24.1818
-24.9861
-25.4112
-25.8429
-26.2798
-26.7227
-27.1719
-28.0551
-28.5204
-28.9913
-29.4681
-29.9506
-30.4389
-31.3998
-31.9058
-32.4179
-32.9368
-33.4616
-33.9931
-35.0404
-35.5928
-36.1527
-36.7203
-37.2958
-37.8793
-39.0316
-39.6415
-40.2611
-40.891
-41.5315
-42.1833
-43.4778
-44.1668
-44.8712
-45.5911
-46.3274
-47.0815
-48.5948
-49.4105
-50.2484
-51.1102
-51.9988
-52.9141
-54.7672
-55.7696
-56.8023
-57.8671
-58.9637
-60.0912
-62.3599
-63.5794
-64.8288
-66.1098
-67.4213
-68.7645
-71.4487
-72.8841
-74.3515
-75.8537
-77.3908
-78.9624
-82.1077
-83.7914
-85.5186
-87.2899
-89.1065
-90.9718
-94.7223
-96.7425
-98.8247
-100.969
-103.178
-105.459
-110.09
-112.61
-115.216
-117.921
-120.724
-123.639
-129.623
-132.917
-136.352
-139.94
-143.704
-147.662
-155.873
-160.442
-165.27
-170.361
-175.773
-181.467
-193.443
-200.171
-207.265
-214.8
-222.727
-231.085
-248.417
-257.942
-267.842
-277.962
-288.432
-299.001
-319.192
-329.529
-339.337
-348.489
-356.867
-364.016
-373.883
-376.395
-377.052
-375.425
-371.472
-364.956
-345.279
-331.099
-314.585
-295.56
-273.959
-250.212
-198.215
-168.822
-137.931
-105.707
-72.8254
-39.5561
25.4349
58.871
91.7868
123.821
154.698
184.214
235.923
259.901
281.582
300.647
317.149
331.122
351.046
357.552
361.671
363.42
363.173
360.772
351.504
344.529
336.741
327.81
318.326
308.584
289.054
279
269.127
259.408
250.024
240.95
224.527
216.588
209.04
201.848
195.023
188.606
177.062
171.541
166.316
161.345
156.624
152.134
144.052
140.148
136.408
132.84
129.413
126.132
120.158
117.234
114.425
111.713
109.096
106.567
101.917
99.6244
97.4015
95.2432
93.1479
91.1139
87.3461
85.474
83.6501
81.876
80.148
78.4668
75.34
73.7858
72.2721
70.7993
69.3693
67.9795
65.4066
64.1337
62.9016
61.709
60.5538
59.4346
57.3757
56.3589
55.3744
54.4194
53.4922
52.5914
50.9178
50.0849
49.2714
48.4771
47.6999
46.9384
45.5096
44.7912
44.0855
43.3919
42.7103
42.0397
40.7726
40.1314
39.5002
38.8775
38.2639
37.6587
36.5122
35.9306
35.3565
34.7897
34.2302
33.678
32.6303
32.098
31.5723
31.053
30.5404
30.0343
29.0743
28.587
28.1064
27.6323
27.1653
26.705
25.8366
25.3978
24.9676
24.5455
24.1313
23.7264
22.9693
22.5906
22.2222
21.8619
21.512
21.1714
20.5369
20.2203
19.9117
19.6101
19.3153
19.0265
18.4855
18.2131
17.9457
17.6829
17.4239
17.1694
16.6878
16.4436
16.2024
15.9648
15.7297
15.4979
15.0575
14.8332
14.6118
14.393
14.1764
13.9623
13.555
13.3473
13.1421
12.9392
12.7381
12.5394
12.1613
11.9684
11.778
11.5896
11.403
11.2188
10.8688
10.6906
10.5149
10.3415
10.1702
10.0017
9.68322
9.52226
9.36435
9.20944
9.05729
8.90846
8.63023
8.49105
8.35516
8.22255
8.09309
7.96693
7.73108
7.61296
7.49738
7.38436
7.27334
7.16455
6.95967
6.85617
6.75413
6.65375
6.55464
6.45699
6.27171
6.17731
6.08426
5.99224
5.9012
5.81106
5.63971
5.55228
5.46586
5.3803
5.29546
5.21155
5.05162
4.97004
4.88912
4.80908
4.72971
4.65121
4.5016
4.42521
4.34971
4.27496
4.20103
4.1278
3.98886
3.91821
3.84858
3.77997
3.71227
3.64577
3.52062
3.45773
3.39609
3.33604
3.27737
3.2204
2.9205
2.78068
2.65234
2.53432
2.42564
2.32412
2.14815
2.06542
1.98786
1.9149
1.84553
1.78075
1.66477
1.60957
1.55672
1.50591
1.45738
1.41242
1.32996
1.28898
1.24993
1.21282
1.17759
1.14401
1.08091
1.05017
1.0205
0.991922
0.964414
0.937989
0.88987
0.86689
0.844402
0.822342
0.800682
0.77948
