-2.49663
-2.75818
-3.05611
-3.39958
-3.78768
-4.21343
-4.67308
-5.1672
-5.6998
-6.27926
-6.92222
-7.65672
-8.51041
-9.48501
-10.563
-11.7325
-12.9937
-14.3567
-15.8421
-17.4918
-19.3787
-21.5858
-24.1343
-26.984
-30.1032
-33.4977
-37.2045
-41.2973
-45.9143
-51.3015
-57.7736
-65.5503
-74.6974
-85.3691
-97.9951
-113.34
-132.74
-158.478
-194.012
-242.673
-299.62
-337.973
-310.453
-191.153
-6.96606
177.396
296.541
325.373
289.064
234.851
188.693
154.342
129.067
109.749
94.3814
81.7581
71.2204
62.4691
55.3109
49.399
44.3387
39.8629
35.8207
32.1302
28.7505
25.6811
22.9584
20.6176
18.6116
16.8462
15.2482
13.7787
12.417
11.1542
9.9928
8.9478
8.03609
7.24754
6.54971
5.91476
5.32704
4.77866
4.26667
3.79319
3.36892
2.60698
1.98086
1.56403
1.26247
1.03719
-2.49767
-2.75702
-2.75934
-3.05478
-3.05744
-3.39806
-3.40111
-3.78598
-3.78938
-4.21159
-4.21528
-4.6711
-4.67507
-5.16506
-5.16933
-5.69749
-5.70211
-6.27673
-6.2818
-6.91937
-6.92507
-7.65343
-7.66002
-8.50659
-8.51423
-9.48072
-9.4893
-10.5584
-10.5677
-11.7274
-11.7376
-12.9883
-12.9992
-14.3508
-14.3626
-15.8356
-15.8485
-17.4845
-17.4991
-19.3702
-19.3872
-21.5759
-21.5957
-24.123
-24.1456
-26.9715
-26.9964
-30.0896
-30.1167
-33.483
-33.5125
-37.1883
-37.2207
-41.2793
-41.3153
-45.8937
-45.935
-51.277
-51.326
-57.744
-57.8033
-65.5151
-65.5856
-74.6563
-74.7385
-85.321
-85.4171
-97.9375
-98.0526
-113.269
-113.411
-132.646
-132.833
-158.354
-158.602
-193.839
-194.185
-242.443
-242.902
-299.391
-299.848
-337.927
-338.017
-310.751
-310.153
-191.82
-190.484
-7.78402
-6.14815
176.724
178.065
296.238
296.843
325.42
325.324
289.279
288.849
235.071
234.631
188.86
188.527
154.464
154.221
129.159
128.976
109.82
109.678
94.4389
94.3239
81.8061
81.7102
71.2605
71.1803
62.5021
62.4362
55.3379
55.2839
49.4217
49.3762
44.3584
44.3189
39.8805
39.8452
35.8368
35.8046
32.145
32.1155
28.7639
28.737
25.6932
25.669
22.969
22.9479
20.6266
20.6086
18.6194
18.6038
16.8532
16.8392
15.2546
15.2418
13.7846
13.7728
12.4225
12.4116
11.1593
11.1492
9.99741
9.98818
8.95187
8.94372
8.03961
8.03257
7.25062
7.24447
6.55247
6.54695
5.9173
5.91222
5.3294
5.32468
4.78087
4.77645
4.26873
4.26462
3.79507
3.79131
3.37057
3.36728
2.61026
2.6037
1.98295
1.97878
1.56549
1.56256
1.26355
1.26139
1.03802
-2.50593
-2.74779
-2.76862
-3.04415
-3.06812
-3.38587
-3.41336
-3.7724
-3.803
-4.19685
-4.23006
-4.65524
-4.69097
-5.14801
-5.18642
-5.67907
-5.72059
-6.2565
-6.30211
-6.89667
-6.9479
-7.62715
-7.68646
-8.4761
-8.54489
-9.44648
-9.52368
-10.5209
-10.6053
-11.687
-11.7781
-12.9447
-13.0429
-14.3035
-14.41
-15.7838
-15.9006
-17.4262
-17.5578
-19.3024
-19.4554
-21.4967
-21.6754
-24.033
-24.236
-26.8721
-27.0962
-29.9814
-30.2254
-33.3651
-33.6308
-37.0591
-37.3505
-41.1355
-41.4597
-45.7293
-46.1004
-51.0811
-51.5227
-57.5082
-58.0412
-65.2342
-65.8684
-74.3285
-75.0683
-84.9376
-85.8029
-97.4791
-98.5149
-112.703
-113.985
-131.914
-133.585
-157.371
-159.603
-192.465
-195.581
-240.616
-244.748
-297.542
-301.666
-337.462
-338.338
-313.081
-307.686
-197.106
-185.102
-14.3299
0.36499
171.294
183.365
293.753
299.244
325.771
324.893
291.027
287.124
236.836
232.955
190.199
187.2
155.445
153.252
129.891
128.252
110.393
109.11
94.9012
93.8647
82.191
81.3281
71.5823
70.8609
62.7669
62.1731
55.5544
55.0689
49.6029
49.1951
44.5167
44.1614
40.0222
39.7041
35.9655
35.6764
32.2629
31.9979
28.8717
28.6296
25.7903
25.5723
23.0535
22.8637
20.6988
20.5369
18.682
18.5416
16.9091
16.7835
15.3057
15.1909
13.8317
13.7257
12.4663
12.368
11.1998
11.1088
10.0344
9.95138
8.98457
8.91117
8.06787
8.00448
7.27528
7.21993
6.5746
6.5249
5.93767
5.89192
5.34834
5.30579
4.79857
4.7588
4.28522
4.24817
3.81015
3.77629
3.38375
3.35419
2.63671
2.57774
1.99979
1.96225
1.57701
1.55088
1.27226
1.25281
1.0447
-2.53145
-2.56785
-2.60488
-2.64254
-2.68074
-2.71971
-2.79735
-2.83849
-2.88054
-2.92337
-2.96712
-3.01183
-3.10124
-3.14879
-3.19728
-3.24682
-3.29728
-3.34876
-3.45129
-3.50555
-3.56059
-3.6166
-3.67336
-3.73101
-3.84506
-3.90499
-3.96557
-4.02699
-4.08913
-4.15187
-4.27567
-4.34048
-4.40607
-4.47227
-4.53922
-4.6068
-4.74
-4.80967
-4.88013
-4.95133
-5.02319
-5.09592
-5.23917
-5.31411
-5.38997
-5.4667
-5.54425
-5.62282
-5.77769
-5.85886
-5.94124
-6.02468
-6.10912
-6.19489
-6.36484
-6.45425
-6.54524
-6.63775
-6.73172
-6.8276
-7.01859
-7.1198
-7.22354
-7.32915
-7.43714
-7.54749
-7.76853
-7.88605
-8.00659
-8.12963
-8.25513
-8.3834
-8.63979
-8.77519
-8.91339
-9.05415
-9.19712
-9.34215
-9.62992
-9.78116
-9.93467
-10.0901
-10.2473
-10.4067
-10.7212
-10.8858
-11.0526
-11.2212
-11.3913
-11.5636
-11.9032
-12.0808
-12.2606
-12.4424
-12.6258
-12.8116
-13.1778
-13.3694
-13.5635
-13.7598
-13.9582
-14.1593
-14.5563
-14.7642
-14.9753
-15.1892
-15.4062
-15.626
-16.0614
-16.2909
-16.5244
-16.7619
-17.0029
-17.2487
-17.7393
-17.9991
-18.2648
-18.5366
-18.8137
-19.0972
-19.6664
-19.9697
-20.2803
-20.5986
-20.9233
-21.256
-21.9221
-22.2754
-22.636
-23.0039
-23.3777
-23.7587
-24.5155
-24.9142
-25.3194
-25.7304
-26.1465
-26.5689
-27.4042
-27.8424
-28.2863
-28.7358
-29.191
-29.6513
-30.5606
-31.038
-31.5208
-32.0097
-32.5048
-33.0058
-33.996
-34.5162
-35.0427
-35.5762
-36.117
-36.6652
-37.7515
-38.3232
-38.903
-39.4916
-40.0899
-40.6977
-41.9063
-42.5465
-43.1984
-43.8618
-44.539
-45.23
-46.614
-47.3515
-48.1063
-48.8798
-49.6759
-50.4893
-52.1336
-53.0138
-53.9198
-54.8511
-55.809
-56.7936
-58.7799
-59.845
-60.9387
-62.058
-63.2053
-64.3822
-66.7454
-68.0047
-69.2931
-70.6102
-71.9561
-73.3329
-76.0907
-77.5598
-79.0608
-80.5964
-82.1682
-83.7746
-87.002
-88.7294
-90.5003
-92.3126
-94.1745
-96.0892
-99.9519
-102.031
-104.171
-106.375
-108.646
-110.993
-115.775
-118.364
-121.048
-123.83
-126.725
-129.722
-135.907
-139.289
-142.817
-146.498
-150.361
-154.397
-162.746
-167.394
-172.256
-177.334
-182.667
-188.294
-199.975
-206.366
-213.156
-220.222
-227.538
-235.101
-250.463
-258.641
-266.932
-275.236
-283.565
-291.815
-307.09
-314.439
-320.951
-326.756
-331.598
-335.438
-339.012
-338.71
-336.587
-332.99
-327.337
-319.703
-299.512
-286.294
-270.454
-253.096
-233.823
-212.876
-168.054
-142.859
-116.981
-89.9941
-62.4217
-34.4389
20.517
48.6035
76.129
103.147
129.217
154.157
199.448
219.922
239.163
256.438
271.968
285.48
306.031
313.971
319.639
323.598
325.97
326.438
323.138
319.551
315.066
309.486
303.103
296.215
281.781
273.973
266.001
258.006
250.097
242.29
227.732
220.56
213.634
206.976
200.562
194.391
183.202
177.804
172.637
167.712
163.018
158.517
150.346
146.397
142.618
138.996
135.52
132.176
126.072
123.084
120.214
117.441
114.765
112.179
107.397
105.05
102.773
100.567
98.4235
96.3441
92.4718
90.5564
88.6932
86.8766
85.1093
83.3874
80.1703
78.5729
77.0174
75.5012
74.0226
72.5824
69.894
68.5609
67.2648
66.0032
64.7805
63.5901
61.3779
60.286
59.2255
58.1977
57.1989
56.2271
54.4184
53.5223
52.6516
51.8034
50.9738
50.1651
48.6477
47.8895
47.1478
46.4205
45.7072
45.0069
43.6822
43.0168
42.3625
41.7187
41.0846
40.4599
39.2742
38.6758
38.0857
37.5036
36.9294
36.363
35.2851
34.7396
34.2013
33.6698
33.145
32.6268
31.6394
31.1398
30.6465
30.16
29.6792
29.2046
28.3024
27.8467
27.3975
26.9551
26.5194
26.0906
25.2782
24.87
24.4702
24.0774
23.6925
23.3163
22.6083
22.2549
21.9106
21.5733
21.2439
20.9228
20.3191
20.0175
19.7234
19.4349
19.1522
18.8756
18.3524
18.0896
17.8318
17.5776
17.3276
17.0818
16.614
16.3777
16.1449
15.9147
15.6875
15.4633
15.0357
14.8191
14.6053
14.3936
14.1841
13.9773
13.5821
13.3817
13.1835
12.9872
12.7931
12.6012
12.2347
12.0485
11.8646
11.6826
11.5028
11.325
10.9856
10.8137
10.6442
10.4767
10.3113
10.1486
9.8392
9.68321
9.53004
9.37923
9.23118
9.08601
8.81208
8.67524
8.5409
8.40962
8.28102
8.1554
7.91911
7.80071
7.68508
7.57162
7.46042
7.35146
7.14525
7.04157
6.93965
6.83924
6.74032
6.64299
6.45763
6.36391
6.27145
6.18005
6.08968
6.0005
5.82997
5.7435
5.65806
5.57339
5.48957
5.40672
5.24812
5.16756
5.08785
5.00881
4.93054
4.85313
4.70491
4.62963
4.55516
4.48131
4.40824
4.33608
4.19799
4.12809
4.05891
3.99059
3.92315
3.85675
3.73053
3.66705
3.60461
3.5433
3.4833
3.42464
3.31442
3.25968
3.13157
2.98412
2.84736
2.72082
2.50111
2.3994
2.30424
2.21557
2.13191
2.05302
1.91283
1.84683
1.78401
1.72406
1.66715
1.61337
1.51574
1.46827
1.42424
1.38119
1.33953
1.29956
1.22708
1.19235
1.15946
1.12702
1.09557
1.06549
