-1.75253
-2.04946
-2.37599
-2.7451
-3.19839
-3.7655
-4.41223
-5.12696
-5.9189
-6.81452
-7.90767
-9.30662
-10.9338
-12.7432
-14.7542
-17.0258
-19.7694
-23.337
-27.5975
-32.3978
-37.7976
-43.9966
-51.5858
-61.8421
-75.0646
-91.432
-112.549
-142.194
-189.419
-270.453
-354.955
-282.421
-6.89306
268.74
340.623
260.417
184.656
138.694
109.063
87.7738
71.3832
58.8348
49.7606
42.5873
36.44
31.0258
26.2248
22.1463
18.9986
16.4398
14.1893
12.1675
10.3436
8.75195
7.48749
6.46285
5.55805
4.73656
3.98583
3.30517
2.24193
1.56036
1.14832
0.868871
0.664969
-1.75333
-2.0486
-2.05033
-2.37502
-2.37696
-2.74397
-2.74623
-3.19694
-3.19983
-3.76378
-3.76722
-4.41032
-4.41414
-5.12484
-5.12907
-5.91655
-5.92125
-6.8118
-6.81724
-7.90416
-7.91118
-9.30231
-9.31094
-10.929
-10.9386
-12.7379
-12.7486
-14.7482
-14.7601
-17.0189
-17.0327
-19.7607
-19.7782
-23.3258
-23.3481
-27.5848
-27.6103
-32.3835
-32.4121
-37.7815
-37.8138
-43.9777
-44.0155
-51.5613
-51.6104
-61.8088
-61.8753
-75.0234
-75.1058
-91.3805
-91.4835
-112.481
-112.618
-142.093
-142.295
-189.246
-189.592
-270.174
-270.731
-354.85
-355.058
-282.955
-281.885
-7.79113
-5.99499
268.201
269.278
340.724
340.52
260.675
260.158
184.821
184.492
138.795
138.593
109.133
108.994
87.8258
87.7216
71.424
71.3425
58.8646
58.805
49.7827
49.7384
42.6059
42.5686
36.4562
36.4239
31.0402
31.0114
26.2374
26.2122
22.1564
22.1361
19.0065
18.9908
16.4465
16.4332
14.1953
14.1833
12.173
12.1621
10.3484
10.3387
8.75601
8.74789
7.49063
7.48436
6.46553
6.46017
5.56046
5.55563
4.73876
4.73435
3.98785
3.98382
3.30699
3.30335
2.24449
2.23937
1.56181
1.55891
1.14926
1.14738
0.869505
0.868237
0.665477
-1.76115
-2.04009
-2.05884
-2.36562
-2.38642
-2.73295
-2.75727
-3.1829
-3.21398
-3.74704
-3.78403
-4.39173
-4.43283
-5.10429
-5.14972
-5.89365
-5.94424
-6.78536
-6.84385
-7.8701
-7.94551
-9.26037
-9.35307
-10.882
-10.9859
-12.6858
-12.8009
-14.69
-14.8185
-16.9518
-17.1001
-19.6757
-19.8639
-23.2174
-23.457
-27.4606
-27.7349
-32.2439
-32.5517
-37.6243
-37.9716
-43.794
-44.2004
-51.3229
-51.8507
-61.4862
-62.2007
-74.6234
-75.5084
-90.8792
-91.9882
-111.812
-113.293
-141.111
-143.291
-187.579
-191.295
-267.463
-273.459
-353.764
-356
-288.079
-276.58
-16.5474
2.76104
262.86
274.433
341.649
339.481
263.205
257.646
186.439
182.901
139.785
137.618
109.811
108.32
88.3356
87.2148
71.8228
70.946
59.1566
58.5159
49.9993
49.5232
42.7873
42.3875
36.6143
36.2668
31.1804
30.8715
26.3606
26.0893
22.256
22.0373
19.0832
18.9143
16.5119
16.3679
14.254
14.1246
12.2258
12.1092
10.3958
10.2915
8.79571
8.70856
7.52131
7.45394
6.49176
6.43407
5.5841
5.53209
4.76031
4.71284
4.00751
3.96418
3.32473
3.28563
2.26968
2.21474
1.5761
1.54485
1.1585
1.13824
0.875706
0.862074
0.670448
-1.7896
-1.83243
-1.87581
-1.91982
-1.96434
-2.00945
-2.08993
-2.13686
-2.1845
-2.23287
-2.28193
-2.3317
-2.42097
-2.47315
-2.52644
-2.58083
-2.63653
-2.69371
-2.79769
-2.85979
-2.92408
-2.99107
-3.06052
-3.13295
-3.26599
-3.3457
-3.4279
-3.51232
-3.59855
-3.68693
-3.84539
-3.9382
-4.03254
-4.12848
-4.22582
-4.32456
-4.50104
-4.6037
-4.70806
-4.81389
-4.92125
-5.03016
-5.22497
-5.33853
-5.45388
-5.57119
-5.69026
-5.81124
-6.02825
-6.1552
-6.28471
-6.41709
-6.55201
-6.69031
-6.94175
-7.09185
-7.24649
-7.40758
-7.57493
-7.74919
-8.07193
-8.26626
-8.46808
-8.67628
-8.89046
-9.11019
-9.50668
-9.7394
-9.9764
-10.2178
-10.4629
-10.7125
-11.1582
-11.4182
-11.6819
-11.9501
-12.2219
-12.4982
-12.992
-13.2801
-13.5728
-13.8707
-14.1731
-14.4806
-15.032
-15.3545
-15.6833
-16.019
-16.3617
-16.7118
-17.3473
-17.7241
-18.1127
-18.5164
-18.9353
-19.3721
-20.1807
-20.6721
-21.1824
-21.7131
-22.2621
-22.8283
-23.8559
-24.4633
-25.0822
-25.7144
-26.3584
-27.0137
-28.1897
-28.8767
-29.5756
-30.2861
-31.0079
-31.7434
-33.0601
-33.8308
-34.617
-35.4167
-36.2301
-37.0592
-38.5496
-39.4256
-40.3208
-41.2366
-42.1729
-43.1345
-44.8788
-45.9175
-46.9913
-48.1078
-49.2669
-50.4757
-52.7386
-54.1158
-55.5666
-57.0857
-58.6759
-60.3364
-63.4004
-65.2352
-67.1337
-69.0908
-71.1093
-73.1916
-76.9893
-79.2547
-81.591
-84.0038
-86.4997
-89.0828
-93.8454
-96.7102
-99.6878
-102.797
-106.041
-109.438
-115.789
-119.671
-123.786
-128.126
-132.72
-137.635
-147.011
-152.92
-159.285
-166.15
-173.616
-181.752
-197.743
-208.009
-219.197
-231.306
-244.195
-257.975
-283.292
-298.136
-312.871
-326.575
-338.794
-348.779
-358.169
-357.833
-352.548
-342.124
-326.337
-305.247
-255.977
-221.199
-181.943
-139.667
-94.7066
-48.1987
34.3779
80.9661
125.848
168.093
207.224
242.084
291.56
312.4
327.985
338.297
343.155
343.9
334.774
325.246
313.467
300.456
286.809
272.488
248.619
235.828
223.824
212.619
202.183
192.512
177.312
169.517
162.275
155.576
149.299
143.483
134.165
129.301
124.691
120.344
116.232
112.329
105.931
102.513
99.2376
96.1096
93.1033
90.2116
85.42
82.8114
80.3032
77.8794
75.5411
73.2884
69.5343
67.5035
65.5569
63.7037
61.9282
60.2372
57.4913
56.0277
54.632
53.3017
52.0264
50.7999
48.7523
47.6331
46.5454
45.4866
44.4569
43.45
41.741
40.7945
39.8671
38.9561
38.066
37.1915
35.7024
34.8711
34.0556
33.2537
32.4672
31.6916
30.3689
29.6311
28.906
28.1947
27.4967
26.8113
25.6488
25.0047
24.3794
23.7729
23.1876
22.6225
21.6875
21.1843
20.7014
20.2385
19.7936
19.364
18.6426
18.2463
17.8598
17.482
17.1126
16.7507
16.1332
15.789
15.4503
15.1173
14.79
14.4673
13.9146
13.6062
13.3027
13.0034
12.709
12.418
11.9194
11.6406
11.3662
11.0958
10.83
10.5688
10.1221
9.87442
9.63142
9.39437
9.16417
8.94106
8.56858
8.36642
8.17294
7.98597
7.80664
7.63417
7.34526
7.18591
7.03112
6.88014
6.73281
6.5876
6.34018
6.2022
6.06594
5.93197
5.80024
5.67018
5.44727
5.32245
5.1992
5.07763
4.95759
4.8389
4.63547
4.52121
4.40859
4.29719
4.18756
4.07923
3.89351
3.78939
3.68705
3.58611
3.48694
3.3894
3.22175
3.08343
2.87799
2.68992
2.51901
2.36494
2.12928
2.01227
1.90445
1.80477
1.71364
1.6293
1.49552
1.42678
1.36311
1.30268
1.24582
1.19246
1.10582
1.05962
1.01591
0.97461
0.935605
0.898849
0.839993
0.807877
0.776683
0.746382
0.717046
0.688791
