-2.23252
-2.44676
-2.68071
-2.9427
-3.24173
-3.58065
-3.95458
-4.35846
-4.7906
-5.25232
-5.74712
-6.28211
-6.87057
-7.53492
-8.29897
-9.16891
-10.1315
-11.1737
-12.2917
-13.4897
-14.7779
-16.1772
-17.7251
-19.4851
-21.5228
-23.8537
-26.4442
-29.2639
-32.3107
-35.6068
-39.1954
-43.1566
-47.6329
-52.8549
-59.072
-66.4199
-74.9332
-84.7466
-96.185
-109.828
-126.632
-148.159
-176.87
-216.052
-266.233
-317.742
-341.476
-300.087
-179.822
-6.85934
165.999
286.328
328.767
306.488
257.361
209.662
172.234
144.297
123.019
106.246
92.574
81.1327
71.4364
63.2691
56.4866
50.8335
45.9818
41.6849
37.7962
34.2324
30.9457
27.9156
25.1515
22.6913
20.5587
18.7112
17.0717
15.579
14.1991
12.9137
11.7131
10.5958
9.56825
8.64685
7.84074
7.13444
6.50076
5.91834
5.37555
4.86598
4.38692
3.93914
3.52883
3.03454
2.29499
1.81127
1.46773
1.2117
1.01232
0.854881
-2.23346
-2.44576
-2.44777
-2.67959
-2.68182
-2.94144
-2.94396
-3.24029
-3.24318
-3.57903
-3.58226
-3.95282
-3.95634
-4.35656
-4.36035
-4.78858
-4.79262
-5.25016
-5.25448
-5.7448
-5.74944
-6.27959
-6.28464
-6.86775
-6.87339
-7.5317
-7.53814
-8.29528
-8.30267
-9.16475
-9.17307
-10.1269
-10.136
-11.1688
-11.1786
-12.2865
-12.2969
-13.4841
-13.4953
-14.7718
-14.784
-16.1705
-16.1838
-17.7177
-17.7325
-19.4766
-19.4937
-21.5129
-21.5327
-23.8425
-23.8648
-26.4319
-26.4564
-29.2506
-29.2772
-32.2963
-32.325
-35.5913
-35.6223
-39.1784
-39.2125
-43.1377
-43.1756
-47.6111
-47.6546
-52.8291
-52.8807
-59.0413
-59.1027
-66.3841
-66.4558
-74.892
-74.9744
-84.6988
-84.7943
-96.1287
-96.2412
-109.76
-109.896
-126.547
-126.717
-148.048
-148.271
-176.719
-177.022
-215.846
-216.257
-265.99
-266.476
-317.542
-317.941
-341.499
-341.451
-300.452
-299.72
-180.52
-179.122
-7.68989
-6.02884
165.302
166.695
285.956
286.696
328.749
328.783
306.676
306.3
257.591
257.13
209.856
209.469
172.38
172.089
144.407
144.187
123.104
122.935
106.314
106.178
92.6304
92.5177
81.1802
81.0851
71.4767
71.3961
63.3029
63.2354
56.5145
56.4588
50.857
50.81
46.0023
45.9613
41.7033
41.6664
37.813
37.7794
34.2479
34.2169
30.96
30.9314
27.9288
27.9025
25.1633
25.1396
22.7018
22.6809
20.5676
20.5497
18.719
18.7033
17.0787
17.0646
15.5855
15.5725
14.2051
14.1931
12.9193
12.9081
11.7184
11.7079
10.6006
10.5909
9.57268
9.56383
8.65077
8.64294
7.84415
7.83733
7.13745
7.13142
6.5035
6.49802
5.92088
5.9158
5.37793
5.37317
4.86821
4.86374
4.38902
4.38482
3.94109
3.93719
3.53059
3.52708
3.03876
3.03032
2.29766
2.29233
1.81308
1.80946
1.46907
1.4664
1.21271
1.21069
1.01313
1.01151
0.855509
-2.2407
-2.43795
-2.45561
-2.67097
-2.69048
-2.93168
-2.95378
-3.2291
-3.25443
-3.56652
-3.59482
-3.93918
-3.97002
-4.34193
-4.37503
-4.77295
-4.8083
-5.23344
-5.27126
-5.72682
-5.76748
-6.26004
-6.30428
-6.84599
-6.89527
-7.50684
-7.56316
-8.26673
-8.33139
-9.13261
-9.20536
-10.0918
-10.1713
-11.131
-11.2165
-12.246
-12.3375
-13.4407
-13.5389
-14.725
-14.831
-16.1192
-16.2353
-17.6603
-17.7902
-19.4105
-19.5601
-21.4364
-21.6096
-23.7562
-23.9515
-26.3371
-26.5516
-29.148
-29.3801
-32.1856
-32.4362
-35.4711
-35.7428
-39.0468
-39.3445
-42.9912
-43.3229
-47.4433
-47.8243
-52.6304
-53.0815
-58.8046
-59.3413
-66.1072
-66.7344
-74.5735
-75.2952
-84.33
-85.1657
-95.6944
-96.6788
-109.237
-110.424
-125.889
-127.381
-147.189
-149.142
-175.555
-178.202
-214.267
-217.837
-264.105
-268.358
-315.974
-319.464
-341.627
-341.211
-303.234
-296.829
-185.867
-173.657
-14.1287
0.40554
159.869
172.062
283.008
289.491
328.561
328.869
308.132
304.834
259.376
255.344
211.362
207.977
173.514
170.974
145.264
143.341
123.763
122.282
106.843
105.652
93.0685
92.0828
81.5501
80.7178
71.7902
71.0852
63.5657
62.9748
56.7313
56.2439
51.0397
50.6284
46.1619
45.8028
41.8467
41.5238
37.9435
37.6495
34.3682
34.097
31.0709
30.8209
28.0307
27.801
25.2554
25.048
22.7827
22.6005
20.6373
20.4804
18.7799
18.6428
17.1334
17.0101
15.6358
15.5224
14.2519
14.1465
12.9629
12.8646
11.7591
11.6673
10.6384
10.5533
9.60704
9.52963
8.68121
8.61268
7.87063
7.81102
7.16086
7.10814
6.52477
6.47682
5.94058
5.89615
5.39638
5.35477
4.88555
4.84645
4.40532
4.36857
3.95622
3.9221
3.5442
3.51355
3.07188
2.99799
2.31841
2.27187
1.82721
1.79552
1.4795
1.45633
1.22056
1.20295
1.01941
1.00529
0.860392
-2.26213
-2.29207
-2.32229
-2.3529
-2.3838
-2.41511
-2.47881
-2.51133
-2.54419
-2.57759
-2.61141
-2.64582
-2.71618
-2.75223
-2.78897
-2.82634
-2.86439
-2.90321
-2.98297
-3.02399
-3.0659
-3.10863
-3.15221
-3.19661
-3.28776
-3.33456
-3.38221
-3.4307
-3.47994
-3.52992
-3.63201
-3.68409
-3.73693
-3.79044
-3.84456
-3.89927
-4.01048
-4.06699
-4.12416
-4.1819
-4.24024
-4.29906
-4.4184
-4.47892
-4.54014
-4.60194
-4.6643
-4.72714
-4.85463
-4.91933
-4.98468
-5.05062
-5.11717
-5.18445
-5.32082
-5.38995
-5.45994
-5.53065
-5.60198
-5.67422
-5.82083
-5.89538
-5.97087
-6.0473
-6.12459
-6.20292
-6.36244
-6.44391
-6.52667
-6.61064
-6.69584
-6.7825
-6.96025
-7.05148
-7.14442
-7.23915
-7.33569
-7.43445
-7.63761
-7.74213
-7.84895
-7.95811
-8.06962
-8.18336
-8.41682
-8.53701
-8.65925
-8.78376
-8.91014
-9.03862
-9.30102
-9.43498
-9.57095
-9.70866
-9.84782
-9.98899
-10.2755
-10.4212
-10.5687
-10.7178
-10.8681
-11.0203
-11.3286
-11.4853
-11.6434
-11.8032
-11.9644
-12.1273
-12.4577
-12.6253
-12.7948
-12.9659
-13.1387
-13.3134
-13.6677
-13.8475
-14.0296
-14.2137
-14.3995
-14.5878
-14.9702
-15.1649
-15.3622
-15.5621
-15.7642
-15.9694
-16.3879
-16.6018
-16.8192
-17.04
-17.2643
-17.4928
-17.9616
-18.2024
-18.4485
-18.6996
-18.9559
-19.2177
-19.7578
-20.0359
-20.3211
-20.6128
-20.9101
-21.2133
-21.8381
-22.1591
-22.4866
-22.8202
-23.1594
-23.5041
-24.2085
-24.5686
-24.9342
-25.3047
-25.6796
-26.0599
-26.8331
-27.2266
-27.6252
-28.0281
-28.4357
-28.8479
-29.6844
-30.1104
-30.5411
-30.9764
-31.4164
-31.8615
-32.7654
-33.2255
-33.6904
-34.1612
-34.6376
-35.1197
-36.0993
-36.5987
-37.1048
-37.6169
-38.1359
-38.6626
-39.7355
-40.2841
-40.8407
-41.4066
-41.981
-42.5641
-43.7598
-44.3746
-45.0006
-45.6388
-46.2897
-46.9544
-48.3277
-49.037
-49.7627
-50.507
-51.2716
-52.0534
-53.6762
-54.5193
-55.3827
-56.2728
-57.1848
-58.1181
-60.0515
-61.0544
-62.0808
-63.1302
-64.203
-65.301
-67.5621
-68.73
-69.9221
-71.1379
-72.3795
-73.6449
-76.2486
-77.5938
-78.9662
-80.3678
-81.7979
-83.2576
-86.269
-87.8271
-89.4223
-91.0544
-92.723
-94.4337
-97.9822
-99.824
-101.715
-103.659
-105.662
-107.719
-112.003
-114.252
-116.571
-118.96
-121.433
-123.989
-129.366
-132.203
-135.163
-138.22
-141.408
-144.714
-151.754
-155.497
-159.408
-163.491
-167.753
-172.218
-181.747
-186.87
-192.187
-197.764
-203.593
-209.718
-222.585
-229.368
-236.406
-243.664
-251.055
-258.557
-273.897
-281.54
-289.303
-296.869
-304.217
-311.155
-323.751
-329.126
-333.776
-337.413
-339.933
-341.368
-340.218
-337.646
-333.542
-327.64
-320.04
-310.833
-287.698
-273.502
-257.696
-240.348
-221.331
-201.179
-157.151
-133.61
-109.306
-84.3027
-58.9813
-33.078
19.1343
45.0368
70.54
95.6245
119.903
143.491
187.519
207.755
226.317
243.636
259.449
273.723
297.203
306.52
314.083
320.147
324.531
327.492
328.689
327.446
325.046
321.66
317.35
312.177
300.272
293.554
286.511
279.298
272.051
264.701
250.07
242.895
235.807
228.95
222.299
215.877
203.659
197.876
192.339
186.976
181.821
176.926
167.754
163.417
159.275
155.31
151.497
147.832
140.907
137.646
134.501
131.476
128.563
125.741
120.389
117.846
115.38
112.99
110.672
108.423
104.128
102.072
100.067
98.1152
96.2211
94.3735
90.8193
89.1034
87.4321
85.8017
84.2063
82.6509
79.6492
78.1962
76.7795
75.395
74.0431
72.7231
70.1805
68.9529
67.7559
66.5898
65.4537
64.3463
62.2193
61.1971
60.2046
59.2383
58.2947
57.3765
55.6179
54.7709
53.946
53.1402
52.3528
51.5835
50.0995
49.3798
48.6741
47.9816
47.3025
46.6355
45.3391
44.706
44.0834
43.4705
42.8662
42.2711
41.1076
40.5375
39.9745
39.4193
38.8713
38.3296
37.2692
36.7478
36.2327
35.7236
35.2204
34.7234
33.7468
33.2664
32.7914
32.3219
31.8579
31.3989
30.4977
30.054
29.6158
29.183
28.755
28.3324
27.5041
27.0975
26.6966
26.3013
25.9117
25.5285
24.7807
24.4153
24.0575
23.7056
23.3609
23.0231
22.3665
22.0491
21.7385
21.434
21.1356
20.8442
20.2788
20.0046
19.7361
19.4727
19.214
18.9604
18.4661
18.2247
17.9873
17.7533
17.5226
17.2955
16.8506
16.6319
16.4164
16.2032
15.9926
15.7847
15.3757
15.1744
14.9754
14.7781
14.5828
14.3899
14.0102
13.8228
13.6374
13.4537
13.2717
13.0918
12.7372
12.5622
12.3891
12.2175
12.0475
11.8795
11.5485
11.3854
11.2241
11.0642
10.9064
10.7501
10.4433
10.2923
10.1436
9.99655
9.85156
9.7089
9.4298
9.29334
9.15949
9.02771
8.89837
8.77156
8.52469
8.405
8.28791
8.17258
8.05972
7.94918
7.73434
7.62982
7.52731
7.42659
7.32751
7.23024
7.04017
6.94714
6.85553
6.76499
6.67567
6.58768
6.41482
6.32975
6.24574
6.16251
6.08019
5.99886
5.83861
5.75952
5.68134
5.60377
5.52693
5.4509
5.30087
5.22673
5.15336
5.08048
5.00828
4.9368
4.79576
4.72602
4.65702
4.58854
4.52064
4.45348
4.32101
4.25574
4.19101
4.12691
4.06353
4.00099
3.87797
3.81762
3.75798
3.69931
3.64145
3.58461
3.47412
3.42049
3.36779
3.31631
3.26622
3.17243
2.90613
2.78628
2.67436
2.5698
2.47254
2.38106
2.2141
2.13765
2.06501
1.99645
1.93178
1.86981
1.75539
1.70195
1.65111
1.60273
1.55614
1.51089
1.42765
1.38876
1.35071
1.31375
1.27825
1.2442
1.18069
1.15069
1.12113
1.09246
1.06486
1.03817
0.987312
0.963111
0.939757
0.917175
0.895436
0.874871
