-1.82471
-2.01903
-2.226
-2.44805
-2.69119
-2.96502
-3.28236
-3.64465
-4.04331
-4.47273
-4.93265
-5.42439
-5.95325
-6.52846
-7.16997
-7.90997
-8.77279
-9.7453
-10.8072
-11.9498
-13.1744
-14.4918
-15.9179
-17.4905
-19.2847
-21.3875
-23.8276
-26.5467
-29.5049
-32.7059
-36.1708
-39.9535
-44.1445
-48.9307
-54.6127
-61.4874
-69.5959
-78.9508
-89.7612
-102.505
-117.977
-137.562
-163.46
-199.299
-248.081
-303.164
-336.58
-303.903
-184.786
-6.85467
171.184
289.838
322.823
291.438
239.292
193.741
159.322
133.911
114.424
98.9145
86.1206
75.3199
66.188
58.6296
52.4488
47.2409
42.6753
38.5596
34.8006
31.3359
28.1423
25.228
22.6422
20.4349
18.5401
16.8638
15.3335
13.918
12.5974
11.368
10.226
9.18603
8.27138
7.48568
6.79543
6.16904
5.58769
5.04386
4.53241
4.05154
3.605
3.19921
2.3809
1.85239
1.48431
1.21534
1.00705
0.845003
0.710288
0.594063
-1.82553
-2.01817
-2.0199
-2.22508
-2.22693
-2.44705
-2.44906
-2.69008
-2.6923
-2.96375
-2.9663
-3.28087
-3.28385
-3.643
-3.6463
-4.04151
-4.04511
-4.47079
-4.47466
-4.93059
-4.93472
-5.42219
-5.42659
-5.95089
-5.95562
-6.52584
-6.53108
-7.16701
-7.17294
-7.9065
-7.91345
-8.76879
-8.77679
-9.74087
-9.74973
-10.8025
-10.812
-11.9448
-11.9549
-13.169
-13.1799
-14.4858
-14.4977
-15.9114
-15.9244
-17.4832
-17.4978
-19.2763
-19.293
-21.3776
-21.3974
-23.8163
-23.8389
-26.5343
-26.559
-29.4915
-29.5182
-32.6915
-32.7204
-36.1552
-36.1864
-39.9363
-39.9708
-44.1252
-44.1638
-48.9083
-48.9532
-54.5857
-54.6397
-61.4549
-61.52
-69.5581
-69.6338
-78.9069
-78.9943
-89.7106
-89.8118
-102.445
-102.565
-117.902
-118.052
-137.466
-137.658
-163.326
-163.593
-199.115
-199.484
-247.846
-248.317
-302.938
-303.391
-336.55
-336.609
-304.206
-303.597
-185.455
-184.115
-7.66843
-6.04091
170.501
171.865
289.502
290.174
322.876
322.768
291.655
291.221
239.519
239.066
193.918
193.565
159.449
159.195
134.006
133.816
114.499
114.35
98.9753
98.8537
86.1715
86.0699
75.3632
75.2763
66.2241
66.152
58.6594
58.5998
52.4733
52.4244
47.2619
47.2199
42.694
42.6566
38.5767
38.5425
34.8162
34.785
31.3503
31.3214
28.1555
28.1291
25.24
25.216
22.6527
22.6318
20.4438
20.4261
18.5478
18.5325
16.8707
16.8568
15.3399
15.3271
13.9239
13.9121
12.6029
12.5919
11.3732
11.3629
10.2307
10.2212
9.1903
9.18176
8.27505
8.26772
7.48886
7.4825
6.79828
6.79259
6.17165
6.16643
5.59012
5.58526
5.04617
5.04155
4.53457
4.53026
4.05356
4.04953
3.60686
3.60315
3.20377
3.19465
2.3837
2.3781
1.85428
1.85051
1.48566
1.48296
1.21635
1.21433
1.00785
1.00626
0.845626
0.844381
0.710834
0.709742
0.594528
-1.83208
-2.01124
-2.02685
-2.21768
-2.23435
-2.43903
-2.45711
-2.68122
-2.70119
-2.95358
-2.97652
-3.26898
-3.29581
-3.62975
-3.65951
-4.02712
-4.05952
-4.45538
-4.49018
-4.91412
-4.95127
-5.40459
-5.44425
-5.93203
-5.97462
-6.50494
-6.55206
-7.14335
-7.19675
-7.87878
-7.94134
-8.73689
-8.80887
-9.70552
-9.78523
-10.7645
-10.8501
-11.904
-11.9959
-13.1249
-13.2239
-14.4384
-14.5453
-15.8596
-15.9763
-17.4255
-17.5562
-19.2095
-19.3603
-21.299
-21.4769
-23.7263
-23.9296
-26.4358
-26.658
-29.3851
-29.6252
-32.5761
-32.8361
-36.0302
-36.3117
-39.7986
-40.1092
-43.971
-44.3186
-48.7292
-49.1334
-54.3703
-54.8586
-61.1959
-61.7815
-69.2563
-69.9371
-78.5566
-79.3434
-89.3072
-90.2181
-101.964
-103.051
-117.308
-118.652
-136.703
-138.425
-162.277
-164.671
-197.658
-200.965
-245.972
-250.208
-301.124
-305.185
-336.277
-336.789
-306.676
-301.064
-190.882
-178.7
-14.1786
0.46902
164.996
177.262
286.826
292.805
323.241
322.619
293.352
289.446
241.342
237.362
195.316
192.158
160.483
158.182
134.773
133.061
115.098
113.754
99.4632
98.3726
86.5792
85.665
75.7092
74.9309
66.5142
65.8649
58.8986
58.364
52.6692
52.2298
47.4305
47.0521
42.8439
42.5076
38.7137
38.4061
34.9416
34.6592
31.466
31.2062
28.2618
28.0234
25.3364
25.1205
22.7363
22.5493
20.5146
20.3557
18.6095
18.4711
16.9262
16.8011
15.391
15.2761
13.9714
13.8647
12.647
12.5481
11.4146
11.3216
10.2687
10.1833
9.22455
9.14773
8.30461
8.23847
7.51439
7.45713
6.82109
6.76993
6.19258
6.14557
5.60964
5.56587
5.06452
5.02314
4.55181
4.51307
4.0697
4.03343
3.62172
3.58834
3.2229
3.15834
2.40628
2.35589
1.86948
1.83556
1.49654
1.47225
1.22449
1.20631
1.01427
0.999905
0.850622
0.839412
0.715217
0.705386
0.598261
-1.85166
-1.87902
-1.90655
-1.93435
-1.96237
-1.99068
-2.04762
-2.07649
-2.10598
-2.13546
-2.16542
-2.19576
-2.2565
-2.2876
-2.31893
-2.35062
-2.38293
-2.41545
-2.48114
-2.51507
-2.54939
-2.58414
-2.61926
-2.65518
-2.72782
-2.7654
-2.80369
-2.84287
-2.88309
-2.92375
-3.00723
-3.05079
-3.0952
-3.14065
-3.18696
-3.23427
-3.33149
-3.38156
-3.43251
-3.48442
-3.53708
-3.59054
-3.69907
-3.75478
-3.81122
-3.8684
-3.92618
-3.98463
-4.10255
-4.16253
-4.22369
-4.28521
-4.34736
-4.40992
-4.53649
-4.60119
-4.66636
-4.73198
-4.79843
-4.86543
-5.00032
-5.06936
-5.13929
-5.20979
-5.28098
-5.35255
-5.49712
-5.57156
-5.64654
-5.72196
-5.79828
-5.87561
-6.03197
-6.11225
-6.19342
-6.27514
-6.35855
-6.44326
-6.61523
-6.7034
-6.79364
-6.88507
-6.97847
-7.07374
-7.2682
-7.36943
-7.47292
-7.57871
-7.68686
-7.79756
-8.02509
-8.1436
-8.26482
-8.38887
-8.51486
-8.64312
-8.90496
-9.03987
-9.17732
-9.31706
-9.45802
-9.60127
-9.89127
-10.0398
-10.1899
-10.3422
-10.4965
-10.6516
-10.9649
-11.1251
-11.2862
-11.4498
-11.6158
-11.783
-12.1185
-12.2902
-12.4638
-12.6392
-12.8156
-12.9946
-13.3559
-13.5406
-13.7262
-13.9141
-14.1046
-14.2984
-14.6864
-14.8853
-15.0869
-15.2906
-15.4983
-15.7071
-16.1307
-16.3487
-16.5696
-16.7944
-17.0242
-17.2569
-17.7293
-17.9762
-18.2279
-18.4851
-18.746
-19.0133
-19.5621
-19.8486
-20.1449
-20.4461
-20.7521
-21.0678
-21.7169
-22.054
-22.3959
-22.7454
-23.1014
-23.4619
-24.1986
-24.5767
-24.9611
-25.3505
-25.7454
-26.145
-26.9532
-27.367
-27.7848
-28.2091
-28.6384
-29.0716
-29.9452
-30.395
-30.8485
-31.3047
-31.7687
-32.236
-33.1816
-33.6643
-34.1548
-34.6512
-35.1542
-35.6616
-36.686
-37.214
-37.7506
-38.2921
-38.8379
-39.3937
-40.5191
-41.1033
-41.6925
-42.2898
-42.8971
-43.5174
-44.7821
-45.437
-46.1097
-46.7901
-47.488
-48.2033
-49.6742
-50.4435
-51.234
-52.0466
-52.8813
-53.7386
-55.5141
-56.448
-57.4061
-58.3914
-59.4013
-60.4363
-62.5655
-63.6726
-64.8098
-65.97
-67.1571
-68.3692
-70.8468
-72.1332
-73.4435
-74.7721
-76.1452
-77.5388
-80.3914
-81.8725
-83.3851
-84.9309
-86.5092
-88.1252
-91.4349
-93.1718
-94.9484
-96.7799
-98.6407
-100.557
-104.512
-106.596
-108.739
-110.952
-113.228
-115.574
-120.463
-123.088
-125.788
-128.555
-131.436
-134.467
-140.747
-144.187
-147.709
-151.406
-155.235
-159.253
-167.84
-172.458
-177.329
-182.328
-187.675
-193.411
-205.474
-211.959
-218.606
-225.39
-232.777
-240.423
-255.824
-263.538
-271.544
-279.888
-287.824
-295.27
-309.794
-316.779
-322.991
-328.033
-332.038
-334.936
-336.81
-335.671
-333.65
-328.451
-322.171
-313.664
-292.466
-278.347
-262.694
-245.541
-227.073
-206.487
-161.962
-137.951
-112.888
-86.8378
-60.4601
-33.6023
19.8519
46.7895
73.1675
98.8386
123.885
148.314
192.665
213.104
231.876
248.968
264.411
278.202
299.869
307.858
314.352
319.25
321.917
323.152
321.437
318.613
314.929
310.061
304.627
298.378
283.917
277.132
269.665
261.974
254.079
246.611
232.344
225.299
218.519
211.911
205.403
199.502
188.15
182.798
177.707
172.808
168.106
163.632
155.241
151.342
147.521
143.845
140.396
137.079
130.813
127.809
124.957
122.213
119.519
116.904
112.013
109.663
107.379
105.166
103.017
100.928
96.9582
95.0386
93.1631
91.3361
89.5531
87.803
84.4761
82.8604
81.28
79.7339
78.2248
76.7492
73.9219
72.5491
71.2119
69.9039
68.6267
67.3869
65.0215
63.8753
62.7573
61.677
60.634
59.6152
57.6744
56.7437
55.8387
54.9537
54.0943
53.2579
51.6581
50.881
50.1211
49.3785
48.6508
47.9359
46.5588
45.8836
45.2203
44.5665
43.9258
43.2931
42.0672
41.4614
40.8619
40.2738
39.6935
39.1191
38.0051
37.4546
36.9109
36.3728
35.8409
35.3159
34.2896
33.7793
33.2783
32.7862
32.2964
31.8114
30.866
30.398
29.936
29.4794
29.0269
28.5795
27.7112
27.2818
26.8572
26.44
26.0281
25.6229
24.8402
24.4565
24.0773
23.7065
23.3429
22.9874
22.3076
21.9764
21.6501
21.3343
21.0254
20.7266
20.1482
19.8659
19.5896
19.3191
19.0547
18.7945
18.2908
18.0435
17.8005
17.5607
17.3247
17.0919
16.6373
16.4129
16.1921
15.9732
15.7562
15.5435
15.1256
14.9183
14.7141
14.5114
14.3116
14.1136
13.7248
13.5313
13.3405
13.1514
12.9649
12.7792
12.4185
12.2389
12.0603
11.8841
11.7099
11.5371
11.2001
11.0331
10.8673
10.7038
10.5421
10.3825
10.0714
9.91758
9.76597
9.61753
9.47095
9.32681
9.04818
8.9117
8.77751
8.64654
8.51933
8.39375
8.15252
8.03566
7.92166
7.80935
7.69925
7.59028
7.38266
7.28094
7.18075
7.08234
6.98517
6.88931
6.70321
6.61123
6.52055
6.43119
6.34263
6.25498
6.08396
5.9986
5.9149
5.83154
5.74949
5.66787
5.50848
5.42916
5.35079
5.27276
5.19547
5.11898
4.96907
4.89463
4.82073
4.74752
4.67512
4.6032
4.46221
4.3919
4.32219
4.25372
4.18547
4.1179
3.98598
3.92062
3.85584
3.79171
3.72853
3.66613
3.5447
3.48504
3.42629
3.3693
3.31302
3.25992
3.05594
2.92468
2.80108
2.68533
2.5771
2.4755
2.29189
2.20746
2.12821
2.05348
1.98295
1.91576
1.79222
1.73468
1.67991
1.62767
1.57745
1.5296
1.44121
1.40028
1.36046
1.32202
1.28495
1.24926
1.18305
1.15116
1.12013
1.0903
1.0615
1.03368
0.981354
0.956336
0.932203
0.908952
0.886669
0.865578
0.824786
0.804775
0.785126
0.765839
0.746914
0.728352
0.692601
0.675236
0.65831
0.64176
0.62542
0.609482
