-1.69584
-1.86652
-2.0467
-2.23727
-2.44043
-2.66041
-2.90571
-3.18805
-3.51142
-3.86834
-4.25203
-4.65996
-5.09252
-5.55255
-6.04383
-6.5748
-7.16312
-7.83869
-8.62454
-9.50822
-10.469
-11.495
-12.5871
-13.7497
-14.9921
-16.3318
-17.8071
-19.4886
-21.4592
-23.7223
-26.222
-28.9198
-31.8116
-34.9131
-38.2575
-41.8978
-45.937
-50.5781
-56.1198
-62.7547
-70.4568
-79.2325
-89.2575
-100.928
-114.864
-132.076
-154.309
-184.526
-226.794
-283.038
-341.852
-369.321
-323.565
-192.78
-6.89977
178.976
309.477
355.164
329.054
273.003
220.175
180.048
150.701
128.64
111.392
97.3595
85.6034
75.5537
66.9419
59.7233
53.7956
48.8135
44.4512
40.5122
36.8984
33.5527
30.4396
27.5473
24.8892
22.5188
20.4835
18.7359
17.1808
15.7548
14.426
13.1804
12.0094
10.9097
9.88429
8.94949
8.13001
7.42266
6.79591
6.22181
5.68539
5.17961
4.70132
4.24818
3.82108
3.42602
2.88167
2.21822
1.77401
1.45352
1.21194
1.01989
0.867308
0.740741
0.629727
0.533466
-1.69663
-1.86569
-1.86735
-2.04582
-2.04757
-2.23634
-2.2382
-2.43944
-2.44142
-2.65932
-2.66149
-2.90448
-2.90695
-3.18662
-3.18948
-3.5098
-3.51303
-3.86659
-3.87009
-4.25016
-4.2539
-4.65797
-4.66194
-5.09041
-5.09462
-5.55031
-5.55479
-6.04143
-6.04623
-6.57218
-6.57742
-7.16016
-7.16608
-7.83527
-7.84211
-8.62059
-8.6285
-9.50386
-9.51259
-10.4643
-10.4736
-11.49
-11.5
-12.5818
-12.5924
-13.7441
-13.7554
-14.986
-14.9982
-16.3252
-16.3384
-17.7997
-17.8144
-19.48
-19.4972
-21.4492
-21.4692
-23.711
-23.7336
-26.2097
-26.2343
-28.9066
-28.9329
-31.7975
-31.8257
-34.8979
-34.9282
-38.2411
-38.2739
-41.8797
-41.9158
-45.9168
-45.9573
-50.5544
-50.6018
-56.0912
-56.1484
-62.7208
-62.7887
-70.418
-70.4956
-79.1884
-79.2766
-89.2069
-89.3081
-100.869
-100.988
-114.791
-114.937
-131.984
-132.168
-154.189
-154.429
-184.357
-184.695
-226.562
-227.029
-282.748
-283.328
-341.609
-342.095
-369.346
-369.296
-323.986
-323.141
-193.562
-191.998
-7.81878
-5.98083
178.19
179.76
309.052
309.901
355.142
355.183
329.287
328.82
273.275
272.732
220.398
219.953
180.209
179.887
150.818
150.583
128.732
128.548
111.465
111.32
97.4197
97.2993
85.6547
85.5521
75.5977
75.5099
66.9794
66.9044
59.7545
59.6921
53.8211
53.7702
48.8353
48.7917
44.4707
44.4317
40.53
40.4945
36.9148
36.8821
33.5679
33.5375
30.4538
30.4255
27.5604
27.5342
24.9011
24.8773
22.5292
22.5084
20.4923
20.4746
18.7436
18.7282
17.1878
17.1738
15.7612
15.7483
14.4321
14.42
13.1861
13.1747
12.0147
12.004
10.9147
10.9047
9.88894
9.87965
8.95365
8.94534
8.13359
8.12643
7.42578
7.41954
6.79873
6.79309
6.22442
6.2192
5.68784
5.68293
5.18193
5.17729
4.70352
4.69912
4.25025
4.2461
3.82303
3.81914
3.42778
3.42425
2.88556
2.87774
2.22074
2.21572
1.77577
1.77226
1.45482
1.45223
1.21295
1.21093
1.0207
1.01908
0.86794
0.866675
0.741303
0.74018
0.630208
0.629245
0.533872
-1.70271
-1.8593
-1.87376
-2.03906
-2.05438
-2.22918
-2.24539
-2.43176
-2.44912
-2.65087
-2.66995
-2.89495
-2.91654
-3.17555
-3.20063
-3.49734
-3.52556
-3.85305
-3.88367
-4.23572
-4.26839
-4.64262
-4.6773
-5.07414
-5.11096
-5.53298
-5.57217
-6.02285
-6.06487
-6.55191
-6.5978
-7.13729
-7.18912
-7.80885
-7.86888
-8.59003
-8.65921
-9.47011
-9.54647
-10.428
-10.5101
-11.4514
-11.5387
-12.5407
-12.6336
-13.7002
-13.7994
-14.939
-15.0454
-16.2742
-16.3896
-17.7426
-17.8718
-19.4137
-19.5639
-21.3716
-21.5468
-23.6238
-23.8213
-26.1147
-26.3295
-28.8047
-29.0352
-31.6884
-31.9353
-34.7805
-35.0459
-38.1143
-38.4012
-41.7404
-42.0557
-45.7605
-46.1146
-50.3715
-50.7864
-55.8694
-56.3714
-62.4601
-63.0526
-70.1182
-70.7971
-78.8477
-79.6192
-88.8158
-89.7023
-100.408
-101.45
-114.233
-115.503
-131.284
-132.883
-153.268
-155.36
-183.059
-186.013
-224.785
-228.855
-280.506
-285.557
-339.698
-343.96
-369.442
-369.039
-327.196
-319.82
-199.592
-185.902
-14.9438
1.11878
172.051
185.792
305.699
313.113
354.912
355.298
331.058
326.974
275.378
270.63
222.131
218.24
181.466
178.649
151.733
149.679
129.448
127.841
112.031
110.757
97.8881
96.8335
86.0521
85.1555
75.9392
75.1705
67.2707
66.6152
59.9971
59.4515
54.0193
53.5732
49.0053
48.6229
44.6219
44.2811
40.6678
40.3574
37.042
36.7553
33.686
33.4198
30.5637
30.3161
27.6623
27.4327
24.9937
24.785
22.61
22.428
20.5612
20.4063
18.8036
18.6685
17.2422
17.1197
15.8115
15.6982
14.4791
14.373
13.2303
13.1307
12.0563
11.9626
10.9537
10.8658
9.92505
9.8437
8.98592
8.91329
8.16146
8.09876
7.45004
7.39544
6.82068
6.77127
6.24468
6.199
5.70692
5.66394
5.19991
5.15936
4.72059
4.68209
4.26637
4.23001
3.83812
3.80409
3.44156
3.41062
2.91596
2.84768
2.24038
2.19644
1.78946
1.7588
1.46493
1.44227
1.22081
1.20316
1.02698
1.01285
0.872853
0.861788
0.745669
0.735839
0.633956
0.625459
0.537018
-1.72008
-1.74391
-1.76795
-1.79218
-1.81654
-1.84115
-1.89207
-1.91727
-1.94261
-1.96818
-1.99391
-2.0199
-2.07377
-2.10029
-2.12713
-2.15415
-2.18138
-2.20888
-2.26593
-2.29418
-2.32273
-2.35159
-2.38063
-2.41001
-2.47117
-2.50157
-2.53232
-2.56352
-2.59509
-2.62713
-2.69417
-2.72761
-2.76174
-2.79652
-2.83201
-2.86809
-2.94415
-2.98251
-3.02172
-3.06171
-3.10252
-3.14434
-3.23265
-3.27694
-3.32209
-3.36807
-3.41472
-3.46211
-3.56144
-3.61095
-3.66099
-3.71166
-3.76287
-3.81472
-3.92254
-3.97593
-4.02987
-4.08444
-4.13936
-4.1948
-4.30974
-4.36654
-4.42401
-4.48188
-4.54012
-4.59908
-4.72119
-4.78145
-4.84229
-4.90364
-4.96553
-5.02802
-5.15761
-5.22168
-5.28641
-5.35165
-5.41757
-5.48391
-5.62185
-5.69011
-5.75908
-5.82877
-5.89913
-5.97026
-6.11821
-6.19182
-6.26604
-6.34127
-6.41736
-6.49466
-6.65618
-6.73675
-6.81859
-6.90196
-6.98652
-7.07292
-7.25508
-7.34665
-7.44024
-7.53621
-7.63399
-7.73417
-7.94607
-8.05307
-8.16254
-8.27417
-8.38767
-8.50374
-8.74738
-8.86905
-8.99302
-9.11863
-9.24586
-9.37474
-9.64341
-9.77679
-9.91182
-10.0485
-10.1862
-10.3254
-10.6141
-10.757
-10.9015
-11.047
-11.1938
-11.3422
-11.6496
-11.8019
-11.9557
-12.1106
-12.2668
-12.4244
-12.7514
-12.9132
-13.0768
-13.2419
-13.4081
-13.5762
-13.9251
-14.0977
-14.2723
-14.4486
-14.6263
-14.8061
-15.1802
-15.3657
-15.5536
-15.7436
-15.9356
-16.1301
-16.5365
-16.7392
-16.945
-17.1541
-17.3663
-17.5819
-18.0364
-18.2649
-18.4977
-18.7355
-18.9782
-19.2273
-19.7558
-20.0218
-20.2952
-20.5753
-20.8607
-21.1532
-21.7705
-22.0808
-22.3971
-22.7186
-23.045
-23.3774
-24.0722
-24.4178
-24.7686
-25.1237
-25.4824
-25.8458
-26.6018
-26.9767
-27.3569
-27.7396
-28.1261
-28.5165
-29.3276
-29.7301
-30.1358
-30.5463
-30.9614
-31.3795
-32.2481
-32.6786
-33.1142
-33.5544
-33.9987
-34.4482
-35.3827
-35.8463
-36.3158
-36.7902
-37.2698
-37.7552
-38.7656
-39.2683
-39.7782
-40.2943
-40.8173
-41.3471
-42.4561
-43.0096
-43.5724
-44.1449
-44.7271
-45.3195
-46.567
-47.1962
-47.8384
-48.4942
-49.1667
-49.8561
-51.3191
-52.0632
-52.8283
-53.6133
-54.4175
-55.2459
-57.0159
-57.9131
-58.8305
-59.775
-60.7399
-61.7244
-63.8113
-64.8604
-65.9323
-67.0248
-68.1393
-69.2737
-71.6627
-72.8632
-74.0849
-75.3287
-76.5929
-77.8858
-80.603
-81.9704
-83.3615
-84.7824
-86.2304
-87.7133
-90.8409
-92.4163
-94.0326
-95.6831
-97.3747
-99.1116
-102.778
-104.657
-106.58
-108.55
-110.57
-112.664
-117.139
-119.43
-121.769
-124.201
-126.722
-129.322
-134.949
-137.848
-140.856
-143.994
-147.271
-150.684
-158.078
-161.979
-166.023
-170.309
-174.78
-179.438
-189.825
-195.211
-200.885
-206.895
-213.231
-219.806
-234.238
-241.654
-249.392
-257.413
-265.59
-274.082
-291.847
-300.505
-309.102
-317.687
-326.053
-334.063
-348.977
-355.115
-360.255
-364.411
-367.329
-369.094
-367.527
-364.348
-359.834
-353.574
-345.585
-335.663
-309.819
-294.331
-277.054
-258.201
-238.06
-216.375
-168.206
-142.873
-116.807
-90.106
-62.8789
-35.3259
21.4562
49.0177
76.1407
102.889
128.959
154.145
202.492
224.054
244.328
263.116
280.184
295.568
321.575
331.541
339.582
345.989
350.611
353.643
355.063
353.532
350.816
346.753
341.818
335.841
321.549
314.089
306.044
297.826
289.692
281.434
264.657
256.832
249.087
241.461
234.154
227.117
213.458
207.292
201.401
195.756
190.316
185.118
175.184
170.67
166.355
162.227
158.255
154.422
147.115
143.777
140.542
137.417
134.399
131.497
125.874
123.266
120.747
118.309
115.948
113.651
109.18
107.081
105.04
103.056
101.123
99.233
95.5265
93.7809
92.0764
90.4114
88.7846
87.1972
84.0424
82.5568
81.1025
79.6784
78.2866
76.9201
74.2151
72.9358
71.6855
70.4638
69.2708
68.1074
65.8037
64.724
63.6753
62.6521
61.6564
60.6901
58.7873
57.9019
57.0381
56.1995
55.3858
54.5902
53.0214
52.2831
51.5616
50.8573
50.1691
49.4933
48.1477
47.5084
46.8798
46.262
45.6539
45.0546
43.8552
43.2812
42.7156
42.1573
41.607
41.0627
39.9704
39.4468
38.9278
38.4141
37.9075
37.4059
36.3966
35.9121
35.4326
34.9581
34.4884
34.0233
33.0866
32.6352
32.1894
31.7478
31.3106
30.8779
30.0066
29.587
29.1719
28.7614
28.3551
27.9536
27.146
26.7588
26.3757
25.998
25.6251
25.2588
24.5251
24.1754
23.8323
23.4947
23.1645
22.8421
22.2015
21.8992
21.6045
21.316
21.0339
20.7595
20.2142
19.9563
19.704
19.4565
19.2136
18.9755
18.4998
18.2728
18.0496
17.8291
17.612
17.3976
16.9665
16.7596
16.5553
16.353
16.1531
15.9552
15.5562
15.3637
15.1736
14.9854
14.7986
14.6136
14.2402
14.0603
13.8824
13.7055
13.5302
13.3566
13.0059
12.8368
12.6694
12.503
12.338
12.1749
11.8453
11.6864
11.5291
11.3729
11.2182
11.0651
10.7558
10.6068
10.4598
10.3142
10.1701
10.0281
9.74212
9.60532
9.47059
9.33771
9.20698
9.07862
8.82296
8.70182
8.5832
8.4666
8.35277
8.24169
8.02073
7.91638
7.81437
7.7143
7.61618
7.51973
7.32749
7.23605
7.14621
7.05725
6.96954
6.88344
6.70977
6.62653
6.54458
6.46313
6.38253
6.30261
6.14168
6.06411
5.98775
5.91162
5.8364
5.76157
5.61016
5.53716
5.46492
5.39313
5.32189
5.25131
5.10848
5.03966
4.9712
4.90327
4.83585
4.76923
4.63384
4.56844
4.50366
4.43932
4.37556
4.3124
4.18438
4.12258
4.06145
4.0008
3.94069
3.88127
3.7615
3.70388
3.64712
3.59098
3.53559
3.48112
3.37239
3.32122
3.27112
3.22345
3.13537
3.00545
2.76575
2.65995
2.56056
2.46739
2.38019
2.29791
2.14316
2.07384
2.0083
1.94588
1.88623
1.8294
1.72147
1.67235
1.62525
1.57972
1.53608
1.49437
1.41477
1.37864
1.34334
1.30894
1.27568
1.24361
1.18168
1.15293
1.12459
1.09732
1.07085
1.04525
0.995404
0.97222
0.949807
0.928091
0.90711
0.886939
0.847992
0.82942
0.811179
0.793209
0.775569
0.758201
0.723597
0.707146
0.691024
0.675194
0.659777
0.64475
0.614775
0.600504
0.586544
0.572919
0.559616
0.546225
