-1.69685
-1.86737
-2.04754
-2.23844
-2.4422
-2.66318
-2.90975
-3.19252
-3.51484
-3.87085
-4.25384
-4.66144
-5.09447
-5.55498
-6.04759
-6.58087
-7.17276
-7.85085
-8.63479
-9.5158
-10.4744
-11.4999
-12.5921
-13.756
-15.0013
-16.3467
-17.8304
-19.5213
-21.4921
-23.749
-26.2441
-28.9408
-31.835
-34.9447
-38.3011
-41.963
-46.0382
-50.7278
-56.3116
-62.9721
-70.713
-79.5613
-89.7127
-101.578
-115.814
-133.501
-156.427
-187.751
-231.306
-288.516
-348.012
-375.174
-328.413
-195.768
-7.00035
181.56
314.255
361.377
335.691
278.869
224.642
183.098
152.755
130.054
112.334
98.013
86.0739
75.912
67.2388
59.9677
53.9722
48.9315
44.5301
40.5664
36.9374
33.5828
30.4677
27.5763
24.9234
22.5581
20.5169
18.7582
17.1945
15.7635
14.4326
13.1859
12.0153
10.9163
9.89348
8.96218
8.14237
7.43194
6.80176
6.22543
5.68799
5.18207
4.70385
4.25178
3.82712
3.43756
2.88931
2.22024
1.77557
1.45489
1.21276
1.02064
0.867951
0.74136
0.62968
0.533616
-1.69763
-1.86654
-1.8682
-2.04667
-2.04841
-2.23751
-2.23937
-2.4412
-2.4432
-2.66209
-2.66428
-2.90851
-2.911
-3.19109
-3.19395
-3.51323
-3.51644
-3.8691
-3.87259
-4.25198
-4.25571
-4.65946
-4.66342
-5.09237
-5.09658
-5.55274
-5.55723
-6.04518
-6.05
-6.57824
-6.5835
-7.16979
-7.17573
-7.84741
-7.8543
-8.63085
-8.63872
-9.51145
-9.52015
-10.4697
-10.4791
-11.4949
-11.5049
-12.5868
-12.5974
-13.7503
-13.7617
-14.9952
-15.0074
-16.3401
-16.3533
-17.823
-17.8378
-19.5127
-19.5299
-21.4821
-21.5021
-23.7377
-23.7602
-26.2318
-26.2563
-28.9276
-28.954
-31.8209
-31.8492
-34.9295
-34.9599
-38.2846
-38.3176
-41.9448
-41.9811
-46.0177
-46.0586
-50.7039
-50.7519
-56.2828
-56.3405
-62.9382
-63.0061
-70.674
-70.7521
-79.5168
-79.6059
-89.6612
-89.7643
-101.517
-101.639
-115.74
-115.889
-133.408
-133.595
-156.305
-156.548
-187.576
-187.926
-231.068
-231.544
-288.217
-288.814
-347.768
-348.256
-375.189
-375.156
-328.844
-327.981
-196.562
-194.972
-7.94027
-6.06017
180.761
182.357
313.824
314.684
361.353
361.399
335.916
335.465
279.146
278.592
224.871
224.413
183.264
182.931
152.878
152.633
130.149
129.961
112.409
112.26
98.0746
97.9516
86.1257
86.0221
75.9563
75.8677
67.2764
67.2012
59.9988
59.9367
53.9979
53.9464
48.9535
48.9095
44.5497
44.5105
40.5842
40.5485
36.9538
36.921
33.5981
33.5676
30.4819
30.4535
27.5894
27.5632
24.9353
24.9115
22.5686
22.5477
20.5258
20.508
18.766
18.7504
17.2016
17.1875
15.77
15.757
14.4387
14.4266
13.1916
13.1802
12.0206
12.0099
10.9213
10.9113
9.89811
9.88886
8.96632
8.95805
8.14596
8.13878
7.43508
7.42881
6.80459
6.79893
6.22805
6.22282
5.69045
5.68553
5.18439
5.17975
4.70604
4.70166
4.25386
4.24971
3.82905
3.82519
3.4393
3.43583
2.89327
2.88535
2.22276
2.21773
1.77732
1.77383
1.45619
1.45359
1.21376
1.21176
1.02145
1.01983
0.868584
0.867319
0.741922
0.740799
0.630173
0.629187
0.534029
-1.70371
-1.86015
-1.87462
-2.0399
-2.0552
-2.23033
-2.24657
-2.43349
-2.45094
-2.65363
-2.67278
-2.8989
-2.92066
-3.18005
-3.20506
-3.50081
-3.52893
-3.85559
-3.88615
-4.23755
-4.27018
-4.64415
-4.67877
-5.07607
-5.11292
-5.53538
-5.57464
-6.02655
-6.0687
-6.55789
-6.60394
-7.14682
-7.19884
-7.82082
-7.88108
-8.60044
-8.66935
-9.47776
-9.55397
-10.4335
-10.5154
-11.4563
-11.5436
-12.5456
-12.6386
-13.7065
-13.8057
-14.9481
-15.0547
-16.2887
-16.4048
-17.7657
-17.8955
-19.4463
-19.5969
-21.4049
-21.5797
-23.6507
-23.8477
-26.137
-26.3515
-28.8256
-29.0563
-31.7114
-31.959
-34.8118
-35.078
-38.157
-38.4458
-41.8048
-42.1221
-45.8594
-46.2176
-50.5188
-50.9389
-56.0603
-56.5646
-62.6753
-63.2705
-70.3722
-71.0556
-79.1726
-79.9523
-89.2631
-90.1655
-101.046
-102.115
-115.168
-116.467
-132.685
-134.326
-155.363
-157.497
-186.234
-189.279
-229.231
-233.412
-285.896
-291.093
-345.956
-350.112
-375.241
-374.945
-332.108
-324.56
-202.653
-188.737
-15.2058
1.23459
174.518
188.484
310.422
317.948
361.12
361.516
337.669
333.683
281.296
276.444
226.648
222.651
184.563
181.653
153.834
151.687
130.889
129.239
112.989
111.686
98.5529
97.4772
86.5285
85.6222
76.3008
75.5257
67.5687
66.9113
60.2407
59.6968
54.198
53.7478
49.1249
48.7391
44.702
44.3588
40.7229
40.4105
37.0814
36.7939
33.7166
33.4496
30.5918
30.3439
27.6911
27.4618
25.0276
24.8197
22.6493
22.4674
20.595
20.4394
18.8264
18.6903
17.2562
17.1331
15.8204
15.7067
14.4858
14.3796
13.2358
13.1361
12.0622
11.9685
10.9602
10.8725
9.93402
9.8531
8.99849
8.92606
8.17392
8.11102
7.45943
7.40457
6.82658
6.77704
6.24836
6.20257
5.70949
5.6665
5.20238
5.16181
4.72306
4.68469
4.26991
4.23369
3.84403
3.81024
3.45277
3.42244
2.92434
2.85501
2.24245
2.1984
1.791
1.76036
1.46635
1.44359
1.2216
1.20403
1.02774
1.0136
0.873497
0.862431
0.746289
0.736457
0.634012
0.62538
0.53734
-1.72107
-1.74486
-1.76888
-1.79309
-1.81744
-1.84202
-1.89295
-1.91812
-1.94345
-1.96902
-1.99475
-2.02073
-2.07458
-2.10113
-2.12798
-2.15508
-2.18238
-2.20998
-2.26716
-2.29546
-2.3241
-2.35301
-2.38213
-2.41165
-2.47309
-2.50357
-2.53451
-2.56585
-2.59756
-2.62973
-2.69716
-2.73085
-2.76516
-2.80014
-2.8357
-2.87185
-2.94837
-2.98684
-3.02616
-3.06632
-3.10719
-3.14894
-3.23697
-3.28114
-3.32613
-3.37201
-3.4185
-3.46576
-3.56468
-3.61406
-3.66394
-3.71452
-3.76564
-3.81735
-3.92492
-3.97819
-4.03205
-4.08646
-4.1413
-4.19668
-4.31153
-4.36833
-4.42575
-4.48361
-4.54185
-4.60071
-4.72274
-4.78307
-4.84402
-4.90549
-4.96736
-5.02989
-5.15961
-5.22371
-5.28849
-5.35383
-5.41974
-5.48621
-5.62444
-5.69287
-5.7621
-5.83197
-5.90245
-5.97381
-6.12226
-6.19608
-6.27066
-6.34626
-6.42271
-6.50037
-6.66261
-6.74378
-6.8261
-6.90997
-6.99522
-7.08211
-7.26527
-7.35731
-7.45151
-7.54757
-7.64554
-7.74595
-7.95816
-8.06499
-8.17424
-8.28552
-8.39886
-8.51449
-8.75725
-8.87868
-9.00217
-9.1273
-9.25403
-9.38249
-9.65071
-9.78367
-9.91841
-10.0546
-10.192
-10.3309
-10.6192
-10.762
-10.9063
-11.0519
-11.1986
-11.3469
-11.6543
-11.8064
-11.9599
-12.115
-12.2712
-12.4291
-12.7566
-12.9186
-13.0823
-13.2476
-13.414
-13.5823
-13.9314
-14.1045
-14.2794
-14.4562
-14.6344
-14.8148
-15.19
-15.3761
-15.5645
-15.7552
-15.9481
-16.1437
-16.5523
-16.756
-16.963
-17.1731
-17.3867
-17.6041
-18.0612
-18.2913
-18.5257
-18.7654
-19.0094
-19.2595
-19.7895
-20.0569
-20.3303
-20.6099
-20.8953
-21.1871
-21.8027
-22.1122
-22.4278
-22.7483
-23.0735
-23.4048
-24.0979
-24.4429
-24.7933
-25.1477
-25.5057
-25.8686
-26.6237
-26.9981
-27.3775
-27.7602
-28.1466
-28.5371
-29.3489
-29.7515
-30.1579
-30.5683
-30.983
-31.4018
-32.2728
-32.7048
-33.1413
-33.5823
-34.0283
-34.4788
-35.4157
-35.8811
-36.3514
-36.8271
-37.309
-37.7963
-38.8125
-39.3183
-39.8305
-40.3497
-40.8755
-41.4089
-42.5258
-43.0846
-43.6521
-44.2293
-44.8164
-45.4139
-46.6748
-47.31
-47.9591
-48.6232
-49.3025
-49.9985
-51.4773
-52.2275
-52.9979
-53.7884
-54.6004
-55.4346
-57.211
-58.1114
-59.0336
-59.9796
-60.9473
-61.9359
-64.0284
-65.0854
-66.163
-67.2607
-68.3805
-69.5225
-71.9267
-73.1356
-74.3681
-75.6238
-76.901
-78.2032
-80.947
-82.3261
-83.7347
-85.1775
-86.6458
-88.1444
-91.3208
-92.9244
-94.5643
-96.2437
-97.9614
-99.7232
-103.484
-105.39
-107.346
-109.358
-111.431
-113.562
-118.137
-120.476
-122.89
-125.39
-127.98
-130.661
-136.446
-139.443
-142.557
-145.801
-149.179
-152.699
-160.376
-164.39
-168.616
-173.037
-177.65
-182.517
-193.217
-198.825
-204.688
-210.861
-217.315
-224.077
-238.879
-246.51
-254.386
-262.575
-270.919
-279.468
-297.571
-306.353
-315.224
-323.97
-332.378
-340.336
-355.077
-361.097
-366.298
-370.431
-373.328
-374.881
-373.664
-370.388
-365.64
-359.15
-350.927
-340.707
-314.172
-298.371
-280.964
-261.814
-241.297
-219.392
-170.403
-144.771
-118.503
-91.4183
-63.7384
-35.7542
21.9128
49.7288
77.1425
104.362
130.833
156.397
205.425
227.377
248.049
267.215
284.504
300.126
326.608
336.859
345.636
352.029
356.736
359.856
361.344
359.96
357.158
353.309
348.387
342.511
328.343
320.605
312.649
304.42
295.927
287.426
270.334
262.173
254.243
246.497
239.009
231.778
217.8
211.384
205.248
199.337
193.703
188.342
178.088
173.394
168.897
164.631
160.538
156.603
149.054
145.592
142.262
139.046
135.96
132.996
127.216
124.538
121.946
119.438
117.009
114.661
110.077
107.933
105.853
103.829
101.849
99.9269
96.1474
94.373
92.6399
90.9493
89.2988
87.6856
84.4966
82.9899
81.5174
80.0772
78.6707
77.2926
74.5638
73.276
72.0163
70.785
69.5829
68.4103
66.0972
65.01
63.9513
62.92
61.9154
60.9403
59.0239
58.1277
57.255
56.4058
55.5786
54.7744
53.1894
52.4429
51.7138
51
50.3012
49.6175
48.2589
47.6138
46.9798
46.3566
45.7425
45.1386
43.9303
43.3529
42.7833
42.2216
41.6667
41.1194
40.0202
39.4932
38.9724
38.4583
37.9501
37.4464
36.4343
35.9479
35.467
34.9915
34.5207
34.0551
33.116
32.6647
32.2184
31.7765
31.3389
30.9059
30.0336
29.6144
29.1996
28.7891
28.3834
27.9821
27.1757
26.7888
26.4068
26.03
25.6583
25.2925
24.5604
24.212
23.87
23.5337
23.2039
22.8814
22.2416
21.9388
21.6431
21.3536
21.0706
20.7943
20.246
19.987
19.7332
19.4839
19.2394
18.9998
18.5206
18.2926
18.0683
17.8464
17.6282
17.4125
16.9794
16.7718
16.5668
16.3638
16.1629
15.9645
15.5643
15.3717
15.1814
14.9924
14.8053
14.6204
14.2464
14.0663
13.888
13.7112
13.5358
13.3622
13.0113
12.8422
12.6747
12.5085
12.3437
12.1808
11.8512
11.6923
11.5351
11.379
11.2244
11.0714
10.7628
10.6143
10.4676
10.3222
10.1786
10.0368
9.75196
9.61551
9.48132
9.3489
9.21874
9.09086
8.83578
8.71461
8.59618
8.47985
8.36577
8.25428
8.03287
7.928
7.82548
7.72476
7.62607
7.52928
7.336
7.24397
7.15348
7.06419
6.97623
6.88954
6.71517
6.63148
6.54896
6.46725
6.38648
6.30643
6.14517
6.06748
5.9906
5.91428
5.83879
5.76388
5.61262
5.53962
5.46734
5.39548
5.32431
5.25379
5.11095
5.04206
4.97366
4.90579
4.83843
4.77169
4.63659
4.57131
4.5067
4.4425
4.37887
4.31583
4.18826
4.12676
4.06595
4.00563
3.94587
3.88684
3.76808
3.71111
3.655
3.59959
3.54503
3.49143
3.38469
3.33424
3.28491
3.2366
3.14868
3.016
2.7718
2.66427
2.56399
2.47038
2.38255
2.3001
2.14517
2.07569
2.00986
1.94743
1.88776
1.83094
1.72289
1.6738
1.6269
1.5816
1.53784
1.49593
1.41618
1.37993
1.34464
1.31009
1.2766
1.24438
1.18254
1.15401
1.12566
1.09812
1.07143
1.04591
0.99614
0.972939
0.95051
0.928777
0.90778
0.887586
0.848632
0.830056
0.811812
0.793839
0.776195
0.758824
0.724212
0.707758
0.691632
0.675781
0.66023
0.645006
0.614685
0.60043
0.586522
0.572984
0.559817
0.546825
