-2.23947
-2.38648
-2.54069
-2.70419
-2.88306
-3.08501
-3.31469
-3.56768
-3.83661
-4.11843
-4.4117
-4.71768
-5.03682
-5.36944
-5.71803
-6.0807
-6.46366
-6.87127
-7.3186
-7.82579
-8.40615
-9.05097
-9.73834
-10.4603
-11.2139
-12
-12.8225
-13.68
-14.5813
-15.5206
-16.5142
-17.5741
-18.7408
-20.0671
-21.5961
-23.3031
-25.1358
-27.0652
-29.0881
-31.2102
-33.4367
-35.7801
-38.2527
-40.8578
-43.6444
-46.6508
-50.0078
-53.8803
-58.4467
-63.65
-69.3937
-75.6404
-82.4544
-89.9467
-98.2885
-107.699
-118.455
-131.076
-146.13
-164.823
-188.807
-220.813
-263.195
-313.704
-363.218
-384.681
-360.51
-282.469
-157.929
-6.87877
142.532
269.821
345.647
369.934
345.776
299.428
253.117
214.678
184.71
161.393
142.913
127.786
115.117
104.221
94.7176
86.2798
78.6965
71.8329
65.6705
60.2883
55.7403
51.8585
48.4142
45.2516
42.3065
39.5355
36.9131
34.4352
32.0733
29.829
27.6919
25.6609
23.7651
22.0575
20.5698
19.2746
18.1015
17.0033
15.9621
14.9714
14.0225
13.1176
12.2478
11.4152
10.6195
9.8587
9.14369
8.49262
7.92244
7.42107
6.96332
6.53305
6.12289
5.73111
5.35497
4.99318
4.64467
4.3083
3.98394
3.67228
3.37124
3.01678
2.4769
2.06973
1.76171
1.51988
1.32468
1.16327
1.02537
0.90801
-2.24039
-2.3855
-2.38746
-2.53968
-2.5417
-2.7031
-2.70528
-2.88185
-2.88427
-3.08368
-3.08634
-3.31314
-3.31625
-3.56602
-3.56935
-3.83485
-3.83837
-4.1166
-4.12024
-4.40997
-4.41342
-4.71569
-4.71967
-5.03475
-5.0389
-5.36726
-5.37163
-5.71576
-5.72031
-6.07832
-6.08308
-6.46114
-6.4662
-6.86856
-6.87399
-7.31558
-7.32162
-7.82231
-7.82927
-8.40206
-8.41012
-9.04671
-9.05523
-9.73384
-9.74285
-10.4555
-10.465
-11.2089
-11.2189
-11.9949
-12.0051
-12.8171
-12.8278
-13.6744
-13.6857
-14.5755
-14.5872
-15.5144
-15.5268
-16.5077
-16.5208
-17.567
-17.5812
-18.7329
-18.7487
-20.0579
-20.0762
-21.5858
-21.6065
-23.2915
-23.3147
-25.1238
-25.1478
-27.0525
-27.0779
-29.0748
-29.1013
-31.1966
-31.2236
-33.4216
-33.4517
-35.7647
-35.7955
-38.2365
-38.269
-40.8407
-40.875
-43.6263
-43.6626
-46.6306
-46.671
-49.985
-50.0307
-53.8532
-53.9074
-58.4154
-58.4779
-63.6142
-63.6857
-69.3548
-69.4327
-75.5987
-75.6821
-82.4089
-82.5
-89.8963
-89.9971
-98.2322
-98.3449
-107.635
-107.763
-118.381
-118.53
-130.989
-131.164
-146.023
-146.238
-164.689
-164.958
-188.631
-188.984
-220.577
-221.05
-262.894
-263.497
-313.301
-314.108
-363.084
-363.352
-384.689
-384.672
-360.822
-360.196
-283.137
-281.798
-158.835
-157.021
-7.82506
-5.89394
141.617
143.446
269.147
270.494
345.338
345.953
369.925
369.94
346.36
345.528
299.741
299.115
253.388
252.846
214.896
214.459
184.874
184.546
161.525
161.261
143.018
142.807
127.874
127.698
115.192
115.043
104.285
104.157
94.7747
94.6606
86.3308
86.2288
78.7426
78.6505
71.8747
71.7913
65.7078
65.6337
60.32
60.2565
55.7671
55.7136
51.8816
51.8353
48.4356
48.3928
45.271
45.2321
42.3249
42.2882
39.5528
39.5183
36.9294
36.8968
34.4507
34.4198
32.0877
32.0593
29.8431
29.815
27.7052
27.6786
25.6735
25.6484
23.777
23.7531
22.0673
22.0476
20.578
20.5615
19.2824
19.2668
18.1087
18.0943
17.0102
16.9964
15.9682
15.956
14.9777
14.9652
14.0284
14.0166
13.1233
13.112
12.2532
12.2424
11.4203
11.4102
10.6245
10.6146
9.86345
9.85396
9.14806
9.13932
8.49667
8.48859
7.92576
7.91913
7.42412
7.41802
6.96614
6.96049
6.53568
6.53042
6.12544
6.12042
5.73348
5.72873
5.35734
5.35261
4.99545
4.99092
4.64685
4.6425
4.31047
4.30612
3.98597
3.98191
3.67424
3.67033
3.37315
3.36933
3.02043
3.01313
2.47992
2.47389
2.07197
2.06749
1.76344
1.75998
1.52127
1.51848
1.32582
1.32355
1.16422
1.16233
1.02619
1.02455
0.908698
-2.24686
-2.37867
-2.39426
-2.53265
-2.54877
-2.69548
-2.71294
-2.87342
-2.89259
-3.0743
-3.0958
-3.30229
-3.32716
-3.55435
-3.58106
-3.82255
-3.85072
-4.10369
-4.13289
-4.39674
-4.4267
-4.70173
-4.73359
-5.02021
-5.05347
-5.35202
-5.38692
-5.69988
-5.73625
-6.06168
-6.09991
-6.44346
-6.48395
-6.8496
-6.89305
-7.29453
-7.34284
-7.79803
-7.85242
-8.3747
-8.43795
-9.01639
-9.08508
-9.70239
-9.77442
-10.4225
-10.4982
-11.1742
-11.253
-11.9596
-12.0411
-12.7796
-12.8654
-13.6351
-13.7251
-14.5344
-14.6284
-15.4713
-15.5701
-16.4628
-16.5668
-17.5176
-17.6309
-18.678
-18.8041
-19.9939
-20.1405
-21.5133
-21.6795
-23.2104
-23.3956
-25.0391
-25.232
-26.9639
-27.1667
-28.9823
-29.195
-31.1004
-31.3197
-33.3173
-33.5539
-35.6574
-35.9031
-38.1233
-38.3826
-40.7206
-40.9955
-43.4995
-43.7897
-46.4894
-46.8127
-49.8258
-50.1914
-53.6644
-54.0981
-58.1975
-58.6974
-63.3723
-63.9359
-69.0823
-69.7026
-75.3079
-75.9745
-82.0908
-82.82
-89.5446
-90.3528
-97.8384
-98.7404
-107.188
-108.213
-117.864
-119.051
-130.379
-131.779
-145.284
-146.993
-163.753
-165.898
-187.403
-190.231
-218.934
-222.717
-260.791
-265.615
-310.66
-316.832
-360.453
-364.27
-384.681
-384.548
-362.928
-357.914
-287.745
-277.033
-165.15
-150.711
-14.5847
0.99333
135.18
149.811
264.364
275.141
343.117
348.031
369.806
369.932
349.867
343.758
301.927
296.923
255.292
250.96
216.437
212.994
186.036
183.421
162.453
160.343
143.761
142.071
128.494
127.083
115.717
114.523
104.738
103.714
95.1807
94.2629
86.6891
85.8727
79.0658
78.3292
72.1674
71.5003
65.9708
65.3759
60.5373
60.0343
55.953
55.5271
52.0444
51.6737
48.5838
48.2433
45.4093
45.0965
42.4525
42.1602
39.6735
39.3982
37.0438
36.7828
34.559
34.3114
32.191
31.9602
29.9391
29.7167
27.7985
27.5856
25.7619
25.5604
23.8597
23.6695
22.1373
21.9782
20.6358
20.5008
19.3372
19.2123
18.159
18.0435
17.0583
16.9483
16.011
15.9107
15.0212
14.9219
14.07
13.9752
13.163
13.0724
12.2914
12.2044
11.457
11.3746
10.6594
10.5798
9.89675
9.82079
9.17875
9.10821
8.52422
8.46202
7.94933
7.89587
7.44554
7.39674
6.98594
6.94077
6.55426
6.51205
6.14342
6.10312
5.75006
5.7115
5.37388
5.3361
5.01132
4.97509
4.66216
4.62753
4.32557
4.29113
4.00017
3.96774
3.68795
3.65665
3.38652
3.35597
3.04594
2.98751
2.50124
2.453
2.08778
2.05194
1.77565
1.74796
1.53109
1.50879
1.33378
1.31567
1.17083
1.15576
1.03193
1.01887
0.913535
-2.26269
-2.28249
-2.30242
-2.32244
-2.34261
-2.36285
-2.41054
-2.43124
-2.45209
-2.47308
-2.49421
-2.51556
-2.56593
-2.58781
-2.60985
-2.63215
-2.65469
-2.67725
-2.73156
-2.75487
-2.77895
-2.80338
-2.82823
-2.85327
-2.9132
-2.93989
-2.96682
-2.99422
-3.02269
-3.05125
-3.11954
-3.15002
-3.18098
-3.21167
-3.24405
-3.27632
-3.35368
-3.38752
-3.42148
-3.45601
-3.49096
-3.5258
-3.60946
-3.64561
-3.6821
-3.71886
-3.75551
-3.79294
-3.88068
-3.91871
-3.9569
-3.99522
-4.03368
-4.07265
-4.16442
-4.204
-4.2438
-4.28285
-4.32385
-4.36431
-4.45986
-4.50106
-4.54183
-4.58436
-4.6263
-4.66859
-4.76733
-4.81023
-4.85383
-4.89723
-4.94093
-4.98486
-5.08875
-5.13402
-5.17952
-5.22483
-5.27038
-5.3154
-5.42346
-5.4713
-5.51833
-5.56569
-5.61378
-5.66169
-5.77411
-5.82318
-5.87269
-5.92109
-5.97156
-6.0217
-6.14084
-6.19222
-6.24397
-6.29609
-6.34878
-6.4018
-6.52704
-6.58196
-6.6376
-6.69157
-6.74745
-6.80411
-6.93943
-6.99814
-7.05801
-7.1188
-7.17918
-7.2442
-7.39309
-7.4601
-7.52805
-7.59715
-7.66845
-7.74014
-7.91268
-7.98945
-8.06765
-8.14498
-8.22744
-8.30917
-8.50559
-8.59192
-8.67803
-8.76586
-8.85492
-8.94402
-9.15753
-9.24981
-9.34295
-9.43684
-9.53156
-9.62523
-9.85105
-9.94858
-10.0464
-10.1446
-10.2432
-10.3429
-10.5773
-10.68
-10.782
-10.8834
-10.9877
-11.0915
-11.3372
-11.443
-11.5497
-11.6573
-11.7651
-11.8738
-12.128
-12.2384
-12.3499
-12.4624
-12.575
-12.6882
-12.9564
-13.072
-13.1901
-13.307
-13.425
-13.5407
-13.8209
-13.9436
-14.065
-14.1872
-14.3076
-14.4357
-14.7271
-14.8533
-14.9815
-15.109
-15.2381
-15.3678
-15.6761
-15.8099
-15.9442
-16.0794
-16.2161
-16.3541
-16.6786
-16.8211
-16.9649
-17.1073
-17.2525
-17.3994
-17.7517
-17.9051
-18.0608
-18.2191
-18.3795
-18.5466
-18.9387
-19.1105
-19.2886
-19.4691
-19.6524
-19.8412
-20.2947
-20.4969
-20.7031
-20.9123
-21.1221
-21.34
-21.8582
-22.0861
-22.3163
-22.5479
-22.7842
-23.023
-23.5883
-23.8338
-24.0816
-24.3314
-24.5844
-24.8349
-25.4363
-25.6966
-25.9584
-26.221
-26.4853
-26.7509
-27.3802
-27.6553
-27.9286
-28.2043
-28.4789
-28.7598
-29.4149
-29.7056
-29.9924
-30.2743
-30.5735
-30.8663
-31.555
-31.8533
-32.154
-32.4603
-32.7653
-33.0725
-33.8015
-34.1155
-34.4355
-34.7551
-35.0764
-35.3992
-36.1644
-36.4864
-36.8267
-37.1631
-37.5026
-37.851
-38.6588
-39.0046
-39.3585
-39.716
-40.0671
-40.4323
-41.289
-41.6648
-42.0403
-42.4191
-42.8025
-43.1899
-44.1057
-44.5085
-44.9165
-45.3272
-45.7341
-46.1526
-47.1582
-47.6004
-48.0456
-48.501
-48.966
-49.4266
-50.5842
-51.0818
-51.5997
-52.1289
-52.6691
-53.2139
-54.5618
-55.1574
-55.7698
-56.3939
-57.0131
-57.6762
-59.2361
-59.9276
-60.6297
-61.3345
-62.0566
-62.7889
-64.5383
-65.3006
-66.0725
-66.8547
-67.6478
-68.4479
-70.3552
-71.1877
-72.0301
-72.8807
-73.7418
-74.6098
-76.6859
-77.5905
-78.5079
-79.4351
-80.3717
-81.3281
-83.6009
-84.5944
-85.6
-86.6195
-87.6525
-88.7018
-91.214
-92.3157
-93.4346
-94.5698
-95.7226
-96.8951
-99.7062
-100.945
-102.204
-103.477
-104.781
-106.108
-109.312
-110.722
-112.149
-113.62
-115.118
-116.649
-120.326
-121.976
-123.65
-125.359
-127.13
-128.924
-133.286
-135.212
-137.209
-139.26
-141.364
-143.526
-148.838
-151.212
-153.661
-156.186
-158.818
-161.533
-168.221
-171.24
-174.392
-177.66
-181.039
-184.571
-193.304
-197.347
-201.543
-205.899
-210.456
-215.076
-226.826
-232.326
-237.892
-243.606
-249.461
-255.762
-270.783
-277.421
-284.18
-291.182
-298.25
-305.167
-321.95
-329.037
-335.909
-342.574
-348.86
-354.626
-367.897
-372.428
-376.087
-379.216
-381.594
-383.691
-383.827
-383.724
-379.038
-376.198
-372.595
-367.448
-351.799
-343.803
-333.629
-323.078
-314.631
-298.376
-266.851
-250.956
-234.774
-217.685
-198.699
-180.188
-134.368
-114.274
-93.8787
-72.9323
-52.1063
-31.1879
17.5902
38.4246
59.8895
79.6204
100.056
120.599
164.96
183.693
202.293
219.389
235.511
253.016
285.936
298.133
308.813
319.409
329.013
337.291
353.829
358.61
362.205
364.562
366.883
369.112
368.882
366.873
364.282
361.4
357.433
352.676
339.272
333.195
327.723
321.103
314.345
307.993
291.604
286.151
278.81
272.472
266.188
260.485
246.461
240.891
235.504
230.246
225.166
220.232
209.378
204.898
200.69
196.635
192.739
188.947
180.503
177.13
173.869
170.717
167.667
164.706
158.161
155.483
152.924
150.426
148.001
145.657
140.314
138.174
136.029
133.98
131.977
130.01
125.623
123.836
122.078
120.356
118.656
117
113.276
111.729
110.218
108.735
107.275
105.849
102.633
101.291
99.9738
98.6724
97.4022
96.1522
93.3097
92.1239
90.9567
89.8086
88.6774
87.5608
85.0192
83.9564
82.9094
81.8763
80.8576
79.8529
77.5571
76.595
75.6486
74.7155
73.7982
72.8807
70.8041
69.9395
69.0877
68.2461
67.4195
66.6065
64.7593
63.9945
63.2457
62.5135
61.795
61.0915
59.506
58.8639
58.2263
57.6091
57.0059
56.4043
55.0821
54.533
53.9965
53.4704
52.9502
52.4412
51.2784
50.8073
50.3302
49.8596
49.3965
48.9407
47.8922
47.4558
47.0201
46.5903
46.1644
45.7427
44.7704
44.3629
43.9534
43.5557
43.1566
42.7616
41.8529
41.4712
41.0905
40.7115
40.3369
39.964
39.1096
38.743
38.3822
38.0243
37.6702
37.3213
36.5081
36.1684
35.8272
35.4886
35.1558
34.8219
34.0516
33.7258
33.4021
33.0729
32.7586
32.4412
31.7129
31.4032
31.0943
30.7859
30.4822
30.1811
29.4803
29.1844
28.8921
28.6016
28.3121
28.025
27.3619
27.0784
26.8005
26.5252
26.2522
25.9772
25.3493
25.0856
24.8245
24.566
24.3095
24.0569
23.484
23.2425
23.0049
22.7687
22.5401
22.3139
21.8079
21.5968
21.3863
21.1847
20.9875
20.7937
20.3533
20.1702
19.9916
19.8161
19.6428
19.4706
19.0806
18.9176
18.7567
18.5967
18.4381
18.2815
17.9178
17.77
17.6189
17.47
17.3216
17.1741
16.8337
16.6904
16.5473
16.4067
16.2655
16.1254
15.8013
15.6643
15.5256
15.3939
15.2592
15.1226
14.8179
14.6865
14.5554
14.4259
14.2972
14.1707
13.8756
13.7517
13.6269
13.5033
13.3813
13.2594
12.9767
12.8568
12.7377
12.6174
12.501
12.3837
12.1151
12.0004
11.8864
11.7717
11.659
11.5471
11.2867
11.1765
11.067
10.9596
10.8514
10.7439
10.4962
10.3905
10.2858
10.1827
10.0802
9.97879
9.74108
9.64155
9.54326
9.44616
9.34905
9.25345
9.03536
8.94485
8.85455
8.76428
8.67741
8.59147
8.39782
8.31683
8.23734
8.15867
8.08276
8.00783
7.83913
7.76882
7.69757
7.63075
7.56338
7.49462
7.34584
7.28026
7.21881
7.15663
7.09484
7.03396
6.89263
6.83304
6.77401
6.71534
6.65715
6.59956
6.46623
6.40953
6.35302
6.2972
6.24227
6.18697
6.06021
6.00609
5.95265
5.89903
5.84572
5.79286
5.67007
5.61811
5.56683
5.51584
5.46471
5.41387
5.29634
5.2464
5.19718
5.14789
5.09869
5.04976
4.93723
4.88869
4.84096
4.79369
4.74623
4.69928
4.5904
4.54407
4.49797
4.45232
4.40677
4.36139
4.25568
4.21112
4.16653
4.12298
4.07906
4.03538
3.93362
3.89071
3.84751
3.80516
3.76294
3.72045
3.62375
3.58241
3.54134
3.5005
3.4596
3.41877
3.32343
3.28228
3.24001
3.19738
3.15133
3.10545
2.92476
2.84619
2.76878
2.69477
2.6228
2.55391
2.40374
2.34375
2.28626
2.23107
2.17784
2.12682
2.01529
1.97063
1.92735
1.88554
1.84496
1.80573
1.71955
1.68488
1.65113
1.6182
1.586
1.55507
1.48581
1.4576
1.43032
1.40404
1.37841
1.35327
1.29688
1.27366
1.25102
1.22901
1.20771
1.18698
1.14007
1.12058
1.10146
1.08263
1.0641
1.04598
1.00531
0.988561
0.972217
0.95632
0.940668
0.925377
