-2.11727
-2.39039
-2.68953
-3.04303
-3.48726
-3.99809
-4.55199
-5.15392
-5.80416
-6.51579
-7.32767
-8.34941
-9.59347
-10.9719
-12.4656
-14.0902
-15.8617
-17.839
-20.2451
-23.3263
-26.8693
-30.755
-35.0122
-39.709
-44.9823
-51.2564
-59.5941
-70.1069
-82.5
-97.3629
-115.995
-140.842
-177.44
-238.53
-331.072
-383.112
-271.139
-6.87877
257.704
368.424
316.325
230.835
173.657
137.655
112.61
93.7825
78.7426
66.3649
56.721
49.5528
43.6201
38.3752
33.6612
29.3679
25.4665
22.0772
19.4278
17.2575
15.3111
13.5287
11.8896
10.3743
9.0059
7.87394
6.97179
6.17562
5.44504
4.76631
4.1342
3.54441
2.83787
2.00239
1.50125
1.16705
0.922976
-2.11817
-2.38941
-2.39137
-2.68845
-2.69061
-3.04169
-3.04438
-3.48562
-3.48891
-3.9963
-3.99988
-4.55008
-4.55396
-5.15181
-5.15603
-5.80186
-5.80647
-6.51324
-6.51834
-7.32464
-7.3307
-8.34553
-8.35329
-9.58923
-9.5977
-10.9671
-10.9768
-12.4603
-12.4708
-14.0844
-14.0959
-15.8554
-15.868
-17.8318
-17.8463
-20.236
-20.2543
-23.3147
-23.3379
-26.8567
-26.8819
-30.7413
-30.7688
-34.9971
-35.0273
-39.6921
-39.7258
-44.963
-45.0016
-51.2322
-51.2805
-59.5616
-59.6265
-70.0683
-70.1456
-82.4544
-82.5456
-97.3071
-97.4187
-115.922
-116.068
-140.743
-140.941
-177.284
-177.595
-238.265
-238.795
-330.748
-331.396
-383.193
-383.08
-271.638
-270.656
-7.82506
-5.89394
256.992
258.414
368.345
368.502
316.64
316.01
231.079
230.591
173.807
173.507
137.756
137.551
112.683
112.538
93.8388
93.7261
78.7886
78.6965
66.4025
66.3274
56.7487
56.6934
49.5744
49.5312
43.639
43.6012
38.3921
38.3583
33.6764
33.646
29.3817
29.354
25.479
25.454
22.087
22.0673
19.4357
19.4199
17.2645
17.2506
15.3174
15.3048
13.5345
13.523
11.8949
11.8842
10.3793
10.3694
9.01021
9.0016
7.8773
7.87058
6.97462
6.96896
6.1782
6.17304
5.44742
5.44266
4.76857
4.76405
4.1363
4.1321
3.54633
3.54249
2.84157
2.83419
2.00449
2.00028
1.50261
1.49988
1.16799
1.1661
0.923681
-2.12647
-2.38062
-2.40003
-2.67875
-2.70037
-3.02966
-3.05654
-3.47087
-3.50358
-3.98011
-4.01603
-4.53361
-4.57283
-5.13239
-5.17507
-5.7812
-5.82722
-6.4903
-6.54139
-7.29753
-7.35807
-8.31071
-8.38836
-9.55009
-9.63863
-10.9212
-11.0204
-12.4131
-12.5182
-14.0331
-14.1475
-15.799
-15.9247
-17.7668
-17.9104
-20.1541
-20.338
-23.2104
-23.4411
-26.7434
-26.9955
-30.6179
-30.8927
-34.8615
-35.1634
-39.541
-39.8733
-44.7899
-45.1755
-51.0139
-51.4995
-59.271
-59.9194
-69.7218
-70.4943
-82.0455
-82.9575
-96.8074
-97.9226
-115.277
-116.712
-139.855
-141.84
-175.896
-179.007
-235.898
-241.191
-327.808
-334.29
-383.822
-383.649
-277.377
-264.965
-16.5296
2.95902
251.473
264.709
367.177
369.107
319.47
313.148
233.291
228.416
175.168
172.165
138.605
136.621
113.344
111.89
94.3479
93.221
79.2047
78.2834
66.7421
65.9896
56.9989
56.4397
49.7702
49.3374
43.8076
43.4319
38.5441
38.207
33.8134
33.5094
29.507
29.2293
25.5918
25.3419
22.1793
21.9782
19.5071
19.349
17.3268
17.1886
15.3742
15.2482
13.5867
13.471
11.9429
11.8357
10.4241
10.3252
9.04594
8.96299
7.90751
7.84047
7.00011
6.94358
6.20145
6.14985
5.46889
5.42125
4.78905
4.7446
4.15392
4.1135
3.56364
3.52522
2.8746
2.80135
2.02362
1.98148
1.51501
1.48769
1.17654
1.15764
0.930064
-2.15318
-2.19214
-2.23136
-2.27143
-2.31172
-2.35248
-2.42891
-2.47122
-2.5141
-2.55774
-2.60194
-2.64719
-2.73312
-2.78111
-2.83102
-2.88227
-2.93517
-2.98992
-3.097
-3.1583
-3.22145
-3.28663
-3.35384
-3.42237
-3.55327
-3.62568
-3.6994
-3.77359
-3.84984
-3.92656
-4.07036
-4.1495
-4.22988
-4.31084
-4.39285
-4.47574
-4.63143
-4.71669
-4.80297
-4.89101
-4.97942
-5.06942
-5.23861
-5.33032
-5.42399
-5.51999
-5.61657
-5.71383
-5.89643
-5.99675
-6.09906
-6.20334
-6.30864
-6.41542
-6.61833
-6.7297
-6.8446
-6.9626
-7.08329
-7.20871
-7.44939
-7.58766
-7.73183
-7.88017
-8.03598
-8.19611
-8.5074
-8.68166
-8.86079
-9.04395
-9.22921
-9.41803
-9.77375
-9.97027
-10.169
-10.3699
-10.5729
-10.7799
-11.1661
-11.3797
-11.593
-11.8139
-12.0334
-12.256
-12.6763
-12.9084
-13.1437
-13.3812
-13.6183
-13.8611
-14.3169
-14.5725
-14.8259
-15.0859
-15.3459
-15.6114
-16.1142
-16.3924
-16.6736
-16.9633
-17.2542
-17.5539
-18.1292
-18.4507
-18.7934
-19.1402
-19.5042
-19.8821
-20.623
-21.04
-21.4839
-21.9374
-22.4012
-22.8779
-23.7831
-24.2854
-24.7946
-25.3146
-25.8407
-26.3729
-27.373
-27.9275
-28.4847
-29.0528
-29.6287
-30.2086
-31.3037
-31.906
-32.5209
-33.1412
-33.7734
-34.4139
-35.6166
-36.282
-36.9538
-37.6401
-38.342
-39.0445
-40.3771
-41.1165
-41.8741
-42.6417
-43.4264
-44.2232
-45.7454
-46.6004
-47.484
-48.3917
-49.3271
-50.3222
-52.2398
-53.3439
-54.5139
-55.7335
-56.9913
-58.327
-60.9022
-62.3557
-63.8524
-65.3936
-66.9688
-68.5816
-71.6644
-73.3874
-75.149
-76.9562
-78.8071
-80.703
-84.3414
-86.3833
-88.4831
-90.6501
-92.8774
-95.1751
-99.6153
-102.14
-104.745
-107.464
-110.273
-113.186
-118.889
-122.191
-125.623
-129.244
-133.024
-136.979
-144.9
-149.563
-154.489
-159.772
-165.426
-171.444
-183.833
-191.311
-199.473
-208.321
-217.773
-228.135
-249.346
-262.141
-275.35
-289.092
-303.355
-318.222
-343.617
-355.761
-367.256
-375.822
-381.427
-384.697
-378.218
-373.223
-359.018
-342.224
-321.977
-296.799
-242.662
-207.362
-169.479
-129.294
-88.1688
-45.8242
32.1692
73.8959
115.092
154.173
192.889
227.257
284.328
307.724
328.334
344.189
357.043
363.975
369.948
366.676
361.019
352.005
340.337
328.75
303.381
289.841
277
264.257
252.171
240.785
221.431
211.981
202.924
194.719
187.046
179.822
167.866
161.988
156.422
151.242
146.366
141.688
133.75
129.747
125.937
122.343
118.875
115.554
109.781
106.821
103.988
101.254
98.6073
96.0604
91.5698
89.2452
86.9885
84.7977
82.6701
80.6013
76.9271
75.0166
73.1536
71.3415
69.5886
67.8865
64.8891
63.3554
61.8813
60.4656
59.1198
57.846
55.6379
54.514
53.4399
52.3999
51.3936
50.4285
48.7029
47.8009
46.9171
46.0536
45.203
44.374
42.8777
42.0872
41.3058
40.5456
39.7947
39.0544
37.7096
37.0029
36.3064
35.6166
34.9404
34.27
33.0523
32.4128
31.7822
31.1569
30.5354
29.9232
28.821
28.2345
27.6564
27.0838
26.5241
25.9696
24.9739
24.45
23.9393
23.4447
22.9606
22.4934
21.6793
21.2588
20.8608
20.4757
20.1051
19.7489
19.1167
18.7877
18.4647
18.1493
17.8387
17.5344
16.9837
16.692
16.405
16.1205
15.8394
15.5627
15.0625
14.7958
14.5307
14.2696
14.0136
13.7607
13.3009
13.0555
12.8127
12.5702
12.335
12.1029
11.6769
11.449
11.226
11.0054
10.7872
10.5716
10.1805
9.97436
9.76814
9.56734
9.37045
9.17809
8.83674
8.65824
8.48597
8.32209
8.1619
8.0094
7.74176
7.60345
7.46971
7.33852
7.21029
7.0852
6.85843
6.7398
6.62231
6.5072
6.39163
6.27872
6.07435
5.96528
5.85717
5.74923
5.64422
5.54048
5.3506
5.24928
5.14962
5.05033
4.95268
4.85534
4.67893
4.5848
4.49141
4.3991
4.30721
4.21653
4.05223
3.96369
3.87673
3.7904
3.70521
3.62132
3.46806
3.38556
3.30293
3.21755
3.12634
2.98513
2.69665
2.55423
2.42323
2.30285
2.19196
2.08972
1.92088
1.83797
1.76058
1.68871
1.6211
1.55715
1.44842
1.39488
1.34394
1.29528
1.24904
1.20536
1.13003
1.09136
1.05395
1.01818
0.984119
0.951706
