-2.12758
-2.40456
-2.71358
-3.07705
-3.51564
-4.01958
-4.57386
-5.17704
-5.83535
-6.5651
-7.40918
-8.43666
-9.6582
-11.0273
-12.5258
-14.1633
-15.97
-18.0249
-20.5018
-23.536
-27.0438
-30.9397
-35.2424
-40.0375
-45.5201
-52.1549
-60.6358
-71.2227
-83.9972
-99.6513
-119.74
-147.351
-188.885
-254.129
-338.325
-372.337
-256.979
-7.00035
243.051
358.548
326.392
246.255
184.184
143.79
116.265
96.0752
80.3399
67.7298
57.8462
50.2352
44.0328
38.6633
33.8814
29.5711
25.703
22.3619
19.637
17.3783
15.3934
13.5948
11.9485
10.4431
9.09803
7.96225
7.02472
6.20975
5.47082
4.78985
4.16019
3.5869
2.89129
2.02693
1.5162
1.17565
0.928458
-2.12847
-2.40357
-2.40554
-2.71246
-2.7147
-3.0757
-3.07841
-3.51403
-3.51725
-4.01778
-4.02137
-4.57191
-4.57582
-5.17492
-5.17917
-5.83302
-5.83769
-6.56248
-6.56772
-7.40605
-7.41232
-8.43283
-8.44049
-9.65379
-9.66261
-11.0225
-11.0322
-12.5205
-12.5311
-14.1575
-14.1691
-15.9636
-15.9765
-18.0174
-18.0325
-20.4925
-20.5112
-23.5249
-23.5472
-27.0313
-27.0564
-30.9259
-30.9536
-35.227
-35.2577
-40.0203
-40.0547
-45.5
-45.5403
-52.1297
-52.1802
-60.6034
-60.6681
-71.1833
-71.262
-83.9497
-84.0449
-99.592
-99.7107
-119.661
-119.818
-147.239
-147.463
-188.711
-189.06
-253.865
-254.397
-338.065
-338.585
-372.444
-372.229
-257.633
-256.323
-7.94027
-6.06017
242.373
243.727
358.445
358.65
326.646
326.138
246.507
246.003
184.352
184.016
143.901
143.68
116.344
116.187
96.1349
96.0156
80.3875
80.2924
67.7678
67.6918
57.8754
57.8171
50.2582
50.2124
44.0522
44.0134
38.6804
38.6463
33.8968
33.8661
29.5849
29.5572
25.7153
25.6907
22.3722
22.3517
19.6453
19.6287
17.3854
17.3712
15.3997
15.387
13.6006
13.589
11.9538
11.9432
10.4479
10.4382
9.10226
9.09381
7.96572
7.95877
7.02764
7.0218
6.21236
6.20714
5.47322
5.46842
4.79206
4.78763
4.16224
4.15815
3.58873
3.58508
2.89526
2.88733
2.0291
2.02477
1.51759
1.5148
1.1766
1.1747
0.929168
-2.13655
-2.39474
-2.41442
-2.7024
-2.72482
-3.06356
-3.09064
-3.49961
-3.53175
-4.00166
-4.03754
-4.55433
-4.59345
-5.15579
-5.19836
-5.81205
-5.85873
-6.53891
-6.5914
-7.37796
-7.44061
-8.39848
-8.47507
-9.61421
-9.70227
-10.9789
-11.0759
-12.4729
-12.5788
-14.1054
-14.2214
-15.9055
-16.0348
-17.9497
-18.1006
-20.4091
-20.5953
-23.4248
-23.6478
-26.9186
-27.1696
-30.8016
-31.0783
-35.0894
-35.3959
-39.8655
-40.2103
-45.3195
-45.7222
-51.9041
-52.4083
-60.3138
-60.9595
-70.8303
-71.6175
-83.5241
-84.4761
-99.0607
-100.248
-118.961
-120.525
-146.238
-148.478
-187.141
-190.649
-251.49
-256.83
-335.708
-340.931
-373.312
-371.167
-263.456
-250.146
-16.3647
2.4119
236.193
249.729
357.449
359.501
328.919
323.829
248.793
243.739
185.878
182.517
144.903
142.693
117.059
115.487
96.6745
95.4811
80.817
79.8666
68.1111
67.3516
58.1387
57.556
50.4654
50.007
44.2271
43.8393
38.8343
38.493
34.0352
33.7281
29.7098
29.4329
25.8261
25.5806
22.4648
22.2599
19.7203
19.5543
17.4495
17.3074
15.4571
15.3298
13.653
13.5367
12.0019
11.8953
10.4916
10.3947
9.14037
9.05594
7.99709
7.92765
7.05404
6.99556
6.23591
6.18366
5.49482
5.44685
4.81204
4.76771
4.18067
4.13978
3.60516
3.56875
2.93143
2.85211
2.04876
2.0055
1.53024
1.50236
1.18523
1.16622
0.935593
-2.16351
-2.2029
-2.24276
-2.28318
-2.32415
-2.36567
-2.44405
-2.48745
-2.53162
-2.57669
-2.62253
-2.66937
-2.75873
-2.80889
-2.86028
-2.91331
-2.96773
-3.02378
-3.13171
-3.19252
-3.25504
-3.31921
-3.38501
-3.45227
-3.58028
-3.65152
-3.72401
-3.7978
-3.87259
-3.94852
-4.09155
-4.17048
-4.25039
-4.33142
-4.4134
-4.49636
-4.65224
-4.73814
-4.82514
-4.91329
-5.00241
-5.09268
-5.26238
-5.3559
-5.45059
-5.5468
-5.64418
-5.74294
-5.92904
-6.03195
-6.13655
-6.24298
-6.3512
-6.46142
-6.67078
-6.78773
-6.90744
-7.03041
-7.15644
-7.28608
-7.53564
-7.67665
-7.82219
-7.97244
-8.12695
-8.2859
-8.59106
-8.76207
-8.93714
-9.116
-9.29824
-9.48384
-9.83497
-10.0294
-10.2267
-10.427
-10.6296
-10.8352
-11.2219
-11.4352
-11.6511
-11.87
-12.0915
-12.316
-12.7381
-12.9709
-13.2068
-13.446
-13.6881
-13.9334
-14.3961
-14.6517
-14.9112
-15.1749
-15.4425
-15.7145
-16.23
-16.5167
-16.8093
-17.1085
-17.4147
-17.7281
-18.3297
-18.6688
-19.018
-19.3791
-19.7518
-20.1362
-20.8785
-21.2984
-21.7301
-22.1747
-22.63
-23.0959
-23.9847
-24.4794
-24.9837
-25.4968
-26.0181
-26.5476
-27.5472
-28.0999
-28.6606
-29.2297
-29.807
-30.3922
-31.4947
-32.1046
-32.7235
-33.3514
-33.9892
-34.6365
-35.8572
-36.5332
-37.2211
-37.9207
-38.6325
-39.3571
-40.7299
-41.4946
-42.2757
-43.0745
-43.8912
-44.7288
-46.3328
-47.238
-48.1722
-49.1364
-50.1345
-51.1677
-53.1767
-54.3249
-55.5178
-56.7563
-58.0395
-59.3677
-61.9401
-63.3989
-64.9009
-66.4484
-68.0384
-69.6742
-72.8099
-74.5769
-76.3904
-78.2524
-80.1656
-82.1312
-85.9203
-88.0584
-90.265
-92.5465
-94.8985
-97.3305
-102.059
-104.76
-107.558
-110.474
-113.511
-116.686
-122.921
-126.539
-130.34
-134.335
-138.545
-143.002
-151.943
-157.16
-162.806
-168.816
-175.226
-182.097
-196.073
-204.396
-213.327
-222.845
-232.985
-243.771
-265.003
-277.106
-289.746
-302.419
-315.091
-327.578
-348.337
-357.929
-365.773
-371.54
-374.613
-375.059
-366.739
-357.41
-344.327
-327.401
-306.696
-282.342
-228.908
-196.165
-160.338
-123.039
-84.1192
-44.1995
30.3505
69.8917
108.97
146.4
181.959
215.002
268.594
292.687
313.246
330.21
343.734
353.147
361.237
361.151
358.223
352.816
345.293
335.991
315.95
304.291
292.077
280.023
268.078
256.539
236.412
226.246
216.632
207.602
199.062
191.072
177.683
171.027
164.821
158.986
153.493
148.31
139.489
135.073
130.897
126.895
123.098
119.468
113.208
110.026
106.971
104.042
101.212
98.4962
93.7363
91.2857
88.9175
86.6284
84.41
82.2617
78.4766
76.5128
74.6125
72.7719
70.9891
69.2666
66.2422
64.6855
63.1872
61.7444
60.3584
59.0277
56.7054
55.5145
54.3691
53.2637
52.1959
51.1618
49.3345
48.3845
47.4592
46.5566
45.6742
44.8122
43.268
42.4547
41.6568
40.8739
40.1047
39.3488
37.9886
37.2673
36.5584
35.8603
35.1734
34.4967
33.2739
32.6256
31.9871
31.3576
30.7376
30.1267
29.0233
28.4388
27.8636
27.2981
26.7425
26.1969
25.2183
24.7046
24.2034
23.714
23.2381
22.7761
21.9592
21.5361
21.1266
20.7293
20.3449
19.972
19.3103
18.9658
18.6293
18.3005
17.979
17.6639
17.0974
16.7986
16.5045
16.2147
15.9298
15.6491
15.1411
14.8713
14.6054
14.3427
14.0835
13.8279
13.3642
13.1177
12.8744
12.6337
12.3964
12.1622
11.7372
11.5114
11.2884
11.0681
10.8513
10.6376
10.2515
10.0472
9.84665
9.64955
9.45676
9.26821
8.93183
8.75622
8.58564
8.41969
8.25868
8.10245
7.82582
7.68204
7.54222
7.40582
7.27255
7.14243
6.90922
6.78622
6.66547
6.5465
6.42966
6.31451
6.10622
5.99557
5.88631
5.77839
5.67202
5.56683
5.37578
5.27417
5.17362
5.07409
4.97581
4.87866
4.70199
4.60791
4.51484
4.4228
4.33194
4.24216
4.07926
3.99277
3.90748
3.82355
3.74111
3.66019
3.51514
3.4393
3.36556
3.29403
3.22483
3.05714
2.74055
2.59145
2.45661
2.33344
2.22024
2.11623
1.94379
1.85934
1.78057
1.70704
1.63832
1.57334
1.46227
1.40804
1.35663
1.30693
1.25942
1.21462
1.13791
1.09816
1.06023
1.02441
0.990135
0.957373
