-2.49569
-2.75673
-3.05429
-3.39792
-3.78652
-4.21266
-4.67243
-5.1664
-5.69851
-6.27706
-6.91866
-7.65223
-8.50595
-9.48168
-10.5607
-11.7307
-12.9915
-14.3531
-15.8363
-17.4823
-19.3658
-21.5724
-24.1231
-26.9754
-30.0951
-33.4881
-37.1901
-41.2753
-45.8787
-51.2502
-57.7168
-65.496
-74.6454
-85.3219
-97.9511
-113.31
-132.743
-158.563
-194.327
-243.597
-301.289
-340.309
-312.804
-192.818
-6.85934
179.081
299.242
327.73
290.694
235.743
189.04
154.492
129.098
109.728
94.3424
81.7059
71.1553
62.4014
55.2541
49.36
44.3131
39.8456
35.8085
32.1199
28.7399
25.6669
22.9433
20.6035
18.6019
16.8405
15.2452
13.7765
12.4148
11.1515
9.9887
8.94273
8.03113
7.24387
6.54748
5.91326
5.32578
4.77704
4.26419
3.78939
3.364
2.60306
1.97829
1.56185
1.26174
1.03606
-2.49672
-2.75558
-2.75789
-3.05296
-3.05562
-3.39639
-3.39945
-3.78482
-3.78822
-4.21081
-4.21451
-4.67045
-4.67442
-5.16427
-5.16853
-5.69621
-5.70082
-6.27454
-6.27959
-6.91582
-6.9215
-7.64895
-7.65552
-8.50212
-8.50977
-9.47739
-9.48597
-10.556
-10.5654
-11.7256
-11.7357
-12.9861
-12.997
-14.3472
-14.359
-15.8298
-15.8428
-17.475
-17.4896
-19.3573
-19.3743
-21.5625
-21.5823
-24.1118
-24.1344
-26.963
-26.9879
-30.0816
-30.1087
-33.4733
-33.5028
-37.174
-37.2063
-41.2573
-41.2933
-45.8581
-45.8992
-51.2258
-51.2747
-57.6873
-57.7463
-65.4608
-65.5312
-74.6043
-74.6865
-85.2738
-85.37
-97.8936
-98.0087
-113.239
-113.381
-132.65
-132.836
-158.437
-158.688
-194.151
-194.502
-243.364
-243.829
-301.057
-301.519
-340.251
-340.367
-313.102
-312.504
-193.492
-192.142
-7.68989
-6.02884
178.4
179.761
298.93
299.551
327.772
327.686
290.917
290.472
235.965
235.522
189.209
188.871
154.614
154.371
129.189
129.006
109.8
109.657
94.4001
94.2847
81.7539
81.6579
71.1954
71.1153
62.4344
62.3684
55.281
55.2273
49.3826
49.3374
44.3328
44.2934
39.8633
39.828
35.8245
35.7924
32.1346
32.1053
28.7533
28.7264
25.679
25.6548
22.9538
22.9327
20.6125
20.5946
18.6096
18.5941
16.8475
16.8335
15.2515
15.2388
13.7824
13.7706
12.4203
12.4093
11.1566
11.1465
9.99331
9.98408
8.94681
8.93864
8.03465
8.02761
7.24693
7.2408
6.55024
6.54473
5.9158
5.91072
5.32814
5.32341
4.77925
4.77483
4.26625
4.26213
3.79128
3.7875
3.36565
3.36235
2.60634
2.5998
1.98036
1.97623
1.56332
1.56039
1.26282
1.26066
1.03689
-2.50497
-2.74636
-2.76715
-3.04233
-3.06631
-3.38419
-3.41172
-3.77123
-3.80187
-4.19606
-4.2293
-4.65459
-4.69032
-5.14724
-5.18562
-5.67779
-5.7193
-6.25438
-6.29984
-6.89315
-6.94433
-7.62265
-7.68192
-8.4716
-8.54047
-9.4431
-9.5204
-10.5186
-10.603
-11.6852
-11.7763
-12.9425
-13.0407
-14.3001
-14.4063
-15.7781
-15.8947
-17.4168
-17.5481
-19.2896
-19.4424
-21.4833
-21.662
-24.0217
-24.2249
-26.8634
-27.0877
-29.9733
-30.2173
-33.3557
-33.6208
-37.045
-37.3357
-41.1136
-41.4375
-45.6942
-46.0642
-51.0307
-51.4708
-57.4524
-57.9843
-65.1796
-65.814
-74.2766
-75.0157
-84.89
-85.7559
-97.4339
-98.4709
-112.67
-113.955
-131.918
-133.583
-157.441
-159.698
-192.756
-195.919
-241.51
-245.686
-299.187
-303.346
-339.741
-340.777
-315.443
-310.035
-198.84
-186.712
-14.3365
0.61036
172.923
185.159
296.382
301.96
328.144
327.29
292.694
288.688
237.744
233.763
190.569
187.526
155.591
153.401
129.923
128.28
110.374
109.089
94.8637
93.8249
82.1394
81.2755
71.517
70.7957
62.6994
62.106
55.4969
55.0133
49.5634
49.1574
44.4906
44.1364
40.0048
39.6871
35.9532
35.6641
32.2524
31.9878
28.8612
28.619
25.7762
25.5581
23.0384
22.8483
20.6846
20.5229
18.672
18.5321
16.9033
16.7779
15.3025
15.188
13.8296
13.7236
12.4641
12.3657
11.1971
11.106
10.0303
9.94723
8.97956
8.90608
8.0629
7.99954
7.27151
7.21635
6.57232
6.52271
5.93613
5.89045
5.34707
5.30452
4.79698
4.75716
4.28276
4.24567
3.80642
3.77242
3.37887
3.34923
2.63279
2.57396
1.99708
1.95983
1.57513
1.54871
1.27151
1.25209
1.04356
-2.53044
-2.56676
-2.60371
-2.64127
-2.67943
-2.71833
-2.79584
-2.83689
-2.87886
-2.92172
-2.96538
-3.01005
-3.09943
-3.14693
-3.19554
-3.24506
-3.29556
-3.34708
-3.44971
-3.504
-3.5592
-3.61525
-3.67206
-3.72979
-3.84395
-3.90398
-3.96463
-4.02609
-4.08827
-4.15104
-4.27494
-4.33976
-4.40534
-4.4716
-4.53859
-4.60616
-4.73937
-4.80901
-4.87949
-4.95069
-5.02247
-5.09516
-5.2384
-5.3133
-5.38907
-5.46573
-5.54314
-5.62153
-5.77635
-5.85747
-5.93971
-6.023
-6.10737
-6.19296
-6.36244
-6.45171
-6.54252
-6.63481
-6.72859
-6.82417
-7.01504
-7.11601
-7.2192
-7.32471
-7.43257
-7.54282
-7.76381
-7.88115
-8.00168
-8.12493
-8.25055
-8.3788
-8.63529
-8.77106
-8.90953
-9.05032
-9.19347
-9.33863
-9.62674
-9.77814
-9.93185
-10.0875
-10.2448
-10.4043
-10.7189
-10.8837
-11.0505
-11.2192
-11.3894
-11.5618
-11.9013
-12.0789
-12.2588
-12.4405
-12.624
-12.8096
-13.1756
-13.3672
-13.5612
-13.7572
-13.9553
-14.1561
-14.5525
-14.7603
-14.9712
-15.1847
-15.4009
-15.6205
-16.0553
-16.2843
-16.5174
-16.7542
-16.9947
-17.2399
-17.7292
-17.9885
-18.2534
-18.5242
-18.8009
-19.0845
-19.6535
-19.9561
-20.2664
-20.5849
-20.9101
-21.2424
-21.9088
-22.262
-22.6232
-22.991
-23.3658
-23.7473
-24.5048
-24.904
-25.3094
-25.7209
-26.1375
-26.5602
-27.3957
-27.8341
-28.2782
-28.7278
-29.1828
-29.6431
-30.5525
-31.0295
-31.5123
-32.001
-32.4955
-32.9967
-33.9853
-34.5051
-35.0315
-35.5647
-36.1045
-36.6519
-37.7355
-38.3063
-38.8854
-39.4733
-40.0704
-40.6767
-41.8833
-42.5206
-43.1701
-43.8322
-44.5074
-45.1961
-46.5754
-47.3112
-48.0659
-48.837
-49.6274
-50.4396
-52.0805
-52.9615
-53.8654
-54.7946
-55.7506
-56.7364
-58.7224
-59.7878
-60.881
-62.0014
-63.1499
-64.3264
-66.6908
-67.9508
-69.2398
-70.5576
-71.905
-73.2819
-76.0378
-77.5078
-79.0101
-80.5472
-82.1189
-83.7259
-86.9551
-88.6813
-90.4519
-92.2657
-94.1282
-96.0421
-99.9076
-101.983
-104.124
-106.334
-108.609
-110.954
-115.744
-118.335
-121.021
-123.81
-126.707
-129.712
-135.91
-139.3
-142.838
-146.534
-150.408
-154.457
-162.868
-167.512
-172.398
-177.521
-182.915
-188.588
-200.362
-206.906
-213.754
-220.846
-228.226
-235.895
-251.443
-259.691
-268.106
-276.474
-284.918
-293.336
-308.796
-316.153
-322.871
-328.833
-333.933
-337.821
-341.536
-341.12
-339.288
-335.589
-329.972
-322.246
-301.704
-288.295
-272.744
-255.289
-235.92
-214.703
-169.523
-144.12
-117.916
-90.7014
-63.0292
-34.7352
20.776
49.093
76.9524
104.277
130.479
155.783
201.169
221.945
241.216
258.691
274.327
287.957
308.708
316.387
322.38
326.343
328.487
328.829
325.437
321.801
317.069
311.321
305
297.966
283.104
275.311
267.203
259.136
251.168
243.272
228.469
221.222
214.227
207.49
201.005
194.811
183.473
178.047
172.859
167.929
163.183
158.667
150.481
146.509
142.696
139.059
135.567
132.214
126.086
123.093
120.211
117.436
114.756
112.163
107.374
105.021
102.743
100.533
98.3843
96.305
92.4311
90.5135
88.6452
86.8297
85.0604
83.3355
80.1162
78.5148
76.957
75.4383
73.9587
72.517
69.8279
68.4944
67.1986
65.9383
64.7145
63.5245
61.3112
60.2228
59.165
58.1357
57.1361
56.1689
54.3658
53.474
52.6038
51.7566
50.9305
50.1244
48.6116
47.8551
47.1145
46.3889
45.6777
44.9784
43.6586
42.9946
42.3414
41.698
41.0651
40.4419
39.2581
38.6606
38.0708
37.4898
36.9164
36.3504
35.2732
34.7286
34.1904
33.6589
33.1343
32.616
31.6296
31.1301
30.6368
30.1495
29.6687
29.1943
28.2915
27.8353
27.3854
26.9425
26.506
26.0767
25.2637
24.8554
24.4549
24.062
23.6769
23.301
22.5922
22.2388
21.895
21.5582
21.2291
20.9083
20.3051
20.0046
19.7109
19.4233
19.1412
18.8651
18.3434
18.0813
17.824
17.5705
17.3209
17.0755
16.6086
16.3727
16.1403
15.9106
15.6837
15.4598
15.0329
14.8163
14.6025
14.3909
14.1817
13.9751
13.58
13.3794
13.1814
12.9852
12.791
12.5992
12.2323
12.0462
11.8623
11.6801
11.5001
11.3223
10.9827
10.8107
10.6411
10.4733
10.3078
10.1448
9.83494
9.67886
9.52545
9.37445
9.22621
9.081
8.8071
8.67
8.5356
8.40444
8.27611
8.15045
7.91424
7.79613
7.68071
7.56734
7.45637
7.3476
7.14182
7.03839
6.93677
6.83652
6.73772
6.64053
6.45555
6.36195
6.26961
6.17824
6.08797
5.99886
5.82856
5.74212
5.65672
5.57207
5.48829
5.40545
5.24684
5.16623
5.08644
5.00737
4.92902
4.85158
4.70321
4.62779
4.55323
4.47927
4.40606
4.3337
4.1954
4.1253
4.05596
3.9875
3.91987
3.8532
3.72658
3.66295
3.60027
3.53884
3.47875
3.4199
3.30949
3.25485
3.12665
2.97927
2.84327
2.71672
2.49767
2.39604
2.30112
2.21224
2.1287
2.05002
1.91053
1.844
1.78137
1.72169
1.66504
1.6115
1.51356
1.4662
1.42249
1.3801
1.33863
1.29877
1.2264
1.19172
1.15877
1.12612
1.0946
1.06435
