-2.98911
-3.1872
-3.4022
-3.63372
-3.88038
-4.14081
-4.41451
-4.70121
-5.00125
-5.31545
-5.64527
-5.99267
-6.36073
-6.75372
-7.17784
-7.63903
-8.14342
-8.69284
-9.28597
-9.9196
-10.59
-11.2956
-12.0363
-12.8129
-13.6278
-14.4853
-15.3908
-16.3533
-17.3846
-18.5014
-19.7225
-21.0618
-22.5269
-24.1142
-25.8149
-27.6205
-29.5297
-31.5429
-33.6664
-35.9098
-38.2893
-40.827
-43.5547
-46.518
-49.7765
-53.3949
-57.4409
-61.9548
-66.9575
-72.4708
-78.5223
-85.1793
-92.5492
-100.771
-110.06
-120.678
-133.029
-147.592
-165.039
-185.982
-210.988
-239.518
-269.4
-295.627
-309.75
-302.256
-267.016
-200.95
-111.031
-6.89661
97.4152
187.797
253.514
289.452
297.416
284.467
259.757
231.461
204.425
180.59
160.438
143.488
129.201
116.983
106.402
97.1374
88.9221
81.5884
75.0127
69.1096
63.8455
59.1675
55.0142
51.3023
47.9481
44.8755
42.0304
39.3741
36.878
34.522
32.2939
30.1843
28.1922
26.319
24.5721
22.9608
21.4883
20.1469
18.92
17.7873
16.7304
15.7361
14.7949
13.9002
13.0476
12.2343
11.4589
10.7218
10.0248
9.37177
8.76586
8.2088
7.69788
7.22732
6.79002
6.37936
5.99083
5.62101
5.26761
4.92919
4.60496
4.29475
3.99911
3.72014
3.46138
3.15461
2.60046
2.18914
1.87179
1.61892
-2.9904
-3.1858
-3.18861
-3.40068
-3.40372
-3.63209
-3.63535
-3.87865
-3.8821
-4.13899
-4.14263
-4.4126
-4.41641
-4.69921
-4.7032
-4.99917
-5.00334
-5.31326
-5.31764
-5.64298
-5.64757
-5.99024
-5.9951
-6.35815
-6.36331
-6.75096
-6.7565
-7.17483
-7.18086
-7.63574
-7.64232
-8.13983
-8.147
-8.68895
-8.69673
-9.28179
-9.29015
-9.91516
-9.92404
-10.5853
-10.5947
-11.2907
-11.3005
-12.0311
-12.0414
-12.8075
-12.8183
-13.6221
-13.6335
-14.4793
-14.4912
-15.3845
-15.3972
-16.3465
-16.3601
-17.3773
-17.3919
-18.4935
-18.5094
-19.7138
-19.7312
-21.0523
-21.0714
-22.5166
-22.5373
-24.1031
-24.1254
-25.8029
-25.8268
-27.6078
-27.6331
-29.5163
-29.543
-31.5289
-31.557
-33.6516
-33.6812
-35.8941
-35.9255
-38.2726
-38.3059
-40.8092
-40.8449
-43.5355
-43.574
-46.4968
-46.5392
-49.7531
-49.7998
-53.3688
-53.4209
-57.4119
-57.47
-61.9224
-61.9871
-66.9218
-66.9932
-72.4316
-72.5102
-78.4792
-78.5655
-85.1318
-85.2268
-92.4965
-92.6019
-100.712
-100.83
-109.993
-110.128
-120.601
-120.756
-132.938
-133.119
-147.484
-147.7
-164.908
-165.169
-185.826
-186.138
-210.803
-211.172
-239.312
-239.724
-269.199
-269.6
-295.484
-295.77
-309.712
-309.786
-302.401
-302.11
-267.362
-266.669
-201.487
-200.411
-111.708
-110.359
-7.61886
-6.1741
96.7333
98.0961
187.256
188.337
253.167
253.86
289.311
289.61
297.445
297.387
284.607
284.327
259.946
259.569
231.653
231.268
204.601
204.25
180.739
180.441
160.564
160.312
143.593
143.383
129.291
129.112
117.06
116.905
106.469
106.334
97.1966
97.0783
88.9747
88.8694
81.6355
81.5412
75.0551
74.9704
69.1475
69.0717
63.8792
63.8118
59.1975
59.1376
55.0408
54.9876
51.3263
51.2782
47.9698
47.9263
44.8957
44.8554
42.049
42.0117
39.3916
39.3566
36.8945
36.8615
34.5376
34.5065
32.3086
32.2791
30.1983
30.1704
28.2054
28.1791
26.3313
26.3067
24.5835
24.5606
22.9713
22.9503
21.4978
21.4787
20.1556
20.1382
18.928
18.912
17.7947
17.7799
16.7374
16.7235
15.7427
15.7295
14.8012
14.7887
13.9061
13.8942
13.0532
13.0419
12.2397
12.2289
11.4641
11.4538
10.7267
10.7169
10.0294
10.0202
9.37605
9.36749
8.76982
8.7619
8.21242
8.20518
7.70121
7.69456
7.2304
7.22424
6.79289
6.78714
6.38207
6.37664
5.99341
5.98826
5.62347
5.61856
5.26997
5.26526
4.93144
4.92693
4.60712
4.6028
4.29682
4.29269
4.00106
3.99715
3.72197
3.71831
3.46307
3.4597
3.159
3.15022
2.60366
2.59726
2.19158
2.1867
1.87369
1.8699
1.62046
-2.99914
-3.17632
-3.19811
-3.39046
-3.414
-3.62112
-3.64636
-3.86701
-3.89378
-4.12674
-4.15491
-4.39975
-4.4293
-4.68577
-4.71668
-4.98509
-5.01746
-5.29849
-5.33243
-5.62748
-5.66311
-5.97387
-6.01152
-6.34076
-6.38077
-6.73231
-6.77532
-7.15454
-7.20122
-7.61359
-7.66458
-8.1157
-8.17125
-8.66274
-8.72306
-9.25366
-9.3184
-9.88523
-9.95408
-10.5538
-10.6263
-11.2576
-11.3338
-11.9964
-12.0763
-12.771
-12.8549
-13.5838
-13.6719
-14.439
-14.5317
-15.3417
-15.4402
-16.301
-16.4059
-17.3282
-17.4412
-18.4401
-18.5631
-19.6552
-19.79
-20.9881
-21.136
-22.4466
-22.6077
-24.0276
-24.2009
-25.7225
-25.9075
-27.5227
-27.7186
-29.4264
-29.6332
-31.4342
-31.652
-33.5516
-33.7816
-35.7883
-36.0315
-38.1603
-38.4187
-40.6889
-40.9657
-43.4057
-43.7043
-46.3543
-46.6819
-49.5959
-49.9579
-53.1933
-53.5973
-57.2163
-57.6668
-61.7045
-62.2064
-66.6812
-67.2348
-72.167
-72.7761
-78.1887
-78.8576
-84.8119
-85.5486
-92.1421
-92.9588
-100.314
-101.232
-109.54
-110.583
-120.082
-121.281
-132.326
-133.735
-146.759
-148.433
-164.035
-166.053
-184.779
-187.198
-209.567
-212.409
-237.929
-241.104
-267.848
-270.953
-294.506
-296.72
-309.437
-310.008
-303.341
-301.094
-269.656
-264.289
-205.088
-196.753
-116.273
-105.812
-12.4859
-1.29036
92.1049
102.666
183.616
191.943
250.776
256.158
288.321
290.692
297.615
297.165
285.518
283.375
261.173
258.293
232.953
229.976
205.793
203.079
181.751
179.441
161.418
159.466
144.306
142.677
129.9
128.508
117.586
116.386
106.923
105.884
97.5972
96.6802
89.3314
88.5151
81.9549
81.2239
75.3418
74.6859
69.4044
68.8167
64.1074
63.5849
59.4002
58.9363
55.2211
54.8086
51.4883
51.117
48.1171
47.7794
45.0318
44.72
42.1752
41.8862
39.51
39.2387
37.0059
36.7504
34.6429
34.4015
32.4084
32.1797
30.2926
30.0764
28.2944
28.0905
26.4146
26.2236
24.6608
24.4837
23.0422
22.8797
21.5624
21.4144
20.2145
20.0797
18.9824
18.8581
17.8451
17.7298
16.7844
16.6766
15.7871
15.6853
14.8433
14.7467
13.9463
13.8541
13.0915
13.0037
12.2762
12.1925
11.4989
11.4191
10.7597
10.684
10.0605
9.98924
9.40499
9.33868
8.79659
8.73526
8.23695
8.18076
7.72374
7.67214
7.25123
7.2035
6.81233
6.76776
6.40043
6.35835
6.01081
5.97091
5.64008
5.602
5.28587
5.2494
4.94667
4.91174
4.62171
4.58825
4.31075
4.2788
4.01431
3.98396
3.73438
3.70595
3.47446
3.44839
3.18888
3.12087
2.62549
2.57581
2.20818
2.17034
1.88655
1.85718
1.63091
-3.01991
-3.04609
-3.07261
-3.09944
-3.12655
-3.15405
-3.22071
-3.24923
-3.27809
-3.3072
-3.33663
-3.36643
-3.43845
-3.46931
-3.50037
-3.53171
-3.5633
-3.59531
-3.67246
-3.70537
-3.73852
-3.77193
-3.80559
-3.83963
-3.92148
-3.95622
-3.99133
-4.02658
-4.06208
-4.09791
-4.18406
-4.22066
-4.25757
-4.29463
-4.332
-4.3695
-4.45987
-4.49823
-4.53689
-4.57569
-4.61481
-4.6541
-4.74864
-4.78876
-4.82924
-4.86986
-4.91072
-4.95195
-5.05092
-5.09287
-5.13522
-5.17772
-5.22051
-5.26372
-5.36748
-5.4115
-5.45593
-5.50059
-5.54561
-5.59099
-5.69998
-5.74645
-5.79319
-5.8402
-5.88754
-5.93536
-6.05051
-6.09963
-6.14902
-6.19881
-6.24906
-6.29985
-6.4222
-6.47436
-6.52719
-6.58045
-6.63417
-6.68849
-6.81993
-6.87604
-6.93288
-6.9902
-7.0483
-7.10696
-7.24963
-7.31054
-7.37233
-7.43462
-7.49769
-7.56176
-7.71744
-7.7841
-7.85165
-7.91991
-7.98895
-8.05904
-8.22894
-8.30167
-8.37543
-8.44983
-8.52504
-8.60126
-8.78561
-8.86435
-8.94408
-9.02435
-9.10543
-9.18752
-9.38543
-9.46983
-9.55516
-9.64098
-9.72747
-9.81482
-10.0254
-10.1148
-10.2051
-10.2959
-10.3873
-10.4796
-10.7014
-10.7957
-10.8908
-10.9863
-11.0825
-11.1795
-11.4127
-11.5117
-11.6115
-11.7118
-11.8127
-11.9145
-12.1589
-12.2627
-12.3675
-12.4726
-12.5784
-12.6852
-12.9416
-13.0503
-13.1601
-13.2703
-13.3814
-13.4935
-13.7629
-13.8776
-13.9928
-14.1089
-14.2259
-14.344
-14.6277
-14.7484
-14.8703
-14.9928
-15.1164
-15.2412
-15.5419
-15.6699
-15.7994
-15.9297
-16.061
-16.1939
-16.5145
-16.6512
-16.7898
-16.9294
-17.0708
-17.2131
-17.5583
-17.706
-17.856
-18.007
-18.1597
-18.3147
-18.6907
-18.8522
-19.0157
-19.1806
-19.348
-19.5178
-19.9301
-20.1068
-20.2863
-20.4676
-20.6511
-20.8376
-21.2899
-21.4837
-21.6801
-21.8785
-22.0792
-22.2825
-22.7749
-22.9856
-23.1989
-23.4135
-23.6305
-23.8503
-24.3804
-24.6067
-24.8356
-25.0659
-25.2983
-25.5333
-26.0991
-26.3396
-26.5827
-26.8272
-27.0735
-27.3222
-27.9216
-28.1766
-28.4333
-28.692
-28.9524
-29.2147
-29.8474
-30.1164
-30.387
-30.6597
-30.9344
-31.2111
-31.8776
-32.1611
-32.4468
-32.7344
-33.0242
-33.3161
-34.0196
-34.3186
-34.62
-34.9236
-35.2299
-35.5389
-36.2835
-36.6003
-36.9199
-37.2426
-37.568
-37.8959
-38.687
-39.0249
-39.3659
-39.7095
-40.0561
-40.4059
-41.2531
-41.6149
-41.9803
-42.3499
-42.7234
-43.1007
-44.0146
-44.4063
-44.8031
-45.2052
-45.6107
-46.0213
-47.0218
-47.4507
-47.8853
-48.3259
-48.7728
-49.2264
-50.3341
-50.8092
-51.2911
-51.7803
-52.277
-52.7818
-54.0179
-54.5495
-55.0886
-55.6364
-56.1921
-56.7572
-58.1367
-58.7304
-59.3332
-59.945
-60.5653
-61.1937
-62.7284
-63.3878
-64.0562
-64.7332
-65.4202
-66.1165
-67.8116
-68.5398
-69.2773
-70.0243
-70.7799
-71.546
-73.4092
-74.2081
-75.017
-75.8366
-76.6673
-77.5075
-79.5533
-80.4308
-81.3203
-82.2225
-83.136
-84.0613
-86.3152
-87.2843
-88.268
-89.2666
-90.2798
-91.3085
-93.8107
-94.8896
-95.984
-97.1014
-98.2316
-99.38
-102.191
-103.405
-104.638
-105.892
-107.173
-108.478
-111.672
-113.052
-114.462
-115.899
-117.368
-118.866
-122.538
-124.139
-125.774
-127.446
-129.153
-130.894
-135.212
-137.099
-139.029
-140.996
-143.009
-145.069
-150.194
-152.445
-154.752
-157.113
-159.529
-162.002
-168.142
-170.869
-173.635
-176.474
-179.372
-182.341
-189.747
-193.004
-196.294
-199.676
-203.149
-206.681
-215.369
-219.099
-222.887
-226.787
-230.771
-234.732
-244.338
-248.388
-252.46
-256.554
-260.633
-264.652
-274.139
-278
-281.705
-285.288
-288.767
-292.033
-298.927
-301.518
-303.818
-305.829
-307.292
-308.625
-310.278
-310.28
-309.827
-308.829
-307.338
-305.302
-298.598
-295.05
-290.89
-286.165
-280.742
-274.816
-258.385
-250.469
-242.04
-233.009
-223.563
-213.201
-187.925
-176.477
-164.677
-152.48
-139.867
-126.907
-94.9839
-81.1785
-67.0632
-52.6996
-38.3254
-23.9821
10.3041
24.784
39.0802
53.2831
67.2313
81.0544
113.294
126.228
138.926
151.273
163.229
174.859
200.198
209.966
219.436
228.468
236.923
244.838
261.332
267.281
272.711
277.589
281.902
285.707
292.654
294.69
296.23
297.154
297.798
297.866
296.474
295.42
294.101
292.267
290.02
287.583
281.081
278.037
274.695
271.178
267.647
264.082
255.276
251.453
247.6
243.714
239.884
236.043
226.951
223.211
219.507
215.911
212.241
208.634
200.328
196.952
193.643
190.418
187.279
184.179
177.111
174.25
171.458
168.733
166.073
163.462
157.494
155.089
152.744
150.45
148.209
146.02
141.028
139.006
137.029
135.097
133.203
131.359
127.099
125.374
123.679
122.028
120.411
118.828
115.171
113.678
112.217
110.788
109.383
108.009
104.83
103.528
102.249
100.994
99.7623
98.5525
95.7472
94.5987
93.4668
92.3535
91.2589
90.182
87.6846
86.6624
85.6516
84.6611
83.6815
82.7171
80.4801
79.5624
78.6566
77.7672
76.8896
76.0256
74.0169
73.1932
72.3825
71.5817
70.7933
70.0175
68.2188
67.4828
66.7593
66.0451
65.3422
64.6522
63.0525
62.3977
61.755
61.1214
60.4981
59.885
58.4644
57.8838
57.3128
56.7512
56.1968
55.6513
54.3886
53.8712
53.3607
52.8585
52.3639
51.8746
50.7388
50.2727
49.813
49.3586
48.9104
48.4678
47.4347
47.0097
46.5896
46.1738
45.7621
45.3549
44.4024
44.0097
43.6209
43.2353
42.8531
42.4751
41.5903
41.2241
40.8611
40.5012
40.1447
39.7912
38.9613
38.6179
38.2764
37.9384
37.6032
37.2706
36.4886
36.1643
35.8427
35.5236
35.207
34.8929
34.1544
33.8479
33.5437
33.2418
32.9423
32.6451
31.9457
31.6556
31.3677
31.0818
30.7981
30.5166
29.8551
29.581
29.3087
29.039
28.7712
28.5057
27.8819
27.6235
27.3675
27.1138
26.8622
26.6128
26.0284
25.7864
25.5475
25.3109
25.0761
24.8446
24.3029
24.0788
23.8583
23.6399
23.4234
23.2109
22.714
22.5092
22.3073
22.108
21.9107
21.7164
21.2635
21.0768
20.8931
20.7117
20.5318
20.3547
19.9421
19.7718
19.6037
19.4379
19.2735
19.1112
18.7315
18.5747
18.4199
18.2665
18.1145
17.9643
17.6122
17.4663
17.3222
17.1789
17.0368
16.8962
16.5661
16.4294
16.2935
16.1588
16.025
15.8926
15.581
15.4515
15.3231
15.1957
15.069
14.9433
14.6478
14.5248
14.4029
14.2818
14.1612
14.0417
13.7598
13.6425
13.5264
13.4109
13.2963
13.1822
12.9137
12.8019
12.6911
12.5812
12.4715
12.3628
12.1067
11.9999
11.8944
11.7894
11.6849
11.5814
11.3375
11.2361
11.1355
11.0357
10.9364
10.838
10.6067
10.5106
10.4154
10.3211
10.2272
10.1344
9.91646
9.8261
9.73679
9.64833
9.5605
9.47379
9.27079
9.18661
9.10373
9.02161
8.94027
8.8602
8.67274
8.59536
8.51905
8.44365
8.36897
8.29532
8.12341
8.05249
7.98263
7.91353
7.84493
7.7773
7.61949
7.55429
7.48992
7.42632
7.36319
7.30082
7.15474
7.09429
7.03458
6.97542
6.91662
6.85851
6.72216
6.66566
6.60944
6.55386
6.49859
6.44392
6.3153
6.26182
6.20888
6.1563
6.10397
6.05211
5.93006
5.87923
5.82884
5.77876
5.72901
5.67947
5.56294
5.51441
5.46629
5.41847
5.37093
5.32354
5.21205
5.16555
5.11949
5.07371
5.02809
4.98279
4.87597
4.83146
4.78731
4.74344
4.6997
4.65631
4.55398
4.51138
4.46912
4.42711
4.38526
4.34382
4.24609
4.20547
4.16509
4.12508
4.08522
4.04574
3.95294
3.91456
3.87637
3.83858
3.80102
3.76389
3.67695
3.64099
3.60556
3.57051
3.53572
3.5016
3.4218
3.38883
3.35645
3.32475
3.29356
3.2611
3.05311
2.97154
2.89359
2.81874
2.74719
2.6784
2.52625
2.46625
2.40866
2.35314
2.2996
2.24814
2.13242
2.08644
2.0422
1.99949
1.95773
1.91748
1.82755
1.79142
1.75612
1.72184
1.68841
1.65608
