-1.73031
-1.94079
-2.1637
-2.39929
-2.65028
-2.93764
-3.31799
-3.75971
-4.22998
-4.72955
-5.2607
-5.82688
-6.42907
-7.08592
-7.91723
-8.98715
-10.1598
-11.405
-12.7318
-14.1483
-15.6598
-17.2827
-19.1655
-21.7203
-24.7373
-27.9745
-31.4447
-35.1784
-39.2171
-43.5989
-48.5175
-54.9804
-63.6668
-73.6988
-85.1546
-98.6507
-115.184
-136.47
-166.101
-213.897
-298.903
-414.667
-448.094
-298.134
-6.97874
283.11
431.459
397.705
285.841
209.654
163.709
133.725
112.018
95.1648
81.3852
69.6653
59.838
52.7621
47.2844
42.4094
37.96
33.8622
30.0709
26.5298
23.2548
20.559
18.5539
16.7928
15.1478
13.6064
12.1636
10.8077
9.53119
8.38026
7.4988
6.77875
6.11112
5.4819
4.88721
4.3254
3.79092
3.28798
2.49097
1.86595
1.46644
1.18178
0.9647
0.795756
0.655368
0.538154
-1.7311
-1.93995
-1.94162
-2.16282
-2.16458
-2.39835
-2.40023
-2.64926
-2.6513
-2.93639
-2.93888
-3.31636
-3.31963
-3.75793
-3.76149
-4.22811
-4.23184
-4.72756
-4.73154
-5.25859
-5.26281
-5.82463
-5.82912
-6.42665
-6.43145
-7.08318
-7.08866
-7.91348
-7.92099
-8.98275
-8.99155
-10.1551
-10.1645
-11.4
-11.4099
-12.7266
-12.7369
-14.1426
-14.154
-15.6537
-15.6659
-17.2761
-17.2893
-19.1571
-19.1739
-21.7092
-21.7314
-24.7252
-24.7492
-27.9616
-27.9875
-31.4308
-31.4586
-35.1634
-35.1935
-39.2009
-39.2333
-43.5808
-43.617
-48.4967
-48.5383
-54.9506
-55.0102
-63.6303
-63.7033
-73.6575
-73.7402
-85.1069
-85.2023
-98.5936
-98.7077
-115.113
-115.256
-136.375
-136.565
-165.962
-166.24
-213.648
-214.152
-298.494
-299.313
-414.259
-415.073
-448.284
-447.9
-299.08
-297.186
-8.17201
-5.78548
282.156
284.063
431.388
431.534
398.107
397.301
286.216
285.467
209.883
209.426
163.849
163.57
133.822
133.627
112.091
111.945
95.2233
95.1062
81.4341
81.3363
69.7074
69.6233
59.8712
59.8049
52.7852
52.739
47.3042
47.2646
42.4274
42.3913
37.9765
37.9435
33.8773
33.847
30.085
30.0567
26.5432
26.5164
23.2667
23.2434
20.5678
20.5502
18.5609
18.5468
16.7994
16.7863
15.1539
15.1416
13.6122
13.6007
12.169
12.1582
10.8127
10.8026
9.53596
9.52642
8.38428
8.37625
7.50176
7.49584
6.78142
6.77609
6.11362
6.10862
5.48423
5.47958
4.88943
4.885
4.32751
4.32329
3.79288
3.78895
3.28988
3.28608
2.49417
2.48777
1.86781
1.86408
1.46774
1.46514
1.18273
1.18084
0.965446
0.963954
0.796349
0.79516
0.65586
0.654875
0.538552
-1.73764
-1.93305
-1.94855
-2.15552
-2.17201
-2.3906
-2.40797
-2.64111
-2.65971
-2.92617
-2.9495
-3.30289
-3.33317
-3.7434
-3.77611
-4.21271
-4.24755
-4.71116
-4.74797
-5.24118
-5.28029
-5.80609
-5.84759
-6.40641
-6.45104
-7.06069
-7.1114
-7.88263
-7.95225
-8.94653
-9.0279
-10.1166
-10.2032
-11.3591
-11.4509
-12.6821
-12.7801
-14.0951
-14.2009
-15.6039
-15.7158
-17.222
-17.3437
-19.0882
-19.2438
-21.6178
-21.8234
-24.6253
-24.8496
-27.8553
-28.0945
-31.3163
-31.5734
-35.0395
-35.3175
-39.0672
-39.367
-43.4318
-43.7639
-48.3238
-48.7113
-54.7064
-55.2575
-63.3294
-64.0053
-73.3174
-74.0822
-84.7142
-85.5975
-98.1232
-99.1837
-114.526
-115.849
-135.597
-137.355
-164.823
-167.4
-211.627
-216.174
-295.157
-302.71
-410.843
-418.493
-449.744
-446.186
-306.69
-289.277
-18.0168
4.0586
274.217
291.852
429.258
432.278
401.043
393.932
289.313
282.414
211.791
207.572
165.008
162.429
134.631
132.832
112.699
111.34
95.7072
94.6246
81.8392
80.9342
70.0553
69.2774
60.1471
59.5338
52.9769
52.5498
47.4678
47.1015
42.5767
42.2427
38.1146
37.8075
34.0029
33.7218
30.2021
29.9401
26.6531
26.4088
23.3697
23.1465
20.6411
20.4779
18.6192
18.4887
16.8537
16.7322
15.2046
15.091
13.6595
13.5535
12.2136
12.114
10.8547
10.7607
9.57516
9.48714
8.41763
8.34339
7.52651
7.47146
6.8035
6.75414
6.13436
6.088
5.50399
5.4602
4.90773
4.86674
4.34494
4.30592
3.8095
3.77269
3.30552
3.27041
2.52101
2.46179
1.88329
1.84881
1.47854
1.45449
1.19055
1.17309
0.971638
0.957838
0.801246
0.790263
0.659941
0.650826
0.541848
-1.75859
-1.78868
-1.81892
-1.84941
-1.8802
-1.91121
-1.97068
-2.00226
-2.03437
-2.06676
-2.0994
-2.13237
-2.19532
-2.22883
-2.26268
-2.29692
-2.33118
-2.3661
-2.43276
-2.46862
-2.50442
-2.54068
-2.57735
-2.61466
-2.68655
-2.72569
-2.76575
-2.80683
-2.84959
-2.89398
-2.9841
-3.03488
-3.08826
-3.14374
-3.20137
-3.26057
-3.3767
-3.43936
-3.50241
-3.5666
-3.63162
-3.697
-3.82274
-3.89001
-3.95764
-4.02594
-4.09469
-4.16407
-4.29716
-4.3681
-4.43996
-4.51234
-4.58565
-4.65941
-4.80013
-4.87578
-4.95217
-5.02912
-5.10705
-5.18581
-5.33626
-5.41657
-5.49787
-5.58029
-5.66317
-5.74725
-5.90664
-5.99204
-6.07901
-6.16627
-6.25442
-6.34356
-6.51434
-6.60633
-6.69978
-6.79457
-6.89109
-6.99076
-7.18561
-7.29417
-7.40812
-7.52668
-7.65363
-7.78629
-8.05363
-8.2023
-8.35508
-8.51146
-8.6717
-8.83147
-9.14376
-9.31016
-9.47959
-9.64964
-9.82123
-9.99462
-10.3263
-10.5038
-10.6821
-10.8631
-11.0457
-11.2297
-11.5821
-11.7717
-11.9621
-12.1541
-12.3475
-12.5431
-12.9194
-13.1221
-13.326
-13.531
-13.7388
-13.9472
-14.3499
-14.5658
-14.784
-15.0004
-15.2224
-15.4456
-15.8752
-16.1047
-16.3371
-16.5718
-16.8104
-17.0503
-17.5186
-17.7735
-18.0357
-18.3026
-18.5837
-18.8762
-19.4718
-19.8102
-20.1683
-20.5411
-20.9301
-21.3309
-22.119
-22.5467
-22.9761
-23.4149
-23.8598
-24.307
-25.1696
-25.6315
-26.0964
-26.5669
-27.04
-27.5186
-28.4387
-28.932
-29.4285
-29.9314
-30.4411
-30.9553
-31.9379
-32.4689
-33.0028
-33.5441
-34.091
-34.6483
-35.7138
-36.2819
-36.8619
-37.4482
-38.0415
-38.6439
-39.7915
-40.4088
-41.0402
-41.675
-42.3184
-42.9713
-44.2295
-44.91
-45.6074
-46.3161
-47.0421
-47.7943
-49.2759
-50.1107
-50.9909
-51.9198
-52.9004
-53.9442
-56.0639
-57.255
-58.4866
-59.7571
-61.0619
-62.3861
-64.9722
-66.3749
-67.8044
-69.2591
-70.7383
-72.2466
-75.1776
-76.7699
-78.3921
-80.0519
-81.7464
-83.479
-86.8703
-88.7269
-90.6292
-92.5801
-94.5838
-96.6458
-100.714
-102.956
-105.268
-107.657
-110.125
-112.683
-117.773
-120.605
-123.55
-126.628
-129.828
-133.175
-139.926
-143.756
-147.771
-152.03
-156.527
-161.295
-171.224
-177.024
-183.26
-190.068
-197.435
-205.493
-222.935
-233.456
-244.84
-257.226
-270.478
-284.665
-313.804
-330.115
-347.9
-365.156
-382.733
-400.246
-428.127
-439.619
-448.094
-453.113
-455.062
-452.957
-438.442
-424.651
-407.936
-386.276
-360.161
-329.723
-263.833
-223.553
-181.953
-138.35
-94.2023
-49.3474
35.4595
80.0145
124.279
167.231
209.024
248.145
316.326
346.136
371.384
392.288
409.505
422.271
437.199
439.228
437.168
431.581
422.871
410.437
382.68
365.567
348.206
331.364
315.018
299.591
272.984
260.248
248.486
237.509
227.25
217.82
201.902
194.309
187.27
180.672
174.563
168.796
158.894
154.087
149.538
145.243
141.136
137.237
130.359
126.943
123.675
120.551
117.555
114.663
109.468
106.862
104.341
101.907
99.5496
97.2676
93.1197
91.0161
88.9728
86.9796
85.0346
83.1378
79.669
77.8952
76.1602
74.464
72.7977
71.1743
68.1905
66.6692
65.1904
63.7559
62.3719
61.0429
58.7016
57.5703
56.4922
55.4773
54.5168
53.5979
51.9544
51.1308
50.3123
49.5265
48.7525
47.9887
46.5863
45.8604
45.1453
44.4396
43.7414
43.0545
41.7772
41.1166
40.4626
39.8156
39.1787
38.5511
37.3767
36.7665
36.1637
35.5713
34.9818
34.4055
33.3259
32.7601
32.2041
31.6554
31.1118
30.5748
29.5658
29.0436
28.5253
28.0131
27.505
27.0024
26.0613
25.573
25.0906
24.615
24.1445
23.6864
22.8385
22.4124
22.0008
21.6044
21.2341
20.8767
20.2536
19.9462
19.6494
19.3626
19.0849
18.8113
18.3029
18.0426
17.7836
17.5295
17.2768
17.0276
16.5608
16.3172
16.0761
15.8366
15.6017
15.3679
14.9301
14.7033
14.4781
14.2538
14.031
13.8117
13.4025
13.1892
12.9792
12.7701
12.5622
12.3559
11.9728
11.773
11.5756
11.3787
11.1823
10.9885
10.6277
10.439
10.2522
10.0674
9.8828
9.70131
9.36304
9.18784
9.01685
8.84728
8.68404
8.52495
8.24157
8.10248
7.96995
7.84361
7.72261
7.60558
7.39485
7.28696
7.18141
7.07757
6.9753
6.87422
6.68456
6.58611
6.48846
6.39131
6.29559
6.20044
6.02257
5.92947
5.83755
5.74616
5.65558
5.56579
5.3985
5.31071
5.22334
5.13734
5.05177
4.9672
4.80837
4.72556
4.64341
4.56172
4.48126
4.40071
4.25008
4.17155
4.09347
4.01564
3.93893
3.86271
3.72004
3.6452
3.57145
3.49854
3.42656
3.35515
3.22021
3.14312
3.04569
2.90123
2.74933
2.61038
2.38317
2.27831
2.1821
2.09365
2.01117
1.93397
1.80119
1.73655
1.67602
1.6198
1.56568
1.51366
1.42135
1.37581
1.33347
1.29214
1.25285
1.2158
1.14879
1.11506
1.08248
1.05104
1.02075
0.991602
0.938784
0.912485
0.887199
0.863186
0.839847
0.816977
0.774865
0.75335
0.732405
0.712106
0.692336
0.673095
0.638114
0.620404
0.603223
0.586226
0.569368
0.552907
