-1.73728
-2.03159
-2.35172
-2.70505
-3.14583
-3.72365
-4.37152
-5.08154
-5.85824
-6.71891
-7.76633
-9.19135
-10.8269
-12.6259
-14.6
-16.7886
-19.3985
-23.0042
-27.3066
-32.0761
-37.3855
-43.3868
-50.5666
-60.8456
-74.2423
-90.5597
-111.548
-140.883
-188.915
-284.883
-418.38
-356.883
-6.86599
340.242
403.025
273.909
185.349
138.008
108.209
86.9092
70.3406
57.6526
49.0201
42.1043
36.0796
30.7058
25.8729
21.7291
18.7121
16.2602
14.0543
12.0505
10.2245
8.60268
7.37281
6.39275
5.50764
4.69405
3.94331
3.2547
2.19053
1.53409
1.13542
0.861659
0.660211
-1.73807
-2.03073
-2.03245
-2.35078
-2.35266
-2.70397
-2.70612
-3.14439
-3.14728
-3.7219
-3.72539
-4.36961
-4.37344
-5.07947
-5.08361
-5.85597
-5.86051
-6.71633
-6.72149
-7.76278
-7.76989
-9.18696
-9.19574
-10.8221
-10.8317
-12.6207
-12.6312
-14.5941
-14.6058
-16.7821
-16.795
-19.3899
-19.4072
-22.9929
-23.0156
-27.2939
-27.3193
-32.062
-32.0901
-37.3697
-37.4014
-43.3687
-43.405
-50.5428
-50.5904
-60.8116
-60.8797
-74.2009
-74.2837
-90.5084
-90.611
-111.48
-111.617
-140.782
-140.985
-188.731
-189.1
-284.502
-285.265
-418.15
-418.607
-357.512
-356.25
-8.00499
-5.72693
339.609
340.872
403.295
402.752
274.249
273.57
185.528
185.171
138.111
137.904
108.279
108.14
86.9615
86.8569
70.3821
70.2991
57.6809
57.6244
49.0414
48.9989
42.1223
42.0863
36.0956
36.0636
30.72
30.6916
25.8859
25.86
21.7392
21.719
18.7195
18.7047
16.2668
16.2537
14.0602
14.0484
12.0558
12.0451
10.2294
10.2196
8.6068
8.59857
7.37581
7.36982
6.39532
6.39018
5.51001
5.50526
4.69626
4.69184
3.94535
3.94128
3.25659
3.25281
2.193
2.18806
1.53549
1.5327
1.13633
1.13451
0.862287
0.861031
0.66071
-1.74582
-2.02239
-2.04081
-2.34166
-2.36182
-2.6936
-2.71664
-3.13037
-3.16161
-3.70488
-3.74245
-4.35101
-4.39211
-5.05925
-5.10385
-5.83379
-5.88267
-6.69104
-6.74673
-7.72849
-7.80486
-9.14426
-9.2386
-10.7756
-10.8785
-12.5692
-12.6828
-14.5369
-14.6632
-16.719
-16.8584
-19.3065
-19.4919
-22.8825
-23.1264
-27.17
-27.4436
-31.9248
-32.2278
-37.2155
-37.556
-43.192
-43.5821
-50.3127
-50.8241
-60.4812
-61.2128
-73.798
-74.6889
-90.0102
-91.1134
-110.816
-112.287
-139.799
-141.984
-186.95
-190.923
-280.809
-289.008
-415.743
-420.651
-363.461
-349.901
-19.1071
5.38207
333.228
346.805
405.769
399.93
277.629
270.326
187.289
183.44
139.125
136.915
108.956
107.474
87.4733
86.3504
70.7883
69.8965
57.9596
57.348
49.249
48.7925
42.2981
41.9105
36.252
35.908
30.8589
30.5523
26.0125
25.7345
21.8388
21.6212
18.7923
18.6333
16.3306
16.1899
14.1179
13.9911
12.1084
11.9928
10.2773
10.1716
8.64668
8.55862
7.40485
7.34076
6.42073
6.36517
5.5333
5.48216
4.71776
4.67034
3.96506
3.92144
3.2744
3.23431
2.21733
2.16426
1.54918
1.51919
1.14527
1.12567
0.86843
0.854926
0.665598
-1.77412
-1.81676
-1.85979
-1.90328
-1.94756
-1.9923
-2.07136
-2.11752
-2.1644
-2.21204
-2.26003
-2.3088
-2.39526
-2.44558
-2.49679
-2.54906
-2.60243
-2.65653
-2.75513
-2.81417
-2.87608
-2.94097
-3.00847
-3.08051
-3.21467
-3.29627
-3.38014
-3.46634
-3.55425
-3.64435
-3.80474
-3.89862
-3.99358
-4.08929
-4.18634
-4.28444
-4.46016
-4.56225
-4.66576
-4.77164
-4.87799
-4.98599
-5.17779
-5.28971
-5.40267
-5.5175
-5.63465
-5.75355
-5.96407
-6.08762
-6.2136
-6.34038
-6.46948
-6.59984
-6.83909
-6.98102
-7.12625
-7.27992
-7.44114
-7.60978
-7.93224
-8.12786
-8.33621
-8.54805
-8.76636
-8.99
-9.39381
-9.62935
-9.87001
-10.113
-10.3587
-10.6071
-11.0495
-11.3087
-11.5715
-11.8374
-12.1082
-12.3819
-12.8712
-13.1541
-13.4422
-13.7339
-14.0296
-14.3318
-14.8713
-15.1824
-15.5028
-15.8293
-16.1574
-16.4925
-17.0937
-17.4515
-17.8174
-18.1955
-18.5929
-19.0136
-19.8037
-20.2929
-20.8019
-21.3484
-21.9057
-22.4877
-23.535
-24.1525
-24.7779
-25.4201
-26.0676
-26.7271
-27.8959
-28.5777
-29.2726
-29.9803
-30.6948
-31.4254
-32.7338
-33.4946
-34.2656
-35.048
-35.8476
-36.6599
-38.1207
-38.9782
-39.8431
-40.7317
-41.6389
-42.5638
-44.2231
-45.201
-46.225
-47.272
-48.3641
-49.5065
-51.6808
-53.0349
-54.4682
-55.9831
-57.6096
-59.3101
-62.4298
-64.3039
-66.2388
-68.2169
-70.2634
-72.3615
-76.1682
-78.4304
-80.7637
-83.1726
-85.6602
-88.2327
-92.9644
-95.8138
-98.7687
-101.857
-105.084
-108.479
-114.785
-118.614
-122.677
-126.983
-131.576
-136.406
-145.682
-151.581
-157.96
-164.816
-172.484
-180.853
-197.724
-208.88
-221.487
-235.555
-251.356
-268.605
-302.482
-322.944
-345.5
-366.774
-388.591
-406.622
-426.892
-431.216
-430.486
-423.35
-408.639
-383.811
-325.134
-279.447
-229.118
-174.173
-117.361
-58.8622
44.9139
104.39
161.291
214.844
264.061
308.876
364.739
388.354
404.503
415.075
415.636
411.567
391.107
372.967
351.135
330.278
309.525
289.88
258.767
243.536
228.827
215.923
204.279
193.913
177.461
169.404
161.862
155.108
148.839
142.89
133.44
128.529
123.885
119.512
115.364
111.461
105.082
101.657
98.3853
95.2563
92.2505
89.3555
84.5452
81.9273
79.3935
76.9437
74.5706
72.2769
68.4556
66.3821
64.3959
62.4988
60.7065
59.02
56.3437
54.9496
53.6301
52.3705
51.1628
50.0061
48.055
46.9933
45.9497
44.9315
43.9265
42.9429
41.2769
40.3528
39.4427
38.5512
37.6797
36.8201
35.348
34.5218
33.7161
32.919
32.139
31.3671
30.0497
29.3114
28.5847
27.8736
27.1688
26.4747
25.2901
24.634
23.9957
23.3696
22.775
22.2075
21.2758
20.7859
20.3212
19.8862
19.4636
19.0592
18.3777
17.9987
17.6309
17.2707
16.9151
16.5635
15.9599
15.622
15.2921
14.9653
14.6437
14.3279
13.7848
13.4797
13.1775
12.8805
12.5876
12.2996
11.8047
11.5271
11.2513
10.9814
10.7159
10.4519
9.99855
9.74696
9.49953
9.25708
9.02009
8.79302
8.41823
8.21694
8.02889
7.84865
7.6764
7.51188
7.23748
7.0878
6.94039
6.79641
6.65481
6.51336
6.27448
6.13984
6.006
5.87459
5.74515
5.61801
5.39869
5.27532
5.15335
5.03278
4.91334
4.79601
4.5933
4.47984
4.36719
4.25594
4.1452
4.03691
3.85008
3.74479
3.6411
3.53936
3.43886
3.34013
3.16735
3.02679
2.81884
2.62897
2.45978
2.30955
2.08161
1.96806
1.86425
1.76868
1.68159
1.60052
1.47147
1.40499
1.34355
1.2848
1.22956
1.17831
1.09427
1.04915
1.00613
0.965556
0.927246
0.891172
0.833056
0.801254
0.770374
0.740373
0.711447
0.68364
