-2.05976
-2.35442
-2.68075
-3.0717
-3.56563
-4.1337
-4.75542
-5.43328
-6.17684
-7.01494
-8.05342
-9.36191
-10.8501
-12.4804
-14.2655
-16.238
-18.5055
-21.397
-25.0045
-29.0816
-33.5868
-38.5966
-44.2701
-51.1163
-60.3179
-72.0993
-86.3502
-104.083
-127.582
-161.873
-219.692
-316.652
-398.652
-299.78
-6.97732
286.232
383.794
304.484
213.753
158.478
124.308
100.594
82.6428
68.375
57.4039
49.3905
42.9145
37.2659
32.2267
27.6884
23.6618
20.4064
17.8709
15.6843
13.7069
11.903
10.2539
8.7906
7.6158
6.669
5.82924
5.05961
4.34876
3.69238
3.03751
2.04273
1.48889
1.13277
0.879367
0.690638
-2.06062
-2.35347
-2.35537
-2.67966
-2.68184
-3.07034
-3.07307
-3.56398
-3.56729
-4.13185
-4.13554
-4.75341
-4.75742
-5.43108
-5.43547
-6.17442
-6.17927
-7.01212
-7.01776
-8.04977
-8.05708
-9.35755
-9.36628
-10.8453
-10.8549
-12.4751
-12.4857
-14.2597
-14.2713
-16.2315
-16.2444
-18.4978
-18.5133
-21.3868
-21.4071
-24.9925
-25.0164
-29.0683
-29.0948
-33.5722
-33.6015
-38.5802
-38.613
-44.2512
-44.289
-51.092
-51.1406
-60.2852
-60.3506
-72.0593
-72.1393
-86.3015
-86.3989
-104.021
-104.145
-127.496
-127.668
-161.74
-162.006
-219.457
-219.926
-316.306
-316.991
-398.609
-398.693
-300.443
-299.116
-8.00013
-5.95433
285.576
286.886
383.815
383.772
304.814
304.154
213.974
213.532
158.608
158.347
124.394
124.222
100.657
100.532
82.692
82.5937
68.4142
68.3358
57.4326
57.3753
49.4122
49.3688
42.9331
42.896
37.2823
37.2495
32.2415
32.2119
27.7017
27.6752
23.6732
23.6504
20.4151
20.3976
17.8781
17.8637
15.6907
15.6779
13.7128
13.7011
11.9084
11.8977
10.2587
10.249
8.79471
8.78649
7.619
7.61261
6.67172
6.66628
5.83172
5.82677
5.0619
5.05732
4.35088
4.34665
3.69432
3.69044
3.04178
3.03323
2.04492
2.04056
1.49023
1.48755
1.13369
1.13186
0.880004
0.87873
0.691164
-2.06868
-2.34467
-2.36419
-2.66971
-2.69189
-3.05777
-3.08577
-3.54866
-3.58267
-4.11483
-4.15262
-4.73488
-4.776
-5.4108
-5.45579
-6.15206
-6.20171
-6.98615
-7.04389
-8.01609
-8.09102
-9.31727
-9.40666
-10.8008
-10.8995
-12.4265
-12.5344
-14.2065
-14.3249
-16.172
-16.3043
-18.4264
-18.5853
-21.293
-21.5014
-24.882
-25.1272
-28.9458
-29.2176
-33.4368
-33.7373
-38.4288
-38.765
-44.0768
-44.4644
-50.8688
-51.3663
-59.984
-60.6541
-71.6904
-72.5104
-85.8525
-86.8515
-103.448
-104.723
-126.705
-128.463
-160.522
-163.25
-217.308
-222.109
-313.106
-320.129
-398.134
-398.941
-306.46
-292.86
-17.4517
3.51764
279.179
292.831
383.981
383.42
307.876
301.131
216.034
211.505
159.829
157.149
125.196
123.43
101.24
99.9539
83.1481
82.1409
68.7784
67.9748
57.6991
57.1118
49.6147
49.1685
43.1053
42.7225
37.4346
37.0978
32.3783
32.0756
27.8249
27.5525
23.7793
23.545
20.4962
20.317
17.9445
17.7976
15.7499
15.6187
13.7668
13.6472
11.9578
11.8484
10.3037
10.2043
8.83286
8.74865
7.6487
7.58321
6.69706
6.64115
5.85465
5.80391
5.08305
5.03622
4.37045
4.3271
3.71227
3.67256
3.08192
2.99342
2.0654
2.02068
1.50277
1.47522
1.14221
1.12336
0.885918
0.87285
0.696053
-2.09708
-2.13942
-2.18218
-2.22565
-2.26958
-2.3141
-2.39526
-2.44156
-2.4886
-2.53658
-2.58543
-2.63528
-2.72739
-2.78098
-2.83621
-2.89365
-2.95295
-3.01444
-3.13095
-3.19947
-3.27024
-3.34331
-3.41853
-3.49549
-3.63688
-3.71803
-3.80067
-3.88447
-3.96945
-4.05567
-4.21255
-4.30176
-4.3922
-4.48374
-4.5767
-4.67042
-4.84133
-4.93852
-5.03702
-5.13696
-5.23813
-5.34057
-5.52715
-5.63342
-5.74137
-5.85087
-5.96174
-6.07441
-6.28072
-6.39873
-6.51905
-6.6421
-6.76754
-6.89638
-7.13706
-7.27783
-7.42408
-7.57671
-7.73513
-7.9002
-8.21156
-8.39442
-8.58283
-8.77642
-8.97527
-9.17753
-9.54931
-9.76208
-9.97828
-10.1979
-10.4205
-10.6461
-11.0564
-11.2902
-11.5275
-11.7678
-12.011
-12.2574
-12.706
-12.9619
-13.2212
-13.4844
-13.7507
-14.0212
-14.5138
-14.7953
-15.0803
-15.3702
-15.6653
-15.9653
-16.5152
-16.8317
-17.1555
-17.4868
-17.8274
-18.1801
-18.8412
-19.2328
-19.6402
-20.0657
-20.5091
-20.9704
-21.836
-22.344
-22.8649
-23.399
-23.9427
-24.4981
-25.517
-26.0995
-26.6921
-27.2935
-27.9031
-28.5212
-29.6489
-30.2943
-30.9472
-31.6106
-32.2841
-32.9674
-34.2154
-34.9298
-35.6545
-36.3923
-37.142
-37.9032
-39.3001
-40.1009
-40.917
-41.7521
-42.6039
-43.4744
-45.0851
-46.0205
-46.9845
-47.9853
-49.026
-50.1081
-52.1716
-53.4028
-54.6955
-56.053
-57.4688
-58.9478
-61.7314
-63.3695
-65.0558
-66.7914
-68.5803
-70.4168
-73.8256
-75.8052
-77.8405
-79.9331
-82.0858
-84.3058
-88.456
-90.8801
-93.3916
-95.9912
-98.6861
-101.481
-106.778
-109.912
-113.196
-116.628
-120.231
-124.018
-131.311
-135.722
-140.416
-145.392
-150.717
-156.405
-167.744
-174.834
-182.48
-190.882
-200.012
-209.995
-230.082
-242.742
-256.352
-270.728
-286.107
-302.083
-331.218
-347.614
-362.843
-376.078
-387.443
-395.18
-398.596
-394.058
-385.019
-370.812
-351.35
-326.007
-269.538
-231.566
-190.139
-145.454
-98.4979
-50.4406
36.5897
84.5889
131.455
175.982
217.658
255.63
312.181
336.732
356.23
370.365
379.396
383.693
380.511
372.807
362.025
348.821
334.099
318.658
290.807
275.683
261.311
247.884
235.198
223.476
204.675
195.257
186.567
178.553
171.164
164.247
153.066
147.407
142.139
137.191
132.496
128.066
120.725
116.907
113.276
109.806
106.493
103.317
97.964
95.1268
92.3977
89.7704
87.2205
84.7654
80.581
78.3414
76.1734
74.0729
72.0396
70.0735
66.7341
64.9645
63.2735
61.6565
60.1148
58.652
56.2084
54.9291
53.7108
52.5442
51.4196
50.3338
48.4764
47.477
46.5021
45.5502
44.6215
43.7115
42.1271
41.2662
40.4206
39.5898
38.773
37.9707
36.571
35.8054
35.0518
34.3097
33.5802
32.8612
31.6023
30.9127
30.234
29.5653
28.9066
28.2582
27.1265
26.5079
25.9003
25.3029
24.7212
24.155
23.1818
22.6639
22.1647
21.6848
21.2256
20.7854
20.0396
19.646
19.2642
18.8929
18.531
18.1785
17.5678
17.235
16.9087
16.5873
16.2708
15.959
15.4129
15.1139
14.8186
14.5274
14.2401
13.9569
13.4601
13.1876
12.9182
12.6525
12.3904
12.1315
11.677
11.4273
11.1807
10.9377
10.6982
10.462
10.0489
9.82318
9.6016
9.38494
9.17405
8.96878
8.61825
8.43159
8.25223
8.07961
7.91353
7.75401
7.48191
7.33604
7.19389
7.05476
6.9191
6.7861
6.55381
6.42662
6.30128
6.1776
6.05555
5.93545
5.72414
5.60814
5.49351
5.3801
5.26822
5.15753
4.96283
4.85563
4.74979
4.645
4.54144
4.43924
4.2591
4.15991
4.06197
3.96513
3.86961
3.77543
3.61043
3.52056
3.43245
3.34606
3.26257
3.18216
2.86356
2.68835
2.53023
2.38719
2.25789
2.13957
1.95315
1.85933
1.7726
1.69296
1.61787
1.54797
1.43351
1.3759
1.32105
1.26863
1.21915
1.17253
1.09417
1.05289
1.01364
0.9764
0.941075
0.90759
0.852513
0.823191
0.794624
0.766784
0.739728
0.713426
