-2.35424
-2.66861
-3.04169
-3.51563
-4.06332
-4.66044
-5.30871
-6.01674
-6.80115
-7.7398
-8.94773
-10.3518
-11.8886
-13.5624
-15.3978
-17.4403
-19.9033
-23.1098
-26.863
-31.0033
-35.5656
-40.6352
-46.4093
-53.5839
-63.3038
-75.2664
-89.5446
-107.252
-130.553
-164.153
-219.871
-312.495
-384.694
-283.137
-6.87877
270.494
369.945
298.489
213.815
160.736
127.258
103.777
85.8727
71.4588
59.9713
51.6047
45.0191
39.3126
34.2186
29.6187
25.4602
21.8871
19.1348
16.8736
14.8479
12.9987
11.3018
9.75002
8.40127
7.34554
6.4634
5.66494
4.93009
4.24711
3.61385
2.90219
2.00028
1.47499
1.13172
0.884465
-2.35519
-2.66756
-2.66965
-3.04035
-3.04303
-3.51402
-3.51723
-4.06149
-4.06515
-4.65845
-4.66242
-5.30656
-5.31087
-6.01439
-6.0191
-6.79848
-6.80383
-7.73641
-7.7432
-8.9436
-8.95185
-10.3471
-10.3565
-11.8835
-11.8937
-13.5568
-13.568
-15.3916
-15.4039
-17.4334
-17.4473
-19.8943
-19.9123
-23.0988
-23.1207
-26.8504
-26.8756
-30.9895
-31.0172
-35.5503
-35.5809
-40.6181
-40.6522
-46.3894
-46.4293
-53.5571
-53.6107
-63.2695
-63.3381
-75.225
-75.3079
-89.4945
-89.5948
-107.188
-107.315
-130.466
-130.64
-164.019
-164.286
-219.636
-220.106
-312.093
-312.898
-384.697
-384.689
-283.803
-282.469
-7.82506
-5.89394
269.821
271.164
369.94
369.948
298.802
298.176
214.024
213.609
160.867
160.605
127.346
127.17
103.84
103.714
85.9235
85.822
71.5003
71.4174
60.0028
59.9399
51.6277
51.5817
45.0384
44.9998
39.3297
39.2955
34.2339
34.2033
29.6326
29.6047
25.4727
25.4477
21.8972
21.8771
19.1425
19.1271
16.8803
16.8668
14.8541
14.8418
13.0044
12.9931
11.307
11.2966
9.75472
9.74532
8.40511
8.39744
7.34854
7.34255
6.46597
6.46078
5.66738
5.6625
4.93239
4.92779
4.2492
4.24502
3.61579
3.61191
2.90588
2.8985
2.00239
1.99818
1.47632
1.47367
1.13263
1.13081
0.885109
-2.36391
-2.65784
-2.67956
-3.02799
-3.05552
-3.49917
-3.53283
-4.04461
-4.08209
-4.64013
-4.68065
-5.28683
-5.33086
-5.99264
-6.04094
-6.77388
-6.82871
-7.70519
-7.77479
-8.90539
-8.99141
-10.3038
-10.4001
-11.8363
-11.9409
-13.5063
-13.6197
-15.3352
-15.4606
-17.3693
-17.5123
-19.8112
-19.9962
-22.9966
-23.2248
-26.734
-26.9924
-30.8617
-31.1456
-35.4092
-35.7225
-40.4606
-40.8106
-46.2054
-46.6155
-53.3108
-53.86
-62.9503
-63.6589
-74.8428
-75.6925
-89.0327
-90.0601
-106.594
-107.907
-129.666
-131.449
-162.794
-165.527
-217.484
-222.299
-308.954
-316.617
-384.626
-384.542
-289.843
-276.169
-16.7731
3.20466
263.498
277.263
369.8
369.74
301.693
295.275
216.05
211.73
162.087
159.402
128.162
126.363
104.428
103.122
86.3947
85.3543
71.8851
71.0356
60.2962
59.6506
51.8411
51.3643
45.2176
44.8216
39.4883
39.1379
34.3773
34.0617
29.7623
29.4756
25.5886
25.3325
21.9909
21.7844
19.2142
19.0539
16.9432
16.8044
14.9111
14.7851
13.0569
12.941
11.3551
11.2487
9.79833
9.70191
8.44056
8.36215
7.37633
7.315
6.49003
6.43612
5.69001
5.63996
4.95323
4.90666
4.26857
4.2257
3.63376
3.594
2.94038
2.86452
2.02201
1.97889
1.4887
1.46151
1.14113
1.12239
0.891246
-2.39407
-2.43865
-2.48399
-2.53017
-2.57687
-2.62459
-2.71382
-2.76458
-2.81732
-2.87168
-2.92777
-2.98617
-3.09835
-3.16394
-3.23163
-3.30159
-3.37378
-3.44755
-3.58576
-3.66377
-3.74309
-3.82351
-3.90509
-3.98768
-4.13976
-4.22568
-4.31197
-4.39976
-4.48819
-4.5781
-4.74315
-4.83595
-4.93006
-5.0255
-5.12173
-5.22014
-5.39963
-5.50131
-5.60337
-5.70793
-5.81245
-5.91836
-6.11639
-6.2277
-6.34061
-6.45494
-6.57253
-6.69105
-6.9144
-7.04192
-7.17276
-7.31121
-7.45175
-7.59978
-7.88366
-8.05013
-8.2225
-8.40029
-8.58521
-8.77333
-9.12703
-9.32653
-9.53025
-9.73632
-9.94562
-10.1576
-10.5484
-10.7689
-10.991
-11.2167
-11.4447
-11.6764
-12.1017
-12.3406
-12.584
-12.8308
-13.0793
-13.3334
-13.7976
-14.0607
-14.324
-14.5963
-14.8677
-15.1426
-15.6565
-15.9458
-16.2399
-16.5375
-16.8436
-17.1533
-17.7366
-18.07
-18.4138
-18.7768
-19.1464
-19.536
-20.2845
-20.725
-21.1815
-21.6539
-22.1437
-22.645
-23.5872
-24.1201
-24.6642
-25.2145
-25.7746
-26.3425
-27.3912
-27.9839
-28.5817
-29.1888
-29.8044
-30.4298
-31.5811
-32.2289
-32.8905
-33.5618
-34.2394
-34.9324
-36.2089
-36.9256
-37.6584
-38.4077
-39.1596
-39.9248
-41.3573
-42.1694
-42.9965
-43.837
-44.7062
-45.5878
-47.2587
-48.2215
-49.2195
-50.273
-51.3563
-52.5022
-54.7234
-56.0401
-57.413
-58.8404
-60.3336
-61.8682
-64.7829
-66.4485
-68.163
-69.9156
-71.7153
-73.5577
-77.0175
-78.9971
-81.0317
-83.1201
-85.2704
-87.4798
-91.67
-94.0868
-96.5841
-99.1688
-101.851
-104.625
-109.961
-113.062
-116.322
-119.692
-123.257
-126.999
-134.265
-138.577
-143.154
-148.035
-153.2
-158.75
-169.889
-176.723
-184.118
-192.136
-200.952
-210.556
-230.168
-242.239
-255.328
-269.133
-283.556
-298.723
-326.585
-341.325
-354.465
-366.871
-375.967
-381.82
-383.326
-376.682
-367.356
-353.11
-333.609
-309.844
-254.951
-219.359
-178.977
-136.586
-92.8753
-47.7424
34.0793
78.6145
123.15
163.741
203.971
240.4
296.423
319.39
338.506
353.706
362.631
368.026
367.14
361.239
351.66
339.101
326.497
311.956
286.62
271.893
258.689
246.033
234.25
223.19
204.991
196.088
187.833
180.082
172.966
166.343
155.419
149.972
144.792
139.941
135.348
131.03
123.708
119.961
116.362
112.934
109.656
106.506
101.132
98.3155
95.6116
92.9953
90.468
88.0243
83.7815
81.5423
79.3691
77.256
75.2077
73.2156
69.7572
67.9367
66.179
64.4843
62.8656
61.3164
58.6951
57.3544
56.0688
54.8581
53.6983
52.5802
50.6604
49.642
48.6582
47.6971
46.7563
45.8387
44.2198
43.3499
42.4962
41.6614
40.8406
40.0223
38.5985
37.825
37.069
36.3241
35.5882
34.8668
33.5808
32.8839
32.199
31.5293
30.8617
30.2081
29.0388
28.4119
27.7923
27.1805
26.5803
25.9887
24.9439
24.3853
23.8429
23.3178
22.8044
22.3128
21.4741
21.0366
20.6155
20.2188
19.8345
19.4618
18.8157
18.4703
18.1342
17.8035
17.4787
17.1597
16.5934
16.2876
15.9833
15.6879
15.3954
15.1028
14.5909
14.3116
14.0376
13.767
13.499
13.2359
12.7644
12.5085
12.2562
12.0095
11.7624
11.5205
11.0864
10.8532
10.6223
10.394
10.1694
9.94879
9.55609
9.34612
9.14172
8.94357
8.74918
8.56309
8.2441
8.07695
7.91763
7.76459
7.61565
7.47264
7.22116
7.0873
6.9564
6.82683
6.69972
6.57513
6.3525
6.2328
6.1144
5.99776
5.88225
5.76661
5.56398
5.45362
5.34447
5.2365
5.13012
5.02449
4.83606
4.73394
4.63299
4.53259
4.43379
4.33579
4.15969
4.06543
3.97088
3.87794
3.78595
3.69516
3.53327
3.4449
3.35702
3.26788
3.17399
3.05612
2.75043
2.59457
2.45167
2.32111
2.20163
2.09189
1.91504
1.82706
1.74549
1.67011
1.59892
1.53222
1.42133
1.3658
1.31292
1.26267
1.21518
1.17065
1.0942
1.05416
1.01608
0.97986
0.94547
0.912703
