-2.56109
-2.76377
-2.99622
-3.27567
-3.59224
-3.93129
-4.28651
-4.66
-5.05352
-5.46472
-5.89918
-6.35845
-6.84804
-7.39893
-8.0607
-8.84097
-9.69207
-10.591
-11.5346
-12.5306
-13.5752
-14.6794
-15.8472
-17.0862
-18.4523
-20.0818
-22.0491
-24.2607
-26.628
-29.1137
-31.7589
-34.5545
-37.5282
-40.7048
-44.1214
-47.8914
-52.3357
-57.8915
-64.4764
-71.8621
-80.0268
-89.1899
-99.6397
-111.857
-126.465
-144.615
-168.428
-202.059
-252.706
-323.048
-401.46
-431.891
-375.486
-218.375
-6.86599
204.458
357.842
417.332
385.797
309.622
244.727
197.968
165.419
141.81
123.371
108.521
96.1418
85.5181
76.1976
67.9602
60.8655
55.1709
50.5679
46.5417
42.8399
39.4157
36.2239
33.2132
30.3842
27.7139
25.191
22.877
20.9089
19.2928
17.8704
16.5562
15.3103
14.1342
13.0154
11.9541
10.9437
9.98203
9.08132
8.28329
7.62005
7.04905
6.52251
6.02477
5.55065
5.09822
4.66429
4.24986
3.85229
3.47341
3.1104
2.42036
1.94921
1.61234
1.35716
1.15614
-2.56209
-2.76267
-2.76487
-2.99487
-2.99757
-3.27413
-3.27722
-3.59053
-3.59395
-3.92949
-3.93309
-4.28463
-4.28839
-4.65802
-4.66199
-5.05144
-5.0556
-5.46254
-5.46689
-5.8969
-5.90146
-6.356
-6.36091
-6.84541
-6.85067
-7.39589
-7.40198
-8.05693
-8.06447
-8.83673
-8.84522
-9.6875
-9.69665
-10.5862
-10.5957
-11.5296
-11.5396
-12.5253
-12.5359
-13.5697
-13.5807
-14.6735
-14.6853
-15.841
-15.8534
-17.0794
-17.093
-18.4447
-18.46
-20.0724
-20.0912
-22.0382
-22.0601
-24.249
-24.2725
-26.6154
-26.6406
-29.1004
-29.127
-31.7447
-31.7731
-34.5396
-34.5693
-37.5124
-37.5441
-40.6878
-40.7218
-44.1033
-44.1396
-47.8705
-47.9123
-52.3099
-52.3615
-57.8592
-57.9238
-64.4401
-64.5128
-71.822
-71.9023
-79.9821
-80.0715
-89.1394
-89.2404
-99.5817
-99.6977
-111.788
-111.926
-126.38
-126.55
-144.51
-144.721
-168.283
-168.574
-201.851
-202.268
-252.388
-253.024
-322.633
-323.464
-401.114
-401.804
-431.924
-431.855
-376.076
-374.893
-219.409
-217.34
-8.00499
-5.72693
203.464
205.45
357.353
358.33
417.252
417.41
386.128
385.463
310.011
309.233
245.008
244.446
198.163
197.774
165.562
165.276
141.917
141.703
123.455
123.287
108.59
108.452
96.2009
96.0828
85.5691
85.4671
76.2429
76.1524
67.9999
67.9205
60.8988
60.8319
55.1963
55.1455
50.59
50.5458
46.5617
46.5218
42.8583
42.8215
39.4327
39.3986
36.24
36.2079
33.2282
33.1981
30.3985
30.37
27.7273
27.7005
25.2035
25.1785
22.8881
22.8659
20.9183
20.8995
19.3005
19.2852
17.8774
17.8634
16.5629
16.5495
15.3166
15.304
14.1401
14.1283
13.021
13.0097
11.9594
11.9487
10.9488
10.9386
9.98689
9.97718
9.08581
9.07683
8.28706
8.27952
7.62319
7.6169
7.05187
7.04623
6.52521
6.51982
6.02731
6.02223
5.55305
5.54826
5.10051
5.09592
4.66649
4.66209
4.25196
4.24777
3.85429
3.85029
3.47532
3.47149
3.11232
3.10848
2.42328
2.41744
1.95124
1.94719
1.61385
1.61084
1.35831
1.35601
1.15707
-2.56967
-2.75447
-2.77313
-2.98511
-3.00747
-3.26259
-3.28886
-3.5777
-3.60676
-3.91603
-3.9466
-4.27056
-4.30247
-4.64314
-4.67689
-5.03584
-5.07118
-5.44624
-5.48327
-5.87983
-5.91858
-6.33771
-6.37935
-6.82572
-6.87048
-7.37299
-7.4249
-8.02873
-8.0928
-8.80507
-8.8771
-9.65326
-9.73103
-10.5506
-10.6314
-11.4922
-11.577
-12.4855
-12.5758
-13.5285
-13.6222
-14.6294
-14.7296
-15.7942
-15.9
-17.0284
-17.1443
-18.3876
-18.5175
-20.0025
-20.1619
-21.957
-22.143
-24.1613
-24.3606
-26.521
-26.7345
-29.0007
-29.227
-31.6384
-31.8792
-34.4288
-34.6806
-37.3934
-37.6634
-40.5601
-40.8494
-43.9674
-44.2763
-47.7138
-48.0674
-52.1178
-52.5563
-57.6177
-58.1633
-64.168
-64.7864
-71.5219
-72.2044
-79.6481
-80.4074
-88.7621
-89.6167
-99.1479
-100.135
-111.275
-112.442
-125.757
-127.19
-143.727
-145.514
-167.202
-169.696
-200.309
-203.848
-250.01
-255.405
-319.518
-326.582
-398.493
-404.353
-432.069
-431.486
-380.413
-370.466
-227.05
-209.542
-16.5456
2.81795
195.891
212.819
353.609
361.918
416.563
417.448
388.532
382.884
312.923
306.301
247.125
242.35
199.639
196.358
166.643
164.213
142.72
140.893
124.092
122.659
109.113
107.934
96.6498
95.6417
85.9531
85.0854
76.5831
75.8126
68.2989
67.6234
61.1488
60.5824
55.3889
54.9559
50.7561
50.3817
46.7113
46.3728
42.9969
42.6844
39.5612
39.2708
36.3605
36.0876
33.3415
33.0854
30.5057
30.2633
27.8278
27.5997
25.2977
25.0849
22.9726
22.7832
20.9889
20.8296
19.3577
19.2281
17.9298
17.811
16.6132
16.4998
15.3635
15.2572
14.1847
14.0839
13.0633
12.9677
11.9995
11.9087
10.987
10.9005
10.0234
9.94079
9.11956
9.04338
8.31553
8.25138
7.6469
7.59342
7.07308
7.02512
6.54544
6.49975
6.04628
6.00322
5.57104
5.53031
5.11764
5.07871
4.68301
4.64563
4.26768
4.23203
3.86932
3.83528
3.48971
3.45723
3.12672
3.08195
2.4455
2.39573
1.96653
1.93213
1.62518
1.59962
1.36698
1.34742
1.16407
-2.59038
-2.61787
-2.64582
-2.67426
-2.7029
-2.7323
-2.79598
-2.82713
-2.85896
-2.89185
-2.92496
-2.95921
-3.03469
-3.07217
-3.11039
-3.14924
-3.1894
-3.23108
-3.32078
-3.36403
-3.40841
-3.4528
-3.49763
-3.54304
-3.64168
-3.68811
-3.73528
-3.78297
-3.83138
-3.87967
-3.98347
-4.03299
-4.08206
-4.13204
-4.18218
-4.2326
-4.34079
-4.39259
-4.44479
-4.49747
-4.5501
-4.60303
-4.71755
-4.77245
-4.82697
-4.8823
-4.93804
-4.9937
-5.11341
-5.17021
-5.22764
-5.28564
-5.34358
-5.40213
-5.52802
-5.58836
-5.64898
-5.71026
-5.77195
-5.83356
-5.96583
-6.02951
-6.09328
-6.15838
-6.22342
-6.28855
-6.42944
-6.49581
-6.56305
-6.63141
-6.70217
-6.77252
-6.9252
-6.99939
-7.07372
-7.15032
-7.22935
-7.31032
-7.48861
-7.57558
-7.66554
-7.7587
-7.85687
-7.95404
-8.17106
-8.27926
-8.38721
-8.49632
-8.60733
-8.72013
-8.96403
-9.08176
-9.20079
-9.32043
-9.43967
-9.56146
-9.82409
-9.94834
-10.0737
-10.2006
-10.3274
-10.4543
-10.7282
-10.8581
-10.9891
-11.1216
-11.2555
-11.3904
-11.679
-11.8165
-11.9551
-12.0957
-12.237
-12.378
-12.6833
-12.8278
-12.9735
-13.1195
-13.2671
-13.416
-13.7353
-13.8873
-14.0404
-14.1959
-14.3526
-14.5101
-14.8492
-15.0095
-15.17
-15.335
-15.5004
-15.667
-16.0268
-16.1967
-16.3693
-16.5433
-16.7174
-16.8935
-17.2822
-17.4668
-17.6529
-17.8457
-18.0397
-18.2361
-18.675
-18.8927
-19.1129
-19.3414
-19.5778
-19.8176
-20.3545
-20.6142
-20.8846
-21.1659
-21.4513
-21.7384
-22.3698
-22.6722
-22.9776
-23.2876
-23.6041
-23.9222
-24.6031
-24.9295
-25.2616
-25.5945
-25.9283
-26.2656
-26.9881
-27.3321
-27.679
-28.028
-28.3791
-28.7331
-29.4988
-29.8647
-30.2312
-30.6003
-30.974
-31.3516
-32.1654
-32.5522
-32.9443
-33.3361
-33.732
-34.1298
-34.9841
-35.3945
-35.808
-36.2255
-36.6456
-37.0719
-37.9881
-38.4267
-38.8709
-39.315
-39.762
-40.2141
-41.197
-41.6696
-42.1459
-42.624
-43.1063
-43.5988
-44.651
-45.1578
-45.6853
-46.2136
-46.7489
-47.2941
-48.492
-49.0752
-49.6808
-50.303
-50.9507
-51.6081
-53.0895
-53.8147
-54.5748
-55.3474
-56.1457
-56.9705
-58.8182
-59.7063
-60.6136
-61.5427
-62.479
-63.438
-65.5322
-66.5403
-67.5543
-68.5913
-69.6446
-70.7137
-73.024
-74.1388
-75.2689
-76.4106
-77.5741
-78.7535
-81.3282
-82.5673
-83.8323
-85.118
-86.4185
-87.7489
-90.6539
-92.0635
-93.5025
-94.9696
-96.4607
-97.9834
-101.335
-102.968
-104.641
-106.359
-108.125
-109.903
-113.873
-115.81
-117.787
-119.829
-121.934
-124.102
-128.951
-131.333
-133.769
-136.305
-138.882
-141.615
-147.722
-150.806
-153.97
-157.315
-160.783
-164.342
-172.723
-176.912
-181.399
-186.065
-191.065
-196.271
-208.341
-214.543
-221.294
-228.378
-235.811
-243.738
-261.981
-271.127
-280.588
-291.048
-301.313
-311.485
-335.154
-347.113
-358.064
-368.89
-380.205
-391.092
-409.629
-416.704
-422.727
-427.066
-429.494
-431.46
-429.665
-426.195
-421.33
-413.918
-404.05
-391.004
-358.552
-340.678
-320.634
-297.729
-272.576
-246.827
-188.101
-159.362
-130.017
-100.06
-69.8653
-39.6745
25.7231
56.2438
87.1698
117.01
146.427
175.138
232.176
257.522
282.138
304.872
323.721
341.912
371.827
383.849
394.23
402.206
408.565
413.899
415.921
414.377
411.696
407.884
401.049
394.345
375.543
364.98
353.146
342.826
331.753
320.798
298.565
288.799
279.437
270.135
261.242
252.907
236.558
229.075
222.292
215.747
209.623
203.775
192.526
187.426
182.587
177.982
173.719
169.641
161.412
157.936
154.477
151.234
148.049
144.927
138.751
135.998
133.336
130.766
128.279
125.857
120.963
118.755
116.608
114.523
112.503
110.551
106.548
104.722
102.937
101.211
99.5159
97.8583
94.4576
92.913
91.3884
89.8986
88.4428
87.0052
84.053
82.6985
81.3733
80.0633
78.7759
77.5128
74.9003
73.7
72.5217
71.373
70.2369
69.1218
66.8262
65.7751
64.7543
63.7523
62.7798
61.8411
59.9215
59.0641
58.2385
57.46
56.6815
55.9331
54.4448
53.7625
53.0996
52.4574
51.8304
51.2095
49.9436
49.3611
48.7837
48.2134
47.6596
47.1139
45.9709
45.4408
44.9204
44.4005
43.8841
43.3753
42.3146
41.8245
41.3374
40.859
40.3833
39.9121
38.9265
38.4687
38.0177
37.5711
37.1254
36.6877
35.7636
35.3335
34.9045
34.4818
34.0649
33.6512
32.7805
32.3781
31.9777
31.579
31.1851
30.796
29.9753
29.5923
29.216
28.8402
28.4682
28.1014
27.3273
26.9676
26.6098
26.2528
25.8989
25.5528
24.832
24.495
24.1667
23.8393
23.5164
23.2028
22.5621
22.2692
21.9852
21.7053
21.4361
21.1765
20.6443
20.4065
20.1791
19.9544
19.7322
19.5148
19.0711
18.8654
18.6632
18.4661
18.2707
18.0749
17.6691
17.4835
17.2977
17.1125
16.9301
16.7498
16.366
16.1883
16.0115
15.8357
15.6618
15.4904
15.1308
14.9628
14.7961
14.6309
14.467
14.3057
13.9642
13.8059
13.6477
13.4906
13.3344
13.1789
12.854
12.7025
12.5523
12.4028
12.2559
12.109
11.8007
11.6577
11.5145
11.3715
11.2302
11.0912
10.7983
10.6618
10.5256
10.39
10.2564
10.1229
9.84277
9.71543
9.58735
9.45996
9.33453
9.21189
8.95379
8.83711
8.72285
8.61154
8.50204
8.39437
8.17629
8.07974
7.98407
7.89171
7.8006
7.71199
7.53039
7.44773
7.36638
7.28594
7.20754
7.1301
6.96823
6.89331
6.8193
6.74571
6.67289
6.60038
6.44658
6.37606
6.30661
6.23649
6.16713
6.098
5.95193
5.88468
5.81768
5.75101
5.68484
5.61979
5.48193
5.41783
5.35372
5.2902
5.22708
5.16424
5.03221
4.97027
4.9091
4.84852
4.78802
4.72792
4.6014
4.5429
4.48435
4.42595
4.36804
4.31055
4.18898
4.1322
4.07605
4.02075
3.96557
3.91047
3.79464
3.7403
3.68663
3.63343
3.58088
3.52875
3.41901
3.36829
3.31713
3.26694
3.21571
3.16445
2.99975
2.89152
2.78767
2.68885
2.5957
2.50781
2.33838
2.26544
2.19634
2.13065
2.06832
2.00898
1.8921
1.84064
1.79139
1.74428
1.69952
1.65642
1.56967
1.53131
1.49409
1.45808
1.42366
1.39074
1.3243
1.29415
1.26494
1.2366
1.20949
1.1833
