-1.85019
-2.11145
-2.39811
-2.72033
-3.09846
-3.54985
-4.06857
-4.64337
-5.27365
-5.96834
-6.75007
-7.66661
-8.77282
-10.0662
-11.5138
-13.1087
-14.87
-16.85
-19.164
-21.9773
-25.3288
-29.1398
-33.3872
-38.1385
-43.5573
-50.0055
-58.086
-68.2586
-80.6958
-95.9512
-115.404
-141.812
-180.41
-238.576
-309.889
-335.877
-231.721
-6.96606
217.796
322.751
298.804
231.062
175.629
138.006
111.809
92.3338
77.1156
65.0209
55.5952
48.1974
42.0672
36.7464
32.0199
27.7961
24.0863
20.973
18.4141
16.2301
14.2892
12.5321
10.9359
9.50677
8.27881
7.25677
6.38185
5.60095
4.88877
4.23587
3.64635
2.9568
2.04848
1.51651
1.1643
0.91321
0.726923
-1.85101
-2.11055
-2.11235
-2.39711
-2.3991
-2.71919
-2.72147
-3.09711
-3.09982
-3.54825
-3.55145
-4.06677
-4.07037
-4.64139
-4.64534
-5.27148
-5.27582
-5.96594
-5.97075
-6.7473
-6.75282
-7.66331
-7.66991
-8.76887
-8.77678
-10.0617
-10.0707
-11.5088
-11.5188
-13.1032
-13.1142
-14.8639
-14.8761
-16.8431
-16.857
-19.1557
-19.1723
-21.9672
-21.9875
-25.317
-25.3406
-29.1265
-29.153
-33.3725
-33.4019
-38.122
-38.1551
-43.5381
-43.5765
-49.9821
-50.029
-58.0561
-58.1158
-68.2216
-68.2956
-80.6508
-80.7408
-95.8952
-96.0073
-115.331
-115.477
-141.709
-141.915
-180.255
-180.565
-238.35
-238.802
-309.676
-310.102
-335.968
-335.784
-232.302
-231.137
-7.78402
-6.14815
217.207
218.385
322.651
322.858
299.007
298.601
231.275
230.848
175.779
175.479
138.108
137.905
111.882
111.736
92.3899
92.2778
77.1601
77.0712
65.056
64.9859
55.6223
55.568
48.2193
48.1755
42.0859
42.0486
36.7628
36.73
32.0346
32.0052
27.8091
27.783
24.0976
24.0751
20.9822
20.9637
18.4218
18.4064
16.2368
16.2234
14.2952
14.2831
12.5376
12.5266
10.9409
10.9309
9.51115
9.50239
8.28249
8.27514
7.25985
7.25369
6.38454
6.37915
5.60339
5.59851
4.89101
4.88653
4.23792
4.23382
3.64816
3.64454
2.96086
2.95276
2.05069
2.04628
1.51793
1.5151
1.16523
1.16337
0.913911
0.912511
0.727478
-1.85841
-2.1025
-2.12042
-2.38822
-2.40803
-2.70899
-2.73173
-3.08492
-3.1121
-3.53388
-3.5659
-4.0506
-4.0866
-4.62363
-4.66316
-5.25201
-5.29537
-5.94435
-5.99246
-6.72253
-6.77767
-7.6337
-7.69974
-8.7334
-8.81245
-10.0211
-10.1114
-11.464
-11.5638
-13.0539
-13.1638
-14.8091
-14.9311
-16.7806
-16.9197
-19.0811
-19.2476
-21.8761
-22.0792
-25.2111
-25.4471
-29.0078
-29.2722
-33.2403
-33.5346
-37.9732
-38.3045
-43.3659
-43.7498
-49.7718
-50.241
-57.7884
-58.3859
-67.8898
-68.6298
-80.2472
-81.1474
-95.3932
-96.5138
-114.673
-116.141
-140.787
-142.847
-178.876
-181.975
-236.332
-240.843
-307.736
-312.002
-336.721
-334.887
-237.478
-225.78
-15.1484
1.17379
211.94
223.613
321.68
323.761
300.814
296.786
233.164
228.914
177.138
174.138
139.026
137
112.544
111.08
92.8965
91.7756
77.562
76.6725
65.3728
64.6718
55.8679
55.3244
48.4169
47.9791
42.254
41.8814
36.9108
36.5826
32.167
31.8733
27.927
27.6657
24.1991
23.9743
21.0655
20.881
18.4912
18.3374
16.2975
16.163
14.3498
14.2287
12.5872
12.4772
10.9858
10.8862
9.55072
9.46303
8.31567
8.2422
7.28762
7.22606
6.40887
6.35488
5.62541
5.57655
4.9112
4.8664
4.25639
4.21541
3.6645
3.62829
2.99772
2.91671
2.07076
2.0266
1.53071
1.50249
1.17371
1.15504
0.92025
0.906252
0.732485
-1.88374
-1.92108
-1.95889
-1.99721
-2.03603
-2.0753
-2.14806
-2.18888
-2.23024
-2.27224
-2.31485
-2.35817
-2.43865
-2.48403
-2.53025
-2.57742
-2.62553
-2.67467
-2.76699
-2.8195
-2.87343
-2.92876
-2.9856
-3.04402
-3.15434
-3.21726
-3.28192
-3.34824
-3.41604
-3.48546
-3.61546
-3.68894
-3.76377
-3.83999
-3.91738
-3.99601
-4.14211
-4.22405
-4.30719
-4.3916
-4.47698
-4.56359
-4.72408
-4.81403
-4.90514
-4.99762
-5.09128
-5.18621
-5.36224
-5.46102
-5.56132
-5.66321
-5.76649
-5.8714
-6.06683
-6.17692
-6.28915
-6.4036
-6.52023
-6.63937
-6.86308
-6.99024
-7.12069
-7.25504
-7.39284
-7.53445
-7.80247
-7.95593
-8.11384
-8.2763
-8.44291
-8.61394
-8.93522
-9.1177
-9.30397
-9.49402
-9.68748
-9.88432
-10.2508
-10.4569
-10.6661
-10.8786
-11.0941
-11.3126
-11.7178
-11.9452
-12.1756
-12.4097
-12.6466
-12.8871
-13.3332
-13.5835
-13.8376
-14.096
-14.3582
-14.6243
-15.1197
-15.3992
-15.6833
-15.9731
-16.2684
-16.5701
-17.1355
-17.4572
-17.7867
-18.1251
-18.4728
-18.8303
-19.5075
-19.8957
-20.2957
-20.7087
-21.133
-21.5699
-22.3944
-22.8643
-23.3455
-23.8382
-24.3409
-24.8538
-25.8118
-26.3521
-26.9019
-27.4616
-28.0294
-28.6069
-29.6797
-30.2832
-30.8965
-31.5191
-32.1518
-32.7943
-33.9892
-34.6621
-35.3458
-36.0418
-36.7498
-37.4713
-38.8165
-39.5768
-40.3529
-41.146
-41.9561
-42.7862
-44.346
-45.2359
-46.1505
-47.0928
-48.0631
-49.0643
-50.9735
-52.0762
-53.2154
-54.3984
-55.6232
-56.8934
-59.3165
-60.7166
-62.1604
-63.6511
-65.1905
-66.7769
-69.7799
-71.5004
-73.2706
-75.0925
-76.9669
-78.8944
-82.5461
-84.6396
-86.7987
-89.0315
-91.3355
-93.7142
-98.2594
-100.887
-103.621
-106.459
-109.409
-112.486
-118.437
-121.928
-125.586
-129.424
-133.468
-137.735
-146.096
-151.092
-156.39
-161.97
-167.964
-174.312
-186.902
-194.489
-202.496
-211.04
-220.11
-229.597
-247.914
-258.431
-269.139
-279.881
-290.608
-300.964
-318.139
-325.878
-332.125
-336.723
-338.874
-338.618
-330.945
-322.137
-310.178
-295.241
-276.416
-254.36
-206.806
-177.12
-144.862
-111.301
-76.1193
-40.1842
26.2981
62.2707
97.4145
131.225
163.131
193.191
240.405
262.252
281.028
296.264
308.623
317.538
325.871
326.31
324.261
320.073
314.216
306.729
290.345
280.611
270.44
260.133
249.9
239.848
222.504
213.527
204.978
196.838
189.152
181.866
169.706
163.567
157.763
152.282
147.113
142.223
133.984
129.776
125.775
121.954
118.316
114.838
108.893
105.813
102.857
100.015
97.2821
94.6457
90.0957
87.7142
85.4103
83.1848
81.0312
78.9489
75.3372
73.4402
71.606
69.8337
68.122
66.4691
63.6197
62.1322
60.6995
59.32
57.9946
56.7168
54.509
53.3536
52.2394
51.1591
50.1122
49.096
47.3206
46.3797
45.462
44.5647
43.6878
42.8306
41.3179
40.5086
39.7144
38.935
38.1698
37.4181
36.0852
35.3692
34.6646
33.9718
33.2904
32.62
31.4286
30.7879
30.1582
29.5382
28.9292
28.3306
27.2704
26.7029
26.1466
25.6013
25.0684
24.5483
23.6352
23.1521
22.6823
22.2251
21.7824
21.3525
20.6032
20.2076
19.8232
19.4489
19.0848
18.7298
18.105
17.7724
17.4463
17.1266
16.8131
16.5053
15.9591
15.6656
15.3768
15.0921
14.8122
14.5365
14.045
13.7801
13.5191
13.2612
13.0073
12.7568
12.3103
12.0693
11.8319
11.5976
11.367
11.1396
10.7352
10.5179
10.3042
10.0942
9.8884
9.68657
9.33055
9.14122
8.95636
8.77598
8.60056
8.42992
8.13157
7.97391
7.8202
7.67052
7.52493
7.38295
7.13302
6.99981
6.86927
6.74117
6.61562
6.49222
6.27304
6.15527
6.03923
5.92468
5.81189
5.70073
5.50235
5.39528
5.28955
5.18508
5.08199
4.98022
4.79834
4.7001
4.60314
4.50726
4.41276
4.31957
4.15328
4.06378
3.9757
3.88897
3.80402
3.72063
3.57363
3.49553
3.41969
3.34588
3.27445
3.12848
2.79951
2.64256
2.50005
2.36993
2.25088
2.14134
1.96204
1.87385
1.79168
1.71431
1.64211
1.57498
1.46123
1.40482
1.35021
1.29826
1.24935
1.20344
1.12628
1.08602
1.04771
1.01096
0.975828
0.942294
0.885593
0.857096
0.829261
0.80206
0.775547
0.749739
