-1.68871
-1.85891
-2.03831
-2.22711
-2.42711
-2.64121
-2.87883
-3.1583
-3.48644
-3.84807
-4.23333
-4.64062
-5.07119
-5.52807
-6.01203
-6.53114
-7.099
-7.76024
-8.55237
-9.45059
-10.4177
-11.4442
-12.5314
-13.6857
-14.9147
-16.2274
-17.6522
-19.2793
-21.2426
-23.5437
-26.0679
-28.7652
-31.6398
-34.7189
-38.0184
-41.5729
-45.468
-49.9052
-55.2925
-61.929
-69.6067
-78.2242
-87.9582
-99.1665
-112.382
-128.493
-148.902
-176.434
-216.163
-274.044
-343.211
-384.66
-344.591
-206.907
-6.87877
192.421
329.328
369.912
328.35
263.176
210.476
172.684
145.723
125.21
108.974
95.6094
84.2661
74.4306
65.8767
58.7506
53.0661
48.318
44.0998
40.2453
36.6772
33.3656
30.2671
27.3673
24.6742
22.273
20.2706
18.5885
17.0788
15.6755
14.3589
13.1233
11.9562
10.8527
9.81605
8.86757
8.04846
7.36353
6.75495
6.19111
5.66006
5.15805
4.6808
4.22622
3.79406
3.38365
2.83603
2.19196
1.75567
1.4412
1.20355
1.01443
0.862831
0.736595
0.627144
0.531232
-1.6895
-1.85808
-1.85973
-2.03744
-2.03915
-2.2262
-2.22803
-2.42614
-2.42808
-2.64016
-2.64227
-2.87763
-2.88004
-3.15685
-3.15974
-3.4848
-3.48808
-3.84631
-3.84984
-4.23147
-4.2352
-4.63864
-4.6426
-5.06911
-5.07328
-5.52586
-5.53029
-6.00968
-6.01439
-6.52858
-6.5337
-7.09613
-7.10186
-7.75682
-7.76366
-8.54833
-8.55642
-9.44615
-9.45502
-10.413
-10.4225
-11.4392
-11.4492
-12.5261
-12.5367
-13.68
-13.6913
-14.9087
-14.9207
-16.2209
-16.2338
-17.6451
-17.6594
-19.2709
-19.2877
-21.2325
-21.2527
-23.5323
-23.5552
-26.0556
-26.0802
-28.7521
-28.7783
-31.6259
-31.6538
-34.7039
-34.7339
-38.0023
-38.0345
-41.5555
-41.5904
-45.4493
-45.4872
-49.8825
-49.928
-55.264
-55.321
-61.895
-61.963
-69.5684
-69.6451
-78.1812
-78.2672
-87.9092
-88.0073
-99.1094
-99.2236
-112.314
-112.451
-128.409
-128.577
-148.793
-149.012
-176.28
-176.588
-215.935
-216.392
-273.73
-274.357
-342.906
-343.515
-384.646
-384.671
-345.668
-343.545
-207.817
-205.995
-7.82506
-5.89394
191.483
193.357
328.906
329.737
369.923
369.888
328.65
328.05
263.33
263.057
210.701
210.252
172.836
172.533
145.834
145.611
125.291
125.128
109.043
108.904
95.6664
95.5524
84.3158
84.2165
74.4738
74.3875
65.9143
65.8392
58.7814
58.7197
53.0905
53.0416
48.3394
48.2966
44.1191
44.0805
40.2627
40.2279
36.6934
36.6609
33.3807
33.3505
30.2812
30.2531
27.3805
27.3542
24.6863
24.6622
22.2835
22.2626
20.2792
20.262
18.5959
18.581
17.0857
17.072
15.6818
15.6691
14.3649
14.3528
13.129
13.1176
11.9616
11.9509
10.8578
10.8477
9.82079
9.81132
8.87178
8.86337
8.05198
8.04494
7.36654
7.36053
6.75771
6.75219
6.19369
6.18852
5.6625
5.65762
5.16036
5.15574
4.68299
4.6786
4.22831
4.22414
3.79604
3.79208
3.38556
3.38174
2.83972
2.83235
2.19443
2.18949
1.75739
1.75395
1.44247
1.43993
1.20453
1.20258
1.01523
1.01362
0.863462
0.8622
0.737154
0.736037
0.627622
0.626666
0.531633
-1.69551
-1.85171
-1.86613
-2.03071
-2.04563
-2.21913
-2.23512
-2.41862
-2.43563
-2.63199
-2.65047
-2.86832
-2.88933
-3.14571
-3.17098
-3.47209
-3.50078
-3.83265
-3.86355
-4.21702
-4.24971
-4.62334
-4.65796
-5.05295
-5.08948
-5.50871
-5.54751
-5.99147
-6.03267
-6.50877
-6.55359
-7.07404
-7.12413
-7.73048
-7.79027
-8.51705
-8.58786
-9.41184
-9.48949
-10.3765
-10.4591
-11.4007
-11.4878
-12.4853
-12.5776
-13.6365
-13.735
-14.8623
-14.9673
-16.1711
-16.2838
-17.59
-17.7148
-19.2059
-19.353
-21.154
-21.3314
-23.4439
-23.6439
-25.9602
-26.1759
-28.6507
-28.8801
-31.5179
-31.7621
-34.5879
-34.8502
-37.8777
-38.1597
-41.4184
-41.7262
-45.3057
-45.6369
-49.7071
-50.1052
-55.0441
-55.5432
-61.6323
-62.2273
-69.2671
-69.943
-77.8486
-78.6014
-87.5305
-88.3886
-98.6699
-99.6679
-111.793
-112.984
-127.764
-129.237
-147.949
-149.868
-175.097
-177.79
-214.246
-218.178
-271.323
-276.792
-340.504
-345.831
-384.32
-384.69
-349.117
-339.555
-214.868
-199.127
-15.3133
1.73057
184.168
199.533
325.528
332.831
369.942
369.331
330.608
325.694
265.601
261.103
212.334
208.529
173.995
171.396
146.664
144.701
125.929
124.471
109.578
108.364
96.1135
95.108
84.702
83.8327
74.8096
74.0538
66.2056
65.5506
59.0087
58.4836
53.2797
52.8531
48.5053
48.1297
44.268
43.9319
40.398
40.0839
36.8194
36.5354
33.498
33.2286
30.3903
30.1416
27.4829
27.251
24.7801
24.5679
22.3649
22.1819
20.346
20.1958
18.6539
18.5233
17.1388
17.0188
15.7315
15.6199
14.4117
14.3062
13.173
13.0738
12.003
11.9095
10.897
10.8086
9.85752
9.77474
8.9045
8.83089
8.07924
8.01777
7.38992
7.33732
6.77912
6.73086
6.21374
6.16852
5.68144
5.63875
5.17829
5.13785
4.70005
4.66161
4.24449
4.208
3.81141
3.77676
3.40035
3.36695
2.86818
2.80406
2.21375
2.17054
1.77084
1.74073
1.45242
1.43013
1.21213
1.19504
1.0215
1.00742
0.868362
0.857325
0.741496
0.731725
0.631338
0.622978
0.534747
-1.71267
-1.73655
-1.76055
-1.78497
-1.80927
-1.83365
-1.88464
-1.90967
-1.93448
-1.96024
-1.98581
-2.01165
-2.0652
-2.09155
-2.11768
-2.14485
-2.17186
-2.1991
-2.25557
-2.28351
-2.31167
-2.34005
-2.36837
-2.39733
-2.45722
-2.48686
-2.51691
-2.5473
-2.57789
-2.60891
-2.67371
-2.70621
-2.73917
-2.77265
-2.80714
-2.84219
-2.91618
-2.95385
-2.99227
-3.03239
-3.07306
-3.11432
-3.2024
-3.24795
-3.29368
-3.34054
-3.38807
-3.43619
-3.53715
-3.5876
-3.63831
-3.68975
-3.74165
-3.79402
-3.90277
-3.95645
-4.01056
-4.06524
-4.12042
-4.17614
-4.29075
-4.34768
-4.40541
-4.46303
-4.52115
-4.58006
-4.70134
-4.76123
-4.82173
-4.88327
-4.94473
-5.00716
-5.13631
-5.20022
-5.26455
-5.32827
-5.39382
-5.46024
-5.59558
-5.6645
-5.73271
-5.80083
-5.87036
-5.93965
-6.08496
-6.15765
-6.23024
-6.30384
-6.37821
-6.45279
-6.61052
-6.68768
-6.76646
-6.84703
-6.92896
-7.01193
-7.18642
-7.27762
-7.36831
-7.46104
-7.55707
-7.65571
-7.86562
-7.9735
-8.08376
-8.19571
-8.3111
-8.42879
-8.67682
-8.801
-8.92693
-9.05544
-9.18424
-9.31493
-9.58627
-9.72193
-9.85811
-9.99566
-10.134
-10.2731
-10.5623
-10.7067
-10.851
-10.9964
-11.1428
-11.2895
-11.5959
-11.7504
-11.9037
-12.0567
-12.2117
-12.369
-12.6946
-12.8565
-13.0188
-13.1844
-13.3494
-13.514
-13.8592
-14.0322
-14.2048
-14.3802
-14.5555
-14.7317
-15.1001
-15.2811
-15.4649
-15.6518
-15.8404
-16.0303
-16.4263
-16.6219
-16.8224
-17.0269
-17.2275
-17.4348
-17.8734
-18.0926
-18.3176
-18.5501
-18.7851
-19.0235
-19.5411
-19.8032
-20.0758
-20.3526
-20.64
-20.9352
-21.5578
-21.8736
-22.196
-22.522
-22.855
-23.1895
-23.898
-24.2484
-24.6046
-24.9593
-25.3236
-25.6899
-26.4489
-26.8233
-27.2043
-27.5879
-27.9742
-28.3599
-29.1718
-29.5737
-29.9772
-30.3859
-30.798
-31.213
-32.0721
-32.5025
-32.9337
-33.3695
-33.8119
-34.2554
-35.183
-35.6402
-36.1031
-36.5609
-37.0399
-37.518
-38.5177
-39.0067
-39.5068
-40.0044
-40.518
-41.0337
-42.1147
-42.6515
-43.1968
-43.745
-44.3073
-44.8804
-46.0678
-46.6685
-47.2828
-47.9073
-48.5488
-49.2035
-50.6164
-51.326
-52.0674
-52.8273
-53.614
-54.4332
-56.184
-57.0611
-57.9951
-58.9352
-59.9072
-60.898
-62.9864
-64.0389
-65.1107
-66.1984
-67.3073
-68.4339
-70.7977
-71.9821
-73.1841
-74.4037
-75.6456
-76.9089
-79.561
-80.8939
-82.2479
-83.6291
-85.0345
-86.4654
-89.484
-91.0081
-92.5613
-94.1489
-95.7703
-97.4304
-100.947
-102.724
-104.548
-106.421
-108.35
-110.32
-114.52
-116.669
-118.861
-121.137
-123.494
-125.912
-131.145
-133.824
-136.582
-139.468
-142.458
-145.57
-152.355
-155.886
-159.598
-163.493
-167.557
-171.811
-181.287
-186.365
-191.576
-197.205
-203.165
-209.474
-223.387
-230.999
-238.784
-246.921
-255.639
-264.618
-283.767
-293.758
-303.505
-313.72
-323.702
-333.557
-352.043
-361.872
-368.022
-374.158
-378.782
-382.082
-384.058
-383.549
-377.408
-372.588
-364.997
-355.598
-329.481
-316.775
-295.385
-275.62
-255.434
-232.72
-180.005
-153.037
-124.476
-95.844
-66.3934
-36.9579
23.3384
53.0065
81.5904
110.27
137.601
164.776
217.338
241.097
262.949
282.888
300.026
315.204
340.885
350.606
358.457
363.274
365.775
369.334
367.454
363.992
359.257
352.807
344.617
336.54
318.742
309.147
299.441
289.987
281.034
272.089
254.395
246.34
238.55
231.069
223.907
217.056
203.99
198.143
192.612
187.299
182.249
177.37
168.226
164.06
160.088
156.25
152.618
149.136
142.356
139.238
136.235
133.352
130.549
127.856
122.634
120.2
117.818
115.526
113.298
111.126
106.869
104.876
102.949
101.055
99.2071
97.4046
93.8507
92.1722
90.5308
88.9257
87.3509
85.8113
82.7532
81.3034
79.8821
78.4878
77.1162
75.7753
73.1057
71.8382
70.5985
69.3875
68.1992
67.0382
64.7458
63.6758
62.6313
61.619
60.6282
59.683
57.8424
56.9885
56.1455
55.3541
54.5738
53.8197
52.3303
51.6305
50.9474
50.2757
49.615
48.9699
47.6816
47.065
46.4592
45.8617
45.2686
44.6881
43.5204
42.9599
42.4082
41.8597
41.3165
40.7859
39.7117
39.1953
38.6802
38.1728
37.6722
37.1796
36.1838
35.7033
35.2309
34.7603
34.2939
33.8331
32.9001
32.4517
32.0107
31.5729
31.1379
30.7031
29.832
29.4113
28.9957
28.5862
28.1789
27.7757
26.9603
26.5707
26.1853
25.7994
25.4209
25.0493
24.3029
23.9481
23.5977
23.2616
22.9246
22.5991
21.9599
21.6591
21.3632
21.0812
20.8067
20.5387
20.0107
19.7631
19.5194
19.282
19.0468
18.8203
18.3605
18.1417
17.9212
17.7111
17.4999
17.2908
16.8682
16.666
16.4645
16.2668
16.0686
15.8737
15.4803
15.2897
15.098
14.9154
14.7308
14.5457
14.1754
13.9965
13.8194
13.6446
13.4701
13.2989
12.9492
12.7806
12.6111
12.4471
12.2824
12.1215
11.7907
11.6319
11.4732
11.3171
11.1616
11.0086
10.6978
10.5481
10.3994
10.2521
10.107
9.96354
9.67143
9.53273
9.39564
9.26035
9.12775
8.99858
8.7383
8.6164
8.49686
8.38195
8.26869
8.15759
7.94134
7.8408
7.74138
7.64465
7.54967
7.45722
7.26918
7.18279
7.09572
7.00991
6.92489
6.83993
6.67056
6.58935
6.50956
6.42867
6.34907
6.27094
6.1123
6.03608
5.96045
5.88488
5.81014
5.73537
5.58535
5.51343
5.44158
5.37022
5.29928
5.22926
5.08704
5.01847
4.95056
4.88241
4.81529
4.74849
4.61377
4.54808
4.48326
4.41894
4.35493
4.29071
4.16183
4.10032
4.03875
3.97675
3.91601
3.85529
3.73308
3.67444
3.61589
3.55777
3.50003
3.44242
3.3246
3.2662
3.20632
3.14218
3.0601
2.94986
2.72608
2.62395
2.52769
2.43665
2.35092
2.27026
2.11818
2.04996
1.98574
1.92446
1.8659
1.81007
1.70412
1.65623
1.60974
1.56521
1.52246
1.48138
1.40295
1.36698
1.33213
1.29837
1.26575
1.23433
1.17387
1.14562
1.11814
1.09131
1.06505
1.03963
0.990074
0.967098
0.944886
0.923293
0.902435
0.882412
0.843565
0.825042
0.80685
0.788929
0.771338
0.753984
0.719589
0.703339
0.687481
0.671962
0.656809
0.642036
0.612579
0.598356
0.584364
0.570628
0.55714
0.543936
