-2.61385
-2.83416
-3.08021
-3.35636
-3.66205
-3.99352
-4.34784
-4.72388
-5.1225
-5.54571
-5.99729
-6.48408
-7.01699
-7.61246
-8.28515
-9.03858
-9.86477
-10.7541
-11.7021
-12.7096
-13.7809
-14.925
-16.1569
-17.5027
-19.0027
-20.7031
-22.6286
-24.7681
-27.0962
-29.5983
-32.2769
-35.1469
-38.238
-41.5955
-45.3016
-49.4812
-54.3019
-59.9193
-66.4027
-73.779
-82.128
-91.6369
-102.636
-115.624
-131.373
-151.121
-176.542
-209.745
-251.736
-297.892
-333.266
-332.707
-275.139
-158.714
-6.96606
145.005
260.99
319.341
321.17
287.448
243.511
203.752
171.868
147.141
127.714
112.029
99.0278
88.0164
78.5329
70.3265
63.2681
57.2666
52.1516
47.7085
43.7509
40.1554
36.845
33.7736
30.9126
28.2499
25.7903
23.5541
21.5665
19.8181
18.2649
16.8567
15.5568
14.3437
13.2046
12.1324
11.1239
10.1811
9.31168
8.52632
7.82837
7.20618
6.64145
6.11933
5.63031
5.16907
4.73241
4.31936
3.93072
3.57115
3.24898
2.51651
2.01903
1.66141
1.39143
1.17847
-2.61494
-2.83296
-2.83536
-3.07886
-3.08155
-3.35486
-3.35787
-3.6604
-3.6637
-3.99175
-3.9953
-4.34595
-4.34973
-4.72188
-4.72588
-5.12038
-5.12462
-5.54346
-5.54797
-5.99487
-5.99971
-6.48146
-6.4867
-7.0141
-7.0199
-7.6092
-7.61572
-8.28146
-8.28884
-9.03449
-9.04267
-9.86034
-9.86921
-10.7494
-10.7589
-11.6971
-11.7072
-12.7042
-12.7149
-13.7752
-13.7867
-14.9189
-14.9311
-16.1503
-16.1635
-17.4954
-17.51
-18.9945
-19.011
-20.6938
-20.7125
-22.6181
-22.6391
-24.7566
-24.7797
-27.0838
-27.1087
-29.585
-29.6117
-32.2626
-32.2912
-35.1316
-35.1623
-38.2214
-38.2546
-41.5774
-41.6137
-45.2813
-45.3218
-49.458
-49.5044
-54.2751
-54.3288
-59.888
-59.9505
-66.367
-66.4386
-73.7385
-73.8195
-82.0822
-82.1739
-91.5844
-91.6895
-102.574
-102.697
-115.551
-115.698
-131.283
-131.463
-151.006
-151.236
-176.393
-176.691
-209.549
-209.941
-251.503
-251.97
-297.659
-298.124
-333.147
-333.383
-332.836
-332.574
-275.606
-274.667
-159.439
-157.988
-7.78402
-6.14815
144.291
145.717
260.528
261.451
319.203
319.477
321.279
321.06
287.664
287.232
243.735
243.287
203.938
203.566
172.013
171.724
147.254
147.028
127.803
127.624
112.102
111.955
99.0893
98.9664
88.0691
87.9637
78.5786
78.4874
70.3658
70.2871
63.3018
63.2345
57.2952
57.2381
52.1761
52.1271
47.73
47.6869
43.7704
43.7315
40.1732
40.1376
36.8614
36.8285
33.789
33.7583
30.9268
30.8983
28.2631
28.2367
25.8025
25.7781
23.565
23.5432
21.5762
21.5569
19.8266
19.8096
18.2726
18.2573
16.8637
16.8497
15.5632
15.5503
14.3498
14.3377
13.2103
13.1989
12.1378
12.1271
11.129
11.1189
10.1858
10.1764
9.31596
9.30739
8.53015
8.52249
7.83178
7.82497
7.20923
7.20313
6.64425
6.63865
6.12193
6.11672
5.63277
5.62786
5.17139
5.16675
4.73461
4.73022
4.32143
4.31728
3.93266
3.92878
3.57293
3.56939
3.25054
3.24742
2.51958
2.51345
2.02119
2.01687
1.663
1.65982
1.39267
1.39019
1.17943
-2.62308
-2.82398
-2.8444
-3.06879
-3.09169
-3.34358
-3.36919
-3.64806
-3.67609
-3.97847
-4.00863
-4.33181
-4.3639
-4.7069
-4.7409
-5.10449
-5.14056
-5.52653
-5.56494
-5.97677
-6.01788
-6.46182
-6.50641
-6.99241
-7.0417
-7.58482
-7.64025
-8.25385
-8.31655
-9.00386
-9.07343
-9.8271
-9.90257
-10.7138
-10.7945
-11.6593
-11.7452
-12.664
-12.7553
-13.7324
-13.8296
-14.8731
-14.9771
-16.1006
-16.2134
-17.4408
-17.5651
-18.933
-19.0728
-20.6237
-20.7828
-22.5393
-22.7183
-24.67
-24.8666
-26.9902
-27.2026
-29.485
-29.7121
-32.1553
-32.3988
-35.0165
-35.2777
-38.0971
-38.3794
-41.4416
-41.7501
-45.13
-45.474
-49.2844
-49.6788
-54.0741
-54.531
-59.6542
-60.186
-66.0993
-66.7079
-73.4353
-74.1244
-81.739
-82.5191
-91.1917
-92.0851
-102.115
-103.16
-115.001
-116.252
-130.612
-132.141
-150.147
-152.105
-175.281
-177.817
-208.085
-211.419
-249.756
-253.726
-295.894
-299.848
-332.248
-334.225
-333.753
-331.498
-279.048
-271.049
-164.854
-152.52
-13.9206
-0.03931
138.905
151.03
257.013
264.852
318.102
320.447
322.056
320.196
289.279
285.61
245.417
241.611
205.337
202.183
173.107
170.646
148.104
146.187
128.477
126.959
112.655
111.408
99.5525
98.5073
88.4655
87.5702
78.922
78.1472
70.6623
69.9931
63.5549
62.9834
57.51
57.0248
52.3602
51.9441
47.8922
47.5256
43.9166
43.5861
40.307
40.0044
36.9851
36.7054
33.904
33.6437
31.0341
30.7915
28.3627
28.1375
25.8939
25.6872
23.6473
23.4616
21.6486
21.485
19.8903
19.7462
18.3298
18.2003
16.9161
16.7974
15.6119
15.5017
14.3954
14.2922
13.2532
13.1561
12.1782
12.0868
11.1669
11.0811
10.2211
10.1413
9.34818
9.27537
8.55899
8.4939
7.85743
7.79953
7.23218
7.18026
6.66526
6.61771
6.14153
6.09721
5.65118
5.6095
5.18879
5.14937
4.7511
4.71378
4.33702
4.30175
3.94722
3.91425
3.58624
3.55614
3.26226
3.21809
2.54284
2.49068
2.03749
2.00085
1.67503
1.64797
1.402
1.38095
1.18665
-2.64534
-2.67534
-2.70577
-2.73671
-2.76804
-2.79982
-2.8691
-2.90248
-2.93638
-2.97096
-3.00602
-3.0417
-3.11944
-3.15699
-3.19509
-3.2339
-3.27329
-3.31325
-3.40012
-3.4419
-3.48428
-3.52727
-3.57073
-3.61473
-3.70992
-3.75549
-3.80155
-3.84816
-3.89515
-3.94259
-4.04496
-4.09383
-4.14311
-4.1929
-4.24303
-4.2936
-4.40255
-4.4544
-4.50672
-4.55959
-4.6128
-4.66644
-4.78184
-4.83688
-4.89232
-4.94833
-5.0047
-5.06156
-5.18397
-5.24229
-5.30114
-5.3606
-5.42046
-5.48089
-5.61118
-5.67332
-5.73601
-5.79945
-5.86335
-5.92796
-6.06744
-6.13412
-6.20163
-6.27002
-6.33908
-6.4089
-6.56024
-6.6329
-6.70654
-6.78141
-6.85717
-6.93404
-7.10135
-7.18232
-7.26431
-7.34787
-7.43288
-7.5192
-7.70756
-7.79875
-7.89139
-7.98603
-8.08202
-8.17962
-8.39241
-8.49514
-8.59943
-8.70533
-8.81245
-8.92127
-9.15742
-9.27076
-9.38538
-9.50153
-9.61883
-9.73741
-9.99352
-10.1159
-10.2396
-10.3646
-10.4906
-10.6177
-10.8918
-11.0226
-11.1545
-11.2878
-11.4217
-11.5571
-11.8486
-11.9875
-12.1276
-12.2692
-12.4118
-12.5555
-12.8651
-13.0128
-13.1618
-13.3123
-13.4639
-13.6169
-13.9466
-14.1041
-14.2631
-14.4239
-14.5859
-14.7493
-15.1026
-15.2716
-15.4428
-15.6157
-15.7903
-15.9669
-16.3496
-16.5333
-16.7194
-16.9082
-17.0993
-17.2933
-17.7155
-17.9189
-18.1255
-18.3361
-18.5501
-18.7676
-19.2421
-19.4725
-19.7064
-19.9453
-20.188
-20.4353
-20.9757
-21.2371
-21.5031
-21.7739
-22.0486
-22.3276
-22.9347
-23.227
-23.5233
-23.8243
-24.1287
-24.4366
-25.1038
-25.4234
-25.7465
-26.0738
-26.404
-26.7378
-27.4584
-27.8026
-28.1504
-28.5017
-28.8566
-29.2147
-29.9859
-30.3548
-30.7273
-31.1034
-31.4828
-31.8659
-32.6918
-33.0866
-33.4854
-33.8884
-34.2954
-34.7063
-35.5924
-36.017
-36.4456
-36.8794
-37.3179
-37.7618
-38.7196
-39.1794
-39.6441
-40.1154
-40.5922
-41.0757
-42.1236
-42.6283
-43.1405
-43.6598
-44.1874
-44.7231
-45.8903
-46.4555
-47.0304
-47.6159
-48.2123
-48.8204
-50.1545
-50.8019
-51.4652
-52.1411
-52.8306
-53.5355
-55.0849
-55.8406
-56.6124
-57.4007
-58.2057
-59.0273
-60.831
-61.7061
-62.5972
-63.5069
-64.4352
-65.3803
-67.4446
-68.4439
-69.4611
-70.4966
-71.5492
-72.6205
-74.9583
-76.089
-77.2404
-78.4111
-79.6023
-80.8158
-83.4639
-84.7467
-86.053
-87.3878
-88.7483
-90.1362
-93.1699
-94.647
-96.1569
-97.6985
-99.2726
-100.882
-104.431
-106.162
-107.936
-109.753
-111.618
-113.53
-117.771
-119.857
-122.001
-124.203
-126.481
-128.815
-134.039
-136.625
-139.293
-142.054
-144.903
-147.862
-154.502
-157.799
-161.205
-164.77
-168.486
-172.321
-180.929
-185.262
-189.762
-194.417
-199.24
-204.196
-215.509
-221.098
-226.847
-232.735
-238.802
-245.018
-258.571
-265.084
-271.596
-278.136
-284.679
-291.169
-304.393
-310.315
-316.001
-320.972
-325.596
-329.733
-336.2
-338.059
-338.944
-339.006
-337.952
-335.907
-328.025
-322.31
-315.453
-307.422
-298.309
-287.99
-261.17
-246.741
-231.332
-214.827
-197.434
-179.233
-137.502
-117.139
-96.004
-74.4529
-52.6858
-30.5919
16.649
38.8397
60.626
82.1469
103.308
123.842
165.295
183.693
201.463
217.404
232.893
247.086
273.624
284.229
293.488
301.607
308.806
314.639
322.787
325.154
326.347
326.376
325.467
323.808
317.774
313.942
309.507
304.568
299.209
293.691
281.153
275.029
268.774
262.502
256.226
250.032
237.093
231.275
225.492
219.911
214.466
209.161
198.491
193.691
189.082
184.606
180.288
176.13
167.775
164.068
160.479
157.019
153.674
150.448
143.948
141.05
138.243
135.524
132.886
130.337
125.172
122.841
120.585
118.389
116.253
114.175
109.939
108.024
106.157
104.337
102.561
100.827
97.277
95.6615
94.085
92.5395
91.0291
89.551
86.5121
85.1282
83.7719
82.4411
81.1379
79.8614
77.2342
76.0357
74.8607
73.7087
72.5807
71.4749
69.2041
68.1689
67.1557
66.1638
65.1965
64.2502
62.3099
61.4273
60.5659
59.7235
58.901
58.0991
56.4531
55.704
54.9709
54.2538
53.551
52.8645
51.4523
50.8054
50.1719
49.5499
48.9376
48.3363
47.0921
46.5204
45.9574
45.4027
44.8559
44.3157
43.1944
42.6774
42.1667
41.6625
41.1642
40.672
39.6454
39.1705
38.7009
38.2363
37.7767
37.3223
36.3732
35.9333
35.498
35.0666
34.6398
34.2174
33.3345
32.925
32.5197
32.1179
31.72
31.3264
30.5034
30.1221
29.7444
29.3702
29.0002
28.6341
27.8702
27.5165
27.1669
26.8216
26.4804
26.1435
25.4418
25.1186
24.8001
24.4857
24.1765
23.8723
23.2421
22.9531
22.6693
22.3898
22.1159
21.8471
21.2915
21.0377
20.7882
20.5427
20.3019
20.065
19.5755
19.3509
19.13
18.9122
18.6976
18.4862
18.0468
17.8444
17.6444
17.4466
17.2517
17.0592
16.6566
16.4705
16.2863
16.1038
15.9233
15.7447
15.3707
15.1973
15.0256
14.8552
14.6867
14.5196
14.1694
14.0068
13.8456
13.6856
13.5272
13.3702
13.0406
12.8876
12.736
12.5852
12.4362
12.2883
11.978
11.834
11.6913
11.5496
11.4094
11.2703
10.9791
10.8441
10.7104
10.5779
10.4469
10.3173
10.0467
9.92156
9.79793
9.67562
9.55513
9.43624
9.18914
9.0754
8.9635
8.85306
8.7446
8.63793
8.41694
8.31567
8.21613
8.11817
8.02202
7.9274
7.73114
7.64122
7.55267
7.46536
7.3795
7.29488
7.11871
7.03756
6.95738
6.8781
6.79989
6.7226
6.56118
6.48647
6.41253
6.33916
6.26666
6.1949
6.04452
5.97475
5.90549
5.83676
5.76876
5.70135
5.55988
5.49415
5.42894
5.36412
5.2999
5.2362
5.10244
5.04023
4.97852
4.91716
4.85636
4.79602
4.66934
4.61048
4.55205
4.49395
4.43644
4.37943
4.25978
4.2042
4.14914
4.0945
4.04047
3.98696
3.87508
3.82339
3.77226
3.72165
3.67179
3.62263
3.52049
3.47362
3.42766
3.38234
3.3379
3.29434
3.1265
3.01017
2.90033
2.79674
2.69968
2.60813
2.43044
2.35355
2.28065
2.21173
2.14585
2.08284
1.95846
1.90403
1.85242
1.80254
1.75452
1.70838
1.61656
1.57628
1.53694
1.49853
1.462
1.42744
1.35626
1.32418
1.29314
1.26318
1.23438
1.20668
