-1.71083
-1.84399
-1.98249
-2.12674
-2.27724
-2.43497
-2.60182
-2.78184
-2.98268
-3.21157
-3.46798
-3.74522
-4.03858
-4.3457
-4.66666
-5.00192
-5.35268
-5.71997
-6.10576
-6.51421
-6.95335
-7.4417
-8.00066
-8.63546
-9.33141
-10.0727
-10.8525
-11.6689
-12.5226
-13.4174
-14.3554
-15.342
-16.3871
-17.5072
-18.7447
-20.1609
-21.7879
-23.6021
-25.5522
-27.6176
-29.7885
-32.0747
-34.4827
-37.0274
-39.7255
-42.6085
-45.7285
-49.1991
-53.2113
-57.9357
-63.3783
-69.4511
-76.1325
-83.486
-91.6741
-100.891
-111.468
-123.822
-138.671
-157.039
-180.836
-212.797
-255.644
-308.875
-364.434
-397.836
-381.766
-304.692
-171.555
-6.97732
157.582
291.083
367.106
383.166
350.344
297.184
247.219
207.277
176.973
153.733
135.439
120.527
108.055
97.3649
88.0244
79.7549
72.3657
65.8003
60.1226
55.3324
51.2513
47.6376
44.3381
41.2706
38.3962
35.69
33.1303
30.701
28.3986
26.2231
24.1891
22.3502
20.7438
19.3466
18.0906
16.9285
15.8319
14.7904
13.7975
12.8504
11.9458
11.0805
10.2563
9.47776
8.76192
8.12627
7.56979
7.07086
6.60933
6.17269
5.75641
5.35793
4.97553
4.60813
4.25512
3.91605
3.59253
3.28967
2.79938
2.27943
1.90424
1.61901
1.39448
1.21237
1.05989
0.930868
0.823647
0.727629
0.64149
0.564003
-1.71161
-1.84317
-1.84481
-1.98164
-1.98335
-2.12585
-2.12763
-2.27631
-2.27817
-2.43399
-2.43594
-2.60078
-2.60286
-2.78069
-2.78298
-2.98139
-2.98396
-3.2101
-3.21304
-3.46636
-3.4696
-3.74349
-3.74695
-4.03676
-4.0404
-4.34381
-4.3476
-4.66469
-4.66864
-4.99985
-5.00399
-5.35051
-5.35484
-5.7177
-5.72224
-6.10337
-6.10816
-6.51166
-6.51676
-6.95057
-6.95613
-7.43855
-7.44486
-7.99704
-8.00429
-8.63143
-8.63949
-9.32706
-9.33577
-10.0681
-10.0773
-10.8477
-10.8573
-11.6638
-11.6739
-12.5173
-12.5278
-13.4119
-13.4229
-14.3496
-14.3612
-15.3359
-15.3481
-16.3806
-16.3936
-17.5002
-17.5143
-18.7368
-18.7527
-20.1517
-20.17
-21.7775
-21.7983
-23.5907
-23.6134
-25.5401
-25.5644
-27.6048
-27.6304
-29.7751
-29.802
-32.0605
-32.0889
-34.4676
-34.4977
-37.0116
-37.0432
-39.7087
-39.7423
-42.5903
-42.6266
-45.7088
-45.7483
-49.1767
-49.2215
-53.185
-53.2377
-57.9049
-57.9666
-63.3433
-63.4132
-69.4126
-69.4896
-76.0902
-76.1748
-83.4392
-83.5328
-91.6217
-91.7265
-100.832
-100.95
-111.4
-111.536
-123.741
-123.903
-138.572
-138.771
-156.914
-157.164
-180.672
-181
-212.573
-213.022
-255.351
-255.937
-308.53
-309.22
-364.121
-364.746
-397.768
-397.901
-382.039
-381.491
-305.337
-304.044
-172.491
-170.618
-8.00013
-5.95433
156.651
158.509
290.444
291.721
366.84
367.369
383.223
383.106
350.64
350.045
297.504
296.864
247.494
246.945
207.487
207.068
177.131
176.816
153.856
153.609
135.538
135.34
120.609
120.446
108.124
107.985
97.4251
97.3047
88.0775
87.9713
79.8021
79.7078
72.408
72.3236
65.8374
65.7632
60.1541
60.0912
55.3591
55.3058
51.2745
51.2284
47.6584
47.6169
44.3573
44.319
41.2886
41.2527
38.413
38.3794
35.7059
35.6741
33.1453
33.1152
30.7154
30.6868
28.4121
28.3851
26.2359
26.2104
24.2008
24.1773
22.3606
22.3398
20.7529
20.7348
19.3546
19.3387
18.0979
18.0833
16.9353
16.9217
15.8384
15.8255
14.7966
14.7843
13.8033
13.7916
12.856
12.8448
11.9512
11.9405
11.0856
11.0754
10.2612
10.2515
9.48229
9.47323
8.76601
8.75783
8.12986
8.12269
7.57294
7.56664
7.07374
7.06798
6.61203
6.60663
6.17528
6.17011
5.75888
5.75395
5.36028
5.35557
4.9778
4.97326
4.61031
4.60595
4.25721
4.25302
3.91805
3.91404
3.59443
3.59063
3.29142
3.28793
2.80311
2.79565
2.28206
2.2768
1.90621
1.90228
1.62053
1.61748
1.39567
1.3933
1.21337
1.21137
1.06074
1.05904
0.931579
0.930158
0.824255
0.823039
0.728182
0.727076
0.641978
0.641003
0.564454
-1.71713
-1.83744
-1.85056
-1.97567
-1.98933
-2.11962
-2.13386
-2.26981
-2.28469
-2.42718
-2.44278
-2.59348
-2.61017
-2.77272
-2.79101
-2.97241
-2.99301
-3.19984
-3.22334
-3.45503
-3.48098
-3.73138
-3.75909
-4.02407
-4.05312
-4.33054
-4.36092
-4.65086
-4.68249
-4.98536
-5.01852
-5.33535
-5.37001
-5.7018
-5.73818
-6.0866
-6.12496
-6.49385
-6.53463
-6.9312
-6.97566
-7.41655
-7.46702
-7.97181
-8.02972
-8.60328
-8.66778
-9.29661
-9.36628
-10.036
-10.1096
-10.8141
-10.8911
-11.6285
-11.7092
-12.4804
-12.5648
-13.3731
-13.4617
-14.309
-14.402
-15.2932
-15.391
-16.3351
-16.4392
-17.4509
-17.5638
-18.6814
-18.8085
-20.0876
-20.2347
-21.7047
-21.8717
-23.5111
-23.6932
-25.4551
-25.6495
-27.5155
-27.7199
-29.6812
-29.8963
-31.9614
-32.1883
-34.363
-34.6025
-36.9012
-37.1538
-39.5912
-39.8601
-42.4642
-42.7532
-45.571
-45.8868
-49.0204
-49.379
-53.0021
-53.4227
-57.69
-58.183
-63.0996
-63.6583
-69.1436
-69.76
-75.7947
-76.4717
-83.1129
-83.8612
-91.2563
-92.0944
-100.418
-101.367
-110.918
-112.016
-123.173
-124.473
-137.881
-139.469
-156.045
-158.047
-179.537
-182.16
-211.009
-214.616
-253.307
-257.997
-306.195
-311.637
-361.928
-366.895
-397.252
-398.316
-383.879
-379.511
-309.786
-299.448
-179.012
-164.028
-15.1543
1.2121
150.095
164.964
285.905
296.121
364.906
369.217
383.568
382.631
352.639
347.943
299.756
294.632
249.427
245.03
208.97
205.615
178.245
175.726
154.72
152.683
136.238
134.648
121.185
119.876
108.612
107.501
97.8479
96.8842
88.4507
87.6012
80.1333
79.3785
72.7043
72.0291
66.0984
65.5043
60.3756
59.872
55.5465
55.1201
51.4369
51.068
47.8041
47.4719
44.4916
44.1852
41.4142
41.1274
38.5311
38.2619
35.8173
35.5631
33.2509
33.0099
30.8158
30.5871
28.5069
28.2907
26.3252
26.1213
24.2834
24.0951
22.4339
22.267
20.8163
20.6719
19.4104
19.2831
18.1487
18.0326
16.9829
16.874
15.8836
15.7804
14.8395
14.7414
13.8443
13.7507
12.8951
12.8058
11.9887
11.903
11.1213
11.0397
10.2952
10.2175
9.51411
9.44157
8.79471
8.72932
8.15508
8.0977
7.5951
7.54463
7.09392
7.04787
6.63098
6.58774
6.19336
6.15206
5.77614
5.7367
5.3768
5.3391
4.99364
4.95738
4.62557
4.59071
4.27188
4.23839
3.9321
3.90003
3.60775
3.57738
3.30367
3.2758
2.82949
2.7698
2.30062
2.25854
1.92009
1.8886
1.63126
1.60687
1.40406
1.38501
1.22041
1.20441
1.06673
1.0531
0.936578
0.92521
0.828519
0.818796
0.732061
0.723218
0.6454
0.637606
0.567621
-1.73114
-1.74934
-1.76761
-1.78597
-1.80442
-1.82301
-1.8651
-1.88403
-1.90306
-1.92212
-1.94133
-1.96066
-2.00446
-2.02416
-2.04398
-2.0638
-2.08376
-2.10394
-2.1496
-2.17007
-2.19074
-2.21151
-2.23244
-2.25348
-2.30118
-2.32266
-2.34429
-2.36601
-2.38793
-2.41002
-2.46011
-2.48272
-2.50557
-2.52855
-2.5517
-2.57517
-2.62869
-2.65288
-2.67733
-2.70214
-2.72728
-2.75272
-2.8113
-2.83811
-2.86551
-2.8931
-2.92131
-2.94991
-3.01608
-3.04666
-3.07767
-3.10923
-3.14145
-3.17419
-3.2496
-3.28399
-3.31888
-3.35432
-3.39032
-3.42667
-3.50982
-3.54742
-3.58533
-3.62347
-3.66215
-3.70106
-3.78978
-3.82965
-3.86987
-3.91027
-3.95104
-3.99216
-4.08532
-4.12725
-4.1694
-4.21171
-4.25436
-4.29724
-4.39459
-4.43831
-4.48229
-4.52666
-4.57133
-4.6161
-4.71768
-4.76344
-4.80947
-4.85563
-4.90218
-4.94899
-5.05526
-5.10308
-5.15121
-5.19953
-5.24829
-5.29721
-5.40839
-5.45854
-5.50891
-5.5594
-5.61039
-5.66183
-5.77849
-5.83099
-5.88387
-5.93692
-5.99046
-6.0445
-6.16752
-6.22299
-6.27888
-6.33506
-6.39186
-6.44918
-6.57995
-6.63923
-6.69902
-6.75926
-6.82053
-6.88251
-7.02523
-7.09048
-7.15671
-7.22385
-7.29213
-7.36163
-7.52344
-7.59762
-7.67321
-7.75009
-7.82866
-7.90887
-8.09434
-8.17925
-8.26566
-8.35325
-8.44231
-8.53271
-8.73956
-8.83403
-8.92944
-9.02545
-9.12244
-9.22023
-9.4434
-9.54442
-9.64619
-9.74817
-9.85136
-9.95524
-10.1912
-10.2974
-10.4045
-10.5121
-10.6205
-10.7293
-10.9764
-11.0876
-11.1997
-11.312
-11.4256
-11.5398
-11.7985
-11.915
-12.032
-12.1497
-12.2683
-12.3877
-12.6584
-12.7803
-12.903
-13.0263
-13.1507
-13.2758
-13.5596
-13.6876
-13.816
-13.9456
-14.076
-14.2071
-14.5053
-14.6397
-14.7751
-14.9108
-15.0477
-15.1859
-15.4999
-15.6419
-15.785
-15.9289
-16.0742
-16.2209
-16.5551
-16.7063
-16.8593
-17.0137
-17.1699
-17.3277
-17.6896
-17.8548
-18.0231
-18.1932
-18.3668
-18.5432
-18.9507
-19.1389
-19.3307
-19.5255
-19.7243
-19.9277
-20.3995
-20.6165
-20.8376
-21.0619
-21.2905
-21.5229
-22.0586
-22.3035
-22.5512
-22.8013
-23.0552
-23.3115
-23.8955
-24.1604
-24.4271
-24.6963
-24.9686
-25.2423
-25.8649
-26.1458
-26.4294
-26.714
-27.0013
-27.2903
-27.9472
-28.2426
-28.5398
-28.8391
-29.1413
-29.4449
-30.1364
-30.4478
-30.7603
-31.0749
-31.3923
-31.7125
-32.4396
-32.7669
-33.0963
-33.4283
-33.763
-34.1003
-34.8682
-35.2138
-35.5615
-35.9131
-36.2659
-36.6235
-37.434
-37.7997
-38.1694
-38.542
-38.9175
-39.2959
-40.1588
-40.548
-40.9416
-41.3397
-41.7417
-42.1477
-43.0747
-43.4944
-43.9189
-44.3489
-44.7843
-45.2259
-46.2382
-46.7001
-47.1689
-47.6473
-48.1334
-48.6298
-49.7803
-50.3078
-50.8468
-51.401
-51.9681
-52.5467
-53.8952
-54.5178
-55.156
-55.8082
-56.4752
-57.1548
-58.7348
-59.4597
-60.1982
-60.9485
-61.7117
-62.4896
-64.2805
-65.0947
-65.919
-66.7574
-67.6075
-68.4695
-70.4461
-71.3434
-72.2528
-73.1758
-74.1094
-75.0549
-77.2263
-78.213
-79.2131
-80.2263
-81.254
-82.2963
-84.6975
-85.792
-86.9048
-88.0359
-89.1806
-90.3436
-93.031
-94.2578
-95.5063
-96.7784
-98.0704
-99.3845
-102.432
-103.835
-105.263
-106.718
-108.203
-109.715
-113.249
-114.874
-116.535
-118.237
-119.98
-121.762
-125.938
-127.882
-129.862
-131.906
-134.002
-136.161
-141.255
-143.625
-146.069
-148.594
-151.209
-153.901
-160.316
-163.352
-166.507
-169.767
-173.174
-176.72
-185.171
-189.219
-193.413
-197.805
-202.413
-207.167
-218.679
-224.09
-229.764
-235.668
-241.847
-248.215
-263.262
-270.235
-277.465
-284.961
-292.505
-300.207
-317.726
-325.526
-333.366
-341.229
-349.053
-356.344
-371.707
-377.578
-383.273
-388.194
-392.22
-395.422
-398.946
-398.885
-397.773
-395.374
-392.314
-387.985
-374.08
-365.783
-356.524
-345.766
-333.679
-320.526
-287.353
-270.731
-253.126
-234.572
-215.265
-195.186
-147.309
-125.046
-102.41
-79.5155
-56.4524
-33.2047
19.2632
42.5852
65.6654
88.5105
111.167
133.299
181.019
201.138
220.655
239.192
256.821
273.557
306.752
319.595
331.279
341.846
351.254
359.462
373.371
377.669
380.717
382.883
383.99
383.992
380.758
377.563
373.551
368.74
363.517
357.593
342.553
335.45
328.134
320.724
313.119
305.529
289.028
281.705
274.561
267.631
260.848
254.314
240.287
234.37
228.688
223.18
217.896
212.798
202.047
197.536
193.151
188.987
184.994
181.128
173.003
169.557
166.244
163.028
159.929
156.946
150.534
147.894
145.315
142.812
140.387
138.03
132.934
130.772
128.663
126.614
124.61
122.66
118.455
116.653
114.896
113.183
111.503
109.859
106.295
104.762
103.257
101.786
100.344
98.9262
95.835
94.5036
93.1947
91.9076
90.6453
89.4034
86.6776
85.5001
84.3402
83.2018
82.0799
80.9756
78.5538
77.5027
76.4686
75.4495
74.4455
73.4582
71.2923
70.3541
69.4321
68.5255
67.6358
66.7625
64.8592
64.0412
63.2416
62.4592
61.6925
60.9435
59.3262
58.6345
57.9583
57.2992
56.6544
56.0238
54.6573
54.0729
53.5016
52.9413
52.3903
51.8489
50.6662
50.1525
49.6458
49.1488
48.659
48.1746
47.1083
46.6425
46.181
45.7263
45.2768
44.8322
43.8491
43.4168
42.9919
42.567
42.1469
41.7324
40.8131
40.4103
40.0106
39.6143
39.2212
38.8312
37.9665
37.5874
37.2112
36.8378
36.4671
36.0996
35.2838
34.9251
34.5691
34.2156
33.8657
33.5182
32.7451
32.4043
32.0669
31.7324
31.4001
31.0697
30.3362
30.0147
29.6945
29.3766
29.0611
28.7479
28.0535
27.7483
27.4455
27.1451
26.8471
26.5518
25.8972
25.6091
25.3245
25.0444
24.7665
24.4926
23.8901
23.6275
23.3688
23.1146
22.8652
22.6202
22.0852
21.8545
21.6284
21.4075
21.1903
20.9778
20.5148
20.3148
20.1182
19.9262
19.7377
19.5521
19.1445
18.9669
18.7914
18.6184
18.4472
18.2782
17.9057
17.7422
17.5802
17.4201
17.261
17.1036
16.7547
16.6013
16.4491
16.2979
16.1477
15.9983
15.6673
15.5215
15.3766
15.2333
15.0905
14.9484
14.6335
14.4946
14.3566
14.2198
14.0838
13.9483
13.6478
13.5154
13.3841
13.2536
13.1238
12.9946
12.7076
12.5813
12.4557
12.3308
12.2065
12.0834
11.809
11.688
11.5679
11.4487
11.3298
11.2117
10.9501
10.8348
10.7201
10.6065
10.4935
10.3813
10.1325
10.0231
9.91462
9.80722
9.70057
9.59493
9.36237
9.26083
9.16055
9.06182
8.9641
8.86784
8.65807
8.56706
8.47754
8.38992
8.30379
8.21934
8.03525
7.95562
7.87746
7.80106
7.72581
7.6516
7.48951
7.4189
7.34934
7.28078
7.21283
7.14542
6.99738
6.93252
6.86826
6.80479
6.74167
6.679
6.54025
6.47911
6.41841
6.35827
6.29841
6.239
6.10679
6.04855
5.99078
5.93357
5.87643
5.81972
5.69335
5.63778
5.58253
5.52767
5.47295
5.41857
5.29768
5.24431
5.1912
5.13849
5.08592
5.03372
4.91756
4.86626
4.81529
4.76472
4.71428
4.66417
4.55247
4.50321
4.4543
4.40567
4.35723
4.30897
4.20159
4.15422
4.10714
4.06043
4.01388
3.96765
3.86483
3.81955
3.77455
3.72997
3.6856
3.64156
3.54413
3.50147
3.45914
3.4174
3.37613
3.3349
3.24568
3.20676
3.16944
3.089
2.99029
2.89764
2.7063
2.62737
2.55262
2.48138
2.4133
2.34853
2.21347
2.15725
2.10353
2.05229
2.00316
1.9557
1.85479
1.81248
1.77182
1.73288
1.69551
1.65872
1.58079
1.54783
1.51568
1.48467
1.45465
1.42569
1.36434
1.33801
1.31212
1.28693
1.26235
1.23843
1.18714
1.16533
1.14396
1.12299
1.10228
1.08205
1.03832
1.0196
1.00136
0.983625
0.96628
0.949358
0.912911
0.897364
0.882335
0.867852
0.853511
0.839344
0.808169
0.794565
0.781135
0.767907
0.754824
0.741914
0.713562
0.701243
0.689139
0.677272
0.665589
0.654117
0.629129
0.618341
0.607763
0.596957
0.586235
0.575671
