-2.09744
-2.32455
-2.56912
-2.84229
-3.16791
-3.55569
-3.98702
-4.45081
-4.94622
-5.47616
-6.04485
-6.66401
-7.36673
-8.22064
-9.23379
-10.3559
-11.5631
-12.8554
-14.2425
-15.7388
-17.3809
-19.2812
-21.6169
-24.3762
-27.4261
-30.7214
-34.2811
-38.1477
-42.3923
-47.1724
-52.9372
-60.2525
-69.1053
-79.3528
-91.2823
-105.558
-123.334
-146.741
-180.102
-231.721
-307.875
-385.443
-382.175
-244.588
-6.97732
230.626
367.5
370.775
296.224
225.008
176.269
143.482
120.038
102.084
87.6276
75.5899
65.4675
57.3467
51.0108
45.7296
41.056
36.8161
32.9274
29.3373
26.0323
23.0667
20.5958
18.5743
16.8063
15.1873
13.6836
12.2825
10.9737
9.75879
8.67072
7.7619
7.00209
6.32325
5.69372
5.10429
4.54954
4.02709
3.53878
3.01174
2.20259
1.70113
1.35756
1.10408
0.907864
0.755108
-2.09832
-2.32361
-2.3255
-2.56809
-2.57015
-2.8411
-2.84349
-3.16647
-3.16935
-3.55404
-3.55735
-3.98521
-3.98882
-4.44889
-4.45274
-4.94416
-4.94827
-5.47395
-5.47836
-6.04247
-6.04723
-6.6614
-6.66663
-7.36364
-7.36983
-8.21686
-8.22442
-9.22948
-9.2381
-10.3512
-10.3606
-11.5581
-11.5681
-12.85
-12.8608
-14.2367
-14.2482
-15.7326
-15.7451
-17.374
-17.3879
-19.2728
-19.2897
-21.6066
-21.6272
-24.3646
-24.3879
-27.4134
-27.4389
-30.7077
-30.7351
-34.2662
-34.296
-38.1314
-38.1639
-42.3744
-42.4103
-47.1516
-47.1932
-52.9113
-52.9631
-60.2199
-60.2852
-69.067
-69.1436
-79.3086
-79.397
-91.2303
-91.3344
-105.494
-105.621
-123.253
-123.416
-146.631
-146.85
-179.94
-180.265
-231.464
-231.978
-307.561
-308.191
-385.213
-385.671
-382.444
-381.903
-245.398
-243.776
-8.00013
-5.95433
229.816
231.438
367.238
367.77
370.996
370.552
296.544
295.905
225.248
224.768
176.425
176.113
143.591
143.373
120.119
119.957
102.148
102.02
87.6804
87.5749
75.6344
75.5455
65.5043
65.4307
57.3753
57.3181
51.0337
50.988
45.7494
45.7098
41.0738
41.0382
36.8324
36.7998
32.9424
32.9124
29.3512
29.3234
26.045
26.0196
23.0777
23.0557
20.6047
20.5869
18.5818
18.5667
16.813
16.7995
15.1935
15.181
13.6895
13.6778
12.288
12.2771
10.9788
10.9686
9.76346
9.75412
8.67474
8.6667
7.7652
7.75861
7.00494
6.99924
6.32587
6.32063
5.69617
5.69126
5.10659
5.10199
4.55171
4.54738
4.02913
4.02506
3.54066
3.53691
3.01604
3.00743
2.20508
2.2001
1.70274
1.69952
1.35871
1.3564
1.10497
1.10318
0.908548
0.907181
0.755677
-2.10563
-2.31584
-2.33329
-2.55961
-2.57869
-2.83128
-2.85337
-3.15463
-3.18128
-3.5404
-3.57103
-3.97035
-4.00372
-4.43304
-4.4686
-4.92724
-4.96524
-5.45579
-5.49655
-6.02288
-6.06689
-6.63988
-6.68825
-7.33838
-7.39546
-8.18579
-8.25575
-9.19403
-9.2738
-10.3126
-10.3993
-11.5168
-11.6096
-12.8057
-12.9052
-14.1893
-14.2959
-15.6809
-15.7969
-17.3166
-17.4456
-19.2035
-19.3595
-21.5219
-21.7125
-24.2682
-24.4845
-27.3083
-27.5443
-30.5947
-30.8485
-34.1436
-34.419
-37.9976
-38.2982
-42.2266
-42.5586
-46.9811
-47.3654
-52.6984
-53.1785
-59.9515
-60.5555
-68.7517
-69.4607
-78.9451
-79.7627
-90.8026
-91.7658
-104.974
-106.146
-122.59
-124.086
-145.734
-147.763
-178.617
-181.619
-229.363
-234.116
-304.729
-311.033
-383.252
-387.345
-384.569
-379.581
-252.005
-237
-16.4308
2.49283
223.073
238.067
364.977
369.912
372.711
368.722
299.192
293.285
227.249
222.805
177.725
174.844
144.496
142.479
120.794
119.29
102.679
101.494
88.1174
87.1421
76.0019
75.1804
65.8096
65.1284
57.6125
57.0835
51.2226
50.8003
45.913
45.5469
41.2214
40.8914
36.967
36.6657
33.0663
32.7887
29.4656
29.2093
26.1499
25.9151
23.169
22.9656
20.6787
20.5139
18.644
18.5048
16.8689
16.7439
15.2452
15.1295
13.7376
13.6298
12.333
12.2322
11.0207
10.9268
9.80206
9.71568
8.70803
8.63365
7.79245
7.73154
7.02852
6.97574
6.3475
6.29906
5.71641
5.67115
5.12559
5.08305
4.56954
4.52957
4.04594
4.00829
3.55616
3.52149
3.05142
2.97265
2.22584
2.17972
1.71616
1.68625
1.3683
1.3469
1.11242
1.09581
0.914223
0.901574
0.760385
-2.12825
-2.16029
-2.19274
-2.22551
-2.25856
-2.29197
-2.35747
-2.39188
-2.42674
-2.46188
-2.49755
-2.53375
-2.60516
-2.6429
-2.68135
-2.72059
-2.76065
-2.80163
-2.88403
-2.92828
-2.97376
-3.02047
-3.06877
-3.11855
-3.21848
-3.27212
-3.32691
-3.38311
-3.4403
-3.4986
-3.61349
-3.67422
-3.73578
-3.79815
-3.86113
-3.92477
-4.04985
-4.11548
-4.1818
-4.24866
-4.31608
-4.38438
-4.51798
-4.58825
-4.65886
-4.73028
-4.8024
-4.87524
-5.01789
-5.0928
-5.16855
-5.24497
-5.32201
-5.39996
-5.55285
-5.63308
-5.7144
-5.79636
-5.87923
-5.96303
-6.12785
-6.21484
-6.30272
-6.39174
-6.48205
-6.57389
-6.75539
-6.85186
-6.95071
-7.05154
-7.1554
-7.2615
-7.4756
-7.5914
-7.71077
-7.83371
-7.96051
-8.09121
-8.35344
-8.49399
-8.63768
-8.78407
-8.93364
-9.08541
-9.3846
-9.54264
-9.70296
-9.86474
-10.0284
-10.1942
-10.5194
-10.6899
-10.8624
-11.0362
-11.2119
-11.3897
-11.738
-11.9206
-12.1052
-12.2915
-12.4796
-12.6698
-13.0429
-13.2388
-13.4371
-13.6366
-13.8387
-14.0434
-14.444
-14.6551
-14.8685
-15.0836
-15.3015
-15.5225
-15.9577
-16.1871
-16.42
-16.6562
-16.8967
-17.1411
-17.6257
-17.8848
-18.1513
-18.424
-18.7039
-18.9928
-19.5777
-19.8945
-20.2213
-20.5586
-20.9061
-21.2633
-21.9795
-22.364
-22.756
-23.1554
-23.5605
-23.9722
-24.7861
-25.2153
-25.6501
-26.0897
-26.5353
-26.9862
-27.8704
-28.3351
-28.8046
-29.2802
-29.76
-30.2471
-31.2
-31.7025
-32.2102
-32.7231
-33.2419
-33.7673
-34.801
-35.3449
-35.8957
-36.453
-37.0175
-37.5874
-38.715
-39.3091
-39.9114
-40.5217
-41.1424
-41.7734
-43.0207
-43.682
-44.356
-45.0436
-45.7458
-46.4628
-47.9026
-48.6803
-49.4816
-50.3069
-51.1618
-52.0508
-53.8559
-54.8409
-55.8624
-56.9189
-58.009
-59.1341
-61.3997
-62.62
-63.8705
-65.1471
-66.4514
-67.7872
-70.4479
-71.8646
-73.3134
-74.7897
-76.2966
-77.8351
-80.9017
-82.5399
-84.217
-85.9352
-87.698
-89.4991
-93.1134
-95.0545
-97.0527
-99.1018
-101.21
-103.389
-107.791
-110.175
-112.643
-115.195
-117.839
-120.583
-126.194
-129.276
-132.486
-135.838
-139.357
-143.025
-150.654
-154.9
-159.395
-164.166
-169.218
-174.606
-185.965
-192.444
-199.369
-206.769
-214.702
-223.071
-240.943
-251.018
-261.572
-272.565
-284.197
-296.142
-319.776
-332.089
-344.465
-356.225
-367.429
-376.893
-391.926
-396.714
-398.888
-398.601
-395.477
-390.07
-371.483
-357.475
-340.162
-319.862
-297.192
-271.637
-215.516
-183.521
-149.847
-114.733
-78.8017
-42.4275
28.5574
64.9636
100.836
135.817
169.428
201.386
257.728
283.608
306.094
325.864
342.807
356.892
375.505
380.799
383.698
383.916
382.11
377.269
362.837
353.16
342.437
331.156
319.499
307.531
285.133
273.844
263.039
252.751
242.893
233.537
216.943
209.05
201.674
194.642
188.064
181.886
170.944
165.703
160.727
156.039
151.538
147.345
139.795
136.125
132.612
129.245
126.02
122.917
117.263
114.496
111.829
109.248
106.756
104.345
99.894
97.6891
95.5483
93.4725
91.451
89.4874
85.8226
83.9997
82.2244
80.4916
78.7998
77.1483
74.0675
72.5295
71.0286
69.5677
68.1452
66.7642
64.2118
62.9556
61.741
60.5685
59.4426
58.3574
56.3709
55.3958
54.4535
53.5481
52.6697
51.8147
50.2262
49.4313
48.6582
47.8988
47.1553
46.4236
45.0479
44.3549
43.6712
42.9989
42.3326
41.6791
40.4417
39.8141
39.1948
38.5825
37.9797
37.3845
36.2541
35.6801
35.1126
34.5516
33.9976
33.4506
32.4086
31.879
31.356
30.8379
30.3262
29.8212
28.8593
28.3699
27.8878
27.4109
26.9398
26.4753
25.594
25.1485
24.7116
24.284
23.864
23.4539
22.6911
22.3122
21.9443
21.5883
21.2431
20.9094
20.2914
19.9846
19.6883
19.3988
19.1156
18.8377
18.3162
18.0532
17.7954
17.5407
17.2894
17.0423
16.5732
16.3346
16.0982
15.8645
15.6337
15.4054
14.971
14.7497
14.5308
14.3138
14.0992
13.8866
13.4826
13.2765
13.0726
12.8702
12.6702
12.4725
12.0949
11.9022
11.7115
11.5229
11.3355
11.1505
10.7986
10.619
10.4416
10.2662
10.0929
9.92196
9.59792
9.43412
9.27388
9.11667
8.9624
8.812
8.53281
8.39373
8.25905
8.12825
8.0011
7.87763
7.64886
7.53475
7.42334
7.31435
7.2072
7.10172
6.90374
6.80354
6.70445
6.60676
6.51011
6.41457
6.23291
6.14008
6.04842
5.95787
5.86809
5.7791
5.60947
5.52287
5.43709
5.35216
5.26787
5.18437
5.02496
4.94358
4.86279
4.78289
4.7035
4.62491
4.47492
4.39823
4.32225
4.24685
4.17212
4.098
3.95686
3.88475
3.81353
3.74303
3.67323
3.60431
3.47418
3.40844
3.34347
3.28021
3.21869
3.16112
2.87091
2.73663
2.61221
2.49733
2.39073
2.29184
2.1189
2.03808
1.96246
1.89064
1.8227
1.75892
1.64564
1.59111
1.53922
1.48963
1.44261
1.39829
1.31789
1.27825
1.24029
1.20396
1.16921
1.13571
1.07347
1.04289
1.01352
0.985317
0.958155
0.932077
0.884669
0.861868
0.839529
0.817617
0.796104
0.775051
