-1.76152
-2.0595
-2.39068
-2.77037
-3.23052
-3.79023
-4.43335
-5.1512
-5.95394
-6.87548
-7.99358
-9.37625
-10.9912
-12.8064
-14.8426
-17.1775
-20.0045
-23.5492
-27.7772
-32.6003
-38.0888
-44.4921
-52.4228
-62.824
-76.1942
-93.0713
-115.294
-147.068
-197.173
-274.312
-338.338
-259.803
-6.96606
245.746
325.771
265.124
191.721
143.176
111.699
89.4523
72.6836
59.9336
50.431
42.9715
36.6972
31.2351
26.4554
22.4138
19.1838
16.5457
14.2619
12.2295
10.4158
8.84439
7.55963
6.50429
5.5863
4.76211
4.01872
3.37139
2.27454
1.57919
1.15734
0.874089
0.66848
-1.76232
-2.05862
-2.06038
-2.3897
-2.39167
-2.7692
-2.77153
-3.22908
-3.23196
-3.78853
-3.79193
-4.43144
-4.43526
-5.14907
-5.15333
-5.95154
-5.95633
-6.87266
-6.8783
-7.99006
-7.99709
-9.37201
-9.3805
-10.9864
-10.996
-12.8011
-12.8118
-14.8365
-14.8487
-17.1704
-17.1847
-19.9955
-20.0134
-23.5382
-23.5602
-27.7645
-27.7899
-32.5859
-32.6147
-38.0723
-38.1054
-44.4723
-44.5118
-52.3975
-52.4482
-62.7908
-62.8573
-76.1521
-76.2363
-93.0176
-93.125
-115.22
-115.367
-146.958
-147.179
-196.995
-197.351
-274.069
-274.556
-338.295
-338.379
-260.317
-259.288
-7.78402
-6.14815
245.241
246.25
325.814
325.728
265.355
264.892
191.891
191.551
143.283
143.068
111.772
111.626
89.5061
89.3986
72.7248
72.6424
59.9644
59.9027
50.4543
50.4077
42.9906
42.9525
36.7136
36.6808
31.2495
31.2207
26.4679
26.443
22.424
22.4036
19.1919
19.1757
16.5525
16.5388
14.268
14.2559
12.2349
12.2241
10.4205
10.411
8.84842
8.84037
7.56287
7.55639
6.50703
6.50154
5.58874
5.58386
4.76431
4.7599
4.0207
4.01675
3.37303
3.36974
2.27712
2.27197
1.58064
1.57773
1.15826
1.15642
0.874729
0.87345
0.668994
-1.77011
-2.05005
-2.06897
-2.38008
-2.40133
-2.75789
-2.78291
-3.21512
-3.24603
-3.77198
-3.80854
-4.41284
-4.45392
-5.12834
-5.17413
-5.9282
-5.97979
-6.84524
-6.90589
-7.95593
-8.03144
-9.33074
-9.42195
-10.9394
-11.0432
-12.7485
-12.8646
-14.7772
-14.9082
-17.1011
-17.2545
-19.909
-20.1004
-23.4312
-23.6678
-27.6406
-27.9142
-32.4455
-32.7557
-37.9113
-38.2671
-44.2805
-44.7049
-52.1515
-52.6963
-62.4677
-63.1842
-75.7432
-76.6484
-92.4966
-93.6511
-114.509
-116.085
-145.897
-148.261
-195.274
-199.104
-271.736
-276.912
-337.892
-338.72
-265.163
-254.183
-15.7623
1.78455
240.231
251.107
326.158
325.286
267.606
262.637
193.562
189.905
144.338
142.028
112.489
110.917
90.0324
88.8773
73.128
72.2426
60.2665
59.6038
50.6821
50.1815
43.1769
42.7673
36.8738
36.5213
31.3901
31.0807
26.5898
26.3217
22.5239
22.3044
19.2712
19.0969
16.6195
16.4722
14.3271
14.197
12.2878
12.1715
10.4674
10.3644
8.88782
8.8013
7.59457
7.52493
6.53385
6.47484
5.61256
5.56012
4.78584
4.73845
4.03998
3.99756
3.38912
3.35378
2.30278
2.24707
1.59496
1.56366
1.16734
1.1472
0.880985
0.867231
0.674018
-1.79852
-1.84136
-1.88482
-1.92896
-1.9737
-2.01915
-2.10036
-2.14775
-2.19593
-2.24491
-2.29473
-2.34551
-2.43664
-2.49019
-2.54491
-2.601
-2.65844
-2.71738
-2.82469
-2.88859
-2.95443
-3.02251
-3.09271
-3.16522
-3.29765
-3.37638
-3.45729
-3.54042
-3.62551
-3.7125
-3.86931
-3.96125
-4.05491
-4.15032
-4.24721
-4.34576
-4.52213
-4.62511
-4.72968
-4.83606
-4.94398
-5.05368
-5.25006
-5.36477
-5.48145
-5.60036
-5.72117
-5.84422
-6.06561
-6.19564
-6.32861
-6.4647
-6.60401
-6.74703
-7.00715
-7.16206
-7.32175
-7.48708
-7.65754
-7.83404
-8.15774
-8.3509
-8.55026
-8.75545
-8.96623
-9.18255
-9.57374
-9.80389
-10.0387
-10.2783
-10.5221
-10.7703
-11.2153
-11.4752
-11.7396
-12.0086
-12.2818
-12.5595
-13.0572
-13.348
-13.6438
-13.9452
-14.2519
-14.5643
-15.1259
-15.4561
-15.7929
-16.1377
-16.4908
-16.8528
-17.5108
-17.9019
-18.3052
-18.7229
-19.1536
-19.6002
-20.421
-20.9128
-21.4219
-21.9479
-22.4897
-23.0479
-24.0622
-24.6614
-25.2746
-25.9019
-26.5419
-27.1951
-28.3688
-29.0572
-29.7579
-30.4721
-31.1997
-31.9404
-33.2709
-34.0515
-34.8471
-35.6585
-36.4867
-37.3328
-38.8587
-39.7577
-40.6792
-41.6243
-42.5956
-43.594
-45.4148
-46.5027
-47.6285
-48.796
-50.0114
-51.275
-53.6122
-55.0277
-56.505
-58.0437
-59.6465
-61.3151
-64.3865
-66.233
-68.1445
-70.1231
-72.168
-74.2842
-78.1616
-80.4823
-82.8853
-85.3731
-87.9564
-90.6405
-95.5926
-98.5874
-101.714
-104.984
-108.405
-111.996
-118.743
-122.892
-127.281
-131.922
-136.891
-142.165
-152.289
-158.633
-165.454
-172.811
-180.682
-189.212
-205.589
-216.004
-227.008
-238.595
-250.745
-263.266
-285.423
-297.833
-309.55
-320.045
-328.728
-335.095
-339.022
-336.167
-329.474
-318.032
-302.159
-281.783
-234.568
-202.192
-166.351
-127.586
-86.862
-44.6606
30.7887
72.9821
113.871
152.495
188.484
220.674
267.546
288.213
304.244
316.064
323.094
326.374
322.848
316.881
308.596
298.483
287.394
275.729
254.476
242.56
231.08
220.064
209.622
199.829
184.08
175.892
168.251
161.138
154.495
148.285
138.353
133.149
128.259
123.64
119.279
115.143
108.402
104.808
101.381
98.1068
94.9737
91.9752
87.0174
84.3386
81.7622
79.2865
76.9047
74.6149
70.8177
68.766
66.7974
64.9129
63.1087
61.3819
58.5419
57.0177
55.5568
54.1559
52.8124
51.5225
49.3743
48.2028
47.0692
45.9693
44.9009
43.8597
42.1029
41.1324
40.1836
39.256
38.3484
37.4598
35.948
35.1075
34.2832
33.4749
32.682
31.9039
30.5775
29.8402
29.1167
28.4081
27.7145
27.0362
25.8865
25.252
24.6348
24.0347
23.4534
22.891
21.951
21.4395
20.9462
20.4691
20.0081
19.5626
18.8149
18.4045
18.0052
17.6155
17.2357
16.8644
16.2328
15.882
15.538
15.1998
14.8683
14.5426
13.9854
13.6744
13.3687
13.0675
12.7716
12.4805
11.982
11.7038
11.4305
11.1613
10.8974
10.6384
10.1971
9.95253
9.71344
9.48006
9.25303
9.03228
8.66154
8.4588
8.26267
8.07283
7.88916
7.71097
7.41224
7.24831
7.08855
6.93264
6.78059
6.63194
6.37888
6.23816
6.10007
5.96426
5.83072
5.6995
5.47464
5.34893
5.22511
5.10301
4.98283
4.86439
4.66117
4.54755
4.4356
4.32538
4.21694
4.11042
3.92858
3.82765
3.72896
3.63262
3.539
3.44823
3.2968
3.15575
2.93305
2.73441
2.55779
2.40011
2.15992
2.03913
1.92912
1.82845
1.73518
1.64892
1.51285
1.44249
1.37678
1.31423
1.25575
1.20146
1.11433
1.06781
1.02369
0.981734
0.942038
0.904594
0.844952
0.812539
0.781046
0.75048
0.720986
0.692535
