-1.75462
-2.05144
-2.37953
-2.7536
-3.21022
-3.77202
-4.41587
-5.13096
-5.92649
-6.83392
-7.93978
-9.32629
-10.9446
-12.7542
-14.773
-17.0728
-19.8604
-23.4089
-27.649
-32.4604
-37.9073
-44.2226
-52.0396
-62.4536
-75.9189
-92.9028
-115.324
-147.685
-200.436
-288.468
-374.006
-295.536
-6.97635
281.559
360.89
279.035
195.277
144.076
111.821
89.2858
72.3361
59.5202
50.1221
42.7644
36.54
31.0956
26.305
22.2532
19.0608
16.4646
14.2028
12.1786
10.3628
8.78587
7.51189
6.47269
5.56353
4.74268
3.99816
3.34588
2.24808
1.5655
1.15093
0.870785
0.6665
-1.75542
-2.05056
-2.05231
-2.37855
-2.3805
-2.75245
-2.75474
-3.20878
-3.21165
-3.77031
-3.77373
-4.41396
-4.41778
-5.12885
-5.13308
-5.92412
-5.92886
-6.83115
-6.8367
-7.93628
-7.94327
-9.32203
-9.33056
-10.9398
-10.9495
-12.7488
-12.7596
-14.7669
-14.779
-17.0657
-17.0798
-19.8515
-19.8692
-23.3978
-23.4199
-27.6362
-27.6617
-32.4461
-32.4748
-37.8909
-37.9236
-44.2031
-44.242
-52.0145
-52.0648
-62.42
-62.4872
-75.8765
-75.9612
-92.8489
-92.9571
-115.25
-115.398
-147.573
-147.798
-200.244
-200.63
-288.173
-288.764
-373.911
-374.1
-296.102
-294.968
-7.91368
-6.03908
280.99
282.126
360.98
360.799
279.314
278.756
195.462
195.092
144.187
143.965
111.895
111.747
89.3401
89.2315
72.3777
72.2945
59.5509
59.4895
50.1451
50.0992
42.7832
42.7456
36.5563
36.5237
31.11
31.0812
26.3175
26.2925
22.2634
22.243
19.0688
19.0528
16.4713
16.4578
14.2088
14.1968
12.184
12.1732
10.3676
10.358
8.78989
8.78185
7.51508
7.5087
6.4754
6.46998
5.56596
5.56111
4.74489
4.74048
4.00014
3.99618
3.34754
3.34423
2.25065
2.24551
1.56696
1.56404
1.15187
1.14998
0.87142
0.870151
0.667011
-1.7632
-2.04204
-2.06086
-2.36905
-2.39004
-2.74131
-2.76596
-3.19482
-3.22571
-3.75369
-3.7904
-4.39537
-4.43643
-5.10825
-5.15376
-5.90104
-5.95204
-6.80418
-6.86383
-7.90236
-7.97749
-9.28058
-9.37223
-10.8928
-10.9966
-12.6966
-12.812
-14.7084
-14.8378
-16.9976
-17.1483
-19.7656
-19.956
-23.2903
-23.528
-27.5123
-27.7862
-32.3063
-32.6152
-37.7316
-38.0837
-44.0144
-44.4321
-51.7707
-52.3112
-62.0938
-62.8163
-75.4651
-76.3759
-92.3245
-93.4869
-114.533
-116.123
-146.483
-148.905
-198.378
-202.528
-285.306
-291.633
-372.912
-374.901
-301.496
-289.326
-17.0663
3.09638
275.316
287.556
361.777
359.832
282.02
276.058
197.285
193.311
145.279
142.89
112.624
111.027
89.8719
88.7046
72.7852
71.8906
59.8522
59.1916
50.3695
49.8764
42.9674
42.5623
36.7157
36.3651
31.2505
30.9413
26.44
26.1706
22.3628
22.1441
19.1468
18.9754
16.5374
16.392
14.2674
14.1384
12.2367
12.1206
10.4146
10.3113
8.82921
8.74281
7.54631
7.47769
6.50188
6.44361
5.58962
5.53754
4.76638
4.71906
4.0195
3.9769
3.36378
3.32813
2.27599
2.22093
1.58125
1.54994
1.16082
1.14076
0.877625
0.863984
0.672018
-1.79157
-1.83431
-1.87765
-1.92162
-1.96617
-2.01134
-2.09204
-2.13909
-2.18685
-2.23541
-2.28471
-2.33487
-2.4249
-2.47771
-2.53165
-2.58686
-2.64338
-2.70142
-2.80714
-2.87015
-2.93534
-3.00283
-3.07266
-3.14492
-3.27739
-3.35636
-3.43762
-3.5211
-3.60657
-3.69397
-3.85138
-3.94359
-4.03744
-4.13294
-4.22989
-4.32839
-4.50453
-4.60726
-4.71153
-4.81748
-4.92498
-5.03405
-5.22923
-5.34311
-5.45888
-5.57665
-5.69627
-5.81804
-6.03674
-6.16501
-6.29592
-6.42986
-6.56697
-6.70759
-6.96352
-7.11594
-7.2735
-7.43666
-7.6056
-7.78091
-8.10359
-8.2969
-8.49663
-8.70275
-8.91454
-9.13174
-9.52471
-9.7557
-9.99123
-10.2313
-10.4755
-10.7238
-11.1685
-11.428
-11.6918
-11.9599
-12.2321
-12.5086
-13.0033
-13.2921
-13.5858
-13.8848
-14.1886
-14.4977
-15.0529
-15.3785
-15.7107
-16.0505
-16.3977
-16.7535
-17.3999
-17.7846
-18.1814
-18.5925
-19.0178
-19.4596
-20.2749
-20.765
-21.2737
-21.8008
-22.3448
-22.9051
-23.924
-24.526
-25.1417
-25.771
-26.4125
-27.0664
-28.2406
-28.9282
-29.628
-30.3405
-31.0657
-31.8037
-33.1279
-33.9033
-34.6936
-35.4995
-36.3212
-37.1595
-38.6689
-39.5581
-40.4682
-41.4006
-42.3568
-43.3396
-45.131
-46.2005
-47.3081
-48.4582
-49.6561
-50.9026
-53.2212
-54.631
-56.105
-57.6459
-59.2551
-60.9315
-64.0264
-65.8861
-67.8124
-69.8059
-71.8666
-73.996
-77.8991
-80.2344
-82.6515
-85.1567
-87.7553
-90.4541
-95.4399
-98.4555
-101.605
-104.9
-108.358
-111.989
-118.817
-123.017
-127.471
-132.211
-137.257
-142.641
-153.046
-159.613
-166.713
-174.415
-182.776
-191.852
-209.642
-221.007
-233.268
-246.442
-260.433
-275.097
-302.018
-317.317
-332.377
-346.282
-358.552
-368.163
-376.845
-375.971
-370.091
-358.823
-341.983
-319.531
-267.426
-230.95
-189.989
-145.779
-98.6559
-50.0723
36.0424
84.6947
131.61
176.002
216.724
253.33
305.55
327.812
344.736
356.143
362.236
363.441
355.585
346.113
334.658
321.073
306.803
291.954
266.376
252.368
239.094
226.62
214.948
204.115
187.081
178.325
170.237
162.751
155.81
149.362
139.094
133.74
128.713
123.988
119.535
115.323
108.476
104.825
101.355
98.042
94.8718
91.8364
86.8263
84.1167
81.5135
79.0097
76.6026
74.2882
70.452
68.3829
66.4012
64.5031
62.6926
60.967
58.1354
56.6211
55.1761
53.7935
52.469
51.1959
49.0807
47.9282
46.8099
45.7247
44.67
43.6425
41.9048
40.943
40.0026
39.0824
38.1813
37.2984
35.7947
34.9579
34.1368
33.3312
32.5403
31.7637
30.4383
29.7003
28.976
28.2657
27.5696
26.8884
25.7334
25.0962
24.4764
23.8743
23.2919
22.7291
21.7915
21.2847
20.7964
20.3255
19.8719
19.4331
18.6982
18.2952
17.9026
17.5192
17.1452
16.7791
16.1555
15.8088
15.4684
15.1336
14.8047
14.4815
13.9279
13.6187
13.3143
13.0144
12.7195
12.4291
11.9314
11.6534
11.3798
11.1105
10.8461
10.5863
10.1433
9.89756
9.6575
9.42316
9.19536
8.97396
8.60326
8.40135
8.20635
8.01823
7.83666
7.66111
7.36676
7.20539
7.04826
6.8949
6.74511
6.59858
6.34886
6.20976
6.07306
5.93847
5.8062
5.67596
5.45258
5.32757
5.20434
5.08272
4.96292
4.84477
4.64186
4.52823
4.41623
4.30578
4.19714
4.09026
3.90758
3.80604
3.70667
3.60959
3.51522
3.4236
3.27063
3.12827
2.90356
2.7044
2.52866
2.37238
2.1354
2.01707
1.90904
1.80958
1.71832
1.63408
1.50018
1.43094
1.36714
1.30593
1.24813
1.1945
1.10807
1.06193
1.01819
0.976757
0.937665
0.900821
0.841892
0.809757
0.778545
0.748226
0.718857
0.690472
