-2.18865
-2.39037
-2.60319
-2.83636
-3.12646
-3.48273
-3.86931
-4.27537
-4.70273
-5.15322
-5.62878
-6.13014
-6.66078
-7.24878
-7.99343
-8.91026
-9.90442
-10.9506
-12.054
-13.2197
-14.4533
-15.7566
-17.142
-18.6905
-20.6847
-23.1402
-25.8049
-28.6229
-31.6117
-34.7964
-38.2005
-41.8456
-45.7949
-50.3411
-56.3777
-63.9595
-72.4899
-82.0212
-92.8971
-105.645
-121.069
-140.525
-166.659
-205.94
-271.21
-366.191
-448.471
-423.814
-261.786
-6.97874
246.143
408.688
431.963
349.121
260.896
202.325
164.268
137.852
118.029
102.29
89.2966
78.1764
68.4372
60.105
53.8391
48.9567
44.6266
40.6367
36.9271
33.476
30.2413
27.1889
24.3202
21.7506
19.7588
18.14
16.6522
15.2466
13.9172
12.6624
11.473
10.3414
9.27147
8.31077
7.559
6.93342
6.35165
5.79964
5.27446
4.77414
4.29696
3.83938
3.40456
2.85364
2.15418
1.71754
1.40715
1.17285
0.985911
0.835236
-2.18954
-2.38943
-2.39131
-2.60219
-2.60419
-2.83521
-2.83751
-3.12497
-3.12795
-3.48103
-3.48444
-3.86751
-3.87111
-4.27349
-4.27725
-4.70074
-4.70471
-5.15113
-5.15531
-5.62656
-5.63099
-6.12781
-6.13247
-6.65827
-6.66329
-7.2459
-7.25167
-7.98958
-7.99729
-8.90587
-8.91466
-9.89979
-9.90904
-10.9458
-10.9555
-12.0488
-12.0591
-13.2143
-13.2252
-14.4475
-14.459
-15.7506
-15.7627
-17.1354
-17.1485
-18.6827
-18.6982
-20.6744
-20.6951
-23.1285
-23.1519
-25.7925
-25.8173
-28.6097
-28.636
-31.5977
-31.6256
-34.7816
-34.8113
-38.1846
-38.2165
-41.8284
-41.8627
-45.7761
-45.8137
-50.3179
-50.3643
-56.3462
-56.4092
-63.9228
-63.9962
-72.4493
-72.5305
-81.9753
-82.0671
-92.8442
-92.9501
-105.582
-105.708
-120.992
-121.147
-140.425
-140.625
-166.519
-166.799
-205.716
-206.165
-270.844
-271.578
-365.673
-366.709
-448.29
-448.65
-424.234
-423.482
-262.811
-260.759
-8.17201
-5.78548
245.141
247.144
408.275
409.098
432.147
431.777
349.579
348.663
261.225
260.572
202.537
202.113
164.409
164.128
137.958
137.746
118.108
117.95
102.355
102.226
89.3507
89.2426
78.2234
78.1294
68.4784
68.396
60.1387
60.0715
53.8634
53.8148
48.9772
48.9363
44.6453
44.6079
40.6541
40.6193
36.9432
36.911
33.4911
33.461
30.2555
30.227
27.2023
27.1755
24.3327
24.3078
21.7611
21.7402
19.7667
19.751
18.1469
18.133
16.6587
16.6457
15.2529
15.2403
13.923
13.9114
12.6679
12.6569
11.4782
11.4678
10.3464
10.3366
9.27621
9.26673
8.31477
8.30678
7.56203
7.55598
6.93612
6.93072
6.35419
6.34911
5.80208
5.7972
5.27679
5.27214
4.77636
4.77191
4.29909
4.29484
3.84142
3.83735
3.40647
3.40265
2.85769
2.84958
2.15658
2.15179
1.71918
1.71591
1.40838
1.40593
1.17379
1.17192
0.986667
0.985156
0.83585
-2.19643
-2.3822
-2.39859
-2.59448
-2.61192
-2.82631
-2.84643
-3.11346
-3.13958
-3.46782
-3.4977
-3.85356
-3.88506
-4.25892
-4.29194
-4.68551
-4.7201
-5.13487
-5.17159
-5.60941
-5.64818
-6.10976
-6.15056
-6.63924
-6.68283
-7.22359
-7.27418
-7.95987
-8.0273
-8.87189
-8.94873
-9.86398
-9.94488
-10.908
-10.9933
-12.0091
-12.0989
-13.1722
-13.2674
-14.403
-14.5036
-15.7037
-15.8097
-17.0844
-17.1991
-18.6235
-18.7589
-20.5947
-20.7756
-23.0376
-23.2428
-25.6965
-25.9135
-28.5078
-28.7378
-31.4899
-31.7337
-34.6668
-34.927
-38.0613
-38.3405
-41.6963
-41.9957
-45.6309
-45.9597
-50.1393
-50.5457
-56.103
-56.6546
-63.6394
-64.28
-72.1353
-72.8462
-81.6208
-82.4239
-92.4352
-93.3611
-105.096
-106.198
-120.394
-121.75
-139.654
-141.409
-165.442
-167.899
-203.997
-207.941
-268.03
-274.449
-361.947
-370.472
-446.678
-449.961
-427.385
-420.369
-269.978
-252.706
-17.4201
3.46201
237.36
254.886
405
412.189
433.487
430.211
353.171
345.134
263.797
258.075
204.183
200.485
165.504
163.05
138.753
136.958
118.724
117.339
102.854
101.732
89.7707
88.8248
78.5882
77.7666
68.7986
68.0777
60.4012
59.8132
54.0528
53.6278
49.1355
48.7782
44.7906
44.463
40.7873
40.4848
37.0686
36.7866
33.6082
33.3446
30.3656
30.1168
27.3064
27.0715
24.4296
24.2104
21.8429
21.6596
19.828
19.6903
18.2007
18.079
16.7093
16.5951
15.3014
15.1923
13.9681
13.8665
12.7106
12.6138
11.519
11.4272
10.3852
10.2982
9.31262
9.23081
8.34537
8.27629
7.58525
7.53255
6.95704
6.90986
6.37396
6.32947
5.82102
5.77831
5.29492
5.25413
4.79349
4.75467
4.31539
4.27835
3.85714
3.82164
3.4213
3.38783
2.88987
2.81819
2.17536
2.13342
1.73197
1.70334
1.41794
1.39649
1.18107
1.16469
0.992555
0.979226
0.840618
-2.21676
-2.24524
-2.27388
-2.30268
-2.3315
-2.3609
-2.42002
-2.45022
-2.48008
-2.51043
-2.54102
-2.57184
-2.63473
-2.66671
-2.69916
-2.73234
-2.76613
-2.80067
-2.87306
-2.91115
-2.95075
-2.99246
-3.03543
-3.08025
-3.17434
-3.22342
-3.2737
-3.32504
-3.37737
-3.43005
-3.53678
-3.59108
-3.64579
-3.70105
-3.75686
-3.81287
-3.92611
-3.98327
-4.0409
-4.09895
-4.15728
-4.21588
-4.33517
-4.39529
-4.45578
-4.5168
-4.57859
-4.64057
-4.76552
-4.82854
-4.8923
-4.95689
-5.02162
-5.08704
-5.21966
-5.28634
-5.35387
-5.42154
-5.48993
-5.55939
-5.699
-5.76986
-5.84078
-5.91187
-5.98363
-6.05686
-6.20394
-6.27826
-6.35359
-6.42978
-6.50542
-6.58258
-6.74012
-6.82043
-6.90208
-6.98622
-7.07048
-7.15818
-7.34245
-7.43972
-7.54064
-7.64775
-7.75884
-7.87407
-8.11681
-8.24311
-8.37246
-8.5044
-8.639
-8.77452
-9.04867
-9.18863
-9.32898
-9.47192
-9.61483
-9.75893
-10.0504
-10.1978
-10.346
-10.4957
-10.6457
-10.7972
-11.1046
-11.2594
-11.4159
-11.5735
-11.733
-11.8934
-12.2153
-12.3795
-12.5441
-12.7122
-12.8787
-13.0486
-13.3917
-13.5646
-13.7399
-13.9152
-14.0928
-14.2728
-14.6362
-14.8195
-15.0016
-15.1886
-15.3755
-15.5659
-15.9488
-16.143
-16.3383
-16.5359
-16.7364
-16.9384
-17.349
-17.5587
-17.7749
-17.9957
-18.218
-18.4516
-18.9401
-19.2001
-19.4735
-19.7576
-20.0553
-20.3645
-21.0152
-21.3536
-21.7003
-22.0536
-22.4141
-22.772
-23.5101
-23.8848
-24.2612
-24.6441
-25.0273
-25.414
-26.1971
-26.5933
-26.9916
-27.3948
-27.799
-28.21
-29.0375
-29.457
-29.8803
-30.308
-30.7406
-31.1753
-32.0509
-32.4986
-32.9481
-33.4041
-33.861
-34.3267
-35.2693
-35.7455
-36.224
-36.7112
-37.2034
-37.6999
-38.7091
-39.2191
-39.7289
-40.2497
-40.7756
-41.309
-42.3882
-42.9385
-43.4935
-44.0543
-44.6255
-45.2089
-46.3936
-47.0055
-47.6366
-48.2703
-48.9367
-49.6285
-51.0884
-51.872
-52.693
-53.5525
-54.4616
-55.4002
-57.3856
-58.4242
-59.4903
-60.5823
-61.6917
-62.8105
-65.1229
-66.3046
-67.5043
-68.724
-69.9611
-71.2171
-73.7832
-75.099
-76.4358
-77.7953
-79.1776
-80.5879
-83.4809
-84.9698
-86.4905
-88.0432
-89.6274
-91.2455
-94.586
-96.3192
-98.0926
-99.9108
-101.775
-103.684
-107.659
-109.733
-111.871
-114.068
-116.33
-118.665
-123.553
-126.134
-128.809
-131.58
-134.446
-137.423
-143.76
-147.127
-150.647
-154.377
-158.267
-162.36
-171.23
-176.093
-181.237
-186.799
-192.722
-199.096
-213.411
-221.368
-230.049
-239.405
-249.303
-259.971
-283.127
-295.711
-308.772
-322.167
-336.461
-351.491
-380.885
-395.901
-408.922
-421.661
-432.92
-441.608
-452.78
-454.867
-454.033
-450.897
-445.592
-435.732
-409.898
-392.243
-371.887
-347.722
-321.085
-292.451
-227.985
-193.231
-156.562
-119.88
-82.4091
-44.6205
30.7349
68.2546
105.776
142.682
178.478
213.304
277.399
307.806
333.776
357.578
377.198
394.37
419.924
428.513
434.523
438.191
439.018
436.665
425.232
415.602
403.975
392.047
377.969
363.806
335.164
320.961
307.659
294.826
282.919
271.597
250.912
241.485
232.644
224.2
216.516
209.209
195.865
189.844
184.071
178.705
173.642
168.802
159.951
155.836
151.917
148.181
144.583
141.141
134.701
131.658
128.728
125.9
123.18
120.554
115.564
113.191
110.878
108.641
106.461
104.344
100.294
98.3456
96.4487
94.5933
92.7864
91.0183
87.6097
85.9555
84.3352
82.7502
81.1959
79.6709
76.7094
75.2662
73.8482
72.4566
71.0943
69.7512
67.1501
65.8908
64.6594
63.4648
62.3038
61.1827
59.0735
58.102
57.1708
56.2772
55.428
54.618
53.0874
52.359
51.6534
50.9612
50.2727
49.6105
48.3128
47.6766
47.0528
46.4344
45.8246
45.2222
44.0378
43.4542
42.8771
42.305
41.7439
41.1875
40.0898
39.5491
39.0161
38.4879
37.962
37.4428
36.4187
35.9164
35.4178
34.9232
34.4377
33.954
32.9998
32.5269
32.0613
31.6002
31.1424
30.6886
29.7946
29.3483
28.9074
28.4734
28.0421
27.6135
26.7686
26.3519
25.9347
25.5239
25.1174
24.7168
23.9286
23.5457
23.1649
22.7945
22.4362
22.0875
21.4307
21.1219
20.8251
20.5431
20.2712
20.0112
19.5138
19.2753
19.0431
18.8128
18.5828
18.3603
17.9201
17.7051
17.4911
17.2782
17.068
16.859
16.4464
16.2425
16.0401
15.8379
15.6399
15.4429
15.0522
14.8591
14.669
14.4793
14.29
14.1021
13.7329
13.5513
13.3698
13.1903
13.0135
12.837
12.4875
12.3144
12.1436
11.9739
11.8054
11.6388
11.307
11.1428
10.9798
10.8188
10.6589
10.4995
10.1851
10.0295
9.87453
9.72096
9.5697
9.41981
9.12545
8.98214
8.83973
8.70194
8.56706
8.43712
8.19117
8.07468
7.96415
7.85764
7.75371
7.65616
7.46469
7.37264
7.28213
7.19313
7.10529
7.01885
6.84843
6.76371
6.68005
6.59706
6.5148
6.43272
6.27123
6.1913
6.11187
6.03302
5.95458
5.87676
5.72305
5.64683
5.57129
5.49667
5.42225
5.34805
5.20139
5.12898
5.05697
4.98564
4.91406
4.84406
4.70455
4.6354
4.56675
4.49894
4.43099
4.36364
4.23008
4.16404
4.09828
4.03254
3.96763
3.90348
3.77605
3.71285
3.64975
3.58748
3.52595
3.46497
3.34467
3.28494
3.22467
3.16071
3.08593
2.98151
2.72788
2.6118
2.50483
2.40724
2.31671
2.2325
2.08111
2.01202
1.94655
1.88508
1.82659
1.77059
1.66756
1.62031
1.57463
1.53036
1.4876
1.44656
1.36925
1.33386
1.29902
1.26515
1.23359
1.20279
1.14373
1.11537
1.08787
1.06114
1.03527
1.01016
0.962057
0.939034
0.916845
0.8953
0.874649
0.854761
