-2.48451
-2.79998
-3.16757
-3.59806
-4.08657
-4.62584
-5.21544
-5.86288
-6.58462
-7.41433
-8.39572
-9.54421
-10.8404
-12.2701
-13.8393
-15.5759
-17.5385
-19.8359
-22.579
-25.7791
-29.3832
-33.3854
-37.8415
-42.8863
-48.7869
-55.9852
-64.889
-75.6933
-88.6904
-104.666
-125.152
-152.947
-192.407
-246.021
-298.967
-299.921
-196.616
-6.89661
183.481
287.018
287.62
237.652
186.709
148.697
121.412
101.022
85.0804
72.2427
61.9005
53.6814
47.0229
41.3823
36.4348
32.0146
28.0479
24.5378
21.5361
19.0248
16.8772
14.9767
13.2582
11.6922
10.2714
9.01116
7.9324
7.01535
6.21299
5.48934
4.82623
4.21688
3.66556
3.06022
2.15535
1.60973
1.24543
-2.48554
-2.7988
-2.80117
-3.16617
-3.16897
-3.59644
-3.59967
-4.08478
-4.08837
-4.62387
-4.62782
-5.21328
-5.2176
-5.8605
-5.86526
-6.58193
-6.58732
-7.41119
-7.41747
-8.392
-8.39945
-9.53993
-9.54851
-10.8356
-10.8452
-12.2648
-12.2753
-13.8335
-13.845
-15.5695
-15.5823
-17.5311
-17.5458
-19.8271
-19.8447
-22.5686
-22.5894
-25.7672
-25.791
-29.3699
-29.3965
-33.3707
-33.4002
-37.825
-37.858
-42.8674
-42.9053
-48.7643
-48.8095
-55.9573
-56.0132
-64.8546
-64.9234
-75.6519
-75.7347
-88.6403
-88.7404
-104.604
-104.729
-125.069
-125.234
-152.832
-153.062
-192.242
-192.573
-245.818
-246.225
-298.83
-299.104
-300.069
-299.77
-197.161
-196.07
-7.61886
-6.1741
182.942
184.019
286.853
287.181
287.747
287.493
237.846
237.459
186.866
186.552
148.809
148.585
121.493
121.331
101.085
100.96
85.13
85.0308
72.2831
72.2023
61.9326
61.8684
53.7071
53.6557
47.0441
47.0017
41.4007
41.3639
36.4511
36.4185
32.0293
32
28.061
28.0348
24.5492
24.5264
21.5456
21.5265
19.0328
19.0167
16.8842
16.8702
14.983
14.9704
13.2639
13.2525
11.6974
11.687
10.2761
10.2666
9.01526
9.00706
7.93586
7.92893
7.01833
7.01237
6.21564
6.21034
5.49176
5.48692
4.82845
4.82401
4.21892
4.21484
3.66736
3.66375
3.06442
3.05604
2.15774
2.15297
1.61126
1.60821
1.24648
-2.49459
-2.78846
-2.81157
-3.15398
-3.18123
-3.58236
-3.61382
-4.06907
-4.10413
-4.60665
-4.6451
-5.19445
-5.2365
-5.83972
-5.88611
-6.55844
-6.61092
-7.38385
-7.44502
-8.35946
-8.43218
-9.50247
-9.58613
-10.794
-10.887
-12.2191
-12.3212
-13.7833
-13.8955
-15.5134
-15.6386
-17.4668
-17.6103
-19.7508
-19.9217
-22.4776
-22.6809
-25.6631
-25.8956
-29.2539
-29.513
-33.242
-33.5294
-37.6809
-38.0027
-42.7022
-43.0714
-48.5671
-49.0082
-55.7137
-56.259
-64.5552
-65.2252
-75.2918
-76.0978
-88.2038
-89.1803
-104.06
-105.277
-124.353
-125.958
-151.831
-154.077
-190.808
-194.009
-244.042
-248.006
-297.614
-300.27
-301.318
-298.225
-201.889
-191.25
-13.9083
0.15895
178.171
188.741
285.345
288.547
288.834
286.363
239.528
235.759
188.246
185.189
149.794
147.613
122.209
120.623
101.634
100.416
85.5658
84.5971
72.6371
71.8499
62.215
61.5886
53.9325
53.4318
47.2304
46.8166
41.5619
41.2035
36.5943
36.2759
32.1577
31.8721
28.1758
27.9205
24.6493
24.4268
21.6298
21.443
19.1035
18.9461
16.9459
16.8089
15.0383
14.9154
13.3141
13.2025
11.7432
11.6414
10.3173
10.2256
9.05124
8.97132
7.96626
7.89869
7.04444
6.98639
6.2389
6.18717
5.51296
5.46581
4.84794
4.80459
4.23679
4.19703
3.6832
3.64799
3.10152
3.01977
2.1788
2.1323
1.6247
1.59501
1.25581
-2.52465
-2.56888
-2.61393
-2.65989
-2.70685
-2.75466
-2.84625
-2.89728
-2.94957
-3.00316
-3.05802
-3.11435
-3.222
-3.28224
-3.3437
-3.40654
-3.47078
-3.5363
-3.66082
-3.72983
-3.80016
-3.87158
-3.94398
-4.01752
-4.15646
-4.23312
-4.3108
-4.38959
-4.46939
-4.55012
-4.7025
-4.78623
-4.87119
-4.95723
-5.04451
-5.13277
-5.29925
-5.39111
-5.48406
-5.57856
-5.67429
-5.77153
-5.95535
-6.05701
-6.16049
-6.26556
-6.37262
-6.48161
-6.68931
-6.80494
-6.92301
-7.0439
-7.16761
-7.29441
-7.53693
-7.67317
-7.8128
-7.95588
-8.10269
-8.25316
-8.54121
-8.70199
-8.86633
-9.03408
-9.2053
-9.37973
-9.71113
-9.89453
-10.081
-10.2703
-10.4624
-10.6573
-11.0256
-11.2286
-11.4345
-11.6432
-11.8547
-12.069
-12.4734
-12.6962
-12.922
-13.1507
-13.3828
-13.6184
-14.0633
-14.3087
-14.5578
-14.8109
-15.0682
-15.3297
-15.8258
-16.1012
-16.3811
-16.6668
-16.9587
-17.2566
-17.8262
-18.1443
-18.471
-18.8053
-19.1485
-19.5011
-20.1785
-20.5586
-20.9487
-21.3496
-21.7601
-22.1808
-22.9856
-23.434
-23.893
-24.3595
-24.8362
-25.3218
-26.2426
-26.752
-27.2697
-27.7963
-28.3311
-28.8737
-29.9002
-30.4667
-31.0418
-31.6256
-32.2183
-32.8203
-33.9585
-34.5871
-35.2261
-35.8764
-36.5365
-37.2086
-38.4836
-39.1916
-39.9121
-40.6467
-41.3964
-42.1623
-43.6246
-44.4409
-45.2794
-46.1374
-47.02
-47.9256
-49.6744
-50.6593
-51.6732
-52.7201
-53.8042
-54.9208
-57.0827
-58.3046
-59.5652
-60.8642
-62.2023
-63.5798
-66.234
-67.7269
-69.2619
-70.8373
-72.4561
-74.1173
-77.3098
-79.1019
-80.9429
-82.837
-84.7824
-86.7836
-90.6525
-92.833
-95.0809
-97.4069
-99.8076
-102.292
-107.124
-109.884
-112.738
-115.711
-118.815
-122.036
-128.399
-132.066
-135.909
-139.946
-144.166
-148.611
-157.493
-162.645
-168.064
-173.823
-179.852
-186.197
-198.845
-206.159
-213.773
-221.611
-229.819
-238.159
-253.913
-262.452
-270.828
-278.993
-286.563
-293.456
-303.719
-307.367
-309.717
-310.308
-308.889
-305.181
-292.844
-282.742
-270.032
-254.81
-237.049
-216.868
-174.707
-149.398
-122.381
-94.1839
-64.8502
-34.7223
21.1577
51.0883
80.245
108.774
135.828
161.449
203.657
223.514
241.261
256.534
269.246
279.589
292.538
296.281
297.841
297.391
295.473
292.171
282.4
275.929
268.582
261.06
253.185
245.1
230.191
222.322
214.676
207.101
199.829
192.85
180.795
174.713
168.914
163.386
158.118
153.113
144.479
140.143
135.998
132.041
128.253
124.622
118.333
115.12
112.03
109.071
106.226
103.479
98.6528
96.1746
93.773
91.45
89.2057
87.0327
83.1834
81.1946
79.2654
77.3947
75.582
73.8228
70.7051
69.0953
67.5378
66.0303
64.572
63.1632
60.677
59.3964
58.1596
56.9639
55.8053
54.6864
52.7047
51.6778
50.682
49.7138
48.7709
47.8528
46.2119
45.3532
44.5132
43.6922
42.8866
42.098
40.6785
39.9316
39.1973
38.4755
37.767
37.07
35.8092
35.1437
34.4889
33.8441
33.2091
32.5844
31.4531
30.8549
30.2664
29.6874
29.1179
28.5577
27.546
27.0135
26.4905
25.9772
25.4746
24.9828
24.1012
23.6404
23.1912
22.7538
22.3265
21.9107
21.1701
20.7849
20.4091
20.0438
19.6872
19.3392
18.7161
18.3901
18.0709
17.7587
17.4518
17.1506
16.6079
16.3216
16.0401
15.7631
15.4907
15.2216
14.7349
14.4772
14.2231
13.9722
13.7248
13.481
13.0382
12.8033
12.5718
12.3432
12.1177
11.8952
11.4916
11.2779
11.0673
10.8597
10.6553
10.4543
10.0911
9.89962
9.71181
9.52772
9.34763
9.17093
8.8548
8.68953
8.5282
8.37083
8.21732
8.06752
7.79978
7.66005
7.52344
7.39001
7.25927
7.13134
6.90123
6.78024
6.66142
6.54427
6.4293
6.31611
6.11117
6.00268
5.89576
5.79031
5.68603
5.58326
5.39646
5.29731
5.19933
5.10255
5.00713
4.91253
4.74091
4.64968
4.55945
4.4705
4.38265
4.29609
4.13873
4.05554
3.97353
3.89289
3.81369
3.73595
3.59655
3.52368
3.45282
3.38359
3.31655
3.22867
2.90475
2.75054
2.60961
2.48033
2.36094
2.25042
2.06635
1.9764
1.89249
1.81437
1.74033
1.67048
1.55278
1.49357
1.43887
1.38581
1.33529
1.28738
