-2.45744
-2.7604
-3.11915
-3.55455
-4.04899
-4.5885
-5.17253
-5.80684
-6.50362
-7.29794
-8.2672
-9.43441
-10.7416
-12.166
-13.714
-15.4056
-17.2865
-19.4919
-22.2329
-25.4776
-29.0914
-33.0516
-37.4115
-42.2678
-47.8575
-54.7744
-63.6565
-74.4088
-87.1407
-102.582
-122.17
-148.711
-188.046
-249.664
-327.662
-354.202
-240.964
-6.89306
227.055
339.926
314.503
240.912
183.346
145.142
118.723
99.0201
83.4557
70.7329
60.4701
52.6072
46.3105
40.8879
36.0545
31.683
27.7107
24.1514
21.1585
18.7502
16.6924
14.8408
13.1455
11.5842
10.1511
8.87248
7.80747
6.92868
6.15351
5.44274
4.78412
4.17154
3.60344
2.9768
2.10643
1.58017
1.22949
-2.45843
-2.75926
-2.76154
-3.11776
-3.12054
-3.55291
-3.55618
-4.04718
-4.0508
-4.58654
-4.59046
-5.17041
-5.17465
-5.80453
-5.80916
-6.50105
-6.50619
-7.29491
-7.30097
-8.26345
-8.27095
-9.43007
-9.43875
-10.7368
-10.7464
-12.1609
-12.1712
-13.7084
-13.7197
-15.3994
-15.4119
-17.2795
-17.2935
-19.4834
-19.5005
-22.2223
-22.2435
-25.4656
-25.4896
-29.0781
-29.1046
-33.0371
-33.0661
-37.3955
-37.4275
-42.2497
-42.2859
-47.836
-47.879
-54.7469
-54.802
-63.622
-63.691
-74.368
-74.4496
-87.0921
-87.1894
-102.521
-102.642
-122.091
-122.248
-148.6
-148.821
-187.876
-188.217
-249.403
-249.926
-327.417
-327.907
-354.325
-354.077
-241.615
-240.311
-7.79113
-5.99499
226.396
227.713
339.803
340.047
314.736
314.269
241.154
240.67
183.509
183.184
145.252
145.033
118.802
118.645
99.0807
98.9595
83.5054
83.4065
70.7735
70.6924
60.5016
60.4386
52.6313
52.583
46.3307
46.2903
40.9057
40.8701
36.0705
36.0385
31.6976
31.6684
27.7239
27.6975
24.1629
24.1398
21.1679
21.1492
18.7578
18.7425
16.6992
16.6856
14.847
14.8347
13.1511
13.1398
11.5895
11.579
10.1559
10.1464
8.8766
8.86837
7.81081
7.80414
6.93153
6.92584
6.1561
6.15092
5.44512
5.44035
4.78634
4.78191
4.1736
4.16947
3.60534
3.60153
2.98079
2.97288
2.10871
2.10415
1.58165
1.57869
1.23052
-2.46715
-2.74934
-2.77151
-3.10565
-3.13274
-3.53861
-3.57054
-4.03136
-4.06666
-4.56942
-4.60763
-5.15184
-5.19327
-5.7843
-5.82945
-6.47861
-6.52873
-7.26852
-7.32755
-8.23072
-8.30398
-9.3921
-9.47678
-10.6951
-10.7883
-12.1157
-12.2167
-13.6591
-13.7692
-15.3453
-15.4663
-17.2183
-17.3554
-19.4088
-19.5759
-22.1298
-22.3365
-25.3606
-25.5952
-28.9624
-29.2206
-32.9105
-33.1932
-37.2553
-37.568
-42.092
-42.4447
-47.6494
-48.068
-54.5073
-55.0443
-63.3199
-63.9935
-74.012
-74.8077
-86.6684
-87.6166
-101.995
-103.17
-121.407
-122.937
-147.636
-149.793
-186.398
-189.722
-247.131
-252.224
-325.247
-330.023
-355.337
-352.923
-247.273
-234.555
-15.6494
1.863
220.56
233.409
338.665
341.052
316.76
312.204
243.279
238.563
184.945
181.78
146.215
144.086
119.493
117.965
99.6132
98.4328
83.941
82.9809
71.1292
70.3396
60.7788
60.1644
52.8434
52.3725
46.5081
46.1134
41.0618
40.7146
36.2106
35.8987
31.8255
31.5413
27.8397
27.5822
24.2644
24.0392
21.2502
21.0678
18.8252
18.6757
16.7586
16.6264
14.9008
14.7808
13.2008
13.0902
11.6354
11.5332
10.1977
10.1047
8.91274
8.83249
7.84012
7.77504
6.95651
6.90097
6.17882
6.12829
5.46604
5.41949
4.80578
4.76252
4.1917
4.15142
3.62204
3.58488
3.01583
2.93897
2.12893
2.08422
1.5947
1.56582
1.23956
-2.49613
-2.53868
-2.58187
-2.62592
-2.67096
-2.71687
-2.80471
-2.85396
-2.90449
-2.95668
-3.01068
-3.06612
-3.17341
-3.23391
-3.29602
-3.35972
-3.42505
-3.49172
-3.61827
-3.68854
-3.75974
-3.83197
-3.90515
-3.97943
-4.1193
-4.19628
-4.27411
-4.35296
-4.43264
-4.51318
-4.66468
-4.74792
-4.83222
-4.91736
-5.00363
-5.09093
-5.25503
-5.34538
-5.43668
-5.52922
-5.62294
-5.7179
-5.89682
-5.99546
-6.09562
-6.19696
-6.30013
-6.40504
-6.60368
-6.71416
-6.82705
-6.94259
-7.06116
-7.18252
-7.41698
-7.5494
-7.68619
-7.8272
-7.9733
-8.12381
-8.41459
-8.57776
-8.74473
-8.91573
-9.09005
-9.26724
-9.60338
-9.78896
-9.97731
-10.1683
-10.3616
-10.5578
-10.927
-11.13
-11.3355
-11.5433
-11.7536
-11.9668
-12.3676
-12.5879
-12.8108
-13.0368
-13.2655
-13.4971
-13.9337
-14.1737
-14.4171
-14.6639
-14.9139
-15.1675
-15.6468
-15.9118
-16.1808
-16.4548
-16.7333
-17.0178
-17.5611
-17.8633
-18.1748
-18.4949
-18.825
-19.1667
-19.8274
-20.2013
-20.5901
-20.9905
-21.4031
-21.8288
-22.6459
-23.1022
-23.5681
-24.0421
-24.5254
-25.0163
-25.9453
-26.4585
-26.9785
-27.5067
-28.0416
-28.5834
-29.6052
-30.1679
-30.7374
-31.3162
-31.9012
-32.4962
-33.6151
-34.234
-34.8616
-35.4974
-36.1423
-36.7971
-38.0345
-38.7193
-39.4151
-40.123
-40.8434
-41.5768
-42.9723
-43.7494
-44.542
-45.3537
-46.1868
-47.0423
-48.6985
-49.6314
-50.5983
-51.6074
-52.6501
-53.7336
-55.8556
-57.0647
-58.3179
-59.6182
-60.9584
-62.339
-65.002
-66.4941
-68.0257
-69.5947
-71.2021
-72.8499
-76.0017
-77.7697
-79.577
-81.4317
-83.3323
-85.2863
-89.0435
-91.1684
-93.3439
-95.5861
-97.9032
-100.294
-104.94
-107.58
-110.313
-113.163
-116.117
-119.191
-125.26
-128.747
-132.393
-136.253
-140.3
-144.545
-153.079
-158.098
-163.429
-169.096
-175.155
-181.663
-194.88
-202.744
-211.171
-220.186
-229.772
-239.856
-259.865
-271.255
-282.881
-294.699
-306.354
-317.807
-336.681
-345.242
-351.99
-356.531
-358.449
-357.749
-348.076
-338.104
-324.811
-308.145
-288.144
-265.217
-214.509
-183.136
-150.011
-114.875
-78.6523
-41.5391
27.7558
64.8588
101.082
136.135
169.29
200.609
251.316
274.498
294.444
310.878
323.972
333.898
343.063
344.098
342.172
337.885
331.278
323.223
305.129
294.517
283.38
272.1
261.161
250.446
231.77
222.402
213.534
205.185
197.228
189.809
177.228
170.998
165.132
159.618
154.411
149.457
141.034
136.814
132.786
128.974
125.311
121.821
115.749
112.657
109.68
106.81
104.058
101.397
96.7217
94.3026
91.9762
89.7063
87.5066
85.3806
81.5924
79.6307
77.7197
75.8647
74.0606
72.3121
69.1993
67.5931
66.0402
64.5453
63.1009
61.711
59.2809
58.0439
56.8555
55.7136
54.6136
53.5554
51.6869
50.7207
49.7799
48.8649
47.972
47.0995
45.5354
44.7159
43.9122
43.1216
42.3435
41.5815
40.2048
39.476
38.7591
38.0555
37.3611
36.6772
35.4404
34.7834
34.1368
33.499
32.8699
32.2508
31.1246
30.5276
29.9396
29.3603
28.7872
28.2243
27.2038
26.6643
26.135
25.6142
25.1026
24.603
23.71
23.2461
22.7947
22.3578
21.9329
21.5249
20.8031
20.4314
20.0711
19.7219
19.382
19.0505
18.4571
18.1452
17.8398
17.5406
17.2459
16.956
16.4322
16.1543
15.8804
15.6104
15.3443
15.081
14.6031
14.3496
14.0982
13.8509
13.6068
13.3661
12.9271
12.6943
12.4632
12.2359
12.0101
11.7875
11.3831
11.1683
10.9561
10.7469
10.5405
10.3368
9.9682
9.77398
9.58244
9.39525
9.21216
9.0333
8.71499
8.54983
8.38933
8.23465
8.08421
7.93824
7.6801
7.54613
7.41562
7.28804
7.16247
7.03985
6.81942
6.70324
6.58842
6.47519
6.36381
6.25402
6.05376
5.94761
5.84293
5.73927
5.63666
5.53535
5.351
5.25282
5.15572
5.05972
4.96473
4.87026
4.69886
4.60764
4.51713
4.42776
4.33917
4.25173
4.092
4.0073
3.92342
3.8403
3.75835
3.67739
3.53028
3.45218
3.37546
3.29908
3.22344
3.13227
2.8307
2.68381
2.54733
2.42171
2.30572
2.1982
2.02112
1.93433
1.85283
1.7765
1.7056
1.63873
1.52445
1.46776
1.41451
1.36429
1.31608
1.27007
