-2.25861
-2.40926
-2.56908
-2.73996
-2.92654
-3.13271
-3.36064
-3.60821
-3.87319
-4.15289
-4.44674
-4.75462
-5.0762
-5.41338
-5.76743
-6.14104
-6.53763
-6.9649
-7.43268
-7.95185
-8.52933
-9.15945
-9.83647
-10.5542
-11.3071
-12.0991
-12.9279
-13.7986
-14.7148
-15.6832
-16.714
-17.8285
-19.0524
-20.4164
-21.9386
-23.609
-25.413
-27.3329
-29.3586
-31.4971
-33.7493
-36.1317
-38.6592
-41.3563
-44.2605
-47.4399
-50.986
-55.0099
-59.5956
-64.7489
-70.4717
-76.7642
-83.6984
-91.3701
-99.986
-109.758
-121.032
-134.349
-150.359
-169.993
-194.702
-225.225
-261.391
-299.264
-329.111
-335.685
-306.516
-236.862
-131.841
-6.85467
117.606
222.655
292.644
321.952
315.922
287.61
252.001
218.366
189.358
165.745
146.472
130.693
117.464
106.179
96.3854
87.7379
80.0475
73.1584
67.0269
61.6207
56.9177
52.8045
49.1513
45.838
42.7876
39.9432
37.2771
34.7615
32.3813
30.1273
27.997
25.9941
24.1371
22.4418
20.9221
19.5627
18.3267
17.185
16.1139
15.1019
14.1422
13.2242
12.3516
11.5176
10.7247
9.97415
9.27391
8.62998
8.04876
7.52399
7.04465
6.59806
6.17819
5.77853
5.39765
5.03233
4.68224
4.34584
4.02439
3.71857
3.43114
3.10086
2.53393
2.11486
1.79626
1.54494
1.34369
1.17706
1.03555
0.916079
-2.25955
-2.40827
-2.41025
-2.56802
-2.57013
-2.73883
-2.7411
-2.9253
-2.92779
-3.13133
-3.13409
-3.35912
-3.36216
-3.60656
-3.60986
-3.87145
-3.87494
-4.15106
-4.15473
-4.44482
-4.44866
-4.75258
-4.75667
-5.07409
-5.07831
-5.41118
-5.41558
-5.76512
-5.76975
-6.13859
-6.1435
-6.53501
-6.54025
-6.96205
-6.96775
-7.42954
-7.43583
-7.94834
-7.95535
-8.52547
-8.53319
-9.15525
-9.16365
-9.83201
-9.84094
-10.5494
-10.5589
-11.3022
-11.3121
-12.0939
-12.1042
-12.9225
-12.9333
-13.7929
-13.8043
-14.7088
-14.7208
-15.6768
-15.6896
-16.7071
-16.7208
-17.821
-17.8361
-19.0441
-19.0606
-20.4072
-20.4256
-21.9284
-21.9488
-23.5979
-23.6202
-25.4011
-25.4249
-27.3205
-27.3453
-29.3454
-29.3718
-31.4831
-31.5111
-33.7345
-33.7641
-36.1161
-36.1473
-38.6426
-38.6758
-41.3385
-41.3742
-44.2411
-44.2799
-47.4186
-47.4613
-50.9619
-51.0101
-54.9824
-55.0373
-59.5645
-59.6268
-64.7142
-64.7837
-70.4333
-70.5101
-76.722
-76.8064
-83.6519
-83.745
-91.3183
-91.4219
-99.9277
-100.044
-109.691
-109.825
-120.953
-121.111
-134.255
-134.443
-150.247
-150.472
-169.852
-170.133
-194.523
-194.881
-225.006
-225.445
-261.141
-261.641
-299.019
-299.508
-328.978
-329.239
-335.739
-335.63
-306.835
-306.196
-237.368
-236.332
-132.593
-131.084
-7.66843
-6.04091
116.84
118.37
222.076
223.233
292.319
292.966
321.876
322.087
316.039
315.803
287.843
287.377
252.225
251.777
218.571
218.161
189.525
189.191
165.881
165.61
146.585
146.359
130.789
130.598
117.541
117.386
106.246
106.112
96.4438
96.3269
87.79
87.6859
80.0941
80.0009
73.1999
73.1168
67.0637
66.9901
61.6529
61.5887
56.9457
56.8898
52.8291
52.7798
49.1735
49.1292
45.8583
45.8178
42.8063
42.7688
39.9607
39.9257
37.2936
37.2607
34.7771
34.7459
32.3961
32.3665
30.1414
30.1133
28.0102
27.9838
26.0065
25.9817
24.1485
24.1257
22.452
22.4317
20.9311
20.913
19.571
19.5544
18.3343
18.3191
17.1921
17.178
16.1205
16.1072
15.1082
15.0956
14.1482
14.1361
13.2299
13.2185
12.357
12.3461
11.5228
11.5124
10.7297
10.7198
9.97881
9.96948
9.27821
9.26961
8.63387
8.62609
8.05226
8.04526
7.5272
7.52079
7.0476
7.04171
6.60083
6.5953
6.1808
6.17557
5.781
5.77607
5.40002
5.39528
5.03464
5.03003
4.68443
4.68005
4.34795
4.34373
4.0264
4.02239
3.72047
3.71667
3.43291
3.42938
3.10515
3.0966
2.53703
2.53084
2.11717
2.11255
1.79806
1.79446
1.54638
1.54351
1.34486
1.34252
1.17802
1.1761
1.03638
1.03472
0.916779
-2.26613
-2.40136
-2.41718
-2.56065
-2.57753
-2.73092
-2.74906
-2.91663
-2.93654
-3.12165
-3.14377
-3.34849
-3.37279
-3.59505
-3.62144
-3.85926
-3.88715
-4.13835
-4.16758
-4.43139
-4.46212
-4.73849
-4.77081
-5.05938
-5.09312
-5.39581
-5.431
-5.74897
-5.78604
-6.12143
-6.16071
-6.51669
-6.55864
-6.94216
-6.98778
-7.40758
-7.45789
-7.92389
-7.97995
-8.4985
-8.5603
-9.12601
-9.19313
-9.8008
-9.87225
-10.5165
-10.5914
-11.2678
-11.3466
-12.0577
-12.1406
-12.8845
-12.9714
-13.7532
-13.8441
-14.667
-14.7627
-15.6322
-15.7343
-16.6595
-16.7687
-17.7682
-17.8884
-18.9866
-19.1183
-20.3432
-20.4897
-21.8569
-22.0206
-23.5201
-23.6983
-25.3178
-25.5085
-27.2321
-27.4325
-29.2529
-29.4649
-31.385
-31.6094
-33.6311
-33.8678
-36.0067
-36.2568
-38.5268
-38.7921
-41.2141
-41.4994
-44.1059
-44.4157
-47.2695
-47.6113
-50.7941
-51.1793
-54.79
-55.2299
-59.3471
-59.8453
-64.4714
-65.0277
-70.1656
-70.7793
-76.4277
-77.1025
-83.3272
-84.0716
-90.9567
-91.786
-99.5211
-100.454
-109.222
-110.295
-120.404
-121.665
-133.601
-135.103
-149.462
-151.264
-168.896
-171.124
-193.278
-196.141
-223.516
-226.951
-259.526
-263.357
-297.269
-301.124
-327.998
-330.107
-336.077
-335.134
-309.003
-304.055
-241.001
-232.249
-137.767
-125.766
-13.3648
-0.34471
111.57
123.696
217.982
227.242
290.006
295.184
321.5
322.863
316.829
314.895
289.446
285.713
253.898
250.211
220.002
216.734
190.704
188.026
166.834
164.667
147.379
145.572
131.457
129.949
118.09
116.847
106.718
105.646
96.855
95.9192
88.1562
87.3229
80.4207
79.676
73.4917
72.827
67.3221
66.7332
61.8787
61.3651
57.142
56.6951
53.0024
52.6078
49.3287
48.9746
46.0005
45.6763
42.9379
42.6379
40.0839
39.8033
37.4091
37.1451
34.8867
34.6358
32.4997
32.2632
30.2396
30.0158
28.1026
27.8918
26.0932
25.8953
24.2286
24.0461
22.5236
22.3606
20.9953
20.8498
19.6291
19.4966
18.3873
18.2663
17.2415
17.1287
16.1671
16.0608
15.1525
15.0513
14.1903
14.094
13.27
13.1785
12.3952
12.308
11.5592
11.4762
10.7642
10.6853
10.0116
9.93714
9.30841
9.23956
8.6612
8.59896
8.07684
8.02085
7.54945
7.49842
7.06827
7.02111
6.62027
6.57601
6.19913
6.1573
5.79838
5.75877
5.41666
5.37869
5.05079
5.01398
4.69977
4.66473
4.36274
4.32899
4.04047
4.00838
3.73376
3.70338
3.4453
3.41705
3.13562
3.06724
2.55892
2.50936
2.13347
2.09651
1.81075
1.78197
1.55652
1.5335
1.35307
1.33439
1.18473
1.16926
1.04222
1.02894
0.921701
-2.28206
-2.30234
-2.32259
-2.34302
-2.36394
-2.38473
-2.43395
-2.45535
-2.47693
-2.49868
-2.52077
-2.54296
-2.59544
-2.61818
-2.64141
-2.66463
-2.68814
-2.71193
-2.76846
-2.79316
-2.81824
-2.84365
-2.86956
-2.89579
-2.95789
-2.98519
-3.01292
-3.04101
-3.06952
-3.09841
-3.1674
-3.19762
-3.22827
-3.25922
-3.29095
-3.32299
-3.39864
-3.43173
-3.46522
-3.49898
-3.53309
-3.56748
-3.64943
-3.68486
-3.72066
-3.75674
-3.7932
-3.82994
-3.91677
-3.95443
-3.99239
-4.03054
-4.069
-4.10775
-4.19899
-4.23849
-4.27834
-4.31839
-4.35872
-4.39919
-4.49484
-4.53649
-4.57828
-4.62022
-4.66239
-4.70468
-4.80478
-4.84815
-4.89173
-4.93554
-4.97967
-5.02399
-5.12897
-5.17438
-5.22023
-5.26615
-5.31227
-5.35878
-5.46846
-5.51616
-5.5644
-5.61272
-5.66139
-5.71017
-5.82547
-5.87561
-5.92633
-5.97678
-6.02831
-6.08025
-6.20246
-6.25513
-6.30874
-6.36276
-6.41746
-6.47269
-6.60359
-6.66025
-6.71805
-6.7763
-6.83493
-6.89446
-7.03645
-7.09857
-7.16138
-7.2249
-7.28949
-7.35504
-7.5116
-7.58033
-7.65006
-7.72064
-7.79248
-7.86531
-8.03987
-8.11647
-8.19412
-8.27283
-8.35304
-8.43382
-8.6261
-8.71009
-8.79522
-8.88116
-8.96822
-9.05573
-9.2648
-9.35525
-9.44662
-9.53866
-9.63194
-9.72583
-9.94803
-10.0444
-10.1416
-10.2386
-10.3375
-10.4373
-10.6712
-10.7728
-10.8746
-10.9777
-11.0812
-11.1853
-11.4305
-11.5377
-11.6453
-11.7532
-11.8619
-11.9707
-12.2286
-12.3401
-12.4524
-12.5654
-12.6793
-12.7933
-13.0639
-13.1812
-13.2992
-13.4181
-13.5377
-13.6575
-13.9408
-14.064
-14.1886
-14.3139
-14.4399
-14.5666
-14.8649
-14.9948
-15.1261
-15.2577
-15.3907
-15.5256
-15.8429
-15.9811
-16.1199
-16.26
-16.4021
-16.545
-16.885
-17.0348
-17.185
-17.336
-17.4887
-17.6443
-18.0149
-18.178
-18.3428
-18.5098
-18.6782
-18.8493
-19.2587
-19.4385
-19.6209
-19.8061
-19.9957
-20.189
-20.6459
-20.847
-21.0519
-21.2589
-21.4693
-21.6848
-22.1947
-22.4169
-22.6425
-22.8703
-23.1014
-23.3341
-23.8887
-24.1306
-24.3737
-24.6189
-24.8673
-25.1179
-25.7111
-25.9688
-26.2285
-26.4899
-26.7541
-27.02
-27.6459
-27.9207
-28.1941
-28.4709
-28.7496
-29.0299
-29.691
-29.9792
-30.2698
-30.5617
-30.8554
-31.1506
-31.849
-32.1503
-32.4554
-32.7625
-33.0721
-33.3829
-34.1198
-34.4404
-34.7624
-35.0879
-35.4153
-35.7437
-36.5225
-36.8611
-37.2033
-37.5496
-37.8976
-38.2481
-39.0753
-39.4361
-39.8001
-40.168
-40.5366
-40.9133
-41.8037
-42.1902
-42.5789
-42.9747
-43.3753
-43.7809
-44.746
-45.1694
-45.5936
-46.0295
-46.4684
-46.9124
-47.9771
-48.4458
-48.9214
-49.4035
-49.8936
-50.3924
-51.5926
-52.1216
-52.66
-53.2076
-53.765
-54.3324
-55.7004
-56.3048
-56.9194
-57.5435
-58.1799
-58.828
-60.3781
-61.059
-61.7515
-62.4547
-63.1669
-63.8883
-65.6216
-66.3803
-67.1511
-67.9321
-68.7225
-69.5235
-71.4348
-72.2712
-73.1176
-73.9714
-74.8334
-75.7195
-77.8202
-78.742
-79.6762
-80.6212
-81.5785
-82.5478
-84.8677
-85.8836
-86.9133
-87.9604
-89.0197
-90.0952
-92.6735
-93.813
-94.9666
-96.1493
-97.3406
-98.5452
-101.453
-102.732
-104.037
-105.369
-106.724
-108.105
-111.439
-112.912
-114.418
-115.947
-117.512
-119.111
-123.021
-124.755
-126.525
-128.314
-130.154
-132.049
-136.694
-138.737
-140.831
-143.055
-145.297
-147.581
-153.206
-155.706
-158.291
-160.98
-163.761
-166.609
-173.576
-176.751
-179.913
-183.217
-186.669
-190.31
-199.191
-203.177
-207.286
-211.498
-215.78
-220.087
-230.743
-235.669
-240.618
-245.603
-250.623
-255.672
-267.462
-272.592
-278.157
-283.316
-288.415
-293.251
-304.955
-309.163
-313.61
-317.993
-322.038
-325.505
-332.003
-333.993
-335.559
-336.516
-336.893
-336.618
-334.242
-332.238
-328.125
-324.369
-319.392
-313.846
-298.544
-290.511
-281.381
-271.537
-261.197
-250.186
-222.17
-208.685
-194.936
-180.459
-165.539
-150.145
-112.759
-95.9963
-78.9668
-61.9357
-44.6227
-27.1877
13.4304
30.9227
48.2737
65.399
82.1649
98.711
136.373
151.865
166.782
181.181
194.864
208.356
236.537
247.491
257.627
267.401
276.245
284.244
300.052
305.369
310.029
314.128
317.396
320.285
323.327
323.395
322.706
322.003
320.557
318.579
312.48
309.182
305.694
301.856
297.576
293.125
282.117
277.683
272.849
268.023
263.028
257.963
246.462
241.733
237.03
232.524
227.956
223.438
213.353
209.081
204.969
201.151
197.372
193.638
185.25
181.855
178.564
175.359
172.227
169.174
162.407
159.608
156.924
154.327
151.816
149.318
143.721
141.479
139.281
137.161
135.089
133.053
128.419
126.534
124.719
122.945
121.189
119.452
115.557
113.959
112.388
110.852
109.349
107.869
104.531
103.145
101.787
100.453
99.1427
97.8582
94.9431
93.7262
92.5299
91.3544
90.1976
89.0556
86.4559
85.3754
84.3109
83.2648
82.2342
81.2168
78.8986
77.9317
76.978
76.0392
75.1131
74.2034
72.1327
71.272
70.4228
69.5832
68.7603
67.9523
66.1191
65.3573
64.6066
63.8697
63.1431
62.4316
60.8329
60.1675
59.5137
58.8712
58.2393
57.6219
56.2296
55.6495
55.0775
54.5167
53.9661
53.4252
52.1955
51.6819
51.1773
50.6798
50.1895
49.7061
48.6035
48.1402
47.6829
47.2322
46.7863
46.3463
45.3365
44.9131
44.4907
44.0769
43.6661
43.2582
42.3238
41.9288
41.5376
41.1482
40.7632
40.3831
39.5059
39.1363
38.7723
38.4075
38.0471
37.6898
36.8672
36.5189
36.1735
35.83
35.4896
35.1526
34.3722
34.0412
33.7129
33.3887
33.0688
32.7513
32.014
31.702
31.3924
31.0853
30.7806
30.4779
29.7814
29.4863
29.1932
28.9017
28.6131
28.3273
27.6698
27.3919
27.1153
26.8424
26.5721
26.3041
25.688
25.4297
25.1728
24.9212
24.6705
24.4236
23.8555
23.6177
23.3828
23.1518
22.9235
22.6986
22.1902
21.9764
21.7642
21.5569
21.3533
21.1524
20.6985
20.508
20.3197
20.134
19.9508
19.7703
19.3583
19.1862
19.0163
18.8485
18.6812
18.5163
18.1392
17.9806
17.8236
17.6682
17.5139
17.3613
17.0105
16.8621
16.7137
16.568
16.4231
16.2798
15.9491
15.8083
15.6696
15.5329
15.3958
15.2596
14.9454
14.8129
14.6812
14.5503
14.4202
14.2914
13.9928
13.8662
13.7403
13.6153
13.4907
13.3672
13.0825
12.9621
12.8419
12.7226
12.6043
12.4876
12.2164
12.1007
11.9861
11.8727
11.7598
11.6479
11.3892
11.2792
11.1703
11.0626
10.955
10.8481
10.6024
10.4983
10.3952
10.2931
10.1916
10.0909
9.85961
9.76146
9.66551
9.57016
9.47536
9.38177
9.16728
9.07737
8.98858
8.90082
8.81383
8.72812
8.53403
8.45262
8.37164
8.29198
8.21393
8.1369
7.96246
7.88913
7.8166
7.74524
7.67446
7.60377
7.44481
7.378
7.31202
7.24699
7.18229
7.11808
6.97157
6.90964
6.848
6.78719
6.72713
6.66715
6.52966
6.47185
6.41407
6.35692
6.30002
6.24352
6.11335
6.05799
6.00281
5.94857
5.89471
5.84067
5.71697
5.66418
5.61184
5.56006
5.50848
5.45709
5.33854
5.28809
5.23785
5.18812
5.13857
5.0895
4.97552
4.9272
4.87924
4.83155
4.78405
4.73687
4.62787
4.58152
4.53543
4.48969
4.44408
4.3986
4.29366
4.24956
4.20532
4.16156
4.1179
4.07455
3.97477
3.93246
3.89043
3.84867
3.80715
3.76602
3.67149
3.63142
3.59185
3.55266
3.51385
3.47544
3.38784
3.35131
3.31496
3.28025
3.24657
3.21246
2.99869
2.91504
2.83449
2.75759
2.68363
2.61287
2.45874
2.39706
2.33783
2.28098
2.22619
2.17359
2.05863
2.01246
1.96769
1.92443
1.88246
1.84189
1.75241
1.71612
1.68096
1.64701
1.61374
1.58139
1.50976
1.48061
1.45238
1.42548
1.39905
1.37316
1.31501
1.29103
1.26764
1.24487
1.2227
1.20124
1.15293
1.1327
1.1129
1.09372
1.07491
1.0565
1.01516
0.998128
0.981469
0.965218
0.949298
0.933748
