-1.71792
-1.85147
-1.99061
-2.13574
-2.2878
-2.44751
-2.61706
-2.80047
-3.004
-3.23333
-3.48874
-3.76464
-4.05714
-4.36456
-4.68632
-5.02308
-5.37613
-5.74687
-6.13758
-6.55265
-7.00077
-7.49719
-8.05889
-8.6919
-9.3845
-10.123
-10.9024
-11.7203
-12.578
-13.4784
-14.4253
-15.4243
-16.4856
-17.6285
-18.8887
-20.3179
-21.9443
-23.7467
-25.6889
-27.7509
-29.9262
-32.2189
-34.6409
-37.2034
-39.9289
-42.8506
-46.0228
-49.5548
-53.6051
-58.314
-63.7082
-69.7137
-76.3306
-83.6278
-91.7419
-100.855
-111.284
-123.433
-137.93
-155.737
-178.341
-207.856
-245.911
-291.056
-334.823
-358.25
-339.424
-268.917
-151.347
-6.89306
137.463
255.065
325.294
343.971
321.447
279.864
237.429
202.039
174.059
152.057
134.462
119.991
107.785
97.289
88.0868
79.9264
72.6382
66.1547
60.5174
55.7103
51.5726
47.9009
44.5585
41.4616
38.5659
35.8469
33.2776
30.8465
28.5451
26.3764
24.3548
22.5222
20.9046
19.484
18.2036
17.0208
15.9107
14.8593
13.8592
12.9083
12.0002
11.1346
10.3121
9.53794
8.82534
8.18703
7.62254
7.11419
6.64496
6.20285
5.78223
5.3809
4.99665
4.62804
4.27436
3.93559
3.61202
3.30426
2.82392
2.30465
1.9241
1.63303
1.40439
1.21928
1.06497
0.934706
0.826523
0.72988
0.643278
0.565386
-1.71871
-1.85065
-1.85229
-1.98976
-1.99147
-2.13484
-2.13664
-2.28686
-2.28874
-2.44652
-2.4485
-2.616
-2.61812
-2.79931
-2.80163
-3.00269
-3.00531
-3.23186
-3.23479
-3.48713
-3.49035
-3.76292
-3.76636
-4.05533
-4.05895
-4.36265
-4.36646
-4.68432
-4.68831
-5.021
-5.02516
-5.37394
-5.37831
-5.74457
-5.74917
-6.13516
-6.14001
-6.55006
-6.55524
-6.99792
-7.00361
-7.49401
-7.50037
-8.05527
-8.06251
-8.68788
-8.69592
-9.38016
-9.38885
-10.1184
-10.1276
-10.8976
-10.9073
-11.7152
-11.7253
-12.5727
-12.5834
-13.4729
-13.484
-14.4194
-14.4312
-15.4181
-15.4305
-16.479
-16.4922
-17.6213
-17.6357
-18.8806
-18.8967
-20.3086
-20.3271
-21.9339
-21.9547
-23.7353
-23.758
-25.6768
-25.7011
-27.7381
-27.7637
-29.9127
-29.9397
-32.2046
-32.2332
-34.6258
-34.6559
-37.1875
-37.2193
-39.9119
-39.9459
-42.8322
-42.8689
-46.0027
-46.0429
-49.5321
-49.5775
-53.5789
-53.6314
-58.2834
-58.3447
-63.6737
-63.7427
-69.6756
-69.7519
-76.2887
-76.3724
-83.5814
-83.6744
-91.6902
-91.7937
-100.797
-100.914
-111.216
-111.352
-123.354
-123.513
-137.834
-138.026
-155.614
-155.859
-178.186
-178.496
-207.653
-208.06
-245.655
-246.167
-290.771
-291.34
-334.596
-335.05
-358.223
-358.275
-339.691
-339.156
-269.488
-268.343
-152.165
-150.527
-7.79113
-5.99499
136.646
138.279
254.483
255.645
325.026
325.56
343.992
343.949
321.667
321.226
280.135
279.593
237.667
237.191
202.231
201.847
174.208
173.911
152.177
151.936
134.558
134.365
120.071
119.911
107.854
107.716
97.3481
97.23
88.1391
88.0345
79.9729
79.8799
72.6797
72.5967
66.1914
66.1181
60.549
60.4858
55.7372
55.6833
51.596
51.5491
47.9219
47.8798
44.5778
44.5392
41.4797
41.4436
38.5828
38.5489
35.8628
35.8309
33.2927
33.2625
30.8608
30.8321
28.5586
28.5316
26.3891
26.3638
24.3665
24.3431
22.5326
22.5117
20.9138
20.8955
19.4921
19.4759
18.211
18.1962
17.0278
17.0139
15.9172
15.9042
14.8654
14.8531
13.8651
13.8533
12.9139
12.9026
12.0055
11.9948
11.1397
11.1295
10.3169
10.3073
9.54245
9.53343
8.82943
8.82126
8.19064
8.18341
7.62577
7.61931
7.11714
7.11125
6.64771
6.6422
6.20545
6.20025
5.78471
5.77975
5.38327
5.37854
4.99891
4.99438
4.63022
4.62586
4.27645
4.27227
3.93759
3.93359
3.61393
3.61011
3.30608
3.30244
2.82758
2.82026
2.30733
2.30198
1.9261
1.9221
1.63459
1.63148
1.4056
1.40318
1.2203
1.21827
1.06583
1.06411
0.935425
0.933988
0.827134
0.825911
0.730436
0.729323
0.643768
0.642788
0.565838
-1.72425
-1.8449
-1.85806
-1.98375
-1.99748
-2.12857
-2.14293
-2.28028
-2.29533
-2.4396
-2.45545
-2.6086
-2.62555
-2.79122
-2.80978
-2.99355
-3.01447
-3.22163
-3.24508
-3.47586
-3.50164
-3.75089
-3.77842
-4.04266
-4.07166
-4.34935
-4.37981
-4.67035
-4.70228
-5.00644
-5.03976
-5.35866
-5.39364
-5.72854
-5.76527
-6.1182
-6.15702
-6.53196
-6.57343
-6.97805
-7.02358
-7.47181
-7.52266
-8.03006
-8.08791
-8.65991
-8.72412
-9.34982
-9.41922
-10.0863
-10.1598
-10.8639
-10.9411
-11.6799
-11.7607
-12.5357
-12.6205
-13.4339
-13.523
-14.3784
-14.4723
-15.3747
-15.474
-16.4326
-16.5387
-17.5711
-17.6861
-18.8242
-18.9536
-20.244
-20.3922
-21.8614
-22.0276
-23.6563
-23.8377
-25.5922
-25.7859
-27.6486
-27.8535
-29.8183
-30.0345
-32.1048
-32.3335
-34.5205
-34.7615
-37.0764
-37.3313
-39.7929
-40.0653
-42.7041
-42.9976
-45.8624
-46.1843
-49.374
-49.7368
-53.3955
-53.8162
-58.0701
-58.56
-63.432
-63.9849
-69.4094
-70.0194
-75.9965
-76.6672
-83.2571
-83.9998
-91.329
-92.1573
-100.388
-101.325
-110.741
-111.829
-122.799
-124.073
-137.166
-138.701
-154.763
-156.706
-177.107
-179.59
-206.24
-209.486
-243.879
-247.972
-288.782
-293.335
-332.999
-336.653
-357.995
-358.425
-341.513
-337.238
-273.411
-264.258
-157.862
-144.733
-14.0777
0.29141
130.894
143.958
250.346
259.641
323.103
327.378
344.089
343.735
323.196
319.666
282.04
277.699
239.344
235.533
203.592
200.518
175.257
172.875
153.027
151.118
135.238
133.695
120.633
119.354
108.338
107.238
97.7625
96.8173
88.5064
87.6694
80.2992
79.5555
72.9712
72.3069
66.4491
65.8623
60.7709
60.2659
55.9265
55.4958
51.7605
51.3856
48.0698
47.7326
44.7135
44.4038
41.6064
41.3174
38.7016
38.4307
35.9746
35.7196
33.3986
33.157
30.9612
30.732
28.6531
28.4375
26.478
26.2752
24.4485
24.2615
22.6057
22.439
20.978
20.8317
19.5489
19.4194
18.263
18.1445
17.0762
16.9657
15.963
15.8586
14.9085
14.8101
13.9063
13.8121
12.9533
12.8634
12.0431
11.9573
11.1755
11.0938
10.3508
10.2734
9.57407
9.50193
8.85809
8.79265
8.21605
8.15813
7.64832
7.59678
7.13777
7.09068
6.66703
6.62293
6.22368
6.18207
5.8021
5.7624
5.39986
5.36198
5.01481
4.97855
4.64552
4.61058
4.29111
4.25767
3.95162
3.91963
3.6273
3.59677
3.31882
3.28971
2.85344
2.79492
2.32621
2.28343
1.94018
1.9082
1.64555
1.62075
1.41408
1.39471
1.22744
1.21121
1.07188
1.05813
0.94048
0.928984
0.831425
0.821641
0.734342
0.72544
0.64721
0.639372
0.56901
-1.73826
-1.75654
-1.7749
-1.79328
-1.81186
-1.83047
-1.87269
-1.89172
-1.91077
-1.92997
-1.94927
-1.96867
-2.01268
-2.03246
-2.05238
-2.07235
-2.0925
-2.11278
-2.15886
-2.17959
-2.20043
-2.22139
-2.24249
-2.26375
-2.31199
-2.33371
-2.3556
-2.37759
-2.39981
-2.4222
-2.47305
-2.49603
-2.51925
-2.54258
-2.56615
-2.59001
-2.6445
-2.66917
-2.6942
-2.71943
-2.7451
-2.77105
-2.83059
-2.85771
-2.88518
-2.9132
-2.94173
-2.97075
-3.03775
-3.06829
-3.09958
-3.1312
-3.16328
-3.196
-3.27131
-3.30569
-3.34049
-3.37573
-3.41149
-3.44764
-3.53029
-3.56766
-3.60536
-3.64347
-3.68201
-3.72074
-3.80895
-3.84871
-3.88883
-3.92914
-3.96985
-4.01082
-4.10383
-4.14576
-4.18794
-4.23029
-4.27299
-4.31597
-4.41347
-4.45734
-4.50152
-4.5458
-4.59046
-4.63537
-4.73752
-4.78336
-4.82967
-4.87613
-4.92279
-4.96987
-5.07674
-5.12484
-5.17327
-5.22187
-5.27095
-5.32029
-5.43239
-5.48285
-5.53369
-5.58477
-5.63628
-5.68821
-5.80603
-5.85913
-5.91267
-5.96647
-6.02084
-6.07563
-6.20014
-6.25645
-6.31323
-6.37043
-6.42826
-6.48655
-6.61956
-6.67994
-6.74091
-6.8027
-6.8651
-6.92846
-7.07428
-7.14033
-7.20764
-7.27574
-7.34514
-7.4162
-7.57947
-7.65434
-7.7305
-7.80768
-7.88666
-7.96709
-8.15248
-8.23726
-8.32342
-8.41092
-8.49966
-8.58966
-8.79567
-8.88942
-8.98439
-9.07975
-9.17596
-9.27369
-9.49597
-9.59632
-9.69754
-9.79926
-9.90213
-10.0057
-10.2412
-10.3472
-10.4539
-10.5616
-10.6701
-10.7792
-11.0266
-11.1381
-11.2503
-11.3631
-11.4767
-11.591
-11.8504
-11.9676
-12.0852
-12.2032
-12.3225
-12.4425
-12.7146
-12.8372
-12.9608
-13.0848
-13.21
-13.3359
-13.6219
-13.7508
-13.8806
-14.011
-14.1427
-14.2753
-14.5766
-14.7124
-14.8492
-14.9868
-15.1256
-15.2656
-15.5844
-15.7281
-15.8732
-16.0193
-16.1671
-16.3164
-16.6564
-16.8103
-16.9663
-17.1236
-17.283
-17.4452
-17.8141
-17.9828
-18.1537
-18.327
-18.5039
-18.6834
-19.0987
-19.289
-19.4821
-19.6792
-19.8794
-20.0832
-20.5575
-20.7747
-20.9954
-21.2194
-21.4475
-21.6799
-22.2133
-22.4566
-22.7027
-22.9514
-23.2035
-23.4582
-24.0398
-24.3037
-24.5691
-24.8365
-25.1071
-25.3798
-26.0009
-26.2813
-26.5637
-26.8477
-27.1344
-27.4236
-28.0808
-28.3765
-28.6744
-28.9745
-29.2769
-29.5812
-30.2735
-30.5849
-30.8984
-31.2154
-31.5344
-31.8547
-32.5863
-32.9141
-33.2453
-33.579
-33.9161
-34.2558
-35.0289
-35.3773
-35.7274
-36.0807
-36.4373
-36.7965
-37.6149
-37.9838
-38.3565
-38.7324
-39.1116
-39.4942
-40.3681
-40.763
-41.1619
-41.5643
-41.9709
-42.3826
-43.3249
-43.7517
-44.183
-44.6196
-45.0618
-45.5109
-46.5441
-47.0138
-47.4924
-47.9797
-48.4762
-48.9781
-50.1431
-50.6779
-51.2277
-51.7869
-52.3549
-52.9379
-54.2881
-54.9125
-55.5503
-56.1998
-56.8621
-57.5388
-59.1091
-59.8281
-60.5596
-61.3024
-62.0586
-62.8272
-64.6003
-65.4035
-66.2213
-67.0513
-67.8915
-68.7423
-70.6986
-71.5891
-72.49
-73.4025
-74.3272
-75.2639
-77.4194
-78.3981
-79.3893
-80.3949
-81.4148
-82.4482
-84.8274
-85.9114
-87.0112
-88.1283
-89.2621
-90.4199
-93.0822
-94.2948
-95.5294
-96.7891
-98.065
-99.3662
-102.381
-103.763
-105.17
-106.61
-108.072
-109.565
-113.045
-114.64
-116.276
-117.946
-119.652
-121.413
-125.51
-127.403
-129.344
-131.334
-133.382
-135.497
-140.455
-142.754
-145.114
-147.571
-150.101
-152.699
-158.879
-161.795
-164.768
-167.878
-171.113
-174.439
-182.451
-186.189
-190.084
-194.168
-198.384
-202.736
-213.189
-218.114
-223.232
-228.485
-233.917
-239.476
-252.597
-258.651
-264.732
-271.057
-277.423
-283.785
-298.251
-304.635
-311.033
-317.222
-323.16
-328.84
-340.466
-344.985
-348.937
-352.325
-355.006
-357.026
-358.491
-357.893
-356.253
-353.673
-350.284
-345.749
-331.986
-324.144
-315.333
-305.584
-294.804
-283.043
-253.395
-238.675
-223.244
-206.78
-189.576
-171.973
-129.943
-110.472
-90.7426
-70.6586
-50.3541
-29.9252
16.155
36.5248
56.8563
76.9762
96.6838
116.13
157.962
175.749
192.959
209.248
224.74
239.524
269.367
281.16
291.898
301.531
310.213
317.871
331.583
336.056
339.404
341.842
343.222
343.979
342.675
340.673
338.188
334.922
331.031
326.849
315.627
310.247
304.566
298.801
292.921
286.924
272.955
266.93
260.977
255.102
249.271
243.624
231.416
226.253
221.214
216.332
211.617
207.049
197.221
193.109
189.126
185.289
181.581
177.981
170.312
167.069
163.954
160.934
158.012
155.178
149.081
146.518
144.024
141.605
139.25
136.965
132.035
129.948
127.901
125.908
123.968
122.071
117.971
116.213
114.496
112.818
111.171
109.561
106.058
104.554
103.08
101.631
100.211
98.8182
95.7852
94.4659
93.1818
91.919
90.6678
89.4416
86.7558
85.5991
84.4587
83.3253
82.2207
81.1308
78.7403
77.7028
76.682
75.6763
74.6859
73.7125
71.5805
70.652
69.7413
68.8471
67.9681
67.106
65.2242
64.4184
63.6262
62.8452
62.0845
61.3376
59.72
59.029
58.3513
57.689
57.0411
56.4061
55.0291
54.437
53.8574
53.2873
52.7281
52.179
50.9774
50.4542
49.9418
49.4368
48.9379
48.446
47.3636
46.891
46.4252
45.9638
45.5081
45.0579
44.0643
43.6285
43.1976
42.7702
42.3458
41.9276
41.0008
40.595
40.1923
39.7929
39.3959
39.0032
38.1342
37.7529
37.3742
36.9987
36.6264
36.2574
35.4398
35.0792
34.7217
34.3676
34.016
33.667
32.8918
32.5523
32.2145
31.8782
31.5449
31.2152
30.481
30.1586
29.8388
29.5216
29.2069
28.8934
28.2003
27.8961
27.5942
27.2946
26.9974
26.7032
26.0526
25.7679
25.4852
25.2059
24.9296
24.6569
24.0576
23.7967
23.5394
23.2872
23.0384
22.7926
22.257
22.0247
21.7974
21.5755
21.3567
21.1412
20.6723
20.4701
20.2709
20.0754
19.8832
19.6935
19.2783
19.097
18.9174
18.7414
18.5676
18.3953
18.0148
17.8482
17.6834
17.5207
17.3591
17.199
16.8445
16.689
16.5347
16.382
16.2299
16.0788
15.7442
15.5969
15.4506
15.306
15.1619
15.0188
14.7013
14.5611
14.4222
14.2847
14.1471
14.0106
13.7086
13.5758
13.4437
13.3127
13.1823
13.0529
12.7651
12.6382
12.5116
12.3866
12.2626
12.1385
11.8632
11.742
11.6217
11.5025
11.3838
11.266
11.0042
10.8889
10.7746
10.6613
10.5486
10.4367
10.1886
10.0798
9.97195
9.86558
9.75965
9.65453
9.42302
9.32197
9.22215
9.12377
9.02653
8.93092
8.72102
8.62988
8.54028
8.45213
8.36548
8.2807
8.09486
8.01425
7.93497
7.85728
7.78084
7.70548
7.54059
7.46873
7.39811
7.32832
7.25889
7.19007
7.03912
6.97296
6.90778
6.84325
6.77946
6.71586
6.57465
6.51268
6.45119
6.39034
6.3299
6.26988
6.1363
6.07728
6.01877
5.96089
5.90336
5.84618
5.71875
5.66262
5.60695
5.55164
5.4966
5.4419
5.32033
5.26663
5.21328
5.16035
5.10768
5.05523
4.93855
4.88694
4.83566
4.7849
4.73435
4.68405
4.57214
4.52282
4.4738
4.4251
4.37652
4.32821
4.22095
4.1736
4.12652
4.07974
4.0333
3.98714
3.88445
3.83912
3.79409
3.74959
3.70526
3.66112
3.56328
3.5202
3.47742
3.43508
3.39283
3.3512
3.2576
3.21659
3.17835
3.09966
3.00883
2.9195
2.73272
2.65473
2.57996
2.50855
2.44023
2.37484
2.23772
2.18078
2.12636
2.07431
2.02454
1.97635
1.87379
1.83064
1.78901
1.74911
1.71076
1.67355
1.5941
1.56036
1.52768
1.49614
1.46559
1.4361
1.37349
1.3466
1.32038
1.29486
1.26996
1.24571
1.19368
1.17157
1.14988
1.12859
1.10772
1.08732
1.04322
1.02434
1.00594
0.988033
0.970506
0.953402
0.916544
0.900815
0.885565
0.870997
0.85657
0.842316
0.810948
0.797258
0.783741
0.770427
0.757258
0.744261
0.715734
0.703356
0.691188
0.679258
0.667512
0.655976
0.630846
0.619906
0.609006
0.598321
0.587656
0.577074
