-2.26114
-2.41268
-2.57355
-2.74636
-2.93451
-3.14124
-3.36826
-3.61476
-3.87848
-4.15753
-4.45084
-4.75835
-5.08049
-5.41844
-5.7739
-6.14964
-6.54993
-6.98171
-7.45355
-7.97458
-8.55008
-9.17723
-9.8507
-10.5654
-11.3184
-12.1094
-12.9398
-13.8126
-14.7325
-15.7072
-16.7487
-17.8745
-19.1097
-20.4801
-21.9997
-23.6647
-25.4609
-27.3761
-29.4034
-31.5444
-33.8059
-36.2009
-38.7472
-41.4736
-44.4213
-47.6546
-51.2625
-55.3354
-59.956
-65.1446
-70.9132
-77.288
-84.3419
-92.1972
-101.038
-111.13
-122.848
-136.725
-153.51
-174.185
-199.987
-231.753
-268.54
-306.028
-334.641
-339.904
-309.559
-238.778
-132.57
-6.85934
118.854
224.765
295.893
327.092
322.452
295.324
259.549
224.551
194.455
169.663
149.556
133.021
119.254
107.549
97.4363
88.5766
80.7296
73.7428
67.5398
62.0733
57.2894
53.0971
49.3713
46.0023
42.9113
40.0402
37.3529
34.8246
32.4372
30.1815
28.0538
26.0576
24.2064
22.5154
20.9907
19.6163
18.3667
17.2132
16.1349
15.1184
14.154
13.2368
12.3629
11.5306
10.74
9.99331
9.29612
8.65469
8.07175
7.54245
7.05813
6.60836
6.1856
5.78484
5.40295
5.03767
4.688
4.35341
4.03449
3.73316
3.45371
3.12532
2.54082
2.11911
1.79955
1.54871
1.34619
1.17835
1.0373
0.917385
-2.26208
-2.41168
-2.41367
-2.57249
-2.57461
-2.74521
-2.74751
-2.93325
-2.93577
-3.13986
-3.14263
-3.36675
-3.36977
-3.61313
-3.61639
-3.87674
-3.88021
-4.1557
-4.15936
-4.44892
-4.45276
-4.75634
-4.76036
-5.07837
-5.08259
-5.41622
-5.42065
-5.77156
-5.77623
-6.14716
-6.15211
-6.54728
-6.55258
-6.97882
-6.98459
-7.45039
-7.45672
-7.97107
-7.97809
-8.54623
-8.55393
-9.17307
-9.18139
-9.84626
-9.85514
-10.5607
-10.5701
-11.3135
-11.3234
-12.1043
-12.1146
-12.9343
-12.9452
-13.8069
-13.8183
-14.7265
-14.7386
-15.7008
-15.7137
-16.7418
-16.7556
-17.867
-17.882
-19.1014
-19.118
-20.4708
-20.4893
-21.9895
-22.0098
-23.6536
-23.6758
-25.449
-25.4727
-27.3635
-27.3887
-29.3901
-29.4167
-31.5304
-31.5585
-33.7911
-33.8208
-36.1851
-36.2166
-38.7304
-38.764
-41.4556
-41.4917
-44.4016
-44.4409
-47.6329
-47.6764
-51.238
-51.2869
-55.3078
-55.363
-59.9247
-59.9874
-65.1095
-65.1796
-70.8745
-70.952
-77.2452
-77.3308
-84.2944
-84.3893
-92.1442
-92.2503
-100.977
-101.098
-111.061
-111.199
-122.767
-122.929
-136.628
-136.822
-153.39
-153.63
-174.039
-174.332
-199.804
-200.171
-231.532
-231.975
-268.298
-268.783
-305.804
-306.251
-334.519
-334.765
-339.966
-339.84
-309.877
-309.238
-239.359
-238.195
-133.326
-131.814
-7.68989
-6.02884
118.09
119.617
224.189
225.339
295.565
296.219
327.013
327.168
322.566
322.338
295.538
295.108
259.78
259.319
224.761
224.342
194.629
194.28
169.805
169.52
149.672
149.44
133.117
132.925
119.335
119.174
107.618
107.48
97.4966
97.3761
88.6297
88.5234
80.7769
80.6824
73.7849
73.7007
67.5771
67.5026
62.106
62.0406
57.318
57.2608
53.1223
53.0719
49.3939
49.3487
46.0228
45.9818
42.9303
42.8924
40.0579
40.0225
37.3696
37.3363
34.8403
34.8089
32.452
32.4224
30.1955
30.1675
28.067
28.0406
26.0699
26.0453
24.2177
24.1951
22.5257
22.5051
21
20.9815
19.6247
19.608
18.3743
18.359
17.2203
17.2061
16.1416
16.1283
15.1247
15.112
14.16
14.148
13.2425
13.231
12.3684
12.3575
11.5358
11.5254
10.7449
10.7351
9.99794
9.9887
9.3004
9.29184
8.65861
8.65077
8.0753
8.06821
7.54568
7.53923
7.06111
7.05516
6.61114
6.60558
6.18822
6.18297
5.78733
5.78234
5.40533
5.40056
5.03996
5.03539
4.69019
4.68582
4.3555
4.35132
4.03647
4.0325
3.73503
3.7313
3.45541
3.45201
3.12974
3.12091
2.54393
2.53771
2.12144
2.11678
1.80134
1.79775
1.55016
1.54726
1.34738
1.34501
1.1793
1.17739
1.03813
1.03647
0.918088
-2.26869
-2.40472
-2.42065
-2.56507
-2.58206
-2.73718
-2.75558
-2.92447
-2.94459
-3.13019
-3.15234
-3.35619
-3.38038
-3.60173
-3.62783
-3.86458
-3.89239
-4.14291
-4.17218
-4.43551
-4.4662
-4.74227
-4.77446
-5.06364
-5.09738
-5.40076
-5.43616
-5.75526
-5.7926
-6.12988
-6.16947
-6.52878
-6.57116
-6.95867
-7.00479
-7.42831
-7.47892
-7.94658
-8.00274
-8.51935
-8.58089
-9.144
-9.21058
-9.81525
-9.88632
-10.5279
-10.603
-11.279
-11.3579
-12.0681
-12.1509
-12.8963
-12.9834
-13.7669
-13.8584
-14.6842
-14.7809
-15.6559
-15.7587
-16.6936
-16.804
-17.8145
-17.9348
-19.0435
-19.1763
-20.4063
-20.5542
-21.9184
-22.0813
-23.5763
-23.7535
-25.3661
-25.5559
-27.2755
-27.477
-29.2971
-29.51
-31.4322
-31.657
-33.6873
-33.925
-36.0751
-36.3271
-38.6129
-38.8819
-41.3293
-41.6185
-44.2643
-44.579
-47.4811
-47.8298
-51.0672
-51.4585
-55.1149
-55.5578
-59.7059
-60.2077
-64.865
-65.4256
-70.6042
-71.2238
-76.9462
-77.6315
-83.9633
-84.7227
-91.7741
-92.6228
-100.558
-101.521
-110.578
-111.686
-122.203
-123.5
-135.954
-137.504
-152.566
-154.462
-173.019
-175.368
-198.526
-201.464
-229.996
-233.536
-266.597
-270.482
-304.245
-307.801
-333.612
-335.601
-340.345
-339.344
-312.051
-306.942
-243.377
-234.067
-138.6
-126.498
-13.5054
-0.21699
112.817
124.931
220.123
229.319
293.222
298.46
326.41
327.663
323.338
321.511
297.022
293.582
261.412
257.706
226.243
222.891
195.857
193.063
170.796
168.532
150.486
148.63
133.793
132.258
119.903
118.612
108.105
106.998
97.9201
96.9568
89.003
88.1526
81.1089
80.3526
74.0801
73.4073
67.8386
67.2432
62.3355
61.8122
57.5191
57.0619
53.2993
52.8961
49.5521
49.1911
46.167
45.8385
43.0637
42.7596
40.1824
39.8986
37.4863
37.22
34.9502
34.6993
32.5559
32.3188
30.2938
30.0697
28.1594
27.9485
26.1562
25.9594
24.2972
24.116
22.5979
22.4333
21.0648
20.917
19.6832
19.5498
18.428
18.3056
17.2702
17.1564
16.1885
16.0816
15.169
15.0679
14.2021
14.1061
13.2826
13.1911
12.4066
12.3193
11.5721
11.4892
10.7794
10.7007
10.0303
9.95643
9.33046
9.26194
8.68614
8.6234
8.10018
8.04346
7.56832
7.51671
7.08197
7.03439
6.63063
6.58616
6.20664
6.1646
5.80484
5.76488
5.42204
5.38388
5.05596
5.01943
4.70551
4.67053
4.37014
4.33672
4.05038
4.01865
3.74807
3.71835
3.46736
3.44011
3.16095
3.09026
2.56598
2.51612
2.13788
2.10059
1.81399
1.78527
1.56039
1.53714
1.35572
1.33675
1.18604
1.17075
1.04398
1.03068
0.923028
-2.2847
-2.30505
-2.32556
-2.34618
-2.36701
-2.38799
-2.4376
-2.45916
-2.4809
-2.5028
-2.52492
-2.54724
-2.60016
-2.62322
-2.64654
-2.67003
-2.69385
-2.71793
-2.77518
-2.80019
-2.82551
-2.85111
-2.87708
-2.90339
-2.96608
-2.99354
-3.02137
-3.0495
-3.07805
-3.10699
-3.17603
-3.20627
-3.23682
-3.26775
-3.29911
-3.33082
-3.40619
-3.43914
-3.47242
-3.50598
-3.54
-3.57434
-3.65561
-3.69099
-3.72668
-3.76259
-3.79888
-3.83543
-3.9219
-3.95943
-3.99723
-4.03521
-4.07357
-4.11217
-4.20325
-4.24274
-4.2825
-4.32243
-4.36271
-4.40324
-4.49881
-4.54024
-4.58193
-4.62377
-4.66599
-4.70846
-4.8086
-4.85198
-4.89569
-4.93953
-4.98375
-5.02821
-5.1332
-5.17867
-5.2245
-5.2705
-5.31689
-5.36358
-5.47376
-5.52155
-5.56966
-5.61801
-5.66686
-5.71606
-5.83223
-5.88268
-5.9335
-5.98458
-6.03623
-6.08836
-6.21153
-6.26508
-6.31915
-6.3736
-6.42872
-6.48435
-6.61627
-6.67384
-6.73201
-6.79066
-6.85019
-6.91043
-7.05382
-7.11645
-7.17987
-7.244
-7.30917
-7.37538
-7.53299
-7.60218
-7.67234
-7.74313
-7.81512
-7.88802
-8.0627
-8.1392
-8.21658
-8.29491
-8.3743
-8.45487
-8.64638
-8.73013
-8.81482
-8.90025
-8.98672
-9.07417
-9.28142
-9.3717
-9.4628
-9.55451
-9.64722
-9.74072
-9.96184
-10.0579
-10.1547
-10.2519
-10.3501
-10.4491
-10.6827
-10.784
-10.8861
-10.9886
-11.092
-11.1962
-11.4417
-11.5482
-11.6554
-11.7631
-11.8717
-11.981
-12.2389
-12.3506
-12.4632
-12.5763
-12.6903
-12.805
-13.0758
-13.1932
-13.3115
-13.4303
-13.5502
-13.6708
-13.9556
-14.0792
-14.2038
-14.3289
-14.4553
-14.5827
-14.8837
-15.0144
-15.1463
-15.2788
-15.4129
-15.5482
-15.8681
-16.0073
-16.148
-16.2896
-16.4331
-16.5779
-16.9215
-17.0715
-17.2232
-17.3763
-17.5316
-17.6888
-18.0629
-18.2267
-18.3928
-18.5607
-18.7314
-18.9047
-19.3184
-19.5001
-19.6844
-19.8705
-20.0595
-20.2518
-20.7121
-20.9139
-21.1183
-21.3249
-21.5352
-21.748
-22.2548
-22.4767
-22.7013
-22.9279
-23.1578
-23.3905
-23.942
-24.1824
-24.4253
-24.6699
-24.9173
-25.1671
-25.7581
-26.0152
-26.2743
-26.535
-26.7984
-27.0639
-27.6913
-27.9635
-28.2378
-28.5142
-28.7927
-29.0732
-29.7364
-30.024
-30.3138
-30.6056
-30.8997
-31.1958
-31.8963
-32.1998
-32.5058
-32.8143
-33.1249
-33.4378
-34.178
-34.4995
-34.8231
-35.1497
-35.4789
-35.8104
-36.5954
-36.9365
-37.2804
-37.6271
-37.9769
-38.3306
-39.1685
-39.5326
-39.9005
-40.2717
-40.6465
-41.0256
-41.9268
-42.319
-42.7157
-43.1171
-43.5234
-43.9347
-44.9148
-45.3433
-45.7778
-46.2178
-46.664
-47.1171
-48.2031
-48.6785
-49.1612
-49.6514
-50.1503
-50.6576
-51.8772
-52.414
-52.9605
-53.5156
-54.0798
-54.6533
-56.0341
-56.6442
-57.2643
-57.892
-58.5321
-59.1821
-60.744
-61.4289
-62.126
-62.833
-63.5508
-64.279
-66.0241
-66.7885
-67.5637
-68.3499
-69.1472
-69.9555
-71.8868
-72.7327
-73.5892
-74.4572
-75.3368
-76.2294
-78.3635
-79.2983
-80.2466
-81.2074
-82.1821
-83.1702
-85.5345
-86.5725
-87.6257
-88.6959
-89.783
-90.8871
-93.5322
-94.6968
-95.8808
-97.086
-98.3117
-99.5566
-102.552
-103.875
-105.226
-106.602
-108.002
-109.428
-112.877
-114.406
-115.969
-117.561
-119.189
-120.852
-124.896
-126.696
-128.537
-130.42
-132.352
-134.345
-139.178
-141.344
-143.559
-145.84
-148.187
-150.602
-156.506
-159.16
-161.896
-164.701
-167.598
-170.586
-177.922
-181.228
-184.644
-188.165
-191.763
-195.489
-204.649
-208.788
-213.024
-217.364
-221.786
-226.327
-237.362
-242.262
-247.217
-252.228
-257.298
-262.483
-274.581
-279.74
-284.97
-290.205
-295.299
-300.38
-311.472
-315.974
-320.212
-324.178
-327.849
-331.201
-337.425
-339.215
-340.587
-341.392
-341.633
-341.081
-337.775
-335.192
-331.917
-327.719
-322.804
-317.041
-301.028
-292.972
-284.027
-274.314
-263.816
-252.731
-223.781
-210.392
-196.455
-181.971
-166.853
-151.218
-113.451
-96.6923
-79.6533
-62.5914
-45.2133
-27.5724
13.6898
31.2489
48.6543
65.8838
82.9563
99.8077
137.577
153.128
168.143
182.753
196.819
210.144
238.648
249.771
260.262
270.014
279.047
287.276
303.54
309.262
314.162
318.383
321.96
324.664
328.454
328.872
328.71
327.964
326.861
325.057
319.334
316.127
312.592
308.81
304.834
300.579
289.822
285.019
280.138
275.361
270.323
265.372
253.81
248.865
244.036
239.221
234.476
229.849
219.428
215.117
210.906
206.798
202.782
198.872
190.157
186.566
183.064
179.702
176.426
173.244
166.169
163.266
160.454
157.721
155.071
152.487
146.702
144.325
142.013
139.77
137.583
135.447
130.671
128.71
126.792
124.915
123.083
121.295
117.268
115.608
113.981
112.388
110.826
109.295
105.844
104.412
103.01
101.636
100.284
98.9546
95.9526
94.704
93.4765
92.2696
91.0828
89.9151
87.2648
86.1619
85.0751
84.0052
82.9538
81.918
79.562
78.5776
77.6108
76.6597
75.7225
74.8003
72.7043
71.8307
70.9719
70.1265
69.2951
68.4769
66.6217
65.8502
65.093
64.3478
63.6167
62.8967
61.2674
60.5933
59.9306
59.28
58.639
58.0099
56.5866
55.9954
55.4134
54.8427
54.2821
53.7306
52.475
51.9518
51.4364
50.9296
50.4302
49.9376
48.8134
48.3431
47.8776
47.4191
46.9657
46.518
45.4938
45.0628
44.6373
44.2165
43.7999
43.3879
42.4408
42.0416
41.6464
41.2555
40.8681
40.4844
39.6008
39.2284
38.8591
38.4927
38.1293
37.7696
36.9405
36.5902
36.2428
35.8982
35.5562
35.2171
34.4355
34.1047
33.7767
33.4515
33.1286
32.8082
32.0698
31.7576
31.4477
31.1403
30.8352
30.5324
29.8343
29.5395
29.2471
28.957
28.6693
28.384
27.727
27.4495
27.1748
26.9028
26.6331
26.366
25.7531
25.4948
25.2393
24.9874
24.7376
24.4905
23.9265
23.6896
23.4562
23.2263
22.9987
22.7739
22.2615
22.0476
21.8371
21.6298
21.4249
21.2226
20.7626
20.5699
20.3796
20.1927
20.0081
19.8257
19.4102
19.2355
19.0631
18.8932
18.7249
18.5584
18.1774
18.0168
17.858
17.7012
17.5455
17.3912
17.0372
16.8876
16.7391
16.5925
16.4467
16.3021
15.9694
15.8286
15.6889
15.5505
15.4129
15.2763
14.9616
14.8282
14.6957
14.5644
14.4338
14.3041
14.0051
13.8783
13.7524
13.6275
13.5032
13.3797
13.0949
12.9742
12.8542
12.7353
12.6168
12.4992
12.2278
12.1127
11.9984
11.8851
11.7723
11.6602
11.4021
11.2926
11.1839
11.0763
10.9692
10.8629
10.6182
10.5146
10.4118
10.3101
10.2092
10.1089
9.87895
9.78189
9.68581
9.59084
9.49666
9.40349
9.19024
9.1006
9.01204
8.92478
8.83835
8.75302
8.55785
8.47631
8.39582
8.31665
8.23815
8.16069
7.98416
7.91011
7.83699
7.76498
7.69378
7.62342
7.46273
7.39521
7.32845
7.26259
7.19727
7.13263
6.98453
6.92205
6.86015
6.79894
6.73815
6.67792
6.53949
6.48092
6.42282
6.36531
6.3081
6.2513
6.12046
6.06505
6.01003
5.95549
5.90122
5.84729
5.72288
5.67013
5.61771
5.56574
5.514
5.46254
5.34376
5.29333
5.24321
5.19353
5.14397
5.09472
4.98102
4.93274
4.88477
4.83721
4.78977
4.74262
4.63376
4.58757
4.54164
4.49609
4.45072
4.40564
4.3016
4.25749
4.21368
4.17024
4.12701
4.08412
3.98534
3.94352
3.90202
3.86096
3.82019
3.77976
3.68716
3.64808
3.60944
3.57135
3.53365
3.49644
3.41158
3.37597
3.3409
3.30653
3.27272
3.23821
3.01816
2.931
2.84802
2.76872
2.69305
2.62083
2.46509
2.40288
2.34319
2.28595
2.23109
2.17836
2.06233
2.01567
1.97087
1.92776
1.88565
1.84502
1.75565
1.71925
1.68402
1.65001
1.61708
1.58531
1.51307
1.48357
1.45525
1.42846
1.40206
1.3761
1.31708
1.29281
1.26922
1.24636
1.22414
1.2026
1.15475
1.13455
1.11479
1.0955
1.0766
1.05824
1.01685
0.999716
0.983003
0.966697
0.950723
0.935118
