-2.38842
-2.72949
-3.14643
-3.67065
-4.26654
-4.91854
-5.63173
-6.41938
-7.33003
-8.49756
-9.92177
-11.5105
-13.2519
-15.1686
-17.3183
-19.9291
-23.3301
-27.3306
-31.778
-36.7203
-42.2848
-48.8318
-57.4764
-68.933
-82.9272
-100.271
-123.092
-156.106
-211.455
-307.404
-397.629
-305.658
-6.97732
292.039
382.981
295.746
206.027
152.746
119.795
96.7347
79.191
65.3021
54.9357
47.2965
40.9491
35.3811
30.4024
25.9372
22.102
19.1456
16.7456
14.6162
12.6835
10.9205
9.3296
8.00424
6.96793
6.07657
5.26647
4.52041
3.8324
3.21515
2.16571
1.5507
1.1658
-2.38938
-2.72838
-2.7306
-3.14501
-3.14786
-3.66895
-3.67235
-4.26466
-4.26841
-4.91649
-4.92059
-5.62948
-5.63398
-6.41688
-6.42189
-7.32699
-7.33307
-8.49359
-8.50152
-9.91722
-9.92632
-11.5055
-11.5155
-13.2464
-13.2574
-15.1625
-15.1746
-17.3114
-17.3253
-19.9201
-19.9381
-23.3189
-23.3414
-27.3179
-27.3433
-31.764
-31.7921
-36.7046
-36.736
-42.2669
-42.3027
-48.8097
-48.8539
-57.446
-57.5068
-68.8948
-68.9712
-82.8809
-82.9736
-100.212
-100.33
-123.012
-123.173
-155.983
-156.23
-211.232
-211.679
-307.064
-307.718
-397.557
-397.699
-306.3
-305.014
-8.00013
-5.95433
291.402
292.673
383.044
382.915
296.065
295.427
206.235
205.821
152.878
152.622
119.876
119.714
96.7945
96.675
79.2379
79.1442
65.3388
65.2655
54.962
54.9095
47.3171
47.276
40.9669
40.9314
35.3969
35.3653
30.4166
30.3881
25.9499
25.9245
22.1123
22.0918
19.1534
19.1378
16.7523
16.7389
14.6222
14.6101
12.6891
12.678
10.9256
10.9155
9.33405
9.32515
8.00774
8.00075
6.97077
6.96509
6.07911
6.07402
5.26881
5.26414
4.52256
4.51826
3.83438
3.83043
3.21683
3.21347
2.16813
2.16328
1.55213
1.54926
1.16675
-2.39854
-2.7179
-2.74116
-3.13151
-3.16143
-3.65281
-3.68852
-4.24688
-4.28624
-4.89707
-4.94006
-5.60815
-5.65539
-6.39311
-6.44578
-7.29817
-7.36209
-8.45607
-8.53928
-9.87405
-9.96961
-11.458
-11.5631
-13.1944
-13.3097
-15.105
-15.2325
-17.2457
-17.3914
-19.8351
-20.0239
-23.212
-23.4488
-27.1973
-27.4644
-31.6305
-31.9261
-36.5556
-36.8855
-42.0971
-42.4732
-48.6003
-49.065
-57.1597
-57.7973
-68.5328
-69.3356
-82.4419
-83.4158
-99.656
-100.891
-122.251
-123.944
-154.825
-157.416
-209.138
-213.816
-303.789
-310.946
-396.791
-398.289
-312.278
-298.783
-17.707
3.77387
285.236
298.588
383.546
382.186
299.111
292.418
208.226
203.881
154.102
151.462
120.65
118.948
97.3649
96.1105
79.6842
78.7009
65.689
64.9193
55.2128
54.6616
47.5132
47.081
41.1364
40.7628
35.5472
35.2155
30.5515
30.2539
26.0704
25.8046
22.2101
21.9953
19.228
19.0638
16.8164
16.675
14.6802
14.5524
12.7417
12.6254
10.9737
10.8675
9.37644
9.28296
8.04106
7.96772
6.99781
6.93817
6.10334
6.04982
5.29101
5.24198
4.54306
4.49785
3.85321
3.81166
3.233
3.19761
2.19141
2.14052
1.56579
1.53575
1.17577
-2.43083
-2.47899
-2.52815
-2.57817
-2.62932
-2.68157
-2.7787
-2.83543
-2.89445
-2.95549
-3.01887
-3.08508
-3.20973
-3.28285
-3.35839
-3.43613
-3.51572
-3.59684
-3.74565
-3.83096
-3.91756
-4.00553
-4.09466
-4.18495
-4.34903
-4.44263
-4.53761
-4.6336
-4.73088
-4.82949
-5.00866
-5.11096
-5.21465
-5.31954
-5.42614
-5.53412
-5.73077
-5.84312
-5.95707
-6.07286
-6.19079
-6.3106
-6.53016
-6.65683
-6.78628
-6.91942
-7.05668
-7.19901
-7.46622
-7.62474
-7.78978
-7.96194
-8.14099
-8.3266
-8.67284
-8.87462
-9.08095
-9.29117
-9.50564
-9.72397
-10.1223
-10.35
-10.5813
-10.8153
-11.0522
-11.2927
-11.7306
-11.9802
-12.2332
-12.4896
-12.7495
-13.0133
-13.4936
-13.7674
-14.046
-14.3278
-14.6147
-14.9054
-15.4356
-15.7404
-16.0503
-16.3659
-16.688
-17.0178
-17.626
-17.9817
-18.3496
-18.7308
-19.1285
-19.5436
-20.3301
-20.7977
-21.2829
-21.7853
-22.3062
-22.8411
-23.8277
-24.3967
-24.9776
-25.5674
-26.1674
-26.7779
-27.8902
-28.5256
-29.1711
-29.8255
-30.4922
-31.166
-32.3981
-33.1023
-33.8183
-34.5463
-35.286
-36.0378
-37.4115
-38.2005
-39.0042
-39.8222
-40.6551
-41.508
-43.0763
-43.9829
-44.914
-45.8719
-46.8582
-47.8821
-49.8166
-50.9651
-52.1758
-53.4426
-54.7745
-56.1744
-58.832
-60.4079
-62.0416
-63.7373
-65.4814
-67.2805
-70.6252
-72.5709
-74.5737
-76.6312
-78.7477
-80.926
-84.9874
-87.3695
-89.8277
-92.3716
-95.0065
-97.7431
-102.895
-105.955
-109.147
-112.483
-115.979
-119.653
-126.705
-130.966
-135.484
-140.298
-145.41
-150.891
-161.707
-168.482
-175.847
-183.807
-192.559
-202.158
-221.516
-233.725
-247.058
-261.336
-276.472
-292.589
-322.333
-339.191
-355.521
-370.42
-382.883
-392.503
-398.98
-395.937
-388.212
-375.204
-356.561
-331.859
-275.384
-237
-194.811
-149.162
-100.996
-51.6266
37.7748
87.0933
135.138
180.644
223.073
261.479
317.835
341.882
360.577
373.602
381.189
384.117
377.847
368.413
356.238
341.755
326.234
310.036
281.784
266.703
252.535
239.212
226.886
215.475
197.292
188.175
179.824
172.149
164.976
158.314
147.579
142.157
137.072
132.258
127.721
123.43
116.322
112.621
109.086
105.716
102.485
99.3946
94.1721
91.4025
88.7322
86.1553
83.6692
81.2681
77.1728
74.9821
72.8636
70.8141
68.8377
66.9365
63.7328
62.0513
60.4472
58.928
57.4828
56.108
53.815
52.6124
51.4543
50.3375
49.255
48.2083
46.4042
45.4289
44.4772
43.5442
42.6302
41.734
40.178
39.3285
38.493
37.6743
36.869
36.077
34.6949
33.9383
33.1943
32.4601
31.7384
31.0277
29.7867
29.1059
28.4358
27.7783
27.1309
26.495
25.3875
24.7876
24.2038
23.6361
23.0859
22.5577
21.6637
21.1926
20.7416
20.3083
19.8922
19.4926
18.8075
18.4379
18.0778
17.7261
17.381
17.0427
16.4531
16.1296
15.811
15.4976
15.1888
14.8841
14.3511
14.0586
13.7697
13.4852
13.2047
12.9275
12.4425
12.1755
11.9124
11.6525
11.396
11.1431
10.7007
10.4578
10.2188
9.98391
9.75295
9.52666
9.13706
8.92709
8.72424
8.52869
8.34034
8.1596
7.85416
7.69241
7.536
7.38454
7.2373
7.0932
6.84482
6.70939
6.57629
6.44519
6.31605
6.18884
5.96589
5.84348
5.72255
5.6033
5.4855
5.36913
5.16481
5.05218
4.94099
4.83108
4.72252
4.61521
4.42675
4.32288
4.22012
4.11865
4.01845
3.91955
3.74635
3.65136
3.55804
3.4667
3.37749
3.29011
3.11996
2.91186
2.7273
2.56095
2.41112
2.27615
2.06429
1.96
1.86312
1.77374
1.69192
1.61482
1.4899
1.42644
1.36771
1.31167
1.25838
1.20813
