-2.10716
-2.37711
-2.67025
-3.01612
-3.46371
-3.97738
-4.53068
-5.12829
-5.77308
-6.47254
-7.26187
-8.28319
-9.53608
-10.9134
-12.4034
-14.0112
-15.7628
-17.6904
-20.0537
-23.1577
-26.7221
-30.5889
-34.8219
-39.4742
-44.6448
-50.7819
-59.1499
-69.7816
-82.2688
-97.2396
-116.098
-141.342
-179.252
-246.132
-357.214
-432.078
-313.862
-6.86599
298.272
417.334
341.98
238.797
175.969
138.474
112.796
93.7058
78.4715
65.9103
56.2082
49.2116
43.369
38.177
33.486
29.2045
25.2851
21.8671
19.27
17.1488
15.226
13.461
11.8264
10.3129
8.92924
7.80391
6.92356
6.14301
5.41902
4.74372
4.11141
3.52235
2.81274
1.97991
1.48891
1.16033
0.919
-2.10804
-2.37617
-2.37805
-2.66921
-2.67129
-3.01478
-3.01745
-3.46206
-3.46535
-3.97556
-3.9792
-4.52874
-4.53262
-5.12621
-5.13038
-5.77082
-5.77534
-6.47009
-6.47498
-7.25892
-7.26474
-8.27926
-8.28712
-9.53159
-9.54057
-10.9086
-10.9182
-12.3981
-12.4087
-14.0056
-14.0169
-15.7566
-15.7691
-17.6833
-17.6974
-20.0444
-20.0631
-23.1463
-23.1691
-26.7097
-26.7345
-30.5752
-30.6025
-34.807
-34.8369
-39.4578
-39.4906
-44.6263
-44.6633
-50.7579
-50.806
-59.1174
-59.1825
-69.7424
-69.8208
-82.223
-82.3146
-97.1834
-97.2958
-116.026
-116.17
-141.24
-141.444
-179.089
-179.42
-245.826
-246.439
-356.821
-357.607
-432.078
-432.075
-314.686
-313.034
-8.00499
-5.72693
297.446
299.095
417.392
417.274
342.371
341.589
239.107
238.502
176.126
175.812
138.578
138.37
112.869
112.722
93.7627
93.6489
78.5182
78.4247
65.9487
65.8717
56.2353
56.181
49.233
49.1903
43.3877
43.3504
38.1935
38.1605
33.5012
33.4707
29.2182
29.1907
25.2977
25.2725
21.8774
21.8568
19.2776
19.2625
17.1555
17.142
15.2322
15.2198
13.4668
13.4553
11.8317
11.8211
10.3179
10.308
8.93358
8.92491
7.80723
7.8006
6.92631
6.9208
6.14554
6.14047
5.42138
5.41665
4.74594
4.74151
4.11349
4.10933
3.52427
3.52044
2.81655
2.80893
1.98198
1.97785
1.49025
1.48756
1.16126
1.1594
0.919698
-2.11597
-2.3677
-2.38656
-2.65978
-2.6807
-3.00284
-3.02952
-3.44731
-3.48022
-3.95923
-3.99558
-4.5113
-4.5501
-5.10749
-5.14918
-5.75036
-5.79569
-6.44816
-6.49704
-7.2323
-7.29167
-8.24337
-8.3227
-9.4912
-9.58101
-10.8653
-10.9617
-12.3512
-12.4563
-13.9548
-14.0679
-15.7004
-15.8255
-17.6208
-17.7611
-19.9609
-20.1477
-23.044
-23.272
-26.5965
-26.8465
-30.4527
-30.7257
-34.6731
-34.9715
-39.3095
-39.6384
-44.4601
-44.8303
-50.5428
-51.0217
-58.8235
-59.4764
-69.3909
-70.1747
-81.812
-82.7266
-96.6823
-97.8039
-115.38
-116.823
-140.326
-142.371
-177.632
-180.951
-243.069
-249.219
-353.26
-361.058
-432.057
-431.908
-321.961
-305.439
-18.2533
4.52733
289.857
306.074
417.371
416.646
345.863
338.028
241.654
235.947
177.555
174.411
139.518
137.441
113.536
112.067
94.2748
93.1387
78.9404
78.0056
66.2951
65.5279
56.4854
55.9376
49.4254
48.9989
43.5558
43.1826
38.343
38.0122
33.6384
33.3339
29.3424
29.0662
25.4106
25.1598
21.9711
21.7646
19.3463
19.1932
17.217
17.0811
15.2884
15.1639
13.5185
13.4035
11.8795
11.7735
10.3622
10.2638
8.97278
8.88625
7.83725
7.77096
6.95117
6.89606
6.1684
6.11754
5.44262
5.39538
4.76587
4.72163
4.1322
4.09063
3.54146
3.50314
2.851
2.7752
2.00081
1.95937
1.50242
1.47556
1.1697
1.15103
0.926011
-2.14244
-2.18109
-2.22026
-2.25966
-2.29962
-2.3397
-2.41522
-2.4564
-2.49849
-2.54123
-2.58492
-2.62872
-2.71243
-2.75939
-2.80774
-2.85801
-2.91022
-2.96425
-3.07055
-3.13145
-3.19483
-3.26159
-3.32891
-3.39855
-3.52987
-3.60334
-3.67723
-3.75225
-3.82869
-3.90555
-4.04984
-4.12863
-4.20841
-4.28905
-4.37057
-4.45349
-4.60832
-4.69382
-4.78076
-4.86794
-4.95645
-5.04551
-5.21216
-5.30404
-5.39673
-5.4906
-5.58613
-5.68266
-5.86358
-5.96266
-6.06386
-6.16681
-6.27018
-6.3748
-6.57102
-6.68121
-6.79348
-6.90759
-7.0252
-7.14545
-7.3833
-7.51757
-7.65884
-7.80883
-7.96438
-8.12558
-8.44209
-8.61767
-8.79732
-8.9812
-9.16943
-9.35891
-9.71658
-9.91401
-10.1132
-10.3151
-10.5174
-10.7225
-11.1068
-11.3198
-11.5354
-11.7522
-11.9722
-12.1964
-12.6146
-12.8439
-13.0754
-13.31
-13.5477
-13.7873
-14.2391
-14.4889
-14.7423
-14.9968
-15.2536
-15.5165
-16.0112
-16.282
-16.558
-16.8363
-17.1237
-17.4166
-17.9747
-18.2867
-18.6154
-18.9609
-19.3171
-19.6936
-20.4298
-20.853
-21.3018
-21.7566
-22.2262
-22.7073
-23.6199
-24.1263
-24.6367
-25.1596
-25.6884
-26.2218
-27.2219
-27.7728
-28.3293
-28.8927
-29.4675
-30.0488
-31.1382
-31.7447
-32.354
-32.9755
-33.6004
-34.2325
-35.4223
-36.0818
-36.7497
-37.4304
-38.1193
-38.8216
-40.1324
-40.8664
-41.6111
-42.3685
-43.1332
-43.9161
-45.3959
-46.2364
-47.091
-47.9815
-48.8903
-49.8508
-51.7495
-52.859
-54.0126
-55.2334
-56.5081
-57.8645
-60.4672
-61.9427
-63.4558
-65.0184
-66.6153
-68.2391
-71.3557
-73.0915
-74.8729
-76.6874
-78.55
-80.4598
-84.123
-86.176
-88.295
-90.4743
-92.7216
-95.0422
-99.5141
-102.062
-104.703
-107.456
-110.292
-113.257
-119.033
-122.367
-125.852
-129.578
-133.387
-137.417
-145.496
-150.281
-155.36
-160.826
-166.632
-173
-186.065
-194.126
-202.721
-212.29
-222.934
-234.466
-258.696
-273.132
-288.975
-305.338
-322.217
-340.517
-373.098
-390.843
-405.76
-416.912
-425.542
-429.729
-429.62
-423.555
-412.229
-394.066
-370.466
-343.616
-278.427
-237.376
-193.051
-147.171
-99.8751
-51.9171
37.9501
86.9809
134.197
179.944
222.928
263.091
326.712
353.609
374.607
392.325
404.747
413.819
414.708
410.551
401.293
390.106
375.298
357.782
325.707
308.841
292.596
277.599
263.195
250.022
227.81
217.243
207.522
198.587
190.399
182.587
169.915
163.651
157.983
152.582
147.526
142.702
134.494
130.38
126.473
122.756
119.196
115.794
109.934
106.946
104.049
101.274
98.5937
96.0142
91.4623
89.1096
86.8221
84.6085
82.4528
80.3584
76.6361
74.6926
72.7995
70.9732
69.1897
67.4592
64.4175
62.8498
61.3615
59.9375
58.5855
57.3359
55.1496
54.0611
53.0032
51.9964
51.0119
50.0652
48.3697
47.487
46.6282
45.775
44.9426
44.1165
42.6326
41.8516
41.0814
40.3253
39.5784
38.8449
37.5217
36.8188
36.125
35.4393
34.7587
34.0929
32.8853
32.2459
31.6106
30.9864
30.37
29.7589
28.6544
28.0699
27.4901
26.9171
26.3488
25.7867
24.7882
24.2586
23.7397
23.2346
22.7503
22.2833
21.4669
21.0576
20.6596
20.2843
19.9283
19.5783
18.9644
18.6424
18.3305
18.0195
17.7168
17.4209
16.8812
16.593
16.3083
16.0265
15.7481
15.4748
14.9792
14.7149
14.4541
14.1975
13.9429
13.6913
13.232
12.9873
12.7462
12.5071
12.2721
12.0389
11.6162
11.3891
11.1654
10.9445
10.7273
10.5106
10.117
9.90689
9.70306
9.49976
9.30046
9.10536
8.7594
8.58214
8.41012
8.24447
8.08848
7.93838
7.67448
7.53915
7.40814
7.28009
7.15596
7.03454
6.81469
6.69829
6.58293
6.46748
6.35557
6.24472
6.0416
5.93292
5.82631
5.7205
5.61658
5.51323
5.32515
5.22476
5.1253
5.02651
4.92843
4.8322
4.65583
4.56226
4.46933
4.37686
4.28555
4.19468
4.02992
3.9423
3.85499
3.76858
3.68299
3.59893
3.44619
3.36545
3.28464
3.20359
3.12288
2.96841
2.66779
2.52405
2.39386
2.27501
2.16608
2.06575
1.89987
1.8186
1.74293
1.67266
1.60634
1.54369
1.43698
1.38443
1.33473
1.28669
1.24107
1.19818
1.12378
1.08566
1.04881
1.01334
0.97959
0.947419
