-2.40099
-2.74981
-3.17234
-3.69214
-4.28572
-4.93951
-5.65858
-6.45934
-7.39359
-8.56351
-9.97548
-11.5625
-13.3134
-15.2522
-17.4511
-20.1178
-23.4978
-27.4779
-31.9388
-36.9244
-42.5879
-49.3343
-58.0983
-69.5136
-83.5973
-101.197
-124.528
-158.421
-213.847
-300.974
-369.153
-276.728
-6.89977
262.792
355.111
290.125
207.868
154.761
121.074
97.6309
79.9145
66.0332
55.5502
47.664
41.1925
35.567
30.5672
26.1174
22.312
19.2989
16.8411
14.6855
12.7414
10.9776
9.39946
8.07475
7.01351
6.10626
5.2893
4.54121
3.85618
3.25265
2.1909
1.56436
1.17292
-2.40197
-2.74867
-2.75095
-3.17092
-3.17377
-3.69046
-3.69383
-4.28384
-4.28759
-4.93745
-4.94157
-5.65631
-5.66085
-6.45677
-6.46191
-7.39048
-7.39671
-8.55959
-8.56743
-9.97094
-9.98002
-11.5575
-11.5675
-13.3078
-13.3189
-15.246
-15.2583
-17.4439
-17.4582
-20.1088
-20.1269
-23.4867
-23.509
-27.4652
-27.4906
-31.9246
-31.953
-36.9085
-36.9403
-42.5696
-42.6063
-49.3115
-49.3571
-58.068
-58.1287
-69.4754
-69.5518
-83.5504
-83.6441
-101.137
-101.256
-124.445
-124.611
-158.295
-158.548
-213.633
-214.062
-300.685
-301.262
-369.121
-369.184
-277.329
-276.125
-7.81878
-5.98083
262.192
263.39
355.136
355.085
290.391
289.859
208.07
207.668
154.886
154.636
121.157
120.992
97.6913
97.5705
79.9615
79.8676
66.0698
65.9967
55.5771
55.5233
47.6851
47.6428
41.2106
41.1745
35.5829
35.5511
30.5815
30.553
26.1299
26.1048
22.3223
22.3017
19.3069
19.2908
16.8479
16.8342
14.6916
14.6793
12.7469
12.7358
10.9827
10.9726
9.40387
9.39505
8.0783
8.0712
7.01643
7.0106
6.10884
6.10368
5.29165
5.28695
4.54337
4.53905
3.85813
3.85422
3.25422
3.25107
2.19336
2.18844
1.56582
1.5629
1.17387
-2.41128
-2.73791
-2.7618
-3.15744
-3.18733
-3.67449
-3.70988
-4.26605
-4.30542
-4.9179
-4.96118
-5.63476
-5.68247
-6.43242
-6.48639
-7.361
-7.42633
-8.52244
-8.6048
-9.92788
-10.0232
-11.51
-11.6153
-13.2554
-13.3715
-15.1876
-15.317
-17.3763
-17.5264
-20.0232
-20.2133
-23.3808
-23.6153
-27.3447
-27.6115
-31.7904
-32.0878
-36.7579
-37.0917
-42.396
-42.7809
-49.0961
-49.5748
-57.7813
-58.4178
-69.1137
-69.9159
-83.107
-84.0912
-100.571
-101.824
-123.665
-125.402
-157.103
-159.766
-211.608
-216.128
-297.935
-304.017
-368.727
-369.39
-282.949
-270.293
-16.5533
2.71566
256.404
268.946
355.29
354.754
293.023
287.294
209.995
205.774
156.082
153.455
121.948
120.209
98.2676
96.9989
80.4091
79.4236
66.4203
65.6508
55.8336
55.269
47.8871
47.4426
41.3823
41.0035
35.7343
35.4003
30.7167
30.4184
26.2491
25.9861
22.4203
22.2045
19.3836
19.2148
16.9133
16.7692
14.7501
14.621
12.7999
12.683
11.0307
10.9248
9.44591
9.35327
8.11213
8.03761
7.0442
6.983
6.13339
6.07921
5.314
5.26466
4.5639
4.51859
3.87675
3.83568
3.26942
3.23611
2.21697
2.16535
1.57979
1.54915
1.18292
-2.44415
-2.49334
-2.54348
-2.59472
-2.64707
-2.70075
-2.80026
-2.8585
-2.91841
-2.98045
-3.0446
-3.11099
-3.2355
-3.3082
-3.38305
-3.45982
-3.53854
-3.61899
-3.76655
-3.85131
-3.93751
-4.02501
-4.114
-4.20415
-4.36825
-4.46205
-4.55701
-4.65351
-4.7511
-4.85001
-5.03021
-5.13315
-5.23753
-5.34337
-5.45084
-5.55983
-5.75862
-5.87248
-5.98823
-6.10595
-6.22595
-6.34807
-6.57283
-6.70273
-6.83593
-6.97279
-7.11378
-7.25945
-7.53203
-7.69247
-7.85847
-8.0312
-8.20975
-8.39398
-8.73714
-8.93637
-9.14048
-9.34915
-9.5618
-9.77857
-10.1754
-10.4023
-10.6328
-10.8668
-11.104
-11.3449
-11.7836
-12.0343
-12.2885
-12.546
-12.8075
-13.073
-13.5569
-13.8335
-14.1144
-14.3998
-14.6897
-14.9845
-15.5241
-15.8341
-16.15
-16.4727
-16.8033
-17.1415
-17.7684
-18.1341
-18.5118
-18.902
-19.3077
-19.7291
-20.5207
-20.9877
-21.4717
-21.9707
-22.4853
-23.0138
-23.9917
-24.556
-25.132
-25.7191
-26.3172
-26.9252
-28.0375
-28.6736
-29.3204
-29.9773
-30.6454
-31.3243
-32.5618
-33.2717
-33.9932
-34.7276
-35.4742
-36.234
-37.6262
-38.4259
-39.241
-40.0741
-40.9246
-41.7943
-43.3991
-44.3319
-45.2905
-46.2779
-47.2994
-48.3556
-50.3479
-51.5249
-52.7586
-54.0446
-55.3873
-56.7944
-59.4495
-61.0198
-62.6448
-64.3299
-66.0687
-67.8645
-71.208
-73.1606
-75.1706
-77.2399
-79.3759
-81.5757
-85.6807
-88.0889
-90.579
-93.1567
-95.8335
-98.6186
-103.864
-106.988
-110.239
-113.66
-117.248
-121.008
-128.233
-132.606
-137.249
-142.169
-147.452
-153.091
-164.157
-171.066
-178.491
-186.613
-195.28
-204.7
-223.532
-235.199
-247.505
-260.573
-274.24
-288.418
-313.465
-327.158
-339.947
-351.21
-360.144
-366.301
-368.732
-363.962
-355.522
-342.309
-324.092
-301.324
-248.883
-214.091
-175.972
-134.815
-91.7153
-47.2927
33.3616
77.7401
120.894
161.971
200.241
234.914
287.127
310.006
328.26
341.496
350.256
354.656
352.63
346.646
338.011
327.216
315.136
301.977
278.139
264.804
252.106
239.68
228.03
217.034
199.345
190.382
182.038
174.273
167.092
160.403
149.505
143.955
138.73
133.799
129.17
124.782
117.542
113.76
110.18
106.746
103.466
100.323
95.0315
92.2283
89.5299
86.9329
84.4203
82.0036
77.8925
75.6967
73.5754
71.5302
69.5606
67.6675
64.4642
62.78
61.1679
59.6221
58.1536
56.7482
54.3937
53.1466
51.9482
50.7948
49.6822
48.6012
46.7498
45.7517
44.7785
43.8272
42.8971
41.9885
40.4104
39.5529
38.7081
37.8803
37.0667
36.2678
34.8765
34.1151
33.3668
32.6296
31.9057
31.1934
29.9512
29.2709
28.6027
27.9465
27.3022
26.6707
25.5747
24.9817
24.403
23.8402
23.2942
22.7676
21.871
21.3951
20.9364
20.4945
20.0683
19.6559
18.9516
18.5727
18.203
17.8422
17.4895
17.1441
16.5432
16.2154
15.8928
15.5758
15.2632
14.9562
14.4185
14.1238
13.8335
13.547
13.2646
12.9865
12.4992
12.2314
11.9679
11.7082
11.4521
11.1998
10.7585
10.5169
10.2796
10.0466
9.81826
9.59472
9.20871
9.00055
8.79879
8.60358
8.41447
8.2324
7.92204
7.7566
7.59648
7.44064
7.28949
7.14234
6.88757
6.74886
6.61324
6.48014
6.34886
6.21985
5.9946
5.87096
5.74901
5.62853
5.5098
5.39265
5.18714
5.0742
4.96261
4.85238
4.74372
4.63613
4.44742
4.34377
4.24143
4.14029
4.04062
3.94248
3.77123
3.6776
3.58598
3.49633
3.40887
3.32487
3.15733
2.94791
2.76052
2.59184
2.4401
2.30311
2.08772
1.98141
1.88313
1.79213
1.70825
1.63018
1.50248
1.43781
1.37822
1.32115
1.26692
1.21573
