-2.25997
-2.41122
-2.57146
-2.74368
-2.93118
-3.13782
-3.36494
-3.612
-3.87621
-4.15557
-4.44917
-4.75659
-5.07872
-5.41612
-5.77111
-6.14581
-6.54474
-6.97458
-7.44507
-7.96563
-8.5413
-9.16977
-9.84464
-10.5601
-11.3139
-12.1046
-12.9349
-13.8063
-14.7248
-15.6966
-16.7342
-17.8546
-19.0861
-20.4542
-21.9737
-23.6416
-25.4407
-27.3571
-29.3853
-31.5241
-33.7833
-36.1713
-38.7106
-41.4246
-44.3562
-47.5684
-51.1539
-55.2124
-59.8173
-64.9961
-70.7476
-77.0977
-84.1168
-91.9201
-100.686
-110.677
-122.274
-135.971
-152.508
-172.952
-198.52
-230.109
-266.916
-304.752
-333.544
-339.281
-309.284
-238.777
-132.732
-6.88124
118.726
224.767
295.661
326.094
321.098
293.554
257.725
222.863
193.013
168.497
148.653
132.309
118.71
107.109
97.0853
88.2915
80.4861
73.5325
67.3509
61.9039
57.1481
52.9813
49.2823
45.9368
42.8618
40.0016
37.3218
34.7971
32.4139
30.1591
28.0298
26.0313
24.178
22.4861
20.9641
19.5941
18.3496
17.2007
16.1257
15.111
14.1481
13.2317
12.3577
11.525
10.7335
9.9854
9.28694
8.64487
8.06246
7.5346
7.05198
6.60395
6.18225
5.78196
5.40023
5.03525
4.68518
4.35005
4.02999
3.72686
3.44491
3.11701
2.53722
2.11665
1.7975
1.54649
1.34493
1.17788
1.03618
0.916697
-2.26091
-2.41023
-2.41222
-2.5704
-2.57251
-2.74254
-2.74483
-2.92992
-2.93244
-3.13643
-3.1392
-3.36343
-3.36645
-3.61036
-3.61363
-3.87447
-3.87795
-4.15374
-4.1574
-4.44725
-4.45109
-4.75458
-4.7586
-5.07661
-5.08082
-5.41391
-5.41833
-5.76878
-5.77344
-6.14334
-6.14828
-6.54211
-6.54738
-6.97172
-6.97745
-7.44192
-7.44823
-7.96214
-7.96913
-8.53745
-8.54516
-9.1656
-9.17394
-9.84019
-9.84908
-10.5554
-10.5648
-11.3089
-11.3188
-12.0994
-12.1098
-12.9295
-12.9404
-13.8006
-13.8121
-14.7188
-14.7308
-15.6902
-15.703
-16.7273
-16.7411
-17.8471
-17.8621
-19.0779
-19.0944
-20.445
-20.4634
-21.9634
-21.9838
-23.6306
-23.6527
-25.4288
-25.4526
-27.3445
-27.3697
-29.372
-29.3986
-31.5101
-31.5381
-33.7685
-33.7982
-36.1556
-36.187
-38.6939
-38.7274
-41.4066
-41.4426
-44.3366
-44.3757
-47.5468
-47.59
-51.1296
-51.1782
-55.1848
-55.24
-59.7861
-59.8485
-64.9612
-65.031
-70.7089
-70.7862
-77.0552
-77.1404
-84.0696
-84.1639
-91.8672
-91.9729
-100.626
-100.745
-110.608
-110.745
-122.195
-122.354
-135.875
-136.066
-152.391
-152.626
-172.805
-173.098
-198.339
-198.702
-229.882
-230.337
-266.669
-267.163
-304.553
-304.949
-333.419
-333.667
-339.337
-339.223
-309.597
-308.969
-239.359
-238.194
-133.487
-131.976
-7.70509
-6.05745
117.966
119.484
224.195
225.337
295.334
295.987
326.028
326.16
321.218
320.977
293.754
293.353
257.953
257.497
223.072
222.654
193.187
192.84
168.638
168.356
148.767
148.539
132.404
132.215
118.789
118.631
107.177
107.04
97.1452
97.0255
88.3444
88.2387
80.533
80.4393
73.5744
73.4906
67.388
67.3138
61.9365
61.8714
57.1765
57.1197
53.0063
52.9564
49.3047
49.26
45.9573
45.9164
42.8808
42.8429
40.0193
39.984
37.3384
37.3052
34.8128
34.7814
32.4287
32.3991
30.1731
30.1451
28.043
28.0166
26.0436
26.019
24.1893
24.1667
22.4964
22.4758
20.9733
20.9549
19.6024
19.5858
18.3573
18.342
17.2078
17.1936
16.1323
16.119
15.1173
15.1047
14.1541
14.1421
13.2374
13.226
12.3632
12.3523
11.5302
11.5198
10.7384
10.7285
9.99003
9.98077
9.29122
9.28266
8.64878
8.64096
8.06601
8.05892
7.53781
7.53138
7.05494
7.04901
6.60673
6.60118
6.18487
6.17962
5.78446
5.77947
5.40261
5.39784
5.03753
5.03297
4.68737
4.68299
4.35215
4.34796
4.03199
4.028
3.72873
3.72498
3.44663
3.44319
3.1214
3.11263
2.54033
2.53412
2.11897
2.11434
1.79929
1.79571
1.54794
1.54505
1.3461
1.34375
1.17884
1.17693
1.03701
1.03536
0.917398
-2.26751
-2.40327
-2.41918
-2.56301
-2.57993
-2.73455
-2.75285
-2.92113
-2.94127
-3.12674
-3.14894
-3.35286
-3.37709
-3.59893
-3.6251
-3.86232
-3.89014
-4.14094
-4.17023
-4.43384
-4.46454
-4.74052
-4.77269
-5.06191
-5.09555
-5.39846
-5.43382
-5.75251
-5.78976
-6.12612
-6.16562
-6.52368
-6.56586
-6.95171
-6.99757
-7.41987
-7.47042
-7.93776
-7.99377
-8.51056
-8.5722
-9.13647
-9.2032
-9.80911
-9.88027
-10.5226
-10.5978
-11.2745
-11.3534
-12.0633
-12.1461
-12.8915
-12.9784
-13.7607
-13.8521
-14.6766
-14.7731
-15.6454
-15.748
-16.6792
-16.7894
-17.7948
-17.9146
-19.0201
-19.1525
-20.3807
-20.5282
-21.8922
-22.0553
-23.5531
-23.7306
-25.3458
-25.5359
-27.2564
-27.458
-29.279
-29.4918
-31.4119
-31.6365
-33.6647
-33.9022
-36.0458
-36.2972
-38.5768
-38.8449
-41.281
-41.5688
-44.2001
-44.5128
-47.396
-47.7417
-50.9601
-51.3491
-54.9925
-55.4336
-59.5679
-60.0677
-64.7176
-65.2761
-70.4391
-71.0575
-76.7578
-77.4395
-83.7403
-84.4952
-91.4964
-92.3437
-100.212
-101.163
-110.131
-111.226
-121.638
-122.917
-135.207
-136.741
-151.58
-153.451
-171.786
-174.128
-197.076
-199.982
-228.311
-231.851
-264.943
-268.898
-303.045
-306.349
-332.52
-334.505
-339.714
-338.767
-311.733
-306.715
-243.367
-234.126
-138.752
-126.657
-13.4736
-0.25763
112.621
124.77
220.147
229.287
293.005
298.228
325.499
326.584
322.029
320.098
295.166
291.891
259.545
255.898
224.547
221.209
194.407
191.632
169.631
167.378
149.57
147.744
133.068
131.561
119.345
118.076
107.66
106.561
97.5657
96.6081
88.7156
87.8699
80.8625
80.1116
73.8689
73.1981
67.6489
67.0549
62.1652
61.643
57.3761
56.9216
53.1818
52.7823
49.4618
49.1037
46.1008
45.7737
43.0135
42.7107
40.1432
39.8605
37.4549
37.1891
34.9226
34.672
32.5326
32.2955
30.2714
30.0472
28.1356
27.9245
26.1301
25.9328
24.2689
24.0875
22.5684
22.4042
21.0381
20.8904
19.6607
19.5279
18.4107
18.2888
17.2576
17.144
16.1791
16.0724
15.1615
15.0606
14.1962
14.1001
13.2774
13.186
12.4014
12.3142
11.5667
11.4835
10.7729
10.6941
10.0225
9.94844
9.32127
9.25275
8.67626
8.61365
8.09088
8.03419
7.56037
7.50893
7.07574
7.02833
6.62619
6.58178
6.20324
6.16131
5.80194
5.76204
5.41933
5.38117
5.05353
5.01701
4.70272
4.66768
4.36683
4.33331
4.04598
4.01406
3.74188
3.71188
3.4587
3.43123
3.15234
3.08214
2.56231
2.51255
2.13532
2.09824
1.81196
1.78326
1.55814
1.53501
1.35437
1.33557
1.18557
1.17028
1.04282
1.02959
0.922324
-2.2835
-2.30381
-2.32428
-2.34483
-2.3656
-2.38654
-2.43607
-2.45753
-2.47917
-2.50096
-2.523
-2.54525
-2.59793
-2.62098
-2.64423
-2.66767
-2.6914
-2.71537
-2.77235
-2.79726
-2.82248
-2.84798
-2.87387
-2.90013
-2.96272
-2.99019
-3.01795
-3.04602
-3.07458
-3.10347
-3.17263
-3.20285
-3.23351
-3.26443
-3.29579
-3.32746
-3.40296
-3.43598
-3.46935
-3.50301
-3.537
-3.57149
-3.65286
-3.68833
-3.72413
-3.76012
-3.79646
-3.8331
-3.91969
-3.95729
-3.99516
-4.03319
-4.07154
-4.11016
-4.20134
-4.24094
-4.28073
-4.32068
-4.36098
-4.40156
-4.49715
-4.53855
-4.58025
-4.62205
-4.6642
-4.70672
-4.80686
-4.85024
-4.89388
-4.93769
-4.98194
-5.02647
-5.1313
-5.17678
-5.2224
-5.26829
-5.31463
-5.36132
-5.47145
-5.51916
-5.56723
-5.6155
-5.66425
-5.71337
-5.82931
-5.87961
-5.93028
-5.98129
-6.03275
-6.08469
-6.20763
-6.26106
-6.31496
-6.36914
-6.42398
-6.47943
-6.61073
-6.6681
-6.72603
-6.78447
-6.84375
-6.90373
-7.04648
-7.10893
-7.17218
-7.23618
-7.30121
-7.36709
-7.52444
-7.59348
-7.66352
-7.73439
-7.80647
-7.8793
-8.05367
-8.13019
-8.20759
-8.28591
-8.36543
-8.44608
-8.63793
-8.7218
-8.80651
-8.8921
-8.97862
-9.06653
-9.27414
-9.36448
-9.45598
-9.54788
-9.64078
-9.73442
-9.95587
-10.0521
-10.1491
-10.2466
-10.3446
-10.4436
-10.6776
-10.7791
-10.8813
-10.9839
-11.0873
-11.1916
-11.4371
-11.5437
-11.6509
-11.7584
-11.8669
-11.9762
-12.234
-12.3459
-12.4583
-12.5712
-12.6852
-12.8001
-13.0706
-13.1879
-13.3059
-13.4242
-13.5439
-13.6646
-13.9493
-14.0728
-14.1971
-14.322
-14.4482
-14.5753
-14.8756
-15.006
-15.1374
-15.2695
-15.403
-15.5378
-15.8567
-15.9955
-16.1358
-16.2769
-16.4196
-16.5638
-16.9063
-17.0554
-17.2064
-17.3588
-17.5133
-17.6694
-18.0427
-18.2058
-18.3715
-18.5387
-18.7091
-18.8818
-19.2939
-19.4753
-19.6591
-19.8448
-20.0341
-20.2266
-20.6859
-20.8877
-21.0923
-21.2994
-21.5094
-21.7222
-22.2289
-22.4512
-22.6763
-22.9035
-23.134
-23.366
-23.9195
-24.1597
-24.4032
-24.6484
-24.8963
-25.1463
-25.7381
-25.9954
-26.255
-26.5159
-26.7795
-27.0448
-27.6724
-27.9448
-28.2197
-28.496
-28.7744
-29.055
-29.7181
-30.0055
-30.2949
-30.5865
-30.8799
-31.1754
-31.8754
-32.1788
-32.4844
-32.792
-33.1022
-33.4151
-34.1543
-34.4746
-34.7979
-35.1225
-35.4505
-35.7814
-36.5648
-36.9056
-37.2486
-37.5945
-37.9433
-38.2954
-39.1302
-39.4929
-39.859
-40.2286
-40.6023
-40.9792
-41.8758
-42.2668
-42.6617
-43.0607
-43.4641
-43.8725
-44.8465
-45.2718
-45.7039
-46.1411
-46.5846
-47.0345
-48.1117
-48.5849
-49.0651
-49.5527
-50.0495
-50.5543
-51.7663
-52.3009
-52.8442
-53.3977
-53.9608
-54.533
-55.907
-56.5148
-57.1319
-57.758
-58.3962
-59.0451
-60.6026
-61.2872
-61.9822
-62.6867
-63.4037
-64.1323
-65.8732
-66.6362
-67.409
-68.1915
-68.9865
-69.7924
-71.7181
-72.5613
-73.4156
-74.2818
-75.1603
-76.0451
-78.1682
-79.0984
-80.0406
-80.9961
-81.9665
-82.9502
-85.3021
-86.3335
-87.3788
-88.4434
-89.5209
-90.6154
-93.2434
-94.3952
-95.5677
-96.7671
-97.9837
-99.2153
-102.183
-103.496
-104.83
-106.192
-107.578
-108.99
-112.403
-113.922
-115.467
-117.046
-118.66
-120.311
-124.293
-126.066
-127.883
-129.75
-131.662
-133.618
-138.387
-140.544
-142.732
-144.961
-147.269
-149.649
-155.469
-158.09
-160.801
-163.594
-166.434
-169.369
-176.66
-179.93
-183.315
-186.825
-190.408
-194.082
-203.107
-207.153
-211.32
-215.631
-220.092
-224.637
-235.593
-240.421
-245.345
-250.364
-255.52
-260.774
-272.994
-278.13
-283.361
-288.652
-293.861
-298.914
-310.192
-314.836
-319.244
-322.961
-326.655
-330.098
-336.328
-338.26
-339.688
-340.597
-340.894
-340.542
-337.282
-334.764
-331.624
-327.471
-322.544
-316.822
-300.809
-292.694
-283.771
-274.117
-263.734
-252.686
-224.101
-210.792
-196.733
-182.024
-166.945
-151.299
-113.597
-96.8006
-79.7198
-62.468
-45.1378
-27.4979
13.7788
31.3438
48.5325
65.8138
82.8363
99.5675
137.38
152.951
168.089
182.682
196.655
210.046
238.564
249.698
260.207
269.832
278.824
287.01
303.238
308.763
313.584
317.609
321.084
323.826
327.366
327.711
327.463
326.775
325.673
323.812
317.799
314.666
311.076
307.098
302.962
298.669
288.14
283.267
278.326
273.321
268.32
263.407
252.088
247.102
242.257
237.451
232.733
228.141
217.769
213.515
209.338
205.268
201.245
197.396
188.775
185.22
181.788
178.441
175.208
172.066
165.055
162.203
159.424
156.718
154.087
151.541
145.856
143.498
141.208
138.982
136.81
134.699
129.993
128.037
126.131
124.278
122.472
120.704
116.739
115.085
113.476
111.901
110.355
108.838
105.421
104.008
102.619
101.254
99.9127
98.5925
95.6103
94.3688
93.1502
91.9529
90.7779
89.6202
86.9857
85.8865
84.8052
83.7425
82.6976
81.668
79.3244
78.3458
77.3841
76.4376
75.5052
74.5867
72.4963
71.6249
70.7684
69.9268
69.0999
68.2851
66.4354
65.6654
64.9094
64.1675
63.439
62.7235
61.1005
60.4299
59.7701
59.123
58.4871
57.863
56.4496
55.8597
55.2813
54.7141
54.1574
53.6098
52.3653
51.8463
51.3346
50.8306
50.3336
49.8443
48.7291
48.2613
47.7997
47.3444
46.8942
46.4497
45.4307
45.0025
44.5794
44.1605
43.7458
43.3358
42.393
41.9956
41.6022
41.2126
40.8266
40.4441
39.5639
39.1916
38.8238
38.4591
38.0973
37.7379
36.9099
36.5602
36.2135
35.8699
35.5291
35.1892
34.4087
34.0786
33.7518
33.4273
33.105
32.7847
32.0463
31.7341
31.4244
31.1171
30.8122
30.5096
29.8116
29.5164
29.2238
28.9336
28.6457
28.3602
27.7029
27.4254
27.1503
26.8778
26.6077
26.3403
25.726
25.4672
25.2117
24.9592
24.7093
24.4619
23.8977
23.6606
23.4266
23.1964
22.9689
22.7439
22.233
22.0188
21.8083
21.6013
21.3968
21.1956
20.736
20.5433
20.3539
20.1677
19.9838
19.8024
19.3888
19.215
19.0433
18.8735
18.706
18.5405
18.161
18.0012
17.8431
17.6869
17.5318
17.3782
17.0249
16.8759
16.7281
16.582
16.4367
16.2925
15.9606
15.8201
15.6807
15.5425
15.4049
15.2685
14.9545
14.8212
14.6891
14.5583
14.4278
14.298
13.9992
13.8725
13.7467
13.6218
13.4977
13.3744
13.0898
12.9688
12.8488
12.73
12.6116
12.4939
12.2226
12.1075
11.9932
11.8799
11.767
11.6549
11.3963
11.2868
11.1781
11.0702
10.963
10.8566
10.6113
10.5076
10.4047
10.3029
10.2016
10.1013
9.87063
9.7734
9.67712
9.58206
9.4877
9.39437
9.18096
9.09118
9.00236
8.91491
8.82855
8.74317
8.54827
8.46661
8.38612
8.30691
8.22859
8.15136
7.97497
7.90104
7.82803
7.75632
7.68527
7.61518
7.45513
7.38776
7.32126
7.25566
7.19066
7.12623
6.97867
6.9165
6.85489
6.79393
6.73339
6.67337
6.53516
6.47675
6.41883
6.36149
6.30438
6.24778
6.11718
6.06188
6.00694
5.95252
5.89828
5.84436
5.72007
5.6674
5.61503
5.5631
5.5113
5.45984
5.34112
5.29076
5.24061
5.19099
5.1415
5.09224
4.97861
4.93031
4.88226
4.83462
4.78715
4.73989
4.63083
4.58461
4.53866
4.49304
4.44757
4.40239
4.29808
4.25381
4.20984
4.1663
4.12294
4.07986
3.98054
3.93845
3.89673
3.85548
3.81445
3.77383
3.68042
3.64104
3.60212
3.56373
3.52568
3.48808
3.40263
3.36689
3.33178
3.29718
3.26318
3.22895
3.01057
2.92421
2.84232
2.764
2.68888
2.61685
2.46165
2.3997
2.34031
2.28326
2.22832
2.17563
2.06021
2.01383
1.96908
1.92581
1.88383
1.8432
1.75372
1.71743
1.6823
1.6484
1.61553
1.58319
1.51117
1.48189
1.45354
1.4268
1.40056
1.37458
1.31606
1.29193
1.26845
1.2457
1.22356
1.20209
1.15395
1.1337
1.11389
1.09456
1.07561
1.0571
1.01584
0.998804
0.982134
0.965872
0.949941
0.934379
