-2.23519
-2.5002
-2.79559
-3.15071
-3.58225
-4.06679
-4.59089
-5.1547
-5.76329
-6.42565
-7.1718
-8.08275
-9.1951
-10.4452
-11.8003
-13.2629
-14.8473
-16.5804
-18.5522
-20.9911
-23.9803
-27.3497
-31.0242
-35.0319
-39.4322
-44.3458
-50.11
-57.5068
-66.8809
-77.9958
-91.1263
-107.16
-127.754
-156.168
-199.862
-270.857
-363.339
-393.685
-266.565
-6.97732
252.663
379.022
349.297
261.433
195.113
152.812
124.48
103.704
87.4697
74.2281
63.3573
54.962
48.4782
42.9888
38.1028
33.6828
29.6433
25.9562
22.6986
20.0574
17.9139
16.0234
14.2925
12.6946
11.2135
9.84786
8.63465
7.64145
6.81908
6.08294
5.40281
4.76837
4.17492
3.6221
3.08082
2.173
1.63743
1.28112
1.02203
0.828824
-2.23611
-2.4992
-2.5012
-2.79445
-2.79673
-3.14928
-3.15214
-3.58059
-3.58392
-4.06497
-4.06862
-4.58893
-4.59285
-5.15259
-5.15681
-5.761
-5.76558
-6.42314
-6.42816
-7.16886
-7.17473
-8.07907
-8.08642
-9.19081
-9.19939
-10.4405
-10.4499
-11.7952
-11.8054
-13.2574
-13.2684
-14.8413
-14.8533
-16.5739
-16.587
-18.5444
-18.56
-20.9813
-21.001
-23.9687
-23.9919
-27.337
-27.3624
-31.0104
-31.038
-35.0168
-35.047
-39.4155
-39.4489
-44.3268
-44.3647
-50.0869
-50.1332
-57.4764
-57.5373
-66.8438
-66.9179
-77.9525
-78.0392
-91.0743
-91.1782
-107.095
-107.225
-127.668
-127.839
-156.045
-156.292
-199.661
-200.062
-270.546
-271.169
-363.026
-363.652
-393.823
-393.544
-267.327
-265.8
-8.00013
-5.95433
251.901
253.423
378.881
379.16
349.597
348.997
261.726
261.14
195.305
194.921
152.944
152.683
124.567
124.394
103.77
103.639
87.5223
87.4171
74.2715
74.1849
63.3921
63.3226
54.9882
54.9357
48.4994
48.457
43.0074
42.9702
38.1196
38.0861
33.698
33.6676
29.6572
29.6293
25.9689
25.9435
22.7092
22.6879
20.0659
20.0489
17.9211
17.9068
16.03
16.0169
14.2985
14.2865
12.7001
12.6891
11.2187
11.2084
9.85256
9.84315
8.63866
8.63064
7.64467
7.63823
6.82186
6.81631
6.08549
6.08039
5.40518
5.40044
4.77059
4.76616
4.17699
4.17285
3.62401
3.62018
3.08523
3.07642
2.17544
2.17056
1.63897
1.63588
1.2822
1.28003
1.02285
1.02122
0.829435
-2.24394
-2.49069
-2.50974
-2.7847
-2.80648
-3.13719
-3.16431
-3.56646
-3.59809
-4.04948
-4.08414
-4.57231
-4.60952
-5.13464
-5.1748
-5.74159
-5.78501
-6.40186
-6.44956
-7.14404
-7.19975
-8.04794
-8.11779
-9.15443
-9.23595
-10.4005
-10.4901
-11.7521
-11.8486
-13.2108
-13.3152
-14.7908
-14.904
-16.5179
-16.6432
-18.4784
-18.6264
-20.8977
-21.0852
-23.8707
-24.0906
-27.229
-27.4708
-30.8932
-31.1556
-34.8883
-35.1759
-39.2737
-39.5912
-44.1662
-44.5262
-49.8911
-50.3312
-57.2199
-57.7973
-66.5297
-67.2339
-77.585
-78.4089
-90.635
-91.6217
-106.547
-107.777
-126.939
-128.571
-155.006
-157.353
-197.97
-201.797
-267.909
-273.841
-360.355
-366.304
-394.883
-392.231
-273.719
-259.214
-16.686
2.74901
245.349
259.81
377.588
380.236
352.076
346.43
264.236
258.674
196.952
193.308
154.04
151.644
125.306
123.664
104.331
103.084
87.9713
86.9724
74.6421
73.817
63.6889
63.0287
55.2128
54.7136
48.6804
48.2771
43.166
42.8109
38.2619
37.9443
33.8276
33.5384
29.7762
29.5108
26.0767
25.8361
22.8004
22.5974
20.1383
19.9775
17.9822
17.8458
16.0855
15.9616
14.3496
14.2356
12.7473
12.642
11.2625
11.1648
9.89264
9.80323
8.67273
8.59677
7.67215
7.61101
6.84551
6.79274
6.10717
6.05873
5.42533
5.38034
4.78943
4.74736
4.19463
4.15525
3.64031
3.60393
3.12337
3.03965
2.19637
2.15005
1.65218
1.62283
1.29147
1.27088
1.02978
1.01437
0.834639
-2.26977
-2.30747
-2.34567
-2.38428
-2.42338
-2.46297
-2.53795
-2.57931
-2.62148
-2.6643
-2.70817
-2.75294
-2.83925
-2.88785
-2.9379
-2.98939
-3.04278
-3.09794
-3.20489
-3.26489
-3.32653
-3.38984
-3.45438
-3.52033
-3.64509
-3.71398
-3.78395
-3.85461
-3.9262
-3.99884
-4.13545
-4.21022
-4.28586
-4.36225
-4.43947
-4.51769
-4.66459
-4.7452
-4.82656
-4.90872
-4.99188
-5.07594
-5.23428
-5.32083
-5.40872
-5.49754
-5.58713
-5.67811
-5.84936
-5.94325
-6.03843
-6.13507
-6.2331
-6.33233
-6.52046
-6.62454
-6.7305
-6.8386
-6.94946
-7.0633
-7.28294
-7.40669
-7.53518
-7.66772
-7.80476
-7.94692
-8.22234
-8.3773
-8.53649
-8.69901
-8.86566
-9.0356
-9.35734
-9.53487
-9.71525
-9.89766
-10.0824
-10.2697
-10.6226
-10.8157
-11.0111
-11.2087
-11.4087
-11.6111
-11.9915
-12.1999
-12.411
-12.6241
-12.8398
-13.0583
-13.4698
-13.6952
-13.9237
-14.1545
-14.388
-14.6253
-15.0715
-15.3167
-15.566
-15.8186
-16.0749
-16.3354
-16.8297
-17.1041
-17.383
-17.6685
-17.9621
-18.2642
-18.848
-19.1793
-19.5225
-19.877
-20.2454
-20.6266
-21.366
-21.7811
-22.2099
-22.6479
-23.0954
-23.5515
-24.4166
-24.8952
-25.38
-25.8716
-26.3703
-26.876
-27.8286
-28.3513
-28.8803
-29.4166
-29.959
-30.5098
-31.5457
-32.1155
-32.6919
-33.2758
-33.868
-34.4682
-35.6017
-36.225
-36.8586
-37.4983
-38.1497
-38.8109
-40.0622
-40.7518
-41.4559
-42.1723
-42.9007
-43.6433
-45.0631
-45.8546
-46.6653
-47.5009
-48.3625
-49.256
-50.9943
-51.9901
-53.0226
-54.0994
-55.2207
-56.3881
-58.6654
-59.9556
-61.2853
-62.6574
-64.0672
-65.5099
-68.2845
-69.8325
-71.4142
-73.0352
-74.6928
-76.3885
-79.6389
-81.4526
-83.3127
-85.2246
-87.1898
-89.2078
-93.1001
-95.288
-97.5468
-99.8726
-102.278
-104.772
-109.622
-112.388
-115.255
-118.241
-121.351
-124.6
-131.029
-134.739
-138.65
-142.756
-147.084
-151.679
-160.943
-166.442
-172.306
-178.611
-185.338
-192.613
-207.62
-216.646
-226.246
-236.604
-247.73
-259.488
-282.897
-296.339
-310.011
-323.867
-337.77
-351.519
-373.864
-384.009
-391.857
-397.066
-398.981
-397.833
-386.761
-375.807
-360.954
-342.169
-319.466
-293.689
-236.827
-202.287
-165.17
-126.315
-86.0959
-45.2275
31.3733
72.1493
112.437
151.231
188.14
222.901
280.026
305.704
327.789
346.336
361.177
372.127
382.94
384.081
382.453
377.199
369.385
359.8
337.834
324.901
311.521
298.239
285.322
272.65
250.827
239.836
229.557
219.894
210.881
202.471
188.226
181.287
174.838
168.716
162.965
157.563
148.36
143.823
139.529
135.418
131.511
127.785
121.313
118.041
114.9
111.889
108.99
106.202
101.29
98.7699
96.3304
93.9732
91.6869
89.4738
85.5277
83.4889
81.5075
79.5801
77.7027
75.8775
72.6212
70.9324
69.2937
67.7049
66.1686
64.6837
62.0778
60.7481
59.476
58.256
57.087
55.9638
53.9982
52.9971
52.0267
51.086
50.1721
49.2812
47.6904
46.859
46.0416
45.2433
44.4604
43.6901
42.2943
41.5603
40.8375
40.1263
39.4253
38.7339
37.4806
36.8181
36.1645
35.5201
34.884
34.2562
33.1158
32.5104
31.9132
31.3244
30.7423
30.1688
29.1237
28.5698
28.025
27.4868
26.9561
26.4335
25.4845
24.9863
24.4992
24.0228
23.5575
23.1046
22.3039
21.8905
21.4927
21.1089
20.738
20.3797
19.7463
19.4196
19.1004
18.7888
18.4832
18.1847
17.6465
17.3625
17.0834
16.8083
16.5372
16.2688
15.7807
15.5221
15.2668
15.0145
14.765
14.5186
14.0693
13.8302
13.5946
13.362
13.1315
12.9033
12.488
12.2667
12.0487
11.8327
11.6189
11.4075
11.0222
10.8177
10.6157
10.4163
10.2192
10.0253
9.67296
9.48728
9.30604
9.1286
8.95498
8.78629
8.48687
8.33226
8.18301
8.03859
7.89852
7.76338
7.52286
7.3978
7.27585
7.15614
7.03883
6.9239
6.7157
6.60555
6.49701
6.38973
6.28369
6.17902
5.98801
5.88679
5.78651
5.6871
5.58904
5.49195
5.31455
5.2201
5.12662
5.03406
4.94234
4.8516
4.68583
4.59757
4.51009
4.42366
4.33798
4.25292
4.09769
4.0151
3.93351
3.85281
3.77297
3.69422
3.55108
3.47566
3.40176
3.32894
3.25857
3.1901
2.92304
2.76834
2.62636
2.49656
2.37712
2.26751
2.0851
1.99705
1.91452
1.83691
1.76435
1.69703
1.58108
1.52332
1.46857
1.41722
1.369
1.32258
1.24143
1.20056
1.16175
1.12432
1.08793
1.05305
0.992281
0.961535
0.932077
0.90398
0.877392
0.851921
