-1.69434
-1.82662
-1.96354
-2.1055
-2.25273
-2.4054
-2.56397
-2.73202
-2.92027
-3.14902
-3.41506
-3.69876
-3.99494
-4.3019
-4.62099
-4.95217
-5.29781
-5.65762
-6.03137
-6.42179
-6.83168
-7.28378
-7.82988
-8.48656
-9.20372
-9.95529
-10.7348
-11.547
-12.3921
-13.2742
-14.1938
-15.1514
-16.1516
-17.2007
-18.3393
-19.6908
-21.358
-23.234
-25.2185
-27.2891
-29.4486
-31.7093
-34.0762
-36.5674
-39.1928
-41.9484
-44.8735
-48.0685
-51.8055
-56.5357
-62.1402
-68.2872
-74.9471
-82.205
-90.2188
-99.1981
-109.426
-121.302
-135.433
-152.805
-175.21
-206.39
-252.487
-316.021
-392.757
-448.65
-442.625
-359.773
-201.839
-6.97874
187.053
345.736
426.445
432.147
374.869
301.848
244.31
202.75
172.75
150.327
132.665
118.266
106.146
95.7219
86.5607
78.3644
70.9362
64.2283
58.4859
53.961
50.2172
46.8506
43.7043
40.7407
37.9352
35.2714
32.7451
30.3407
28.0336
25.8268
23.7345
21.835
20.2745
18.9897
17.8177
16.7109
15.6486
14.631
13.6524
12.7175
11.8181
10.9527
10.1208
9.32316
8.58148
7.94943
7.42959
6.96583
6.52624
6.10362
5.69656
5.30486
4.9262
4.56172
4.2092
3.86778
3.53839
3.22215
2.69401
2.19074
1.84009
1.5742
1.36014
1.18793
1.04203
0.917331
0.811858
0.717198
0.63334
0.558131
-1.69513
-1.82581
-1.82743
-1.9627
-1.96439
-2.10463
-2.10636
-2.25183
-2.25363
-2.40446
-2.40633
-2.56298
-2.56496
-2.73096
-2.73308
-2.91903
-2.92151
-3.14751
-3.15054
-3.41339
-3.41673
-3.697
-3.70053
-3.99312
-3.99677
-4.30001
-4.3038
-4.61902
-4.62295
-4.95011
-4.95422
-5.29568
-5.29994
-5.6554
-5.65984
-6.02905
-6.03369
-6.41934
-6.42423
-6.82916
-6.83419
-7.28082
-7.28674
-7.82621
-7.83355
-8.48235
-8.49075
-9.19928
-9.20817
-9.95066
-9.95992
-10.73
-10.7396
-11.542
-11.552
-12.3869
-12.3974
-13.2688
-13.2797
-14.1881
-14.1994
-15.1455
-15.1573
-16.1455
-16.1578
-17.1942
-17.2073
-18.3319
-18.3466
-19.6818
-19.7
-21.3471
-21.3688
-23.2223
-23.2458
-25.2063
-25.2307
-27.2764
-27.3018
-29.4352
-29.462
-31.6953
-31.7232
-34.0615
-34.091
-36.5519
-36.5828
-39.1766
-39.209
-41.9313
-41.9656
-44.8552
-44.8917
-48.0481
-48.089
-51.7801
-51.8308
-56.504
-56.5673
-62.1045
-62.1758
-68.2486
-68.3258
-74.9053
-74.989
-82.159
-82.251
-90.1677
-90.2699
-99.1403
-99.2559
-109.36
-109.493
-121.224
-121.38
-135.34
-135.527
-152.685
-152.925
-175.052
-175.368
-206.165
-206.615
-252.153
-252.822
-315.667
-316.376
-392.253
-393.26
-448.471
-448.826
-442.857
-442.39
-360.549
-358.994
-202.961
-200.715
-8.17201
-5.78548
185.934
188.171
344.931
346.534
426.19
426.697
432.328
431.963
375.321
374.418
302.282
301.433
244.606
244.014
202.963
202.537
172.908
172.593
150.446
150.204
132.761
132.57
118.346
118.187
106.214
106.078
95.7808
95.6631
86.6131
86.5083
78.4115
78.3174
70.9801
70.8933
64.2663
64.1903
58.5166
58.4553
53.9854
53.9365
50.2383
50.1962
46.8702
46.831
43.7229
43.6858
40.7576
40.7236
37.9517
37.9187
35.2871
35.2557
32.7601
32.73
30.3549
30.3265
28.0472
28.0199
25.8398
25.8138
23.7466
23.7225
21.8456
21.8244
20.283
20.2661
18.997
18.9824
17.8245
17.8109
16.7174
16.7044
15.6549
15.6424
14.6371
14.625
13.6581
13.6466
12.723
12.712
11.8235
11.8128
10.9578
10.9476
10.1256
10.116
9.32784
9.31847
8.58573
8.57722
7.95285
7.94602
7.43252
7.42667
6.96854
6.96313
6.52884
6.52364
6.10612
6.10112
5.69898
5.69413
5.3072
5.30252
4.92846
4.92394
4.56391
4.55954
4.21129
4.2071
3.86981
3.86576
3.54033
3.53646
3.22409
3.22021
2.69775
2.69028
2.19322
2.18827
1.84192
1.83826
1.57562
1.57278
1.36128
1.35901
1.18888
1.18698
1.04285
1.04122
0.918026
0.916636
0.812459
0.811257
0.717736
0.716661
0.633816
0.632864
0.558568
-1.70063
-1.82013
-1.83312
-1.95679
-1.97027
-2.09853
-2.1125
-2.24555
-2.25992
-2.39788
-2.4129
-2.55622
-2.57189
-2.72358
-2.74049
-2.91042
-2.93023
-3.13695
-3.16122
-3.4017
-3.42845
-3.68469
-3.71297
-3.98035
-4.00954
-4.28672
-4.31708
-4.60527
-4.63673
-4.93573
-4.96864
-5.28082
-5.31485
-5.63986
-5.6754
-6.01284
-6.04995
-6.40207
-6.44097
-6.8112
-6.85197
-7.26034
-7.3076
-7.80072
-7.8594
-8.45294
-8.51994
-9.16823
-9.23928
-9.91828
-9.99231
-10.6965
-10.7732
-11.507
-11.5871
-12.3502
-12.4337
-13.2306
-13.3178
-14.1483
-14.239
-15.1042
-15.1987
-16.1016
-16.201
-17.1485
-17.2531
-18.2807
-18.3991
-19.6185
-19.7641
-21.2713
-21.445
-23.1402
-23.3281
-25.1207
-25.3163
-27.1872
-27.3911
-29.3417
-29.5558
-31.5977
-31.8191
-33.9584
-34.1943
-36.4438
-36.6912
-39.0631
-39.3224
-41.8113
-42.0859
-44.7277
-45.0222
-47.9057
-48.2286
-51.6039
-52.0094
-56.2832
-56.7899
-61.8556
-62.4193
-67.9787
-68.5969
-74.6129
-75.2826
-81.8379
-82.5735
-89.8113
-90.6292
-98.7363
-99.6613
-108.898
-109.958
-120.682
-121.926
-134.689
-136.186
-151.853
-153.749
-173.956
-176.468
-204.603
-208.232
-249.835
-255.183
-312.747
-319.4
-388.783
-396.516
-447.053
-450.001
-445.363
-440.565
-365.886
-353.462
-210.71
-192.806
-16.5251
2.56712
178.054
195.943
339.394
351.837
424.31
428.372
433.53
430.574
378.632
371.284
305.12
298.561
246.685
241.958
204.448
201.06
174.015
171.511
151.28
149.367
133.433
131.907
118.903
117.634
106.691
105.605
96.1943
95.2525
86.9796
86.1435
78.7417
77.9888
71.281
70.5935
64.5333
63.9254
58.7318
58.2418
54.1572
53.7663
50.3864
50.0489
47.0071
46.6938
43.8527
43.5567
40.8788
40.602
38.0686
37.8034
35.3974
35.1457
32.8655
32.625
30.4543
30.227
28.1426
27.9248
25.9309
25.7226
23.8311
23.6382
21.9203
21.7506
20.3422
20.2076
19.0482
18.9312
17.8724
17.7632
16.7633
16.6587
15.6988
15.5986
14.6792
14.583
13.6985
13.6064
12.7617
12.6734
11.8607
11.7756
10.9936
10.9119
10.1605
10.0821
9.36069
9.28569
8.61556
8.5478
7.97679
7.92218
7.45306
7.40637
6.98748
6.94421
6.54705
6.50543
6.12364
6.08363
5.71592
5.6772
5.32357
5.28615
4.94449
4.90828
4.57923
4.5446
4.22598
4.19245
3.88403
3.85157
3.55392
3.52284
3.23749
3.20645
2.72424
2.66441
2.21074
2.17109
1.85481
1.82549
1.58564
1.56286
1.36931
1.35112
1.19555
1.18037
1.04857
1.03555
0.922918
0.911796
0.816675
0.807062
0.721513
0.712908
0.637157
0.629547
0.561637
-1.71456
-1.73268
-1.75078
-1.76913
-1.78747
-1.80592
-1.8475
-1.8662
-1.88503
-1.90391
-1.92283
-1.94192
-1.98526
-2.00438
-2.02388
-2.04357
-2.0633
-2.08314
-2.12809
-2.14824
-2.16849
-2.18879
-2.2091
-2.2296
-2.27611
-2.29692
-2.3178
-2.33869
-2.36001
-2.38137
-2.42951
-2.45151
-2.47319
-2.49501
-2.51697
-2.53908
-2.58942
-2.61217
-2.63504
-2.65808
-2.68148
-2.70504
-2.7594
-2.78424
-2.80946
-2.83538
-2.8618
-2.88898
-2.95265
-2.98278
-3.01338
-3.04489
-3.07744
-3.11066
-3.18839
-3.22405
-3.26033
-3.29703
-3.3344
-3.3723
-3.45806
-3.49641
-3.53558
-3.57467
-3.61429
-3.65379
-3.7441
-3.78453
-3.82514
-3.86599
-3.90711
-3.9483
-4.04173
-4.08359
-4.12582
-4.16811
-4.21038
-4.25349
-4.35056
-4.39414
-4.43774
-4.48166
-4.52592
-4.57061
-4.67155
-4.71663
-4.76212
-4.80746
-4.85373
-4.89971
-5.00481
-5.05176
-5.0994
-5.14726
-5.1953
-5.2435
-5.35268
-5.40145
-5.45086
-5.50037
-5.55076
-5.60082
-5.71501
-5.76628
-5.81755
-5.86814
-5.92029
-5.97222
-6.09093
-6.14414
-6.19759
-6.25124
-6.3055
-6.35993
-6.48297
-6.53873
-6.5946
-6.65122
-6.70855
-6.76616
-6.89802
-6.9588
-7.01977
-7.08085
-7.14413
-7.20954
-7.36098
-7.43155
-7.50349
-7.57906
-7.6571
-7.73746
-7.92533
-8.01273
-8.10218
-8.19287
-8.28542
-8.3793
-8.5955
-8.69309
-8.79134
-8.88898
-8.98935
-9.08965
-9.31755
-9.4204
-9.5241
-9.62757
-9.73178
-9.83673
-10.0741
-10.1809
-10.288
-10.3952
-10.5038
-10.6126
-10.859
-10.9701
-11.0817
-11.1936
-11.3057
-11.4191
-11.6764
-11.792
-11.9081
-12.024
-12.1413
-12.2582
-12.5255
-12.6462
-12.7674
-12.8882
-13.011
-13.1349
-13.4141
-13.5392
-13.6656
-13.792
-13.9192
-14.0475
-14.3394
-14.4705
-14.6029
-14.7356
-14.8684
-14.9995
-15.3025
-15.4395
-15.5773
-15.7152
-15.8538
-15.9934
-16.3105
-16.4534
-16.5965
-16.7415
-16.8864
-17.0335
-17.3695
-17.5219
-17.676
-17.8342
-17.9936
-18.1534
-18.532
-18.706
-18.8869
-19.0708
-19.263
-19.4617
-19.929
-20.1488
-20.3735
-20.6039
-20.8408
-21.082
-21.6388
-21.8934
-22.1519
-22.4113
-22.673
-22.9334
-23.535
-23.8064
-24.0771
-24.3511
-24.6284
-24.9055
-25.5343
-25.8173
-26.1008
-26.3865
-26.6738
-26.9617
-27.6179
-27.91
-28.2083
-28.5067
-28.8069
-29.1087
-29.7923
-30.1002
-30.4114
-30.724
-31.038
-31.3522
-32.0667
-32.3909
-32.7134
-33.0412
-33.3712
-33.7008
-34.4574
-34.7964
-35.1384
-35.4829
-35.8265
-36.1727
-36.9656
-37.3227
-37.6822
-38.0441
-38.4094
-38.7784
-39.6044
-39.9809
-40.3567
-40.7384
-41.1241
-41.5106
-42.3903
-42.788
-43.1879
-43.5929
-43.9958
-44.4076
-45.3477
-45.7761
-46.2077
-46.6465
-47.091
-47.5478
-48.594
-49.0788
-49.5815
-50.0916
-50.6223
-51.1684
-52.468
-53.0753
-53.7103
-54.3684
-55.04
-55.733
-57.3573
-58.1052
-58.8664
-59.6427
-60.4316
-61.2317
-63.0535
-63.8862
-64.7241
-65.5754
-66.4312
-67.2984
-69.2851
-70.1832
-71.0918
-72.0105
-72.9381
-73.8783
-76.0278
-77.006
-77.9931
-78.9919
-80.0072
-81.0336
-83.3933
-84.4655
-85.5535
-86.6587
-87.7805
-88.9192
-91.5415
-92.7384
-93.9541
-95.1907
-96.451
-97.7311
-100.694
-102.051
-103.432
-104.841
-106.277
-107.743
-111.149
-112.718
-114.319
-115.952
-117.625
-119.334
-123.323
-125.173
-127.085
-129.02
-131.017
-133.069
-137.878
-140.125
-142.44
-144.818
-147.277
-149.825
-155.869
-158.729
-161.673
-164.743
-167.935
-171.274
-179.309
-183.174
-187.26
-191.525
-196.001
-200.77
-212.459
-218.09
-224.104
-230.465
-237.24
-244.161
-261.261
-269.386
-277.875
-286.69
-295.862
-305.231
-327.246
-337.671
-348.727
-359.124
-370.131
-380.556
-404.134
-413.234
-422.244
-430.438
-437.539
-443.226
-452.316
-454.236
-455.061
-454.009
-452.276
-449.047
-434.78
-426.288
-416.275
-405.649
-392.605
-378.255
-339.289
-319.636
-299.238
-277.087
-254.539
-229.887
-172.514
-145.917
-119.244
-92.2138
-64.9007
-37.6087
23.7136
50.9313
77.9611
105.139
131.866
157.949
215.146
239.12
261.934
284.221
306.055
325.485
363.757
377.56
390.129
401.418
411.11
419.478
431.881
436.389
438.169
439.239
437.922
436.053
426.637
420.719
412.916
404.552
396.288
386.723
363.481
352.819
342.387
332.248
322.105
312.334
291.609
283.057
274.808
266.867
259.279
252.056
236.897
230.613
224.571
218.87
213.608
208.336
197.432
192.988
188.685
184.517
180.588
176.816
168.846
165.54
162.348
159.269
156.298
153.426
147.332
144.735
142.23
139.799
137.44
135.167
130.251
128.156
126.116
124.13
122.205
120.319
116.249
114.512
112.804
111.132
109.504
107.907
104.429
102.935
101.472
100.037
98.6266
97.2475
94.2272
92.921
91.6365
90.3744
89.1346
87.9118
85.2314
84.0662
82.9219
81.7942
80.6794
79.5814
77.1657
76.1145
75.0777
74.0522
73.0393
72.0407
69.8478
68.892
67.9514
67.0239
66.1129
65.2163
63.2652
62.4264
61.6071
60.8139
60.038
59.2884
57.7127
57.0467
56.3998
55.7789
55.1771
54.5961
53.344
52.8083
52.2863
51.7729
51.273
50.776
49.6792
49.2021
48.7354
48.2692
47.8086
47.357
46.3494
45.9082
45.4721
45.0375
44.6079
44.1813
43.2344
42.8171
42.4033
41.9949
41.5912
41.1897
40.2939
39.9015
39.5115
39.1256
38.7433
38.3624
37.5132
37.1377
36.7692
36.4006
36.0368
35.678
34.8709
34.5192
34.1701
33.8217
33.476
33.1311
32.3637
32.0277
31.6943
31.3621
31.0325
30.7046
29.9766
29.6519
29.3313
29.0132
28.6967
28.3845
27.6851
27.3771
27.0704
26.7669
26.4637
26.1635
25.4931
25.2004
24.9085
24.6194
24.3327
24.0485
23.425
23.1495
22.8809
22.6204
22.3617
22.1102
21.5666
21.3419
21.1195
20.9022
20.6967
20.4945
20.0624
19.8779
19.6973
19.5206
19.3476
19.1766
18.803
18.6351
18.4738
18.3123
18.1539
17.995
17.6441
17.489
17.335
17.1822
17.0309
16.8795
16.5435
16.3947
16.2476
16.1007
15.9543
15.8097
15.4884
15.3463
15.204
15.0639
14.924
14.7853
14.4772
14.34
14.2043
14.0684
13.9347
13.8009
13.5056
13.3738
13.2436
13.1152
12.9876
12.8598
12.5752
12.4491
12.3242
12.2006
12.0776
11.9549
11.6822
11.5624
11.4424
11.3227
11.2031
11.085
10.8221
10.7062
10.5906
10.4759
10.3614
10.248
9.99463
9.8828
9.7716
9.66268
9.55266
9.44395
9.20343
9.09852
8.99483
8.89124
8.78984
8.69106
8.475
8.38227
8.29151
8.20585
8.12079
8.03802
7.86316
7.78715
7.71527
7.64467
7.57402
7.50518
7.35537
7.2898
7.22507
7.16144
7.09815
7.03552
6.89669
6.83448
6.77382
6.71332
6.65283
6.59302
6.45945
6.40031
6.34189
6.28372
6.22542
6.16816
6.03961
5.98287
5.92613
5.87016
5.8143
5.75865
5.63486
5.58013
5.52596
5.47218
5.41848
5.36475
5.24506
5.19234
5.13997
5.08778
5.03595
4.98441
4.86917
4.81829
4.7678
4.71752
4.66754
4.61755
4.5068
4.4577
4.40853
4.36001
4.3117
4.26321
4.1556
4.10809
4.06041
4.01328
3.9664
3.92001
3.81577
3.77022
3.72435
3.67865
3.63337
3.58837
3.48859
3.44475
3.40102
3.3577
3.31451
3.27117
3.17049
3.11995
3.05945
2.97876
2.88676
2.79346
2.60108
2.52348
2.45067
2.38273
2.31782
2.25615
2.12897
2.07673
2.02649
1.97827
1.93199
1.88782
1.79383
1.75424
1.71615
1.67969
1.64502
1.61122
1.53816
1.50689
1.47644
1.44694
1.41825
1.39033
1.33162
1.30633
1.2815
1.25772
1.23492
1.21254
1.16386
1.14286
1.12229
1.1022
1.08248
1.06318
1.02142
1.00351
0.986024
0.968703
0.951783
0.935331
0.899767
0.884569
0.869899
0.855573
0.841389
0.827379
0.796557
0.783043
0.769736
0.756669
0.743784
0.731117
0.703527
0.691556
0.679782
0.668229
0.656847
0.645662
0.621265
0.610718
0.600366
0.590034
0.579661
0.569435
