-2.61071
-2.9155
-3.28159
-3.71166
-4.18729
-4.70129
-5.25482
-5.8533
-6.50747
-7.24679
-8.13537
-9.20153
-10.3984
-11.7001
-13.1058
-14.6291
-16.2944
-18.1661
-20.4061
-23.1425
-26.2751
-29.7175
-33.4667
-37.572
-42.1145
-47.285
-53.5526
-61.4944
-71.1191
-82.3874
-95.7295
-112.069
-133.061
-161.992
-205.14
-269.477
-340.328
-348.407
-228.66
-6.89306
214.611
334.21
326.717
259.513
199.483
158.202
129.636
108.581
92.1208
78.679
67.5129
58.5232
51.5257
45.7667
40.7368
36.2146
32.1014
28.3366
24.9236
21.9694
19.5611
17.5324
15.7225
14.0633
12.533
11.1142
9.81057
8.65362
7.69033
6.88042
6.1574
5.4906
4.87004
4.29006
3.74891
3.24792
2.39425
1.79233
1.39713
1.11588
-2.61177
-2.91426
-2.91674
-3.28009
-3.28309
-3.70996
-3.71335
-4.18544
-4.18914
-4.6993
-4.70328
-5.25266
-5.25697
-5.85097
-5.85563
-6.5049
-6.51005
-7.2438
-7.24978
-8.1317
-8.13904
-9.19726
-9.2058
-10.3937
-10.4031
-11.695
-11.7051
-13.1004
-13.1113
-14.6232
-14.6351
-16.2879
-16.301
-18.1586
-18.1736
-20.3968
-20.4155
-23.1315
-23.1536
-26.2628
-26.2875
-29.7041
-29.7309
-33.452
-33.4813
-37.556
-37.5881
-42.0965
-42.1325
-47.264
-47.306
-53.5264
-53.5789
-61.4614
-61.5274
-71.0801
-71.1581
-82.342
-82.4329
-95.6748
-95.7841
-112
-112.137
-132.97
-133.153
-161.86
-162.122
-204.941
-205.339
-269.199
-269.756
-340.119
-340.536
-348.608
-348.204
-229.343
-227.976
-7.79113
-5.99499
213.929
215.296
334.019
334.4
326.915
326.517
259.771
259.255
199.67
199.295
158.328
158.075
129.725
129.546
108.649
108.511
92.176
92.0657
78.7249
78.6331
67.5506
67.4752
58.5528
58.4937
51.5491
51.5023
45.7867
45.7468
40.7546
40.7191
36.2306
36.1986
32.1161
32.0866
28.35
28.3232
24.9356
24.9116
21.9794
21.9594
19.5693
19.553
17.5395
17.5253
15.729
15.7161
14.0692
14.0573
12.5385
12.5274
11.1193
11.1091
9.81521
9.80593
8.65759
8.64966
7.69358
7.68708
6.88325
6.87759
6.15999
6.15481
5.493
5.4882
4.87229
4.86779
4.29216
4.28796
3.75085
3.74696
3.24973
3.24612
2.39711
2.3914
1.79412
1.79053
1.39835
1.39592
1.11679
-2.62077
-2.90375
-2.92732
-3.26734
-3.29587
-3.69556
-3.72781
-4.16972
-4.2049
-4.68233
-4.72023
-5.23439
-5.27525
-5.8312
-5.87549
-6.48309
-6.53196
-7.21847
-7.27529
-8.10062
-8.17038
-9.16109
-9.24214
-10.3541
-10.4429
-11.6521
-11.7481
-13.054
-13.1578
-14.5728
-14.6856
-16.2323
-16.3568
-18.0947
-18.2381
-20.3179
-20.495
-23.0377
-23.2479
-26.1582
-26.3924
-29.5901
-29.8453
-33.3279
-33.6059
-37.4195
-37.725
-41.9441
-42.2859
-47.0865
-47.4853
-53.3043
-53.803
-61.1825
-61.8088
-70.7502
-71.4909
-81.9562
-82.8208
-95.212
-96.2522
-111.42
-112.722
-132.204
-133.935
-160.755
-163.218
-203.259
-207.045
-266.84
-272.128
-338.309
-342.268
-350.197
-346.471
-235.052
-222.078
-15.4249
1.63848
208.093
221.065
332.302
335.97
328.484
324.779
261.971
257.069
201.275
197.713
159.41
157.01
130.488
128.782
109.236
107.923
92.6461
91.5988
79.1168
78.2457
67.8727
67.156
58.805
58.2439
51.7487
51.3042
45.9571
45.5775
40.9057
40.5684
36.3673
36.0625
32.2416
31.9615
28.4644
28.2092
25.0379
24.8099
22.0651
21.8748
19.6388
19.484
17.6001
17.465
15.7841
15.6612
14.12
14.0068
12.5856
12.4805
11.1627
11.0658
9.85465
9.76658
8.6915
8.61608
7.72139
7.65958
6.90735
6.85356
6.18207
6.13281
5.51343
5.46784
4.89145
4.84873
4.31
4.27018
3.76741
3.73045
3.26513
3.23085
2.42142
2.36744
1.80949
1.77544
1.40862
1.38564
1.12458
-2.64989
-2.69217
-2.73532
-2.7794
-2.82452
-2.87065
-2.96153
-3.01185
-3.06335
-3.11658
-3.17113
-3.22725
-3.33712
-3.39737
-3.45879
-3.52134
-3.58493
-3.64969
-3.77436
-3.84173
-3.91001
-3.97907
-4.04899
-4.11976
-4.2555
-4.32852
-4.40241
-4.47692
-4.55233
-4.62845
-4.7746
-4.8534
-4.93276
-5.01299
-5.09429
-5.17646
-5.33397
-5.41888
-5.50473
-5.59151
-5.67943
-5.76838
-5.93928
-6.03159
-6.1251
-6.21979
-6.3161
-6.41392
-6.6025
-6.70522
-6.81003
-6.91674
-7.02643
-7.13843
-7.35789
-7.47973
-7.60453
-7.73319
-7.86576
-8.00267
-8.27151
-8.42
-8.57181
-8.72674
-8.8853
-9.04704
-9.35913
-9.52813
-9.69976
-9.87347
-10.0497
-10.2282
-10.571
-10.7559
-10.9428
-11.1315
-11.3227
-11.5159
-11.8862
-12.086
-12.2877
-12.4916
-12.6978
-12.9066
-13.3072
-13.523
-13.7415
-13.9623
-14.1861
-14.4127
-14.848
-15.083
-15.3211
-15.5624
-15.8073
-16.056
-16.5363
-16.7967
-17.0627
-17.3335
-17.6106
-17.8928
-18.4467
-18.7521
-19.0674
-19.391
-19.7258
-20.0697
-20.7522
-21.1291
-21.5169
-21.9147
-22.3232
-22.7406
-23.5512
-23.9921
-24.4412
-24.8955
-25.3576
-25.8266
-26.7291
-27.2165
-27.7104
-28.2102
-28.7159
-29.2284
-30.2124
-30.7425
-31.2807
-31.8241
-32.3764
-32.9334
-34.0077
-34.5882
-35.176
-35.771
-36.3747
-36.9865
-38.1655
-38.8041
-39.4522
-40.1108
-40.7804
-41.4612
-42.7803
-43.4989
-44.2306
-44.9774
-45.7427
-46.5271
-48.0662
-48.9157
-49.7902
-50.6937
-51.635
-52.6044
-54.5322
-55.6113
-56.7254
-57.8788
-59.0726
-60.3017
-62.7198
-64.0542
-65.4154
-66.8138
-68.2437
-69.7074
-72.5627
-74.1237
-75.7193
-77.3553
-79.0263
-80.7362
-84.0774
-85.9114
-87.7923
-89.7244
-91.716
-93.7524
-97.765
-99.982
-102.271
-104.633
-107.076
-109.598
-114.617
-117.418
-120.322
-123.367
-126.53
-129.82
-136.469
-140.237
-144.178
-148.344
-152.718
-157.356
-166.844
-172.348
-178.16
-184.396
-190.986
-198.072
-212.658
-221.11
-230.059
-239.434
-249.273
-259.526
-279.676
-290.629
-301.498
-312.383
-322.649
-332.155
-347.278
-353.131
-356.99
-358.486
-357.743
-354.16
-339.912
-328.165
-313.485
-295.959
-275.612
-252.654
-202.309
-172.624
-141.127
-108.174
-74.3458
-39.7887
26.0097
60.5477
94.3925
127.305
158.614
188.499
238.786
261.885
282.302
299.709
314.168
325.781
339.885
343.056
344.101
342.638
338.913
333.329
318.84
309.767
300.016
290.026
279.457
269.071
250.118
240.549
231.377
222.666
214.386
206.558
192.817
186.147
179.872
173.886
168.27
162.95
153.681
149.1
144.779
140.666
136.752
133.001
126.383
123.092
119.924
116.892
113.964
111.147
106.092
103.55
101.088
98.7081
96.4064
94.1633
90.1179
88.0607
86.059
84.1197
82.2207
80.3772
77.0228
75.312
73.6492
72.0318
70.4501
68.9182
66.1487
64.7512
63.4021
62.0956
60.8345
59.6233
57.4606
56.3741
55.3276
54.3179
53.3409
52.3945
50.6795
49.8049
48.9523
48.1193
47.3044
46.5063
45.0416
44.2882
43.5461
42.8168
42.0979
41.3924
40.09
39.4132
38.747
38.0924
37.4458
36.8081
35.6297
35.0161
34.4113
33.8146
33.2248
32.6435
31.5642
31.0042
30.4502
29.904
29.3655
28.832
27.8474
27.336
26.8316
26.3364
25.8485
25.3684
24.4878
24.0363
23.5953
23.1669
22.7484
22.3423
21.6094
21.2384
20.8786
20.5305
20.192
19.8635
19.2663
18.9594
18.6598
18.3667
18.0782
17.7949
17.2739
17.0036
16.7375
16.4757
16.2166
15.9607
15.487
15.2407
14.9969
14.7567
14.5184
14.2835
13.8465
13.6193
13.3949
13.173
12.9533
12.7362
12.3324
12.1214
11.9127
11.7069
11.5033
11.302
10.9284
10.734
10.542
10.3525
10.1655
9.98132
9.64171
9.46608
9.29408
9.12591
8.96139
8.80143
8.50998
8.36174
8.21842
8.07889
7.94305
7.81131
7.57235
7.45005
7.33076
7.21311
7.09802
6.98491
6.77765
6.66979
6.56322
6.45843
6.35496
6.25284
6.06272
5.9638
5.86616
5.76946
5.6736
5.579
5.40307
5.31126
5.22026
5.13034
5.0411
4.95283
4.78823
4.70238
4.61745
4.53323
4.44995
4.36729
4.21368
4.13341
4.05389
3.97545
3.89769
3.82065
3.67787
3.60344
3.5299
3.45729
3.3856
3.31454
3.18432
3.0507
2.89873
2.75717
2.62477
2.50182
2.29361
2.19425
2.10221
2.01674
1.93615
1.86002
1.72876
1.66533
1.60511
1.54786
1.49362
1.44246
1.35342
1.30894
1.26636
1.22575
1.18699
1.14988
