-2.25574
-2.52897
-2.83728
-3.19964
-3.6251
-4.10453
-4.62914
-5.19865
-5.819
-6.504
-7.28512
-8.21269
-9.30825
-10.546
-11.9039
-13.383
-15.0014
-16.7998
-18.8688
-21.3493
-24.2934
-27.6354
-31.3279
-35.3926
-39.9093
-45.0367
-51.1175
-58.661
-67.9732
-79.1313
-92.5027
-108.984
-130.335
-159.763
-202.842
-263.833
-326.271
-330.84
-217.28
-6.88124
203.18
316.841
314.309
254.871
197.144
155.708
126.714
105.415
88.8752
75.5377
64.7021
56.1001
49.2488
43.5195
38.5088
34.0209
29.9634
26.3039
23.0937
20.3989
18.149
16.1892
14.4232
12.8075
11.3239
9.97152
8.77548
7.76101
6.9013
6.14173
5.44927
4.80991
4.21723
3.67467
3.15234
2.22265
1.66799
1.29838
1.03247
0.835663
-2.25668
-2.52793
-2.53001
-2.83608
-2.83848
-3.19822
-3.20107
-3.62346
-3.62674
-4.10271
-4.10634
-4.62717
-4.63111
-5.19652
-5.20079
-5.81666
-5.82134
-6.50139
-6.50662
-7.28206
-7.28818
-8.20905
-8.21635
-9.30403
-9.31247
-10.5413
-10.5507
-11.8988
-11.909
-13.3774
-13.3885
-14.9952
-15.0075
-16.7929
-16.8067
-18.8606
-18.8769
-21.3395
-21.3591
-24.282
-24.3048
-27.6227
-27.6481
-31.3139
-31.3419
-35.3772
-35.4081
-39.8921
-39.9266
-45.0168
-45.0567
-51.0932
-51.1418
-58.6307
-58.6914
-67.9364
-68.0099
-79.0874
-79.1752
-92.4496
-92.5558
-108.918
-109.051
-130.246
-130.424
-159.636
-159.891
-202.657
-203.029
-263.587
-264.08
-326.099
-326.442
-331.021
-330.657
-217.904
-216.655
-7.70509
-6.05745
202.549
203.81
316.666
317.014
314.468
314.148
255.099
254.643
197.322
196.966
155.832
155.584
126.803
126.625
105.482
105.348
88.9285
88.822
75.5811
75.4943
64.7371
64.6672
56.1277
56.0725
49.2711
49.2264
43.5387
43.5003
38.5258
38.4917
34.0363
34.0056
29.9774
29.9495
26.3164
26.2915
23.1044
23.0831
20.4077
20.39
18.1565
18.1415
16.1959
16.1825
14.4293
14.4171
12.8131
12.802
11.329
11.3188
9.97615
9.9669
8.77948
8.77149
7.76436
7.75766
6.90419
6.8984
6.14433
6.13912
5.45167
5.44687
4.81213
4.80768
4.21929
4.21518
3.67653
3.67282
3.15679
3.14789
2.22517
2.22015
1.66959
1.6664
1.2995
1.29725
1.03329
1.03165
0.836281
-2.26468
-2.51912
-2.53888
-2.82593
-2.8487
-3.18618
-3.21321
-3.60954
-3.64069
-4.08732
-4.1218
-4.61044
-4.64788
-5.17838
-5.21897
-5.79677
-5.84129
-6.47917
-6.52894
-7.25615
-7.31427
-8.17812
-8.24754
-9.26827
-9.34851
-10.5015
-10.5907
-11.8554
-11.9525
-13.3302
-13.436
-14.9433
-15.0597
-16.7342
-16.8655
-18.7917
-18.9463
-21.2564
-21.4427
-24.1852
-24.4021
-27.5149
-27.7563
-31.195
-31.461
-35.2464
-35.5394
-39.7456
-40.0736
-44.8482
-45.2267
-50.8877
-51.3491
-58.3736
-58.9506
-67.6251
-68.3243
-78.7154
-79.5495
-91.9994
-93.0076
-108.352
-109.623
-129.492
-131.187
-158.56
-160.984
-201.089
-204.629
-261.492
-266.176
-324.609
-327.864
-332.449
-329.018
-223.139
-211.273
-14.71
0.99012
197.136
209.078
315.083
318.486
315.785
312.748
257.04
252.75
198.841
195.46
156.895
154.542
127.564
125.875
106.053
104.781
89.383
88.3708
75.9513
75.1268
65.0355
64.3718
56.3636
55.8391
49.4618
49.0369
43.7024
43.3374
38.671
38.3472
34.1674
33.8754
30.0961
29.8312
26.4225
26.1859
23.1953
22.9927
20.4831
20.3152
18.2206
18.0777
16.2529
16.1257
14.4812
14.3654
12.8605
12.7545
11.3726
11.2753
10.0155
9.92763
8.8135
8.7376
7.7929
7.72925
6.92883
6.87388
6.16653
6.11692
5.47211
5.42651
4.83105
4.78881
4.23678
4.19775
3.69231
3.65712
3.19507
3.11043
2.24673
2.19904
1.68327
1.65295
1.30911
1.28776
1.04033
1.02468
0.841545
-2.29115
-2.32981
-2.36907
-2.40894
-2.44932
-2.49035
-2.56823
-2.61134
-2.65543
-2.7003
-2.74614
-2.79292
-2.88268
-2.93288
-2.98443
-3.03715
-3.09124
-3.14692
-3.25357
-3.31295
-3.37374
-3.4359
-3.49936
-3.56413
-3.68699
-3.75503
-3.82398
-3.89398
-3.96498
-4.03704
-4.1729
-4.24764
-4.32332
-4.39985
-4.47726
-4.5557
-4.70342
-4.7846
-4.86667
-4.94968
-5.0339
-5.1189
-5.27922
-5.36735
-5.45676
-5.54715
-5.63875
-5.73175
-5.90731
-6.00401
-6.1023
-6.20214
-6.30369
-6.40671
-6.60286
-6.71173
-6.82298
-6.93662
-7.05288
-7.17203
-7.40091
-7.5291
-7.66087
-7.79615
-7.93463
-8.0774
-8.35121
-8.50424
-8.66102
-8.82091
-8.98416
-9.15123
-9.46823
-9.64341
-9.82153
-10.0022
-10.1856
-10.3714
-10.7229
-10.9161
-11.1119
-11.3099
-11.5104
-11.7137
-12.0966
-12.307
-12.5202
-12.736
-12.9545
-13.1757
-13.593
-13.8226
-14.0557
-14.2915
-14.5305
-14.7734
-15.2325
-15.4856
-15.7435
-16.005
-16.2715
-16.5432
-17.0603
-17.348
-17.6414
-17.9425
-18.2509
-18.5676
-19.177
-19.519
-19.8704
-20.2321
-20.6041
-20.986
-21.7207
-22.1306
-22.5516
-22.982
-23.4211
-23.8707
-24.7242
-25.1963
-25.677
-26.1648
-26.6602
-27.1628
-28.1147
-28.6388
-29.1702
-29.7086
-30.2545
-30.808
-31.8548
-32.4311
-33.0153
-33.6087
-34.2098
-34.82
-35.9747
-36.612
-37.26
-37.918
-38.5873
-39.268
-40.5621
-41.2787
-42.0106
-42.7572
-43.5188
-44.2984
-45.7931
-46.6291
-47.4883
-48.3725
-49.2822
-50.2209
-52.042
-53.071
-54.1356
-55.232
-56.3679
-57.5404
-59.816
-61.0976
-62.4169
-63.7764
-65.1753
-66.6106
-69.3708
-70.9169
-72.5032
-74.1304
-75.7967
-77.5055
-80.7953
-82.6394
-84.5327
-86.4777
-88.479
-90.5356
-94.5156
-96.7648
-99.0813
-101.475
-103.955
-106.523
-111.535
-114.398
-117.374
-120.476
-123.697
-127.063
-133.745
-137.6
-141.67
-145.905
-150.391
-155.122
-164.658
-170.19
-176.112
-182.369
-189.038
-196.012
-210.008
-218.226
-226.845
-235.772
-245.005
-254.607
-273.005
-282.815
-292.761
-302.474
-311.347
-319.783
-332.113
-336.762
-339.805
-340.894
-339.587
-336.219
-322.74
-311.321
-297.525
-280.861
-261.532
-239.625
-192.73
-164.307
-134.398
-103.177
-70.7851
-37.8811
24.1348
56.8877
89.1777
120.4
150.331
178.732
225.598
247.454
266.981
283.697
297.793
308.955
322.683
326.461
327.711
326.871
324.239
319.701
307.656
299.73
291.388
282.24
272.803
263.418
246.257
237.123
228.31
219.838
211.763
203.976
190.611
183.903
177.543
171.54
165.844
160.463
151.203
146.58
142.144
137.928
133.919
130.12
123.465
120.115
116.906
113.803
110.833
107.968
102.95
100.374
97.8804
95.476
93.148
90.8992
86.9058
84.8409
82.8417
80.8999
79.0149
77.1854
73.9339
72.2512
70.6211
69.0437
67.5136
66.0322
63.415
62.0711
60.7737
59.5221
58.3136
57.1469
55.084
54.0251
52.9991
52.0046
51.0372
50.0966
48.4203
47.5473
46.6948
45.861
45.0449
44.2461
42.8059
42.0489
41.3059
40.5759
39.8583
39.152
37.8744
37.1994
36.5351
35.8812
35.2362
34.6011
33.4493
32.8403
32.2395
31.6473
31.0639
30.4891
29.4448
28.8936
28.3508
27.8168
27.2913
26.7746
25.8415
25.3513
24.8722
24.4035
23.9453
23.498
22.6985
22.2835
21.8799
21.4879
21.1064
20.7346
20.0722
19.7288
19.3937
19.0665
18.7458
18.4333
17.87
17.5742
17.2839
16.9983
16.7178
16.4415
15.9405
15.6754
15.4142
15.157
14.9028
14.6525
14.1965
13.9546
13.7162
13.4807
13.248
13.0181
12.5994
12.3773
12.1584
11.942
11.728
11.517
11.1331
10.9299
10.7295
10.532
10.3374
10.1461
9.79972
9.61773
9.4393
9.2647
9.09369
8.92654
8.62748
8.47174
8.32022
8.17261
8.02838
7.88797
7.63689
7.50605
7.37821
7.25321
7.13059
7.01051
6.79379
6.67954
6.56712
6.45649
6.34739
6.23999
6.0446
5.94119
5.83882
5.73792
5.63817
5.53968
5.35994
5.26448
5.17033
5.07708
4.98484
4.89359
4.72701
4.63856
4.55115
4.4647
4.37922
4.29465
4.14078
4.05919
3.97876
3.89946
3.82135
3.7446
3.60602
3.5334
3.4625
3.39371
3.3269
3.26193
2.99178
2.8337
2.68871
2.55537
2.43304
2.3201
2.13192
2.04043
1.95532
1.87526
1.79992
1.72954
1.60987
1.5496
1.49268
1.43949
1.3897
1.34135
1.25731
1.21528
1.17569
1.13704
1.09973
1.06402
1.00221
0.970833
0.940749
0.912025
0.88478
0.859024
