-2.21179
-2.46815
-2.74474
-3.08682
-3.5324
-4.0232
-4.54539
-5.10286
-5.70002
-6.3376
-7.03307
-7.91348
-9.06364
-10.3286
-11.6782
-13.1221
-14.6737
-16.334
-18.1616
-20.531
-23.6225
-27.0208
-30.6737
-34.6187
-38.9098
-43.5899
-48.8968
-56.0952
-65.7
-76.7913
-89.6845
-105.268
-125.05
-151.971
-193.522
-270.113
-390.989
-453.08
-314.862
-6.97874
300.498
437.314
373.294
259.924
190.621
149.481
122.079
101.907
86.0138
72.8196
61.7251
53.6218
47.6394
42.4004
37.6471
33.2959
29.2802
25.5536
22.1902
19.6416
17.6519
15.8335
14.1412
12.5622
11.0868
9.70365
8.45118
7.49584
6.72695
6.01635
5.34909
4.72117
4.12887
3.56852
2.97149
2.09138
1.5914
1.25234
1.00584
0.816977
-2.21268
-2.4672
-2.46909
-2.74368
-2.74581
-3.08537
-3.08826
-3.53069
-3.53412
-4.02138
-4.02502
-4.54344
-4.54735
-5.10076
-5.10496
-5.69776
-5.70227
-6.33521
-6.33998
-7.03067
-7.03545
-7.90973
-7.91723
-9.05927
-9.06808
-10.3239
-10.3333
-11.6731
-11.6832
-13.1167
-13.1276
-14.6679
-14.6796
-16.3279
-16.3401
-18.1545
-18.1688
-20.5208
-20.5411
-23.6106
-23.6344
-27.008
-27.0336
-30.66
-30.6874
-34.6039
-34.6335
-38.8937
-38.9259
-43.5718
-43.608
-48.8755
-48.9181
-56.0639
-56.1264
-65.6626
-65.7374
-76.7484
-76.8342
-89.6338
-89.7352
-105.206
-105.331
-124.968
-125.132
-151.853
-152.09
-193.328
-193.717
-269.749
-270.478
-390.482
-391.495
-453.16
-452.998
-315.735
-313.985
-8.17201
-5.78548
299.557
301.435
437.237
437.388
373.743
372.846
260.248
259.601
190.81
190.432
149.597
149.367
122.163
121.996
101.97
101.843
86.0656
85.962
72.8635
72.7757
61.7606
61.6897
53.6458
53.5979
47.6592
47.6195
42.4184
42.3823
37.6636
37.6307
33.3109
33.2809
29.2941
29.2662
25.5665
25.5406
22.2011
22.1792
19.6494
19.6339
17.6587
17.6451
15.8398
15.8272
14.1471
14.1353
12.5677
12.5567
11.0919
11.0816
9.70834
9.69896
8.45527
8.4471
7.4988
7.49288
6.7296
6.7243
6.01884
6.01386
5.35145
5.34678
4.72337
4.71896
4.13095
4.1268
3.57047
3.56657
2.97542
2.96754
2.09365
2.08912
1.59284
1.58996
1.25335
1.25134
1.00661
1.00506
0.817581
-2.2203
-2.45913
-2.47708
-2.73466
-2.75492
-3.07313
-3.10063
-3.51612
-3.54868
-4.0059
-4.04054
-4.52689
-4.56402
-5.08295
-5.12279
-5.67878
-5.72142
-6.31499
-6.36029
-7.00812
-7.05866
-7.87798
-7.9494
-9.02239
-9.1059
-10.284
-10.3733
-11.63
-11.7262
-13.0706
-13.1736
-14.6184
-14.7289
-16.2754
-16.3927
-18.094
-18.2299
-20.435
-20.628
-23.5095
-23.7353
-26.9006
-27.1424
-30.5437
-30.804
-34.4775
-34.7594
-38.7569
-39.0631
-43.4187
-43.7595
-48.6955
-49.1003
-55.7999
-56.3934
-65.3455
-66.056
-76.3839
-77.1996
-89.2042
-90.1677
-104.675
-105.866
-124.275
-125.833
-150.853
-153.101
-191.685
-195.394
-266.685
-273.61
-386.459
-395.621
-453.758
-452.149
-323.188
-306.468
-18.3151
4.35691
291.618
310.073
436.276
437.94
377.667
369.069
263.046
256.879
192.429
188.84
150.624
148.388
122.875
121.29
102.515
101.303
86.5083
85.5229
73.2376
72.4037
62.0643
61.3904
53.8512
53.3954
47.8285
47.4531
42.5722
42.2292
37.8034
37.4913
33.4385
33.1514
29.4127
29.1478
25.677
25.4305
22.2946
22.087
19.7157
19.568
17.7158
17.5873
15.8938
15.7746
14.1975
14.084
12.6152
12.5099
11.1358
11.0373
9.74905
9.65843
8.48993
8.41255
7.52425
7.46778
6.75214
6.70182
6.03999
5.99276
5.37145
5.32707
4.74197
4.70029
4.14861
4.10913
3.58709
3.55004
3.00859
2.93372
2.11308
2.07003
1.60516
1.57776
1.26191
1.24285
1.01326
0.998493
0.822727
-2.24551
-2.28221
-2.31913
-2.35645
-2.39421
-2.43232
-2.5039
-2.54296
-2.58262
-2.62286
-2.6637
-2.70525
-2.78528
-2.83043
-2.87752
-2.92673
-2.97896
-3.03356
-3.14215
-3.20425
-3.26825
-3.33391
-3.40103
-3.46833
-3.59691
-3.66698
-3.7382
-3.80975
-3.88209
-3.95501
-4.09182
-4.16662
-4.24191
-4.3184
-4.39529
-4.4728
-4.61892
-4.69856
-4.77871
-4.86022
-4.94219
-5.02511
-5.18149
-5.26673
-5.35301
-5.43971
-5.52792
-5.61671
-5.78406
-5.8743
-5.96646
-6.05979
-6.15382
-6.24865
-6.42774
-6.52497
-6.62489
-6.72538
-6.82813
-6.9335
-7.1356
-7.25123
-7.37209
-7.49828
-7.63326
-7.77569
-8.05735
-8.21779
-8.38325
-8.55262
-8.72568
-8.8995
-9.23016
-9.41069
-9.59415
-9.77834
-9.96501
-10.153
-10.5059
-10.6981
-10.8937
-11.0908
-11.2889
-11.4898
-11.8679
-12.0737
-12.2813
-12.4917
-12.7056
-12.9196
-13.3258
-13.5467
-13.7711
-13.996
-14.2255
-14.4564
-14.8914
-15.1269
-15.3662
-15.6096
-15.8545
-16.1019
-16.5683
-16.8257
-17.0847
-17.3499
-17.6203
-17.8997
-18.4364
-18.7439
-19.0679
-19.4119
-19.7747
-20.159
-20.9191
-21.3509
-21.7961
-22.2524
-22.7144
-23.1818
-24.0665
-24.554
-25.045
-25.5411
-26.0418
-26.5486
-27.499
-28.0181
-28.5478
-29.0806
-29.6178
-30.1617
-31.189
-31.7494
-32.3166
-32.8906
-33.4738
-34.0621
-35.1778
-35.7867
-36.4019
-37.0291
-37.663
-38.305
-39.5137
-40.1771
-40.8501
-41.5339
-42.2257
-42.9282
-44.2559
-44.9912
-45.744
-46.5123
-47.301
-48.1204
-49.7172
-50.643
-51.6236
-52.6665
-53.7758
-54.9518
-57.286
-58.6159
-59.9887
-61.4033
-62.8345
-64.3087
-67.1122
-68.6695
-70.254
-71.871
-73.5182
-75.2003
-78.4122
-80.2029
-82.0345
-83.9101
-85.8325
-87.8072
-91.6089
-93.7416
-95.9403
-98.2063
-100.545
-102.958
-107.654
-110.317
-113.086
-115.955
-118.941
-122.047
-128.19
-131.722
-135.414
-139.306
-143.403
-147.721
-156.46
-161.611
-167.122
-173.083
-179.467
-186.483
-201.225
-210.33
-220.357
-231.483
-243.629
-256.898
-284.26
-300.494
-317.344
-335.465
-354.498
-373.56
-407.533
-423.38
-436.983
-446.561
-452.743
-455.052
-448.005
-436.63
-421.871
-401.69
-377.061
-346.723
-279.775
-238.668
-194.177
-147.37
-100.016
-51.6865
37.7948
85.9445
133.371
179.42
223.683
264.622
332.796
362.602
386.39
406.048
420.596
431.426
439.251
436.608
430.097
420.062
405.678
390.262
356.355
338.06
320.023
303.229
287.296
272.62
248.196
236.414
225.483
215.698
206.378
197.859
183.765
176.971
170.628
164.731
159.208
154.02
145.19
140.778
136.601
132.645
128.873
125.265
119.027
115.845
112.807
109.878
107.059
104.338
99.5521
97.0952
94.7096
92.4004
90.1583
87.9805
84.0935
82.0789
80.1103
78.19
76.3148
74.4847
71.1973
69.4816
67.8103
66.1838
64.6051
63.0848
60.4282
59.0948
57.8574
56.681
55.5796
54.5408
52.74
51.8237
50.9394
50.0655
49.22
48.3944
46.9005
46.1121
45.3396
44.5759
43.8225
43.0812
41.7335
41.0225
40.3176
39.6242
38.9423
38.2676
37.0328
36.3812
35.7417
35.1032
34.4794
33.8616
32.7306
32.1324
31.5419
30.9575
30.3815
29.8087
28.7591
28.2057
27.6564
27.1123
26.575
26.0412
25.0721
24.5595
24.0553
23.5633
23.0766
22.6102
21.7879
21.3776
20.987
20.6192
20.2691
19.9377
19.3555
19.0567
18.7622
18.4714
18.1875
17.9064
17.3982
17.1276
16.86
16.5954
16.3326
16.0727
15.5989
15.3469
15.0969
14.8497
14.6061
14.3636
13.9204
13.6846
13.4526
13.2219
12.9952
12.7698
12.3562
12.1372
11.9204
11.7057
11.4932
11.2803
10.8944
10.689
10.4852
10.2835
10.0838
9.88499
9.52428
9.333
9.14494
8.96156
8.7804
8.60681
8.30101
8.14882
8.00325
7.86632
7.73467
7.60846
7.38637
7.27024
7.15684
7.04551
6.93571
6.82643
6.62811
6.5226
6.41758
6.31426
6.21132
6.10974
5.92342
5.82445
5.72607
5.62874
5.53225
5.43717
5.2618
5.1685
5.07602
4.98475
4.89353
4.80386
4.6391
4.55131
4.46457
4.37798
4.2925
4.207
4.05085
3.96763
3.88545
3.80355
3.72275
3.64214
3.49573
3.41814
3.34137
3.2648
3.18609
3.09484
2.81942
2.66294
2.52249
2.39721
2.28327
2.17953
2.00915
1.92627
1.84964
1.77709
1.70916
1.64645
1.53844
1.48369
1.43158
1.38211
1.33604
1.29155
1.21536
1.1767
1.13941
1.10346
1.0688
1.03551
0.977168
0.947164
0.918514
0.891036
0.86501
0.839817
