-2.61266
-2.83257
-3.07839
-3.35468
-3.66072
-3.99261
-4.34712
-4.72324
-5.12174
-5.5446
-5.99567
-6.48147
-7.01345
-7.6079
-8.28052
-9.03473
-9.86181
-10.7519
-11.7003
-12.7077
-13.7783
-14.9209
-16.1507
-17.4932
-18.99
-20.6895
-22.6158
-24.7577
-27.0877
-29.5901
-32.2677
-35.1357
-38.221
-41.5731
-45.2675
-49.4342
-54.2475
-59.8621
-66.3483
-73.7274
-82.0787
-91.5897
-102.588
-115.593
-131.373
-151.168
-176.719
-210.319
-252.715
-299.54
-335.659
-335.294
-277.321
-160.114
-6.85934
146.44
263.274
322.068
323.392
289.023
244.507
204.228
172.089
147.259
127.74
112.012
98.9908
87.9679
78.4748
70.2608
63.2016
57.2037
52.1043
47.6744
43.7271
40.1379
36.832
33.7627
30.9029
28.2389
25.7762
23.5389
21.5515
19.8054
18.2562
16.8509
15.5531
14.3411
13.2025
12.1302
11.1212
10.1774
9.30683
8.52106
7.82373
7.2026
6.639
6.11759
5.62898
5.16774
4.73075
4.31696
3.92745
3.56673
3.24413
2.51305
2.0162
1.65932
1.39016
1.17787
-2.61374
-2.83137
-2.83377
-3.07704
-3.07974
-3.35318
-3.35619
-3.65907
-3.66238
-3.99083
-3.99439
-4.34523
-4.34901
-4.72124
-4.72524
-5.11961
-5.12386
-5.54235
-5.54686
-5.99325
-5.99808
-6.47886
-6.48409
-7.01056
-7.01635
-7.60463
-7.61118
-8.27684
-8.28421
-9.03063
-9.03883
-9.85736
-9.86626
-10.7472
-10.7567
-11.6953
-11.7054
-12.7024
-12.7131
-13.7726
-13.784
-14.9148
-14.9271
-16.144
-16.1573
-17.4859
-17.5005
-18.9817
-18.9982
-20.6802
-20.6989
-22.6053
-22.6263
-24.7461
-24.7693
-27.0752
-27.1002
-29.5768
-29.6035
-32.2534
-32.282
-35.1203
-35.151
-38.2044
-38.2377
-41.555
-41.5913
-45.2473
-45.2878
-49.4112
-49.4572
-54.2206
-54.2742
-59.8308
-59.8934
-66.3125
-66.3841
-73.6869
-73.7679
-82.0328
-82.1247
-91.5371
-91.6423
-102.526
-102.649
-115.52
-115.667
-131.282
-131.463
-151.052
-151.285
-176.568
-176.87
-210.122
-210.517
-252.481
-252.948
-299.305
-299.775
-335.543
-335.774
-335.428
-335.158
-277.782
-276.857
-160.846
-159.382
-7.68989
-6.02884
145.712
147.167
262.809
263.737
321.924
322.21
323.499
323.284
289.246
288.8
244.733
244.281
204.416
204.041
172.234
171.944
147.372
147.145
127.829
127.65
112.086
111.939
99.0527
98.929
88.0207
87.9152
78.5205
78.4293
70.3002
70.2214
63.2354
63.1679
57.2322
57.1752
52.1288
52.0799
47.6959
47.6529
43.7465
43.7077
40.1557
40.1201
36.8485
36.8156
33.778
33.7474
30.9172
30.8886
28.2522
28.2257
25.7884
25.764
23.5498
23.528
21.5611
21.5419
19.8138
19.7969
18.2638
18.2486
16.8579
16.844
15.5596
15.5466
14.3471
14.335
13.2082
13.1968
12.1355
12.1248
11.1262
11.1161
10.1821
10.1727
9.31113
9.30255
8.52488
8.51724
7.82713
7.82034
7.20565
7.19955
6.64179
6.63621
6.1202
6.11499
5.63143
5.62653
5.17006
5.16542
4.73294
4.72855
4.31904
4.31488
3.9294
3.92551
3.5685
3.56496
3.24569
3.24257
2.51612
2.51
2.01835
2.01406
1.6609
1.65773
1.39137
1.38894
1.17883
-2.62187
-2.8224
-2.84278
-3.06698
-3.08986
-3.3419
-3.3675
-3.64671
-3.67479
-3.97754
-4.00772
-4.33109
-4.36319
-4.70626
-4.74027
-5.10372
-5.13979
-5.52548
-5.56378
-5.97519
-6.01622
-6.45927
-6.50377
-6.98893
-7.0381
-7.58018
-7.6358
-8.24926
-8.31192
-8.99997
-9.06964
-9.8241
-9.8997
-10.7116
-10.7924
-11.6575
-11.7433
-12.6622
-12.7534
-13.7299
-13.8269
-14.8691
-14.973
-16.0945
-16.207
-17.4314
-17.5555
-18.9202
-19.0601
-20.61
-20.7695
-22.5264
-22.7056
-24.6595
-24.8563
-26.9816
-27.194
-29.4766
-29.704
-32.1463
-32.3895
-35.0053
-35.2664
-38.08
-38.3625
-41.4195
-41.7274
-45.0965
-45.4396
-49.2392
-49.6303
-54.0197
-54.4755
-59.597
-60.1289
-66.0449
-66.6533
-73.3841
-74.0726
-81.6893
-82.4702
-91.1438
-92.0383
-102.067
-103.112
-114.97
-116.221
-130.607
-132.146
-150.193
-152.157
-175.443
-178.011
-208.641
-212.006
-250.734
-254.713
-297.521
-301.519
-334.641
-336.606
-336.39
-334.096
-281.188
-273.323
-166.309
-153.868
-13.9209
0.19803
140.22
152.589
259.27
267.161
320.769
323.224
324.279
322.452
290.917
287.124
246.43
242.584
205.831
202.643
173.33
170.867
148.228
146.298
128.506
126.978
112.641
111.39
99.5183
98.4682
88.4173
87.5215
78.864
78.0885
70.597
69.9272
63.4892
62.9162
57.4472
56.9632
52.3128
51.897
47.8578
47.4922
43.8923
43.5628
40.2893
39.987
36.972
36.6925
33.893
33.6328
31.0244
30.7818
28.3519
28.1264
25.8799
25.6729
23.6319
23.4464
21.6336
21.4703
19.8776
19.7336
18.3208
18.1917
16.9102
16.7918
15.6082
15.4982
14.3927
14.2896
13.2511
13.154
12.1759
12.0845
11.1642
11.0783
10.2174
10.1375
9.34337
9.27047
8.55363
8.48865
7.85268
7.79495
7.22856
7.17676
6.66277
6.61531
6.13976
6.09549
5.64984
5.60817
5.18749
5.14803
4.74945
4.71208
4.33464
4.29932
3.94401
3.91094
3.58185
3.5517
3.25744
3.21322
2.53927
2.48724
2.03457
1.99814
1.67288
1.64594
1.40053
1.37986
1.18604
-2.64407
-2.67403
-2.70442
-2.7353
-2.76657
-2.79831
-2.86744
-2.90079
-2.9347
-2.96922
-3.00425
-3.03989
-3.1176
-3.15513
-3.19334
-3.23212
-3.27155
-3.31154
-3.39846
-3.4403
-3.48269
-3.52577
-3.56934
-3.61337
-3.70867
-3.7543
-3.80042
-3.84706
-3.89413
-3.94164
-4.04408
-4.09297
-4.14228
-4.19211
-4.24228
-4.29288
-4.40182
-4.45372
-4.50607
-4.55895
-4.61216
-4.66579
-4.78122
-4.8362
-4.89169
-4.94769
-5.00402
-5.06081
-5.18316
-5.24153
-5.30035
-5.35974
-5.41954
-5.4799
-5.60993
-5.67204
-5.7347
-5.7981
-5.86196
-5.92645
-6.06572
-6.13235
-6.19968
-6.26785
-6.33673
-6.40646
-6.55748
-6.62997
-6.70346
-6.77807
-6.8537
-6.93046
-7.09759
-7.17807
-7.25995
-7.34347
-7.42831
-7.51452
-7.70293
-7.79399
-7.88648
-7.98107
-8.07726
-8.17504
-8.38781
-8.49066
-8.59498
-8.701
-8.80844
-8.9174
-9.15375
-9.26713
-9.3819
-9.49823
-9.61565
-9.73434
-9.99079
-10.1133
-10.237
-10.3621
-10.4882
-10.6155
-10.8897
-11.0205
-11.1524
-11.2857
-11.4198
-11.5552
-11.8467
-11.9857
-12.1258
-12.2674
-12.4098
-12.5537
-12.863
-13.0107
-13.1596
-13.3101
-13.4617
-13.6145
-13.9438
-14.101
-14.2598
-14.4203
-14.5821
-14.7455
-15.0983
-15.2669
-15.4376
-15.6102
-15.7845
-15.9609
-16.3429
-16.5262
-16.7118
-16.9002
-17.091
-17.2844
-17.7055
-17.9084
-18.1145
-18.3245
-18.5377
-18.7548
-19.2295
-19.4595
-19.6936
-19.9318
-20.1739
-20.4215
-20.9624
-21.2235
-21.4897
-21.7606
-22.0353
-22.3143
-22.922
-23.2147
-23.5118
-23.813
-24.1174
-24.4259
-25.0937
-25.4135
-25.7371
-26.0648
-26.3952
-26.7291
-27.4499
-27.7942
-28.1422
-28.4937
-28.8484
-29.2065
-29.9778
-30.3467
-30.7191
-31.095
-31.4742
-31.8573
-32.6827
-33.0774
-33.4758
-33.8778
-34.2845
-34.6951
-35.5809
-36.0045
-36.4326
-36.8657
-37.3033
-37.7457
-38.7024
-39.1614
-39.6257
-40.0958
-40.5715
-41.0539
-42.0996
-42.6021
-43.1124
-43.6307
-44.1568
-44.6911
-45.8547
-46.4174
-46.9907
-47.575
-48.1718
-48.7778
-50.1052
-50.7516
-51.4134
-52.0879
-52.7776
-53.483
-55.028
-55.7823
-56.5559
-57.3452
-58.1492
-58.9698
-60.7733
-61.6486
-62.5417
-63.4521
-64.3795
-65.3258
-67.3901
-68.3902
-69.408
-70.4438
-71.4969
-72.5699
-74.9058
-76.0361
-77.1881
-78.36
-79.5525
-80.7666
-83.4153
-84.6988
-86.0063
-87.3402
-88.7002
-90.0877
-93.1231
-94.6006
-96.1098
-97.654
-99.2286
-100.837
-104.383
-106.121
-107.897
-109.715
-111.581
-113.5
-117.743
-119.826
-121.976
-124.184
-126.462
-128.806
-134.038
-136.628
-139.304
-142.072
-144.933
-147.899
-154.561
-157.875
-161.321
-164.89
-168.603
-172.464
-181.163
-185.529
-190.047
-194.738
-199.621
-204.697
-216.121
-221.733
-227.531
-233.499
-239.668
-245.956
-259.62
-266.233
-272.827
-279.396
-286.055
-292.669
-306.103
-312.032
-317.675
-322.894
-327.641
-331.875
-338.484
-340.423
-341.455
-341.491
-340.458
-338.602
-330.658
-324.928
-317.879
-309.771
-300.452
-289.945
-263.279
-248.967
-233.37
-216.672
-199.171
-180.753
-138.725
-118.079
-96.7583
-75.0614
-53.1905
-30.8303
16.9098
39.2337
61.25
83.0224
104.437
125.057
166.927
185.493
203.149
219.44
234.884
249.227
275.995
286.696
296.111
304.371
311.379
317.085
325.551
327.811
328.778
328.763
327.814
326.186
319.912
315.929
311.344
306.425
301.122
295.396
282.453
276.338
269.993
263.679
257.361
251.099
238.005
232.019
226.208
220.565
215.067
209.727
198.917
194.106
189.435
184.897
180.545
176.364
167.993
164.241
160.638
157.165
153.825
150.583
144.041
141.121
138.303
135.571
132.925
130.37
125.183
122.85
120.584
118.386
116.245
114.164
109.919
108.001
106.133
104.307
102.53
100.794
97.2359
95.6236
94.0449
92.4989
90.9864
89.5045
86.4659
85.0794
83.72
82.3896
81.0851
79.8064
77.1741
75.9736
74.7969
73.6447
72.5153
71.4096
69.1372
68.1017
67.0897
66.0984
65.1311
64.1836
62.2424
61.3603
60.5019
59.6622
58.8405
58.0368
56.394
55.6462
54.9157
54.2018
53.5026
52.8167
51.4065
50.763
50.1312
49.5105
48.9003
48.301
47.0589
46.4885
45.9272
45.3737
44.8279
44.2902
43.172
42.6557
42.1457
41.6418
41.1446
40.6534
39.6285
39.1546
38.6857
38.2211
37.7626
37.3086
36.3606
35.921
35.4858
35.0552
34.6289
34.2066
33.3237
32.9144
32.5089
32.1077
31.7102
31.3166
30.4935
30.1116
29.7338
29.36
28.9897
28.6235
27.8588
27.5046
27.1546
26.8087
26.4669
26.1297
25.4275
25.1041
24.7854
24.4704
24.1612
23.8568
23.2268
22.938
22.6534
22.3736
22.0999
21.8317
21.2766
21.0231
20.7739
20.5287
20.288
20.0519
19.5635
19.3396
19.119
18.9016
18.6877
18.4769
18.0385
17.8366
17.6372
17.4398
17.2452
17.053
16.6512
16.4654
16.2815
16.0992
15.9192
15.7408
15.3674
15.1943
15.0228
14.8525
14.6839
14.5169
14.167
14.0045
13.8435
13.6834
13.525
13.3679
13.0385
12.8856
12.7339
12.5831
12.4339
12.286
11.9757
11.8316
11.6888
11.5469
11.4067
11.2676
10.9762
10.8411
10.7073
10.5746
10.4435
10.3137
10.0426
9.91739
9.79365
9.67125
9.55057
9.43154
9.18413
9.07038
8.95846
8.84803
8.7395
8.63257
8.41175
8.31076
8.21123
8.1132
8.01707
7.92252
7.72667
7.63689
7.54842
7.4613
7.37558
7.2911
7.11534
7.03439
6.95445
6.87532
6.79722
6.72002
6.55892
6.48433
6.41049
6.33725
6.26483
6.19309
6.04284
5.97311
5.904
5.83535
5.76737
5.69999
5.55857
5.49287
5.42766
5.36284
5.29863
5.23491
5.10104
5.03881
4.97705
4.91563
4.85481
4.79443
4.66759
4.60863
4.55012
4.49193
4.43432
4.37716
4.25729
4.20162
4.14641
4.09163
4.03746
3.98387
3.87162
3.81972
3.76839
3.7177
3.66771
3.61836
3.51599
3.46907
3.42293
3.37746
3.33293
3.28943
3.12157
3.00524
2.89597
2.79273
2.69564
2.60421
2.42706
2.35032
2.27738
2.20839
2.14261
2.07973
1.95608
1.90175
1.84958
1.79982
1.75201
1.70608
1.61466
1.57439
1.53477
1.49644
1.45982
1.42566
1.35531
1.32333
1.29236
1.26244
1.23368
1.20604
