-2.41321
-2.76841
-3.19538
-3.71221
-4.30396
-4.95961
-5.68434
-6.49746
-7.44981
-8.62271
-10.0261
-11.6126
-13.3718
-15.3326
-17.5733
-20.2849
-23.6527
-27.6163
-32.0897
-37.1182
-42.8747
-49.7751
-58.6307
-70.0175
-84.1404
-101.885
-125.501
-159.699
-213.507
-290.887
-340.855
-249.756
-6.88124
235.616
327.686
280.438
207.348
155.646
121.908
98.2926
80.5096
66.651
56.0725
48.0064
41.4206
35.7404
30.7233
26.2853
22.4964
19.4413
16.9334
14.7514
12.7964
11.0319
9.46248
8.13735
7.05643
6.1352
5.31137
4.56146
3.87945
3.28575
2.21514
1.57811
1.1798
-2.4142
-2.76725
-2.76956
-3.19396
-3.1968
-3.71053
-3.71389
-4.30209
-4.30584
-4.95754
-4.96168
-5.68204
-5.68664
-6.49485
-6.50008
-7.44665
-7.45298
-8.61881
-8.62661
-10.0216
-10.0306
-11.6076
-11.6177
-13.3663
-13.3774
-15.3264
-15.3388
-17.566
-17.5806
-20.2758
-20.294
-23.6416
-23.6638
-27.6036
-27.629
-32.0754
-32.1039
-37.1021
-37.1343
-42.856
-42.8934
-49.7518
-49.7984
-58.6004
-58.661
-69.9794
-70.0557
-84.0932
-84.1876
-101.824
-101.945
-125.417
-125.584
-159.572
-159.827
-213.306
-213.709
-290.642
-291.132
-340.865
-340.844
-250.301
-249.209
-7.70509
-6.05745
235.07
236.164
327.674
327.696
280.67
280.206
207.538
207.159
155.77
155.522
121.992
121.825
98.3535
98.2318
80.5565
80.4627
66.6876
66.6145
56.1001
56.045
48.028
47.9848
41.4389
41.4024
35.7564
35.7244
30.7375
30.709
26.2977
26.2728
22.5066
22.4861
19.4495
19.4331
16.9403
16.9264
14.7576
14.7453
12.802
12.7908
11.0369
11.0269
9.46686
9.4581
8.14094
8.13376
7.05939
7.05346
6.13781
6.13258
5.31373
5.30902
4.56361
4.55931
3.88139
3.87751
3.28735
3.28415
2.21764
2.21265
1.5796
1.57662
1.18076
-2.42367
-2.75629
-2.7806
-3.18053
-3.21034
-3.6946
-3.72986
-4.28429
-4.32369
-4.9379
-4.98142
-5.66024
-5.70852
-6.47004
-6.52499
-7.41673
-7.48316
-8.58189
-8.66376
-9.97878
-10.0736
-11.5599
-11.6655
-13.3136
-13.4304
-15.2671
-15.3983
-17.497
-17.6503
-20.1893
-20.3807
-23.5365
-23.7696
-27.4833
-27.7499
-31.9404
-32.2395
-36.9495
-37.2876
-42.6787
-43.0717
-49.5316
-50.0202
-58.3134
-58.9506
-69.6183
-70.4199
-83.6464
-84.6377
-101.253
-102.524
-124.63
-126.381
-158.372
-161.048
-211.403
-215.649
-288.302
-293.431
-340.889
-340.667
-255.39
-243.932
-15.5344
1.82162
229.845
241.283
327.479
327.664
282.864
277.996
209.355
205.35
156.958
154.359
122.787
121.039
98.9355
97.6562
81.0047
80.0182
67.0364
66.269
56.3636
55.7844
48.2341
47.7801
41.613
41.2292
35.9086
35.5729
30.8728
30.5743
26.4162
26.1549
22.6046
22.389
19.5279
19.3553
17.0067
16.8603
14.8165
14.6867
12.8549
12.7378
11.0848
10.9792
9.50859
9.41659
8.17514
8.09979
7.08765
7.02538
6.16261
6.10783
5.33616
5.28663
4.58407
4.53888
3.89985
3.85914
3.30269
3.26906
2.24163
2.18924
1.59386
1.56255
1.18993
-2.45703
-2.50697
-2.55801
-2.61015
-2.66363
-2.71837
-2.81969
-2.87876
-2.93969
-3.0025
-3.06718
-3.134
-3.25837
-3.33068
-3.40504
-3.48139
-3.55957
-3.63945
-3.78622
-3.87056
-3.9564
-4.04367
-4.13227
-4.22235
-4.38662
-4.48044
-4.57564
-4.67213
-4.77018
-4.86963
-5.0509
-5.15437
-5.25932
-5.36603
-5.47446
-5.58453
-5.78567
-5.90091
-6.01824
-6.1378
-6.2598
-6.38411
-6.613
-6.74557
-6.8816
-7.0214
-7.16518
-7.3135
-7.59022
-7.75236
-7.91955
-8.09245
-8.27057
-8.45426
-8.79514
-8.99298
-9.19587
-9.40292
-9.61459
-9.83019
-10.2253
-10.4513
-10.6817
-10.9156
-11.1532
-11.3942
-11.8338
-12.0852
-12.3406
-12.5997
-12.863
-13.1301
-13.6173
-13.8966
-14.1805
-14.4689
-14.7625
-15.0612
-15.6087
-15.9238
-16.246
-16.5751
-16.9122
-17.2574
-17.8977
-18.2714
-18.6569
-19.0552
-19.4667
-19.892
-20.6892
-21.1566
-21.6387
-22.1347
-22.6461
-23.172
-24.1427
-24.7045
-25.2777
-25.8626
-26.4588
-27.0654
-28.1766
-28.8138
-29.4618
-30.1205
-30.7903
-31.4716
-32.7174
-33.4323
-34.1593
-34.899
-35.6517
-36.4196
-37.8286
-38.6395
-39.4673
-40.313
-41.1781
-42.0647
-43.7027
-44.6555
-45.636
-46.6474
-47.6929
-48.7753
-50.8095
-52.0116
-53.2627
-54.5645
-55.9165
-57.3265
-59.9815
-61.5465
-63.1672
-64.8479
-66.5822
-68.3707
-71.7116
-73.6646
-75.6773
-77.7508
-79.8925
-82.1038
-86.2362
-88.661
-91.1688
-93.772
-96.4749
-99.2836
-104.589
-107.742
-111.037
-114.498
-118.127
-121.935
-129.25
-133.679
-138.371
-143.37
-148.654
-154.311
-165.428
-172.258
-179.62
-187.549
-195.96
-204.961
-222.64
-233.325
-244.453
-256.136
-268.217
-280.083
-301.349
-312.252
-322.018
-330.2
-336.312
-340.01
-338.99
-333.739
-324.362
-310.753
-293.493
-272.044
-224.505
-192.873
-158.12
-121.48
-82.8068
-43.0761
29.308
68.8944
107.428
144.238
178.873
210.452
258.15
279.625
297.196
310.544
319.93
325.761
327.029
323.795
317.885
310.043
300.564
290.402
270.189
258.92
247.673
236.592
225.977
215.896
199.156
190.562
182.479
174.91
167.831
161.217
150.41
144.871
139.619
134.683
130.054
125.634
118.375
114.552
110.932
107.47
104.171
101.012
95.6785
92.8584
90.1508
87.5422
85.0234
82.6005
78.4824
76.2906
74.1754
72.1335
70.1685
68.2789
65.0796
63.3883
61.7653
60.212
58.7245
57.2976
54.8902
53.6183
52.3938
51.2118
50.0689
48.9647
47.0728
46.0546
45.0624
44.0954
43.1513
42.2279
40.629
39.7594
38.9069
38.0719
37.2512
36.4462
35.0445
34.2795
33.5284
32.7897
32.0634
31.3497
30.1066
29.427
28.7601
28.1058
27.4642
26.8354
25.7462
25.1563
24.5814
24.0227
23.4794
22.953
22.0536
21.5738
21.1101
20.6602
20.2255
19.8054
19.0861
18.6982
18.3211
17.9529
17.5934
17.2416
16.6309
16.2983
15.9715
15.6504
15.3345
15.0245
14.4827
14.1856
13.8932
13.6052
13.3219
13.0425
12.5536
12.2857
12.0218
11.7617
11.5056
11.2536
10.8137
10.5731
10.3369
10.1053
9.87818
9.65629
9.27303
9.06612
8.86479
8.66938
8.47993
8.29639
7.98247
7.81399
7.65067
7.49215
7.33786
7.18764
6.9281
6.78724
6.64919
6.51362
6.38069
6.25003
6.02195
5.89701
5.77386
5.65265
5.53313
5.41515
5.20878
5.09535
4.98348
4.87295
4.76388
4.65621
4.46779
4.3642
4.26208
4.16151
4.0625
3.96503
3.79535
3.70301
3.61275
3.52479
3.43933
3.35694
3.19166
2.98033
2.79175
2.62132
2.46804
2.32902
2.11029
2.00218
1.90234
1.80968
1.72414
1.64473
1.51487
1.44883
1.38836
1.33005
1.27482
1.22305
