-2.7524
-2.96476
-3.20054
-3.46134
-3.74538
-4.04971
-4.37243
-4.71289
-5.07177
-5.45044
-5.85153
-6.27926
-6.7404
-7.24563
-7.8072
-8.43441
-9.12699
-9.8781
-10.6807
-11.5313
-12.4302
-13.38
-14.3863
-15.4577
-16.6084
-17.8624
-19.2518
-20.8111
-22.555
-24.4749
-26.5511
-28.7713
-31.1335
-33.6456
-36.3241
-39.1964
-42.3023
-45.7088
-49.516
-53.8478
-58.8243
-64.5042
-70.9077
-78.0714
-86.0935
-95.1713
-105.584
-117.746
-132.277
-150.147
-172.583
-201.149
-237.001
-278.296
-317.764
-338.727
-322.425
-256.95
-145.17
-6.96606
131.533
242.948
308.927
326.166
306.348
268.927
229.557
195.525
168.03
146.187
128.613
114.149
101.982
91.5536
82.4817
74.526
67.5508
61.4915
56.2676
51.7377
47.7408
44.1418
40.8465
37.7936
34.9458
32.2777
29.7743
27.4324
25.2609
23.2782
21.4993
19.9159
18.4951
17.1982
15.9962
14.8698
13.8081
12.8037
11.8525
10.9534
10.1087
9.32455
8.6093
7.96608
7.38735
6.8603
6.3724
5.91476
5.4821
5.0711
4.6799
4.30796
3.95598
3.62739
3.32818
2.74365
2.2213
1.84339
1.55671
1.33001
-2.75356
-2.96348
-2.96604
-3.19912
-3.20196
-3.45978
-3.4629
-3.74369
-3.74706
-4.04791
-4.0515
-4.37053
-4.37432
-4.7109
-4.71489
-5.06966
-5.07387
-5.44821
-5.45266
-5.84917
-5.85389
-6.27673
-6.2818
-6.73764
-6.74316
-7.2426
-7.24866
-7.80382
-7.81059
-8.43063
-8.43819
-9.12286
-9.13113
-9.87366
-9.88255
-10.676
-10.6854
-11.5263
-11.5363
-12.425
-12.4355
-13.3744
-13.3856
-14.3804
-14.3922
-15.4514
-15.464
-16.6015
-16.6152
-17.8549
-17.8699
-19.2433
-19.2602
-20.8017
-20.8205
-22.5446
-22.5655
-24.4634
-24.4863
-26.5388
-26.5634
-28.7582
-28.7844
-31.1196
-31.1475
-33.6308
-33.6604
-36.3083
-36.34
-39.1794
-39.2134
-42.2838
-42.3208
-45.6883
-45.7293
-49.4928
-49.5393
-53.8213
-53.8744
-58.7939
-58.8547
-64.4697
-64.5388
-70.869
-70.9464
-78.0282
-78.1146
-86.045
-86.1421
-95.1159
-95.2267
-105.52
-105.648
-117.67
-117.822
-132.186
-132.369
-150.033
-150.261
-172.44
-172.727
-200.969
-201.33
-236.777
-237.224
-278.055
-278.537
-317.583
-317.944
-338.698
-338.756
-322.653
-322.195
-257.472
-256.426
-145.908
-144.431
-7.78402
-6.14815
130.793
132.272
242.434
243.46
308.684
309.168
326.194
326.136
306.532
306.164
269.157
268.697
229.772
229.342
195.702
195.348
168.17
167.891
146.299
146.076
128.704
128.523
114.225
114.074
102.046
101.918
91.609
91.4982
82.5303
82.4331
74.5686
74.4834
67.5881
67.5136
61.5237
61.4594
56.2954
56.2399
51.7619
51.7135
47.7624
47.7192
44.1614
44.1221
40.8646
40.8284
37.8104
37.7767
34.9615
34.93
32.2925
32.2629
29.7882
29.7605
27.4453
27.4195
25.2728
25.249
23.2889
23.2674
21.5089
21.4898
19.9245
19.9074
18.5028
18.4874
17.2054
17.1911
16.0029
15.9896
14.8761
14.8636
13.814
13.8022
12.8093
12.7981
11.8578
11.8472
10.9584
10.9484
10.1133
10.104
9.32883
9.32026
8.61319
8.60541
7.96956
7.9626
7.39049
7.38421
6.86319
6.85741
6.37511
6.3697
5.9173
5.91222
5.48451
5.47969
5.07339
5.06881
4.68209
4.67772
4.31003
4.30589
3.95793
3.95404
3.62919
3.62559
3.3298
3.32657
2.74722
2.74009
2.2238
2.21881
1.84525
1.84154
1.55817
1.55525
1.33118
-2.76195
-2.95424
-2.97531
-3.18887
-3.21226
-3.4485
-3.47423
-3.73151
-3.75929
-4.03494
-4.06452
-4.35681
-4.38809
-4.69644
-4.72938
-5.05442
-5.08916
-5.4321
-5.46882
-5.83208
-5.87104
-6.2584
-6.3002
-6.71774
-6.76316
-7.22067
-7.27071
-7.77933
-7.83523
-8.40331
-8.46565
-9.09297
-9.16116
-9.84149
-9.91482
-10.6418
-10.7197
-11.4901
-11.5726
-12.3868
-12.4738
-13.334
-13.4261
-14.3374
-14.4352
-15.4055
-15.51
-16.552
-16.6649
-17.8005
-17.9246
-19.1827
-19.3214
-20.7335
-20.8891
-22.4688
-22.6418
-24.3807
-24.5694
-26.4499
-26.6526
-28.6634
-28.8795
-31.0189
-31.2485
-33.5236
-33.7681
-36.1938
-36.4549
-39.0561
-39.3369
-42.1497
-42.4556
-45.5402
-45.8783
-49.3249
-49.7078
-53.6297
-54.0674
-58.5743
-59.0758
-64.2202
-64.7898
-70.5894
-71.2276
-77.7155
-78.4291
-85.6942
-86.4961
-94.7157
-95.6297
-105.058
-106.114
-117.125
-118.373
-131.53
-133.045
-149.213
-151.092
-171.411
-173.776
-199.649
-202.648
-235.166
-238.858
-276.31
-280.282
-316.224
-319.263
-338.449
-338.926
-324.266
-320.485
-261.213
-252.584
-151.238
-139.054
-13.716
-0.24144
125.4
137.616
238.659
247.128
306.867
310.848
326.36
325.885
307.83
304.778
270.823
267.032
231.328
227.794
196.987
194.08
169.186
166.888
147.113
145.272
129.364
127.87
114.775
113.529
102.512
101.456
92.0123
91.0979
82.8833
82.0825
74.8785
74.1758
67.859
67.2449
61.7578
61.2275
56.4973
56.0395
51.938
51.5385
47.9194
47.5632
44.3042
43.9801
40.996
40.6975
37.9327
37.655
35.0759
34.8161
32.3997
32.156
29.8887
29.6602
27.5391
27.3261
25.3593
25.163
23.3669
23.1896
21.5786
21.4205
19.9866
19.8457
18.5591
18.4314
17.2571
17.1397
16.0511
15.9415
14.9214
14.8184
13.8569
13.7595
12.8498
12.7577
11.8962
11.8089
10.9946
10.9123
10.1472
10.0703
9.36002
9.28923
8.64143
8.57732
7.99486
7.93744
7.41334
7.36147
6.88419
6.8365
6.39467
6.35018
5.93576
5.89382
5.50199
5.46226
5.09003
5.05222
4.69792
4.66193
4.32507
4.2909
3.97208
3.93994
3.64228
3.61257
3.34156
3.31491
2.7733
2.7145
2.24201
2.20085
1.85878
1.82818
1.56871
1.54472
1.33971
-2.78361
-2.81218
-2.8412
-2.87068
-2.9005
-2.93064
-2.99932
-3.03112
-3.06324
-3.09589
-3.12908
-3.1627
-3.23895
-3.27416
-3.30984
-3.34598
-3.38268
-3.41973
-3.5035
-3.54202
-3.58105
-3.62036
-3.66016
-3.70033
-3.79091
-3.83225
-3.87406
-3.91624
-3.95878
-4.00178
-4.09808
-4.14211
-4.18647
-4.23127
-4.27633
-4.32165
-4.42351
-4.47005
-4.51679
-4.56398
-4.61152
-4.6594
-4.76672
-4.81576
-4.8651
-4.91481
-4.96499
-5.01545
-5.12855
-5.18022
-5.23238
-5.28482
-5.3376
-5.39085
-5.51058
-5.56517
-5.62031
-5.67585
-5.73183
-5.78845
-5.9153
-5.9734
-6.03209
-6.09144
-6.15119
-6.21151
-6.34766
-6.41019
-6.4732
-6.53702
-6.6016
-6.66695
-6.81476
-6.88282
-6.95176
-7.02164
-7.09266
-7.16476
-7.32776
-7.40333
-7.47992
-7.55766
-7.63648
-7.71672
-7.89898
-7.9834
-8.06902
-8.15594
-8.24412
-8.33361
-8.53663
-8.63026
-8.72495
-8.82079
-8.91804
-9.01651
-9.23868
-9.34067
-9.4437
-9.54782
-9.653
-9.75915
-9.99801
-10.1073
-10.2176
-10.3289
-10.4411
-10.5541
-10.8081
-10.9242
-11.0412
-11.1591
-11.2779
-11.3975
-11.6661
-11.7888
-11.9124
-12.0369
-12.1624
-12.2891
-12.5725
-12.7021
-12.8327
-12.9643
-13.0969
-13.2306
-13.5305
-13.6676
-13.8058
-13.9452
-14.0858
-14.2275
-14.5461
-14.6917
-14.8387
-14.987
-15.1367
-15.2879
-15.6285
-15.7845
-15.9421
-16.1013
-16.2624
-16.4254
-16.7934
-16.9625
-17.1338
-17.3074
-17.4834
-17.6621
-18.0657
-18.2524
-18.442
-18.6347
-18.8299
-19.0283
-19.4797
-19.6885
-19.901
-20.117
-20.3363
-20.5595
-21.0667
-21.3014
-21.5397
-21.7815
-22.0272
-22.2754
-22.8387
-23.0985
-23.3613
-23.6275
-23.8968
-24.1693
-24.7837
-25.0658
-25.3507
-25.6384
-25.929
-26.223
-26.8827
-27.1851
-27.4903
-27.7979
-28.1081
-28.4211
-29.1249
-29.4467
-29.7708
-30.0981
-30.4282
-30.7612
-31.5091
-31.8512
-32.1965
-32.5444
-32.8954
-33.2494
-34.0459
-34.4103
-34.778
-35.1488
-35.5232
-35.9013
-36.7518
-37.1418
-37.5359
-37.934
-38.3357
-38.7413
-39.6563
-40.0768
-40.5017
-40.9319
-41.3671
-41.8071
-42.8043
-43.2634
-43.728
-44.1996
-44.6776
-45.1627
-46.2646
-46.7742
-47.2922
-47.8187
-48.354
-48.8987
-50.1436
-50.7207
-51.3107
-51.9104
-52.5212
-53.143
-54.5682
-55.2306
-55.9075
-56.5969
-57.2994
-58.0151
-59.6504
-60.4109
-61.1848
-61.9708
-62.77
-63.5845
-65.4403
-66.2999
-67.1733
-68.06
-68.9613
-69.8765
-71.9561
-72.9181
-73.8956
-74.8877
-75.8949
-76.9191
-79.2438
-80.3198
-81.4142
-82.5249
-83.6532
-84.8004
-87.4146
-88.6282
-89.8639
-91.1199
-92.3968
-93.6985
-96.6763
-98.0598
-99.4706
-100.91
-102.382
-103.884
-107.325
-108.931
-110.575
-112.255
-113.976
-115.744
-119.808
-121.718
-123.674
-125.688
-127.749
-129.869
-134.797
-137.122
-139.514
-141.98
-144.517
-147.137
-153.26
-156.171
-159.148
-162.235
-165.448
-168.78
-176.523
-180.196
-184.027
-187.987
-192.1
-196.308
-206.125
-210.851
-215.722
-220.707
-225.822
-231.044
-243.104
-248.742
-254.401
-260.2
-266.013
-271.826
-284.77
-290.579
-296.22
-301.809
-307.164
-312.342
-322.555
-326.573
-330.188
-333.103
-335.663
-337.6
-339.083
-338.588
-337.142
-335.032
-332.104
-328.065
-315.673
-308.587
-300.598
-291.841
-281.579
-270.248
-242.35
-228.42
-213.554
-198.012
-181.814
-164.764
-125.128
-106.603
-87.555
-68.2182
-48.7544
-28.9881
15.0398
34.8893
54.403
73.679
92.7108
111.393
150.942
167.935
184.266
200.148
214.491
228.513
256.24
267.345
277.512
286.602
294.658
301.828
314.678
318.724
321.837
324.269
325.839
326.476
325.014
323.332
321.018
318.172
314.894
311.033
301.137
296.28
291.165
285.908
280.583
275.114
262.724
257.121
251.561
246.065
240.636
235.264
223.887
218.942
214.095
209.359
204.799
200.335
190.895
186.849
182.908
179.107
175.423
171.85
164.353
161.133
158.021
155
152.07
149.235
143.243
140.67
138.171
135.743
133.377
131.082
126.219
124.108
122.055
120.058
118.107
116.204
112.148
110.384
108.662
106.978
105.334
103.724
100.279
98.7747
97.3046
95.8604
94.4461
93.0591
90.0799
88.7775
87.4983
86.2404
85.0086
83.7986
81.1914
80.0496
78.9278
77.8258
76.7443
75.6818
73.3933
72.391
71.4061
70.4398
69.4926
68.5609
66.5615
65.6876
64.8329
63.9933
63.1716
62.3663
60.6378
59.8835
59.1452
58.4228
57.7154
57.0213
55.5307
54.8786
54.2396
53.6117
52.997
52.3941
51.0926
50.5213
49.9597
49.4075
48.8623
48.3262
47.1655
46.6537
46.1491
45.651
45.1594
44.6734
43.6175
43.1505
42.6892
42.2329
41.7819
41.3355
40.3628
39.9314
39.5043
39.0815
38.6629
38.2484
37.3438
36.9418
36.5437
36.1493
35.7585
35.3712
34.5247
34.1485
33.7756
33.4059
33.0395
32.6764
31.8825
31.5294
31.1794
30.8324
30.4887
30.1483
29.4039
29.0731
28.7454
28.4209
28.0996
27.7814
27.0876
26.7801
26.4757
26.1747
25.8768
25.5826
24.9438
24.6608
24.3821
24.1071
23.8363
23.5688
22.9911
22.7368
22.4864
22.2397
21.9976
21.7589
21.2439
21.0182
20.7951
20.5759
20.3601
20.1474
19.6881
19.4857
19.2863
19.0897
18.8958
18.7043
18.2886
18.1047
17.9231
17.7436
17.5659
17.3904
17.0084
16.8382
16.67
16.5036
16.3387
16.1754
15.8185
15.6597
15.5023
15.3463
15.1916
15.0382
14.7027
14.5533
14.4051
14.258
14.112
13.9672
13.6501
13.5089
13.3687
13.2295
13.0913
12.9543
12.6541
12.5203
12.3876
12.2558
12.1249
11.995
11.7112
11.5844
11.4589
11.3342
11.2105
11.0879
10.8199
10.7007
10.5825
10.4654
10.3493
10.2345
9.98403
9.87289
9.76292
9.6542
9.54676
9.44059
9.21002
9.10813
9.00755
8.90853
8.81068
8.71436
8.5057
8.41394
8.32344
8.23436
8.14661
8.06026
7.87321
7.79058
7.70931
7.62925
7.55025
7.47238
7.3034
7.22866
7.15477
7.08181
7.0097
6.93834
6.78316
6.71426
6.64593
6.57834
6.51143
6.44511
6.30021
6.23578
6.17192
6.10852
6.04581
5.98333
5.8467
5.78599
5.72562
5.66556
5.60608
5.54701
5.4177
5.35984
5.3025
5.24555
5.18903
5.13297
5.00971
4.95479
4.90031
4.8461
4.79215
4.73867
4.62162
4.56932
4.51729
4.46572
4.41455
4.36379
4.25249
4.20287
4.15368
4.10491
4.05663
4.00857
3.90381
3.85741
3.81138
3.76571
3.72063
3.67608
3.5794
3.53655
3.4944
3.4529
3.41216
3.37205
3.28525
3.24719
3.14174
3.03701
2.93706
2.84241
2.65062
2.571
2.49551
2.42378
2.35521
2.28983
2.15561
2.09881
2.04429
1.99207
1.94224
1.89405
1.79436
1.75175
1.71055
1.67076
1.63256
1.59585
1.51814
1.48431
1.4525
1.4218
1.39155
1.36197
