-2.08744
-2.3126
-2.552
-2.81619
-3.13718
-3.53096
-3.96648
-4.42913
-4.92374
-5.44841
-6.01082
-6.61386
-7.29318
-8.14021
-9.17162
-10.3019
-11.5047
-12.7931
-14.1652
-15.6412
-17.2394
-19.071
-21.4096
-24.208
-27.2684
-30.5479
-34.0907
-37.9106
-42.0817
-46.6995
-52.2584
-59.5912
-68.5015
-78.7026
-90.4828
-104.506
-121.855
-144.458
-176.595
-228.157
-311.613
-409.182
-421.483
-272.098
-6.86599
257.067
402.373
393.879
298.69
222.089
173.414
141.65
118.675
101.076
86.8308
74.8484
64.6681
56.5833
50.5017
45.3925
40.7949
36.6102
32.7406
29.1632
25.8341
22.8272
20.3718
18.4289
16.7076
15.1051
13.6166
12.2207
10.9131
9.68953
8.58419
7.68683
6.95255
6.28892
5.66556
5.081
4.52775
4.00414
3.51083
2.97095
2.1758
1.68439
1.34685
1.09786
0.903524
0.751427
-2.08832
-2.31167
-2.31353
-2.55099
-2.55302
-2.81504
-2.81734
-3.13575
-3.13862
-3.52928
-3.53263
-3.96466
-3.96829
-4.42722
-4.43103
-4.9217
-4.92578
-5.44624
-5.45058
-6.00848
-6.01315
-6.61135
-6.6164
-7.29016
-7.29621
-8.13641
-8.14402
-9.16724
-9.176
-10.2972
-10.3065
-11.4997
-11.5097
-12.7877
-12.7984
-14.1594
-14.1709
-15.635
-15.6474
-17.2327
-17.2461
-19.0629
-19.0791
-21.3992
-21.42
-24.1963
-24.2197
-27.2557
-27.2812
-30.5343
-30.5616
-34.0761
-34.1054
-37.8946
-37.9267
-42.0642
-42.0992
-46.6797
-46.7192
-52.2328
-52.2842
-59.5584
-59.624
-68.4631
-68.5399
-78.659
-78.7463
-90.4315
-90.5341
-104.444
-104.569
-121.777
-121.934
-144.353
-144.563
-176.436
-176.753
-227.892
-228.421
-311.232
-311.994
-408.936
-409.426
-421.709
-421.252
-273.053
-271.141
-8.00499
-5.72693
256.155
257.977
402.121
402.622
394.134
393.623
299.063
298.317
222.332
221.846
173.566
173.261
141.757
141.544
118.755
118.595
101.138
101.013
86.883
86.7785
74.8929
74.8038
64.705
64.6312
56.6113
56.5553
50.5238
50.4797
45.4119
45.3733
40.8124
40.7775
36.6262
36.5943
32.7556
32.7257
29.1769
29.1494
25.847
25.8211
22.8383
22.8162
20.3804
20.3631
18.4361
18.4216
16.7144
16.7008
15.1113
15.0989
13.6224
13.6108
12.2261
12.2153
10.9182
10.9081
9.69428
9.68479
8.58829
8.58009
7.69004
7.68361
6.95532
6.94979
6.29151
6.28634
5.66795
5.66316
5.0833
5.07871
4.52991
4.52559
4.00618
4.0021
3.51275
3.50891
2.97489
2.96704
2.17824
2.17336
1.68599
1.68279
1.34799
1.34571
1.09874
1.09698
0.904203
0.902845
0.751995
-2.09553
-2.30402
-2.32119
-2.54264
-2.56134
-2.80556
-2.82684
-3.12395
-3.15056
-3.51551
-3.5466
-3.94975
-3.98329
-4.41133
-4.44692
-4.9047
-4.94264
-5.42834
-5.46853
-5.98907
-6.03244
-6.59072
-6.63762
-7.26545
-7.3213
-8.1051
-8.1766
-9.13108
-9.21221
-10.2588
-10.3448
-11.4586
-11.5508
-12.7438
-12.8426
-14.1121
-14.2184
-15.5844
-15.6988
-17.1768
-17.3017
-18.9963
-19.147
-21.3135
-21.5062
-24.1
-24.3165
-27.151
-27.3862
-30.4221
-30.6743
-33.9554
-34.2264
-37.7629
-38.059
-41.9199
-42.2439
-46.5174
-46.8829
-52.0225
-52.4976
-59.2884
-59.8959
-68.1466
-68.8576
-78.3001
-79.1075
-90.0102
-90.9584
-103.933
-105.084
-121.133
-122.585
-143.494
-145.434
-175.141
-178.074
-225.726
-230.621
-308.112
-315.159
-406.84
-411.374
-423.414
-419.191
-280.856
-263.17
-17.3994
3.67262
248.551
265.4
399.943
404.578
396.17
391.391
302.171
295.275
224.35
219.843
174.836
172.037
142.639
140.653
119.418
117.938
101.657
100.496
87.3154
86.3504
75.2616
74.4376
65.0112
64.3276
56.8438
56.3252
50.7062
50.3005
45.5719
45.215
40.9569
40.6325
36.7585
36.4612
32.8791
32.6031
29.2906
29.035
25.954
25.7155
22.9306
22.7257
20.4522
20.2934
18.4955
18.3622
16.769
16.6452
15.1623
15.0478
13.6703
13.5631
12.2708
12.1706
10.9603
10.8665
9.73294
9.64575
8.62228
8.54653
7.7165
7.65723
6.97827
6.927
6.31282
6.26507
5.68789
5.64341
5.10223
5.05983
4.54774
4.50778
4.02301
3.98533
3.52856
3.49306
3.00837
2.93408
2.19857
2.15343
1.69912
1.66964
1.35745
1.33633
1.10601
1.08978
0.909837
0.89728
0.756689
-2.11791
-2.14981
-2.18203
-2.21464
-2.24727
-2.28047
-2.34488
-2.37861
-2.413
-2.44721
-2.48216
-2.51721
-2.58716
-2.62357
-2.66088
-2.69858
-2.7375
-2.77678
-2.85664
-2.90011
-2.9447
-2.99022
-3.03806
-3.0882
-3.18821
-3.2436
-3.29909
-3.35585
-3.41449
-3.47327
-3.59002
-3.65157
-3.71325
-3.77608
-3.84009
-3.90403
-4.02971
-4.09481
-4.16103
-4.22758
-4.29469
-4.36254
-4.49621
-4.56594
-4.63631
-4.70769
-4.78016
-4.85251
-4.99483
-5.06931
-5.14403
-5.21979
-5.29643
-5.37329
-5.52437
-5.6042
-5.6847
-5.7662
-5.8477
-5.92954
-6.09222
-6.17838
-6.26432
-6.35096
-6.43928
-6.52741
-6.70398
-6.7973
-6.89196
-6.98978
-7.08832
-7.19071
-7.39954
-7.51154
-7.62854
-7.75021
-7.87985
-8.00936
-8.27808
-8.4211
-8.56632
-8.71515
-8.86582
-9.01984
-9.32414
-9.48268
-9.64437
-9.80859
-9.97292
-10.1396
-10.464
-10.6342
-10.8056
-10.9784
-11.1535
-11.3313
-11.6782
-11.8603
-12.0447
-12.2315
-12.4185
-12.609
-12.9791
-13.1723
-13.3687
-13.5667
-13.7661
-13.9677
-14.3653
-14.5741
-14.7858
-14.9974
-15.2102
-15.4291
-15.8578
-16.0814
-16.3079
-16.5376
-16.7685
-17.0033
-17.475
-17.7229
-17.9796
-18.2383
-18.5087
-18.79
-19.3615
-19.676
-19.9984
-20.3367
-20.6816
-21.0442
-21.7764
-22.1662
-22.567
-22.9696
-23.3805
-23.8007
-24.6193
-25.0524
-25.4928
-25.9339
-26.3809
-26.8315
-27.7115
-28.1734
-28.6401
-29.1132
-29.5933
-30.0774
-31.0254
-31.527
-32.0344
-32.5444
-33.0624
-33.5827
-34.602
-35.1391
-35.6838
-36.2351
-36.7922
-37.3584
-38.4708
-39.0576
-39.6473
-40.2445
-40.8557
-41.4733
-42.6924
-43.3347
-43.9862
-44.644
-45.3192
-46.0175
-47.3975
-48.1425
-48.902
-49.6988
-50.528
-51.3883
-53.1651
-54.1367
-55.1539
-56.2046
-57.3098
-58.4609
-60.7508
-61.9815
-63.238
-64.5296
-65.8477
-67.1841
-69.8487
-71.2677
-72.7087
-74.1785
-75.6752
-77.1991
-80.2375
-81.8633
-83.5212
-85.2186
-86.9485
-88.7264
-92.2845
-94.1985
-96.1594
-98.1708
-100.244
-102.38
-106.704
-109.046
-111.449
-113.953
-116.523
-119.181
-124.631
-127.631
-130.767
-133.98
-137.342
-140.862
-148.209
-152.319
-156.648
-161.225
-166.047
-171.291
-182.336
-188.662
-195.474
-202.678
-210.595
-219.164
-237.705
-248.482
-259.901
-271.948
-284.835
-298.582
-325.63
-340.939
-356.049
-370.346
-385.385
-398.772
-418.083
-425.173
-429.273
-431.821
-431.262
-427.464
-411.725
-396.925
-378.096
-356.909
-332.743
-303.896
-239.113
-202.601
-164.661
-125.884
-86.1363
-46.2162
32.257
72.9195
112.889
151.742
189.182
224.628
288.313
316.024
340.268
360
377.21
391.762
410.365
416.201
416.355
414.075
410.263
402.672
383.162
369.974
354.745
340.821
326.094
312.035
286.312
273.866
262.042
251.085
240.995
230.887
213.811
205.921
198.546
191.76
185.104
178.907
168.222
163.075
158.382
153.825
149.607
145.424
137.986
134.417
130.98
127.692
124.533
121.517
115.945
113.23
110.631
108.109
105.666
103.287
98.9176
96.7605
94.6482
92.6059
90.6034
88.6672
85.0494
83.2366
81.4761
79.7475
78.0578
76.411
73.3193
71.7814
70.2767
68.8051
67.3722
65.9759
63.3908
62.1364
60.914
59.7424
58.62
57.574
55.6365
54.7149
53.811
52.936
52.0991
51.274
49.754
48.9856
48.2299
47.498
46.7837
46.0703
44.7293
44.0417
43.3683
42.7032
42.0527
41.4061
40.1886
39.5677
38.9569
38.352
37.76
37.1697
36.0522
35.4821
34.9143
34.3562
33.8081
33.2615
32.2281
31.6988
31.1773
30.6637
30.1517
29.6445
28.6836
28.1966
27.7134
27.2323
26.7586
26.2861
25.3956
24.9465
24.5005
24.0674
23.6356
23.2181
22.4504
22.0696
21.6983
21.3441
21.0082
20.6763
20.0851
19.7878
19.5
19.2246
18.9493
18.6804
18.1796
17.9218
17.6711
17.4257
17.18
16.938
16.4754
16.2401
16.0057
15.7741
15.5453
15.3209
14.8907
14.6716
14.4547
14.2416
14.0283
13.8188
13.4168
13.2103
13.0067
12.806
12.6062
12.4085
12.0333
11.8415
11.6522
11.463
11.2745
11.0904
10.7389
10.5582
10.3792
10.2027
10.0263
9.85244
9.52627
9.35892
9.19647
9.03471
8.8781
8.72637
8.44568
8.3054
8.17195
8.04474
7.9205
7.79961
7.57721
7.46699
7.35921
7.25378
7.15058
7.04961
6.85724
6.75989
6.66337
6.56721
6.47126
6.37786
6.19972
6.10821
6.01703
5.92684
5.83817
5.74991
5.58257
5.49661
5.4118
5.32725
5.24358
5.16046
5.00177
4.92038
4.84025
4.76044
4.68103
4.60258
4.45309
4.37622
4.30021
4.22472
4.14916
4.07472
3.93375
3.861
3.78922
3.71759
3.64694
3.5774
3.44459
3.37754
3.30983
3.24343
3.17524
3.1079
2.83489
2.70197
2.57884
2.46523
2.36065
2.26336
2.0939
2.01431
1.94004
1.86984
1.80343
1.74099
1.6302
1.5766
1.52568
1.47695
1.43064
1.38702
1.3077
1.26865
1.23129
1.19596
1.16182
1.12879
1.06791
1.03755
1.00839
0.980391
0.953463
0.927564
0.880524
0.857802
0.835541
0.813708
0.792274
0.771299
