-2.22372
-2.43574
-2.66661
-2.92542
-3.22318
-3.56291
-3.93785
-4.34178
-4.77286
-5.23224
-5.72325
-6.25233
-6.83253
-7.48863
-8.24948
-9.12172
-10.0868
-11.1289
-12.2438
-13.4352
-14.7129
-16.0955
-17.6207
-19.3584
-21.3881
-23.726
-26.3234
-29.1429
-32.1813
-35.4596
-39.0196
-42.9367
-47.3527
-52.5212
-58.736
-66.1293
-74.7022
-84.5738
-96.0823
-109.834
-126.826
-148.762
-178.53
-220.39
-277.255
-340.77
-376.902
-337.252
-203.569
-6.97635
189.505
323.157
363.465
329.228
268.452
214.36
174.217
145.138
123.346
106.309
92.4829
80.9301
71.1426
62.9198
56.1543
50.5608
45.7671
41.511
37.6469
34.0969
30.8162
27.7829
25.0098
22.5455
20.4276
18.6061
16.9896
15.5126
14.1429
12.8631
11.6652
10.5468
9.51626
8.59391
7.79359
7.09675
6.47134
5.89453
5.35531
4.84789
4.36972
3.92144
3.50948
3.01083
2.2714
1.79544
1.45791
1.20526
1.00805
0.852214
-2.22465
-2.43474
-2.43674
-2.66552
-2.66771
-2.92416
-2.92667
-3.22174
-3.22463
-3.56129
-3.56454
-3.93609
-3.93962
-4.3399
-4.34367
-4.77085
-4.77487
-5.23009
-5.23439
-5.72095
-5.72556
-6.24984
-6.25483
-6.82976
-6.83531
-7.48544
-7.49182
-8.24578
-8.25318
-9.11755
-9.12589
-10.0823
-10.0914
-11.1241
-11.1338
-12.2386
-12.249
-13.4297
-13.4408
-14.7069
-14.7189
-16.089
-16.1021
-17.6134
-17.628
-19.3499
-19.3668
-21.3782
-21.398
-23.7148
-23.7373
-26.3111
-26.3357
-29.1296
-29.1561
-32.167
-32.1956
-35.4442
-35.475
-39.0028
-39.0365
-42.9179
-42.9554
-47.3313
-47.3741
-52.4956
-52.5467
-58.7052
-58.7668
-66.0932
-66.1654
-74.6606
-74.7437
-84.5258
-84.6219
-96.0258
-96.1389
-109.765
-109.903
-126.74
-126.913
-148.648
-148.877
-178.372
-178.688
-220.166
-220.614
-276.968
-277.542
-340.509
-341.03
-376.873
-376.929
-337.649
-336.852
-204.363
-202.774
-7.91368
-6.03908
188.72
190.286
322.761
323.55
363.48
363.449
329.487
328.969
268.727
268.178
214.573
214.147
174.371
174.064
145.25
145.025
123.432
123.26
106.379
106.24
92.5398
92.4261
80.9782
80.8821
71.1833
71.1019
62.9536
62.8861
56.182
56.1266
50.584
50.5375
45.7874
45.7468
41.5293
41.4927
37.6636
37.6301
34.1124
34.0815
30.8305
30.8019
27.796
27.7697
25.0217
24.9979
22.5559
22.5351
20.4365
20.4188
18.6138
18.5984
16.9966
16.9826
15.5191
15.5062
14.1488
14.1369
12.8687
12.8575
11.6704
11.6599
10.5516
10.5419
9.5207
9.51183
8.59781
8.59002
7.79696
7.79023
7.09972
7.09378
6.47405
6.46863
5.89705
5.89201
5.35768
5.35295
4.85012
4.84566
4.37182
4.36762
3.92339
3.91948
3.51125
3.50772
3.0151
3.00657
2.27402
2.26879
1.79722
1.79366
1.45922
1.4566
1.20625
1.20426
1.00885
1.00725
0.852839
-2.23183
-2.42703
-2.44447
-2.65702
-2.67626
-2.9145
-2.93641
-3.21058
-3.23585
-3.54874
-3.57714
-3.92244
-3.95332
-4.32528
-4.35833
-4.75527
-4.79049
-5.21346
-5.25107
-5.70315
-5.74342
-6.23054
-6.27421
-6.80832
-6.85686
-7.46083
-7.51661
-8.21717
-8.28196
-9.0853
-9.15831
-10.0471
-10.1267
-11.0863
-11.1717
-12.1982
-12.2895
-13.3865
-13.4841
-14.6605
-14.7654
-16.0384
-16.1528
-17.5567
-17.6849
-19.2845
-19.4327
-21.3017
-21.4751
-23.6282
-23.8243
-26.2162
-26.4309
-29.0271
-29.259
-32.0567
-32.3063
-35.3249
-35.5947
-38.8725
-39.1673
-42.7732
-43.1008
-47.1657
-47.5413
-52.2985
-52.7454
-58.4676
-59.0063
-65.8143
-66.4461
-74.3395
-75.0668
-84.1547
-84.9954
-95.5894
-96.5786
-109.235
-110.439
-126.074
-127.588
-147.77
-149.769
-177.154
-179.925
-218.446
-222.359
-274.77
-279.776
-338.466
-343.046
-376.597
-377.074
-340.665
-333.649
-210.477
-196.575
-15.1879
1.22286
182.592
196.305
319.618
326.517
363.546
363.33
331.483
326.952
270.853
266.06
216.237
212.513
175.569
172.883
146.129
144.159
124.105
122.595
106.916
105.709
92.9827
91.9868
81.352
80.511
71.5
70.7875
63.2164
62.6256
56.3972
55.913
50.7646
50.358
45.9452
45.5896
41.6715
41.3511
37.7935
37.5008
34.2322
33.9622
30.9413
30.6914
27.8982
27.6679
25.1141
24.906
22.6365
22.4551
20.5052
20.3505
18.6737
18.5387
17.0506
16.9288
15.5689
15.4565
14.1953
14.0905
12.9122
12.8142
11.7111
11.6194
10.5895
10.5042
9.55517
9.47753
8.62808
8.55996
7.82311
7.76424
7.12279
7.07083
6.49508
6.44767
5.91659
5.87252
5.37604
5.33464
4.86742
4.82841
4.38809
4.35138
3.93856
3.90437
3.52496
3.49411
3.0485
2.97387
2.29454
2.24872
1.81111
1.77996
1.46948
1.44649
1.21402
1.1966
1.01508
1.0011
0.857693
-2.25306
-2.28273
-2.31267
-2.34296
-2.37353
-2.40448
-2.4674
-2.49951
-2.53196
-2.5649
-2.59828
-2.6322
-2.70159
-2.73715
-2.77341
-2.81032
-2.84791
-2.88628
-2.96537
-3.00609
-3.04777
-3.09032
-3.13378
-3.17803
-3.2692
-3.31609
-3.36391
-3.41255
-3.46195
-3.51204
-3.61446
-3.6667
-3.71972
-3.77338
-3.82766
-3.88246
-3.99383
-4.0504
-4.1076
-4.16536
-4.22368
-4.28246
-4.40166
-4.46207
-4.52315
-4.58478
-4.64698
-4.70964
-4.83665
-4.90105
-4.9661
-5.03175
-5.09791
-5.16481
-5.30029
-5.36901
-5.43852
-5.5087
-5.57947
-5.65105
-5.79625
-5.87005
-5.94478
-6.02036
-6.09672
-6.17412
-6.33161
-6.4119
-6.49347
-6.57635
-6.66031
-6.74578
-6.92084
-7.01073
-7.10255
-7.19628
-7.29162
-7.38914
-7.59027
-7.69418
-7.80063
-7.90947
-8.02029
-8.13382
-8.3675
-8.48778
-8.6105
-8.73537
-8.86216
-8.99105
-9.25432
-9.38872
-9.52514
-9.66325
-9.80277
-9.94414
-10.2311
-10.3769
-10.5245
-10.6735
-10.8237
-10.9758
-11.2836
-11.44
-11.5976
-11.757
-11.9177
-12.0801
-12.409
-12.5759
-12.7445
-12.9148
-13.0865
-13.2601
-13.612
-13.7907
-13.9714
-14.154
-14.3382
-14.5247
-14.9032
-15.0958
-15.291
-15.4885
-15.6881
-15.8906
-16.3033
-16.514
-16.7282
-16.9457
-17.1667
-17.3917
-17.8537
-18.0914
-18.3342
-18.5822
-18.8349
-19.0939
-19.6286
-19.9056
-20.1893
-20.4794
-20.7755
-21.0789
-21.7039
-22.026
-22.3547
-22.6893
-23.0296
-23.3752
-24.0821
-24.4434
-24.8103
-25.1819
-25.5576
-25.9386
-26.7128
-27.1066
-27.5054
-27.9083
-28.3156
-28.7274
-29.5627
-29.9878
-30.4173
-30.8515
-31.2903
-31.7337
-32.6338
-33.092
-33.5549
-34.0229
-34.4965
-34.9755
-35.9491
-36.4455
-36.9476
-37.4561
-37.9708
-38.492
-39.5545
-40.0976
-40.6486
-41.2076
-41.7753
-42.3515
-43.5316
-44.1377
-44.7557
-45.3857
-46.0279
-46.6838
-48.0374
-48.7386
-49.4586
-50.1952
-50.9501
-51.7261
-53.3379
-54.1786
-55.0438
-55.9303
-56.8414
-57.7769
-59.7189
-60.7279
-61.7604
-62.8176
-63.8981
-65.0025
-67.2797
-68.4564
-69.6569
-70.8814
-72.1307
-73.4047
-76.0266
-77.38
-78.7598
-80.1686
-81.6071
-83.075
-86.1052
-87.6737
-89.278
-90.9192
-92.5999
-94.3211
-97.889
-99.7481
-101.654
-103.612
-105.626
-107.702
-112.033
-114.305
-116.647
-119.065
-121.565
-124.152
-129.608
-132.495
-135.494
-138.605
-141.847
-145.234
-152.443
-156.297
-160.322
-164.549
-168.976
-173.636
-183.655
-189.049
-194.721
-200.686
-206.927
-213.515
-227.604
-235.136
-243.004
-251.178
-259.647
-268.379
-286.418
-295.712
-304.964
-314.144
-323.317
-332.252
-348.753
-356.155
-362.62
-368.065
-372.422
-375.311
-376.861
-375.043
-371.428
-365.789
-358.348
-348.822
-323.706
-308.205
-290.821
-271.473
-250.502
-227.846
-178.096
-151.377
-123.529
-94.9794
-65.8812
-36.6076
22.4782
51.9028
80.9968
109.546
137.214
163.964
213.607
236.215
257.4
276.815
294.288
309.687
334.61
344.252
351.91
357.503
361.283
363.18
362.182
359.382
355.492
350.094
343.849
336.99
320.952
312.445
303.745
294.814
285.899
277.1
259.921
251.626
243.549
235.86
228.409
221.216
207.81
201.525
195.516
189.832
184.383
179.173
169.484
164.965
160.641
156.506
152.551
148.767
141.66
138.303
135.081
131.984
128.994
126.117
120.672
118.077
115.572
113.148
110.797
108.521
104.167
102.085
100.06
98.0909
96.171
94.3021
90.7106
88.9811
87.2933
85.6458
84.0349
82.4635
79.4324
77.9685
76.5371
75.1396
73.7751
72.4419
69.876
68.6382
67.4332
66.2587
65.1138
64.0003
61.87
60.8482
59.8535
58.888
57.951
57.0396
55.2936
54.4544
53.6366
52.8395
52.0618
51.3017
49.8357
49.1244
48.428
47.7446
47.0732
46.4136
45.1313
44.5048
43.888
43.2804
42.6821
42.0922
40.9378
40.3711
39.8124
39.2608
38.7159
38.1778
37.1224
36.6033
36.0904
35.5834
35.082
34.5864
33.6131
33.134
32.6602
32.1915
31.7277
31.2691
30.3682
29.9248
29.4863
29.0527
28.6241
28.2006
27.3704
26.9626
26.5603
26.1638
25.7726
25.3881
24.6377
24.2714
23.9126
23.5598
23.2143
22.8763
22.2222
21.9051
21.596
21.2937
20.9982
20.7098
20.1518
19.8812
19.6163
19.3563
19.1015
18.8516
18.3648
18.1269
17.893
17.6622
17.4346
17.2106
16.7712
16.5551
16.3419
16.131
15.9224
15.7164
15.3111
15.1112
14.9137
14.7179
14.5241
14.3325
13.9549
13.7684
13.5841
13.4011
13.2198
13.0406
12.6873
12.5127
12.3401
12.1688
11.9991
11.8314
11.5006
11.3374
11.176
11.0161
10.858
10.7014
10.3939
10.2425
10.0934
9.94588
9.80049
9.65727
9.37743
9.24068
9.10649
8.97437
8.84482
8.71809
8.47231
8.35291
8.23625
8.12198
8.01017
7.90081
7.68856
7.58535
7.4842
7.38482
7.28711
7.19119
7.00381
6.91204
6.82165
6.73232
6.64418
6.55724
6.38637
6.30225
6.21907
6.13661
6.05506
5.9744
5.81542
5.73694
5.65929
5.58221
5.50583
5.43024
5.28103
5.20725
5.1342
5.06167
4.98974
4.91851
4.77786
4.70832
4.63947
4.5711
4.50331
4.43621
4.30381
4.23851
4.17374
4.10961
4.04611
3.98342
3.86015
3.79965
3.73982
3.68082
3.6227
3.56561
3.45435
3.40024
3.34721
3.2953
3.24466
3.15005
2.88106
2.76045
2.6484
2.54428
2.44757
2.3568
2.19183
2.11672
2.04539
1.97797
1.914
1.85295
1.74054
1.68808
1.63822
1.5908
1.5447
1.50038
1.41824
1.37994
1.3427
1.30628
1.27112
1.23741
1.1746
1.1451
1.11573
1.08736
1.06014
1.03368
0.983317
0.959366
0.93626
0.913927
0.892437
0.872086
