-2.43054
-2.71962
-3.06655
-3.50927
-4.01017
-4.54718
-5.12621
-5.74922
-6.42365
-7.17524
-8.12881
-9.32109
-10.6361
-12.0522
-13.5807
-15.2323
-17.0352
-19.1283
-21.8761
-25.1798
-28.7899
-32.7253
-37.0063
-41.731
-47.0376
-53.6781
-62.6886
-73.5818
-86.2971
-101.643
-121.075
-147.353
-187.449
-258.105
-368.554
-431.486
-305.868
-6.86599
290.286
416.563
352.818
249.498
183.934
144.557
117.877
98.1681
82.5756
69.6811
59.2517
51.715
45.7229
40.4443
35.6976
31.3586
27.3852
23.7595
20.7608
18.4793
16.5064
14.6937
13.021
11.4706
10.0282
8.72347
7.6772
6.8428
6.092
5.3942
4.74151
4.12908
3.5568
2.91908
2.05939
1.55307
1.21388
-2.4315
-2.71854
-2.72071
-3.06515
-3.06795
-3.50761
-3.51093
-4.00834
-4.01199
-4.54524
-4.54912
-5.12413
-5.12829
-5.74695
-5.7515
-6.42119
-6.42612
-7.17233
-7.17818
-8.12501
-8.13261
-9.31672
-9.32545
-10.6314
-10.6408
-12.047
-12.0574
-13.5752
-13.5862
-15.2263
-15.2384
-17.0284
-17.0419
-19.1199
-19.1366
-21.8653
-21.8869
-25.1675
-25.1921
-28.7768
-28.803
-32.7109
-32.7398
-36.9905
-37.022
-41.7135
-41.7486
-47.0175
-47.0576
-53.6511
-53.7051
-62.6534
-62.7238
-73.5407
-73.6229
-86.2486
-86.3457
-101.583
-101.702
-120.997
-121.152
-147.243
-147.463
-187.267
-187.631
-257.784
-258.427
-368.151
-368.956
-431.546
-431.424
-306.723
-305.009
-8.00499
-5.72693
289.427
291.141
416.459
416.664
353.211
352.427
249.783
249.213
184.11
183.753
144.664
144.451
117.958
117.798
98.2283
98.108
82.6247
82.5264
69.7222
69.64
59.2831
59.2204
51.738
51.692
45.7424
45.7034
40.4618
40.4269
35.7134
35.6817
31.3731
31.3441
27.3985
27.3718
23.7715
23.7475
20.7699
20.7516
18.4865
18.4721
16.5129
16.4998
14.6998
14.6877
13.0266
13.0154
11.4759
11.4653
10.0331
10.0234
8.72761
8.71934
7.6804
7.67399
6.84553
6.84008
6.09455
6.08946
5.39656
5.39183
4.74372
4.7393
4.13116
4.127
3.55872
3.55488
2.92307
2.91511
2.06162
2.05717
1.55448
1.55165
1.21486
-2.43984
-2.70908
-2.73023
-3.053
-3.0803
-3.49306
-3.52552
-3.99239
-4.02797
-4.52826
-4.56614
-5.10593
-5.14655
-5.72705
-5.77139
-6.39964
-6.44755
-7.14717
-7.20368
-8.09185
-8.1667
-9.27828
-9.36373
-10.5898
-10.6824
-12.0017
-12.103
-13.5272
-13.6346
-15.1735
-15.2916
-16.9694
-17.1015
-19.0487
-19.2098
-21.7715
-21.9813
-25.0604
-25.2998
-28.6624
-28.9179
-32.5846
-32.8665
-36.8529
-37.1603
-41.56
-41.9025
-46.8431
-47.2345
-53.4174
-53.9457
-62.3488
-63.0328
-73.1828
-73.9837
-85.8273
-86.7715
-101.061
-102.227
-120.319
-121.835
-146.288
-148.437
-185.692
-189.239
-255.01
-261.288
-364.616
-372.465
-431.932
-430.742
-314.068
-297.36
-17.9687
4.24242
281.767
298.478
415.431
417.428
357.086
349.159
252.302
246.771
185.662
182.227
145.656
143.501
118.655
117.109
98.7619
97.5842
83.0559
82.098
70.0818
69.2815
59.5596
58.9475
51.9404
51.4913
45.9137
45.533
40.6149
40.2746
35.8523
35.5433
31.5001
31.2176
27.5157
27.2551
23.8766
23.6433
20.8505
20.6722
18.5497
18.409
16.5712
16.4422
14.7528
14.6346
13.076
12.9663
11.5218
11.4193
10.0758
9.98082
8.76399
8.68335
7.70847
7.64611
6.86938
6.81632
6.11691
6.0672
5.41724
5.37118
4.7631
4.71997
4.14937
4.10881
3.57557
3.53811
2.95823
2.88087
2.08127
2.03789
1.56695
1.53934
1.22349
-2.4677
-2.50844
-2.55007
-2.59242
-2.63492
-2.67844
-2.76174
-2.80854
-2.85711
-2.90762
-2.95977
-3.01398
-3.12089
-3.18182
-3.24588
-3.31055
-3.3772
-3.44544
-3.57445
-3.64598
-3.71779
-3.79104
-3.86532
-3.94002
-4.08015
-4.15696
-4.23436
-4.31261
-4.39192
-4.47227
-4.62265
-4.70548
-4.78968
-4.87409
-4.95983
-5.04603
-5.20739
-5.29643
-5.38581
-5.47638
-5.56854
-5.66177
-5.83687
-5.93194
-6.02987
-6.12834
-6.22845
-6.32886
-6.51821
-6.62237
-6.73079
-6.83988
-6.95177
-7.06597
-7.28895
-7.41678
-7.54832
-7.6864
-7.83338
-7.98388
-8.28161
-8.4481
-8.61809
-8.79187
-8.9694
-9.15125
-9.49165
-9.67996
-9.87093
-10.063
-10.2581
-10.4529
-10.8202
-11.0215
-11.2263
-11.4339
-11.6426
-11.8539
-12.253
-12.4714
-12.6926
-12.9155
-13.1397
-13.3676
-13.7957
-14.0302
-14.2694
-14.5113
-14.7568
-15.0027
-15.4675
-15.7247
-15.9847
-16.2462
-16.513
-16.7811
-17.2974
-17.5819
-17.8766
-18.1755
-18.4876
-18.8145
-19.4557
-19.8238
-20.2105
-20.6079
-21.0264
-21.4654
-22.2998
-22.7655
-23.2393
-23.7251
-24.2151
-24.7112
-25.6528
-26.1682
-26.6923
-27.216
-27.7488
-28.2866
-29.3022
-29.8631
-30.4272
-31
-31.5835
-32.173
-33.2824
-33.8914
-34.5045
-35.1278
-35.7615
-36.4036
-37.6176
-38.2866
-38.968
-39.6528
-40.3491
-41.0606
-42.4089
-43.149
-43.9064
-44.6702
-45.4598
-46.2733
-47.8312
-48.705
-49.6235
-50.5874
-51.5946
-52.6577
-54.7596
-55.962
-57.2381
-58.5764
-59.9414
-61.3544
-64.064
-65.589
-67.1406
-68.7275
-70.3572
-72.0178
-75.1839
-76.9455
-78.7517
-80.6041
-82.504
-84.4578
-88.1934
-90.2972
-92.4643
-94.6995
-96.995
-99.3717
-103.987
-106.618
-109.341
-112.158
-115.111
-118.137
-124.139
-127.609
-131.256
-135.037
-138.991
-143.248
-151.74
-156.753
-162.082
-167.831
-174.04
-180.762
-194.723
-203.081
-212.356
-222.641
-233.766
-245.941
-271.002
-285.981
-301.929
-317.806
-335.279
-353.21
-384.663
-400.204
-411.783
-422.122
-428.336
-431.354
-427.559
-419.942
-406.86
-387.345
-363.535
-336.271
-270.542
-230.642
-187.274
-142.808
-96.9638
-50.5734
36.6083
84.0019
129.808
174.32
216.336
255.584
319.443
346.879
367.966
386.638
400.723
410.504
415.797
412.821
407.175
396.617
384.576
369.3
337.975
320.913
304.706
289.368
274.89
261.12
238.609
227.173
216.975
207.585
198.923
191.019
177.375
170.963
164.832
159.224
153.927
149.014
140.402
136.109
132.053
128.199
124.512
121.001
114.879
111.787
108.825
105.969
103.2
100.551
95.8693
93.4572
91.1135
88.8491
86.6416
84.5052
80.6964
78.7114
76.7823
74.8985
73.0619
71.2869
68.1144
66.4742
64.8856
63.3484
61.8944
60.4877
58.079
56.8831
55.7325
54.6589
53.6126
52.6077
50.8421
49.932
49.0387
48.1614
47.3138
46.4845
44.9784
44.1793
43.3947
42.6227
41.8675
41.1218
39.7745
39.061
38.3576
37.6693
36.9859
36.3143
35.0863
34.4348
33.7967
33.1624
32.5385
31.9231
30.8037
30.2083
29.6187
29.0402
28.4665
27.9033
26.8738
26.3242
25.7808
25.2549
24.7346
24.2237
23.3055
22.8338
22.3802
21.9413
21.5181
21.1184
20.4182
20.0712
19.727
19.3969
19.0765
18.7613
18.2017
17.9025
17.612
17.327
17.0429
16.7647
16.2528
15.9807
15.7119
15.4482
15.1881
14.9295
14.4601
14.2121
13.9654
13.7218
13.4802
13.2406
12.8049
12.573
12.3443
12.1184
11.8946
11.674
11.268
11.054
10.8419
10.6322
10.4233
10.2176
9.84135
9.64504
9.44921
9.25798
9.06944
8.88668
8.56515
8.39928
8.23962
8.08883
7.94343
7.80259
7.55565
7.42842
7.30412
7.18342
7.06558
6.94868
6.73816
6.62635
6.51417
6.40466
6.29757
6.19029
5.99398
5.88986
5.78696
5.68521
5.58509
5.48536
5.30346
5.20642
5.11045
5.01502
4.92038
4.82718
4.65638
4.56581
4.47577
4.38633
4.29788
4.21011
4.04959
3.96486
3.88018
3.79655
3.71324
3.63139
3.4827
3.40404
3.32569
3.24836
3.16914
3.07432
2.77094
2.62287
2.48759
2.36473
2.2522
2.14828
1.97661
1.89297
1.8147
1.74166
1.67377
1.60956
1.4995
1.44459
1.39312
1.34469
1.29782
1.2531
