-2.86553
-3.45991
-4.19261
-5.02843
-5.97572
-7.08882
-8.52923
-10.3555
-12.465
-14.8649
-17.6756
-21.2984
-26.0242
-31.6023
-38.0544
-45.7628
-55.9673
-70.3043
-89.2503
-115.26
-155.697
-230.237
-347.275
-329.058
-7.00035
314.898
335.01
223.614
152.022
111.778
85.6093
66.8461
53.6649
44.2661
36.6916
30.2346
24.7105
20.3449
17.0475
14.2965
11.8873
9.77619
8.04626
6.7216
5.61457
4.63507
3.76389
2.75821
1.71423
1.17613
-2.86675
-3.45834
-3.46149
-4.19077
-4.19446
-5.02634
-5.03052
-5.97333
-5.9781
-7.0859
-7.09174
-8.52535
-8.53312
-10.3509
-10.3601
-12.4597
-12.4702
-14.8589
-14.8709
-17.6683
-17.6829
-21.2885
-21.3082
-26.012
-26.0363
-31.5882
-31.6164
-38.038
-38.0708
-45.7425
-45.7831
-55.9387
-55.9959
-70.2656
-70.3431
-89.1991
-89.3015
-115.187
-115.334
-155.575
-155.818
-230
-230.474
-347.043
-347.522
-329.486
-328.629
-7.94027
-6.06017
314.47
315.324
335.238
334.781
223.842
223.386
152.144
151.9
111.852
111.704
85.6608
85.5579
66.8834
66.8089
53.6904
53.6394
44.2856
44.2466
36.708
36.6753
30.2487
30.2205
24.7223
24.6988
20.3537
20.3361
17.0545
17.0406
14.3025
14.2904
11.8926
11.882
9.78077
9.77161
8.04979
8.04273
6.72439
6.7188
5.617
5.61213
4.63724
4.63289
3.76579
3.76199
2.76187
2.75455
1.71589
1.71257
1.17708
-2.87984
-3.44142
-3.47851
-4.17095
-4.21434
-5.00397
-5.05301
-5.94777
-6.00377
-7.05466
-7.12324
-8.48375
-8.57503
-10.301
-10.4102
-12.403
-12.5271
-14.7941
-14.936
-17.5899
-17.762
-21.1827
-21.4148
-25.8814
-26.1675
-31.4374
-31.7679
-37.8622
-38.2475
-45.5252
-46.0023
-55.6332
-56.3044
-69.8505
-70.7619
-88.6515
-89.8547
-114.4
-116.131
-154.27
-157.129
-227.465
-233.046
-344.471
-350.112
-333.938
-323.884
-17.9871
4.05853
309.751
319.789
337.669
332.262
226.303
220.989
153.463
150.6
112.651
110.915
86.2164
85.0072
67.2858
66.4108
53.9657
53.3667
44.4958
44.0376
36.884
36.5
30.4005
30.0693
24.8492
24.5727
20.4482
20.2421
17.1296
16.9659
14.3675
14.2257
11.9498
11.8249
9.83009
9.72256
8.08786
8.00497
6.75453
6.68881
5.64324
5.58599
4.66066
4.60954
3.78627
3.74158
2.80173
2.71574
1.73389
1.69492
1.1874
-2.93173
-3.0134
-3.0987
-3.18766
-3.28025
-3.37639
-3.54567
-3.65027
-3.7576
-3.86753
-3.97979
-4.09436
-4.29237
-4.41292
-4.53562
-4.66065
-4.78791
-4.91749
-5.14115
-5.27726
-5.4159
-5.55745
-5.7018
-5.84914
-6.10472
-6.26141
-6.4222
-6.58771
-6.75834
-6.9349
-7.24801
-7.44456
-7.64982
-7.86499
-8.08981
-8.32431
-8.74043
-8.99928
-9.26592
-9.54021
-9.82112
-10.1086
-10.6065
-10.9101
-11.2197
-11.5354
-11.8567
-12.1842
-12.7501
-13.0949
-13.4463
-13.8048
-14.1705
-14.5441
-15.1918
-15.5885
-15.9953
-16.4138
-16.8443
-17.2888
-18.0748
-18.5676
-19.0819
-19.6217
-20.187
-20.7787
-21.8364
-22.4997
-23.1863
-23.8969
-24.6274
-25.3778
-26.6832
-27.4827
-28.2992
-29.1335
-29.9857
-30.8556
-32.3629
-33.2843
-34.2267
-35.1901
-36.1755
-37.185
-38.943
-40.0246
-41.1367
-42.2834
-43.468
-44.6944
-46.8695
-48.2403
-49.6771
-51.1901
-52.7858
-54.4719
-57.532
-59.4802
-61.5288
-63.6763
-65.9208
-68.2599
-72.4177
-75.0243
-77.733
-80.5528
-83.4888
-86.5615
-92.0527
-95.5249
-99.1734
-103.034
-107.102
-111.416
-119.317
-124.443
-129.957
-135.891
-142.325
-149.328
-162.594
-171.578
-181.478
-192.453
-204.546
-217.93
-243.496
-260.299
-278.087
-296.776
-315.454
-333.544
-359.109
-369.597
-374.768
-373.759
-365.213
-349.108
-303.18
-265.281
-220.729
-170.156
-115.134
-57.0091
43.0498
100.948
156.153
206.772
251.535
289.22
334.986
351.59
359.951
361.264
356.325
346.479
321.729
304.642
286.671
269.014
252.078
236.152
211.962
199.203
187.615
177.088
167.485
158.778
145.738
138.815
132.447
126.512
120.993
115.843
107.918
103.582
99.4751
95.5945
91.9156
88.4194
82.9053
79.8313
76.8992
74.0985
71.4277
68.886
64.8956
62.6937
60.6143
58.6543
56.8063
55.0607
52.3278
50.8078
49.355
47.9616
46.6204
45.3241
43.2347
42.0419
40.8814
39.7515
38.6505
37.5764
35.8242
34.8155
33.829
32.8635
31.9198
30.9961
29.4869
28.6171
27.7679
26.9398
26.1333
25.3506
24.0896
23.3772
22.6947
22.0417
21.4185
20.8244
19.8834
19.3557
18.8487
18.3589
17.8852
17.4253
16.678
16.2487
15.8292
15.4182
15.0161
14.6222
13.9759
13.602
13.235
12.8747
12.5212
12.1744
11.6047
11.2751
10.9519
10.6354
10.326
10.0242
9.534
9.25485
8.98539
8.72577
8.47717
8.23888
7.86055
7.64851
7.44482
7.24791
7.05771
6.8732
6.57316
6.4008
6.23224
6.06697
5.90495
5.74606
5.48499
5.33348
5.18462
5.03807
4.89413
4.75247
4.51923
4.38393
4.25096
4.12026
3.99227
3.86699
3.66307
3.54665
3.43427
3.32646
3.22366
2.96676
2.57319
2.38086
2.21171
2.06182
1.9279
1.80685
1.62897
1.53485
1.44854
1.3708
1.2975
1.22911
