-2.11635
-2.34871
-2.60295
-2.88905
-3.22016
-3.60173
-4.02734
-4.49031
-4.98946
-5.52773
-6.11265
-6.75919
-7.49644
-8.35838
-9.35366
-10.4626
-11.6701
-12.9752
-14.3886
-15.9338
-17.6585
-19.6487
-21.9946
-24.7057
-27.7306
-31.0417
-34.6546
-38.6213
-43.0431
-48.1166
-54.1669
-61.5345
-70.3541
-80.7141
-92.944
-107.754
-126.377
-150.994
-185.201
-233.311
-292.749
-338.327
-318.069
-198.84
-6.85934
185.159
304.558
326.027
282.531
226.031
180.233
147.088
122.766
104.163
89.3247
77.1222
67.0037
58.7359
52.031
46.4365
41.5743
37.2283
33.2834
29.6808
26.4044
23.4899
20.9861
18.8608
17.0083
15.3408
13.8119
12.3984
11.0909
9.89221
8.82128
7.89549
7.0984
6.39198
5.74746
5.15035
4.5935
4.07532
3.60153
3.09026
2.25576
1.73573
1.37925
1.11717
0.916684
0.761479
-2.11725
-2.34773
-2.34968
-2.60188
-2.60403
-2.88782
-2.89028
-3.21873
-3.22158
-3.6001
-3.60335
-4.02556
-4.02913
-4.48837
-4.49224
-4.98738
-4.99154
-5.52548
-5.52998
-6.1102
-6.11511
-6.75643
-6.76194
-7.49325
-7.49964
-8.35465
-8.36212
-9.34942
-9.3579
-10.4579
-10.4672
-11.665
-11.6751
-12.9697
-12.9806
-14.3827
-14.3945
-15.9273
-15.9403
-17.6511
-17.6659
-19.64
-19.6574
-21.9844
-22.0048
-24.6941
-24.7172
-27.7178
-27.7433
-31.0278
-31.0556
-34.6395
-34.6698
-38.6046
-38.6381
-43.0242
-43.062
-48.0945
-48.1387
-54.1401
-54.1938
-61.502
-61.5671
-70.3157
-70.3925
-80.6691
-80.7591
-92.8903
-92.9976
-107.688
-107.82
-126.291
-126.462
-150.878
-151.11
-185.038
-185.365
-233.087
-233.536
-292.51
-292.988
-338.253
-338.411
-318.351
-317.784
-199.502
-198.176
-7.68989
-6.02884
184.489
185.827
304.276
304.839
326.114
325.939
282.765
282.298
226.243
225.819
180.389
180.078
147.202
146.975
122.85
122.681
104.23
104.097
89.3786
89.2709
77.1668
77.0776
67.0406
66.9669
58.7657
58.7061
52.0554
52.0066
46.4573
46.4157
41.5927
41.5559
37.2449
37.2117
33.2985
33.2683
29.6946
29.667
26.4169
26.392
23.5007
23.479
20.9954
20.9769
18.8687
18.8529
17.0154
17.0013
15.3472
15.3344
13.8178
13.806
12.4039
12.3929
11.096
11.0859
9.89678
9.88763
8.82528
8.81728
7.89892
7.89205
7.1014
7.09541
6.39468
6.38928
5.74994
5.74497
5.15267
5.14803
4.59566
4.59134
4.07731
4.07332
3.60332
3.59973
3.09461
3.08592
2.25831
2.25321
1.73743
1.73403
1.38046
1.37805
1.11809
1.11625
0.917385
0.915983
0.762056
-2.12466
-2.33972
-2.35773
-2.59301
-2.61293
-2.87769
-2.90048
-3.20698
-3.23342
-3.58671
-3.6168
-4.01084
-4.0439
-4.47246
-4.5082
-4.97026
-5.00871
-5.50697
-5.54855
-6.08995
-6.13543
-6.73379
-6.78471
-7.46702
-7.52608
-8.32396
-8.39308
-9.31452
-9.39296
-10.4196
-10.5057
-11.6235
-11.7168
-12.9248
-13.0257
-14.334
-14.4434
-15.8736
-15.9942
-17.5904
-17.727
-19.5688
-19.7291
-21.9007
-22.089
-24.599
-24.8128
-27.6131
-27.8484
-30.9135
-31.1703
-34.5146
-34.7952
-38.4666
-38.7766
-42.8688
-43.2183
-47.9123
-48.3213
-53.9196
-54.415
-61.2351
-61.8364
-69.9999
-70.7102
-80.2988
-81.1319
-92.4496
-93.4421
-107.146
-108.367
-125.594
-127.167
-149.936
-152.07
-183.699
-186.725
-231.257
-235.395
-290.528
-294.945
-337.558
-339.098
-320.61
-315.368
-204.914
-192.649
-14.5442
0.81471
178.911
191.288
301.886
307.089
326.765
325.184
284.675
280.439
227.998
224.082
181.683
178.798
148.142
146.045
123.55
121.989
104.778
103.554
89.8246
88.8295
77.536
76.7113
67.3449
66.6643
59.0131
58.4609
52.2575
51.806
46.6295
46.2446
41.7449
41.4047
37.3821
37.0752
33.4236
33.1437
29.8088
29.5533
26.5201
26.2893
23.5908
23.3895
21.0718
20.901
18.9341
18.7878
17.0734
16.9435
15.4001
15.2818
13.8665
13.7574
12.449
12.3479
11.1376
11.0444
9.9346
9.84996
8.85851
8.78435
7.92736
7.86378
7.12616
7.07078
6.41699
6.36706
5.77049
5.7245
5.17181
5.12893
4.6135
4.57356
4.09383
4.05685
3.61818
3.58497
3.13085
3.05045
2.27975
2.23234
1.75158
1.72009
1.39046
1.36804
1.1257
1.10872
0.923205
0.910232
0.766829
-2.14764
-2.18037
-2.2135
-2.24698
-2.28085
-2.31517
-2.38267
-2.41825
-2.45439
-2.49101
-2.52815
-2.56591
-2.64062
-2.68026
-2.72071
-2.76188
-2.80391
-2.84676
-2.93225
-2.9779
-3.02458
-3.07227
-3.12103
-3.17097
-3.27038
-3.32343
-3.37742
-3.43247
-3.48851
-3.5457
-3.65858
-3.7183
-3.77895
-3.84034
-3.90267
-3.96569
-4.08972
-4.15497
-4.22107
-4.28783
-4.35534
-4.42365
-4.55768
-4.62821
-4.69938
-4.77134
-4.84403
-4.91768
-5.06196
-5.13788
-5.21471
-5.29231
-5.37082
-5.45015
-5.60618
-5.68837
-5.77168
-5.85593
-5.94126
-6.02785
-6.19856
-6.28882
-6.38041
-6.4735
-6.5681
-6.6645
-6.85567
-6.95752
-7.06155
-7.16748
-7.27594
-7.38693
-7.60856
-7.72705
-7.84844
-7.97265
-8.09993
-8.23011
-8.48951
-8.62772
-8.76888
-8.91256
-9.05874
-9.20765
-9.50188
-9.65747
-9.81547
-9.97552
-10.1376
-10.3019
-10.6251
-10.7952
-10.9676
-11.1417
-11.3177
-11.496
-11.846
-12.0299
-12.2162
-12.4043
-12.5947
-12.7872
-13.1654
-13.3644
-13.5659
-13.7695
-13.9755
-14.1845
-14.5953
-14.8119
-15.0317
-15.2541
-15.48
-15.7092
-16.1619
-16.4017
-16.6459
-16.8939
-17.147
-17.4045
-17.9174
-18.1909
-18.4709
-18.7572
-19.0505
-19.3514
-19.9525
-20.275
-20.6058
-20.9443
-21.2902
-21.645
-22.3511
-22.7278
-23.1123
-23.5041
-23.9023
-24.3078
-25.1096
-25.5333
-25.9644
-26.4007
-26.843
-27.2919
-28.175
-28.6407
-29.1122
-29.5896
-30.0731
-30.5628
-31.5263
-32.0342
-32.5484
-33.0695
-33.5968
-34.1312
-35.185
-35.7409
-36.304
-36.8757
-37.4554
-38.0434
-39.2075
-39.8233
-40.4491
-41.086
-41.7342
-42.3938
-43.7053
-44.404
-45.1174
-45.847
-46.593
-47.3578
-48.8916
-49.7142
-50.5608
-51.433
-52.3284
-53.2515
-55.1069
-56.1111
-57.1457
-58.2078
-59.2989
-60.4224
-62.6761
-63.8865
-65.1284
-66.4005
-67.7026
-69.0359
-71.701
-73.1279
-74.5854
-76.0765
-77.6046
-79.1677
-82.2953
-83.9692
-85.6853
-87.4456
-89.2522
-91.1066
-94.8323
-96.8419
-98.9094
-101.035
-103.229
-105.496
-110.08
-112.573
-115.156
-117.829
-120.598
-123.482
-129.381
-132.616
-136.006
-139.534
-143.221
-147.083
-155.085
-159.524
-164.185
-169.086
-174.24
-179.672
-190.986
-197.283
-203.909
-210.905
-218.168
-225.727
-241.212
-249.586
-258.092
-266.831
-275.527
-284.283
-300.99
-309.033
-316.644
-323.556
-329.64
-334.739
-340.716
-341.631
-340.614
-338.133
-333.593
-326.779
-307.539
-294.582
-279.365
-261.972
-242.595
-221.072
-175.104
-148.962
-121.908
-93.7512
-65.0482
-35.701
21.7332
51.1161
80.0119
108.23
135.324
161.305
207.503
228.543
247.898
265.327
280.702
293.829
313.227
320.204
325.037
328.017
328.886
328.087
322.542
317.841
311.987
305.458
298.189
290.407
274.694
266.294
257.927
249.62
241.482
233.481
218.861
211.679
204.785
198.175
191.879
185.812
174.928
169.716
164.709
159.951
155.422
151.095
143.237
139.438
135.798
132.309
128.972
125.756
119.885
117.015
114.249
111.575
108.991
106.499
101.906
99.6353
97.4339
95.3035
93.2318
91.2185
87.4844
85.6315
83.8252
82.0688
80.3585
78.6901
75.5937
74.0537
72.5548
71.0969
69.6783
68.2985
65.7443
64.4793
63.2509
62.0582
60.9041
59.786
57.7153
56.6927
55.6996
54.7356
53.8002
52.8888
51.1948
50.3518
49.5285
48.7238
47.9363
47.1659
45.7219
44.9952
44.2828
43.5828
42.8947
42.2181
40.9412
40.296
39.6601
39.034
38.4164
37.8082
36.6563
36.0722
35.4958
34.9273
34.3662
33.8119
32.7615
32.2284
31.7023
31.1828
30.6699
30.1635
29.2045
28.718
28.2384
27.7656
27.2995
26.841
25.9753
25.5382
25.1094
24.6888
24.2756
23.8719
23.116
22.7367
22.3665
22.0059
21.654
21.3101
20.6693
20.3483
20.0356
19.7298
19.4312
19.138
18.5886
18.3121
18.0408
17.7742
17.5118
17.2538
16.7661
16.5193
16.2755
16.0354
15.7981
15.5641
15.1203
14.8943
14.6713
14.4509
14.2329
14.0176
13.6082
13.3996
13.1936
12.99
12.7882
12.5889
12.2099
12.0168
11.8261
11.6375
11.451
11.2668
10.9171
10.7393
10.5639
10.391
10.2202
10.0521
9.73474
9.57422
9.41674
9.26215
9.11041
8.96194
8.68338
8.54345
8.40725
8.27409
8.14344
8.01601
7.77742
7.65779
7.54068
7.42611
7.31354
7.20321
6.99542
6.89052
6.78707
6.68536
6.58505
6.48625
6.29889
6.20362
6.10966
6.01683
5.92507
5.83421
5.66164
5.57365
5.48672
5.40068
5.31538
5.23105
5.07038
4.98851
4.90731
4.82708
4.74747
4.66879
4.51893
4.44246
4.3669
4.29218
4.21829
4.14509
4.00642
3.93592
3.86643
3.79799
3.73056
3.66441
3.53989
3.47747
3.41637
3.35668
3.29856
3.2421
2.9452
2.80644
2.67828
2.55979
2.45044
2.34812
2.16964
2.08539
2.0065
1.93268
1.86224
1.79632
1.67819
1.62187
1.5684
1.51653
1.4672
1.42174
1.33769
1.29629
1.25685
1.21934
1.18372
1.1496
1.08588
1.0548
1.02488
0.996005
0.968212
0.941505
0.892839
0.869644
0.847021
0.824827
0.803031
0.781695
