-1.75999
-2.05805
-2.38841
-2.76609
-3.22542
-3.78665
-4.43096
-5.14851
-5.94915
-6.86544
-7.97968
-9.36555
-10.9844
-12.7995
-14.8307
-17.1525
-19.965
-23.5143
-27.7499
-32.5695
-38.038
-44.3952
-52.2567
-62.6229
-75.958
-92.7414
-114.769
-146.206
-196.093
-273.958
-339.895
-261.849
-6.88124
247.772
326.941
264.345
190.69
142.443
111.204
89.1153
72.4104
59.7114
50.2931
42.8997
36.654
31.2021
26.4162
22.3686
19.1525
16.5301
14.2535
12.2221
10.4052
8.82955
7.54747
6.49789
5.58232
4.75779
4.01107
3.35735
2.26864
1.57513
1.15577
0.872997
0.667432
-1.76079
-2.05717
-2.05893
-2.38743
-2.3894
-2.76494
-2.76725
-3.22398
-3.22687
-3.78494
-3.78835
-4.42905
-4.43288
-5.14638
-5.15064
-5.94676
-5.95155
-6.86264
-6.86825
-7.97616
-7.9832
-9.36128
-9.36981
-10.9795
-10.9892
-12.7941
-12.8049
-14.8246
-14.8367
-17.1454
-17.1596
-19.9561
-19.9739
-23.5032
-23.5255
-27.7371
-27.7626
-32.5551
-32.584
-38.0215
-38.0545
-44.3757
-44.4148
-52.2315
-52.2819
-62.5896
-62.6562
-75.9164
-75.9997
-92.6883
-92.7946
-114.697
-114.841
-146.098
-146.315
-195.916
-196.271
-273.722
-274.195
-339.842
-339.947
-262.354
-261.342
-7.70509
-6.05745
247.263
248.279
326.981
326.9
264.574
264.115
190.861
190.519
142.551
142.336
111.276
111.132
89.1688
89.0619
72.4516
72.3692
59.742
59.6809
50.3162
50.2701
42.9186
42.8808
36.6704
36.6377
31.2164
31.1877
26.4287
26.4037
22.3788
22.3584
19.1605
19.1444
16.537
16.5233
14.2595
14.2474
12.2275
12.2167
10.41
10.4004
8.83357
8.82554
7.55069
7.54425
6.50063
6.49516
5.58476
5.57989
4.76
4.75558
4.01306
4.00908
3.35901
3.3557
2.27124
2.26604
1.57662
1.57365
1.15673
1.15481
0.873634
0.87236
0.667952
-1.7686
-2.04861
-2.06753
-2.37783
-2.39905
-2.75371
-2.77856
-3.20999
-3.24095
-3.76835
-3.80502
-4.41043
-4.45157
-5.12568
-5.17144
-5.92348
-5.97492
-6.83537
-6.89569
-7.9421
-8.01762
-9.31986
-9.41149
-10.9325
-11.0364
-12.7416
-12.8576
-14.7655
-14.896
-17.0765
-17.2288
-19.8699
-20.0609
-23.3951
-23.6333
-27.6132
-27.8872
-32.4149
-32.7246
-37.8613
-38.2154
-44.1855
-44.6062
-51.9866
-52.5289
-62.2671
-62.9823
-75.5117
-76.4092
-92.1716
-93.3149
-113.993
-115.552
-145.05
-147.378
-194.198
-198.022
-271.421
-276.55
-339.288
-340.378
-267.19
-256.31
-15.7405
2.02946
242.208
253.296
327.307
326.449
266.818
261.882
192.537
188.885
143.607
141.296
111.986
110.427
89.692
88.543
72.8547
71.9702
60.0417
59.3844
50.5424
50.046
43.1037
42.6966
36.8304
36.4787
31.3569
31.0478
26.5511
26.2821
22.4784
22.2598
19.2393
19.0661
16.6035
16.4571
14.3183
14.1886
12.2803
12.164
10.4569
10.3537
8.87288
8.78648
7.5822
7.51294
6.52733
6.46859
5.60855
5.55618
4.78161
4.73405
4.03249
3.98974
3.37522
3.33969
2.29685
2.24099
1.59122
1.55924
1.16615
1.1455
0.879868
0.866165
0.673032
-1.79708
-1.83998
-1.88346
-1.92764
-1.97236
-2.01777
-2.0989
-2.14622
-2.19428
-2.24318
-2.29286
-2.34338
-2.43427
-2.48749
-2.54191
-2.5976
-2.65482
-2.71346
-2.82011
-2.88366
-2.94937
-3.0173
-3.08739
-3.15999
-3.29261
-3.37138
-3.45258
-3.53596
-3.62141
-3.70868
-3.86596
-3.95817
-4.05201
-4.14752
-4.24466
-4.34329
-4.51981
-4.62274
-4.72729
-4.83366
-4.94151
-5.05121
-5.24713
-5.36165
-5.47813
-5.59665
-5.71718
-5.83988
-6.06031
-6.18982
-6.32205
-6.45729
-6.59567
-6.73777
-6.99642
-7.15031
-7.30935
-7.47392
-7.64423
-7.82055
-8.14407
-8.33739
-8.53707
-8.74295
-8.95411
-9.17144
-9.56392
-9.79471
-10.0301
-10.2704
-10.5144
-10.7631
-11.2087
-11.4688
-11.7331
-12.0019
-12.2751
-12.5526
-13.0498
-13.3399
-13.6351
-13.9361
-14.2419
-14.5532
-15.1126
-15.4408
-15.7763
-16.1194
-16.4701
-16.8302
-17.4832
-17.8714
-18.2726
-18.6878
-19.1172
-19.5624
-20.3816
-20.8734
-21.3827
-21.9085
-22.4512
-23.0111
-24.0284
-24.6294
-25.2441
-25.8728
-26.5141
-27.1672
-28.3425
-29.0308
-29.7315
-30.445
-31.1707
-31.9108
-33.2386
-34.0176
-34.8105
-35.6181
-36.4433
-37.2862
-38.8043
-39.6984
-40.614
-41.5523
-42.5161
-43.5053
-45.3088
-46.3863
-47.5018
-48.6595
-49.8625
-51.1154
-53.4414
-54.8492
-56.319
-57.8522
-59.4514
-61.115
-64.184
-66.0273
-67.9333
-69.9065
-71.9475
-74.0572
-77.9161
-80.2261
-82.6181
-85.0947
-87.6596
-90.3229
-95.2351
-98.2139
-101.308
-104.547
-107.94
-111.497
-118.19
-122.294
-126.627
-131.24
-136.138
-141.375
-151.359
-157.653
-164.453
-171.726
-179.62
-188.163
-204.551
-214.876
-226.003
-237.657
-249.85
-262.703
-285.217
-298.018
-309.969
-320.863
-329.739
-336.378
-340.854
-338.323
-331.826
-320.282
-304.24
-283.626
-236.68
-204.295
-167.909
-128.879
-87.6228
-45.0004
31.2082
73.6968
114.853
153.912
190.17
222.709
269.686
290.5
306.554
317.814
324.981
327.685
323.86
317.49
308.791
298.464
287.27
275.088
253.84
241.767
230.102
219.05
208.633
198.766
183.065
174.91
167.32
160.262
153.665
147.528
137.635
132.474
127.616
123.032
118.73
114.615
107.931
104.368
100.97
97.7114
94.6009
91.6214
86.693
84.0229
81.4609
78.9937
76.6217
74.3383
70.5499
68.5065
66.5446
64.6642
62.8678
61.1479
58.3295
56.8164
55.3665
53.981
52.6524
51.3744
49.2469
48.0875
46.9642
45.8738
44.8134
43.7813
42.0358
41.0704
40.127
39.2031
38.3005
37.4147
35.9073
35.0682
34.246
33.4398
32.6479
31.8704
30.5449
29.8069
29.083
28.3735
27.6789
26.9989
25.8458
25.2099
24.5913
23.9907
23.4086
22.8458
21.9065
21.3968
20.9051
20.429
19.9709
19.5287
18.7853
18.3782
17.9815
17.5945
17.2167
16.8471
16.2187
15.8694
15.5264
15.1893
14.8585
14.5338
13.9771
13.6666
13.3612
13.0603
12.7643
12.4731
11.9745
11.696
11.4221
11.1527
10.8882
10.6284
10.1858
9.94034
9.70048
9.46642
9.2389
9.01767
8.64643
8.44386
8.2481
8.05857
7.87525
7.69801
7.40081
7.23777
7.07901
6.92418
6.77303
6.62508
6.37304
6.23286
6.09512
5.95965
5.82638
5.69538
5.47066
5.34502
5.22124
5.09915
4.97895
4.86031
4.65654
4.54264
4.43029
4.31953
4.21056
4.10343
3.92014
3.81828
3.71861
3.62121
3.52657
3.43481
3.28239
3.14234
2.92165
2.72591
2.55049
2.39361
2.15402
2.03423
1.92481
1.82369
1.73089
1.64527
1.50881
1.4388
1.37422
1.31241
1.25433
1.20031
1.11251
1.06558
1.02151
0.979821
0.940421
0.90327
0.843969
0.81168
0.780314
0.74984
0.720318
0.691718
