-1.69547
-1.86634
-2.04642
-2.23693
-2.4396
-2.65836
-2.9019
-3.18398
-3.50892
-3.86711
-4.25148
-4.65943
-5.09219
-5.55193
-6.04237
-6.57082
-7.155
-7.82772
-8.61612
-9.50405
-10.4664
-11.4942
-12.586
-13.748
-14.9889
-16.3239
-17.7876
-19.4577
-21.4273
-23.7014
-26.2074
-28.9063
-31.7937
-34.89
-38.22
-41.8368
-45.8325
-50.4074
-55.8948
-62.4946
-70.1343
-78.7876
-88.6147
-99.982
-113.45
-129.921
-150.947
-179.198
-218.884
-272.268
-330.083
-358.488
-314.858
-188.044
-6.89306
174.214
301.062
343.973
316.818
262.101
212.33
174.881
147.351
126.484
109.968
96.4064
84.9487
75.0737
66.56
59.4207
53.5897
48.6894
44.3749
40.4624
36.8625
33.5275
30.4196
27.5263
24.8577
22.4806
20.4525
18.7196
17.1735
15.7517
14.4243
13.1795
12.0082
10.9065
9.87791
8.93858
8.11859
7.41608
6.79336
6.22107
5.68459
5.17922
4.70018
4.24622
3.81641
3.41221
2.87021
2.21662
1.7728
1.45255
1.21121
1.01947
0.866654
0.739949
0.629481
0.532827
-1.69625
-1.86551
-1.86717
-2.04555
-2.04729
-2.23601
-2.23786
-2.43861
-2.44058
-2.65728
-2.65944
-2.90067
-2.90313
-3.18255
-3.18541
-3.5073
-3.51054
-3.86536
-3.86887
-4.24961
-4.25335
-4.65744
-4.66141
-5.09009
-5.09429
-5.54969
-5.55417
-6.03997
-6.04476
-6.56823
-6.57343
-7.15206
-7.15794
-7.82428
-7.83116
-8.61213
-8.6201
-9.49968
-9.50843
-10.4617
-10.4711
-11.4892
-11.4992
-12.5807
-12.5913
-13.7423
-13.7536
-14.9828
-14.995
-16.3174
-16.3305
-17.7803
-17.7948
-19.4492
-19.4662
-21.4172
-21.4374
-23.6901
-23.7127
-26.1951
-26.2197
-28.8932
-28.9195
-31.7796
-31.8077
-34.8749
-34.9051
-38.2036
-38.2363
-41.819
-41.8547
-45.8125
-45.8524
-50.384
-50.4308
-55.8663
-55.9232
-62.4609
-62.5283
-70.096
-70.1727
-78.7442
-78.8309
-88.5651
-88.6643
-99.9241
-100.04
-113.38
-113.52
-129.834
-130.007
-150.833
-151.06
-179.042
-179.355
-218.664
-219.105
-271.989
-272.548
-329.844
-330.322
-358.497
-358.478
-315.266
-314.448
-188.811
-187.277
-7.79113
-5.99499
173.444
174.982
300.658
301.464
343.955
343.991
317.049
316.587
262.36
261.841
212.534
212.126
175.031
174.731
147.463
147.239
126.571
126.397
110.038
109.898
96.465
96.348
84.9988
84.8988
75.117
75.0305
66.597
66.523
59.451
59.3905
53.6147
53.5647
48.7109
48.6679
44.3942
44.3556
40.48
40.4447
36.8788
36.8462
33.5427
33.5123
30.4337
30.4054
27.5394
27.5132
24.8697
24.8458
22.491
22.4702
20.4613
20.4437
18.7272
18.712
17.1805
17.1666
15.7582
15.7452
14.4304
14.4183
13.1852
13.1738
12.0136
12.0029
10.9115
10.9015
9.88257
9.87326
8.94271
8.93444
8.12217
8.11501
7.41916
7.41301
6.79614
6.79058
6.22368
6.21847
5.68703
5.68215
5.18155
5.1769
4.70238
4.69798
4.2483
4.24414
3.81839
3.81444
3.41407
3.41036
2.87391
2.86651
2.21913
2.21411
1.77456
1.77104
1.45385
1.45126
1.21221
1.21021
1.02028
1.01866
0.867287
0.866021
0.740512
0.739387
0.629959
0.629002
0.53323
-1.70234
-1.85909
-1.87361
-2.03878
-2.05403
-2.22886
-2.24504
-2.43096
-2.44825
-2.64892
-2.66782
-2.89116
-2.91271
-3.17148
-3.19658
-3.49478
-3.52313
-3.85177
-3.88249
-4.23514
-4.26784
-4.64209
-4.67684
-5.0738
-5.1106
-5.53235
-5.57153
-6.02144
-6.06336
-6.54812
-6.59362
-7.12937
-7.18076
-7.7978
-7.85794
-8.58133
-8.65095
-9.4659
-9.54239
-10.4253
-10.5077
-11.4506
-11.5378
-12.5396
-12.6325
-13.6985
-13.7976
-14.9359
-15.042
-16.2666
-16.3815
-17.7241
-17.8515
-19.3834
-19.5327
-21.3396
-21.5159
-23.6029
-23.8007
-26.1
-26.3152
-28.7913
-29.0219
-31.6709
-31.9171
-34.7578
-35.0226
-38.0772
-38.3633
-41.6811
-41.9933
-45.6581
-46.0077
-50.2031
-50.613
-55.6466
-56.1448
-62.2007
-62.7904
-69.7996
-70.4706
-78.4089
-79.1676
-88.1818
-89.0497
-99.4764
-100.49
-112.843
-114.061
-129.165
-130.683
-149.961
-151.944
-177.838
-180.588
-216.966
-220.829
-269.825
-274.723
-327.968
-332.136
-358.515
-358.351
-318.367
-311.213
-194.716
-181.303
-14.7513
0.96495
167.444
180.897
297.469
304.521
343.768
344.082
318.82
314.795
264.378
259.835
214.127
210.555
176.202
173.577
148.334
146.38
127.247
125.728
110.583
109.358
96.9203
95.8964
85.3868
84.5126
75.4536
74.6966
66.885
66.2373
59.6869
59.1566
53.8091
53.3719
48.8784
48.5013
44.544
44.2065
40.6171
40.3081
37.0055
36.7199
33.6607
33.3948
30.5436
30.2959
27.6415
27.4114
24.9626
24.7532
22.5717
22.3898
20.5296
20.3759
18.7867
18.6529
17.2347
17.1126
15.8084
15.695
14.4773
14.3715
13.2292
13.1299
12.0552
11.9613
10.9506
10.8626
9.91867
9.83723
8.97499
8.90239
8.15002
8.0874
7.44308
7.38922
6.81775
6.76904
6.24394
6.1983
5.70613
5.66323
5.19955
5.15896
4.71946
4.68099
4.26445
4.22802
3.83368
3.79918
3.42844
3.39599
2.90286
2.83769
2.23874
2.19487
1.7883
1.75754
1.46395
1.44132
1.22004
1.20247
1.02659
1.01241
0.872204
0.861128
0.744883
0.735041
0.633682
0.62531
0.536363
-1.71974
-1.74361
-1.76774
-1.79198
-1.81641
-1.84097
-1.89197
-1.91712
-1.94246
-1.96799
-1.9937
-2.01963
-2.07336
-2.0999
-2.12673
-2.15379
-2.18104
-2.20855
-2.26557
-2.29377
-2.32224
-2.35099
-2.37996
-2.4093
-2.4702
-2.50043
-2.5311
-2.56207
-2.59342
-2.62523
-2.69195
-2.72522
-2.7592
-2.79359
-2.82882
-2.86449
-2.94022
-2.97842
-3.01769
-3.05757
-3.09855
-3.14036
-3.22864
-3.27311
-3.31851
-3.36468
-3.41165
-3.45935
-3.55913
-3.60877
-3.65912
-3.71005
-3.76137
-3.81338
-3.92142
-3.97495
-4.02902
-4.08357
-4.13858
-4.19415
-4.30927
-4.36618
-4.42362
-4.48156
-4.53985
-4.59869
-4.72083
-4.78104
-4.8421
-4.90347
-4.96522
-5.02766
-5.15724
-5.22122
-5.2859
-5.35115
-5.41701
-5.4833
-5.62113
-5.68935
-5.75825
-5.82783
-5.89799
-5.96896
-6.11651
-6.18973
-6.26375
-6.33875
-6.41455
-6.49129
-6.65159
-6.73167
-6.81302
-6.89558
-6.97975
-7.06577
-7.24619
-7.33703
-7.43063
-7.52601
-7.62337
-7.72328
-7.93511
-8.0421
-8.15174
-8.26364
-8.37799
-8.49458
-8.73947
-8.862
-8.98689
-9.11292
-9.24043
-9.37018
-9.63963
-9.77331
-9.90868
-10.0454
-10.1833
-10.3225
-10.6121
-10.7552
-10.8998
-11.0456
-11.1926
-11.341
-11.6486
-11.8005
-11.9544
-12.1095
-12.2655
-12.4233
-12.7502
-12.912
-13.0755
-13.2405
-13.4066
-13.5745
-13.9231
-14.0956
-14.2701
-14.4461
-14.6238
-14.8033
-15.1763
-15.3613
-15.5487
-15.7379
-15.9291
-16.123
-16.5274
-16.7282
-16.9326
-17.1403
-17.3508
-17.5654
-18.0147
-18.2411
-18.4723
-18.7088
-18.9503
-19.1988
-19.724
-19.989
-20.262
-20.5424
-20.8285
-21.1213
-21.7408
-22.0521
-22.3706
-22.694
-23.0223
-23.3559
-24.053
-24.4006
-24.7518
-25.1077
-25.4668
-25.8309
-26.5879
-26.9629
-27.3426
-27.7258
-28.1126
-28.5029
-29.3139
-29.7158
-30.1218
-30.5308
-30.9439
-31.3627
-32.2302
-32.6611
-33.0945
-33.5332
-33.9774
-34.426
-35.3589
-35.8206
-36.2881
-36.7602
-37.2373
-37.7203
-38.7262
-39.2265
-39.7328
-40.2457
-40.7652
-41.2915
-42.3909
-42.9401
-43.4981
-44.0636
-44.6381
-45.2226
-46.4549
-47.0735
-47.707
-48.3568
-49.0177
-49.696
-51.1416
-51.8785
-52.6331
-53.4096
-54.2064
-55.0292
-56.7826
-57.6747
-58.5896
-59.5288
-60.4882
-61.4684
-63.5456
-64.5902
-65.6514
-66.7364
-67.8406
-68.9634
-71.3258
-72.5115
-73.7167
-74.9428
-76.1894
-77.4639
-80.1345
-81.4766
-82.8419
-84.235
-85.6548
-87.1023
-90.1617
-91.7096
-93.2823
-94.8891
-96.5364
-98.2181
-101.787
-103.603
-105.457
-107.366
-109.32
-111.332
-115.624
-117.814
-120.065
-122.408
-124.81
-127.295
-132.633
-135.407
-138.262
-141.24
-144.311
-147.521
-154.499
-158.16
-161.986
-165.94
-170.124
-174.494
-184.172
-189.225
-194.581
-200.184
-206.064
-212.243
-225.852
-232.928
-240.247
-247.853
-255.776
-263.748
-280.818
-289.314
-297.777
-306.19
-314.557
-322.446
-337.166
-343.429
-348.787
-353.136
-356.299
-358.109
-357.43
-354.581
-350.291
-344.095
-336.215
-326.522
-301.407
-286.453
-270.081
-251.886
-232.304
-211.175
-164.073
-139.424
-113.946
-87.964
-61.3761
-34.5277
20.7499
47.5632
74.1747
100.154
125.605
150.111
197.312
218.279
238.019
256.247
272.797
287.713
312.585
322.076
329.94
336.063
340.301
342.722
343.847
341.943
338.918
334.781
329.538
323.684
309.579
302.02
294.365
286.449
278.206
270.154
254.171
246.555
239.233
232.135
225.332
218.77
206.175
200.352
194.792
189.521
184.471
179.656
170.365
166.122
162.07
158.197
154.472
150.861
143.975
140.8
137.746
134.796
131.946
129.215
123.86
121.372
118.963
116.631
114.362
112.164
107.834
105.812
103.842
101.923
100.05
98.2257
94.6219
92.93
91.2724
89.6441
88.0541
86.4979
83.4167
81.9629
80.5354
79.138
77.7648
76.4221
73.7567
72.4982
71.2628
70.0498
68.8681
67.7127
65.4351
64.3702
63.3291
62.3145
61.3282
60.369
58.4999
57.6257
56.7765
55.9525
55.1483
54.3677
52.8303
52.1066
51.3982
50.7054
50.0244
49.3588
48.0319
47.4009
46.779
46.1682
45.5651
44.9722
43.785
43.2156
42.6532
42.0972
41.5498
41.0089
39.9216
39.3981
38.8813
38.3711
37.8675
37.368
36.3626
35.8808
35.4035
34.9291
34.461
33.9974
33.0624
32.6133
32.1683
31.7262
31.2904
30.8578
29.9863
29.567
29.1525
28.7407
28.3349
27.9331
27.1235
26.7347
26.3516
25.9725
25.5987
25.2297
24.492
24.141
23.7972
23.4591
23.1289
22.8048
22.1636
21.861
21.5678
21.2804
20.9996
20.7257
20.1851
19.9301
19.6803
19.4351
19.1947
18.9578
18.4861
18.26
18.0382
17.8188
17.6029
17.3894
16.9602
16.7541
16.5509
16.3492
16.1493
15.9518
15.5532
15.3614
15.1717
14.9831
14.7968
14.612
14.2386
14.0579
13.8801
13.7033
13.5286
13.3555
13.0051
12.836
12.6691
12.5022
12.3378
12.1746
11.8438
11.6845
11.527
11.3706
11.2157
11.0622
10.7524
10.6033
10.4558
10.3094
10.1647
10.0221
9.7352
9.59719
9.46183
9.32834
9.197
9.06805
8.81186
8.6899
8.57112
8.45444
8.34067
8.2299
8.0097
7.90565
7.8043
7.70483
7.60755
7.512
7.32177
7.23039
7.14087
7.05253
6.96537
6.87986
6.70767
6.62458
6.54259
6.46137
6.38117
6.30176
6.14108
6.06336
5.98674
5.91076
5.83555
5.76067
5.6095
5.53656
5.46437
5.39263
5.32151
5.25095
5.10813
5.03915
4.97073
4.90263
4.83499
4.76817
4.63285
4.56725
4.50254
4.43811
4.37408
4.31064
4.18228
4.12024
4.05877
3.99782
3.93729
3.87739
3.75611
3.6977
3.63982
3.5824
3.52557
3.4693
3.3559
3.30081
3.24621
3.19338
3.10785
2.98801
2.7584
2.65506
2.5574
2.46506
2.37821
2.29613
2.1417
2.07263
2.0076
1.94515
1.88538
1.82842
1.72017
1.67115
1.62386
1.57861
1.53502
1.49335
1.41372
1.37736
1.34202
1.30776
1.27465
1.24273
1.18088
1.15219
1.12416
1.0969
1.07045
1.04486
0.994927
0.971719
0.949275
0.927527
0.906514
0.886305
0.847318
0.828726
0.810466
0.792476
0.774817
0.757429
0.722788
0.70637
0.690344
0.674658
0.659337
0.644406
0.61473
0.600555
0.586513
0.572631
0.559024
0.545714
