-2.45834
-2.76295
-3.12311
-3.55687
-4.04981
-4.58885
-5.17292
-5.80772
-6.50708
-7.30729
-8.27773
-9.43862
-10.7433
-12.1673
-13.7158
-15.4101
-17.3019
-19.523
-22.2602
-25.4932
-29.1046
-33.0711
-37.4447
-42.3323
-47.99
-54.9894
-63.9221
-74.7866
-87.7526
-103.599
-123.952
-151.943
-193.966
-259.287
-339.386
-363.928
-247.037
-6.89977
233.059
350.224
326.671
250.884
189.105
148.367
120.497
100.056
84.0819
71.1528
60.7922
52.7937
46.4056
40.9407
36.0865
31.7046
27.7314
24.1858
21.1938
18.7668
16.6975
14.8429
13.1463
11.5863
10.1566
8.88346
7.81757
6.93255
6.15412
5.44327
4.78515
4.17367
3.61148
2.99384
2.10773
1.58128
1.2303
-2.45934
-2.7618
-2.7641
-3.12172
-3.1245
-3.55524
-3.5585
-4.048
-4.05161
-4.58689
-4.59082
-5.17079
-5.17505
-5.8054
-5.81004
-6.5045
-6.50967
-7.30424
-7.31034
-8.27398
-8.28147
-9.43429
-9.44296
-10.7386
-10.7481
-12.1621
-12.1725
-13.7101
-13.7214
-15.4039
-15.4163
-17.2948
-17.309
-19.5144
-19.5316
-22.2497
-22.2708
-25.4812
-25.5052
-29.0914
-29.1178
-33.0565
-33.0856
-37.4286
-37.4608
-42.3141
-42.3505
-47.9684
-48.0117
-54.9616
-55.0171
-63.8876
-63.9567
-74.7453
-74.828
-87.7029
-87.8023
-103.537
-103.661
-123.87
-124.034
-151.826
-152.061
-193.786
-194.147
-259.017
-259.557
-339.136
-339.636
-364.064
-363.79
-247.71
-246.363
-7.81878
-5.98083
232.382
233.735
350.097
350.35
326.914
326.428
251.143
250.625
189.281
188.931
148.484
148.25
120.579
120.415
100.119
99.993
84.1319
84.0319
71.1935
71.1121
60.8241
60.7604
52.8183
52.7691
46.4261
46.3852
40.9586
40.9227
36.1025
36.0704
31.7192
31.69
27.7446
27.7183
24.1973
24.1743
21.2032
21.1844
18.7745
18.7591
16.7043
16.6907
14.8492
14.8367
13.1519
13.1406
11.5915
11.5811
10.1613
10.1518
8.88756
8.87935
7.82093
7.8142
6.93541
6.92969
6.15672
6.15153
5.44566
5.44088
4.78736
4.78294
4.17573
4.17161
3.61334
3.60962
2.99797
2.98971
2.11003
2.10542
1.58277
1.57979
1.23134
-2.4681
-2.7518
-2.77415
-3.10961
-3.13671
-3.54098
-3.57281
-4.03221
-4.06749
-4.56973
-4.60805
-5.15221
-5.1937
-5.78515
-5.83039
-6.48188
-6.53238
-7.27764
-7.33712
-8.24132
-8.31435
-9.3965
-9.48098
-10.6969
-10.79
-12.1169
-12.218
-13.6607
-13.771
-15.3496
-15.4709
-17.2329
-17.3709
-19.4393
-19.6072
-22.158
-22.3632
-25.3763
-25.6105
-28.9758
-29.2338
-32.9295
-33.2132
-37.2879
-37.602
-42.1553
-42.5101
-47.7801
-48.2021
-54.7202
-55.261
-63.5851
-64.2602
-74.3843
-75.1914
-87.2693
-88.2389
-102.992
-104.209
-123.157
-124.756
-150.804
-153.091
-192.215
-195.735
-256.666
-261.931
-336.922
-341.791
-365.192
-362.579
-253.514
-240.402
-15.8635
2.03125
226.394
239.591
348.876
351.386
328.995
324.286
253.389
248.37
190.826
187.412
149.505
147.235
121.302
119.699
100.671
99.4459
84.5714
83.5966
71.5506
70.7576
61.1039
60.4832
53.0348
52.5542
46.6055
46.2068
41.1159
40.766
36.2435
35.9301
31.8471
31.5626
27.8603
27.6031
24.2984
24.0738
21.2857
21.1027
18.8425
18.6915
16.764
16.6313
14.9036
14.7826
13.2018
13.091
11.6373
11.5354
10.203
10.1103
8.92361
8.84354
7.85047
7.78487
6.96059
6.90469
6.17946
6.12886
5.46659
5.42001
4.80673
4.76359
4.19378
4.15362
3.62968
3.59338
3.03457
2.95396
2.13036
2.08545
1.59588
1.56692
1.24042
-2.49725
-2.53997
-2.58349
-2.62783
-2.67312
-2.71922
-2.80776
-2.85742
-2.90831
-2.96069
-3.01469
-3.07026
-3.17748
-3.23792
-3.29971
-3.36315
-3.42804
-3.49428
-3.6204
-3.69021
-3.76124
-3.83329
-3.90629
-3.98039
-4.12012
-4.19693
-4.27467
-4.35336
-4.43302
-4.5134
-4.66521
-4.74829
-4.83246
-4.9176
-5.00398
-5.09125
-5.25547
-5.34587
-5.43728
-5.52985
-5.62366
-5.71868
-5.89795
-5.99681
-6.09722
-6.19908
-6.30254
-6.40781
-6.60795
-6.7191
-6.83276
-6.94924
-7.06829
-7.19091
-7.42664
-7.55979
-7.69697
-7.83817
-7.98431
-8.13471
-8.42409
-8.58649
-8.75261
-8.92237
-9.09578
-9.2725
-9.60727
-9.79242
-9.98047
-10.1713
-10.3644
-10.56
-10.9287
-11.1313
-11.3367
-11.5442
-11.7549
-11.968
-12.3687
-12.5889
-12.8121
-13.0381
-13.267
-13.4987
-13.9357
-14.1758
-14.4195
-14.6665
-14.9169
-15.1713
-15.6521
-15.9183
-16.1881
-16.4634
-16.7443
-17.0306
-17.5776
-17.8837
-18.198
-18.5204
-18.8523
-19.1951
-19.8594
-20.2348
-20.623
-21.0226
-21.4351
-21.8581
-22.6708
-23.1246
-23.589
-24.0613
-24.5426
-25.0325
-25.9602
-26.4725
-26.9925
-27.5208
-28.0552
-28.5969
-29.6194
-30.1822
-30.7539
-31.333
-31.9193
-32.5134
-33.6366
-34.2558
-34.8847
-35.5224
-36.1694
-36.8272
-38.0713
-38.7587
-39.4582
-40.1708
-40.8961
-41.6352
-43.0421
-43.8263
-44.6296
-45.4526
-46.2958
-47.1645
-48.8403
-49.7906
-50.7715
-51.7879
-52.8454
-53.941
-56.0805
-57.2993
-58.5594
-59.8651
-61.2116
-62.5986
-65.2759
-66.7808
-68.3264
-69.9111
-71.5377
-73.206
-76.402
-78.197
-80.0357
-81.9245
-83.8613
-85.8551
-89.6959
-91.8606
-94.0961
-96.3993
-98.7858
-101.249
-106.044
-108.771
-111.604
-114.565
-117.654
-120.862
-127.192
-130.846
-134.697
-138.735
-142.99
-147.522
-156.561
-161.913
-167.596
-173.686
-180.155
-187.151
-201.209
-209.674
-218.681
-228.176
-238.356
-248.972
-269.856
-281.988
-293.924
-305.963
-317.854
-329.291
-348.501
-356.841
-363.351
-367.538
-369.415
-367.946
-357.646
-347.53
-333.858
-316.726
-296.088
-271.923
-219.79
-187.776
-153.739
-117.756
-80.5663
-42.564
28.6536
66.6378
103.838
139.783
173.942
205.838
258.019
281.937
302.523
319.77
333.491
343.704
354.039
355.305
353.718
349.716
343.447
335.377
317.178
306.206
294.9
283.456
272.02
260.833
241.068
231.026
221.487
212.385
203.98
196.062
182.552
175.867
169.615
163.732
158.19
152.916
144.023
139.55
135.29
131.245
127.403
123.735
117.395
114.166
111.092
108.12
105.263
102.516
97.6838
95.1994
92.7988
90.4751
88.2275
86.0457
82.1794
80.179
78.2408
76.3545
74.524
72.747
69.605
67.9863
66.4156
64.9013
63.4467
62.0414
59.5794
58.3259
57.1185
55.959
54.8417
53.7606
51.8554
50.8726
49.9206
48.9916
48.087
47.2042
45.6238
44.7956
43.9835
43.1866
42.406
41.6389
40.2538
39.5247
38.8046
38.0963
37.399
36.7124
35.4697
34.8119
34.1633
33.5242
32.8934
32.2719
31.1448
30.5477
29.9599
29.3794
28.8077
28.2445
27.2258
26.6883
26.1597
25.6405
25.1327
24.6355
23.7452
23.2816
22.832
22.396
21.9714
21.5616
20.8369
20.4623
20.0992
19.746
19.4027
19.0685
18.4705
18.1572
17.8502
17.5494
17.2534
16.9623
16.436
16.158
15.8837
15.6134
15.3465
15.083
14.6048
14.3509
14.1005
13.8532
13.6086
13.3672
12.9279
12.6947
12.464
12.236
12.0112
11.7891
11.3853
11.1709
10.9593
10.7503
10.5443
10.3414
9.97451
9.78069
9.59067
9.40432
9.22206
9.044
8.72676
8.56191
8.40161
8.24644
8.09555
7.94907
7.68935
7.55411
7.42219
7.29361
7.16797
7.04449
6.82239
6.70533
6.59043
6.47704
6.36507
6.25477
6.05454
5.94864
5.84375
5.74008
5.6373
5.53595
5.35141
5.25319
5.15612
5.06012
4.96521
4.87105
4.7
4.6087
4.51827
4.42901
4.34083
4.25368
4.09454
4.01023
3.92689
3.84466
3.76372
3.68394
3.54016
3.4646
3.39084
3.31961
3.25083
3.16121
2.84044
2.68922
2.55037
2.42363
2.30753
2.19978
2.02182
1.93508
1.85374
1.7777
1.70676
1.6401
1.5255
1.46874
1.41556
1.36566
1.31729
1.27107
