-1.81939
-2.01276
-2.21854
-2.43921
-2.68021
-2.95243
-3.2688
-3.63076
-4.02945
-4.45847
-4.91667
-5.40623
-5.93177
-6.50244
-7.1387
-7.87502
-8.73603
-9.7089
-10.7698
-11.909
-13.1291
-14.4382
-15.854
-17.4147
-19.195
-21.2934
-23.7321
-26.4531
-29.4117
-32.6057
-36.0622
-39.8312
-44.0065
-48.7789
-54.4742
-61.3998
-69.6103
-79.1172
-90.1525
-103.247
-119.271
-139.761
-167.402
-206.716
-262.151
-328.792
-373.658
-342.966
-210.152
-7.00035
196.05
328.861
360.313
317.121
253.839
201.264
163.471
136.274
115.797
99.6888
86.5155
75.4707
66.1811
58.5376
52.3299
47.1255
42.5668
38.459
34.7021
31.2395
28.0446
25.1263
22.5426
20.3405
18.462
16.7986
15.2791
13.8701
12.5556
11.3277
10.1865
9.14675
8.23486
7.45393
6.7693
6.14725
5.56961
5.02804
4.51838
4.03972
3.59694
3.1952
2.35919
1.83686
1.4753
1.20975
1.00346
0.842923
0.709059
0.592922
-1.8202
-2.0119
-2.01363
-2.21762
-2.21947
-2.43822
-2.44021
-2.67911
-2.68131
-2.95116
-2.9537
-3.26732
-3.27027
-3.6291
-3.63242
-4.02765
-4.03125
-4.45654
-4.46039
-4.91462
-4.91873
-5.40403
-5.40842
-5.9294
-5.93413
-6.49985
-6.50504
-7.13575
-7.14166
-7.87156
-7.87848
-8.73203
-8.74003
-9.70448
-9.71333
-10.7651
-10.7746
-11.9039
-11.9141
-13.1236
-13.1346
-14.4323
-14.4441
-15.8476
-15.8604
-17.4075
-17.4218
-19.1867
-19.2034
-21.2835
-21.3033
-23.7208
-23.7433
-26.4408
-26.4654
-29.3984
-29.4251
-32.5913
-32.6201
-36.0466
-36.0778
-39.8141
-39.8483
-43.9872
-44.0258
-48.7565
-48.8014
-54.447
-54.5015
-61.367
-61.4327
-69.5719
-69.6487
-79.073
-79.1615
-90.1007
-90.2045
-103.184
-103.309
-119.194
-119.349
-139.659
-139.863
-167.26
-167.544
-206.512
-206.92
-261.876
-262.426
-328.517
-329.065
-373.593
-373.724
-343.324
-342.606
-210.907
-209.392
-7.94027
-6.06017
195.277
196.821
328.504
329.216
360.374
360.251
317.39
316.851
254.102
253.578
201.461
201.068
163.608
163.334
136.375
136.174
115.875
115.719
99.7516
99.6262
86.5677
86.4634
75.5147
75.4267
66.2177
66.1444
58.5673
58.5078
52.3543
52.3055
47.1465
47.1046
42.5855
42.5481
38.476
38.442
34.7177
34.6864
31.2539
31.225
28.0579
28.0313
25.1383
25.1144
22.5529
22.5322
20.3493
20.3317
18.4696
18.4544
16.8054
16.7917
15.2854
15.2728
13.8759
13.8642
12.5611
12.5501
11.3329
11.3226
10.1912
10.1817
9.151
9.1425
8.23852
8.2312
7.45707
7.45078
6.77211
6.76648
6.14985
6.14465
5.57204
5.56719
5.03032
5.02576
4.52052
4.51623
4.04173
4.03772
3.59876
3.59511
3.19986
3.19055
2.36197
2.35642
1.83872
1.83501
1.47663
1.47397
1.21075
1.20876
1.00425
1.00267
0.843542
0.842304
0.709602
0.708517
0.593384
-1.82673
-2.00499
-2.02055
-2.21025
-2.22686
-2.43026
-2.44819
-2.67031
-2.69016
-2.94104
-2.96389
-3.25555
-3.28211
-3.61588
-3.6457
-4.0133
-4.04565
-4.44118
-4.4758
-4.89821
-4.93517
-5.38649
-5.42601
-5.91048
-5.95312
-6.47911
-6.52586
-7.11223
-7.16534
-7.84397
-7.90629
-8.70013
-8.77211
-9.66922
-9.74878
-10.7269
-10.8129
-11.8631
-11.955
-13.0799
-13.1785
-14.3852
-14.4914
-15.7964
-15.9119
-17.3501
-17.4794
-19.12
-19.2705
-21.2048
-21.3825
-23.631
-23.8335
-26.3423
-26.5643
-29.2917
-29.532
-32.4763
-32.7355
-35.9219
-36.2029
-39.6772
-39.9858
-43.8338
-44.1801
-48.5778
-48.9815
-54.2302
-54.7202
-61.1056
-61.6967
-69.2658
-69.9565
-78.7201
-79.5168
-89.687
-90.6215
-102.687
-103.811
-118.575
-119.976
-138.847
-140.685
-166.132
-168.695
-204.897
-208.561
-259.684
-264.636
-326.25
-331.245
-373.088
-374.202
-346.11
-339.668
-216.925
-203.236
-15.4376
1.47016
189.071
202.936
325.557
331.977
360.806
359.696
319.518
314.724
256.191
251.494
203.041
199.533
164.706
162.239
137.188
135.372
116.501
115.1
100.256
99.1272
86.9862
86.048
75.8677
75.0763
66.5123
65.8523
58.8066
58.2711
52.5504
52.1108
47.3148
46.9372
42.7355
42.3988
38.6121
38.3063
34.843
34.5616
31.3697
31.1098
28.1644
27.9252
25.2346
25.0186
22.6362
22.4494
20.4195
20.2617
18.5305
18.3937
16.8605
16.7368
15.3361
15.2221
13.9232
13.8171
12.6053
12.506
11.3741
11.2815
10.2293
10.1438
9.18512
9.1086
8.26787
8.20204
7.48228
7.42568
6.79469
6.74401
6.17065
6.12391
5.59145
5.54783
5.04857
5.00757
4.5377
4.4991
4.0578
4.0217
3.61341
3.58054
3.21934
3.1537
2.38438
2.3344
1.85368
1.82029
1.48738
1.46339
1.21881
1.20082
1.0106
0.996375
0.848508
0.837364
0.713955
0.704191
0.597093
-1.84617
-1.87337
-1.90083
-1.92851
-1.95643
-1.98458
-2.04121
-2.07013
-2.09927
-2.1287
-2.15843
-2.18845
-2.2489
-2.27979
-2.31103
-2.34259
-2.37449
-2.40677
-2.47203
-2.50552
-2.53948
-2.57395
-2.60888
-2.64439
-2.71666
-2.75404
-2.79217
-2.83106
-2.8707
-2.91131
-2.99448
-3.03782
-3.08213
-3.12741
-3.17367
-3.22092
-3.31755
-3.36771
-3.41873
-3.47058
-3.52328
-3.57684
-3.68536
-3.74116
-3.79763
-3.85472
-3.9125
-3.97089
-4.08864
-4.1489
-4.20971
-4.27111
-4.33312
-4.39573
-4.52174
-4.5861
-4.65106
-4.71664
-4.78286
-4.84971
-4.98424
-5.05301
-5.12242
-5.1925
-5.26324
-5.33467
-5.47854
-5.55218
-5.62659
-5.7018
-5.77782
-5.85464
-6.00976
-6.08928
-6.16986
-6.25144
-6.33414
-6.41798
-6.58811
-6.67588
-6.76516
-6.85602
-6.94862
-7.0431
-7.23639
-7.33692
-7.43982
-7.54499
-7.65263
-7.76301
-7.98978
-8.10788
-8.22868
-8.35201
-8.47796
-8.60632
-8.8681
-9.00341
-9.14072
-9.28015
-9.4215
-9.56489
-9.85466
-10.0033
-10.1537
-10.3057
-10.4592
-10.6143
-10.927
-11.0869
-11.2484
-11.4116
-11.5762
-11.7425
-12.0773
-12.2485
-12.4215
-12.5961
-12.7724
-12.9506
-13.3094
-13.4929
-13.6782
-13.8655
-14.0548
-14.2462
-14.6324
-14.8302
-15.0303
-15.2329
-15.4378
-15.6453
-16.0657
-16.2821
-16.5016
-16.7246
-16.9512
-17.1815
-17.6519
-17.8955
-18.1444
-18.3988
-18.6588
-18.9248
-19.472
-19.7584
-20.0515
-20.3514
-20.6588
-20.9737
-21.6199
-21.9558
-22.2992
-22.6487
-23.0043
-23.3666
-24.103
-24.4823
-24.8672
-25.2569
-25.6517
-26.0516
-26.8593
-27.2736
-27.6926
-28.116
-28.5441
-28.9771
-29.8508
-30.2978
-30.7499
-31.2068
-31.6692
-32.1367
-33.0799
-33.5633
-34.0525
-34.5472
-35.0475
-35.5538
-36.5766
-37.1021
-37.6343
-38.1735
-38.72
-39.2739
-40.3968
-40.9746
-41.5618
-42.1586
-42.7656
-43.383
-44.6422
-45.2945
-45.9614
-46.6427
-47.3393
-48.053
-49.5232
-50.2936
-51.0845
-51.8979
-52.7343
-53.5948
-55.3795
-56.3188
-57.284
-58.2744
-59.2921
-60.3378
-62.4895
-63.6132
-64.7624
-65.9388
-67.1396
-68.3664
-70.8792
-72.1842
-73.5174
-74.8783
-76.2665
-77.6824
-80.5829
-82.0889
-83.6303
-85.212
-86.8248
-88.4743
-91.8751
-93.6484
-95.4692
-97.3354
-99.252
-101.228
-105.318
-107.464
-109.679
-111.965
-114.327
-116.768
-121.859
-124.568
-127.381
-130.302
-133.337
-136.491
-143.17
-146.765
-150.524
-154.453
-158.527
-162.884
-172.171
-177.199
-182.523
-188.145
-194.024
-200.237
-213.56
-220.795
-228.405
-236.37
-244.684
-253.27
-271.238
-280.632
-290.359
-300.06
-309.71
-319.387
-337.609
-346.071
-353.763
-360.501
-366.265
-370.749
-375.096
-374.89
-372.522
-368.158
-361.886
-353.558
-330.229
-315.175
-297.886
-278.666
-257.47
-234.415
-184.24
-156.435
-127.967
-98.51
-68.2205
-37.5847
23.7425
54.19
84.2209
113.896
142.498
170.035
220.52
243.558
264.887
284.024
301.121
316.066
339.579
348.262
354.575
358.725
361.066
361.484
357.467
353.278
347.821
341.236
333.799
325.691
308.38
299.148
289.797
280.601
271.454
262.475
245.437
237.277
229.42
221.874
214.671
207.824
195.062
189.117
183.472
178.094
172.955
168.059
159.063
154.829
150.78
146.916
143.213
139.656
133.04
129.891
126.857
123.94
121.119
118.404
113.29
110.842
108.471
106.175
103.948
101.776
97.6605
95.6736
93.7412
91.8594
90.0282
88.2413
84.8287
83.1698
81.5518
79.9727
78.4345
76.9291
74.0485
72.6497
71.2845
69.9544
68.6598
67.3987
64.9967
63.8372
62.7105
61.6164
60.5559
59.5276
57.5777
56.6376
55.7247
54.8394
53.9786
53.1402
51.5395
50.7611
50.0013
49.2583
48.5314
47.8189
46.4449
45.7703
45.1079
44.4566
43.8151
43.1841
41.9588
41.3543
40.7587
40.171
39.5912
39.0191
37.906
37.3543
36.8102
36.2726
35.7415
35.2169
34.1932
33.686
33.1845
32.689
32.1994
31.715
30.7697
30.3016
29.8385
29.3812
28.929
28.4825
27.6124
27.1827
26.7585
26.3402
25.9281
25.5226
24.737
24.352
23.9741
23.6037
23.2408
22.8862
22.2065
21.8758
21.553
21.2382
20.9311
20.6309
20.0566
19.7768
19.5028
19.2346
18.9717
18.7135
18.215
17.9697
17.7284
17.4906
17.2562
17.0249
16.5749
16.3524
16.1324
15.9151
15.7002
15.4875
15.0725
14.8667
14.663
14.4615
14.2618
14.0642
13.6779
13.486
13.2959
13.1077
12.9215
12.7369
12.3759
12.1968
12.0193
11.8435
11.6694
11.4971
11.1601
10.9929
10.8276
10.6642
10.5026
10.3428
10.0319
9.87847
9.72711
9.57802
9.43138
9.28721
9.0089
8.87269
8.73917
8.60869
8.481
8.35603
8.11638
7.99972
7.8856
7.77406
7.66484
7.55796
7.35161
7.25049
7.15109
7.0533
6.95711
6.86219
6.67768
6.58646
6.49647
6.4075
6.31954
6.23263
6.06273
5.97838
5.89487
5.81221
5.73037
5.64936
5.49062
5.41166
5.33348
5.25601
5.17918
5.10301
4.95377
4.87955
4.80593
4.73296
4.66066
4.58893
4.44846
4.37866
4.30945
4.24092
4.17298
4.10576
3.97438
3.90924
3.845
3.7815
3.71892
3.65722
3.53766
3.47902
3.42158
3.36539
3.31056
3.257
3.04803
2.91023
2.78308
2.66479
2.55501
2.45333
2.27091
2.18734
2.10906
2.03507
1.96538
1.89924
1.77776
1.7213
1.6676
1.61653
1.56733
1.52004
1.4328
1.39265
1.35359
1.31554
1.27868
1.24328
1.17779
1.14652
1.11567
1.08587
1.05719
1.02978
0.978002
0.953232
0.929346
0.906342
0.884345
0.863375
0.822826
0.802937
0.78341
0.764245
0.745443
0.727002
0.691473
0.674113
0.657116
0.64048
0.624158
0.608259
