-2.61503
-2.92347
-3.28953
-3.71613
-4.18985
-4.70317
-5.25732
-5.85756
-6.51674
-7.26588
-8.15796
-9.2155
-10.4067
-11.7058
-13.1127
-14.6398
-16.3169
-18.215
-20.4739
-23.1928
-26.3116
-29.7532
-33.5155
-37.6464
-42.2453
-47.5269
-53.9343
-61.9622
-71.7166
-83.2653
-97.1208
-114.346
-136.906
-168.622
-216.308
-285.525
-358.122
-363.689
-237.468
-7.00035
223.565
350.017
345.491
276.097
210.432
164.637
133.452
110.861
93.5249
79.6079
68.2069
59.0477
51.845
45.9479
40.844
36.2848
32.1514
28.3851
24.9888
22.0477
19.6121
17.5569
15.7343
14.0716
12.5391
11.1232
9.82664
8.67852
7.71002
6.89011
6.16154
5.49362
4.87339
4.29538
3.76104
3.28645
2.39861
1.79501
1.39957
1.11728
-2.6161
-2.92222
-2.92472
-3.28804
-3.29101
-3.71444
-3.71782
-4.188
-4.19169
-4.70118
-4.70517
-5.25516
-5.25947
-5.85522
-5.8599
-6.51414
-6.51935
-7.26285
-7.26892
-8.1543
-8.16162
-9.21127
-9.21973
-10.402
-10.4113
-11.7007
-11.7109
-13.1072
-13.1182
-14.6339
-14.6458
-16.3103
-16.3235
-18.2074
-18.2227
-20.4646
-20.4832
-23.1819
-23.2038
-26.2993
-26.3238
-29.7398
-29.7667
-33.5008
-33.5302
-37.6302
-37.6627
-42.227
-42.2636
-47.5054
-47.5484
-53.9075
-53.9611
-61.9289
-61.9955
-71.6769
-71.7563
-83.2183
-83.3122
-97.0637
-97.178
-114.273
-114.419
-136.808
-137.004
-168.478
-168.767
-216.091
-216.525
-285.23
-285.821
-357.929
-358.311
-363.892
-363.483
-238.184
-236.752
-7.94027
-6.06017
222.851
224.277
349.801
350.231
345.687
345.293
276.375
275.82
210.637
210.227
164.775
164.499
133.549
133.355
110.934
110.788
93.5825
93.4674
79.6549
79.561
68.2453
68.1685
59.078
59.0175
51.869
51.8209
45.9683
45.9276
40.8619
40.826
36.301
36.2686
32.1662
32.1367
28.3985
28.3717
25.0008
24.9769
22.0578
22.0377
19.6204
19.6039
17.5641
17.5497
15.7408
15.7278
14.0776
14.0657
12.5446
12.5336
11.1283
11.1181
9.83124
9.82204
8.68247
8.67457
7.71333
7.70671
6.89298
6.88724
6.16414
6.15894
5.49603
5.49122
4.87563
4.87116
4.29746
4.2933
3.76294
3.75913
3.28808
3.28483
2.40148
2.39575
1.79679
1.79322
1.40078
1.39836
1.11821
-2.62521
-2.91162
-2.93538
-3.27545
-3.30369
-3.70009
-3.73223
-4.17233
-4.2074
-4.68424
-4.72214
-5.2369
-5.2778
-5.83535
-5.87985
-6.49207
-6.54153
-7.23714
-7.29476
-8.12331
-8.19276
-9.1754
-9.25573
-10.3625
-10.451
-11.6579
-11.7539
-13.0608
-13.1648
-14.5833
-14.6966
-16.2541
-16.3799
-18.1424
-18.2882
-20.386
-20.5625
-23.0888
-23.2975
-26.1951
-26.4284
-29.6257
-29.8811
-33.3759
-33.6554
-37.4925
-37.801
-42.072
-42.4193
-47.3233
-47.7318
-53.681
-54.1897
-61.6471
-62.2794
-71.3408
-72.0944
-82.8203
-83.713
-96.5805
-97.6657
-113.655
-115.04
-135.98
-137.844
-167.26
-170.001
-214.258
-218.393
-282.737
-288.366
-356.182
-359.971
-365.54
-361.609
-244.211
-230.611
-15.9012
1.94126
216.711
230.273
347.996
351.927
347.314
343.577
278.73
273.464
212.396
208.49
165.959
163.334
134.381
132.535
111.557
110.171
94.0744
92.9802
80.0554
79.1636
68.5728
67.8439
59.3364
58.7616
52.0745
51.6171
46.1421
45.7551
41.0149
40.6736
36.439
36.1312
32.2917
32.0116
28.5127
28.2579
25.1024
24.8759
22.1433
21.9528
19.6911
19.5337
17.6253
17.4888
15.796
15.6727
14.1283
14.0151
12.5915
12.4868
11.1715
11.075
9.87039
9.78306
8.71621
8.64107
7.74153
7.67876
6.91743
6.86291
6.18627
6.13687
5.51647
5.47082
4.89469
4.85215
4.3152
4.27562
3.77912
3.743
3.30195
3.27107
2.42608
2.37174
1.8121
1.7782
1.41107
1.38816
1.12607
-2.65461
-2.69738
-2.74104
-2.78564
-2.83135
-2.87813
-2.96985
-3.02029
-3.07212
-3.12519
-3.17969
-3.23558
-3.34463
-3.40436
-3.4652
-3.52715
-3.59036
-3.6546
-3.77857
-3.84559
-3.91355
-3.98229
-4.05196
-4.12254
-4.25785
-4.33076
-4.40451
-4.47898
-4.55433
-4.63053
-4.77662
-4.85531
-4.93487
-5.0152
-5.09658
-5.17885
-5.33663
-5.42161
-5.50769
-5.59469
-5.68292
-5.77227
-5.94398
-6.03676
-6.13093
-6.22636
-6.32343
-6.42207
-6.61294
-6.71697
-6.82306
-6.93137
-7.04237
-7.156
-7.37843
-7.50083
-7.62663
-7.75591
-7.88889
-8.02567
-8.29337
-8.44049
-8.59106
-8.74463
-8.90173
-9.06178
-9.37155
-9.53977
-9.71045
-9.88335
-10.059
-10.2368
-10.5784
-10.7627
-10.9491
-11.1376
-11.3286
-11.5216
-11.8919
-12.0915
-12.2935
-12.4975
-12.7041
-12.9132
-13.3144
-13.5307
-13.7495
-13.9707
-14.1952
-14.4226
-14.8598
-15.096
-15.3357
-15.5784
-15.8252
-16.0761
-16.5614
-16.8254
-17.0945
-17.3691
-17.65
-17.9373
-18.4997
-18.8093
-19.1271
-19.454
-19.7913
-20.138
-20.8192
-21.195
-21.5807
-21.9754
-22.3808
-22.7946
-23.5991
-24.0375
-24.4834
-24.9366
-25.3969
-25.8644
-26.7646
-27.2515
-27.7448
-28.2441
-28.7501
-29.2629
-30.249
-30.7809
-31.3196
-31.8656
-32.4189
-32.9794
-34.0587
-34.6415
-35.2322
-35.8312
-36.4386
-37.0555
-38.2461
-38.8913
-39.5466
-40.2131
-40.8909
-41.5813
-42.9219
-43.6528
-44.4
-45.1632
-45.9461
-46.7489
-48.3266
-49.197
-50.0953
-51.0217
-51.9791
-52.9687
-54.9313
-56.0245
-57.1531
-58.3175
-59.5195
-60.7599
-63.1992
-64.5424
-65.9239
-67.3391
-68.7907
-70.2786
-73.188
-74.7846
-76.4189
-78.0921
-79.8068
-81.564
-85.0144
-86.9113
-88.8591
-90.8664
-92.9311
-95.0559
-99.247
-101.578
-103.99
-106.475
-109.051
-111.725
-117.063
-120.054
-123.167
-126.424
-129.829
-133.392
-140.599
-144.702
-149.031
-153.592
-158.364
-163.502
-174.035
-180.104
-186.594
-193.465
-200.768
-208.527
-224.527
-233.718
-243.433
-253.511
-264.082
-274.92
-296.358
-307.707
-319.12
-330.197
-340.542
-350.132
-364.869
-370.426
-373.873
-375.231
-374.057
-369.894
-354.84
-342.426
-326.964
-308.429
-286.89
-262.596
-210.404
-179.478
-146.525
-112.533
-77.2203
-41.2435
27.3983
63.067
98.3185
132.591
165.325
196.307
248.849
273.121
294.414
312.811
328.325
340.914
356.292
360.25
361.54
360.511
357.153
351.967
337.688
328.542
318.502
308.127
297.238
286.275
265.993
255.67
245.667
236.092
226.936
218.226
203.008
195.573
188.58
181.995
175.767
169.865
159.668
154.673
149.934
145.447
141.177
137.102
129.945
126.385
122.983
119.715
116.58
113.585
108.23
105.544
102.947
100.435
98.013
95.6686
91.4438
89.3056
87.2308
85.2161
83.2567
81.3542
77.91
76.1562
74.4538
72.8
71.1926
69.6338
66.8214
65.3996
64.0251
62.6966
61.4133
60.1755
57.9581
56.8416
55.7632
54.7229
53.716
52.7395
50.9736
50.0753
49.2008
48.3483
47.5156
46.7015
45.2092
44.4419
43.6884
42.949
42.2223
41.5075
40.1902
39.5084
38.8372
38.1767
37.5249
36.8826
35.6949
35.0788
34.4708
33.8712
33.279
32.6952
31.6142
31.0523
30.4984
29.9514
29.4122
28.8802
27.8966
27.3869
26.8853
26.3916
25.9064
25.4301
24.5564
24.1079
23.6694
23.2419
22.8252
22.42
21.685
21.3114
20.9485
20.5959
20.2529
19.9194
19.312
19.0014
18.6973
18.4001
18.1087
17.8223
17.2957
17.0232
16.755
16.491
16.2304
15.9734
15.4978
15.2506
15.0061
14.7652
14.5269
14.2913
13.8544
13.6268
13.4017
13.1794
12.9594
12.7419
12.3383
12.128
11.92
11.7146
11.5114
11.3105
10.9381
10.7444
10.5533
10.365
10.1794
9.99637
9.65949
9.48553
9.31494
9.14824
8.98498
8.82541
8.5352
8.38701
8.24273
8.10245
7.96572
7.83258
7.59051
7.46651
7.34511
7.22655
7.11014
6.996
6.78579
6.67699
6.56973
6.46428
6.36007
6.25729
6.06684
5.96758
5.86948
5.77268
5.67693
5.5821
5.40595
5.3141
5.2231
5.13317
5.044
4.9558
4.79173
4.70604
4.62127
4.53738
4.4543
4.37213
4.21944
4.13978
4.06112
3.98352
3.90679
3.83128
3.69187
3.61983
3.54916
3.48007
3.41255
3.3468
3.22775
3.0841
2.91989
2.77051
2.63312
2.50759
2.29757
2.19778
2.10538
2.01907
1.93844
1.86247
1.73153
1.668
1.60805
1.55077
1.4962
1.44474
1.35605
1.31128
1.26821
1.22732
1.18861
1.15166
