-2.07799
-2.37952
-2.72009
-3.12399
-3.6115
-4.17309
-4.79667
-5.48403
-6.24935
-7.12901
-8.1926
-9.47953
-10.9553
-12.5955
-14.4123
-16.455
-18.8427
-21.7771
-25.3248
-29.3901
-33.9474
-39.0849
-45.0264
-52.281
-61.5997
-73.364
-87.8708
-106.218
-130.832
-166.74
-222.683
-298.832
-340.901
-244.791
-6.85934
230.724
328.309
288.353
215.97
162.434
127.201
102.627
84.2499
69.9076
58.7956
50.3084
43.4954
37.6872
32.5782
28.0406
24.0766
20.789
18.12
15.85
13.8355
12.0176
10.3788
8.94068
7.74286
6.75021
5.8854
5.1053
4.39322
3.74901
3.1165
2.09028
1.51575
1.14656
0.88736
0.69607
-2.07888
-2.37854
-2.3805
-2.71896
-2.72122
-3.12261
-3.12536
-3.60987
-3.61313
-4.17126
-4.17493
-4.79464
-4.79869
-5.4818
-5.48627
-6.24683
-6.25186
-7.12605
-7.13197
-8.18897
-8.19622
-9.47524
-9.48383
-10.9505
-10.9601
-12.5901
-12.6008
-14.4063
-14.4182
-16.4482
-16.4617
-18.8346
-18.8508
-21.7671
-21.7872
-25.313
-25.3366
-29.3768
-29.4034
-33.9324
-33.9623
-39.068
-39.1019
-45.0064
-45.0464
-52.2558
-52.3063
-61.5671
-61.6323
-73.3237
-73.4043
-87.8209
-87.9208
-106.153
-106.283
-130.742
-130.921
-166.603
-166.877
-222.471
-222.894
-298.595
-299.068
-340.949
-340.852
-245.354
-244.227
-7.68989
-6.02884
230.163
231.283
328.268
328.348
288.577
288.13
216.171
215.769
162.567
162.302
127.291
127.112
102.692
102.562
84.2999
84.2001
69.9467
69.8685
58.8255
58.7657
50.3316
50.2852
43.5146
43.4761
37.7039
37.6704
32.593
32.5633
28.0538
28.0274
24.0879
24.0654
20.7981
20.7799
18.1276
18.1125
15.8566
15.8434
13.8414
13.8296
12.0229
12.0123
10.3836
10.374
8.94477
8.93661
7.74621
7.73952
6.75305
6.74737
5.88792
5.88287
5.1076
5.103
4.39533
4.39112
3.75088
3.74714
3.12091
3.11211
2.09257
2.08801
1.51717
1.51434
1.14751
1.14561
0.888005
0.886715
0.696605
-2.08709
-2.36946
-2.38962
-2.70848
-2.73175
-3.10993
-3.13813
-3.59482
-3.62824
-4.15433
-4.19192
-4.77597
-4.81742
-5.46117
-5.50697
-6.22364
-6.27517
-7.09877
-7.15943
-8.1555
-8.22992
-9.43562
-9.52363
-10.906
-11.0048
-12.5409
-12.6502
-14.3517
-14.4731
-16.3859
-16.5245
-18.7596
-18.9264
-21.6745
-21.8805
-25.2041
-25.4461
-29.254
-29.5267
-33.7948
-34.1006
-38.9114
-39.2593
-44.8218
-45.2322
-52.023
-52.5411
-61.2674
-61.9345
-72.9525
-73.7781
-87.3608
-88.3849
-105.557
-106.884
-129.916
-131.758
-165.348
-168.151
-220.522
-224.862
-296.375
-301.231
-341.314
-340.469
-250.474
-238.924
-15.3753
1.63226
224.909
236.389
327.825
328.644
290.638
286.048
218.042
213.921
163.803
161.084
128.122
126.288
103.293
101.967
84.764
83.7405
70.3101
69.5083
59.1034
58.4905
50.5467
50.0717
43.6932
43.2982
37.8593
37.5155
32.731
32.4261
28.176
27.9058
24.1923
23.9617
20.8826
20.6959
18.1974
18.043
15.9175
15.7827
13.8961
13.775
12.0724
11.9629
10.4279
10.3299
8.98263
8.89897
7.77725
7.70871
6.77937
6.72116
5.91136
5.85951
5.12893
5.08174
4.4148
4.37171
3.7682
3.72991
3.16208
3.07188
2.11388
2.06713
1.53033
1.50141
1.15633
1.13689
0.894153
0.880763
0.701572
-2.11599
-2.15904
-2.20272
-2.24712
-2.29216
-2.33793
-2.42175
-2.46983
-2.51884
-2.56888
-2.61997
-2.67225
-2.76901
-2.82509
-2.88278
-2.94219
-3.00328
-3.06617
-3.18336
-3.25152
-3.32157
-3.39349
-3.46717
-3.54265
-3.6816
-3.76149
-3.84283
-3.92576
-4.00995
-4.0955
-4.25175
-4.34098
-4.43149
-4.52342
-4.61658
-4.71105
-4.88338
-4.98167
-5.08133
-5.18263
-5.28536
-5.38951
-5.57985
-5.68872
-5.79939
-5.91203
-6.02652
-6.14321
-6.35745
-6.48082
-6.60689
-6.73612
-6.86846
-7.0045
-7.25675
-7.40398
-7.55556
-7.71207
-7.87308
-8.03959
-8.34943
-8.5299
-8.71496
-8.90509
-9.09952
-9.29827
-9.66402
-9.87406
-10.0879
-10.3056
-10.5268
-10.7515
-11.1619
-11.3963
-11.6343
-11.8761
-12.1211
-12.3698
-12.8239
-13.0832
-13.3465
-13.6142
-13.8856
-14.1617
-14.6668
-14.9561
-15.2507
-15.5513
-15.8574
-16.1699
-16.7459
-17.0786
-17.4198
-17.7705
-18.1305
-18.5013
-19.1938
-19.5989
-20.0164
-20.4487
-20.8949
-21.3543
-22.2105
-22.7082
-23.2191
-23.7435
-24.2788
-24.8261
-25.8325
-26.4105
-26.9991
-27.5983
-28.2077
-28.8276
-29.9609
-30.6102
-31.2702
-31.9412
-32.6236
-33.3178
-34.5877
-35.3166
-36.0581
-36.8136
-37.5836
-38.3694
-39.814
-40.6465
-41.4992
-42.3715
-43.2658
-44.1844
-45.8907
-46.8862
-47.9159
-48.9794
-50.0797
-51.2237
-53.3763
-54.6442
-55.9633
-57.3378
-58.7591
-60.2366
-63.0059
-64.6303
-66.3095
-68.0416
-69.8284
-71.6698
-75.1019
-77.1062
-79.1732
-81.3059
-83.5049
-85.776
-90.0321
-92.5294
-95.1199
-97.8123
-100.603
-103.511
-109.024
-112.299
-115.735
-119.33
-123.112
-127.095
-134.772
-139.413
-144.336
-149.576
-155.15
-161.094
-172.742
-179.899
-187.584
-195.756
-204.522
-213.896
-231.883
-242.725
-253.865
-265.403
-276.948
-288.616
-308.478
-318.485
-327.209
-334.345
-339.137
-341.481
-338.12
-331.612
-321.095
-306.914
-289.08
-267.262
-219.333
-188.227
-154.298
-118.404
-80.7171
-42.1994
28.233
66.9568
104.756
140.649
174.469
205.801
253.155
275.121
293.194
307.568
318.07
325.023
328.785
326.797
322.175
315.516
307.203
297.665
278.662
267.658
256.573
245.618
234.916
224.673
207.625
198.752
190.413
182.504
175.146
168.263
156.946
151.159
145.691
140.535
135.678
131.09
123.479
119.517
115.749
112.153
108.718
105.438
99.9185
97.0016
94.2031
91.5068
88.9095
86.4103
82.1595
79.8958
77.7084
75.5991
73.5644
71.6012
68.2684
66.5001
64.8006
63.1651
61.5935
60.09
57.5455
56.2024
54.9091
53.6665
52.4668
51.309
49.3355
48.2772
47.2483
46.248
45.2742
44.3246
42.6824
41.7911
40.9194
40.0653
39.2284
38.4072
36.9789
36.1996
35.434
34.6823
33.9429
33.2166
31.9499
31.2577
30.5772
29.9083
29.2517
28.6067
27.4841
26.8732
26.2749
25.6899
25.1189
24.562
23.6034
23.0888
22.5886
22.1039
21.6361
21.1823
20.4062
19.9909
19.588
19.1962
18.8154
18.4441
17.8026
17.455
17.1147
16.7807
16.4535
16.1323
15.5719
15.2658
14.9647
14.6679
14.376
14.0887
13.5855
13.3098
13.0383
12.7704
12.5066
12.2467
11.7915
11.5423
11.297
11.0552
10.8176
10.5841
10.1769
9.95528
9.73834
9.52589
9.31864
9.11669
8.76897
8.5816
8.40031
8.22415
8.05317
7.88724
7.60214
7.44891
7.2996
7.15375
7.01148
6.87228
6.63035
6.4987
6.36934
6.24203
6.11694
5.99386
5.77834
5.66028
5.54389
5.42898
5.31573
5.204
5.00782
4.90013
4.79387
4.68888
4.58541
4.48331
4.3043
4.20622
4.10959
4.0145
3.92113
3.82942
3.67027
3.58408
3.50025
3.41881
3.33984
3.26388
2.93758
2.75659
2.59362
2.44677
2.31303
2.19104
1.99687
1.90028
1.81054
1.72708
1.64947
1.57751
1.45779
1.39839
1.34099
1.28628
1.23498
1.1871
1.10704
1.06495
1.025
0.986884
0.950723
0.916403
0.860171
0.830474
0.801532
0.773315
0.745884
0.719207
