-1.73282
-1.8666
-2.00691
-2.15421
-2.30949
-2.47421
-2.65062
-2.84183
-3.05125
-3.28166
-3.53337
-3.805
-4.09467
-4.40118
-4.72418
-5.06417
-5.42238
-5.80132
-6.20397
-6.63593
-7.10459
-7.61933
-8.18836
-8.8144
-9.49499
-10.2254
-11.001
-11.821
-12.6862
-13.5994
-14.5663
-15.5951
-16.699
-17.8972
-19.2145
-20.6758
-22.2948
-24.0695
-25.9885
-28.0403
-30.2232
-32.5398
-35.0009
-37.6275
-40.445
-43.497
-46.8465
-50.5787
-54.7886
-59.5614
-64.9406
-70.9569
-77.6439
-85.0843
-93.4245
-102.877
-113.748
-126.48
-141.702
-160.221
-182.978
-210.803
-243.081
-276.54
-302.81
-309.454
-284.085
-220.183
-123.461
-6.89661
109.853
206.782
270.578
296.792
291.278
266.291
234.838
204.25
177.722
155.763
137.722
122.725
110.077
99.2357
89.7964
81.4941
74.1509
67.6526
61.9487
56.9604
52.5835
48.6958
45.1884
41.9745
38.9995
36.2231
33.6205
31.1742
28.8768
26.7289
24.7384
22.9189
21.2748
19.7943
18.4513
17.2181
16.0712
14.9956
13.9806
13.0192
12.1077
11.2444
10.43
9.66803
8.9642
8.32224
7.73964
7.20887
6.71988
6.26356
5.83402
5.42674
5.03927
4.67002
4.31851
3.98542
3.67369
3.38826
2.89763
2.35984
1.96579
1.66458
1.42808
1.23492
1.07764
0.944403
0.833656
0.73559
0.647151
0.569315
-1.73361
-1.86577
-1.86743
-2.00605
-2.00778
-2.15329
-2.15512
-2.30853
-2.31046
-2.47318
-2.47524
-2.64952
-2.65173
-2.84063
-2.84304
-3.04993
-3.05258
-3.2802
-3.28312
-3.53179
-3.53495
-3.8033
-3.8067
-4.09287
-4.09647
-4.39928
-4.40308
-4.72218
-4.72618
-5.06207
-5.06628
-5.42016
-5.42461
-5.79896
-5.80368
-6.20145
-6.20648
-6.63322
-6.63864
-7.10163
-7.10755
-7.61605
-7.62261
-8.18476
-8.19197
-8.81045
-8.81836
-9.49073
-9.49927
-10.2208
-10.2299
-10.9962
-11.0058
-11.816
-11.8261
-12.6809
-12.6916
-13.5937
-13.6051
-14.5602
-14.5723
-15.5887
-15.6016
-16.6921
-16.7059
-17.8896
-17.9048
-19.2061
-19.2229
-20.6665
-20.6851
-22.2845
-22.305
-24.0583
-24.0807
-25.9765
-26.0005
-28.0275
-28.0531
-30.2096
-30.2368
-32.5253
-32.5542
-34.9856
-35.0163
-37.6111
-37.6439
-40.4273
-40.4627
-43.4777
-43.5162
-46.8252
-46.8678
-50.5548
-50.6025
-54.7616
-54.8157
-59.5307
-59.5921
-64.9062
-64.975
-70.9186
-70.9953
-77.6014
-77.6864
-85.0369
-85.1318
-93.3711
-93.4779
-102.816
-102.938
-113.677
-113.818
-126.396
-126.563
-141.601
-141.803
-160.097
-160.344
-182.826
-183.13
-210.619
-210.988
-242.879
-243.284
-276.346
-276.732
-302.695
-302.924
-309.499
-309.409
-284.35
-283.818
-220.698
-219.667
-124.124
-122.796
-7.61886
-6.1741
109.189
110.515
206.296
207.267
270.305
270.849
296.745
296.836
291.392
291.163
266.469
266.112
235.032
234.644
204.425
204.074
177.868
177.577
155.883
155.643
137.821
137.624
122.807
122.642
110.147
110.006
99.2966
99.1749
89.8498
89.7431
81.5412
81.447
74.1927
74.1091
67.6894
67.6158
61.9809
61.9166
56.9885
56.9323
52.6084
52.5587
48.7181
48.6736
45.2087
45.1682
41.9931
41.9559
39.0168
38.9822
36.2394
36.2069
33.6357
33.6052
31.1886
31.1599
28.8903
28.8634
26.7414
26.7164
24.7499
24.7269
22.9293
22.9084
21.2842
21.2654
19.8028
19.7858
18.459
18.4435
17.2253
17.2109
16.0779
16.0645
15.0019
14.9893
13.9866
13.9746
13.0249
13.0136
12.1131
12.1024
11.2495
11.2393
10.4347
10.4252
9.67247
9.6636
8.96827
8.96013
8.32594
8.31855
7.74299
7.73629
7.21194
7.2058
6.72273
6.71703
6.26623
6.26089
5.83654
5.83149
5.42914
5.42434
5.04155
5.03698
4.6722
4.66784
4.32058
4.31644
3.98737
3.98347
3.6755
3.67188
3.3899
3.38662
2.90147
2.89378
2.36259
2.3571
1.96786
1.96372
1.6662
1.66297
1.42936
1.42679
1.23597
1.23388
1.07852
1.07677
0.945143
0.943664
0.834277
0.833035
0.736152
0.735027
0.647658
0.646646
0.569755
-1.73914
-1.85999
-1.87322
-1.99998
-2.01386
-2.1469
-2.16153
-2.30178
-2.31722
-2.466
-2.48244
-2.64178
-2.6595
-2.83219
-2.85151
-3.04067
-3.06188
-3.27003
-3.29334
-3.52073
-3.54604
-3.79143
-3.81861
-4.08028
-4.10909
-4.38598
-4.41641
-4.70819
-4.74021
-5.04735
-5.08104
-5.40462
-5.44019
-5.78245
-5.8202
-6.18388
-6.22413
-6.6143
-6.65765
-7.08094
-7.12834
-7.59321
-7.64562
-8.15956
-8.21731
-8.78286
-8.84608
-9.46089
-9.52921
-10.189
-10.2618
-10.9625
-11.0397
-11.7804
-11.8618
-12.6433
-12.7292
-13.554
-13.6448
-14.5182
-14.6144
-15.5438
-15.6467
-16.6436
-16.7546
-17.8368
-17.9579
-19.1477
-19.2817
-20.6015
-20.7504
-22.2129
-22.3769
-23.9802
-24.1589
-25.8926
-26.0846
-27.938
-28.1428
-30.1147
-30.332
-32.4246
-32.6554
-34.8783
-35.1239
-37.4963
-37.7591
-40.3038
-40.5867
-43.3434
-43.6512
-46.6766
-47.0173
-50.3883
-50.7702
-54.573
-55.0057
-59.3168
-59.8073
-64.6661
-65.2166
-70.6512
-71.2644
-77.3045
-77.9851
-84.7056
-85.465
-92.9986
-93.8532
-102.39
-103.366
-113.184
-114.316
-125.813
-127.153
-140.9
-142.512
-159.238
-161.213
-181.77
-184.201
-209.339
-212.271
-241.459
-244.7
-274.981
-278.072
-301.868
-303.705
-309.776
-309.004
-286.155
-281.855
-224.257
-216.013
-128.744
-118.121
-12.6637
-1.10925
104.516
115.127
202.851
210.618
268.377
272.7
296.377
297.107
292.158
290.357
267.714
264.857
236.39
233.291
205.66
202.864
178.89
176.563
156.728
154.806
138.518
136.935
123.389
122.066
110.643
109.514
99.724
98.7509
90.2243
89.3711
81.8719
81.1185
74.4862
73.8176
67.948
67.3594
62.2069
61.6924
57.1862
56.7361
52.7826
52.3855
48.8741
48.5184
45.3506
45.0267
42.1237
41.8258
39.1385
38.8612
36.3533
36.0934
33.7426
33.4987
31.2891
31.0598
28.9845
28.7695
26.8292
26.6289
24.8307
24.6465
23.0028
22.8354
21.3504
21.1996
19.8625
19.7265
18.5135
18.3893
17.2757
17.1606
16.1249
16.0177
15.0462
14.9452
14.0285
13.9329
13.0646
12.974
12.1507
12.0648
11.285
11.2039
10.4682
10.3919
9.70357
9.63264
8.99683
8.93178
8.35188
8.29275
7.76651
7.71288
7.23348
7.18435
6.74271
6.69712
6.28496
6.24222
5.85425
5.81383
5.44595
5.40758
5.05755
5.02102
4.68747
4.65262
4.33509
4.30197
4.00106
3.96983
3.68819
3.65924
3.40142
3.37517
2.92866
2.86711
2.38204
2.33805
1.98247
1.94933
1.67756
1.65177
1.43841
1.41782
1.24331
1.22663
1.08468
1.0707
0.950342
0.938516
0.838633
0.8287
0.740101
0.731102
0.651214
0.643117
0.572839
-1.75314
-1.77137
-1.78972
-1.80815
-1.82675
-1.84546
-1.88789
-1.907
-1.92625
-1.94559
-1.96508
-1.98472
-2.02924
-2.04927
-2.06948
-2.08976
-2.11023
-2.13086
-2.17774
-2.19885
-2.22011
-2.24148
-2.26308
-2.28484
-2.33435
-2.35672
-2.37924
-2.40193
-2.42486
-2.44799
-2.50071
-2.52454
-2.54862
-2.57294
-2.59753
-2.62239
-2.6792
-2.70497
-2.73103
-2.75733
-2.78404
-2.81109
-2.87302
-2.90118
-2.92971
-2.95852
-2.98782
-3.01749
-3.08549
-3.11653
-3.14788
-3.17968
-3.21191
-3.24455
-3.31929
-3.35325
-3.38759
-3.42226
-3.45744
-3.49301
-3.57418
-3.61098
-3.64816
-3.68553
-3.72341
-3.76166
-3.8488
-3.88815
-3.92785
-3.96772
-4.00804
-4.04867
-4.14108
-4.18278
-4.22481
-4.26705
-4.30968
-4.35261
-4.45017
-4.49417
-4.53844
-4.58292
-4.62782
-4.67304
-4.77573
-4.82201
-4.86863
-4.91546
-4.96273
-5.01035
-5.11842
-5.16712
-5.21619
-5.26557
-5.31545
-5.36561
-5.47968
-5.5312
-5.58312
-5.63528
-5.68793
-5.74107
-5.86204
-5.91662
-5.9717
-6.02713
-6.08321
-6.13981
-6.26887
-6.32727
-6.3862
-6.44559
-6.50581
-6.56673
-6.70589
-6.76904
-6.83299
-6.89748
-6.9629
-7.02915
-7.18131
-7.25055
-7.32056
-7.39133
-7.4632
-7.53613
-7.70398
-7.78039
-7.85778
-7.93614
-8.01572
-8.09646
-8.28167
-8.36595
-8.45133
-8.53759
-8.62509
-8.71369
-8.91641
-9.00836
-9.10133
-9.19517
-9.29015
-9.38606
-9.6051
-9.70416
-9.80404
-9.90473
-10.0065
-10.1092
-10.3426
-10.4481
-10.5542
-10.6611
-10.7691
-10.8779
-11.1253
-11.2367
-11.3491
-11.4621
-11.5762
-11.6911
-11.9522
-12.0698
-12.1883
-12.3076
-12.4279
-12.5491
-12.8245
-12.9486
-13.0736
-13.1993
-13.3263
-13.4544
-13.7455
-13.8767
-14.0091
-14.1423
-14.277
-14.4127
-14.7213
-14.8608
-15.0015
-15.1432
-15.2865
-15.4312
-15.761
-15.9103
-16.061
-16.213
-16.3668
-16.5223
-16.8781
-17.0395
-17.2027
-17.3675
-17.5348
-17.7042
-18.0928
-18.2694
-18.4488
-18.6301
-18.8147
-19.0017
-19.4312
-19.6271
-19.8258
-20.027
-20.2316
-20.4392
-20.9162
-21.1336
-21.3545
-21.5774
-21.8039
-22.0336
-22.5597
-22.7991
-23.0415
-23.286
-23.5336
-23.7845
-24.3573
-24.617
-24.8795
-25.1439
-25.4118
-25.6821
-26.2977
-26.576
-26.8568
-27.1394
-27.4251
-27.7133
-28.3703
-28.6665
-28.965
-29.266
-29.5697
-29.876
-30.5734
-30.8877
-31.2047
-31.5242
-31.8463
-32.1712
-32.9118
-33.2457
-33.5824
-33.9218
-34.264
-34.6093
-35.397
-35.7531
-36.1116
-36.4734
-36.8388
-37.208
-38.051
-38.4313
-38.816
-39.2052
-39.5977
-39.9943
-40.9015
-41.3126
-41.7285
-42.1491
-42.5753
-43.0064
-43.9941
-44.4434
-44.8993
-45.3615
-45.8292
-46.3035
-47.3974
-47.8954
-48.4011
-48.9153
-49.4393
-49.9716
-51.1969
-51.7565
-52.3263
-52.9066
-53.4992
-54.1008
-55.4902
-56.1254
-56.7728
-57.4312
-58.1009
-58.7818
-60.3552
-61.0735
-61.804
-62.5464
-63.3003
-64.0662
-65.8313
-66.6368
-67.454
-68.2843
-69.127
-69.9819
-71.949
-72.8452
-73.7539
-74.6756
-75.6107
-76.5607
-78.7456
-79.7413
-80.7514
-81.7771
-82.8197
-83.8766
-86.313
-87.4254
-88.5571
-89.7077
-90.8785
-92.068
-94.81
-96.0648
-97.3481
-98.6499
-99.9759
-101.327
-104.459
-105.895
-107.365
-108.867
-110.397
-111.956
-115.587
-117.265
-118.983
-120.73
-122.521
-124.36
-128.66
-130.648
-132.696
-134.788
-136.944
-139.156
-144.326
-146.732
-149.21
-151.765
-154.397
-157.098
-163.446
-166.41
-169.45
-172.602
-175.832
-179.146
-186.949
-190.604
-194.353
-198.17
-202.12
-206.152
-215.547
-219.83
-224.198
-228.726
-233.281
-237.844
-248.294
-252.964
-257.662
-262.309
-266.897
-271.472
-281.363
-285.474
-289.435
-293.113
-296.476
-299.622
-305.517
-307.263
-308.77
-309.81
-310.287
-310.226
-307.761
-305.499
-302.639
-299.228
-295.167
-290.371
-276.698
-269.405
-261.351
-252.491
-242.914
-232.605
-206.982
-194.701
-181.899
-168.444
-154.634
-140.214
-106.205
-90.6563
-74.6907
-58.3283
-41.8399
-25.3913
11.7295
28.3053
44.6424
60.8197
76.6861
92.5068
126.577
141.093
155.136
168.695
181.589
193.83
219.027
229.361
238.943
247.812
255.905
263.221
277.056
282.031
286.321
289.882
292.844
295.11
297.717
297.872
297.463
296.6
295.4
293.828
288.228
285.289
282.082
278.669
274.876
270.847
261.642
257.396
253.048
248.643
244.196
239.796
229.897
225.58
221.301
217.129
212.951
208.805
199.823
195.969
192.204
188.572
184.995
181.513
174.032
170.843
167.741
164.717
161.767
158.895
152.729
150.106
147.548
145.063
142.651
140.3
135.222
133.051
130.94
128.873
126.855
124.885
120.629
118.812
117.034
115.287
113.577
111.906
108.292
106.738
105.216
103.72
102.251
100.814
97.6916
96.3428
95.0171
93.7141
92.4344
91.1793
88.4411
87.2572
86.0925
84.9483
83.822
82.7149
80.2972
79.2483
78.218
77.2058
76.2106
75.2318
73.089
72.1619
71.2486
70.352
69.4713
68.6067
66.7187
65.9016
65.0998
64.3142
63.5429
62.7838
61.1308
60.4168
59.7159
59.0282
58.3532
57.6904
56.2441
55.6185
55.0053
54.4029
53.81
53.2263
51.9509
51.3984
50.8539
50.3183
49.7911
49.271
48.1299
47.6333
47.1433
46.6605
46.1834
45.7115
44.6717
44.2188
43.7709
43.3278
42.889
42.4554
41.4989
41.0801
40.6657
40.2555
39.8495
39.4471
38.5567
38.1665
37.7803
37.3976
37.0183
36.6421
35.8085
35.4432
35.0812
34.7224
34.3666
34.0137
33.2311
32.888
32.5478
32.2104
31.8757
31.544
30.8082
30.4855
30.1657
29.8488
29.5347
29.2233
28.5339
28.2317
27.9324
27.6359
27.3424
27.052
26.4095
26.1286
25.8505
25.5762
25.3044
25.0358
24.445
24.1869
23.9323
23.6814
23.4331
23.1891
22.6526
22.4191
22.1888
21.9623
21.7387
21.5184
21.0351
20.825
20.6177
20.4136
20.2123
20.014
19.5777
19.3878
19.2003
19.0155
18.8323
18.6515
18.2535
18.0796
17.9078
17.738
17.5697
17.4031
17.035
16.8737
16.7141
16.5561
16.3993
16.244
15.9002
15.7493
15.5996
15.4515
15.3042
15.1582
14.8345
14.6924
14.5512
14.4115
14.2724
14.1344
13.8281
13.6933
13.5596
13.4271
13.2955
13.1648
12.8747
12.747
12.6203
12.4948
12.3699
12.2459
11.9707
11.8497
11.7296
11.6107
11.4924
11.3751
11.1149
11.0006
10.8871
10.7749
10.6634
10.5529
10.3083
10.201
10.0948
9.9897
9.88556
9.78246
9.55503
9.45562
9.35745
9.26039
9.16426
9.0694
8.8608
8.76982
8.67996
8.59151
8.50401
8.41772
8.22822
8.14564
8.06416
7.98402
7.90472
7.82629
7.65426
7.5792
7.50503
7.43205
7.35973
7.28817
7.13058
7.06166
6.9935
6.92616
6.85938
6.79332
6.64716
6.58299
6.51946
6.45666
6.3943
6.33241
6.19537
6.13516
6.07539
6.01624
5.95745
5.89907
5.76948
5.71245
5.65586
5.59979
5.54393
5.48849
5.36545
5.31124
5.25739
5.204
5.15081
5.09806
4.98086
4.92919
4.87787
4.82701
4.77637
4.72609
4.61436
4.56514
4.51627
4.46785
4.41964
4.37179
4.26565
4.21892
4.17255
4.12668
4.08104
4.03577
3.93564
3.89174
3.84823
3.80524
3.76259
3.72041
3.62758
3.58713
3.54708
3.50784
3.46897
3.4307
3.34666
3.31051
3.27499
3.19379
3.09405
2.99895
2.80153
2.72047
2.64319
2.56983
2.49951
2.43212
2.29106
2.23248
2.17613
2.12202
2.06992
2.01993
1.9138
1.8699
1.82728
1.78596
1.74578
1.70681
1.62408
1.58941
1.55606
1.5237
1.49127
1.46131
1.39547
1.36723
1.33978
1.31316
1.28727
1.26217
1.20866
1.1861
1.16429
1.14253
1.12123
1.10041
1.05556
1.03634
1.01753
0.999171
0.98119
0.963625
0.92571
0.909507
0.893727
0.878793
0.864153
0.849687
0.817843
0.803941
0.790212
0.77668
0.763312
0.750141
0.721286
0.708752
0.696415
0.6843
0.672207
0.660275
0.634314
0.623118
0.61215
0.601431
0.590915
0.580639
