-2.9018
-3.49873
-4.22693
-5.06733
-6.03166
-7.17935
-8.63472
-10.4481
-12.5659
-15.0055
-17.9048
-21.5907
-26.2838
-31.8746
-38.4229
-46.3595
-56.7776
-70.9761
-89.7502
-115.467
-154.572
-219.641
-299.909
-261.474
-6.89661
247.936
288.496
212.767
150.276
111.786
86.1349
67.671
54.4072
44.7251
37.01
30.5137
25.0224
20.6299
17.2253
14.4154
11.9874
9.88556
8.15462
6.79146
5.66043
4.67329
3.8074
2.81487
1.74664
1.18902
-2.90304
-3.49716
-3.50029
-4.22509
-4.22878
-5.06523
-5.06944
-6.02921
-6.0341
-7.17634
-7.18236
-8.63086
-8.63858
-10.4434
-10.4527
-12.5605
-12.5712
-14.9993
-15.0117
-17.8972
-17.9124
-21.5809
-21.6006
-26.2717
-26.2959
-31.8605
-31.8888
-38.4062
-38.4397
-46.3385
-46.3806
-56.749
-56.8062
-70.9377
-71.0145
-89.6993
-89.801
-115.395
-115.539
-154.455
-154.688
-219.452
-219.83
-299.777
-300.041
-261.842
-261.104
-7.61886
-6.1741
247.565
248.306
288.62
288.372
212.951
212.584
150.389
150.162
111.858
111.714
86.1857
86.0842
67.7079
67.6342
54.4334
54.3811
44.7451
44.705
37.0265
36.9935
30.5277
30.4996
25.0341
25.0107
20.6389
20.6208
17.2325
17.2181
14.4215
14.4093
11.9928
11.9821
9.89009
9.88104
8.15822
8.15103
6.79433
6.78858
5.6629
5.65796
4.67547
4.67111
3.80928
3.80552
2.81855
2.8112
1.74838
1.74491
1.19
-2.91643
-3.48036
-3.51719
-4.20527
-4.24867
-5.04263
-5.09213
-6.003
-6.06045
-7.14404
-7.21484
-8.58956
-8.6802
-10.3937
-10.5025
-12.5033
-12.6286
-14.9329
-15.0784
-17.816
-17.9941
-21.4754
-21.7069
-26.1418
-26.4265
-31.7084
-32.0416
-38.2268
-38.6202
-46.114
-46.6078
-56.4428
-57.1152
-70.5275
-71.4284
-89.1551
-90.3503
-114.62
-116.321
-153.206
-155.955
-217.432
-221.873
-298.308
-301.41
-265.707
-257.017
-15.3384
1.6093
243.469
252.204
289.917
287.013
214.93
210.625
151.622
148.949
112.639
110.945
86.7325
85.5408
68.1057
67.2409
54.7161
54.1009
44.9611
44.4909
37.2048
36.8162
30.6795
30.3486
25.1599
24.8858
20.7363
20.5242
17.3099
17.141
14.4873
14.3438
12.0501
11.9251
9.93901
9.83241
8.19703
8.11251
6.82533
6.75773
5.68949
5.63147
4.69894
4.64773
3.82952
3.7854
2.85862
2.77236
1.76717
1.72644
1.20058
-2.96931
-3.05224
-3.13827
-3.22771
-3.32017
-3.41576
-3.58373
-3.68734
-3.79381
-3.90305
-4.01468
-4.12882
-4.32674
-4.44749
-4.5707
-4.69642
-4.82456
-4.95526
-5.18125
-5.31928
-5.46007
-5.60424
-5.75136
-5.90201
-6.16411
-6.32534
-6.49098
-6.66201
-6.83834
-7.02055
-7.34297
-7.54385
-7.75319
-7.97065
-8.19649
-8.43087
-8.84449
-9.10093
-9.36518
-9.6373
-9.91627
-10.2022
-10.6986
-11.0022
-11.3124
-11.6294
-11.9527
-12.2826
-12.8541
-13.2027
-13.5591
-13.9235
-14.2962
-14.6773
-15.3407
-15.7486
-16.1678
-16.5995
-17.0448
-17.5047
-18.3171
-18.8248
-19.3527
-19.9028
-20.4749
-21.0704
-22.1274
-22.786
-23.4671
-24.1713
-24.8956
-25.6411
-26.9402
-27.7376
-28.5548
-29.391
-30.2469
-31.1223
-32.6421
-33.5738
-34.5271
-35.5046
-36.5066
-37.5359
-39.3323
-40.4406
-41.5837
-42.7651
-43.986
-45.2549
-47.504
-48.9172
-50.3982
-51.9446
-53.5712
-55.2769
-58.3406
-60.2799
-62.3095
-64.4305
-66.6457
-68.9568
-73.0664
-75.6416
-78.3248
-81.1202
-84.0361
-87.0782
-92.5273
-95.968
-99.591
-103.402
-107.425
-111.686
-119.458
-124.475
-129.852
-135.623
-141.828
-148.506
-161.037
-169.301
-178.282
-187.964
-198.44
-209.688
-230.112
-242.929
-255.927
-268.816
-281.195
-292.211
-305.934
-309.795
-309.779
-304.693
-294.743
-279.146
-239.561
-208.496
-173.051
-133.593
-90.8289
-45.5063
31.962
76.8598
119.953
159.786
195.351
226.014
265.682
281.571
292.072
297.11
297.452
294.192
281.246
270.685
259.207
247.008
234.693
222.595
203.194
192.462
182.481
173.196
164.575
156.557
144.377
137.846
131.762
126.066
120.743
115.762
108.023
103.78
99.7599
95.9581
92.3374
88.9002
83.4764
80.4551
77.5697
74.8191
72.1922
69.6852
65.7392
63.5513
61.4717
59.4958
57.621
55.8383
53.0307
51.4643
49.9652
48.5276
47.1452
45.8128
43.6686
42.4476
41.2646
40.1142
38.9952
37.9054
36.1325
35.1141
34.1203
33.1494
32.2018
31.2759
29.7671
28.9004
28.0556
27.233
26.4332
25.6571
24.4058
23.6968
23.0143
22.3573
21.7266
21.1211
20.1548
19.6104
19.0861
18.579
18.0891
17.6144
16.8449
16.4045
15.975
15.5556
15.1461
14.7458
14.0908
13.7124
13.342
12.9791
12.6237
12.2754
11.7048
11.3756
11.0535
10.7384
10.4312
10.1316
9.64545
9.36856
9.10021
8.84102
8.59113
8.35039
7.96504
7.74718
7.53723
7.3343
7.13787
6.9475
6.63885
6.46187
6.28925
6.12047
5.95553
5.79395
5.5291
5.37594
5.22561
5.07795
4.93313
4.79097
4.55741
4.42227
4.28981
4.15995
4.03301
3.90918
3.70805
3.59373
3.48353
3.37746
3.27669
3.02326
2.62924
2.43385
2.26062
2.10595
1.96734
1.8429
1.6572
1.5605
1.47165
1.38991
1.31362
1.24342
