-2.24134
-2.45783
-2.69479
-2.9596
-3.2599
-3.59806
-3.97097
-4.37461
-4.80779
-5.27177
-5.77071
-6.31188
-6.90845
-7.58021
-8.34742
-9.21525
-10.1754
-11.2172
-12.3383
-13.5427
-14.8424
-16.2589
-17.8292
-19.6098
-21.6549
-23.9802
-26.5638
-29.3832
-32.439
-35.7531
-39.3738
-43.3817
-47.9174
-53.1868
-59.4083
-66.7079
-75.1586
-84.8947
-96.2311
-109.724
-126.229
-147.161
-174.547
-210.436
-253.99
-295.34
-309.499
-267.362
-158.964
-6.89661
145.45
253.86
296.836
284.187
245.173
203.9
169.611
143.068
122.477
106.067
92.601
81.306
71.7196
63.61
56.82
51.111
46.2041
41.8629
37.9462
34.3666
31.074
28.0479
25.2925
22.8354
20.6886
18.8164
17.1535
15.6444
14.2542
12.9627
11.7603
10.6439
9.6194
8.69893
7.88749
7.17212
6.53012
5.94208
5.39562
4.88425
4.40494
3.95818
3.5503
3.06022
2.31923
1.82884
1.47934
1.21843
1.0174
0.857801
-2.24228
-2.45681
-2.45885
-2.69366
-2.69592
-2.95833
-2.96087
-3.25846
-3.26135
-3.59644
-3.59967
-3.96922
-3.97273
-4.37272
-4.37651
-4.80576
-4.80982
-5.26959
-5.27395
-5.76836
-5.77305
-6.30932
-6.31444
-6.90559
-6.9113
-7.57697
-7.58346
-8.34371
-8.35112
-9.2111
-9.21939
-10.1709
-10.1799
-11.2123
-11.222
-12.333
-12.3435
-13.537
-13.5484
-14.8363
-14.8485
-16.2522
-16.2656
-17.8217
-17.8368
-19.6012
-19.6184
-21.645
-21.6648
-23.9691
-23.9914
-26.5516
-26.576
-29.3699
-29.3965
-32.4246
-32.4534
-35.7374
-35.7687
-39.3566
-39.3909
-43.3626
-43.4009
-47.8954
-47.9394
-53.1608
-53.2127
-59.3778
-59.4389
-66.6724
-66.7435
-75.1176
-75.1996
-84.8474
-84.9421
-96.1755
-96.2873
-109.657
-109.791
-126.145
-126.312
-147.054
-147.269
-174.406
-174.689
-210.252
-210.619
-253.785
-254.196
-295.196
-295.484
-309.542
-309.454
-267.706
-267.016
-159.579
-158.348
-7.61886
-6.1741
144.83
146.069
253.514
254.204
296.792
296.88
284.327
284.047
245.368
244.978
204.074
203.727
169.748
169.475
143.173
142.964
122.559
122.395
106.134
106
92.6566
92.5454
81.353
81.2591
71.7597
71.6796
63.6436
63.5765
56.8481
56.792
51.1348
51.0873
46.2249
46.1834
41.8815
41.8444
37.9631
37.9293
34.3821
34.351
31.0883
31.0598
28.061
28.0348
25.3044
25.2807
22.8458
22.825
20.6977
20.6796
18.8243
18.8084
17.1606
17.1463
15.6509
15.6378
14.2603
14.2482
12.9684
12.9571
11.7655
11.755
10.6488
10.6391
9.62381
9.61499
8.70285
8.69501
7.89093
7.88405
7.17518
7.16907
6.53289
6.52735
5.94465
5.93952
5.39801
5.39323
4.88649
4.88201
4.40704
4.40285
3.96012
3.95624
3.55204
3.54856
3.06442
3.05604
2.32191
2.31657
1.83068
1.827
1.48065
1.47804
1.21945
1.21741
1.01822
1.01659
0.858435
-2.24959
-2.44891
-2.46677
-2.68493
-2.70469
-2.9485
-2.97078
-3.24728
-3.27257
-3.58397
-3.6122
-3.95561
-3.98638
-4.35807
-4.3912
-4.79007
-4.82557
-5.25275
-5.29084
-5.75019
-5.7913
-6.28951
-6.33433
-6.88356
-6.93346
-7.55191
-7.60868
-8.3151
-8.37989
-9.17905
-9.25158
-10.1358
-10.2151
-11.1744
-11.26
-12.2923
-12.3844
-13.4932
-13.5923
-14.7889
-14.896
-16.2002
-16.3178
-17.7634
-17.8953
-19.5345
-19.6855
-21.5686
-21.7417
-23.883
-24.0779
-26.457
-26.6709
-29.2671
-29.4996
-32.3133
-32.5651
-35.6162
-35.8901
-39.2237
-39.5243
-43.2143
-43.5499
-47.7255
-48.1104
-52.9603
-53.4144
-59.1418
-59.6765
-66.3974
-67.02
-74.8012
-75.5179
-84.4817
-85.3101
-95.7472
-96.7239
-109.139
-110.313
-125.502
-126.963
-146.224
-148.106
-173.313
-175.796
-208.839
-212.042
-252.195
-255.79
-294.051
-296.581
-309.837
-309.021
-270.323
-264.289
-164.256
-153.545
-13.1971
-0.56583
139.998
150.839
250.776
256.826
296.391
297.167
285.387
282.952
246.878
243.461
205.439
202.387
170.808
168.424
143.988
142.159
123.202
121.759
106.654
105.486
93.0892
92.1162
81.7182
80.8966
72.0711
71.3712
63.9045
63.3172
57.0661
56.5755
51.3203
50.9033
46.3865
46.0228
42.0257
41.7006
38.0943
37.7985
34.5026
34.231
31.1993
30.9492
28.1627
27.9335
25.396
25.1893
22.9267
22.7445
20.7681
20.6096
18.8861
18.747
17.2163
17.0912
15.7016
15.5872
14.3073
14.2013
13.0122
12.9135
11.8063
11.7144
10.6865
10.6016
9.65806
9.5809
8.73329
8.66474
7.91768
7.85744
7.19889
7.14546
6.55442
6.50591
5.9645
5.91972
5.41655
5.37475
4.90388
4.86468
4.42332
4.38662
3.97518
3.94124
3.56559
3.53511
3.09725
3.02388
2.34279
2.29605
1.84504
1.81283
1.49092
1.46794
1.2274
1.20957
1.02456
1.01031
0.863357
-2.27119
-2.30145
-2.33196
-2.3629
-2.39414
-2.42582
-2.49024
-2.52313
-2.55642
-2.5903
-2.62458
-2.65944
-2.73069
-2.76717
-2.80437
-2.84219
-2.88063
-2.91981
-3.00017
-3.04146
-3.08354
-3.12649
-3.17023
-3.21467
-3.30588
-3.35266
-3.40022
-3.44862
-3.49778
-3.54754
-3.6493
-3.70115
-3.75385
-3.80721
-3.86125
-3.91583
-4.02676
-4.08316
-4.14026
-4.198
-4.25636
-4.31521
-4.43466
-4.49533
-4.55665
-4.61855
-4.68109
-4.74413
-4.87211
-4.93704
-5.00272
-5.06902
-5.13586
-5.20348
-5.34077
-5.41039
-5.48091
-5.5523
-5.62427
-5.69708
-5.84518
-5.92046
-5.9968
-6.0741
-6.15226
-6.23158
-6.3932
-6.47567
-6.55964
-6.64488
-6.7312
-6.81923
-6.99918
-7.09157
-7.18598
-7.282
-7.37949
-7.4789
-7.68375
-7.78915
-7.89666
-8.00625
-8.11784
-8.23167
-8.46526
-8.58516
-8.70725
-8.83141
-8.95738
-9.08538
-9.34689
-9.48049
-9.61611
-9.75341
-9.89232
-10.0332
-10.3192
-10.4647
-10.612
-10.761
-10.9114
-11.0636
-11.3723
-11.5294
-11.6878
-11.848
-12.0097
-12.1732
-12.5049
-12.6734
-12.8438
-13.0158
-13.1894
-13.3651
-13.722
-13.9033
-14.0869
-14.2728
-14.4605
-14.6504
-15.0368
-15.2337
-15.4335
-15.6357
-15.8405
-16.0484
-16.4725
-16.6893
-16.9101
-17.1342
-17.3617
-17.5933
-18.069
-18.3132
-18.5627
-18.8171
-19.0759
-19.3404
-19.8847
-20.165
-20.4516
-20.7438
-21.0413
-21.3457
-21.97
-22.2907
-22.6176
-22.9505
-23.2887
-23.6316
-24.3336
-24.6925
-25.0572
-25.4271
-25.8012
-26.1804
-26.9519
-27.3448
-27.7434
-28.1466
-28.5543
-28.9666
-29.8048
-30.2317
-30.6632
-31.0997
-31.5412
-31.9877
-32.8954
-33.3578
-33.8256
-34.2985
-34.7772
-35.2622
-36.2491
-36.7524
-37.2629
-37.7804
-38.3039
-38.835
-39.9194
-40.4738
-41.0368
-41.6088
-42.1901
-42.7816
-43.9917
-44.6148
-45.2507
-45.8971
-46.5577
-47.231
-48.6186
-49.338
-50.0745
-50.8252
-51.5932
-52.3799
-54.0134
-54.8597
-55.7264
-56.6145
-57.5245
-58.456
-60.3826
-61.3796
-62.4007
-63.4433
-64.5084
-65.5971
-67.8418
-69.0017
-70.1848
-71.3913
-72.6233
-73.8793
-76.4646
-77.7983
-79.1601
-80.5491
-81.9681
-83.4174
-86.4036
-87.9495
-89.5323
-91.1526
-92.8065
-94.4995
-98.0125
-99.8369
-101.709
-103.63
-105.601
-107.634
-111.867
-114.076
-116.355
-118.714
-121.134
-123.64
-128.908
-131.684
-134.56
-137.549
-140.639
-143.839
-150.622
-154.237
-157.986
-161.876
-165.938
-170.155
-179.103
-183.836
-188.782
-193.934
-199.231
-204.751
-216.27
-222.232
-228.435
-234.732
-241.129
-247.539
-260.464
-266.822
-273.15
-279.258
-285.002
-290.45
-299.716
-303.555
-306.618
-308.683
-310.039
-310.312
-307.322
-303.883
-299.307
-293.549
-286.311
-277.513
-255.731
-242.647
-228.219
-212.134
-195.592
-177.749
-139.117
-118.373
-97.0282
-75.0744
-52.3986
-29.6205
16.0048
38.7837
61.1986
83.1345
104.767
125.474
164.51
182.469
199.184
214.578
229.088
242.182
264.04
272.862
280.309
286.398
291.312
294.675
297.845
297.642
296.524
294.796
292.011
288.315
279.616
274.418
268.833
263.174
257.325
251.292
239.093
232.977
226.951
221.029
215.277
209.502
198.484
193.219
188.174
183.261
178.542
173.99
165.391
161.307
157.372
153.591
149.95
146.437
139.822
136.679
133.643
130.715
127.876
125.131
119.918
117.439
115.019
112.672
110.403
108.203
103.99
101.958
99.9872
98.0723
96.2038
94.3795
90.8694
89.1793
87.5296
85.9174
84.3438
82.8052
79.8428
78.4063
77.0063
75.6392
74.3026
72.9951
70.4738
69.2567
68.0701
66.9128
65.782
64.6807
62.5637
61.5447
60.5498
59.5805
58.6363
57.7156
55.9442
55.0908
54.2581
53.4435
52.6487
51.8704
50.3678
49.6395
48.9253
48.2257
47.5388
46.865
45.5535
44.9133
44.2837
43.6646
43.0541
42.453
41.2806
40.7056
40.1387
39.5796
39.0277
38.4826
37.4164
36.8924
36.3743
35.8628
35.3577
34.8588
33.8799
33.3981
32.9223
32.4522
31.9872
31.5277
30.6259
30.1826
29.7447
29.3121
28.8852
28.4636
27.6375
27.2325
26.8328
26.4389
26.0503
25.6685
24.9229
24.5589
24.2015
23.8501
23.5044
23.1669
22.5102
22.1913
21.8783
21.5715
21.271
20.9768
20.4056
20.1283
19.8565
19.589
19.3269
19.0695
18.5677
18.3226
18.0819
17.8447
17.6107
17.3807
16.9296
16.7085
16.4904
16.2748
16.0618
15.8518
15.4392
15.236
15.0354
14.8367
14.6404
14.4463
14.0642
13.8755
13.6892
13.5045
13.3219
13.1415
12.7857
12.6104
12.437
12.2651
12.0949
11.9267
11.5956
11.4325
11.2713
11.1116
10.954
10.7979
10.4919
10.3414
10.1931
10.0464
9.90189
9.7596
9.48137
9.3455
9.21155
9.07993
8.95039
8.82365
8.57649
8.4561
8.33815
8.22222
8.10841
7.99695
7.77983
7.67413
7.5704
7.46828
7.36791
7.26918
7.07653
6.98224
6.88939
6.79779
6.70735
6.61814
6.44324
6.35726
6.27238
6.18835
6.10528
6.02322
5.86172
5.78202
5.70325
5.62519
5.54783
5.47135
5.32058
5.24611
5.17242
5.09932
5.02695
4.95526
4.8139
4.7441
4.67503
4.60647
4.53857
4.47145
4.33914
4.27397
4.20934
4.14547
4.08223
4.01981
3.89739
3.83735
3.77803
3.71959
3.66213
3.60574
3.49604
3.44278
3.39039
3.33925
3.2896
3.19692
2.93238
2.81267
2.70084
2.5963
2.49831
2.4061
2.23739
2.15989
2.08633
2.01683
1.95055
1.88808
1.77193
1.71726
1.66507
1.61539
1.56823
1.52327
1.43835
1.39798
1.3591
1.32166
1.28577
1.25132
1.18703
1.15679
1.12705
1.09821
1.0704
1.04348
0.992118
0.967586
0.943886
0.920951
0.89886
0.877955
