-1.84968
-2.11097
-2.39728
-2.71896
-3.09664
-3.54843
-4.06771
-4.64272
-5.27289
-5.96678
-6.74682
-7.66211
-8.76868
-10.0635
-11.512
-13.1065
-14.866
-16.8421
-19.1512
-21.9641
-25.3189
-29.1315
-33.3777
-38.1214
-43.5282
-49.9564
-58.0293
-68.2048
-80.6466
-95.9041
-115.373
-141.832
-180.639
-239.438
-311.599
-338.57
-233.768
-6.85934
219.83
325.516
300.702
231.803
175.86
138.065
111.792
92.2929
77.0553
64.9554
55.5375
48.1623
42.0463
36.7335
32.0098
27.7846
24.071
20.9584
18.405
16.2254
14.2866
12.53
10.933
9.50215
8.2739
7.25307
6.37985
5.59961
4.88723
4.23335
3.64218
2.95204
2.04551
1.51434
1.16372
0.912491
0.726633
-1.85051
-2.11007
-2.11187
-2.39629
-2.39827
-2.71782
-2.72009
-3.09528
-3.098
-3.54683
-3.55004
-4.06591
-4.06951
-4.64075
-4.6447
-5.27072
-5.27506
-5.96438
-5.96918
-6.74407
-6.74956
-7.65882
-7.6654
-8.76472
-8.77265
-10.059
-10.068
-11.507
-11.517
-13.101
-13.112
-14.8599
-14.8721
-16.8352
-16.8491
-19.1429
-19.1596
-21.9539
-21.9742
-25.3071
-25.3307
-29.1183
-29.1447
-33.3631
-33.3924
-38.1048
-38.138
-43.5091
-43.5474
-49.933
-49.9798
-57.9993
-58.0593
-68.1678
-68.2418
-80.6016
-80.6916
-95.8481
-95.9601
-115.299
-115.446
-141.729
-141.935
-180.483
-180.796
-239.209
-239.668
-311.381
-311.815
-338.664
-338.474
-234.364
-233.171
-7.68989
-6.02884
219.244
220.415
325.411
325.62
300.912
300.491
232.019
231.586
176.01
175.709
138.167
137.964
111.865
111.719
92.3491
92.2368
77.0999
77.0108
64.9905
64.9203
55.5646
55.5104
48.1842
48.1404
42.0649
42.0277
36.7499
36.7171
32.0245
31.9952
27.7977
27.7716
24.0822
24.0598
20.9677
20.9492
18.4126
18.3973
16.2321
16.2186
14.2926
14.2805
12.5355
12.5245
10.938
10.9281
9.50654
9.49776
8.27759
8.27022
7.25614
7.25
6.38254
6.37716
5.60206
5.59717
4.88947
4.88499
4.2354
4.2313
3.64399
3.64036
2.95608
2.94801
2.04771
2.04331
1.51575
1.51293
1.16465
1.16279
0.913188
0.911795
0.72719
-1.85792
-2.10202
-2.11994
-2.3874
-2.40721
-2.70763
-2.73033
-3.08311
-3.11027
-3.53239
-3.56451
-4.04973
-4.08574
-4.62299
-4.66252
-5.25124
-5.29459
-5.94282
-5.99084
-6.71942
-6.77435
-7.62922
-7.69514
-8.72914
-8.80844
-10.0184
-10.1088
-11.4621
-11.562
-13.0517
-13.1616
-14.8052
-14.9271
-16.7728
-16.9117
-19.0683
-19.2349
-21.8628
-22.066
-25.2011
-25.4372
-28.9996
-29.2639
-33.231
-33.5249
-37.9564
-38.2876
-43.3372
-43.7205
-49.7229
-50.1916
-57.7316
-58.3289
-67.8358
-68.5761
-80.198
-81.0979
-95.3464
-96.4666
-114.642
-116.11
-140.807
-142.868
-179.086
-182.217
-237.153
-241.741
-309.441
-313.74
-339.42
-337.551
-239.649
-227.72
-15.1676
1.42784
213.961
225.626
324.433
326.504
302.775
298.588
233.982
229.653
177.377
174.364
139.089
137.052
112.529
111.063
92.8562
91.7339
77.5023
76.6117
65.3076
64.6055
55.81
55.2675
48.3815
47.9445
42.2329
41.8605
36.8979
36.5698
32.1567
31.8634
27.9156
27.6541
24.1838
23.9589
21.0509
20.8666
18.4819
18.3285
16.2926
16.1583
14.3471
14.2262
12.5851
12.475
10.983
10.8833
9.54616
9.45835
8.31076
8.23724
7.28384
7.22245
6.40684
6.35294
5.62408
5.57523
4.90967
4.86486
4.25389
4.21287
3.66039
3.62406
2.99283
2.91222
2.06769
2.02373
1.52854
1.50038
1.17312
1.15417
0.919495
0.905568
0.732213
-1.88325
-1.92063
-1.95845
-1.99678
-2.03553
-2.0748
-2.14755
-2.1883
-2.22963
-2.27162
-2.31416
-2.35738
-2.4378
-2.48311
-2.52924
-2.57631
-2.62431
-2.67336
-2.76553
-2.81794
-2.87177
-2.9271
-2.98387
-3.0422
-3.15248
-3.21552
-3.28019
-3.34655
-3.41442
-3.48386
-3.61411
-3.68766
-3.76259
-3.83888
-3.91639
-3.9951
-4.14127
-4.22329
-4.30647
-4.39088
-4.47632
-4.56296
-4.72344
-4.81336
-4.90452
-4.99695
-5.09051
-5.18541
-5.36139
-5.46005
-5.56017
-5.66192
-5.76515
-5.87001
-6.06511
-6.17506
-6.28692
-6.40116
-6.51758
-6.63643
-6.8596
-6.98676
-7.11689
-7.25068
-7.38834
-7.52978
-7.7977
-7.95094
-8.10909
-8.27169
-8.43837
-8.60949
-8.93135
-9.11398
-9.30038
-9.4907
-9.68435
-9.88142
-10.2482
-10.4544
-10.6638
-10.8765
-11.092
-11.3106
-11.716
-11.9433
-12.1738
-12.4077
-12.6448
-12.885
-13.3309
-13.5812
-13.8349
-14.0929
-14.3546
-14.6205
-15.1153
-15.394
-15.6777
-15.9671
-16.2619
-16.5629
-17.1271
-17.4477
-17.7764
-18.1141
-18.4607
-18.8175
-19.4945
-19.8824
-20.2819
-20.6952
-21.1197
-21.5565
-22.3812
-22.8516
-23.3335
-23.8269
-24.33
-24.8435
-25.8025
-26.3432
-26.8933
-27.453
-28.0212
-28.5988
-29.6716
-30.2752
-30.8881
-31.5105
-32.1428
-32.7853
-33.9785
-34.6508
-35.3345
-36.0294
-36.7363
-37.456
-38.7991
-39.5584
-40.3329
-41.1241
-41.9329
-42.7593
-44.3149
-45.2019
-46.1142
-47.053
-48.0226
-49.0209
-50.9236
-52.023
-53.1638
-54.3435
-55.5648
-56.8362
-59.2591
-60.6592
-62.104
-63.596
-65.1358
-66.7223
-69.7271
-71.4481
-73.2198
-75.0399
-76.9143
-78.8436
-82.4972
-84.5915
-86.7522
-88.9832
-91.2878
-93.6677
-98.2155
-100.842
-103.573
-106.418
-109.371
-112.452
-118.408
-121.903
-125.566
-129.414
-133.466
-137.74
-146.13
-151.139
-156.445
-162.092
-168.082
-174.466
-187.196
-194.811
-202.943
-211.625
-220.733
-230.306
-248.862
-259.477
-270.34
-281.162
-292.091
-302.646
-319.921
-327.931
-334.509
-339.006
-341.376
-341.023
-333.561
-324.75
-312.529
-297.269
-278.586
-256.542
-208.577
-178.597
-146.141
-112.146
-76.7273
-40.5523
26.5849
62.9304
98.4904
132.503
164.778
194.986
242.477
264.544
283.459
298.956
311.203
320.169
328.407
328.695
326.689
322.328
316.206
308.547
292.009
281.9
271.689
261.274
250.961
240.797
223.183
214.12
205.469
197.259
189.506
182.133
169.935
163.736
157.911
152.427
147.23
142.298
134.027
129.808
125.789
121.961
118.313
114.829
108.871
105.787
102.827
99.981
97.241
94.6075
90.0513
87.6656
85.3624
83.1331
80.9783
78.891
75.274
73.376
71.5406
69.7676
68.0546
66.4032
63.5543
62.0651
60.6352
59.2597
57.9321
56.6566
54.4561
53.3056
52.1921
51.1147
50.0717
49.0585
47.2873
46.3482
45.4328
44.5383
43.6642
42.8086
41.298
40.4904
39.6974
38.9195
38.1547
37.4043
36.0728
35.3571
34.6537
33.9608
33.2796
32.6092
31.4188
30.7782
30.1477
29.5281
28.9186
28.3197
27.2582
26.6898
26.1328
25.587
25.0539
24.5331
23.6198
23.1368
22.6664
22.2091
21.7672
21.3377
20.5892
20.194
19.8104
19.4373
19.074
18.7198
18.0967
17.7647
17.4395
17.1204
16.8074
16.5001
15.9548
15.6618
15.3735
15.0893
14.8095
14.5337
14.0427
13.778
13.5169
13.2591
13.0052
12.7548
12.3079
12.0671
11.8295
11.595
11.3643
11.1369
10.7321
10.5146
10.3006
10.0903
9.8842
9.68222
9.32573
9.13617
8.9513
8.77096
8.59518
8.42472
8.1266
7.96899
7.81559
7.66619
7.52072
7.37903
7.12962
6.99674
6.8665
6.73857
6.61322
6.49008
6.2712
6.15348
6.03756
5.92316
5.81048
5.69937
5.50107
5.394
5.28827
5.18377
5.08059
4.97875
4.79676
4.69839
4.60128
4.50526
4.41058
4.31717
4.15056
4.06084
3.97258
3.88559
3.80026
3.71669
3.56922
3.49099
3.41494
3.3409
3.26959
3.12355
2.7955
2.63864
2.49661
2.36664
2.2475
2.13812
1.95963
1.87115
1.789
1.71198
1.6401
1.57306
1.45906
1.40329
1.34928
1.29747
1.24864
1.2028
1.12538
1.08495
1.04658
1.00982
0.974804
0.941432
0.885039
0.85661
0.828844
0.801711
0.775272
0.749496
