-2.95446
-3.15065
-3.36589
-3.59878
-3.84687
-4.10815
-4.38158
-4.66698
-4.96465
-5.27531
-5.60012
-5.94074
-6.29994
-6.68221
-7.09463
-7.54636
-8.04576
-8.59603
-9.19294
-9.83016
-10.5024
-11.2072
-11.9441
-12.714
-13.519
-14.3626
-15.2494
-16.1873
-17.1889
-18.2745
-19.469
-20.7959
-22.2636
-23.8609
-25.5714
-27.3825
-29.2889
-31.292
-33.3973
-35.6141
-37.9564
-40.4434
-43.1055
-45.9894
-49.1667
-52.7261
-56.7574
-61.3092
-66.3826
-71.9761
-78.1136
-84.8626
-92.3379
-100.7
-110.179
-121.094
-133.895
-149.221
-167.995
-191.507
-221.063
-257.5
-299.505
-341.292
-371.33
-373.891
-336.852
-257.236
-141.922
-6.97635
127.776
243.046
322.761
360.074
358.436
329.745
289.539
249.602
215.001
186.751
164.004
145.589
130.388
117.604
106.656
97.1295
88.718
81.2191
74.5004
68.4886
63.1569
58.4781
54.379
50.7471
47.473
44.4679
41.6761
39.0579
36.589
34.2515
32.0336
29.9265
27.928
26.043
24.2847
22.6704
21.2117
19.8994
18.7067
17.6065
16.5765
15.6028
14.6766
13.7928
12.9473
12.1381
11.3639
10.625
9.92411
9.2671
8.66048
8.10877
7.60856
7.15045
6.72473
6.32386
5.94253
5.57808
5.22854
4.89259
4.56959
4.25934
3.96261
3.68138
3.41915
3.10691
2.54841
2.14507
1.83705
1.59419
-2.95573
-3.14925
-3.15205
-3.36437
-3.36742
-3.59715
-3.60042
-3.84514
-3.84861
-4.10633
-4.10997
-4.37968
-4.38348
-4.66499
-4.66896
-4.96259
-4.96672
-5.27315
-5.27747
-5.59786
-5.60238
-5.93836
-5.94312
-6.29743
-6.30246
-6.67952
-6.68491
-7.0917
-7.09756
-7.54313
-7.54958
-8.04219
-8.04933
-8.59212
-8.59994
-9.18873
-9.19714
-9.8257
-9.83462
-10.4977
-10.5071
-11.2023
-11.2121
-11.9389
-11.9492
-12.7086
-12.7193
-13.5134
-13.5246
-14.3567
-14.3685
-15.2432
-15.2556
-16.1808
-16.1939
-17.1818
-17.196
-18.2668
-18.2823
-19.4604
-19.4775
-20.7864
-20.8054
-22.2532
-22.2741
-23.8496
-23.8721
-25.5594
-25.5834
-27.3698
-27.3951
-29.2756
-29.3021
-31.278
-31.306
-33.3827
-33.412
-35.5986
-35.6296
-37.94
-37.9728
-40.426
-40.4609
-43.0867
-43.1244
-45.9689
-46.01
-49.1438
-49.1895
-52.7004
-52.7518
-56.7282
-56.7866
-61.2764
-61.3419
-66.3463
-66.4188
-71.9363
-72.016
-78.0699
-78.1573
-84.8144
-84.9109
-92.2843
-92.3916
-100.639
-100.76
-110.11
-110.249
-121.014
-121.174
-133.8
-133.989
-149.106
-149.336
-167.853
-168.137
-191.328
-191.687
-220.838
-221.288
-257.228
-257.772
-299.21
-299.8
-341.03
-341.554
-371.2
-371.459
-373.998
-373.782
-337.252
-336.45
-257.909
-256.563
-142.797
-141.045
-7.91368
-6.03908
126.907
128.644
242.363
243.727
322.364
323.157
359.961
360.186
358.552
358.317
330.004
329.487
289.824
289.255
249.862
249.342
215.216
214.787
186.923
186.58
164.144
163.866
145.702
145.476
130.482
130.293
117.684
117.524
106.726
106.587
97.1904
97.0687
88.7719
88.6642
81.2674
81.1709
74.5436
74.4572
68.5272
68.4501
63.1909
63.1229
58.5078
58.4483
54.4052
54.3529
50.7705
50.7238
47.4943
47.4517
44.4876
44.4482
41.6945
41.6577
39.0752
39.0406
36.6053
36.5727
34.267
34.236
32.0484
32.0189
29.9405
29.9126
27.9412
27.9148
26.0555
26.0306
24.2962
24.2732
22.6809
22.6599
21.2211
21.2024
19.9079
19.8909
18.7145
18.6989
17.6137
17.5992
16.5833
16.5697
15.6092
15.5963
14.6828
14.6705
13.7987
13.7869
12.9529
12.9417
12.1435
12.1327
11.369
11.3587
10.6299
10.6201
9.92874
9.91948
9.2714
9.2628
8.66442
8.65655
8.11233
8.1052
7.61182
7.60531
7.15344
7.14745
6.72754
6.72193
6.32651
6.3212
5.94506
5.93999
5.58051
5.57566
5.23087
5.22621
4.89483
4.89035
4.57174
4.56743
4.26141
4.25727
3.96458
3.96065
3.68323
3.67953
3.42086
3.41744
3.11139
3.10244
2.5516
2.54523
2.14744
2.1427
1.83889
1.83521
1.59565
-2.96434
-3.13983
-3.16152
-3.35408
-3.37776
-3.58611
-3.6115
-3.83345
-3.86033
-4.09407
-4.12227
-4.36686
-4.39633
-4.65163
-4.68236
-4.94866
-4.9807
-5.2586
-5.29206
-5.58263
-5.61766
-5.92234
-5.95919
-6.28047
-6.31948
-6.66139
-6.70313
-7.07195
-7.11741
-7.52142
-7.57142
-8.01816
-8.07351
-8.5658
-8.62638
-9.1604
-9.22559
-9.79566
-9.86476
-10.4662
-10.5388
-11.1692
-11.2452
-11.9044
-11.9838
-12.6726
-12.7555
-13.4757
-13.5625
-14.3171
-14.4082
-15.2015
-15.2975
-16.1364
-16.2384
-17.1342
-17.2438
-18.2148
-18.3346
-19.4029
-19.5354
-20.7224
-20.8698
-22.1828
-22.3448
-23.7737
-23.9483
-25.4786
-25.6645
-27.2846
-27.4806
-29.1859
-29.3919
-31.1839
-31.4004
-33.2837
-33.5113
-35.4943
-35.7343
-37.8296
-38.0837
-40.3082
-40.5791
-42.9601
-43.2516
-45.8308
-46.1489
-48.9901
-49.3443
-52.5275
-52.926
-56.532
-56.9843
-61.0562
-61.5636
-66.1022
-66.6642
-71.668
-72.2857
-77.7757
-78.4531
-84.4898
-85.2374
-91.9233
-92.7546
-100.234
-101.169
-109.644
-110.717
-120.476
-121.716
-133.164
-134.632
-148.336
-150.117
-166.9
-169.102
-190.126
-192.907
-219.331
-222.812
-255.405
-259.613
-297.221
-301.774
-339.261
-343.3
-370.289
-372.292
-374.671
-373.001
-339.901
-333.649
-262.407
-251.975
-148.674
-135.098
-14.2488
0.28603
121.012
134.508
237.701
248.274
319.618
325.765
359.147
360.892
359.267
357.509
331.737
327.734
291.717
287.343
251.594
247.607
216.669
213.349
188.091
185.424
165.088
162.934
146.471
144.717
131.124
129.658
118.229
116.986
107.194
106.12
97.6028
96.6593
89.1367
88.3017
81.5943
80.8461
74.8363
74.1662
68.7884
68.1911
63.4212
62.8945
58.7092
58.2485
54.5825
54.1768
50.9286
50.5666
47.6384
47.3085
44.6206
44.3158
41.8187
41.5339
39.1921
38.9242
36.7157
36.4626
34.3717
34.1316
32.1478
31.9198
30.0349
29.8184
28.0306
27.8257
26.1394
25.947
24.374
24.1958
22.7517
22.5896
21.2847
21.1391
19.9653
19.8338
18.767
18.6466
17.6626
17.5505
16.6293
16.5238
15.6528
15.5528
14.7243
14.629
13.8384
13.7473
12.991
12.9038
12.1799
12.0964
11.4038
11.324
10.663
10.587
9.96004
9.88835
9.30052
9.23383
8.6911
8.63004
8.13649
8.08118
7.63381
7.5834
7.17371
7.12726
6.74652
6.70304
6.34446
6.30331
5.96219
5.92291
5.59691
5.5593
5.24663
5.2105
4.90997
4.87524
4.5863
4.55291
4.27537
4.24335
3.97789
3.94738
3.69577
3.66704
3.43244
3.40594
3.14186
3.07253
2.57332
2.52396
2.16352
2.12685
1.85144
1.82288
1.60562
-2.98482
-3.01066
-3.03693
-3.06351
-3.09039
-3.11772
-3.18406
-3.21252
-3.24137
-3.27053
-3.30002
-3.32992
-3.40232
-3.43333
-3.46456
-3.49608
-3.52793
-3.56015
-3.6378
-3.67096
-3.7043
-3.7379
-3.77176
-3.80594
-3.88814
-3.92305
-3.95828
-3.99366
-4.02927
-4.06519
-4.15142
-4.188
-4.22488
-4.2619
-4.29924
-4.33669
-4.42676
-4.46495
-4.50347
-4.5421
-4.58106
-4.62014
-4.71413
-4.75396
-4.79413
-4.83442
-4.87495
-4.91583
-5.01383
-5.05537
-5.09728
-5.13933
-5.18163
-5.22429
-5.32667
-5.3701
-5.41392
-5.45788
-5.50212
-5.54675
-5.6539
-5.69948
-5.74527
-5.79137
-5.83779
-5.88464
-5.9973
-6.04531
-6.09356
-6.14217
-6.19114
-6.24062
-6.35986
-6.41062
-6.46196
-6.51367
-6.56592
-6.61878
-6.74646
-6.80101
-6.8563
-6.91208
-6.96865
-7.02571
-7.16465
-7.2242
-7.28461
-7.34564
-7.4076
-7.4705
-7.62344
-7.68919
-7.75603
-7.82369
-7.89231
-7.96184
-8.1311
-8.20375
-8.27749
-8.35203
-8.42746
-8.50395
-8.68927
-8.76853
-8.84881
-8.92963
-9.01123
-9.09381
-9.2931
-9.37801
-9.46384
-9.55015
-9.63712
-9.72494
-9.93627
-10.026
-10.1167
-10.2077
-10.2993
-10.3918
-10.6139
-10.7081
-10.8032
-10.8986
-10.9946
-11.0914
-11.3237
-11.4223
-11.5217
-11.6215
-11.7218
-11.823
-12.0659
-12.1689
-12.2728
-12.377
-12.4818
-12.5876
-12.8413
-12.9489
-13.0575
-13.1665
-13.2761
-13.3868
-13.6523
-13.7654
-13.8788
-13.993
-14.1079
-14.2239
-14.5024
-14.6207
-14.7402
-14.8602
-14.9811
-15.1032
-15.3969
-15.5218
-15.648
-15.7749
-15.9028
-16.0322
-16.3441
-16.477
-16.6116
-16.747
-16.8841
-17.0224
-17.3576
-17.5012
-17.6467
-17.7935
-17.9421
-18.0929
-18.4591
-18.6163
-18.776
-18.9374
-19.1013
-19.268
-19.6733
-19.848
-20.0257
-20.2052
-20.3874
-20.5726
-21.0232
-21.2168
-21.4134
-21.6122
-21.8135
-22.0177
-22.5129
-22.7244
-22.9391
-23.1554
-23.3741
-23.5953
-24.1293
-24.357
-24.5873
-24.819
-25.0526
-25.2886
-25.8568
-26.0984
-26.3424
-26.5876
-26.8346
-27.084
-27.6835
-27.9383
-28.1948
-28.4531
-28.7131
-28.9749
-29.6051
-29.873
-30.1425
-30.4139
-30.6872
-30.9622
-31.6245
-31.9058
-32.189
-32.4742
-32.7615
-33.0507
-33.747
-34.0428
-34.341
-34.6413
-34.9437
-35.2487
-35.983
-36.2957
-36.6104
-36.9276
-37.2474
-37.5696
-38.3469
-38.678
-39.0119
-39.3488
-39.6886
-40.0313
-40.86
-41.2135
-41.5705
-41.931
-42.2948
-42.6624
-43.5538
-43.9349
-44.3206
-44.7112
-45.1068
-45.5067
-46.4799
-46.8978
-47.3214
-47.752
-48.1877
-48.6301
-49.7133
-50.1796
-50.6528
-51.1346
-51.6247
-52.1225
-53.3424
-53.8697
-54.4067
-54.9537
-55.5088
-56.0728
-57.4558
-58.0531
-58.6603
-59.2772
-59.9034
-60.5395
-62.0925
-62.7613
-63.4393
-64.1261
-64.823
-65.5293
-67.2491
-67.988
-68.7361
-69.494
-70.2612
-71.0383
-72.9279
-73.738
-74.5585
-75.3898
-76.232
-77.085
-79.1585
-80.0487
-80.9502
-81.865
-82.7897
-83.728
-86.0154
-86.9992
-87.9964
-89.0082
-90.0356
-91.0771
-93.6212
-94.7176
-95.8306
-96.9617
-98.1122
-99.2822
-102.145
-103.382
-104.641
-105.924
-107.231
-108.562
-111.833
-113.255
-114.701
-116.177
-117.685
-119.221
-123.014
-124.668
-126.356
-128.09
-129.862
-131.676
-136.174
-138.138
-140.153
-142.224
-144.351
-146.543
-151.989
-154.385
-156.849
-159.382
-161.991
-164.686
-171.422
-174.421
-177.512
-180.683
-183.961
-187.342
-195.831
-199.595
-203.47
-207.452
-211.589
-215.838
-226.477
-231.165
-235.97
-240.916
-246
-251.178
-263.997
-269.547
-275.132
-280.85
-286.664
-292.526
-306.417
-312.22
-317.981
-323.78
-329.459
-334.969
-347.313
-352.151
-356.685
-360.852
-364.568
-367.906
-373.979
-375.53
-376.609
-377.098
-376.866
-375.936
-370.834
-367.329
-363.138
-358.192
-352.428
-345.781
-326.772
-317.491
-307.467
-296.689
-285.062
-272.746
-240.75
-226.236
-211.032
-195.2
-179.055
-162.349
-120.826
-102.843
-84.6654
-66.2673
-47.8057
-29.2424
15.2144
33.7513
52.29
70.6952
88.911
106.869
148.214
164.933
181.23
196.854
211.993
226.584
258.68
271.055
282.715
293.55
303.536
312.765
331.63
338.232
344.092
349.164
353.453
356.895
362.201
363.186
363.545
363.336
362.387
360.864
355.341
352.06
348.29
344.355
340.143
335.638
323.553
318.258
312.877
307.436
301.868
296.221
282.866
277.33
271.872
266.41
261.037
255.744
243.549
238.68
233.888
229.205
224.603
220.15
210.038
205.97
202.027
198.193
194.471
190.891
182.743
179.468
176.303
173.231
170.242
167.348
160.775
158.145
155.582
153.093
150.676
148.318
142.949
140.789
138.678
136.619
134.617
132.662
128.179
126.371
124.604
122.876
121.188
119.532
115.728
114.188
112.677
111.195
109.742
108.32
105.031
103.695
102.383
101.095
99.829
98.5848
95.7032
94.5266
93.3688
92.2296
91.1092
90.0068
87.4518
86.406
85.3756
84.359
83.3587
82.3736
80.0847
79.1477
78.2251
77.3148
76.4179
75.5343
73.4839
72.6438
71.8168
71.0019
70.2006
69.4119
67.5841
66.8377
66.1028
65.3797
64.6693
63.9714
62.3599
61.7036
61.0593
60.4247
59.8018
59.1904
57.7807
57.2061
56.6411
56.0863
55.5411
55.0056
53.7646
53.2576
52.7586
52.2672
51.783
51.3057
50.1977
49.7428
49.2938
48.8507
48.4135
47.9813
46.9716
46.5553
46.144
45.7374
45.3351
44.9369
44.0044
43.6192
43.2375
42.8594
42.485
42.1139
41.2427
40.8821
40.5244
40.1698
39.8183
39.4697
38.6502
38.3106
37.9737
37.6392
37.3074
36.9781
36.2036
35.8823
35.5634
35.2467
34.9323
34.6202
33.886
33.5814
33.2789
32.9784
32.6801
32.3837
31.6864
31.3969
31.1094
30.8239
30.5404
30.2589
29.5969
29.3221
29.0493
28.7783
28.5097
28.2429
27.6159
27.3563
27.0986
26.843
26.5898
26.339
25.7505
25.5069
25.2663
25.0282
24.792
24.5589
24.0143
23.7896
23.5681
23.3496
23.1333
22.9203
22.4248
22.2212
22.0203
21.8224
21.6281
21.4362
20.9908
20.8078
20.6277
20.4502
20.2747
20.1021
19.6996
19.5338
19.3706
19.2094
19.0497
18.8921
18.5238
18.3716
18.2214
18.0725
17.9247
17.7787
17.4361
17.294
17.1536
17.0144
16.8757
16.7385
16.4159
16.2823
16.1492
16.0175
15.8863
15.7564
15.4505
15.3231
15.197
15.0716
14.9467
14.8229
14.5314
14.41
14.2897
14.1701
14.0509
13.9326
13.654
13.5379
13.4227
13.3083
13.1945
13.0811
12.8145
12.7034
12.5932
12.4836
12.3745
12.2662
12.0109
11.9046
11.7991
11.6943
11.5899
11.4863
11.2423
11.1407
11.04
10.94
10.8404
10.7417
10.5093
10.4127
10.317
10.2221
10.1277
10.0343
9.81511
9.72421
9.63434
9.54537
9.45701
9.3698
9.16577
9.08143
8.99822
8.91605
8.83468
8.7546
8.5679
8.49105
8.41532
8.34059
8.26671
8.19401
8.02489
7.9553
7.88675
7.81906
7.75205
7.68609
7.53204
7.46851
7.40592
7.34394
7.28252
7.22189
7.07985
7.02108
6.96301
6.90541
6.84816
6.79156
6.6586
6.60354
6.54876
6.49454
6.44051
6.38704
6.26116
6.20871
6.15674
6.10516
6.05378
6.00283
5.8827
5.83266
5.78305
5.73373
5.68468
5.6358
5.52076
5.47281
5.42524
5.37793
5.33087
5.28396
5.17348
5.12741
5.08169
5.03622
4.99087
4.94587
4.83964
4.79534
4.75138
4.70766
4.66406
4.62081
4.5187
4.47612
4.43388
4.39188
4.35002
4.30849
4.21056
4.16986
4.12932
4.08915
4.04911
4.00946
3.91616
3.87746
3.83897
3.80089
3.76301
3.72556
3.6377
3.60133
3.56543
3.52993
3.49472
3.45998
3.37896
3.34564
3.31284
3.28051
3.2487
3.21554
3.00359
2.9207
2.84194
2.76655
2.69468
2.62601
2.47507
2.41603
2.35931
2.30472
2.25219
2.20225
2.09008
2.0455
2.00258
1.96122
1.92098
1.88186
1.79419
1.7593
1.72534
1.69246
1.66051
1.62964
