-2.75097
-2.96302
-3.19881
-3.45976
-3.74418
-4.04883
-4.37171
-4.71225
-5.071
-5.44948
-5.85015
-6.27706
-6.73721
-7.24127
-7.80243
-8.42985
-9.12329
-9.87517
-10.6785
-11.5295
-12.4283
-13.3778
-14.3827
-15.4525
-16.6011
-17.852
-19.2391
-20.7978
-22.5422
-24.4642
-26.5423
-28.7632
-31.1251
-33.6356
-36.3113
-39.1784
-42.2775
-45.6737
-49.4687
-53.7937
-58.7667
-64.4486
-70.8552
-78.02
-86.0471
-95.1246
-105.541
-117.718
-132.283
-150.193
-172.729
-201.557
-237.837
-279.558
-319.513
-341.209
-325.046
-259.09
-146.451
-6.85934
132.813
245.05
311.495
328.547
308.177
270.148
230.296
195.945
168.251
146.298
128.642
114.139
101.951
91.5115
82.4302
74.4619
67.484
61.4242
56.2093
51.6911
47.7066
44.1168
40.8275
37.7794
34.9345
32.2671
29.7638
27.4204
25.2465
23.2628
21.4846
19.9032
18.4857
17.1919
15.9919
14.8671
13.806
12.8016
11.8501
10.9505
10.1047
9.31971
8.60392
7.96116
7.38342
6.85755
6.37042
5.91326
5.48082
5.0697
4.67817
4.30554
3.9528
3.62315
3.32323
2.73955
2.21796
1.84057
1.55453
1.32915
-2.75212
-2.96174
-2.96429
-3.19739
-3.20023
-3.4582
-3.46132
-3.74249
-3.74586
-4.04704
-4.05062
-4.36981
-4.3736
-4.71025
-4.71425
-5.0689
-5.07311
-5.44726
-5.45171
-5.84779
-5.85251
-6.27454
-6.27959
-6.73447
-6.73996
-7.23824
-7.2443
-7.79906
-7.80581
-8.42607
-8.43364
-9.11916
-9.12743
-9.87072
-9.87963
-10.6737
-10.6832
-11.5245
-11.5345
-12.423
-12.4336
-13.3722
-13.3833
-14.3768
-14.3886
-15.4461
-15.4588
-16.5943
-16.6079
-17.8445
-17.8595
-19.2307
-19.2475
-20.7884
-20.8073
-22.5317
-22.5527
-24.4527
-24.4756
-26.53
-26.5546
-28.7501
-28.7763
-31.1111
-31.139
-33.6208
-33.6504
-36.2955
-36.3271
-39.1614
-39.1954
-42.259
-42.2959
-45.6533
-45.6942
-49.4457
-49.4917
-53.7673
-53.8201
-58.7363
-58.797
-64.414
-64.4831
-70.8165
-70.8939
-77.9767
-78.0633
-85.9983
-86.0959
-95.0692
-95.18
-105.477
-105.606
-117.643
-117.794
-132.192
-132.375
-150.079
-150.307
-172.585
-172.874
-201.371
-201.743
-237.609
-238.065
-279.315
-279.801
-319.318
-319.709
-341.176
-341.241
-325.281
-324.81
-259.606
-258.572
-147.196
-145.706
-7.68989
-6.02884
132.067
133.558
244.53
245.568
311.262
311.726
328.576
328.517
308.355
307.997
270.381
269.915
230.51
230.081
196.122
195.769
168.391
168.11
146.41
146.186
128.733
128.551
114.214
114.063
102.015
101.887
91.567
91.456
82.4787
82.3816
74.5046
74.4194
67.5212
67.4469
61.4564
61.3923
56.237
56.1817
51.7152
51.6669
47.7282
47.6851
44.1364
44.0973
40.8455
40.8094
37.7962
37.7626
34.9502
34.9188
32.2819
32.2524
29.7776
29.7499
27.4333
27.4075
25.2584
25.2346
23.2736
23.252
21.4941
21.475
19.9117
19.8947
18.4934
18.478
17.199
17.1848
15.9986
15.9853
14.8734
14.8609
13.8119
13.8001
12.8072
12.796
11.8554
11.8448
10.9555
10.9455
10.1094
10.1001
9.32401
9.31542
8.60781
8.60003
7.96464
7.95768
7.38656
7.38028
6.86044
6.85466
6.37312
6.36773
5.9158
5.91072
5.48323
5.47841
5.07199
5.06741
4.68035
4.67599
4.30762
4.30347
3.95475
3.95085
3.62496
3.62134
3.32483
3.32162
2.74312
2.73598
2.22045
2.21547
1.84242
1.83872
1.55599
1.55308
1.33032
-2.76049
-2.95251
-2.97359
-3.18711
-3.21054
-3.44691
-3.47265
-3.73029
-3.75811
-4.03405
-4.06366
-4.35609
-4.38736
-4.6958
-4.72874
-5.05367
-5.0884
-5.43117
-5.46785
-5.8307
-5.86965
-6.25626
-6.29794
-6.71464
-6.75987
-7.21633
-7.26634
-7.77461
-7.83039
-8.39872
-8.46114
-9.08921
-9.15749
-9.8385
-9.91197
-10.6395
-10.7175
-11.4883
-11.5708
-12.3848
-12.472
-13.3318
-13.4239
-14.334
-14.4315
-15.4003
-15.5047
-16.5449
-16.6576
-17.7902
-17.914
-19.17
-19.3086
-20.7201
-20.876
-22.4558
-22.629
-24.3699
-24.5588
-26.4411
-26.6439
-28.6554
-28.8714
-31.0105
-31.24
-33.5139
-33.7577
-36.1812
-36.4419
-39.0383
-39.3189
-42.1256
-42.4301
-45.5056
-45.8427
-49.2792
-49.6592
-53.5767
-54.013
-58.517
-59.0184
-64.1644
-64.7345
-70.5368
-71.1752
-77.6638
-78.378
-85.6472
-86.4502
-94.6693
-95.5829
-105.012
-106.073
-117.097
-118.344
-131.531
-133.045
-149.255
-151.139
-171.539
-173.929
-200.033
-203.099
-235.961
-239.725
-277.554
-281.57
-317.891
-321.098
-340.899
-341.435
-326.897
-323.053
-263.32
-254.78
-152.575
-140.288
-13.7132
-0.00947
126.629
138.931
240.705
249.269
309.511
313.344
328.747
328.26
309.615
306.629
272.081
268.237
232.074
228.531
197.407
194.498
169.414
167.095
147.23
145.375
129.395
127.897
114.765
113.517
102.482
101.423
91.971
91.0552
82.8318
82.0307
74.8147
74.1119
67.7918
67.1786
61.6905
61.1613
56.438
55.9816
51.891
51.4924
47.8848
47.5296
44.2787
43.9556
40.9767
40.6788
37.9182
37.6411
35.0644
34.805
32.389
32.1457
29.8782
29.6498
27.5273
27.314
25.3449
25.1485
23.3517
23.1743
21.5635
21.4058
19.9738
19.8329
18.5495
18.4222
17.2506
17.1334
16.0467
15.9373
14.9187
14.8157
13.8547
13.7574
12.8478
12.7556
11.8938
11.8065
10.9917
10.9094
10.1433
10.0663
9.35522
9.28436
8.63609
8.57192
7.98992
7.93255
7.40938
7.35759
6.88139
6.83379
6.39266
6.34824
5.93422
5.89235
5.50071
5.46098
5.08863
5.05081
4.6962
4.66018
4.32267
4.28845
3.96895
3.9367
3.63809
3.60826
3.33659
3.30997
2.76927
2.71042
2.23864
2.19754
1.85593
1.82538
1.56663
1.54255
1.33881
-2.78212
-2.81064
-2.83959
-2.86902
-2.89881
-2.92898
-2.99757
-3.02932
-3.06142
-3.09406
-3.12722
-3.16086
-3.23718
-3.27243
-3.30813
-3.3443
-3.38099
-3.41811
-3.50194
-3.54056
-3.57967
-3.619
-3.65883
-3.69907
-3.78976
-3.83114
-3.87301
-3.91525
-3.95784
-4.00087
-4.09722
-4.14127
-4.18567
-4.2305
-4.27559
-4.32093
-4.42279
-4.46938
-4.51615
-4.56335
-4.61088
-4.65875
-4.7661
-4.81509
-4.86444
-4.91419
-4.96435
-5.01475
-5.12779
-5.17942
-5.23161
-5.28406
-5.33676
-5.38995
-5.50955
-5.564
-5.61903
-5.67457
-5.73053
-5.7871
-5.91382
-5.97183
-6.0304
-6.08971
-6.14939
-6.20953
-6.34529
-6.40775
-6.47062
-6.53433
-6.59873
-6.66395
-6.81135
-6.87931
-6.9482
-7.01808
-7.08892
-7.16062
-7.32332
-7.39882
-7.47527
-7.55298
-7.63202
-7.71207
-7.89405
-7.97844
-8.06429
-8.15133
-8.23949
-8.32897
-8.53221
-8.62578
-8.72067
-8.81682
-8.91417
-9.01263
-9.23504
-9.33714
-9.44032
-9.54457
-9.64983
-9.75611
-9.99528
-10.1047
-10.215
-10.3263
-10.4386
-10.5518
-10.806
-10.9221
-11.0392
-11.1571
-11.2759
-11.3956
-11.6643
-11.7869
-11.9106
-12.0351
-12.1605
-12.2872
-12.5707
-12.7002
-12.8306
-12.9621
-13.0947
-13.2283
-13.5282
-13.6651
-13.8031
-13.9423
-14.0827
-14.2243
-14.5423
-14.6878
-14.8347
-14.9828
-15.1323
-15.2832
-15.623
-15.7787
-15.9361
-16.0951
-16.2559
-16.4185
-16.7856
-16.9544
-17.1254
-17.2984
-17.4739
-17.6522
-18.0549
-18.241
-18.4301
-18.6219
-18.8171
-19.0155
-19.4667
-19.6757
-19.8877
-20.1029
-20.3224
-20.5458
-21.0535
-21.2878
-21.5263
-21.7681
-22.0139
-22.262
-22.826
-23.0858
-23.3494
-23.616
-23.8855
-24.1581
-24.7734
-25.0557
-25.3407
-25.6288
-25.9198
-26.214
-26.874
-27.1765
-27.4818
-27.7894
-28.0999
-28.413
-29.1167
-29.4383
-29.7627
-30.09
-30.4201
-30.753
-31.5005
-31.8425
-32.1873
-32.5352
-32.8863
-33.2401
-34.0351
-34.3994
-34.7666
-35.1376
-35.5118
-35.8891
-36.7383
-37.1276
-37.5205
-37.9173
-38.3188
-38.7241
-39.6379
-40.0574
-40.4813
-40.9104
-41.3451
-41.7844
-42.7773
-43.2349
-43.6988
-44.169
-44.6457
-45.1291
-46.2274
-46.7352
-47.252
-47.7777
-48.3129
-48.8558
-50.0944
-50.6705
-51.2594
-51.8576
-52.468
-53.0912
-54.5126
-55.1733
-55.8492
-56.5405
-57.2434
-57.9581
-59.5931
-60.3539
-61.1266
-61.9141
-62.7149
-63.5296
-65.386
-66.2455
-67.1187
-68.0062
-68.9078
-69.8236
-71.905
-72.8675
-73.844
-74.8354
-75.8423
-76.8664
-79.1935
-80.2707
-81.3646
-82.476
-83.6045
-84.7525
-87.367
-88.5802
-89.8152
-91.0719
-92.3498
-93.652
-96.6292
-98.0159
-99.4267
-100.865
-102.335
-103.836
-107.285
-108.893
-110.536
-112.22
-113.946
-115.713
-119.777
-121.693
-123.653
-125.668
-127.737
-129.86
-134.799
-137.126
-139.526
-141.999
-144.545
-147.175
-153.315
-156.226
-159.239
-162.358
-165.568
-168.899
-176.7
-180.424
-184.285
-188.283
-192.388
-196.655
-206.664
-211.434
-216.335
-221.339
-226.497
-231.781
-244.033
-249.705
-255.402
-261.275
-267.174
-273.061
-286.147
-292.061
-297.85
-303.487
-308.869
-314.082
-324.528
-328.645
-332.338
-335.499
-338.014
-339.884
-341.634
-340.99
-339.816
-337.7
-334.69
-330.698
-318.104
-310.937
-302.835
-293.805
-283.681
-272.544
-244.58
-230.383
-215.387
-199.75
-183.388
-166.218
-126.213
-107.415
-88.2404
-68.8513
-49.2087
-29.2024
15.3002
35.2476
54.9557
74.4834
93.7128
112.534
152.499
169.558
186.077
201.857
216.527
230.514
258.491
269.665
279.904
289.092
297.31
304.594
317.126
321.426
324.586
326.984
328.381
328.877
327.406
325.659
323.244
320.333
316.889
312.93
303.088
298.035
292.833
287.431
281.872
276.42
263.903
258.253
252.67
247.08
241.595
236.158
224.577
219.589
214.693
209.928
205.287
200.775
191.276
187.17
183.178
179.359
175.653
172.071
164.528
161.297
158.169
155.147
152.213
149.367
143.327
140.74
138.231
135.79
133.418
131.117
126.233
124.116
122.062
120.055
118.104
116.196
112.132
110.365
108.639
106.955
105.306
103.694
100.245
98.7362
97.2635
95.8222
94.4073
93.0189
90.0355
88.7295
87.4496
86.194
84.9594
83.7467
81.1386
79.9952
78.8698
77.7665
76.6836
75.6191
73.329
72.3254
71.3409
70.3742
69.4259
68.4944
66.4956
65.6225
64.767
63.9277
63.1049
62.2986
60.5737
59.8218
59.0846
58.3611
57.6526
56.9597
55.4732
54.8239
54.1878
53.5632
52.9494
52.3466
51.0486
50.4797
49.9195
49.3685
48.8254
48.2909
47.1322
46.6216
46.118
45.6218
45.1306
44.6465
43.5941
43.1282
42.6675
42.2119
41.7611
41.3155
40.3452
39.9141
39.4877
39.0657
38.6477
38.2332
37.3301
36.9288
36.531
36.1369
35.7463
35.3591
34.5139
34.1375
33.7646
33.3951
33.0289
32.6657
31.8725
31.5195
31.1696
30.8227
30.4788
30.1378
29.3937
29.0627
28.7348
28.4101
28.0884
27.7699
27.0752
26.7671
26.4622
26.1609
25.8628
25.5683
24.9292
24.6458
24.3667
24.0918
23.8207
23.5536
22.9761
22.721
22.4702
22.2237
21.9817
21.7439
21.2291
21.0037
20.7808
20.5618
20.3461
20.134
19.6757
19.474
19.275
19.0788
18.8853
18.6943
18.2797
18.0963
17.9151
17.736
17.5589
17.3837
17.0024
16.8325
16.6646
16.4984
16.3338
16.1707
15.8145
15.656
15.4988
15.3431
15.1886
15.0354
14.7
14.5506
14.4024
14.2555
14.1097
13.965
13.648
13.5067
13.3665
13.2273
13.0892
12.9522
12.652
12.5181
12.3853
12.2535
12.1226
11.9928
11.7087
11.5817
11.4562
11.3315
11.2078
11.0851
10.8169
10.6975
10.5792
10.462
10.3458
10.2309
9.97993
9.86867
9.75863
9.6498
9.54219
9.43589
9.20503
9.1031
9.00257
8.90344
8.8057
8.7092
8.50045
8.40875
8.3185
8.22942
8.14165
8.05529
7.8684
7.78601
7.70489
7.6249
7.546
7.46829
7.2996
7.22505
7.15133
7.07853
7.00661
6.93546
6.78051
6.71169
6.64347
6.57605
6.50926
6.44304
6.29836
6.23396
6.17011
6.10679
6.04413
5.98169
5.84528
5.78459
5.72425
5.66422
5.60474
5.54571
5.41643
5.35857
5.30122
5.24426
5.18772
5.13159
5.00828
4.95328
4.89878
4.84456
4.79054
4.73701
4.61977
4.56742
4.5153
4.46366
4.41238
4.36146
4.24998
4.2003
4.15096
4.10206
4.05367
4.00553
3.90047
3.85387
3.80765
3.76182
3.71669
3.67201
3.57499
3.53208
3.48987
3.44836
3.40739
3.36713
3.28035
3.24234
3.13684
3.03201
2.93239
2.83834
2.64671
2.56725
2.49207
2.4204
2.35197
2.28662
2.15236
2.09566
2.04134
1.98942
1.93995
1.89167
1.79167
1.74926
1.70824
1.66863
1.63059
1.59405
1.51597
1.48234
1.45044
1.42006
1.39028
1.36099
