-2.37903
-2.70877
-3.09732
-3.56451
-4.10293
-4.70028
-5.35678
-6.08322
-6.90731
-7.88768
-9.07788
-10.4579
-11.9959
-13.6929
-15.5793
-17.7325
-20.3147
-23.4772
-27.1752
-31.3342
-35.981
-41.2393
-47.3947
-55.0326
-64.7954
-76.9036
-91.7741
-110.647
-136.146
-173.455
-230.873
-305.363
-340.025
-239.359
-6.85934
225.339
327.243
294.676
223.718
168.954
132.448
107.066
88.1526
73.3655
61.7473
52.8209
45.7568
39.8104
34.6055
29.9721
25.8615
22.3416
19.467
17.0787
14.9923
13.1171
11.417
9.88763
8.56131
7.46241
6.53646
5.71768
4.97399
4.29311
3.67779
2.99283
2.04661
1.50176
1.14609
0.89331
-2.38001
-2.70763
-2.7099
-3.09596
-3.09868
-3.5629
-3.56612
-4.10112
-4.10474
-4.69829
-4.70227
-5.35459
-5.35898
-6.08077
-6.08567
-6.90448
-6.91014
-7.88424
-7.89112
-9.07376
-9.082
-10.4533
-10.4626
-11.9908
-12.0011
-13.6872
-13.6986
-15.573
-15.5857
-17.7251
-17.74
-20.3056
-20.3238
-23.4662
-23.4882
-27.1627
-27.1877
-31.3202
-31.3482
-35.9653
-35.9967
-41.2213
-41.2573
-47.3731
-47.4163
-55.0052
-55.06
-64.7606
-64.8302
-76.861
-76.9462
-91.7214
-91.8269
-110.578
-110.716
-136.05
-136.242
-173.309
-173.601
-230.653
-231.092
-305.135
-305.585
-340.083
-339.966
-239.938
-238.778
-7.68989
-6.02884
224.765
225.912
327.168
327.317
294.892
294.458
223.926
223.511
169.095
168.813
132.543
132.353
107.135
106.998
88.2055
88.0998
73.4073
73.3238
61.7798
61.7148
52.8459
52.7958
45.7772
45.7364
39.828
39.7927
34.6211
34.5899
29.986
29.9582
25.8738
25.8493
22.3517
22.3314
19.4752
19.4587
17.0858
17.0717
14.9986
14.9861
13.1227
13.1114
11.4222
11.4119
9.89221
9.88306
8.56516
8.55747
7.46559
7.45923
6.53922
6.53371
5.72016
5.71521
4.97626
4.97173
4.29518
4.29104
3.67962
3.67595
2.99696
2.98871
2.04881
2.04441
1.50315
1.50038
1.14703
1.14514
0.893984
-2.38913
-2.69721
-2.72037
-3.08344
-3.1113
-3.54803
-3.58105
-4.08439
-4.12152
-4.67988
-4.72074
-5.33435
-5.37928
-6.05815
-6.10835
-6.87832
-6.93646
-7.85254
-7.92306
-9.03575
-9.12019
-10.4103
-10.5057
-11.9433
-12.0487
-13.6348
-13.7512
-15.5142
-15.6447
-17.6566
-17.8089
-20.2214
-20.4086
-23.3647
-23.5901
-27.0471
-27.3038
-31.1912
-31.4777
-35.8207
-36.1419
-41.0554
-41.424
-47.1742
-47.6166
-54.7527
-55.3147
-64.4399
-65.1533
-76.4686
-77.3416
-91.2354
-92.3166
-109.947
-111.355
-135.167
-137.138
-171.971
-174.959
-228.634
-233.143
-303.063
-307.636
-340.531
-339.324
-245.213
-233.32
-15.3753
1.63226
219.391
231.144
326.387
327.905
296.865
292.416
225.872
221.606
170.408
167.514
133.43
131.48
107.775
106.365
88.6962
87.6132
73.7954
72.9388
62.0815
61.4162
53.0782
52.5656
45.9664
45.5479
39.9915
39.63
34.7658
34.4458
30.1151
29.8296
25.987
25.7367
22.4461
22.2378
19.5518
19.3827
17.1511
17.0066
15.0568
14.9281
13.1754
13.0589
11.4699
11.3643
9.9346
9.84085
8.601
8.52201
7.49508
7.42991
6.56472
6.50829
5.74311
5.69233
4.99725
4.95079
4.31436
4.27192
3.69664
3.65902
3.03559
2.95103
2.06937
2.02427
1.51611
1.48765
1.15585
1.13642
0.900258
-2.42045
-2.46688
-2.51423
-2.56247
-2.61168
-2.66206
-2.7565
-2.81041
-2.86573
-2.92265
-2.98111
-3.04127
-3.15485
-3.22001
-3.28687
-3.35551
-3.42575
-3.49774
-3.63242
-3.70876
-3.78644
-3.86554
-3.94595
-4.0277
-4.17915
-4.2644
-4.3508
-4.43848
-4.52731
-4.61747
-4.78414
-4.87785
-4.97275
-5.06901
-5.16661
-5.26574
-5.44904
-5.55227
-5.65698
-5.76352
-5.87166
-5.98169
-6.18637
-6.30212
-6.42017
-6.5408
-6.66395
-6.79011
-7.02736
-7.16286
-7.30211
-7.44581
-7.59352
-7.74582
-8.03391
-8.19931
-8.36942
-8.5445
-8.72362
-8.90752
-9.25159
-9.44674
-9.64591
-9.8487
-10.055
-10.2647
-10.6539
-10.8729
-11.0954
-11.3212
-11.55
-11.7824
-12.2123
-12.454
-12.6994
-12.9482
-13.2007
-13.4572
-13.9319
-14.1994
-14.4713
-14.7479
-15.0292
-15.3151
-15.848
-16.1497
-16.458
-16.7732
-17.0952
-17.4256
-18.0469
-18.4026
-18.7693
-19.1475
-19.5374
-19.9393
-20.7017
-21.14
-21.5917
-22.0563
-22.5327
-23.0222
-23.9409
-24.463
-24.9955
-25.5387
-26.092
-26.6556
-27.7024
-28.2932
-28.8938
-29.5038
-30.1239
-30.7541
-31.9229
-32.5821
-33.2524
-33.933
-34.6262
-35.3314
-36.6412
-37.3823
-38.1373
-38.9079
-39.6939
-40.496
-41.9978
-42.8523
-43.7294
-44.6292
-45.5539
-46.5055
-48.3111
-49.3509
-50.4277
-51.5457
-52.7039
-53.9053
-56.2014
-57.5366
-58.9178
-60.3512
-61.8323
-63.3633
-66.2692
-67.9416
-69.6653
-71.4399
-73.2684
-75.1485
-78.7069
-80.7535
-82.8623
-85.0356
-87.2803
-89.6013
-94.0144
-96.5726
-99.2263
-101.978
-104.845
-107.834
-113.581
-116.957
-120.486
-124.201
-128.105
-132.211
-140.276
-145.081
-150.188
-155.608
-161.38
-167.524
-179.75
-187.161
-195.024
-203.436
-212.431
-221.883
-240.309
-251.055
-262.087
-273.285
-284.488
-295.642
-314.431
-323.45
-331.107
-336.98
-340.537
-341.603
-336.042
-328.357
-316.933
-302.242
-284.009
-262.098
-213.861
-183.388
-150.199
-115.309
-78.8229
-41.5477
27.5809
65.0453
101.684
136.56
169.558
200.32
248.025
269.996
288.497
303.432
314.795
322.858
328.853
327.916
324.633
319.245
311.884
303.408
285.354
274.893
264.117
253.436
242.895
232.626
215.209
206.234
197.727
189.711
182.099
175.003
163.194
157.223
151.606
146.293
141.267
136.529
128.57
124.484
120.601
116.903
113.377
109.999
104.243
101.256
98.3791
95.6213
92.9623
90.3998
85.9806
83.6602
81.4206
79.2548
77.1612
75.1391
71.6467
69.8148
68.0467
66.3442
64.7058
63.1272
60.4199
59.0093
57.6502
56.3467
55.09
53.8816
51.7929
50.6956
49.6324
48.6006
47.5966
46.6198
44.9119
44.002
43.1122
42.2415
41.3886
40.5539
39.0802
38.2885
37.512
36.7492
35.9996
35.2626
33.9577
33.255
32.5639
31.8847
31.2163
30.5589
29.3948
28.7685
28.1534
27.5495
26.9573
26.3769
25.3563
24.8116
24.2807
23.7636
23.2617
22.7728
21.9235
21.476
21.0421
20.6211
20.2123
19.8164
19.1259
18.759
18.4015
18.052
17.7103
17.3761
16.7863
16.4695
16.1587
15.8529
15.5521
15.2566
14.7316
14.4484
14.1694
13.8943
13.6231
13.3561
12.8811
12.6243
12.3714
12.1218
11.8758
11.6336
11.2032
10.971
10.7427
10.518
10.2971
10.0805
9.69836
9.49381
9.2942
9.09934
8.90953
8.72483
8.40256
8.23214
8.06662
7.90563
7.74905
7.59693
7.33093
7.18921
7.05085
6.91535
6.78265
6.65241
6.42227
6.29836
6.17654
6.05652
5.93842
5.8219
5.61477
5.50276
5.39233
5.28321
5.17564
5.06924
4.87984
4.77726
4.6761
4.57614
4.47757
4.38021
4.20714
4.11361
4.02171
3.93125
3.84239
3.75518
3.60188
3.52026
3.44104
3.36392
3.28951
3.17356
2.82834
2.66345
2.51474
2.37937
2.25551
2.14214
1.95821
1.86702
1.7827
1.70376
1.63029
1.56156
1.44614
1.38906
1.33388
1.28134
1.23197
1.18585
1.10731
1.06654
1.02784
0.990824
0.955621
0.922178
