-2.68858
-2.88592
-3.1158
-3.38438
-3.67783
-3.9883
-4.31092
-4.64909
-5.00372
-5.37264
-5.76062
-6.16717
-6.59385
-7.05673
-7.58376
-8.21539
-8.93256
-9.70581
-10.5174
-11.3646
-12.2551
-13.1853
-14.1594
-15.1839
-16.2661
-17.4156
-18.6841
-20.1904
-21.9732
-23.9617
-26.0769
-28.2947
-30.6298
-33.1002
-35.6908
-38.4429
-41.3636
-44.4877
-47.9228
-51.9026
-56.7666
-62.5485
-69.0023
-76.0802
-83.8715
-92.5631
-102.423
-113.849
-127.319
-143.727
-164.596
-193.083
-233.595
-291.321
-361.669
-420.699
-426.278
-353.361
-199.047
-6.86599
185.745
336.71
408.679
405.829
346.432
279.676
227.017
189.366
161.65
140.893
124.221
110.527
98.9612
88.9492
80.1031
72.1884
65.1513
59.1265
54.2753
50.1979
46.5716
43.2106
40.0795
37.1417
34.3633
31.7374
29.2458
26.882
24.6433
22.5982
20.8435
19.3807
18.0832
16.8802
15.7321
14.6452
13.6108
12.6194
11.6761
10.7725
9.90689
9.09479
8.36565
7.74808
7.21473
6.72914
6.26829
5.82668
5.40601
5.00109
4.61188
4.23835
3.87836
3.53381
3.20425
2.63782
2.13973
1.78283
1.51266
1.29964
-2.68964
-2.8847
-2.88714
-3.1144
-3.11721
-3.38275
-3.38602
-3.67612
-3.67954
-3.98648
-3.99012
-4.30904
-4.3128
-4.64711
-4.65107
-5.00165
-5.00578
-5.37049
-5.3748
-5.75834
-5.7629
-6.16476
-6.16958
-6.59135
-6.59634
-7.05397
-7.05948
-7.58048
-7.58703
-8.2114
-8.21938
-8.92829
-8.93684
-9.70123
-9.71039
-10.5127
-10.5222
-11.3597
-11.3696
-12.2499
-12.2603
-13.1799
-13.1908
-14.1537
-14.1652
-15.178
-15.1899
-16.2598
-16.2724
-17.4088
-17.4224
-18.6762
-18.692
-20.1809
-20.2
-21.9624
-21.984
-23.9499
-23.9735
-26.0645
-26.0893
-28.2818
-28.3077
-30.6162
-30.6435
-33.0858
-33.1146
-35.6756
-35.7061
-38.4267
-38.4592
-41.3462
-41.381
-44.4693
-44.5062
-47.9019
-47.9437
-51.8778
-51.9277
-56.7361
-56.7972
-62.5137
-62.5833
-68.9637
-69.0409
-76.038
-76.1223
-83.8245
-83.9186
-92.5104
-92.6159
-102.363
-102.483
-113.778
-113.92
-127.233
-127.405
-143.623
-143.831
-164.458
-164.735
-192.894
-193.272
-233.321
-233.869
-290.902
-291.696
-361.262
-362.077
-420.504
-420.891
-426.441
-426.111
-354.009
-352.709
-200.101
-197.991
-8.00499
-5.72693
184.723
186.764
336.055
337.361
408.45
408.905
406.065
405.589
346.811
346.053
280.036
279.317
227.267
226.767
189.553
189.179
161.781
161.52
141.003
140.786
124.307
124.135
110.598
110.457
99.0226
98.8998
89.0027
88.8958
80.1509
80.0554
72.2308
72.146
65.1888
65.1139
59.1577
59.0953
54.3006
54.25
50.2195
50.1763
46.5916
46.5517
43.2292
43.1919
40.0968
40.0621
37.1581
37.1254
34.3788
34.3479
31.7521
31.7227
29.2596
29.232
26.8952
26.8688
24.6557
24.6309
22.6089
22.5874
20.8528
20.8342
19.3884
19.3731
18.0905
18.076
16.8868
16.8735
15.7385
15.7257
14.6513
14.6391
13.6166
13.605
12.625
12.6139
11.6814
11.6709
10.7775
10.7675
9.91173
9.90205
9.09929
9.0903
8.36954
8.36176
7.75134
7.74483
7.21761
7.21186
6.73183
6.72645
6.27087
6.26571
5.82915
5.82421
5.40838
5.40365
5.00337
4.9988
4.61404
4.60972
4.24045
4.23626
3.88039
3.87634
3.53572
3.5319
3.20614
3.20236
2.64125
2.63441
2.14209
2.13736
1.78459
1.78107
1.51403
1.51129
1.30074
-2.6973
-2.8759
-2.89603
-3.10424
-3.12751
-3.37093
-3.39789
-3.66374
-3.69197
-3.97329
-4.00333
-4.29544
-4.32644
-4.63274
-4.66546
-4.98671
-5.0208
-5.35486
-5.39046
-5.74182
-5.77929
-6.14731
-6.18697
-6.57326
-6.61449
-7.03408
-7.07957
-7.55689
-7.61094
-8.18256
-8.24839
-8.89734
-8.96789
-9.66808
-9.74367
-10.4784
-10.5565
-11.3235
-11.4059
-12.2124
-12.2979
-13.1405
-13.2302
-14.1121
-14.2069
-15.135
-15.2338
-16.214
-16.3187
-17.3594
-17.4719
-18.6201
-18.7496
-20.1123
-20.2693
-21.8842
-22.0628
-23.8646
-24.0591
-25.9747
-26.1794
-28.1879
-28.4019
-30.5173
-30.7428
-32.9815
-33.2192
-35.565
-35.817
-38.3089
-38.5774
-41.2213
-41.5076
-44.3357
-44.6401
-47.7503
-48.0933
-51.6974
-52.1114
-56.5156
-57.02
-62.2621
-62.8384
-68.6842
-69.3228
-75.7329
-76.4283
-83.4842
-84.2607
-92.1291
-92.9997
-101.927
-102.923
-113.263
-114.438
-126.614
-128.03
-142.868
-144.589
-163.467
-165.748
-191.494
-194.651
-231.304
-235.881
-288.044
-294.419
-358.49
-365.021
-418.996
-422.56
-427.541
-425.022
-358.604
-347.881
-207.713
-190.305
-16.2609
2.53306
177.286
194.124
331.19
341.964
406.722
410.478
407.69
403.761
349.531
343.249
282.603
276.752
229.142
224.967
190.943
187.838
162.78
160.582
141.783
140.018
124.933
123.518
111.115
109.94
99.4695
98.4563
89.3912
88.5098
80.4982
79.7099
72.5394
71.8393
65.4617
64.8438
59.3855
58.87
54.4853
54.0674
50.3763
50.0204
46.7363
46.4075
43.3644
43.0571
40.2226
39.9365
37.2768
37.0081
34.4909
34.2368
31.8586
31.6166
29.3597
29.1321
26.9907
26.7734
24.7458
24.5412
22.6875
22.5095
20.9206
20.7676
19.4442
19.3176
18.1429
18.0238
16.935
16.8254
15.7851
15.6794
14.6952
14.5952
13.6587
13.5631
12.6651
12.5738
11.7195
11.6326
10.8138
10.7311
9.94685
9.867
9.13198
9.05786
8.39791
8.33375
7.77506
7.72134
7.23849
7.19102
6.75138
6.70697
6.28957
6.24704
5.84707
5.80636
5.42552
5.38652
5.01991
4.98224
4.62977
4.59405
4.25562
4.2209
3.89506
3.8618
3.5496
3.51804
3.22001
3.18868
2.6664
2.60994
2.15943
2.12034
1.79744
1.76842
1.52402
1.5014
1.30875
-2.71729
-2.74373
-2.7702
-2.79746
-2.82528
-2.85358
-2.91851
-2.94921
-2.97977
-3.01159
-3.0442
-3.07796
-3.15439
-3.19029
-3.22749
-3.26504
-3.30278
-3.34103
-3.42831
-3.46798
-3.50827
-3.5489
-3.59028
-3.63179
-3.72435
-3.76671
-3.80965
-3.85287
-3.89612
-3.93966
-4.03722
-4.08106
-4.12559
-4.17045
-4.21539
-4.26046
-4.36168
-4.40825
-4.45484
-4.50182
-4.54883
-4.59608
-4.70249
-4.75137
-4.80022
-4.84907
-4.89884
-4.94857
-5.05945
-5.10977
-5.16052
-5.21173
-5.26319
-5.31491
-5.43083
-5.48348
-5.53689
-5.59081
-5.64494
-5.69962
-5.82148
-5.87664
-5.93194
-5.98884
-6.04567
-6.1026
-6.23144
-6.28976
-6.34827
-6.40789
-6.46729
-6.52691
-6.66255
-6.72562
-6.78876
-6.85225
-6.9172
-6.9835
-7.13178
-7.20178
-7.27316
-7.34696
-7.42138
-7.4973
-7.67293
-7.75605
-7.84344
-7.93045
-8.01879
-8.11021
-8.3221
-8.41911
-8.5165
-8.61602
-8.71681
-8.81809
-9.04836
-9.15454
-9.26107
-9.36746
-9.47484
-9.58371
-9.82866
-9.93974
-10.0514
-10.1644
-10.278
-10.3906
-10.6449
-10.7605
-10.8766
-10.9937
-11.1117
-11.2312
-11.499
-11.62
-11.7421
-11.8654
-11.9894
-12.1155
-12.3947
-12.5232
-12.6516
-12.7802
-12.9102
-13.0402
-13.332
-13.4654
-13.5992
-13.7339
-13.8697
-14.0061
-14.3142
-14.4545
-14.5961
-14.7391
-14.8816
-15.0248
-15.3472
-15.4949
-15.6434
-15.7948
-15.9457
-16.097
-16.4377
-16.5928
-16.7487
-16.9063
-17.0681
-17.2337
-17.5991
-17.769
-17.9428
-18.1157
-18.293
-18.4761
-18.8996
-19.0961
-19.2988
-19.5081
-19.7218
-19.9388
-20.444
-20.6791
-20.9218
-21.1738
-21.4294
-21.6845
-22.2691
-22.5398
-22.8103
-23.0849
-23.3631
-23.6463
-24.2766
-24.5642
-24.8555
-25.1504
-25.4476
-25.7456
-26.4123
-26.7171
-27.0197
-27.3273
-27.637
-27.9479
-28.6444
-28.9626
-29.2855
-29.6101
-29.937
-30.2645
-31
-31.3371
-31.6791
-32.0215
-32.3641
-32.7127
-33.4891
-33.8438
-34.1989
-34.5563
-34.9171
-35.2827
-36.103
-36.477
-36.8549
-37.2372
-37.6216
-38.0088
-38.8826
-39.2787
-39.6775
-40.0783
-40.4897
-40.9026
-41.8344
-42.2593
-42.6865
-43.1175
-43.5571
-43.9967
-44.9862
-45.4501
-45.9221
-46.3963
-46.8754
-47.365
-48.4823
-49.0015
-49.5392
-50.0885
-50.659
-51.2393
-52.5922
-53.2287
-53.8801
-54.5594
-55.2487
-55.9546
-57.6137
-58.3913
-59.1784
-59.9745
-60.7904
-61.621
-63.4989
-64.3719
-65.2577
-66.1537
-67.0566
-67.9696
-70.0516
-71.0092
-71.9775
-72.9547
-73.9476
-74.9547
-77.2242
-78.273
-79.3328
-80.413
-81.5111
-82.6183
-85.1435
-86.3032
-87.4882
-88.6931
-89.9148
-91.1586
-93.9964
-95.3144
-96.6476
-98.0096
-99.4006
-100.817
-104.065
-105.58
-107.134
-108.72
-110.317
-111.968
-115.765
-117.527
-119.339
-121.201
-123.112
-125.071
-129.667
-131.786
-133.972
-136.239
-138.533
-140.947
-146.572
-149.268
-152.058
-154.926
-157.955
-161.054
-168.41
-172.014
-175.708
-179.618
-183.729
-188.019
-198.275
-203.239
-208.573
-214.095
-220.071
-226.346
-241.224
-248.637
-256.313
-264.269
-272.421
-280.95
-301.455
-310.52
-320.089
-330.172
-340.609
-351.116
-372.515
-382.791
-392.289
-400.985
-408.156
-414.357
-425.675
-428.654
-429.986
-432.096
-431.711
-429.683
-421.511
-415.046
-406.761
-395.939
-383.558
-369.567
-335.219
-316.632
-295.912
-273.411
-250.415
-226.925
-170.687
-144.699
-118.321
-91.4141
-64.4587
-37.4923
23.5434
50.6713
78.3221
105.346
131.71
157.791
212.697
235.685
258.317
280.316
301.068
318.422
352.781
364.529
376.311
386.539
395.517
402.404
413.932
416.962
416.695
414.935
413.244
410.654
398.674
392.81
385.338
376.722
367.566
357.141
335.757
325.792
316.266
306.836
297.621
288.93
270.448
262.502
254.895
247.937
241.134
234.233
220.428
214.634
209.213
203.991
199.07
194.438
184.484
180.283
176.303
172.56
168.939
165.401
158.214
155.103
152.167
149.349
146.501
143.786
138.072
135.641
133.268
130.972
128.746
126.565
121.964
119.956
118.008
116.106
114.256
112.457
108.634
106.972
105.33
103.723
102.155
100.629
97.3384
95.8988
94.4842
93.1034
91.7383
90.3975
87.5193
86.2553
85.0157
83.7871
82.5817
81.3994
78.8287
77.6987
76.5888
75.4916
74.41
73.3448
71.0554
70.0457
69.0522
68.0745
67.1175
66.1745
64.1561
63.2684
62.4197
61.5839
60.769
59.9763
58.3059
57.6068
56.9117
56.2319
55.5787
54.9528
53.6064
53.0162
52.4448
51.8853
51.3289
50.7866
49.6213
49.1025
48.5892
48.0848
47.591
47.1047
46.0391
45.5646
45.0978
44.6358
44.1698
43.7126
42.7138
42.2732
41.8358
41.4001
40.9723
40.547
39.615
39.2007
38.7906
38.3828
37.9814
37.5828
36.7084
36.3183
35.9299
35.5453
35.1613
34.7801
33.9525
33.5831
33.2151
32.851
32.4905
32.1334
31.3459
30.9966
30.6507
30.3041
29.9606
29.6187
28.8742
28.5411
28.2134
27.8865
27.561
27.2368
26.5279
26.2097
25.894
25.5846
25.2801
24.9775
24.3147
24.023
23.7308
23.4445
23.1658
22.892
22.3072
22.0537
21.8013
21.5576
21.3206
21.093
20.5996
20.3882
20.1852
19.9852
19.7858
19.5902
19.1746
18.9886
18.8062
18.6267
18.4513
18.2767
17.892
17.7227
17.5556
17.39
17.2245
17.0598
16.7018
16.5384
16.3788
16.2201
16.0618
15.9046
15.561
15.4092
15.2578
15.1073
14.9573
14.8083
14.4827
14.3382
14.1942
14.0505
13.9085
13.767
13.4559
13.3163
13.1775
13.0398
12.9039
12.7686
12.4711
12.3388
12.2077
12.0766
11.9466
11.8177
11.5344
11.4067
11.2796
11.1552
11.031
10.9073
10.6372
10.5156
10.3947
10.2753
10.1561
10.0372
9.77904
9.66513
9.55104
9.43755
9.32588
9.21641
8.97541
8.87061
8.76754
8.66742
8.56822
8.47188
8.26299
8.17339
8.08708
8.00146
7.91879
7.83675
7.66153
7.58516
7.51036
7.43671
7.36414
7.29238
7.13786
7.06982
7.00158
6.93417
6.8676
6.80169
6.65722
6.59254
6.52683
6.46278
6.39946
6.3373
6.19921
6.13756
6.07571
6.01424
5.95317
5.89294
5.76067
5.70162
5.64317
5.58509
5.52696
5.4694
5.34267
5.28601
5.22964
5.17343
5.11787
5.06246
4.93985
4.8857
4.83175
4.77784
4.72405
4.67056
4.55398
4.50165
4.44943
4.39752
4.34598
4.29472
4.18149
4.13085
4.08063
4.03133
3.98209
3.93283
3.82449
3.77609
3.72768
3.67975
3.63236
3.58542
3.48232
3.43623
3.39109
3.34533
3.29987
3.25546
3.15369
3.10819
3.01395
2.9167
2.82265
2.7325
2.54853
2.47239
2.40033
2.33204
2.26701
2.20505
2.07754
2.02399
1.97289
1.92386
1.87671
1.83113
1.73661
1.69695
1.65844
1.62117
1.58497
1.55003
1.47642
1.44485
1.41454
1.38543
1.35728
1.32968
