-2.65375
-2.84038
-3.06719
-3.34089
-3.63981
-3.95144
-4.27542
-4.61157
-4.96153
-5.32672
-5.70662
-6.1019
-6.51389
-6.95235
-7.4567
-8.09026
-8.82427
-9.6067
-10.4204
-11.2671
-12.1478
-13.0688
-14.0289
-15.0305
-16.0736
-17.1681
-18.3681
-19.8314
-21.6553
-23.6789
-25.812
-28.035
-30.3627
-32.7982
-35.365
-38.0655
-40.9145
-43.9268
-47.1858
-50.9839
-55.8822
-61.8266
-68.4196
-75.596
-83.4795
-92.2732
-102.28
-113.879
-127.677
-144.581
-166.329
-196.59
-243.487
-314.817
-412.845
-508.899
-526.527
-443.716
-250.948
-7.03551
236.443
429.475
510.646
492.186
396.086
302.678
237.706
194.213
164.283
142.174
124.864
110.757
98.899
88.6686
79.6533
71.559
64.2923
58.1572
53.4257
49.5546
46.0567
42.798
39.7212
36.8137
34.0642
31.453
28.9637
26.5819
24.3108
22.215
20.477
19.0892
17.8614
16.6979
15.5857
14.5163
13.4916
12.5111
11.5696
10.6647
9.79385
8.96589
8.22439
7.62672
7.12228
6.65533
6.2073
5.77601
5.35982
4.9598
4.57365
4.2007
3.83988
3.49394
3.18553
2.56794
2.08366
1.74403
1.48592
1.28075
-2.65476
-2.83921
-2.84154
-3.06574
-3.06865
-3.33924
-3.34255
-3.63807
-3.64156
-3.94963
-3.95326
-4.27353
-4.27731
-4.60962
-4.61352
-4.95946
-4.96359
-5.32459
-5.32884
-5.7044
-5.70884
-6.0996
-6.1042
-6.51148
-6.51631
-6.94977
-6.95493
-7.45348
-7.45992
-8.08627
-8.09424
-8.81992
-8.82863
-9.60213
-9.61126
-10.4156
-10.4251
-11.2622
-11.272
-12.1426
-12.1529
-13.0633
-13.0742
-14.0233
-14.0345
-15.0245
-15.0363
-16.0675
-16.0797
-17.1616
-17.1746
-18.3607
-18.3755
-19.8219
-19.8409
-21.6442
-21.6665
-23.6669
-23.6909
-25.7996
-25.8244
-28.022
-28.048
-30.349
-30.3764
-32.784
-32.8125
-35.3499
-35.3801
-38.0497
-38.0813
-40.8976
-40.9314
-43.9093
-43.9444
-47.1657
-47.2059
-50.9597
-51.0082
-55.8508
-55.9136
-61.791
-61.8622
-68.3803
-68.4589
-75.5531
-75.6389
-83.432
-83.527
-92.2198
-92.3265
-102.218
-102.341
-113.807
-113.95
-127.59
-127.764
-144.474
-144.689
-166.183
-166.473
-196.38
-196.8
-243.149
-243.826
-314.349
-315.277
-412.215
-413.474
-508.536
-509.258
-526.626
-526.422
-444.496
-442.913
-252.27
-249.655
-8.45036
-5.62039
235.141
237.743
428.679
430.266
510.516
510.772
492.566
491.803
396.696
395.476
303.117
302.239
238.01
237.404
194.414
194.013
164.429
164.137
142.284
142.064
124.953
124.775
110.829
110.684
98.9618
98.8364
88.7232
88.6142
79.702
79.6047
71.603
71.515
64.3311
64.2536
58.1881
58.1264
53.4497
53.4017
49.5754
49.5339
46.076
46.0374
42.816
42.78
39.7383
39.7042
36.8298
36.7976
34.0795
34.0488
31.4676
31.4385
28.9778
28.9496
26.5952
26.5686
24.3234
24.2982
22.2261
22.2039
20.4856
20.4683
19.0965
19.0818
17.8682
17.8545
16.7044
16.6914
15.5919
15.5794
14.5223
14.5103
13.4972
13.4859
12.5166
12.5056
11.5748
11.5643
10.6697
10.6596
9.79872
9.78899
8.9705
8.96127
8.22823
8.22056
7.62978
7.62366
7.12503
7.11953
6.65798
6.65267
6.20981
6.20478
5.77843
5.77359
5.36215
5.35749
4.96202
4.95758
4.57582
4.57148
4.20276
4.19863
3.84191
3.83785
3.49585
3.49203
3.18697
3.1841
2.5714
2.5645
2.08592
2.0814
1.74571
1.74236
1.48723
1.4846
1.28181
-2.662
-2.83087
-2.84997
-3.05526
-3.07917
-3.32728
-3.35457
-3.62542
-3.65407
-3.93656
-3.96642
-4.25984
-4.29101
-4.59553
-4.62775
-4.94453
-4.97855
-5.3092
-5.3443
-5.68835
-5.72519
-6.08317
-6.12088
-6.49397
-6.53386
-6.93108
-6.97378
-7.43029
-7.48341
-8.05718
-8.12324
-8.78836
-8.86047
-9.56909
-9.64424
-10.3812
-10.4595
-11.2265
-11.3077
-12.1057
-12.1902
-13.0239
-13.1134
-13.9828
-14.0752
-14.9815
-15.0788
-16.0236
-16.1238
-17.1148
-17.2223
-18.3078
-18.4293
-19.7537
-19.9104
-21.5637
-21.7463
-23.5804
-23.7782
-25.7096
-25.9147
-27.9278
-28.1427
-30.2502
-30.4754
-32.6806
-32.9162
-35.2407
-35.49
-37.9367
-38.1963
-40.7753
-41.053
-43.782
-44.072
-47.0209
-47.351
-50.7851
-51.1856
-55.6236
-56.1422
-61.533
-62.1235
-68.096
-68.7444
-75.2427
-75.9497
-83.0889
-83.8717
-91.8365
-92.7158
-101.776
-102.787
-113.287
-114.474
-126.965
-128.394
-143.699
-145.473
-165.132
-167.524
-194.879
-198.351
-240.754
-246.304
-310.926
-318.649
-407.617
-418.029
-505.812
-511.76
-527.2
-525.257
-450.052
-436.89
-261.919
-240.211
-18.7047
4.63699
225.663
247.368
422.795
435.888
509.412
511.564
495.232
488.933
401.171
391.119
306.326
299.083
240.262
235.23
195.882
192.571
165.492
163.087
143.081
141.273
125.603
124.132
111.362
110.156
99.4182
98.3833
89.1214
88.2214
80.0558
79.2523
71.9209
71.1973
64.6132
63.9744
58.4132
57.9048
53.6267
53.2289
49.7255
49.3832
46.2162
45.8979
42.9454
42.6495
39.8622
39.5806
36.9471
36.6823
34.1921
33.9378
31.5732
31.3332
29.0794
28.848
26.6918
26.4721
24.415
24.2069
22.307
22.1239
20.5489
20.4053
19.1499
19.0289
17.9176
17.8043
16.752
16.6443
15.6369
15.5344
14.5661
14.467
13.5384
13.4448
12.5566
12.4658
11.6131
11.5267
10.707
10.6228
9.83404
9.75374
9.004
8.92799
8.25624
8.19291
7.65164
7.60155
7.14501
7.09975
6.67705
6.63371
6.22805
6.18657
5.79599
5.75589
5.3792
5.34062
4.97815
4.9414
4.59157
4.55576
4.21784
4.18354
3.85665
3.82314
3.50973
3.47836
3.19782
3.17371
2.59688
2.53988
2.10243
2.06516
1.75796
1.73031
1.49681
1.47513
1.28953
-2.68069
-2.70582
-2.73097
-2.75664
-2.78297
-2.80979
-2.8719
-2.90118
-2.9315
-2.96287
-2.9952
-3.0287
-3.10651
-3.14307
-3.18064
-3.21855
-3.25742
-3.29704
-3.38583
-3.42639
-3.46756
-3.50928
-3.55069
-3.59267
-3.68675
-3.72945
-3.77252
-3.81559
-3.85904
-3.90301
-4.00033
-4.04493
-4.0893
-4.1345
-4.17942
-4.22454
-4.32591
-4.37208
-4.41845
-4.46502
-4.5119
-4.55915
-4.66436
-4.71242
-4.76027
-4.80878
-4.85792
-4.90673
-5.01655
-5.06644
-5.11723
-5.16752
-5.21817
-5.26943
-5.38422
-5.43625
-5.48851
-5.54116
-5.59434
-5.64732
-5.7666
-5.82038
-5.87522
-5.93007
-5.98485
-6.04043
-6.16382
-6.22047
-6.27719
-6.33423
-6.3917
-6.44955
-6.57961
-6.63811
-6.69794
-6.75896
-6.81979
-6.88232
-7.02344
-7.09022
-7.15707
-7.22648
-7.29842
-7.37196
-7.54485
-7.62721
-7.71222
-7.80076
-7.89112
-7.98404
-8.1976
-8.29698
-8.39832
-8.4998
-8.60383
-8.70783
-8.9429
-9.04908
-9.15688
-9.26594
-9.37438
-9.48407
-9.72912
-9.8408
-9.95356
-10.0659
-10.1792
-10.2939
-10.5489
-10.6642
-10.7807
-10.8988
-11.0161
-11.1343
-11.3999
-11.5207
-11.6425
-11.7642
-11.8871
-12.0112
-12.2864
-12.4129
-12.5389
-12.6667
-12.7952
-12.9237
-13.2127
-13.344
-13.4766
-13.6102
-13.7442
-13.879
-14.1798
-14.3177
-14.4545
-14.5933
-14.7337
-14.8729
-15.1875
-15.3298
-15.4746
-15.6181
-15.7632
-15.9098
-16.2377
-16.3873
-16.5375
-16.6885
-16.8429
-16.9959
-17.3442
-17.5028
-17.6667
-17.8318
-17.9993
-18.1739
-18.5701
-18.7597
-18.9539
-19.1554
-19.3646
-19.582
-20.092
-20.3321
-20.5796
-20.8345
-21.0925
-21.3558
-21.9546
-22.2321
-22.5093
-22.7899
-23.0761
-23.3595
-24.0016
-24.2919
-24.5857
-24.8818
-25.1779
-25.4775
-26.1459
-26.4504
-26.7587
-27.0651
-27.3769
-27.688
-28.3876
-28.7039
-29.0238
-29.3469
-29.6709
-29.9975
-30.7284
-31.0618
-31.398
-31.7331
-32.0733
-32.4177
-33.1849
-33.5352
-33.8872
-34.2454
-34.6017
-34.9615
-35.7718
-36.1407
-36.5124
-36.886
-37.263
-37.6442
-38.493
-38.8839
-39.2726
-39.6692
-40.0666
-40.4647
-41.363
-41.7727
-42.1874
-42.6058
-43.0266
-43.4514
-44.4064
-44.8496
-45.2887
-45.7385
-46.1985
-46.6584
-47.7203
-48.214
-48.7275
-49.2451
-49.7842
-50.3443
-51.6528
-52.2818
-52.9366
-53.6155
-54.3239
-55.0505
-56.7429
-57.5328
-58.3433
-59.1733
-60.0103
-60.8686
-62.8008
-63.6969
-64.5964
-65.5107
-66.4374
-67.3703
-69.482
-70.4516
-71.433
-72.4281
-73.4334
-74.4496
-76.7552
-77.8192
-78.8939
-79.985
-81.0923
-82.214
-84.7635
-85.9433
-87.1427
-88.3598
-89.5975
-90.8566
-93.7251
-95.059
-96.4172
-97.802
-99.212
-100.65
-103.939
-105.482
-107.058
-108.658
-110.298
-111.976
-115.845
-117.653
-119.5
-121.418
-123.373
-125.374
-130.031
-132.229
-134.502
-136.819
-139.238
-141.738
-147.544
-150.323
-153.191
-156.185
-159.309
-162.533
-170.284
-174.022
-177.988
-182.119
-186.494
-191.175
-202.509
-208.178
-214.145
-220.618
-227.535
-234.838
-252.794
-261.539
-270.992
-280.911
-291.178
-302.237
-327.969
-340.924
-353.859
-367.655
-381.89
-395.738
-429.456
-443.904
-459.064
-472.984
-485.67
-497.882
-517.282
-524.182
-528.439
-530.178
-531.729
-529.758
-520.854
-512.275
-503.856
-492.932
-478.878
-463.483
-420.54
-398.448
-373.448
-345.459
-317.46
-286.793
-215.057
-181.366
-147.568
-113.568
-79.1981
-45.0332
30.9696
65.1363
99.2006
133.145
167.136
200.49
272.364
302.92
331.358
359.121
383.763
406.382
448.261
464.539
478.247
489.022
497.902
505.224
514.218
515.491
513.809
512.232
507.769
500.89
480.37
468.799
456.102
441.533
427.555
412.841
380.284
366.242
352.518
339.448
327.007
314.92
291.017
280.925
271.621
262.582
253.971
246.164
229.883
223.194
216.724
210.85
205.192
199.724
188.921
184.382
180.106
175.967
171.991
168.279
160.476
157.195
153.985
150.957
148.043
145.178
139.264
136.703
134.24
131.861
129.529
127.289
122.499
120.466
118.464
116.506
114.616
112.76
108.809
107.081
105.413
103.78
102.171
100.601
97.2343
95.7674
94.3226
92.9048
91.5212
90.1549
87.2174
85.9261
84.6587
83.4116
82.1811
80.971
78.354
77.2019
76.0649
74.9427
73.8372
72.7458
70.3846
69.3436
68.3224
67.3105
66.3217
65.3499
63.2681
62.3595
61.4799
60.6289
59.8015
59.0042
57.3445
56.6406
55.9679
55.3156
54.6869
54.0817
52.7934
52.2392
51.6899
51.1595
50.632
50.1137
48.9957
48.502
48.0162
47.5297
47.0511
46.578
45.5424
45.085
44.6272
44.1748
43.7293
43.2831
42.3123
41.8786
41.4522
41.0233
40.5998
40.1808
39.2644
38.8556
38.4489
38.0463
37.6492
37.2495
36.3836
35.9946
35.6117
35.2309
34.8516
34.4786
33.6537
33.2876
32.9241
32.5621
32.2029
31.8455
31.0643
30.7129
30.3658
30.0232
29.6779
29.3384
28.5899
28.258
27.9243
27.5937
27.2662
26.941
26.2258
25.9059
25.588
25.2754
24.9599
24.6491
23.9727
23.6741
23.3776
23.085
22.8014
22.5184
21.9211
21.6625
21.4126
21.1719
20.9395
20.7143
20.2451
20.0439
19.8491
19.6569
19.4705
19.2898
18.8952
18.72
18.548
18.3804
18.2101
18.0431
17.6778
17.5149
17.3534
17.1916
17.0317
16.8738
16.5241
16.3687
16.2123
16.0592
15.9052
15.7522
15.4174
15.2675
15.119
14.9708
14.8237
14.6778
14.356
14.2128
14.0686
13.9267
13.7865
13.6454
13.338
13.2002
13.0647
12.928
12.7926
12.6586
12.3639
12.2321
12.1008
11.9704
11.8413
11.7115
11.4291
11.3014
11.176
11.0505
10.9253
10.8018
10.5284
10.4066
10.2855
10.1648
10.0448
9.92556
9.66414
9.54623
9.43022
9.31584
9.20121
9.08899
8.84406
8.73747
8.6311
8.52785
8.42761
8.32949
8.12315
8.0349
7.94932
7.86736
7.78751
7.7094
7.54445
7.4727
7.40256
7.33243
7.26463
7.19673
7.04949
6.98314
6.91824
6.854
6.78953
6.72563
6.58527
6.52271
6.46078
6.39818
6.33643
6.27531
6.1402
6.07965
6.01942
5.96008
5.9003
5.84093
5.71078
5.65271
5.59492
5.53699
5.47968
5.42305
5.29743
5.24157
5.18551
5.13019
5.075
5.01999
4.89931
4.84521
4.79183
4.73823
4.68495
4.63211
4.51554
4.46345
4.41123
4.3596
4.30851
4.25698
4.14444
4.09392
4.04401
3.99368
3.94391
3.89433
3.78554
3.73702
3.68865
3.6404
3.59301
3.54566
3.44325
3.39768
3.35339
3.31013
3.26795
3.22764
3.1473
3.11761
2.98689
2.86803
2.76142
2.66545
2.47905
2.40444
2.33368
2.26744
2.20488
2.14589
2.02436
1.97343
1.92502
1.87867
1.83381
1.79016
1.7001
1.66232
1.62552
1.58973
1.55523
1.52176
1.4512
1.42075
1.39127
1.36316
1.33626
1.30964
