-1.69115
-1.8611
-2.04034
-2.22995
-2.43182
-2.65011
-2.89368
-3.17497
-3.49805
-3.85484
-4.23777
-4.64449
-5.07563
-5.53344
-6.02179
-6.54883
-7.13253
-7.80483
-8.58886
-9.4724
-10.4316
-11.4555
-12.5437
-13.7012
-14.9368
-16.2675
-17.7305
-19.4014
-21.3667
-23.631
-26.1318
-28.8279
-31.7159
-34.8129
-38.1514
-41.7845
-45.8175
-50.4585
-56.0312
-62.7396
-70.5527
-79.4783
-89.7249
-101.719
-116.153
-134.162
-157.692
-190.294
-237.507
-303.141
-377.971
-419.945
-374.337
-224.306
-7.06723
210.071
360.091
406.148
365.668
293.629
231.184
186.059
154.25
130.837
112.748
98.1882
86.0831
75.7923
67.0136
59.6966
53.7232
48.7288
44.3618
40.4214
36.8067
33.4608
30.3487
27.4543
24.7924
22.4221
20.3945
18.6594
17.1158
15.6981
14.3762
13.1356
11.9682
10.8703
9.84551
8.91167
8.09454
7.39218
6.77041
6.20012
5.66676
5.16369
4.68751
4.23659
3.81253
3.42245
2.86657
2.19847
1.76158
1.4464
1.20635
1.01718
0.865619
0.739637
0.629222
0.533256
-1.69193
-1.86027
-1.86192
-2.03947
-2.04121
-2.22903
-2.23087
-2.43083
-2.4328
-2.64903
-2.65119
-2.89245
-2.89491
-3.17354
-3.1764
-3.49644
-3.49966
-3.85309
-3.85658
-4.23591
-4.23963
-4.64252
-4.64647
-5.07353
-5.07772
-5.53121
-5.53566
-6.0194
-6.02418
-6.54623
-6.55143
-7.1296
-7.13547
-7.8014
-7.80826
-8.5849
-8.59281
-9.46804
-9.47676
-10.427
-10.4363
-11.4505
-11.4605
-12.5384
-12.549
-13.6956
-13.7068
-14.9307
-14.9428
-16.2609
-16.274
-17.7232
-17.7378
-19.3929
-19.4099
-21.3567
-21.3767
-23.6197
-23.6423
-26.1195
-26.144
-28.8147
-28.8411
-31.7018
-31.73
-34.7977
-34.828
-38.135
-38.1678
-41.7665
-41.8025
-45.7973
-45.8377
-50.4347
-50.4823
-56.0023
-56.0601
-62.7053
-62.7739
-70.5133
-70.5921
-79.4334
-79.5233
-89.6729
-89.7769
-101.657
-101.78
-116.078
-116.229
-134.066
-134.258
-157.564
-157.821
-190.111
-190.478
-237.242
-237.772
-302.792
-303.491
-377.65
-378.291
-419.91
-419.955
-374.805
-373.868
-225.219
-223.392
-8.14758
-5.98668
209.151
210.989
359.62
360.561
406.167
406.127
365.972
365.364
293.961
293.297
231.436
230.932
186.236
185.882
154.377
154.122
130.933
130.742
112.825
112.672
98.2504
98.126
86.1356
86.0307
75.8372
75.7475
67.0515
66.9756
59.7277
59.6654
53.7488
53.6977
48.7507
48.7069
44.3813
44.3423
40.4392
40.4037
36.8231
36.7903
33.476
33.4456
30.3629
30.3345
27.4674
27.4412
24.8044
24.7805
22.4324
22.4117
20.4033
20.3857
18.667
18.6517
17.1228
17.1089
15.7046
15.6917
14.3823
14.3702
13.1413
13.1299
11.9736
11.9629
10.8753
10.8653
9.85015
9.84087
8.91582
8.90753
8.0981
8.09098
7.39528
7.38909
6.7732
6.76762
6.20272
6.19753
5.6692
5.66432
5.166
5.16139
4.68969
4.68532
4.23866
4.23452
3.81446
3.8106
3.42419
3.42071
2.87062
2.86253
2.20093
2.19602
1.76331
1.75986
1.44769
1.44511
1.20735
1.20536
1.01799
1.01638
0.866249
0.86499
0.740196
0.739078
0.629703
0.628742
0.533681
-1.69799
-1.8539
-1.86831
-2.03274
-2.04795
-2.2219
-2.23802
-2.42321
-2.44046
-2.64068
-2.65958
-2.88297
-2.90446
-3.16249
-3.18752
-3.48399
-3.51218
-3.83956
-3.87015
-4.22149
-4.25409
-4.62722
-4.6618
-5.05732
-5.09397
-5.51398
-5.55295
-6.00095
-6.04269
-6.52613
-6.57162
-7.10695
-7.15828
-7.77492
-7.83493
-8.55434
-8.62354
-9.43431
-9.51063
-10.3907
-10.4726
-11.412
-11.4991
-12.4975
-12.5901
-13.6519
-13.7506
-14.8841
-14.9896
-16.2103
-16.3249
-17.6667
-17.7947
-19.327
-19.4764
-21.2793
-21.4546
-23.5324
-23.73
-26.0246
-26.2393
-28.7129
-28.9432
-31.5928
-31.8394
-34.6806
-34.9456
-38.0083
-38.2951
-41.6276
-41.9421
-45.641
-45.995
-50.2509
-50.6678
-55.7792
-56.2852
-62.4403
-63.0407
-70.2091
-70.8982
-79.086
-79.8728
-89.2713
-90.1813
-101.181
-102.26
-115.496
-116.817
-133.327
-135.006
-156.573
-158.829
-188.702
-191.911
-235.198
-239.851
-300.094
-306.223
-375.124
-380.743
-419.594
-419.954
-378.33
-370.148
-232.231
-216.243
-16.514
2.39386
201.972
218.049
355.885
364.117
406.246
405.904
368.309
362.887
296.544
290.732
233.405
228.995
187.622
184.526
155.373
153.141
131.681
130.003
113.416
112.085
98.7343
97.6459
86.5437
85.6253
76.1862
75.4011
67.3469
66.6827
59.9702
59.4253
53.9476
53.5007
48.9207
48.5381
44.5326
44.1916
40.5771
40.2663
36.9503
36.6636
33.5941
33.328
30.4729
30.225
27.5694
27.3396
24.8971
24.6883
22.5132
22.3315
20.4718
20.3178
18.7265
18.5925
17.1767
17.0551
15.7546
15.6418
14.4291
14.3235
13.1853
13.086
12.015
11.9216
10.9143
10.8265
9.88621
9.80498
8.94803
8.87551
8.12581
8.06346
7.41934
7.36517
6.79491
6.746
6.22288
6.17745
5.68815
5.64543
5.18391
5.14354
4.70665
4.6684
4.2547
4.21852
3.82943
3.79569
3.43772
3.40727
2.90215
2.83162
2.2202
2.17719
1.77676
1.7466
1.45776
1.43519
1.2152
1.19769
1.02427
1.01017
0.87114
0.860124
0.744541
0.734758
0.633444
0.625029
0.536984
-1.71529
-1.73901
-1.76296
-1.78708
-1.81135
-1.83584
-1.88654
-1.9116
-1.9368
-1.96224
-1.98785
-2.01369
-2.06721
-2.09364
-2.12033
-2.14726
-2.17435
-2.20171
-2.25845
-2.28652
-2.31488
-2.34352
-2.37239
-2.40161
-2.46235
-2.49252
-2.52307
-2.55401
-2.58533
-2.6171
-2.68364
-2.71689
-2.75078
-2.78531
-2.82045
-2.85626
-2.93193
-2.97006
-3.00917
-3.04905
-3.08978
-3.13137
-3.21944
-3.26368
-3.30878
-3.35473
-3.40137
-3.4488
-3.54803
-3.59752
-3.64756
-3.69825
-3.74944
-3.80127
-3.90895
-3.96226
-4.01615
-4.07053
-4.12531
-4.18065
-4.29539
-4.35208
-4.40935
-4.46708
-4.52521
-4.58391
-4.70557
-4.76566
-4.82635
-4.88754
-4.94915
-5.01139
-5.1404
-5.20415
-5.26856
-5.33355
-5.39911
-5.46514
-5.60236
-5.67024
-5.73889
-5.80817
-5.87802
-5.9487
-6.09567
-6.16868
-6.2424
-6.31717
-6.39271
-6.46932
-6.62956
-6.70958
-6.79078
-6.87342
-6.95745
-7.04316
-7.2239
-7.31489
-7.40812
-7.50338
-7.60059
-7.70037
-7.9117
-8.01828
-8.12734
-8.23879
-8.35227
-8.46811
-8.71167
-8.83345
-8.95732
-9.08294
-9.20999
-9.33892
-9.60753
-9.74076
-9.87564
-10.0119
-10.1492
-10.2881
-10.5765
-10.7191
-10.8632
-11.0085
-11.1549
-11.3028
-11.6096
-11.7612
-11.9144
-12.0688
-12.2243
-12.3815
-12.7074
-12.8686
-13.0314
-13.1957
-13.3611
-13.5284
-13.8756
-14.0473
-14.221
-14.3964
-14.5731
-14.752
-15.1236
-15.3079
-15.4945
-15.6833
-15.8739
-16.0672
-16.4704
-16.6712
-16.8754
-17.0828
-17.2931
-17.5073
-17.958
-18.1851
-18.4161
-18.6528
-18.8943
-19.1419
-19.6673
-19.9329
-20.2055
-20.4843
-20.7694
-21.0614
-21.6782
-21.9883
-22.3049
-22.6269
-22.9535
-23.2859
-23.9812
-24.3273
-24.6784
-25.0337
-25.3925
-25.7559
-26.5117
-26.8863
-27.2655
-27.6481
-28.0345
-28.4246
-29.2352
-29.6371
-30.0428
-30.4525
-30.8663
-31.2841
-32.1521
-32.5826
-33.0174
-33.4567
-33.9007
-34.3491
-35.2818
-35.745
-36.2133
-36.6867
-37.1657
-37.65
-38.6592
-39.1613
-39.6696
-40.1845
-40.7065
-41.2354
-42.3418
-42.895
-43.4569
-44.0278
-44.6087
-45.2004
-46.4471
-47.0749
-47.7167
-48.3735
-49.0453
-49.7347
-51.203
-51.9497
-52.7167
-53.5058
-54.3187
-55.1532
-56.9336
-57.8391
-58.7686
-59.7206
-60.6962
-61.6947
-63.8075
-64.8729
-65.9601
-67.0688
-68.1992
-69.3515
-71.7774
-72.9968
-74.2388
-75.5038
-76.7934
-78.1077
-80.8766
-82.2711
-83.6942
-85.145
-86.6266
-88.1412
-91.3471
-92.9662
-94.6244
-96.3228
-98.0623
-99.8442
-103.643
-105.575
-107.56
-109.603
-111.703
-113.867
-118.514
-120.893
-123.354
-125.899
-128.53
-131.265
-137.174
-140.236
-143.428
-146.746
-150.204
-153.825
-161.761
-165.934
-170.306
-174.885
-179.721
-184.799
-196.085
-202.079
-208.383
-215.056
-222.095
-229.525
-245.919
-254.478
-263.466
-272.868
-282.599
-292.601
-314.047
-324.842
-335.686
-346.449
-357.177
-367.653
-387.43
-396.1
-403.631
-409.903
-414.834
-418.264
-419.476
-417.218
-413.048
-406.654
-398.242
-387.528
-358.819
-341.566
-322.049
-300.503
-277.016
-251.701
-195.314
-165.747
-135.341
-104.186
-72.4121
-40.2055
26.0625
58.2502
90.0338
121.144
151.674
181.086
237.509
262.704
286.169
307.687
327.179
344.533
373.415
384.204
392.555
398.958
403.374
405.742
404.59
401.406
396.749
390.572
383.268
374.927
355.68
345.516
335.199
324.789
314.33
303.951
283.526
273.958
264.7
255.871
247.349
239.168
223.618
216.559
209.875
203.491
197.436
191.675
180.773
175.832
171.121
166.633
162.35
158.26
150.415
146.83
143.39
140.083
136.907
133.849
127.933
125.194
122.549
119.99
117.516
115.123
110.444
108.264
106.142
104.085
102.082
100.129
96.2971
94.4956
92.7397
91.0259
89.3516
87.7173
84.4861
82.9617
81.4703
80.0113
78.5844
77.189
74.4269
73.1227
71.8482
70.6026
69.3861
68.1979
65.8601
64.7636
63.6964
62.6583
61.6497
60.6705
58.7521
57.8558
56.9864
56.1417
55.3191
54.52
52.9471
52.2067
51.4848
50.7783
50.0867
49.4089
48.0622
47.4217
46.7929
46.1745
45.5659
44.9662
43.7661
43.1925
42.6265
42.0677
41.5164
40.9718
39.8781
39.3535
38.8349
38.3222
37.8153
37.3141
36.3051
35.8204
35.3406
34.8661
34.3963
33.9315
32.9949
32.5443
32.0984
31.6568
31.2199
30.7872
29.9149
29.4954
29.0802
28.6695
28.263
27.861
27.0523
26.6644
26.2813
25.9033
25.53
25.1629
24.4282
24.0781
23.7352
23.3983
23.0681
22.7454
22.1061
21.8048
21.5108
21.2229
20.9423
20.6686
20.1267
19.8708
19.6205
19.3748
19.1337
18.8973
18.4253
18.2
17.9786
17.7597
17.5442
17.3311
16.9029
16.6973
16.4945
16.2934
16.0943
15.8977
15.5005
15.3094
15.1203
14.9327
14.7468
14.563
14.1913
14.012
13.8346
13.6585
13.4839
13.3111
12.9616
12.793
12.6262
12.4604
12.2961
12.1335
11.8044
11.6458
11.4887
11.3328
11.1783
11.0255
10.7167
10.568
10.4211
10.2754
10.1314
9.98938
9.70357
9.56674
9.43212
9.29939
9.16871
9.04055
8.78533
8.66423
8.54593
8.42989
8.31642
8.20553
7.98601
7.88222
7.7808
7.68139
7.58384
7.48835
7.29772
7.20687
7.11764
7.02955
6.94261
6.85704
6.68486
6.60222
6.52059
6.43968
6.35975
6.28048
6.12056
6.04353
5.96729
5.89161
5.81668
5.74227
5.59189
5.51933
5.44747
5.37607
5.30524
5.23506
5.09292
5.02438
4.95625
4.88864
4.82156
4.75509
4.62045
4.5554
4.49097
4.42694
4.36342
4.30052
4.17322
4.11186
4.05113
3.99086
3.93118
3.87226
3.7535
3.69652
3.64039
3.5849
3.53026
3.47656
3.36935
3.31839
3.26853
3.21965
3.13027
2.99532
2.74738
2.63951
2.53943
2.44623
2.35883
2.27693
2.12489
2.05657
1.99191
1.93039
1.87164
1.81587
1.70969
1.66139
1.61529
1.57102
1.52821
1.48701
1.40817
1.37224
1.33727
1.30324
1.2701
1.23799
1.17637
1.14845
1.12077
1.09382
1.06773
1.0424
0.992829
0.9698
0.947543
0.925982
0.905157
0.885166
0.846389
0.827899
0.809741
0.791854
0.774297
0.757012
0.722577
0.706209
0.690191
0.674515
0.659181
0.644212
0.614391
0.600172
0.586323
0.572637
0.559489
0.546444
