-2.05264
-2.3454
-2.66924
-3.05773
-3.55097
-4.11842
-4.73836
-5.41297
-6.15125
-6.9827
-8.0152
-9.3229
-10.8087
-12.4336
-14.2093
-16.1663
-18.4158
-21.2971
-24.9061
-28.9824
-33.482
-38.4817
-44.1451
-51.0071
-60.303
-72.3003
-86.9256
-105.338
-130.185
-167.405
-233.015
-351.259
-465.044
-358.563
-7.11882
344.037
450.469
339.699
227.456
164.281
127.042
101.905
83.2303
68.5568
57.3841
49.3116
42.8192
37.1705
32.1302
27.5874
23.5568
20.309
17.793
15.6226
13.6565
11.858
10.2114
8.74983
7.58038
6.64132
5.80768
5.04238
4.3345
3.68307
3.03296
2.02273
1.48027
1.12793
0.877484
0.690084
-2.05351
-2.34446
-2.34635
-2.66817
-2.67031
-3.05637
-3.0591
-3.54931
-3.55264
-4.11658
-4.12025
-4.73636
-4.74036
-5.41079
-5.41515
-6.14885
-6.15365
-6.9799
-6.9855
-8.01156
-8.01885
-9.31854
-9.32726
-10.8039
-10.8135
-12.4284
-12.4388
-14.2036
-14.2151
-16.1599
-16.1727
-18.4081
-18.4235
-21.287
-21.3073
-24.8941
-24.918
-28.9692
-28.9956
-33.4674
-33.4966
-38.4654
-38.4981
-44.1262
-44.164
-50.9828
-51.0315
-60.2698
-60.3362
-72.2594
-72.3412
-86.8754
-86.9757
-105.273
-105.403
-130.094
-130.277
-167.259
-167.551
-232.74
-233.291
-350.815
-351.704
-464.933
-465.152
-359.34
-357.783
-8.34687
-5.89058
343.256
344.816
450.575
450.36
340.123
339.275
227.718
227.195
164.426
164.136
127.134
126.95
101.971
101.839
83.2811
83.1795
68.5969
68.5167
57.4131
57.3551
49.3335
49.2897
42.8378
42.8006
37.1869
37.154
32.145
32.1154
27.6007
27.5741
23.5683
23.5454
20.3177
20.3004
17.8001
17.7859
15.629
15.6162
13.6624
13.6507
11.8633
11.8527
10.2162
10.2065
8.75394
8.74572
7.58356
7.57722
6.64403
6.63861
5.81015
5.80522
5.04465
5.04011
4.3366
4.33239
3.68498
3.68116
3.03753
3.02839
2.02488
2.02058
1.4816
1.47894
1.12887
1.127
0.878117
0.876851
0.69061
-2.06155
-2.33572
-2.3551
-2.65828
-2.68027
-3.04383
-3.07176
-3.53399
-3.56804
-4.09963
-4.13727
-4.71791
-4.75886
-5.39066
-5.43533
-6.1267
-6.17587
-6.95413
-7.01151
-7.97799
-8.05274
-9.27828
-9.3677
-10.7595
-10.858
-12.3799
-12.4874
-14.1505
-14.2683
-16.1009
-16.232
-18.3372
-18.4951
-21.1931
-21.4019
-24.7837
-25.0289
-28.847
-29.1182
-33.3324
-33.6323
-38.3144
-38.6497
-43.9524
-44.3391
-50.7591
-51.2575
-59.9639
-60.6447
-71.8826
-72.7208
-86.4132
-87.4413
-104.675
-106.007
-129.252
-131.127
-165.92
-168.916
-230.219
-235.873
-346.702
-355.807
-463.798
-465.998
-366.465
-350.455
-19.6981
5.44307
335.887
351.907
451.43
449.28
344.067
335.371
230.161
224.805
165.773
162.806
127.992
126.103
102.582
101.233
83.7534
82.7113
68.9696
68.1475
57.683
57.0884
49.5368
49.0879
43.0101
42.6291
37.3393
37.0022
32.2819
31.979
27.7241
27.451
23.6744
23.4401
20.3982
20.2205
17.866
17.7203
15.6879
15.5575
13.7161
13.5971
11.9126
11.8035
10.2611
10.1618
8.79209
8.70784
7.61299
7.54798
6.6691
6.61363
5.83299
5.78247
5.06571
5.0191
4.3561
4.31295
3.70266
3.66358
3.08017
2.9866
2.04497
2.00095
1.49398
1.46675
1.13753
1.11844
0.883991
0.871013
0.695488
-2.08981
-2.13185
-2.17441
-2.21754
-2.26117
-2.30537
-2.38594
-2.43192
-2.47862
-2.52619
-2.57462
-2.62406
-2.7155
-2.76865
-2.82352
-2.88039
-2.93941
-3.00074
-3.11676
-3.1851
-3.25588
-3.32892
-3.40396
-3.48084
-3.62234
-3.70347
-3.78594
-3.86972
-3.9546
-4.0406
-4.19713
-4.2862
-4.37638
-4.46773
-4.56013
-4.65372
-4.82392
-4.92079
-5.01887
-5.11829
-5.21887
-5.32075
-5.50626
-5.61194
-5.71905
-5.82778
-5.93797
-6.04981
-6.25417
-6.3713
-6.49053
-6.61253
-6.73721
-6.86513
-7.10375
-7.24357
-7.38892
-7.54043
-7.6981
-7.86254
-8.17309
-8.35572
-8.54397
-8.73768
-8.93593
-9.13854
-9.51019
-9.72293
-9.93886
-10.1581
-10.3801
-10.6051
-11.0147
-11.2479
-11.484
-11.7236
-11.966
-12.2114
-12.6584
-12.913
-13.1709
-13.4325
-13.6974
-13.9661
-14.4556
-14.7349
-15.0183
-15.3064
-15.5987
-15.8961
-16.4412
-16.7548
-17.0756
-17.405
-17.7434
-18.0928
-18.7499
-19.1386
-19.544
-19.9679
-20.4099
-20.8703
-21.737
-22.2438
-22.7648
-23.2991
-23.8444
-24.4004
-25.4194
-26.0022
-26.594
-27.1949
-27.8043
-28.4225
-29.5494
-30.1926
-30.8456
-31.5083
-32.1806
-32.8633
-34.1094
-34.8218
-35.546
-36.2817
-37.0299
-37.7908
-39.184
-39.9837
-40.7992
-41.6309
-42.4807
-43.3505
-44.9592
-45.8963
-46.8629
-47.8648
-48.907
-49.993
-52.0652
-53.3062
-54.6106
-55.9801
-57.4142
-58.9128
-61.7401
-63.4016
-65.118
-66.887
-68.7079
-70.5813
-74.0628
-76.089
-78.1744
-80.3235
-82.5376
-84.8217
-89.0931
-91.6022
-94.2018
-96.9001
-99.7035
-102.624
-108.162
-111.46
-114.913
-118.544
-122.366
-126.39
-134.178
-138.907
-143.96
-149.361
-155.156
-161.395
-173.884
-181.743
-190.355
-199.823
-210.229
-221.747
-245.302
-260.202
-276.447
-293.994
-312.791
-332.707
-370.152
-391.423
-411.819
-430.618
-446.438
-458.327
-467.319
-464.471
-455.381
-440.077
-418.163
-389.585
-322.69
-277.112
-226.869
-173.183
-116.914
-59.1764
45.0075
102.625
158.874
212.725
262.819
308.123
374.923
403.447
425.129
440.447
449.794
452.718
444.201
432.402
416.897
398.614
378.637
357.997
321.909
302.934
285.079
268.524
253.16
239.059
216.787
205.824
195.829
186.704
178.317
170.635
158.318
152.114
146.318
140.911
135.84
131.07
123.214
119.142
115.28
111.609
108.107
104.766
99.1537
96.1912
93.3458
90.6093
87.972
85.4285
81.0991
78.7887
76.5556
74.3951
72.3082
70.2942
66.8795
65.0744
63.3482
61.7012
60.135
58.6479
56.1763
54.888
53.6572
52.4794
51.3477
50.2567
48.3922
47.39
46.4134
45.4605
44.5293
43.6179
42.0345
41.1721
40.3258
39.4949
38.6783
37.876
36.4752
35.7092
34.9552
34.2133
33.4828
32.7636
31.5053
30.8156
30.1363
29.467
28.8077
28.1586
27.0244
26.4045
25.7961
25.2
24.6177
24.0503
23.0772
22.5589
22.0604
21.5816
21.1238
20.6853
19.9456
19.5534
19.1743
18.8061
18.4482
18.0987
17.4926
17.1626
16.8383
16.5189
16.2047
15.8953
15.3532
15.0556
14.7623
14.4726
14.1871
13.9053
13.4106
13.1389
12.8707
12.6055
12.3442
12.086
11.6325
11.3834
11.1375
10.8946
10.6552
10.4193
10.0064
9.78097
9.55992
9.34344
9.13254
8.9275
8.57746
8.3914
8.2126
8.04085
7.87602
7.71746
7.44711
7.30254
7.16167
7.02404
6.88945
6.75742
6.5269
6.40071
6.27641
6.15366
6.03261
5.91323
5.70334
5.58795
5.47394
5.36115
5.24978
5.1397
4.94603
4.83945
4.73403
4.62964
4.52654
4.42461
4.24528
4.14665
4.04922
3.95298
3.85821
3.76502
3.60261
3.5145
3.42866
3.34513
3.26415
3.18559
2.84834
2.66539
2.50468
2.36185
2.23384
2.11774
1.93481
1.8433
1.7585
1.6798
1.60698
1.53836
1.4255
1.3687
1.31468
1.26287
1.21341
1.16714
1.08929
1.04874
1.01014
0.973341
0.938423
0.905347
0.850817
0.821703
0.793345
0.765713
0.738865
0.712772
