-2.0515
-2.3436
-2.66576
-3.05264
-3.54719
-4.11593
-4.73594
-5.4099
-6.14594
-6.97208
-8.00152
-9.3138
-10.8024
-12.4269
-14.1997
-16.1493
-18.3829
-21.2595
-24.8794
-28.9575
-33.4509
-38.4339
-44.0564
-50.847
-60.1047
-72.0619
-86.5677
-104.742
-129.123
-165.439
-229.34
-345.078
-455.809
-351.356
-7.05782
336.793
441.115
333.013
223.821
162.404
126.005
101.303
82.8586
68.2779
57.1668
49.1875
42.7511
37.128
32.0992
27.5561
23.5152
20.2704
17.7726
15.6113
13.6486
11.8509
10.2018
8.73514
7.56818
6.63519
5.80399
5.03937
4.33083
3.67687
3.02839
2.02081
1.47829
1.12705
0.876719
0.689362
-2.05237
-2.34266
-2.34454
-2.66469
-2.66682
-3.05127
-3.054
-3.54553
-3.54886
-4.11409
-4.11777
-4.73394
-4.73794
-5.40772
-5.41207
-6.14355
-6.14833
-6.9693
-6.97486
-7.99786
-8.00517
-9.30942
-9.31818
-10.7976
-10.8072
-12.4217
-12.4321
-14.194
-14.2055
-16.1429
-16.1556
-18.3753
-18.3906
-21.2493
-21.2697
-24.8674
-24.8914
-28.9443
-28.9707
-33.4363
-33.4655
-38.4176
-38.4502
-44.0377
-44.075
-50.8229
-50.8712
-60.0716
-60.1378
-72.0213
-72.1026
-86.5182
-86.6173
-104.678
-104.806
-129.033
-129.213
-165.297
-165.582
-229.064
-229.617
-344.641
-345.515
-455.691
-455.924
-352.109
-350.602
-8.26114
-5.85476
336.014
337.568
441.213
441.015
333.429
332.596
224.073
223.569
162.544
162.264
126.096
125.914
101.368
101.238
82.909
82.8082
68.3177
68.2381
57.1956
57.1381
49.2092
49.1658
42.7696
42.7326
37.1443
37.1116
32.1139
32.0844
27.5694
27.5427
23.5266
23.5037
20.279
20.2618
17.7796
17.7655
15.6177
15.605
13.6544
13.6428
11.8562
11.8455
10.2067
10.197
8.73926
8.73102
7.57133
7.56503
6.63788
6.6325
5.80645
5.80154
5.04165
5.0371
4.33294
4.32872
3.67878
3.67496
3.03293
3.02386
2.02296
2.01867
1.47962
1.47697
1.12797
1.12613
0.877352
0.876086
0.689887
-2.06038
-2.33396
-2.35327
-2.65486
-2.6767
-3.03873
-3.06671
-3.53015
-3.56431
-4.09711
-4.13479
-4.71549
-4.75644
-5.38764
-5.43221
-6.12149
-6.17048
-6.94367
-7.00067
-7.96424
-8.03912
-9.26901
-9.35875
-10.7532
-10.8516
-12.3732
-12.4807
-14.1411
-14.2589
-16.0842
-16.2146
-18.305
-18.4615
-21.1552
-21.3644
-24.7568
-25.0024
-28.8221
-29.0934
-33.3016
-33.6007
-38.2674
-38.6011
-43.8658
-44.2484
-50.6011
-51.0949
-59.7668
-60.4458
-71.647
-72.4797
-86.0618
-87.0784
-104.091
-105.399
-128.211
-130.047
-163.991
-166.911
-226.57
-232.172
-340.599
-349.525
-454.488
-456.853
-358.888
-343.479
-19.4041
5.26126
328.673
344.602
442.026
439.967
337.299
328.761
226.449
221.262
163.855
160.954
126.941
125.079
101.972
100.64
83.3771
82.3438
68.6882
67.8715
57.4634
56.8741
49.4098
48.9664
42.9411
42.5619
37.2962
36.9603
32.2505
31.9482
27.6929
27.4197
23.6333
23.3979
20.3591
20.1824
17.8452
17.7002
15.6765
15.5464
13.7082
13.5892
11.9055
11.7964
10.2518
10.1521
8.7775
8.69303
7.60055
7.53605
6.66283
6.60765
5.8292
5.77883
5.0627
5.01612
4.35247
4.30923
3.69653
3.65727
3.07536
2.98242
2.0431
1.99909
1.49195
1.46485
1.13652
1.11767
0.883224
0.870249
0.694764
-2.08857
-2.13055
-2.17302
-2.21611
-2.25965
-2.30373
-2.384
-2.42974
-2.47621
-2.52351
-2.57171
-2.6209
-2.71167
-2.76444
-2.81902
-2.87553
-2.93446
-2.99566
-3.11166
-3.18006
-3.25102
-3.32428
-3.39962
-3.47682
-3.61879
-3.70027
-3.78285
-3.86677
-3.95184
-4.038
-4.19468
-4.28374
-4.37396
-4.46539
-4.5579
-4.65128
-4.82149
-4.9183
-5.01627
-5.11562
-5.21609
-5.3179
-5.50294
-5.60853
-5.71541
-5.82373
-5.93341
-6.04488
-6.24839
-6.36482
-6.48341
-6.60461
-6.7284
-6.85544
-7.09237
-7.23134
-7.37588
-7.52675
-7.68417
-7.84857
-8.15982
-8.34303
-8.53186
-8.72647
-8.92551
-9.12871
-9.50164
-9.71478
-9.93117
-10.151
-10.3732
-10.5985
-11.0082
-11.2415
-11.4778
-11.7174
-11.9595
-12.2048
-12.6515
-12.9057
-13.1634
-13.4249
-13.6893
-13.9572
-14.4458
-14.7243
-15.0064
-15.2932
-15.5846
-15.8806
-16.4226
-16.7341
-17.0526
-17.3796
-17.7154
-18.0624
-18.7145
-19.1012
-19.5051
-19.9285
-20.3706
-20.8317
-21.7005
-22.2091
-22.7325
-23.2683
-23.8152
-24.3731
-25.3937
-25.9771
-26.5695
-27.171
-27.7804
-28.3981
-29.5246
-30.1682
-30.8189
-31.4808
-32.1522
-32.8336
-34.0768
-34.7873
-35.5098
-36.2427
-36.9876
-37.7461
-39.1322
-39.9264
-40.7367
-41.5631
-42.4063
-43.2684
-44.8624
-45.7892
-46.7466
-47.7362
-48.7674
-49.8422
-51.8955
-53.1284
-54.4258
-55.7908
-57.2218
-58.7177
-61.54
-63.1997
-64.9103
-66.6745
-68.4877
-70.3523
-73.8139
-75.8268
-77.8979
-80.0296
-82.2263
-84.4882
-88.7129
-91.1925
-93.7574
-96.4239
-99.192
-102.073
-107.519
-110.764
-114.157
-117.726
-121.461
-125.407
-133.04
-137.66
-142.577
-147.844
-153.495
-159.592
-171.74
-179.378
-187.761
-197.006
-207.144
-218.333
-241.363
-255.963
-271.855
-289.134
-307.714
-326.991
-363.706
-384.525
-404.438
-422.618
-438.067
-449.37
-458.056
-455.002
-446.202
-431.321
-409.431
-380.954
-316.141
-271.334
-222.444
-169.899
-114.881
-58.179
43.9054
100.604
155.554
208.16
257.182
301.698
367.066
394.754
416.13
431.254
440.127
443.191
434.795
423.553
408.377
390.421
370.892
350.955
315.644
297.161
279.914
263.875
248.851
235.119
213.5
202.883
193.149
184.241
176.101
168.597
156.579
150.55
144.895
139.593
134.62
129.956
122.247
118.261
114.464
110.859
107.418
104.125
98.5907
95.6735
92.8635
90.1601
87.5546
85.0351
80.7444
78.4527
76.2352
74.0888
72.0131
70.0083
66.6079
64.8088
63.0892
61.452
59.896
58.4209
55.9722
54.6987
53.4822
52.3196
51.2023
50.1211
48.2784
47.2863
46.3185
45.3735
44.4499
43.5451
41.9715
41.1138
40.272
39.4441
38.6308
37.8312
36.435
35.6711
34.9189
34.1787
33.4498
32.7312
31.4746
30.7858
30.1064
29.4363
28.7774
28.1282
26.9927
26.3712
25.7612
25.163
24.5795
24.0106
23.0339
22.5145
22.0153
21.5375
21.0811
20.6446
19.9092
19.5196
19.1441
18.7782
18.4232
18.0765
17.474
17.1456
16.8231
16.5052
16.1923
15.8835
15.3426
15.0463
14.7535
14.4639
14.1787
13.8973
13.4029
13.1316
12.8635
12.5986
12.3369
12.0789
11.6253
11.3757
11.1296
10.8866
10.6468
10.4103
9.99625
9.77014
9.54823
9.33079
9.11928
8.91346
8.56242
8.37633
8.1978
8.02648
7.86239
7.70461
7.4364
7.2925
7.1526
7.01566
6.88194
6.75059
6.52127
6.39561
6.27173
6.14925
6.02866
5.90929
5.69988
5.58468
5.47078
5.35807
5.24677
5.13672
4.94309
4.83639
4.7308
4.62641
4.52321
4.42119
4.24138
4.14244
4.04472
3.94813
3.85292
3.75925
3.59598
3.50763
3.42155
3.33811
3.25767
3.17994
2.84446
2.66209
2.50193
2.35948
2.23217
2.11564
1.93274
1.84101
1.75621
1.67821
1.60542
1.53647
1.42382
1.3672
1.31339
1.2618
1.21274
1.16654
1.0887
1.04783
1.00926
0.972492
0.937604
0.904557
0.850058
0.82095
0.792598
0.764972
0.738131
0.712044
