-2.07731
-2.29944
-2.53519
-2.79378
-3.11212
-3.50826
-3.94445
-4.40759
-4.89859
-5.42026
-5.97505
-6.56786
-7.2315
-8.07413
-9.11113
-10.2428
-11.4453
-12.7243
-14.0869
-15.5403
-17.1025
-18.8958
-21.2297
-24.0511
-27.1165
-30.3945
-33.9146
-37.7093
-41.8205
-46.3671
-51.8484
-59.2514
-68.3231
-78.6918
-90.712
-105.097
-123.073
-146.823
-181.344
-240.039
-340.708
-470.291
-494.916
-326.139
-7.15485
311.333
480.021
454.437
328.177
234.289
178.774
144.181
120.053
101.726
87.0487
74.789
64.3769
56.2139
50.195
45.1501
40.6036
36.4317
32.5806
29.0022
25.6644
22.6338
20.1933
18.2923
16.6007
15.0244
13.5457
12.1569
10.8502
9.62094
8.51033
7.62322
6.90554
6.25184
5.63696
5.05535
4.50492
3.98202
3.49145
2.96918
2.14817
1.66831
1.33789
1.09218
0.900212
0.749667
-2.07817
-2.29852
-2.30036
-2.53421
-2.53617
-2.79267
-2.7949
-3.11067
-3.11357
-3.50658
-3.50993
-3.94264
-3.94626
-4.40568
-4.40951
-4.89656
-4.90063
-5.41811
-5.42241
-5.97273
-5.97736
-6.56538
-6.57033
-7.22858
-7.23443
-8.07027
-8.07798
-9.10673
-9.11553
-10.2381
-10.2475
-11.4403
-11.4503
-12.719
-12.7296
-14.0813
-14.0926
-15.5342
-15.5463
-17.0959
-17.109
-18.8878
-18.9039
-21.2191
-21.2403
-24.0392
-24.063
-27.1038
-27.1292
-30.3809
-30.4082
-33.8999
-33.9292
-37.6935
-37.7252
-41.8033
-41.8377
-46.3476
-46.3866
-51.823
-51.8739
-59.2177
-59.285
-68.2842
-68.3621
-78.6474
-78.7364
-90.6597
-90.7643
-105.033
-105.161
-122.991
-123.154
-146.712
-146.935
-181.168
-181.52
-239.732
-240.346
-340.21
-341.206
-469.861
-470.718
-495.199
-494.637
-327.228
-325.046
-8.49265
-5.81633
310.251
312.412
479.751
480.288
454.868
454.004
328.647
327.709
234.573
234.005
178.945
178.604
144.295
144.068
120.136
119.969
101.791
101.661
87.1031
86.9944
74.8345
74.7435
64.4147
64.3391
56.2416
56.1862
50.2165
50.1734
45.1693
45.131
40.621
40.5861
36.4478
36.4156
32.5955
32.5657
29.0161
28.9883
25.6774
25.6513
22.645
22.6227
20.2017
20.1849
18.2993
18.2852
16.6073
16.5942
15.0305
15.0183
13.5515
13.54
12.1623
12.1515
10.8553
10.8451
9.62568
9.61621
8.51442
8.50625
7.62633
7.6201
6.90825
6.90282
6.25438
6.2493
5.63936
5.63456
5.05762
5.05308
4.50708
4.50277
3.98407
3.97998
3.49332
3.48957
2.97381
2.96456
2.15056
2.14578
1.66988
1.66675
1.339
1.33677
1.09305
1.09132
0.90088
0.899544
0.750229
-2.08534
-2.29095
-2.30794
-2.52615
-2.54434
-2.78355
-2.80412
-3.09872
-3.12561
-3.49269
-3.52391
-3.92778
-3.96119
-4.38993
-4.4253
-4.87982
-4.9174
-5.4004
-5.44022
-5.95378
-5.99642
-6.54487
-6.59091
-7.20461
-7.25874
-8.03862
-8.10993
-9.07051
-9.15205
-10.1994
-10.2862
-11.3992
-11.4916
-12.6753
-12.7734
-14.0347
-14.1399
-15.4846
-15.5961
-17.0419
-17.1636
-18.8219
-18.971
-21.1318
-21.328
-23.941
-24.1613
-26.9992
-27.2342
-30.2687
-30.5209
-33.7793
-34.0503
-37.5633
-37.856
-41.6614
-41.9802
-46.1872
-46.548
-51.6147
-52.0833
-58.9412
-59.5637
-67.9638
-68.6844
-78.2812
-79.1045
-90.2272
-91.1983
-104.509
-105.69
-122.321
-123.827
-145.8
-147.861
-179.738
-182.991
-237.2
-242.927
-336.143
-345.356
-466.231
-474.156
-497.441
-492.357
-336.074
-315.888
-19.5322
5.24082
301.199
321.189
477.332
482.361
458.324
450.334
332.572
323.887
236.946
231.684
180.403
177.213
145.237
143.142
120.825
119.288
102.33
101.127
87.5498
86.5518
75.2108
74.3689
64.7282
64.0279
56.4719
55.9589
50.3966
49.9959
45.3278
44.9734
40.7653
40.4425
36.5806
36.2832
32.7183
32.4432
29.1309
28.875
25.7839
25.5447
22.7379
22.5308
20.2716
20.1158
18.3579
18.2273
16.6613
16.5403
15.0811
14.9679
13.5991
13.4926
12.2068
12.1073
10.8974
10.8031
9.66498
9.57717
8.54833
8.4728
7.65214
7.59452
6.93074
6.88046
6.27535
6.22834
5.6592
5.61476
5.07634
5.03438
4.52487
4.48501
4.00098
3.96312
3.50885
3.47415
3.01221
2.92699
2.17045
2.12628
1.68286
1.65392
1.34827
1.32759
1.10024
1.0842
0.906423
0.89407
0.754874
-2.1075
-2.139
-2.17086
-2.20285
-2.23513
-2.26773
-2.33141
-2.36479
-2.39851
-2.43244
-2.4667
-2.5014
-2.56944
-2.60522
-2.64178
-2.67881
-2.71677
-2.75548
-2.83317
-2.87552
-2.9196
-2.96544
-3.01315
-3.0626
-3.16341
-3.2183
-3.27428
-3.33179
-3.39035
-3.45001
-3.56732
-3.62915
-3.69162
-3.75449
-3.81808
-3.8821
-4.00745
-4.07312
-4.13935
-4.20611
-4.27338
-4.34138
-4.4742
-4.54376
-4.61396
-4.68482
-4.75619
-4.82834
-4.96936
-5.04323
-5.11786
-5.1931
-5.2692
-5.34575
-5.49551
-5.57417
-5.65344
-5.73343
-5.81409
-5.89568
-6.05515
-6.13878
-6.22315
-6.30844
-6.39484
-6.48221
-6.65482
-6.74599
-6.83879
-6.93389
-7.03148
-7.13141
-7.33514
-7.44657
-7.56292
-7.68459
-7.81119
-7.94265
-8.21
-8.35373
-8.50138
-8.6518
-8.80451
-8.95929
-9.26472
-9.42495
-9.58677
-9.74995
-9.91449
-10.0807
-10.4061
-10.5763
-10.7484
-10.9217
-11.0969
-11.2735
-11.6189
-11.7999
-11.9827
-12.167
-12.3532
-12.5413
-12.9089
-13.1018
-13.2968
-13.4935
-13.6918
-13.8917
-14.2839
-14.4894
-14.6973
-14.907
-15.1183
-15.3322
-15.7501
-15.9697
-16.1922
-16.417
-16.6449
-16.8763
-17.3348
-17.5782
-17.8277
-18.0838
-18.3482
-18.622
-19.1821
-19.4912
-19.8149
-20.1522
-20.5021
-20.8663
-21.5999
-21.9946
-22.3963
-22.8045
-23.2187
-23.64
-24.4658
-24.899
-25.3375
-25.7792
-26.2253
-26.6771
-27.5605
-28.0246
-28.4922
-28.966
-29.4431
-29.9253
-30.8717
-31.3681
-31.87
-32.3778
-32.8906
-33.4088
-34.4263
-34.9614
-35.5029
-36.0501
-36.6021
-37.1631
-38.2618
-38.8407
-39.4267
-40.0188
-40.6199
-41.2267
-42.4231
-43.0556
-43.6988
-44.351
-45.0176
-45.6977
-47.054
-47.7849
-48.5397
-49.3217
-50.1349
-50.9869
-52.7509
-53.7316
-54.7586
-55.828
-56.9432
-58.0997
-60.435
-61.6876
-62.9707
-64.2792
-65.62
-66.9834
-69.6878
-71.1259
-72.5891
-74.0832
-75.606
-77.1615
-80.2549
-81.8986
-83.5954
-85.3179
-87.0967
-88.9095
-92.557
-94.5105
-96.5153
-98.5879
-100.721
-102.909
-107.346
-109.74
-112.232
-114.802
-117.499
-120.29
-125.949
-129.056
-132.297
-135.736
-139.284
-143.053
-150.843
-155.18
-159.827
-164.711
-169.948
-175.542
-187.621
-194.613
-202.188
-210.555
-219.721
-229.63
-251.287
-263.989
-277.541
-291.961
-307.282
-323.828
-358.572
-377.485
-396.669
-416.305
-435.693
-454.187
-483.748
-495.06
-502.685
-506.454
-506.83
-502.855
-483.757
-467.832
-447.924
-423.663
-395.069
-361.813
-286.27
-242.238
-196.761
-149.673
-102.038
-53.7556
39.5575
87.6402
135.358
182.087
227.702
271.868
346.674
380.016
408.965
433.141
453.395
468.648
487.328
491.222
490.971
486.997
479.066
467.822
438.35
420.2
401.474
382.566
363.539
345.096
312.319
296.734
282.147
268.569
256.064
244.592
224.611
215.404
206.806
198.958
191.734
184.99
173.05
167.497
162.286
157.299
152.617
148.24
140.355
136.566
132.931
129.477
126.162
122.99
117.222
114.378
111.656
109.026
106.471
104.019
99.5026
97.2657
95.0926
92.9734
90.9274
88.9336
85.2099
83.3616
81.5513
79.7955
78.0712
76.384
73.2275
71.6469
70.1038
68.6013
67.1357
65.7117
63.0825
61.7978
60.5649
59.3851
58.2639
57.1974
55.2734
54.3474
53.451
52.5929
51.7639
50.9592
49.453
48.6989
47.9606
47.2358
46.5223
45.8198
44.4912
43.8183
43.1532
42.4982
41.8509
41.2117
40.0017
39.3852
38.7753
38.1742
37.5805
36.9926
35.8765
35.3086
34.7475
34.1912
33.6419
33.0994
32.0671
31.5402
31.0187
30.5043
29.9937
29.4864
28.5232
28.0315
27.5446
27.0626
26.5858
26.1138
25.2193
24.7661
24.319
23.8792
23.4486
23.0287
22.2506
21.8678
21.5004
21.1501
20.814
20.492
19.9067
19.6172
19.3388
19.0667
18.8012
18.5394
18.0486
17.7992
17.5524
17.3087
17.0673
16.8285
16.3747
16.1429
15.9132
15.686
15.4609
15.2381
14.8128
14.5953
14.3795
14.1668
13.9553
13.7461
13.347
13.1428
12.9409
12.7408
12.5424
12.3452
11.9701
11.7782
11.5882
11.3998
11.2129
11.0278
10.674
10.493
10.3141
10.1367
9.96079
9.78709
9.45796
9.29064
9.12619
8.96514
8.80762
8.65436
8.37149
8.23299
8.10055
7.97329
7.85081
7.73292
7.51635
7.40903
7.30378
7.20102
7.1
7.00063
6.81179
6.71572
6.62028
6.52614
6.43271
6.34036
6.16401
6.07374
5.98455
5.89592
5.80768
5.72052
5.55387
5.46841
5.38391
5.30008
5.21677
5.13435
4.97699
4.89645
4.81641
4.73707
4.65808
4.57998
4.43045
4.35374
4.27782
4.20242
4.12768
4.05329
3.91138
3.83887
3.76706
3.69609
3.62609
3.55699
3.42711
3.3623
3.29995
3.23999
3.1841
3.12968
2.8162
2.67424
2.5478
2.43359
2.32973
2.23382
2.06808
1.99035
1.918
1.84915
1.78427
1.72355
1.61509
1.5628
1.51292
1.46525
1.41987
1.37721
1.29971
1.26143
1.22452
1.18922
1.15543
1.12276
1.06236
1.0323
1.00356
0.975963
0.949375
0.92387
0.877611
0.855082
0.833013
0.811372
0.790131
0.769348
