-2.12772
-2.3151
-2.51581
-2.73463
-2.97942
-3.25783
-3.57091
-3.9134
-4.28054
-4.67061
-5.08427
-5.52363
-5.99258
-6.49855
-7.05521
-7.68414
-8.4046
-9.21577
-10.1033
-11.0556
-12.0694
-13.1472
-14.2956
-15.5268
-16.8626
-18.3451
-20.0359
-21.9828
-24.1789
-26.5853
-29.1779
-31.9557
-34.9347
-38.1456
-41.6392
-45.507
-49.9098
-55.07
-61.173
-68.2614
-76.3493
-85.5627
-96.1756
-108.669
-123.78
-142.69
-167.378
-200.84
-246.247
-302.696
-356.091
-372.98
-318.721
-187.267
-6.99213
173.185
304.782
359.309
343.772
292.711
238.933
195.629
163.329
139.091
120.264
105.123
92.574
81.923
72.7742
64.9477
58.3659
52.8612
48.1538
43.9949
40.2315
36.7741
33.5714
30.5916
27.8212
25.27
22.9727
20.9627
19.2172
17.669
16.258
14.9493
13.7246
12.5735
11.4905
10.475
9.53442
8.68404
7.93516
7.27707
6.68554
6.14059
5.63066
5.14991
4.69511
4.26502
3.86092
3.48866
3.03266
2.33525
1.87356
1.54162
1.28853
1.09024
0.929053
0.799218
-2.12862
-2.31414
-2.31606
-2.51478
-2.51684
-2.73349
-2.73577
-2.97813
-2.98071
-3.25637
-3.2593
-3.56929
-3.57254
-3.91165
-3.91516
-4.27867
-4.28241
-4.66863
-4.67259
-5.08216
-5.08637
-5.52139
-5.52586
-5.99019
-5.99498
-6.49594
-6.50116
-7.05231
-7.05812
-7.68082
-7.68746
-8.40081
-8.4084
-9.21156
-9.21998
-10.0988
-10.1079
-11.0508
-11.0605
-12.0642
-12.0745
-13.1417
-13.1527
-14.2897
-14.3014
-15.5205
-15.5331
-16.8557
-16.8695
-18.3374
-18.3529
-20.0269
-20.0449
-21.9725
-21.993
-24.1675
-24.1903
-26.573
-26.5977
-29.1646
-29.1912
-31.9416
-31.9699
-34.9195
-34.95
-38.1292
-38.1621
-41.6212
-41.6573
-45.4868
-45.5272
-49.8864
-49.9332
-55.0423
-55.0977
-61.1404
-61.2056
-68.2239
-68.2988
-76.3068
-76.3919
-85.514
-85.6114
-96.1191
-96.2321
-108.602
-108.736
-123.697
-123.863
-142.585
-142.796
-167.237
-167.519
-200.646
-201.034
-245.992
-246.502
-302.406
-302.985
-355.891
-356.292
-373.043
-372.915
-319.178
-318.261
-188.079
-186.452
-7.92625
-6.05813
172.371
173.996
304.313
305.249
359.234
359.382
343.97
343.574
292.992
292.429
239.18
238.686
195.814
195.444
163.467
163.192
139.195
138.986
120.347
120.18
105.191
105.056
92.6308
92.5172
81.9717
81.8743
72.8161
72.7324
64.9833
64.9123
58.3956
58.3363
52.8862
52.8363
48.1755
48.132
44.0144
43.9754
40.2493
40.2137
36.7905
36.7577
33.5866
33.5561
30.6058
30.5774
27.8344
27.8081
25.282
25.258
22.9833
22.962
20.9719
20.9535
19.2252
19.2091
17.6763
17.6617
16.2646
16.2513
14.9556
14.9431
13.7305
13.7188
12.579
12.568
11.4956
11.4853
10.4799
10.4702
9.53886
9.52999
8.68799
8.68009
7.93861
7.9317
7.28013
7.274
6.68833
6.68274
6.14319
6.13799
5.6331
5.62821
5.15222
5.1476
4.6973
4.69293
4.26708
4.26295
3.86284
3.859
3.4904
3.48691
3.03697
3.02836
2.33799
2.33252
1.87545
1.87167
1.54305
1.54019
1.28964
1.28742
1.09112
1.08936
0.929767
0.928339
0.799815
-2.13535
-2.30698
-2.32323
-2.50706
-2.52458
-2.72498
-2.74431
-2.9685
-2.99039
-3.24543
-3.2703
-3.55714
-3.58474
-3.8985
-3.92834
-4.26466
-4.29645
-4.65377
-4.68749
-5.0664
-5.10218
-5.50464
-5.54267
-5.97223
-6.013
-6.47642
-6.52078
-7.03057
-7.07998
-7.65599
-7.71245
-8.37243
-8.43693
-9.18005
-9.25162
-10.0647
-10.142
-11.0144
-11.0969
-12.0256
-12.1133
-13.1005
-13.1939
-14.2458
-14.3455
-15.4732
-15.5806
-16.804
-16.9216
-18.2792
-18.4114
-19.9598
-20.1124
-21.8958
-22.0702
-24.0821
-24.2759
-26.4805
-26.6905
-29.0654
-29.2907
-31.8354
-32.0765
-34.8054
-35.0645
-38.0058
-38.286
-41.4859
-41.7931
-45.3354
-45.6794
-49.7116
-50.1093
-54.8352
-55.3063
-60.8969
-61.4508
-67.9441
-68.5805
-75.9887
-76.712
-85.1501
-85.9776
-95.697
-96.6579
-108.098
-109.243
-123.08
-124.487
-141.799
-143.592
-166.189
-168.581
-199.205
-202.499
-244.089
-248.423
-300.234
-305.122
-354.368
-357.8
-373.475
-372.344
-322.523
-314.742
-194.129
-180.34
-14.9354
0.93753
166.227
180.037
300.746
308.706
358.601
359.855
345.435
342.077
295.094
290.313
241.014
236.851
197.205
194.066
164.502
162.171
139.984
138.207
120.974
119.561
105.703
104.55
93.0586
92.0927
82.3381
81.5105
73.131
72.4197
65.2507
64.647
58.6186
58.115
53.0741
52.6496
48.3388
47.9695
44.1608
43.8297
40.3828
40.0807
36.9137
36.6349
33.7011
33.442
30.7123
30.4711
27.9333
27.7096
25.3724
25.168
23.0634
22.8824
21.0413
20.8845
19.2859
19.1488
17.7309
17.6073
16.3149
16.2012
15.0025
14.8964
13.7745
13.6749
12.6204
12.5267
11.5346
11.4465
10.5162
10.4339
9.5722
9.4968
8.7177
8.65055
7.96461
7.90585
7.30319
7.25109
6.70934
6.66182
6.1627
6.11852
5.65144
5.60992
5.16955
5.13032
4.71371
4.67657
4.28257
4.2475
3.87731
3.84459
3.50353
3.47385
3.06959
2.99638
2.35873
2.31217
1.89001
1.85758
1.55382
1.52954
1.29803
1.27913
1.09772
1.08281
0.935152
0.923012
0.804306
-2.15439
-2.18043
-2.2067
-2.23324
-2.25998
-2.28694
-2.34354
-2.37133
-2.3994
-2.4278
-2.45648
-2.4855
-2.54649
-2.57659
-2.6071
-2.63806
-2.6694
-2.70123
-2.76856
-2.80197
-2.83593
-2.8706
-2.90581
-2.94166
-3.01787
-3.05583
-3.0945
-3.13397
-3.17406
-3.2149
-3.30152
-3.34452
-3.38822
-3.43261
-3.47755
-3.52314
-3.61929
-3.6667
-3.71465
-3.7632
-3.8122
-3.86171
-3.9656
-4.01662
-4.0681
-4.12017
-4.17257
-4.22544
-4.33612
-4.3904
-4.44513
-4.5004
-4.55604
-4.61215
-4.72958
-4.78713
-4.84514
-4.90374
-4.96275
-5.02226
-5.14684
-5.20789
-5.26951
-5.33175
-5.39446
-5.45771
-5.59024
-5.65527
-5.72094
-5.78736
-5.85433
-5.92197
-6.06398
-6.13387
-6.20451
-6.27614
-6.34856
-6.42185
-6.57627
-6.65255
-6.73007
-6.80883
-6.88866
-6.96993
-7.14206
-7.2277
-7.31485
-7.40391
-7.49446
-7.5868
-7.78348
-7.88162
-7.98159
-8.08365
-8.18754
-8.29337
-8.51784
-8.62921
-8.74229
-8.85733
-8.9739
-9.09205
-9.34116
-9.46398
-9.58821
-9.71405
-9.84102
-9.96936
-10.2386
-10.3709
-10.5044
-10.6394
-10.7754
-10.9126
-11.1999
-11.3409
-11.4831
-11.6267
-11.7713
-11.9173
-12.2228
-12.3726
-12.5236
-12.6764
-12.8302
-12.9854
-13.3104
-13.4699
-13.6308
-13.7935
-13.9575
-14.1229
-14.4701
-14.6406
-14.8128
-14.9871
-15.163
-15.3408
-15.7148
-15.8989
-16.0853
-16.2745
-16.4657
-16.6595
-17.069
-17.2718
-17.4776
-17.6872
-17.9004
-18.1172
-18.5777
-18.8073
-19.0416
-19.2808
-19.5245
-19.7732
-20.3039
-20.5687
-20.8388
-21.1148
-21.3957
-21.6817
-22.2893
-22.5906
-22.8967
-23.2081
-23.5238
-23.8437
-24.5183
-24.851
-25.1877
-25.5288
-25.8734
-26.2216
-26.9529
-27.3126
-27.6759
-28.0429
-28.4135
-28.7878
-29.572
-29.9575
-30.3467
-30.7399
-31.1368
-31.5377
-32.3776
-32.7906
-33.208
-33.6297
-34.0556
-34.486
-35.3885
-35.8328
-36.2822
-36.7366
-37.1956
-37.6603
-38.6367
-39.1184
-39.6063
-40.1004
-40.6009
-41.1081
-42.1778
-42.7078
-43.2464
-43.7934
-44.349
-44.9138
-46.1124
-46.71
-47.319
-47.9416
-48.5762
-49.2247
-50.6102
-51.306
-52.0178
-52.7469
-53.4938
-54.2593
-55.9
-56.7238
-57.5679
-58.4324
-59.3163
-60.2201
-62.147
-63.1114
-64.0951
-65.0984
-66.1212
-67.1646
-69.3798
-70.4837
-71.6069
-72.7509
-73.9163
-75.1026
-77.6203
-78.8751
-80.1528
-81.4566
-82.7827
-84.1364
-87.0166
-88.4536
-89.921
-91.4207
-92.9549
-94.524
-97.8685
-99.5504
-101.273
-103.037
-104.847
-106.703
-110.688
-112.705
-114.779
-116.908
-119.105
-121.372
-126.269
-128.759
-131.339
-134.009
-136.774
-139.633
-145.881
-149.095
-152.435
-155.9
-159.519
-163.304
-171.626
-175.927
-180.445
-185.171
-190.094
-195.255
-206.702
-212.581
-218.724
-225.177
-231.859
-238.846
-253.909
-261.614
-269.484
-277.559
-285.778
-294.109
-311.113
-319.326
-327.49
-335.259
-342.715
-349.717
-361.818
-366.516
-370.246
-372.754
-374.02
-374.255
-370.089
-365.725
-359.535
-352.004
-342.593
-331.559
-304.139
-288.502
-271.422
-252.277
-232.229
-210.729
-162.969
-138.418
-113.022
-87.3382
-61.0743
-34.6137
20.5451
46.9727
73.27
99.1359
124.213
148.661
196.557
217.828
237.732
256.717
274.176
290.14
317.839
328.755
338.162
345.713
351.725
356.238
360.751
360.971
359.757
357.408
353.925
349.36
337.695
331.103
323.818
316.352
308.784
300.963
284.377
276.459
268.703
261.012
253.524
246.222
231.801
225.134
218.793
212.658
206.818
201.193
190.295
185.325
180.577
176.028
171.653
167.473
159.363
155.665
152.115
148.705
145.412
142.241
136.056
133.216
130.464
127.811
125.244
122.758
117.855
115.594
113.393
111.255
109.179
107.158
103.15
101.29
99.4733
97.6956
95.9631
94.2754
90.9125
89.3393
87.7983
86.2917
84.8192
83.3786
80.4993
79.1498
77.8284
76.534
75.2668
74.0263
71.5499
70.3902
69.2578
68.1505
67.0687
66.0116
63.9106
62.9312
61.9756
61.0439
60.1373
59.2539
57.5006
56.6826
55.8859
55.1097
54.3507
53.6078
52.1308
51.4374
50.759
50.0943
49.442
48.8021
47.5167
46.9099
46.3127
45.7245
45.1455
44.5752
43.4231
42.8765
42.3375
41.8052
41.2795
40.7604
39.7087
39.2081
38.7136
38.2244
37.7408
37.2622
36.2913
35.8285
35.3705
34.9172
34.4688
34.0247
33.1227
32.6924
32.266
31.8443
31.4269
31.0137
30.1739
29.7732
29.3769
28.9846
28.5966
28.2129
27.4343
27.064
26.6979
26.3364
25.9797
25.6281
24.917
24.581
24.2503
23.9245
23.605
23.2911
22.6607
22.3647
22.0748
21.7898
21.5113
21.2386
20.6924
20.4362
20.185
19.938
19.6957
19.458
18.9802
18.7548
18.5328
18.3137
18.098
17.8855
17.4552
17.2509
17.0491
16.8494
16.6522
16.4572
16.061
15.8722
15.6852
15.4998
15.3165
15.1351
14.7655
14.5891
14.4143
14.2407
14.069
13.8989
13.552
13.3864
13.2222
13.059
12.8975
12.7374
12.411
12.2551
12.1006
11.9471
11.7952
11.6446
11.3377
11.1913
11.0462
10.9023
10.76
10.6191
10.3325
10.1962
10.0615
9.92806
9.79647
9.66665
9.40411
9.27988
9.15748
9.03685
8.91849
8.80208
8.56821
8.45827
8.35027
8.24416
8.1403
8.03837
7.8339
7.73754
7.64302
7.54985
7.45841
7.36854
7.18709
7.10123
7.0165
6.93272
6.85022
6.76873
6.60333
6.52467
6.4468
6.36959
6.29332
6.2178
6.06402
5.9906
5.91784
5.84559
5.7741
5.70325
5.55865
5.48956
5.42102
5.3529
5.28543
5.21851
5.08187
5.01651
4.95169
4.88724
4.8234
4.76005
4.63071
4.56886
4.50751
4.44653
4.38621
4.32635
4.20424
4.14597
4.08822
4.03093
3.97427
3.91822
3.80431
3.75027
3.69683
3.644
3.59199
3.54074
3.43739
3.38873
3.34098
3.29409
3.24821
3.16424
2.90929
2.79774
2.69357
2.59576
2.50429
2.41874
2.25659
2.18529
2.11717
2.05212
1.99037
1.93146
1.81873
1.7678
1.71895
1.67211
1.62745
1.58467
1.50011
1.46141
1.42521
1.38997
1.35558
1.32203
1.25621
1.22605
1.19708
1.16946
1.14309
1.11654
1.06463
1.04052
1.01705
0.994201
0.972045
0.950547
0.908269
0.88883
0.870471
0.852366
0.834566
0.817039
