-1.73084
-1.9413
-2.16418
-2.40034
-2.65353
-2.94614
-3.32293
-3.76163
-4.23153
-4.73057
-5.26198
-5.82801
-6.43275
-7.10125
-7.93782
-8.99504
-10.1632
-11.4079
-12.7349
-14.1526
-15.6671
-17.3066
-19.227
-21.7612
-24.7583
-27.997
-31.4708
-35.2153
-39.2698
-43.698
-48.7432
-55.3177
-64.0043
-74.1691
-85.8822
-99.833
-117.079
-139.702
-172.033
-225.981
-322.257
-457.161
-499.802
-336.338
-7.15485
321.452
484.519
441.295
310.835
221.235
169.561
136.992
113.962
96.3592
82.1277
70.1902
60.3152
53.0425
47.4252
42.4975
38.0158
33.899
30.0982
26.5577
23.3116
20.6231
18.578
16.8009
15.1535
13.6121
12.1676
10.812
9.54065
8.40383
7.51242
6.78279
6.11295
5.48295
4.88886
4.32652
3.7941
3.30684
2.52973
1.88884
1.48023
1.19109
0.970292
0.801244
0.659673
0.540965
-1.73163
-1.94047
-1.94214
-2.1633
-2.16507
-2.3994
-2.40129
-2.6525
-2.65456
-2.94486
-2.94742
-3.32132
-3.32454
-3.75987
-3.76339
-4.22965
-4.23341
-4.72858
-4.73256
-5.25986
-5.2641
-5.82574
-5.83029
-6.43032
-6.43518
-7.09844
-7.10406
-7.93411
-7.94153
-8.99068
-8.9994
-10.1585
-10.1679
-11.403
-11.4129
-12.7296
-12.7402
-14.1469
-14.1582
-15.661
-15.6731
-17.2999
-17.3133
-19.2185
-19.2355
-21.7502
-21.7721
-24.7462
-24.7704
-27.9839
-28.01
-31.4568
-31.4847
-35.2004
-35.2303
-39.2535
-39.2862
-43.68
-43.7161
-48.7216
-48.7648
-55.2879
-55.3475
-63.9676
-64.0411
-74.1269
-74.2112
-85.8332
-85.9314
-99.7737
-99.8923
-117.001
-117.157
-139.6
-139.804
-171.878
-172.189
-225.7
-226.262
-321.781
-322.733
-456.669
-457.653
-500.019
-499.581
-337.392
-335.28
-8.49265
-5.81633
320.4
322.494
484.312
484.722
441.771
440.819
311.284
310.388
221.495
220.976
169.715
169.408
137.095
136.888
114.039
113.885
96.42
96.2985
82.1778
82.0776
70.2326
70.1478
60.3485
60.2819
53.0664
53.0186
47.4453
47.4052
42.5157
42.4794
38.0324
37.9993
33.9143
33.8837
30.1124
30.084
26.5709
26.5445
23.3234
23.2998
20.632
20.6142
18.5853
18.5707
16.8074
16.7943
15.1597
15.1473
13.6179
13.6063
12.173
12.1623
10.8171
10.8069
9.54533
9.53597
8.4078
8.39987
7.51544
7.5094
6.78547
6.78011
6.11547
6.11045
5.48531
5.48058
4.8911
4.88663
4.32863
4.3244
3.79609
3.7921
3.30854
3.30514
2.53302
2.52645
1.89077
1.88692
1.48155
1.47892
1.19206
1.19013
0.97104
0.969545
0.801836
0.800653
0.660173
0.659173
0.541371
-1.73818
-1.93356
-1.94906
-2.156
-2.17237
-2.39165
-2.40906
-2.64404
-2.66306
-2.93435
-2.95806
-3.30807
-3.338
-3.74532
-3.77797
-4.21416
-4.24892
-4.71218
-4.74901
-5.2424
-5.28163
-5.80709
-5.84908
-6.41032
-6.45525
-7.07536
-7.12701
-7.90361
-7.97228
-8.95472
-9.03547
-10.12
-10.2065
-11.3621
-11.4541
-12.6859
-12.784
-14.0997
-14.205
-15.6112
-15.7231
-17.2442
-17.3687
-19.1489
-19.3053
-21.6602
-21.8629
-24.6465
-24.8705
-27.8769
-28.1175
-31.3421
-31.5998
-35.0761
-35.3547
-39.1188
-39.4219
-43.5317
-43.8651
-48.5442
-48.944
-55.0435
-55.5948
-63.6663
-64.3453
-73.7804
-74.5586
-85.4296
-86.3405
-99.2862
-100.384
-116.375
-117.799
-138.767
-140.648
-170.61
-173.475
-223.418
-228.619
-317.9
-326.705
-452.716
-461.624
-501.697
-497.571
-345.949
-326.411
-19.5322
5.24082
311.603
331.005
482.48
486.273
445.661
436.904
315.017
306.752
223.661
218.863
170.995
168.154
137.954
136.041
114.683
113.256
96.9215
95.7997
82.5927
81.6654
70.5835
69.8001
60.6251
60.009
53.2646
52.8222
47.6116
47.24
42.6654
42.3301
38.1693
37.8627
34.0407
33.7579
30.2295
29.9672
26.68
26.4358
23.4208
23.2035
20.7062
20.5409
18.6451
18.5111
16.8619
16.74
15.2106
15.0965
13.6656
13.5587
12.2176
12.1181
10.8591
10.765
9.58426
9.49742
8.44068
8.36737
7.54045
7.48456
6.80762
6.75803
6.13619
6.08976
5.50485
5.46109
4.90953
4.86823
4.34611
4.30695
3.81262
3.77563
3.3226
3.29113
2.56058
2.49977
1.90681
1.87115
1.49249
1.46811
1.20006
1.18226
0.977246
0.963408
0.806727
0.79579
0.664314
0.655066
0.544725
-1.75906
-1.78912
-1.81931
-1.84994
-1.88069
-1.9117
-1.97115
-2.00296
-2.03502
-2.06734
-2.09994
-2.13274
-2.19574
-2.2294
-2.26336
-2.2976
-2.33215
-2.36704
-2.43391
-2.46976
-2.50596
-2.5426
-2.57966
-2.61728
-2.69049
-2.73025
-2.77119
-2.81286
-2.85638
-2.9015
-2.99251
-3.04345
-3.0962
-3.15111
-3.20802
-3.26629
-3.38072
-3.44283
-3.50574
-3.56955
-3.63417
-3.69939
-3.82448
-3.89142
-3.95893
-4.02716
-4.09586
-4.16523
-4.29819
-4.36944
-4.44112
-4.51352
-4.58639
-4.66027
-4.80156
-4.87728
-4.9536
-5.03063
-5.10837
-5.18689
-5.33762
-5.41811
-5.49943
-5.58161
-5.66442
-5.7481
-5.90867
-5.99469
-6.08137
-6.16882
-6.25738
-6.34696
-6.51945
-6.61283
-6.70755
-6.80363
-6.90213
-7.00301
-7.20244
-7.31335
-7.42887
-7.54948
-7.67612
-7.80814
-8.0722
-8.21909
-8.36961
-8.5241
-8.68159
-8.84131
-9.15095
-9.31727
-9.48503
-9.65457
-9.82567
-9.99819
-10.3297
-10.5068
-10.6857
-10.8663
-11.0485
-11.2326
-11.5853
-11.7741
-11.9646
-12.157
-12.3514
-12.5476
-12.9239
-13.1256
-13.3292
-13.5351
-13.7427
-13.9517
-14.3541
-14.5695
-14.7871
-15.0073
-15.2288
-15.453
-15.8831
-16.1142
-16.3482
-16.5848
-16.8259
-17.0697
-17.5468
-17.8062
-18.0734
-18.3493
-18.6353
-18.9321
-19.5342
-19.8746
-20.2295
-20.5985
-20.9823
-21.3782
-22.1539
-22.5771
-23.0067
-23.4423
-23.8846
-24.3316
-25.1899
-25.6502
-26.1148
-26.585
-27.0594
-27.5385
-28.4589
-28.9532
-29.4514
-29.9552
-30.4628
-30.9793
-31.9679
-32.4993
-33.0361
-33.5789
-34.1276
-34.6833
-35.7528
-36.3268
-36.9071
-37.4965
-38.0908
-38.693
-39.8538
-40.4787
-41.1114
-41.7516
-42.402
-43.0622
-44.3426
-45.0388
-45.7497
-46.4745
-47.2212
-47.9901
-49.523
-50.3834
-51.2853
-52.2304
-53.2305
-54.28
-56.3978
-57.5881
-58.816
-60.0833
-61.3839
-62.7181
-65.3222
-66.743
-68.1869
-69.6597
-71.1613
-72.6903
-75.6756
-77.3019
-78.9593
-80.6538
-82.3826
-84.1601
-87.6533
-89.5622
-91.5309
-93.5457
-95.6127
-97.7411
-101.97
-104.303
-106.71
-109.189
-111.77
-114.441
-119.836
-122.828
-125.932
-129.179
-132.571
-136.178
-143.448
-147.551
-151.943
-156.542
-161.493
-166.707
-177.693
-184.211
-191.196
-198.85
-207.196
-216.494
-236.354
-248.192
-261.219
-275.238
-290.099
-306.044
-339.466
-358.726
-378.47
-398.567
-418.963
-439.257
-473.234
-487.109
-497.814
-504.529
-506.848
-505.561
-490.157
-475.747
-456.742
-433.201
-405.211
-371.533
-296.524
-251.155
-203.805
-154.912
-105.2
-54.8207
40.6242
90.8161
140.601
189.125
236.607
282.139
356.617
389.916
418.596
441.849
461.007
475.034
489.885
491.567
488.91
481.862
471.102
457.398
423.653
404.114
384.422
364.511
345.242
327.008
295.504
280.422
266.403
253.541
241.77
230.885
212.42
203.678
195.777
188.453
181.594
175.185
164.286
159.024
154
149.366
144.922
140.763
133.388
129.756
126.286
122.972
119.804
116.76
111.288
108.555
105.909
103.37
100.917
98.5421
94.2266
92.0559
89.9419
87.8881
85.8769
83.9357
80.3778
78.5656
76.7933
75.0623
73.3704
71.7177
68.7032
67.171
65.6839
64.2447
62.8537
61.5228
59.161
58.0029
56.904
55.8564
54.861
53.913
52.2099
51.3553
50.5234
49.7125
48.9218
48.1453
46.7176
45.981
45.2557
44.5423
43.8392
43.1447
41.8576
41.1902
40.5339
39.8848
39.2424
38.6076
37.4304
36.8189
36.2151
35.6182
35.0282
34.4451
33.3598
32.7967
32.2397
31.6886
31.1422
30.6037
29.5964
29.0717
28.5537
28.0399
27.5316
27.0287
26.0916
25.6058
25.1265
24.6553
24.1901
23.7339
22.9001
22.4781
22.0697
21.6785
21.3039
20.9471
20.3121
19.998
19.6941
19.4001
19.1149
18.8368
18.3241
18.0605
17.8002
17.5425
17.2883
17.0366
16.5681
16.324
16.0827
15.844
15.6071
15.3734
14.9359
14.7079
14.482
14.258
14.0372
13.8176
13.4081
13.1946
12.9832
12.7739
12.5665
12.3604
11.9766
11.7763
11.5779
11.3813
11.1865
10.9935
10.632
10.4438
10.2573
10.0726
9.88997
9.70925
9.37482
9.20164
9.03184
8.8659
8.70413
8.5473
8.26567
8.12611
7.9923
7.86387
7.74032
7.62166
7.40656
7.29671
7.18951
7.08443
6.98083
6.87843
6.68805
6.58878
6.49085
6.39376
6.29765
6.20238
6.02442
5.93152
5.8391
5.7477
5.6574
5.56748
5.39928
5.3116
5.22462
5.13847
5.05308
4.96844
4.80987
4.72704
4.64475
4.56329
4.48232
4.40197
4.25159
4.17307
4.09522
4.01791
3.94123
3.86528
3.72349
3.65024
3.57767
3.50649
3.43666
3.36872
3.24727
3.18854
3.1315
2.96225
2.79827
2.65273
2.41838
2.3114
2.21307
2.12219
2.03774
1.95904
1.8224
1.75654
1.69511
1.63661
1.58091
1.528
1.43459
1.38918
1.3463
1.30481
1.26473
1.22608
1.15766
1.12348
1.09045
1.05828
1.02711
0.997358
0.944248
0.917847
0.892586
0.868598
0.845285
0.82244
0.780468
0.758976
0.737951
0.717394
0.697305
0.677683
0.64218
0.624204
0.606665
0.589654
0.572494
0.555625
