-1.68924
-1.82126
-1.9576
-2.09893
-2.24531
-2.39652
-2.55341
-2.71927
-2.90531
-3.13379
-3.40033
-3.68517
-3.98142
-4.28865
-4.60671
-4.9369
-5.28089
-5.63833
-6.009
-6.39445
-6.79853
-7.24526
-7.7893
-8.44661
-9.16655
-9.91951
-10.6996
-11.5102
-12.3526
-13.2297
-14.1441
-15.0949
-16.0827
-17.1164
-18.2416
-19.5811
-21.2507
-23.1365
-25.1247
-27.1977
-29.3586
-31.6136
-33.9768
-36.4606
-39.065
-41.8047
-44.7096
-47.8627
-51.5924
-56.3579
-62.024
-68.2626
-75.0191
-82.3953
-90.5628
-99.7485
-110.272
-122.57
-137.291
-155.595
-179.698
-214.305
-267.452
-344.055
-441.574
-520.539
-520.401
-427.626
-238.57
-7.03551
224.011
413.691
504.815
504.067
425.396
330.003
259.311
210.999
177.678
153.379
134.726
119.644
107.054
96.3154
86.9163
78.5401
70.9679
64.1378
58.3275
53.7914
50.0634
46.7167
43.5886
40.6324
37.835
35.1773
32.6533
30.2446
27.9363
25.7232
23.6215
21.7167
20.1642
18.8945
17.7414
16.6459
15.595
14.5827
13.6088
12.6759
11.7797
10.9145
10.0813
9.28115
8.53687
7.90637
7.39345
6.93521
6.5012
6.08256
5.67807
5.28796
4.91142
4.54764
4.19551
3.85411
3.52559
3.22617
2.69861
2.18973
1.83995
1.57346
1.36107
1.18842
1.04274
0.917736
0.812881
0.718448
0.634082
0.558731
-1.69003
-1.82045
-1.82207
-1.95676
-1.95843
-2.09806
-2.0998
-2.24441
-2.24621
-2.39559
-2.39744
-2.55244
-2.55438
-2.71823
-2.72032
-2.90407
-2.90654
-3.13227
-3.13531
-3.39865
-3.40201
-3.68341
-3.68692
-3.9796
-3.98324
-4.28676
-4.29054
-4.60476
-4.60865
-4.93487
-4.93893
-5.27877
-5.28303
-5.63617
-5.6405
-6.00671
-6.0113
-6.39205
-6.39684
-6.79607
-6.80103
-7.24231
-7.2482
-7.78561
-7.79299
-8.44245
-8.45078
-9.16205
-9.17105
-9.91488
-9.92414
-10.6948
-10.7044
-11.5052
-11.5152
-12.3474
-12.3578
-13.2243
-13.2351
-14.1384
-14.1497
-15.0891
-15.1008
-16.0766
-16.0888
-17.11
-17.1229
-18.2345
-18.2487
-19.572
-19.5902
-21.2398
-21.2616
-23.1248
-23.1482
-25.1124
-25.1369
-27.1849
-27.2105
-29.3453
-29.3719
-31.5997
-31.6274
-33.9621
-33.9914
-36.4452
-36.476
-39.0491
-39.0809
-41.7876
-41.8217
-44.691
-44.7281
-47.8425
-47.883
-51.5671
-51.6178
-56.3257
-56.3902
-61.9879
-62.0602
-68.2234
-68.3018
-74.9766
-75.0617
-82.3485
-82.4421
-90.5107
-90.6149
-99.6893
-99.8077
-110.203
-110.34
-122.489
-122.651
-137.193
-137.389
-155.468
-155.723
-179.528
-179.869
-214.049
-214.562
-267.057
-267.848
-343.521
-344.59
-440.935
-442.214
-520.211
-520.869
-520.681
-520.116
-428.492
-426.755
-239.883
-237.254
-8.45036
-5.62039
222.667
225.335
412.783
414.559
504.56
505.067
504.388
503.775
425.993
424.799
330.51
329.496
259.673
258.949
211.238
210.761
177.849
177.508
153.509
153.251
134.826
134.626
119.727
119.561
107.125
106.984
96.3757
96.2552
86.9698
86.8629
78.5882
78.492
71.0116
70.9241
64.1763
64.0992
58.3586
58.2964
53.8157
53.7672
50.0846
50.0423
46.7361
46.6972
43.6072
43.57
40.6498
40.615
37.8511
37.8189
35.1932
35.1615
32.6682
32.6384
30.2588
30.2305
27.95
27.9226
25.7363
25.7102
23.6337
23.6092
21.7273
21.7062
20.1726
20.1558
18.9017
18.8873
17.7482
17.7346
16.6524
16.6394
15.6012
15.5888
14.5888
14.5767
13.6146
13.603
12.6814
12.6704
11.785
11.7743
10.9197
10.9094
10.0862
10.0763
9.28587
9.27644
8.54107
8.53267
7.90975
7.90299
7.39638
7.39052
6.93789
6.93254
6.50372
6.49868
6.0851
6.08003
5.68046
5.67567
5.29024
5.28568
4.91372
4.90917
4.5498
4.54548
4.19759
4.19342
3.85614
3.85207
3.52752
3.52366
3.2278
3.22455
2.70252
2.69472
2.1922
2.18727
1.84178
1.83812
1.57488
1.57204
1.3622
1.35994
1.18937
1.18747
1.04356
1.04193
0.918427
0.917047
0.813479
0.812283
0.718991
0.717906
0.634561
0.633604
0.559172
-1.69553
-1.81473
-1.82774
-1.95091
-1.9643
-2.09197
-2.1059
-2.2381
-2.2525
-2.38911
-2.40395
-2.54565
-2.5612
-2.71094
-2.72752
-2.89549
-2.91524
-3.12166
-3.14597
-3.38691
-3.41377
-3.67112
-3.69923
-3.96688
-3.99599
-4.27353
-4.30371
-4.59117
-4.62235
-4.92064
-4.95328
-5.26392
-5.298
-5.62104
-5.65579
-5.99076
-6.02747
-6.37534
-6.41363
-6.7788
-6.81878
-7.22182
-7.26895
-7.75988
-7.81892
-8.41345
-8.48033
-9.13069
-9.20258
-9.88212
-9.95657
-10.6614
-10.738
-11.4703
-11.5502
-12.3108
-12.3942
-13.1866
-13.2729
-14.0991
-14.1891
-15.0481
-15.1419
-16.0342
-16.1314
-17.065
-17.1681
-18.184
-18.2988
-19.5087
-19.6542
-21.1638
-21.3382
-23.0426
-23.23
-25.0269
-25.2226
-27.0954
-27.3005
-29.2521
-29.4651
-31.5032
-31.7244
-33.8599
-34.095
-36.3376
-36.5833
-38.9381
-39.1936
-41.6689
-41.9412
-44.5622
-44.8565
-47.703
-48.0257
-51.3907
-51.7965
-56.1027
-56.6176
-61.7377
-62.3137
-67.9494
-68.5769
-74.6783
-75.3603
-82.0218
-82.7708
-90.1469
-90.981
-99.278
-100.224
-109.724
-110.823
-121.927
-123.22
-136.519
-138.091
-154.598
-156.618
-178.344
-181.07
-212.282
-216.381
-264.329
-270.641
-339.795
-348.344
-436.672
-446.763
-518.223
-523.054
-522.526
-517.691
-434.547
-420.422
-249.008
-227.862
-18.3512
4.28335
213.241
234.49
406.263
420.51
502.703
506.76
506.495
501.813
430.139
420.592
334.083
325.924
262.257
256.477
212.919
209.104
179.051
176.323
154.431
152.371
135.533
133.929
120.309
118.985
107.622
106.497
96.7988
95.835
87.3448
86.4899
78.9256
78.157
71.3176
70.6184
64.4475
63.832
58.578
58.0804
53.9865
53.596
50.2329
49.8957
46.8726
46.561
43.7362
43.4404
40.7717
40.4936
37.9658
37.7046
35.3042
35.052
32.7726
32.5342
30.3569
30.1314
28.0469
27.8269
25.828
25.6189
23.7182
23.5236
21.8018
21.6326
20.2316
20.0981
18.9517
18.8369
17.7956
17.6873
16.6979
16.594
15.6446
15.5453
14.6309
14.5344
13.6549
13.5628
12.7201
12.6319
11.8222
11.7365
10.9556
10.8735
10.1209
10.0419
9.31892
9.24298
8.57068
8.50343
7.93354
7.87952
7.41691
7.37007
6.95664
6.91403
6.52168
6.48099
6.10258
6.0625
5.6973
5.65893
5.30635
5.26965
4.92962
4.89349
4.56497
4.53033
4.21208
4.17886
3.87037
3.83785
3.54105
3.51021
3.23928
3.21325
2.73034
2.6679
2.20964
2.17023
1.85469
1.82532
1.58491
1.56212
1.37014
1.35213
1.19603
1.18087
1.04927
1.03627
0.923281
0.912243
0.817676
0.808106
0.7228
0.714123
0.637921
0.630268
0.56227
-1.70943
-1.72747
-1.74568
-1.76387
-1.7821
-1.80041
-1.84198
-1.86067
-1.87944
-1.89819
-1.9171
-1.93614
-1.97915
-1.99852
-2.01791
-2.03738
-2.05707
-2.07672
-2.12131
-2.14125
-2.16136
-2.18156
-2.2018
-2.22219
-2.2683
-2.28902
-2.30994
-2.33065
-2.35163
-2.3729
-2.42047
-2.44199
-2.46344
-2.485
-2.50687
-2.52868
-2.5784
-2.60073
-2.62334
-2.64636
-2.66916
-2.69246
-2.74597
-2.77051
-2.79562
-2.8211
-2.84734
-2.87428
-2.93764
-2.96733
-2.99792
-3.02948
-3.06212
-3.09542
-3.17327
-3.20901
-3.24525
-3.28239
-3.31948
-3.35723
-3.44336
-3.48229
-3.52169
-3.5607
-3.60038
-3.64042
-3.73043
-3.77101
-3.81158
-3.85238
-3.89372
-3.93494
-4.02852
-4.07021
-4.11241
-4.15498
-4.19722
-4.24004
-4.33689
-4.38047
-4.42419
-4.46801
-4.51219
-4.5567
-4.65707
-4.70231
-4.74738
-4.79284
-4.83897
-4.88488
-4.98962
-5.03631
-5.08354
-5.13136
-5.17868
-5.2266
-5.33555
-5.38443
-5.43357
-5.48267
-5.53224
-5.58222
-5.69476
-5.74582
-5.79632
-5.84743
-5.89928
-5.95069
-6.06817
-6.1203
-6.17312
-6.22631
-6.27988
-6.33364
-6.45556
-6.51027
-6.56611
-6.62139
-6.67723
-6.73456
-6.86397
-6.9239
-6.98329
-7.04471
-7.10782
-7.17118
-7.3219
-7.39177
-7.46427
-7.53916
-7.61659
-7.69613
-7.88472
-7.972
-8.06158
-8.15285
-8.24503
-8.33994
-8.55531
-8.65385
-8.7519
-8.85115
-8.95233
-9.05239
-9.28181
-9.38407
-9.48749
-9.59142
-9.69553
-9.80039
-10.0383
-10.1448
-10.2526
-10.3595
-10.4679
-10.5776
-10.8234
-10.9348
-11.0452
-11.1569
-11.2696
-11.3825
-11.6389
-11.7537
-11.8693
-11.9855
-12.1019
-12.2191
-12.4856
-12.6052
-12.7265
-12.8467
-12.9685
-13.0923
-13.3688
-13.4939
-13.6198
-13.7458
-13.8729
-14.0001
-14.2894
-14.4187
-14.5488
-14.6807
-14.8118
-14.9442
-15.2446
-15.3794
-15.5164
-15.6512
-15.7882
-15.9265
-16.2395
-16.3804
-16.5222
-16.6637
-16.8086
-16.9535
-17.2841
-17.4326
-17.5847
-17.7407
-17.8957
-18.056
-18.4285
-18.6022
-18.7815
-18.9645
-19.1546
-19.3514
-19.8186
-20.0394
-20.2647
-20.495
-20.7321
-20.9756
-21.5348
-21.7877
-22.0453
-22.307
-22.5684
-22.8336
-23.4369
-23.7089
-23.9836
-24.2563
-24.5328
-24.8116
-25.4403
-25.7251
-26.009
-26.2937
-26.583
-26.871
-27.5289
-27.8211
-28.1176
-28.4176
-28.7154
-29.0165
-29.7017
-30.0093
-30.3195
-30.6303
-30.943
-31.2583
-31.9719
-32.2955
-32.6179
-32.9436
-33.2739
-33.6026
-34.3571
-34.6923
-35.0319
-35.375
-35.7208
-36.0676
-36.8557
-37.2104
-37.5685
-37.9275
-38.2877
-38.6544
-39.4803
-39.8557
-40.2288
-40.6063
-40.9903
-41.3707
-42.244
-42.6381
-43.0346
-43.4344
-43.8391
-44.2437
-45.1766
-45.5961
-46.0276
-46.4591
-46.8985
-47.3527
-48.3929
-48.8789
-49.3702
-49.8818
-50.4119
-50.9557
-52.2565
-52.8714
-53.5072
-54.1698
-54.8502
-55.5482
-57.1918
-57.9438
-58.7184
-59.4999
-60.2951
-61.1072
-62.9579
-63.8035
-64.6512
-65.5122
-66.3846
-67.262
-69.2751
-70.1856
-71.1063
-72.0398
-72.982
-73.9332
-76.1178
-77.1095
-78.1156
-79.1301
-80.1609
-81.2054
-83.6061
-84.697
-85.8064
-86.9333
-88.0749
-89.2344
-91.9111
-93.1344
-94.3799
-95.6457
-96.9355
-98.2476
-101.285
-102.679
-104.093
-105.549
-107.033
-108.539
-112.049
-113.663
-115.324
-117.018
-118.747
-120.515
-124.668
-126.6
-128.577
-130.594
-132.681
-134.832
-139.879
-142.249
-144.671
-147.181
-149.787
-152.47
-158.891
-161.914
-165.072
-168.391
-171.812
-175.418
-184.149
-188.422
-192.909
-197.577
-202.652
-207.99
-221.185
-227.719
-234.592
-241.865
-249.696
-257.755
-277.825
-287.413
-297.391
-308.071
-318.769
-330.384
-357.905
-371.104
-384.542
-397.557
-412.215
-426.519
-457.729
-471.014
-483.081
-494.781
-504.933
-512.909
-526.62
-529.17
-531.409
-531.459
-528.408
-526.218
-511.157
-503.209
-492.812
-479.598
-465.278
-448.854
-404.384
-381.88
-356.321
-330.062
-302.288
-272.479
-203.662
-171.716
-140.021
-107.867
-75.4726
-43.3257
29.2619
61.4318
93.5378
125.491
157.514
189.147
258.09
287.803
315.483
342.301
367.49
389.909
434.678
449.943
465.271
478.138
488.37
496.784
510.268
513.097
515.422
514.975
512.76
510.368
496.46
488.01
477.174
466.399
454.053
440.223
409.691
395.476
382.037
368.82
355.789
343.29
317.064
306.437
296.441
286.701
277.402
268.809
250.664
243.331
236.249
229.663
223.362
217.246
205.008
199.856
195.154
190.617
186.236
182.118
173.391
169.798
166.368
163.028
159.844
156.766
150.229
147.495
144.809
142.265
139.788
137.359
132.197
129.987
127.865
125.79
123.758
121.786
117.541
115.734
113.964
112.226
110.538
108.884
105.291
103.754
102.24
100.758
99.3078
97.8815
94.7793
93.4368
92.1185
90.826
89.5516
88.2979
85.5547
84.3669
83.197
82.0405
80.9031
79.7831
77.318
76.2457
75.1858
74.1418
73.1095
72.0923
69.8548
68.8856
67.9265
66.9801
66.0562
65.1419
63.1627
62.3089
61.4813
60.6793
59.8982
59.1427
57.545
56.8726
56.2292
55.608
55.0041
54.4212
53.1716
52.6424
52.1194
51.6057
51.1077
50.611
49.5304
49.0547
48.5883
48.1308
47.6712
47.2188
46.2178
45.7783
45.3453
44.9147
44.4845
44.0617
43.1187
42.7081
42.2947
41.8867
41.4853
41.0811
40.1887
39.7981
39.4091
39.0239
38.6392
38.2581
37.4134
37.0403
36.673
36.306
35.941
35.5811
34.7772
34.4271
34.0744
33.7253
33.3798
33.0374
32.2723
31.9355
31.6011
31.2695
30.9397
30.6094
29.8793
29.5565
29.2387
28.9191
28.602
28.2892
27.5863
27.278
26.9718
26.6663
26.3625
26.062
25.3901
25.0958
24.7997
24.5106
24.2227
23.9354
23.3071
23.0335
22.7669
22.5012
22.2428
21.9919
21.4507
21.2222
21.0017
20.7875
20.5818
20.3828
19.9538
19.7732
19.5932
19.4208
19.2495
19.0793
18.7091
18.5473
18.3894
18.2292
18.0714
17.9169
17.5684
17.416
17.2635
17.1122
16.9625
16.8137
16.4809
16.3338
16.1872
16.0437
15.8981
15.754
15.4345
15.2928
15.1531
15.0134
14.8746
14.7366
14.4288
14.2932
14.1579
14.0231
13.8901
13.7577
13.4624
13.3316
13.2019
13.0744
12.9457
12.8179
12.5351
12.4098
12.2852
12.1616
12.0384
11.9159
11.6426
11.5227
11.4028
11.2831
11.1651
11.0469
10.7841
10.6672
10.5514
10.4367
10.3226
10.2085
9.95532
9.84258
9.73146
9.62183
9.51092
9.40215
9.16042
9.05562
8.95044
8.8474
8.74694
8.64644
8.43067
8.33808
8.2481
8.16124
8.07705
7.99494
7.82132
7.74634
7.67432
7.6049
7.53516
7.46784
7.31966
7.25595
7.19191
7.12875
7.06688
7.00425
6.8673
6.80649
6.7461
6.68643
6.62653
6.56714
6.43557
6.37692
6.31902
6.26141
6.20352
6.14651
6.0188
5.96291
5.90644
5.85066
5.79539
5.73986
5.61684
5.56235
5.50808
5.45441
5.40104
5.34737
5.22883
5.17611
5.12406
5.07212
5.02022
4.96902
4.8541
4.80367
4.75311
4.703
4.65309
4.60332
4.49228
4.44331
4.39426
4.34588
4.29773
4.24918
4.1418
4.09423
4.04721
3.99991
3.95283
3.90614
3.80215
3.7562
3.71059
3.66508
3.62003
3.57554
3.47668
3.43355
3.39086
3.34936
3.30863
3.26888
3.18603
3.15341
3.12346
3.02693
2.90873
2.80413
2.60264
2.52405
2.45074
2.38207
2.3167
2.25502
2.12817
2.07578
2.02555
1.97754
1.93164
1.88774
1.79368
1.75414
1.71624
1.68006
1.64489
1.61064
1.53748
1.50647
1.4763
1.44701
1.41846
1.39073
1.33265
1.30758
1.28303
1.25906
1.23555
1.213
1.16438
1.14342
1.12288
1.10281
1.08312
1.06386
1.02216
1.00408
0.986297
0.969022
0.952148
0.935698
0.900308
0.885232
0.870668
0.856403
0.842281
0.828332
0.797648
0.784262
0.77105
0.758041
0.745175
0.732484
0.704672
0.692623
0.680783
0.669168
0.657723
0.646475
0.621937
0.611326
0.600912
0.590716
0.580465
0.570143
