-2.11993
-2.39459
-2.69984
-3.05974
-3.49885
-4.00366
-4.55713
-5.15774
-5.81152
-6.53326
-7.3662
-8.3901
-9.61503
-10.984
-12.4777
-14.1057
-15.8956
-17.9223
-20.3765
-23.4175
-26.932
-30.8231
-35.1092
-39.8749
-45.3057
-51.8774
-60.3815
-71.0668
-83.9592
-99.7716
-120.144
-148.333
-191.493
-263.173
-364.987
-418.638
-294.857
-7.06723
280.539
404.895
353.097
255.595
187.217
144.97
116.762
96.2237
80.2775
67.5098
57.5746
50.0214
43.8678
38.5267
33.7583
29.4521
25.575
22.2262
19.5257
17.2974
15.3309
13.5426
11.9016
10.3965
9.04774
7.91613
6.99055
6.18457
5.45093
4.77318
4.14522
3.57221
2.86859
2.00867
1.50698
1.16957
0.925666
-2.12082
-2.39362
-2.39557
-2.69873
-2.70095
-3.05839
-3.06108
-3.49724
-3.50047
-4.00187
-4.00546
-4.55518
-4.55908
-5.15563
-5.15986
-5.80921
-5.81383
-6.53067
-6.53585
-7.36308
-7.3693
-8.38627
-8.39394
-9.61062
-9.61944
-10.9792
-10.9889
-12.4724
-12.483
-14.1
-14.1115
-15.8892
-15.902
-17.9148
-17.9297
-20.3672
-20.3858
-23.4063
-23.4287
-26.9195
-26.9446
-30.8093
-30.8369
-35.094
-35.1245
-39.8578
-39.892
-45.2858
-45.3257
-51.8523
-51.9025
-60.349
-60.4141
-71.0271
-71.1065
-83.9113
-84.0071
-99.7117
-99.8316
-120.064
-120.223
-148.218
-148.448
-191.308
-191.679
-262.869
-263.478
-364.643
-365.331
-418.71
-418.564
-295.621
-294.091
-8.14758
-5.98668
279.775
281.3
404.818
404.971
353.433
352.76
255.883
255.309
187.397
187.038
145.084
144.855
116.842
116.682
96.2843
96.1631
80.3257
80.2294
67.5482
67.4714
57.6037
57.5456
50.0441
49.9987
43.8871
43.8486
38.5437
38.5097
33.7736
33.743
29.4659
29.4382
25.5873
25.5627
22.2365
22.216
19.5339
19.5176
17.3044
17.2904
15.3372
15.3245
13.5484
13.5368
11.9069
11.8963
10.4014
10.3916
9.05198
9.04351
7.91957
7.91269
6.99344
6.98766
6.18716
6.18198
5.45331
5.44855
4.77539
4.77097
4.14726
4.14318
3.57403
3.57039
2.87263
2.86455
2.0108
2.00655
1.50835
1.50561
1.17051
1.16863
0.92637
-2.12885
-2.38487
-2.40434
-2.68881
-2.71093
-3.04631
-3.07326
-3.48279
-3.51501
-3.98575
-4.02163
-4.53765
-4.57667
-5.1366
-5.17895
-5.78842
-5.83469
-6.5074
-6.55924
-7.3353
-7.39735
-8.35189
-8.4286
-9.57096
-9.65924
-10.9357
-11.0325
-12.4251
-12.5305
-14.0482
-14.1634
-15.8318
-15.9596
-17.8481
-17.9969
-20.284
-20.4698
-23.3059
-23.5296
-26.8068
-27.0577
-30.6853
-30.9614
-34.957
-35.262
-39.7043
-40.0462
-45.1069
-45.5056
-51.6275
-52.1295
-60.0572
-60.7085
-70.6709
-71.4652
-83.4815
-84.4401
-99.1747
-100.374
-119.353
-120.944
-147.193
-149.488
-189.654
-193.361
-260.148
-266.241
-361.532
-368.441
-419.27
-417.803
-302.4
-287.1
-17.8624
3.74661
272.803
288.063
404.008
405.542
356.443
349.724
258.492
252.723
189.03
185.442
146.118
143.835
117.567
115.967
96.8321
95.6203
80.761
79.7978
67.8953
67.1276
57.8668
57.2855
50.2491
49.795
44.0609
43.6757
38.6973
38.3567
33.9116
33.6055
29.5909
29.3137
25.6986
25.452
22.329
22.1243
19.6078
19.4442
17.3677
17.2273
15.3942
15.2677
13.6006
13.4848
11.9549
11.8484
10.4452
10.348
9.09018
9.00555
7.9506
7.88188
7.01953
6.96171
6.21051
6.1587
5.47479
5.42713
4.79529
4.75113
4.16565
4.12486
3.59048
3.55402
2.90936
2.82867
2.03011
1.98762
1.52076
1.49336
1.17904
1.16025
0.932743
-2.15562
-2.19468
-2.23424
-2.27434
-2.31493
-2.35607
-2.43364
-2.47655
-2.52022
-2.5647
-2.60999
-2.65622
-2.74443
-2.79394
-2.8448
-2.89718
-2.9511
-3.0068
-3.11419
-3.17497
-3.23753
-3.30184
-3.36777
-3.43525
-3.56366
-3.6351
-3.70775
-3.78167
-3.85658
-3.93257
-4.07561
-4.15448
-4.23433
-4.31524
-4.39704
-4.47981
-4.63531
-4.72092
-4.80754
-4.8953
-4.98403
-5.07385
-5.2426
-5.33561
-5.42979
-5.52531
-5.62195
-5.7199
-5.90435
-6.0063
-6.1098
-6.21506
-6.32205
-6.43089
-6.63762
-6.75291
-6.87093
-6.99216
-7.11644
-7.24447
-7.49155
-7.63146
-7.77628
-7.92592
-8.08013
-8.23917
-8.5449
-8.7165
-8.89209
-9.07161
-9.25436
-9.4404
-9.79213
-9.98666
-10.184
-10.3842
-10.5869
-10.7921
-11.1782
-11.3909
-11.6063
-11.8246
-12.0454
-12.2688
-12.689
-12.9206
-13.1552
-13.393
-13.6337
-13.8776
-14.3368
-14.5903
-14.8474
-15.1087
-15.3737
-15.6429
-16.1524
-16.4353
-16.7238
-17.0191
-17.3206
-17.6297
-18.2228
-18.5574
-18.9028
-19.2604
-19.6298
-20.012
-20.7526
-21.1726
-21.6054
-22.051
-22.5081
-22.976
-23.8675
-24.3638
-24.8691
-25.3835
-25.9055
-26.4356
-27.4351
-27.9877
-28.5481
-29.1163
-29.6925
-30.2767
-31.3767
-31.9846
-32.6012
-33.2268
-33.8617
-34.506
-35.7212
-36.3943
-37.0783
-37.7736
-38.4806
-39.1997
-40.562
-41.3203
-42.0943
-42.885
-43.6939
-44.522
-46.1088
-47.0039
-47.9271
-48.8811
-49.8695
-50.8949
-52.895
-54.0429
-55.2365
-56.4772
-57.7666
-59.1047
-61.6989
-63.1703
-64.6869
-66.2483
-67.854
-69.5046
-72.6687
-74.4491
-76.2778
-78.1573
-80.0879
-82.0743
-85.8941
-88.0543
-90.2818
-92.5841
-94.9621
-97.4239
-102.203
-104.935
-107.775
-110.733
-113.815
-117.039
-123.385
-127.065
-130.939
-135.014
-139.32
-143.884
-153.047
-158.47
-164.282
-170.51
-177.18
-184.358
-199.138
-208.069
-217.733
-228.174
-239.378
-251.393
-275.673
-289.839
-304.602
-319.986
-335.519
-350.998
-378.398
-391.455
-402.878
-411.701
-417.599
-419.97
-414.083
-404.869
-391.297
-373.238
-350.602
-323.637
-262.732
-224.763
-183.735
-140.59
-95.8268
-49.8617
35.7569
81.6741
126.403
169.623
210.53
248.449
309.237
336.299
358.987
377.195
390.796
400.011
406.228
403.977
398.437
389.823
378.823
366.074
339.514
324.629
309.587
295.013
280.889
267.367
244.393
232.957
222.333
212.419
203.189
194.611
180.346
173.357
166.834
160.734
155.019
149.641
140.537
135.993
131.689
127.604
123.722
120.022
113.639
110.392
107.284
104.301
101.435
98.677
93.8507
91.3667
88.9657
86.6449
84.3986
82.2246
78.3872
76.4011
74.4762
72.6125
70.8092
69.0655
66.0065
64.4367
62.9271
61.4781
60.0882
58.7559
56.4398
55.2551
54.1175
53.0208
51.9619
50.9385
49.1284
48.1866
47.2683
46.3729
45.4981
44.642
43.1082
42.2997
41.5066
40.7274
39.9622
39.21
37.8537
37.1356
36.4288
35.7329
35.0475
34.3724
33.1526
32.5053
31.8673
31.2385
30.6187
30.0079
28.9039
28.3185
27.7423
27.1753
26.618
26.0707
25.0885
24.573
24.0695
23.5788
23.1024
22.64
21.8251
21.4043
20.9978
20.6045
20.2241
19.8561
19.2037
18.8639
18.5324
18.2078
17.8907
17.5795
17.0198
16.7238
16.4328
16.1457
15.8631
15.5847
15.0803
14.8124
14.5481
14.2868
14.0292
13.7748
13.3131
13.0676
12.8251
12.5852
12.3486
12.1149
11.6907
11.4651
11.2423
11.0222
10.8053
10.5914
10.2044
9.99972
9.79851
9.60088
9.4075
9.21837
8.88128
8.70579
8.53542
8.37005
8.20991
8.05497
7.78113
7.6392
7.50112
7.36641
7.23509
7.10675
6.87646
6.75506
6.63573
6.51816
6.40247
6.28848
6.08194
5.97222
5.86385
5.75668
5.65091
5.54636
5.35648
5.25533
5.15528
5.05624
4.95839
4.86161
4.68565
4.59186
4.49909
4.40727
4.31659
4.22698
4.06442
3.97802
3.89287
3.80896
3.72654
3.64559
3.50032
3.42419
3.35002
3.27775
3.20771
3.03719
2.71589
2.56686
2.43255
2.30995
2.19847
2.09643
1.92679
1.8437
1.7665
1.69409
1.62649
1.56294
1.45371
1.40009
1.34915
1.30013
1.25301
1.2082
1.13291
1.09386
1.05668
1.02094
0.986868
0.954353
