-2.18904
-2.39141
-2.60563
-2.84287
-3.13403
-3.48634
-3.87083
-4.27649
-4.70374
-5.15436
-5.6301
-6.13259
-6.6682
-7.26691
-8.01289
-8.91911
-9.90828
-10.9535
-12.0567
-13.2231
-14.4572
-15.7641
-17.1619
-18.745
-20.7403
-23.1681
-25.8231
-28.6425
-31.6383
-34.8324
-38.2505
-41.924
-45.9419
-50.62
-56.7105
-64.2991
-72.9378
-82.6638
-93.8728
-107.102
-123.317
-144.089
-172.659
-217.017
-290.936
-399.668
-498.254
-474.849
-294.143
-7.15485
279.802
460.142
482.31
385.493
281.193
212.896
170.178
141.419
120.302
103.771
90.2756
78.8528
68.9521
60.583
54.1623
49.131
44.7313
40.7084
36.9811
33.5111
30.2686
27.2159
24.363
21.8226
19.8073
18.1586
16.6596
15.2523
13.9226
12.6658
11.4754
10.3466
9.2844
8.33516
7.57373
6.93827
6.35394
5.80122
5.27556
4.77557
4.29797
3.84218
3.41563
2.9102
2.1845
1.73723
1.42036
1.18202
0.991555
0.840679
-2.18994
-2.39047
-2.39235
-2.60462
-2.60663
-2.84169
-2.84404
-3.13257
-3.1355
-3.48465
-3.48804
-3.86904
-3.87262
-4.27461
-4.27838
-4.70176
-4.70573
-5.15226
-5.15645
-5.62789
-5.63231
-6.13026
-6.13493
-6.66567
-6.67072
-7.26394
-7.26989
-8.00909
-8.01669
-8.91481
-8.9234
-9.90368
-9.91288
-10.9487
-10.9584
-12.0516
-12.0618
-13.2177
-13.2285
-14.4515
-14.463
-15.758
-15.7702
-17.1553
-17.1686
-18.7371
-18.7528
-20.7301
-20.7505
-23.1564
-23.1797
-25.8107
-25.8355
-28.6294
-28.6557
-31.6243
-31.6522
-34.8175
-34.8474
-38.2345
-38.2665
-41.9067
-41.9413
-45.9226
-45.9612
-50.5962
-50.6438
-56.6791
-56.7419
-64.2622
-64.3361
-72.8965
-72.9792
-82.6169
-82.7109
-93.8182
-93.9275
-107.036
-107.168
-123.235
-123.398
-143.982
-144.196
-172.502
-172.813
-216.755
-217.28
-290.517
-291.353
-399.117
-400.22
-498.036
-498.47
-475.299
-474.397
-295.335
-292.951
-8.49265
-5.81633
278.629
280.972
459.704
460.576
482.529
482.088
386.028
384.957
281.58
280.807
213.134
212.657
170.333
170.024
141.529
141.309
120.385
120.219
103.838
103.704
90.3314
90.2199
78.9008
78.8049
68.9937
68.9106
60.6167
60.5494
54.1873
54.1373
49.152
49.1101
44.7502
44.7124
40.7259
40.6909
36.9974
36.9649
33.5262
33.4959
30.2828
30.2544
27.2293
27.2025
24.3753
24.3506
21.833
21.8123
19.8154
19.7993
18.1657
18.1516
16.6662
16.6531
15.2585
15.2462
13.9284
13.9167
12.6713
12.6603
11.4807
11.4702
10.3515
10.3416
9.28902
9.27978
8.33905
8.33128
7.57681
7.57067
6.94101
6.93553
6.35651
6.35138
5.80366
5.79878
5.27788
5.27324
4.77778
4.77336
4.30009
4.29586
3.84418
3.84018
3.41745
3.41382
2.91466
2.90574
2.18696
2.18205
1.73889
1.73557
1.42158
1.41913
1.18297
1.18108
0.992326
0.990784
0.841292
-2.19686
-2.3832
-2.39964
-2.59686
-2.61447
-2.83264
-2.85314
-3.12122
-3.14701
-3.47161
-3.50112
-3.85523
-3.88649
-4.2601
-4.293
-4.6864
-4.72112
-5.13604
-5.17271
-5.61078
-5.64946
-6.11219
-6.15302
-6.64613
-6.69037
-7.24102
-7.29304
-7.97976
-8.04627
-8.88132
-8.95689
-9.86806
-9.94858
-10.911
-10.9961
-12.0119
-12.1016
-13.1756
-13.2706
-14.4071
-14.5075
-15.711
-15.8173
-17.1041
-17.2206
-18.6762
-18.8139
-20.6514
-20.8298
-23.067
-23.27
-25.715
-25.9315
-28.5277
-28.7576
-31.5161
-31.7607
-34.7019
-34.9633
-38.1107
-38.3906
-41.7732
-42.0756
-45.7736
-46.1097
-50.4128
-50.8292
-56.4367
-56.9867
-63.9768
-64.6229
-72.5771
-73.3001
-82.254
-83.0802
-93.3962
-94.3524
-106.531
-107.679
-122.605
-124.033
-143.156
-145.034
-171.298
-174.024
-214.753
-219.3
-287.304
-294.598
-394.873
-404.52
-496.231
-500.084
-478.702
-470.754
-304.452
-283.869
-18.8625
4.56658
269.425
289.93
456.193
463.826
484.116
480.254
390.166
380.787
284.62
277.854
215.006
210.801
171.542
168.834
142.382
140.462
121.036
119.576
104.359
103.187
90.7649
89.7895
79.2736
78.4342
69.3171
68.5893
60.8787
60.2902
54.3821
53.9441
49.3148
48.9484
44.8973
44.5659
40.8615
40.5556
37.1234
36.8392
33.6438
33.3787
30.3932
30.1443
27.3332
27.0988
24.4715
24.2548
21.9138
21.7324
19.878
19.737
18.2203
18.0971
16.717
16.6024
15.3066
15.1982
13.9738
13.8715
12.7142
12.6175
11.5214
11.4296
10.3901
10.3032
9.32489
9.24407
8.36933
8.3012
7.6007
7.54653
6.96226
6.91436
6.37641
6.33152
5.82257
5.7799
5.29589
5.25527
4.79492
4.75625
4.31647
4.27951
3.85974
3.82464
3.4316
3.39977
2.9496
2.87154
2.20619
2.16318
1.75188
1.72281
1.43116
1.40971
1.19037
1.17376
0.99833
0.984842
0.846055
-2.21728
-2.24581
-2.27448
-2.30339
-2.33248
-2.36186
-2.42124
-2.4512
-2.48157
-2.51208
-2.54295
-2.57415
-2.63776
-2.67014
-2.70339
-2.73703
-2.77158
-2.8066
-2.88027
-2.91904
-2.95929
-3.00094
-3.044
-3.08825
-3.18131
-3.22988
-3.27928
-3.32992
-3.38138
-3.43358
-3.53974
-3.5938
-3.64839
-3.70341
-3.75881
-3.81462
-3.92742
-3.98451
-4.04215
-4.10008
-4.15855
-4.21734
-4.33613
-4.39632
-4.45688
-4.51797
-4.57934
-4.64151
-4.76658
-4.82996
-4.89392
-4.9583
-5.0231
-5.08849
-5.22071
-5.28769
-5.35518
-5.42305
-5.49148
-5.56073
-5.7001
-5.77077
-5.84213
-5.91392
-5.98626
-6.0592
-6.2066
-6.28138
-6.35707
-6.43348
-6.51048
-6.58891
-6.74843
-6.82982
-6.9133
-6.99837
-7.08541
-7.17492
-7.36215
-7.46088
-7.56342
-7.67027
-7.78079
-7.89514
-8.13449
-8.2591
-8.38674
-8.517
-8.64927
-8.78356
-9.05648
-9.19554
-9.33599
-9.4774
-9.61985
-9.76366
-10.054
-10.2011
-10.3495
-10.4987
-10.6491
-10.8011
-11.1077
-11.2629
-11.4189
-11.5768
-11.7355
-11.8956
-12.2192
-12.3832
-12.5486
-12.7153
-12.883
-13.0524
-13.3954
-13.5687
-13.7438
-13.9197
-14.0975
-14.2768
-14.6392
-14.8227
-15.0085
-15.195
-15.3833
-15.5731
-15.9571
-16.152
-16.3495
-16.5487
-16.7506
-16.9552
-17.3741
-17.5885
-17.8076
-18.0323
-18.2627
-18.4999
-18.998
-19.2617
-19.5359
-19.8219
-20.1177
-20.4241
-21.0666
-21.4002
-21.7415
-22.0902
-22.4455
-22.8045
-23.5367
-23.9095
-24.2861
-24.6652
-25.0479
-25.4345
-26.2153
-26.6115
-27.0113
-27.4139
-27.8203
-28.2306
-29.0598
-29.4798
-29.9039
-30.3303
-30.7627
-31.1993
-32.0813
-32.5296
-32.9816
-33.4378
-33.8981
-34.3634
-35.3062
-35.7852
-36.2687
-36.7559
-37.2513
-37.7483
-38.7583
-39.2719
-39.7912
-40.3154
-40.8469
-41.3829
-42.4726
-43.0288
-43.5938
-44.1653
-44.7473
-45.3396
-46.5537
-47.1833
-47.8281
-48.4915
-49.1747
-49.8833
-51.3851
-52.1821
-53.0193
-53.8907
-54.7976
-55.737
-57.719
-58.7535
-59.8172
-60.9044
-62.0149
-63.149
-65.4758
-66.6714
-67.8848
-69.118
-70.371
-71.6451
-74.2548
-75.5953
-76.9614
-78.3494
-79.7633
-81.1966
-84.162
-85.6923
-87.263
-88.8584
-90.4959
-92.1687
-95.6149
-97.4034
-99.2541
-101.137
-103.069
-105.063
-109.192
-111.358
-113.59
-115.894
-118.312
-120.777
-125.935
-128.656
-131.485
-134.449
-137.535
-140.721
-147.555
-151.248
-155.066
-159.136
-163.378
-167.862
-177.7
-183.148
-188.936
-195.159
-201.824
-209.099
-225.431
-234.561
-244.35
-254.93
-266.247
-278.273
-304.338
-318.542
-333.677
-349.462
-366.142
-382.655
-416.875
-433.938
-450.526
-465.573
-478.76
-489.771
-504.021
-506.633
-506.812
-503.504
-496.879
-487.496
-458.919
-439.88
-417.59
-391.59
-362.211
-329.98
-256.076
-216.165
-175.756
-133.981
-92.0115
-49.4952
35.2903
77.6721
119.662
161.477
201.742
241.526
315.14
347.076
376.619
402.565
425.227
444.199
472.228
481.849
487.911
491.205
491.235
488.445
473.725
462.917
449.667
434.734
418.493
402.04
368.665
352.29
336.466
321.582
307.351
293.821
269.271
258.163
247.9
238.251
229.229
220.728
205.449
198.61
192.256
186.263
180.56
175.192
165.44
160.941
156.58
152.502
148.659
144.926
138.029
134.785
131.648
128.649
125.758
122.976
117.717
115.205
112.767
110.42
108.127
105.911
101.691
99.6662
97.6912
95.7672
93.8814
92.0582
88.5376
86.8252
85.1576
83.535
81.9337
80.3798
77.3526
75.8825
74.4388
73.024
71.636
70.2767
67.6549
66.3868
65.1515
63.9513
62.7859
61.6635
59.5432
58.5476
57.5944
56.6823
55.8053
54.9656
53.3783
52.6243
51.8926
51.1812
50.482
49.7987
48.4733
47.8277
47.1909
46.5635
45.9445
45.3334
44.1374
43.5482
42.9669
42.3927
41.8239
41.2618
40.16
39.6165
39.0773
38.544
38.0179
37.4969
36.4712
35.9654
35.4648
34.969
34.4779
33.9915
33.0356
32.5639
32.0966
31.6332
31.1729
30.7187
29.8217
29.3768
28.9373
28.5015
28.0687
27.6401
26.7955
26.3782
25.9654
25.557
25.1532
24.7561
23.9753
23.5944
23.2216
22.8567
22.5014
22.1558
21.5004
21.1917
20.8942
20.607
20.3301
20.0643
19.5552
19.3116
19.0723
18.8383
18.608
18.3813
17.9384
17.7198
17.5037
17.2896
17.0773
16.8672
16.4537
16.2486
16.0462
15.8453
15.6454
15.4482
15.0578
14.8648
14.6734
14.4832
14.2942
14.1081
13.7389
13.5564
13.3755
13.1958
13.0174
12.841
12.4922
12.3187
12.1478
11.9777
11.8088
11.6414
11.311
11.1469
10.9848
10.8232
10.6631
10.504
10.1904
10.0352
9.88174
9.7294
9.57882
9.43104
9.13979
8.99764
8.85848
8.72202
8.58919
8.45995
8.21461
8.09839
7.98636
7.87799
7.773
7.67197
7.47766
7.38401
7.29181
7.20145
7.11254
7.02502
6.85261
6.76766
6.68353
6.59982
6.51715
6.43517
6.27332
6.19315
6.11371
6.03484
5.95647
5.87872
5.72473
5.64862
5.57297
5.49762
5.42302
5.34905
5.20259
5.13012
5.0583
4.9869
4.91591
4.84551
4.70602
4.63678
4.56828
4.49997
4.43216
4.36479
4.23154
4.16556
4.09999
4.03477
3.96996
3.90581
3.77902
3.71638
3.6547
3.59343
3.53308
3.47378
3.35883
3.30411
3.25106
3.20103
3.15226
3.05624
2.77549
2.65419
2.54396
2.44319
2.35047
2.26449
2.10929
2.0386
1.97181
1.90867
1.84832
1.7912
1.68634
1.63715
1.59006
1.54486
1.50165
1.46006
1.3827
1.34669
1.31168
1.27761
1.2446
1.21264
1.15253
1.12379
1.09592
1.06869
1.04204
1.01628
0.967642
0.9445
0.922203
0.900679
0.880049
0.860183
