-2.56981
-2.77874
-3.01638
-3.29277
-3.60367
-3.93905
-4.29386
-4.66727
-5.06018
-5.47415
-5.91145
-6.37658
-6.88059
-7.44846
-8.11287
-8.87753
-9.71627
-10.6101
-11.5537
-12.5485
-13.5983
-14.7087
-15.8892
-17.162
-18.5798
-20.2334
-22.1743
-24.3513
-26.6998
-29.1978
-31.849
-34.6687
-37.6792
-40.9146
-44.4376
-48.388
-53.0343
-58.6626
-65.2936
-72.8193
-81.28
-90.8851
-101.996
-115.166
-131.259
-151.719
-179.155
-218.526
-276.381
-354.956
-438.507
-471.856
-407.746
-238.373
-7.22599
223.965
393.149
457.486
425.13
343.808
268.656
213.73
175.762
148.626
128.095
111.841
98.5053
87.247
77.5362
69.0972
61.9007
55.9834
51.1056
46.8881
43.0917
39.6009
36.358
33.3268
30.4823
27.8095
25.314
23.0424
21.0718
19.4021
17.9375
16.5966
15.3421
14.1583
13.0376
11.9747
10.9665
10.0141
9.12991
8.34192
7.66595
7.0765
6.53939
6.03629
5.55974
5.10627
4.67387
4.26131
3.86909
3.50188
3.16871
2.42914
1.9556
1.61827
1.36256
1.15905
-2.57083
-2.7776
-2.77988
-3.01506
-3.01771
-3.29125
-3.2943
-3.602
-3.60535
-3.93727
-3.94083
-4.29198
-4.29574
-4.66529
-4.66925
-5.0581
-5.06226
-5.47195
-5.47634
-5.90912
-5.91377
-6.37409
-6.37907
-6.87785
-6.88333
-7.4453
-7.45162
-8.10917
-8.11658
-8.87336
-8.8817
-9.71179
-9.72076
-10.6053
-10.6148
-11.5487
-11.5587
-12.5432
-12.5537
-13.5927
-13.6039
-14.7028
-14.7146
-15.8829
-15.8955
-17.1551
-17.1689
-18.572
-18.5877
-20.2241
-20.2427
-22.1636
-22.185
-24.3395
-24.363
-26.6873
-26.7123
-29.1845
-29.2111
-31.8349
-31.8631
-34.6536
-34.6837
-37.6631
-37.6953
-40.8973
-40.932
-44.4185
-44.4568
-48.3661
-48.41
-53.0079
-53.0607
-58.6308
-58.6944
-65.2569
-65.3302
-72.7781
-72.8605
-81.2336
-81.3264
-90.8319
-90.9383
-101.933
-102.058
-115.091
-115.241
-131.166
-131.352
-151.598
-151.84
-178.988
-179.323
-218.281
-218.772
-276.027
-276.736
-354.508
-355.405
-438.14
-438.873
-471.907
-471.803
-408.356
-407.132
-239.471
-237.272
-8.46888
-5.98315
222.869
225.058
392.535
393.76
457.424
457.545
425.481
424.777
344.241
343.375
268.993
268.319
213.965
213.496
175.925
175.599
148.747
148.505
128.189
128.002
111.916
111.765
98.5683
98.4423
87.3009
87.1932
77.583
77.4894
69.1377
69.0568
61.9345
61.8669
56.011
55.9558
51.1289
51.0824
46.9086
46.8675
43.1104
43.0729
39.6183
39.5835
36.3742
36.3418
33.342
33.3117
30.4965
30.4681
27.8229
27.7961
25.3264
25.3016
23.0534
23.0314
21.0811
21.0624
19.4101
19.3941
17.9447
17.9303
16.6033
16.5899
15.3484
15.3358
14.1643
14.1524
13.0432
13.032
11.9801
11.9694
10.9716
10.9614
10.0188
10.0093
9.13426
9.12557
8.3457
8.33815
7.66918
7.66271
7.07939
7.07361
6.54207
6.53672
6.03881
6.03376
5.56214
5.55734
5.10856
5.10399
4.67606
4.67169
4.2634
4.25923
3.87106
3.86712
3.5037
3.50006
3.17033
3.16709
2.43212
2.42617
1.95763
1.95358
1.61976
1.61677
1.36372
1.3614
1.15999
-2.57856
-2.76906
-2.78848
-3.00516
-3.02768
-3.27983
-3.30579
-3.58945
-3.61795
-3.9239
-3.95424
-4.27789
-4.30987
-4.65047
-4.68411
-5.04249
-5.07791
-5.4555
-5.49284
-5.8917
-5.93125
-6.35545
-6.39778
-6.85735
-6.90395
-7.42169
-7.47543
-8.08147
-8.14447
-8.84219
-8.91302
-9.67819
-9.75446
-10.5698
-10.6505
-11.5112
-11.5963
-12.5036
-12.5934
-13.551
-13.6458
-14.6585
-14.759
-15.8357
-15.9429
-17.1035
-17.2207
-18.5133
-18.6468
-20.1547
-20.3127
-22.0835
-22.2655
-24.2517
-24.4511
-26.5935
-26.8064
-29.0849
-29.3109
-31.7291
-31.9692
-34.541
-34.7967
-37.5426
-37.8163
-40.7671
-41.0627
-44.2753
-44.6008
-48.2024
-48.5749
-52.8109
-53.2597
-58.3934
-58.9338
-64.983
-65.6057
-72.47
-73.1705
-80.8865
-81.6756
-90.4346
-91.3383
-101.469
-102.526
-114.534
-115.803
-130.474
-132.052
-150.696
-152.753
-177.742
-180.59
-216.463
-220.634
-273.393
-279.418
-351.147
-358.773
-435.41
-441.56
-472.224
-471.324
-412.837
-402.427
-247.649
-228.964
-17.7294
3.33687
214.617
233.201
387.85
398.262
456.877
457.901
428.073
422.09
347.497
340.147
271.544
265.81
215.741
211.749
177.159
174.384
149.659
147.605
128.894
127.304
112.486
111.202
99.0427
97.9715
87.7059
86.7909
77.9348
77.1396
69.4424
68.7545
62.1895
61.6146
56.219
55.7501
51.3037
50.9087
47.0632
46.7136
43.2515
42.9324
39.7487
39.4535
36.4958
36.2206
33.4559
33.1982
30.6036
30.3614
27.9234
27.696
25.4195
25.2089
23.1364
22.9491
21.1515
20.9926
19.4703
19.3342
17.9989
17.8764
16.6535
16.5399
15.3956
15.2887
14.2089
14.1078
13.0856
12.9897
12.0203
11.9293
11.0096
10.9234
10.0546
9.97364
9.16695
9.09305
8.37414
8.30994
7.69352
7.6385
7.1011
7.05198
6.5622
6.51666
6.05779
6.01483
5.58017
5.53935
5.12574
5.08685
4.69245
4.65534
4.27903
4.24365
3.88585
3.85238
3.51737
3.48645
3.18249
3.13661
2.45471
2.40429
1.97293
1.9385
1.63102
1.60564
1.37246
1.35274
1.16703
-2.59966
-2.62811
-2.65694
-2.68624
-2.71594
-2.74611
-2.81201
-2.84395
-2.87655
-2.90989
-2.94389
-2.97859
-3.05508
-3.09233
-3.13031
-3.16919
-3.20875
-3.24912
-3.3372
-3.37967
-3.42279
-3.46656
-3.51081
-3.55557
-3.65231
-3.69856
-3.74523
-3.7924
-3.83988
-3.88776
-3.99076
-4.03982
-4.08924
-4.13913
-4.18928
-4.23979
-4.34834
-4.39998
-4.45201
-4.5045
-4.55725
-4.61039
-4.72459
-4.77892
-4.83364
-4.88887
-4.94438
-5.00031
-5.12052
-5.17774
-5.23539
-5.29357
-5.35207
-5.41102
-5.53779
-5.59816
-5.65901
-5.72046
-5.7823
-5.84463
-5.97887
-6.04288
-6.10747
-6.17281
-6.23863
-6.30513
-6.44883
-6.51763
-6.58734
-6.65804
-6.72958
-6.80218
-6.96042
-7.03687
-7.11475
-7.19434
-7.27551
-7.35835
-7.54081
-7.62982
-7.72089
-7.81422
-7.90953
-8.00701
-8.221
-8.32479
-8.43049
-8.53817
-8.64732
-8.75814
-8.99852
-9.1138
-9.23034
-9.34838
-9.46737
-9.58746
-9.84629
-9.96974
-10.0942
-10.2198
-10.3462
-10.4736
-10.7476
-10.878
-11.0094
-11.1421
-11.2754
-11.4098
-11.6986
-11.8362
-11.9747
-12.1145
-12.2551
-12.3968
-12.7014
-12.8464
-12.9926
-13.1401
-13.2885
-13.4381
-13.7599
-13.9132
-14.0676
-14.2237
-14.3807
-14.539
-14.8799
-15.0425
-15.2066
-15.3724
-15.5395
-15.7081
-16.0723
-16.2465
-16.4228
-16.6014
-16.7819
-16.9648
-17.3622
-17.5539
-17.7488
-17.9474
-18.1495
-18.3558
-18.809
-19.0299
-19.256
-19.488
-19.7255
-19.9686
-20.5049
-20.7663
-21.0333
-21.3067
-21.5849
-21.8681
-22.486
-22.7837
-23.0856
-23.392
-23.7015
-24.0146
-24.6915
-25.015
-25.3416
-25.6719
-26.0045
-26.34
-27.0629
-27.4076
-27.7554
-28.1061
-28.4596
-28.8161
-29.5829
-29.9488
-30.3177
-30.6899
-31.0652
-31.4437
-32.258
-32.6468
-33.039
-33.4349
-33.8341
-34.2369
-35.1046
-35.5192
-35.9377
-36.3602
-36.7867
-37.2174
-38.1461
-38.5905
-39.0397
-39.4936
-39.9524
-40.4164
-41.4191
-41.9005
-42.3879
-42.8819
-43.3828
-43.8905
-44.9947
-45.5281
-46.0709
-46.6237
-47.1876
-47.7633
-49.0278
-49.6456
-50.2798
-50.9298
-51.5978
-52.2844
-53.8068
-54.555
-55.3241
-56.1147
-56.926
-57.7572
-59.5906
-60.4847
-61.3976
-62.3296
-63.2797
-64.247
-66.3594
-67.3813
-68.4204
-69.4773
-70.5507
-71.6417
-74.0178
-75.1655
-76.3321
-77.5189
-78.7256
-79.9536
-82.6312
-83.928
-85.2506
-86.5975
-87.9687
-89.3679
-92.434
-93.9251
-95.4481
-97.0047
-98.5968
-100.225
-103.811
-105.564
-107.362
-109.207
-111.1
-113.044
-117.352
-119.474
-121.659
-123.911
-126.232
-128.629
-133.986
-136.646
-139.403
-142.26
-145.225
-148.305
-155.282
-158.782
-162.437
-166.259
-170.259
-174.454
-184.124
-189.044
-194.23
-199.717
-205.519
-211.642
-225.826
-233.103
-240.815
-248.93
-257.469
-266.425
-286.828
-297.138
-307.872
-318.947
-330.326
-342.094
-367.953
-380.332
-392.605
-404.629
-416.491
-427.61
-448.349
-456.345
-462.997
-467.749
-471.034
-472.467
-469.083
-464.212
-457.337
-448.407
-437.321
-424.092
-388.799
-368.723
-346.786
-322.822
-296.935
-269.34
-206.095
-174.765
-142.457
-109.65
-76.3561
-42.8645
28.5879
62.0353
95.2969
128.151
160.284
191.747
254.774
282.288
308.245
332.3
354.308
374.203
409.596
422.82
433.918
442.876
449.762
454.548
458.155
456.901
453.759
449.007
442.503
434.712
414.547
403.651
392.006
380.254
368.355
356.417
331.532
320.185
309.176
298.595
288.353
278.597
259.162
250.679
242.611
234.935
227.624
220.694
207.145
201.289
195.721
190.43
185.386
180.593
171.166
167.027
163.071
159.285
155.657
152.178
145.216
142.132
139.157
136.289
133.519
130.839
125.443
123.023
120.678
118.403
116.198
114.052
109.695
107.726
105.809
103.941
102.121
100.345
96.7111
95.0615
93.4481
91.8707
90.3276
88.8165
85.7108
84.2937
82.9053
81.5434
80.208
78.8985
76.2012
74.9688
73.7603
72.5755
71.4148
70.2779
67.9442
66.8836
65.8471
64.8357
63.85
62.8907
60.9399
60.0608
59.2071
58.3775
57.5726
56.7909
55.2004
54.4836
53.7836
53.1011
52.4346
51.7827
50.4427
49.8309
49.2296
48.6389
48.0579
47.4856
46.2996
45.7527
45.2133
44.6808
44.1552
43.6361
42.5538
42.0531
41.5579
41.0681
40.5837
40.1043
39.103
38.6388
38.1793
37.7241
37.2734
36.827
35.8937
35.4603
35.031
34.6055
34.184
33.7663
32.8917
32.4854
32.0826
31.6832
31.2874
30.8951
30.0733
29.6914
29.3128
28.9376
28.5657
28.1971
27.4258
27.0679
26.7136
26.363
26.0162
25.6735
24.9592
24.6302
24.3058
23.986
23.6721
23.3638
22.7281
22.4386
22.1555
21.8786
21.6084
21.3449
20.8055
20.5609
20.3221
20.088
19.8594
19.6352
19.1732
18.9617
18.7536
18.5481
18.3459
18.1467
17.731
17.539
17.3491
17.1608
16.9747
16.7905
16.4046
16.2256
16.0481
15.8718
15.6974
15.5244
15.1613
14.9927
14.8253
14.6589
14.4942
14.3307
13.9874
13.8278
13.6694
13.5118
13.3558
13.2009
12.8756
12.7242
12.574
12.4246
12.2766
12.1297
11.821
11.6774
11.5349
11.3931
11.2527
11.1134
10.8208
10.6848
10.55
10.4161
10.2836
10.1522
9.87737
9.75018
9.62443
9.49998
9.37736
9.2564
9.00557
8.89061
8.77765
8.66672
8.55831
8.45219
8.23428
8.1352
8.03837
7.94353
7.85097
7.76029
7.57355
7.48823
7.40429
7.32167
7.24046
7.16043
6.99372
6.91683
6.84073
6.76533
6.6908
6.61704
6.46248
6.39075
6.31961
6.24893
6.17892
6.10948
5.96367
5.89583
5.8285
5.76153
5.69516
5.62926
5.49071
5.42622
5.36218
5.29845
5.23527
5.1725
5.04051
4.97904
4.91799
4.85721
4.79694
4.73707
4.61112
4.55247
4.4942
4.43621
4.3787
4.32158
4.2015
4.14561
4.09013
4.03496
3.98034
3.92616
3.81257
3.75989
3.70775
3.65607
3.60509
3.5547
3.4498
3.40156
3.35404
3.30712
3.26109
3.21587
3.04123
2.92066
2.80836
2.70453
2.60837
2.51838
2.34609
2.27228
2.20277
2.13729
2.07499
2.01555
1.89848
1.84714
1.79805
1.75085
1.70563
1.66228
1.57594
1.53746
1.50025
1.46423
1.42948
1.39644
1.32952
1.29928
1.2699
1.24125
1.21339
1.18652
