-1.8278
-2.0849
-2.36246
-2.66817
-3.03072
-3.48672
-4.01268
-4.58603
-5.20666
-5.88053
-6.62262
-7.49177
-8.59869
-9.91423
-11.3628
-12.9358
-14.648
-16.532
-18.7093
-21.4867
-24.9001
-28.7251
-32.9223
-37.5514
-42.7294
-48.7902
-56.6767
-67.0536
-79.6593
-94.9883
-114.548
-141.384
-182.563
-255.594
-376.574
-467.295
-343.176
-7.11882
328.651
452.687
364.276
248.813
179.122
138.324
111.241
91.4069
75.8868
63.5048
54.2542
47.2812
41.4191
36.2341
31.5649
27.3284
23.5511
20.4706
18.0618
15.9851
14.0995
12.3673
10.7716
9.31926
8.08911
7.11776
6.28651
5.52858
4.82665
4.17396
3.5739
2.86314
1.98067
1.47894
1.14455
0.901581
0.720034
-1.82862
-2.08403
-2.08578
-2.36151
-2.36341
-2.6671
-2.66924
-3.02938
-3.03206
-3.48509
-3.48836
-4.01088
-4.01449
-4.58407
-4.58799
-5.20454
-5.20878
-5.87822
-5.88285
-6.62003
-6.62521
-7.48858
-7.49497
-8.59465
-8.60273
-9.90968
-9.91879
-11.3578
-11.3677
-12.9304
-12.9412
-14.6421
-14.6539
-16.5255
-16.5386
-18.7013
-18.7172
-21.4764
-21.497
-24.8881
-24.9121
-28.712
-28.7383
-32.9079
-32.9367
-37.5353
-37.5674
-42.7112
-42.7475
-48.768
-48.8124
-56.6466
-56.7068
-67.0158
-67.0913
-79.614
-79.7046
-94.9322
-95.0445
-114.475
-114.622
-141.278
-141.49
-182.39
-182.737
-255.275
-255.914
-376.128
-377.02
-467.285
-467.302
-344.016
-342.333
-8.34687
-5.89058
327.795
329.505
452.697
452.674
364.713
363.84
249.113
248.512
179.292
178.952
138.43
138.217
111.316
111.166
91.4638
91.3499
75.9324
75.8412
63.5404
63.4693
54.2801
54.2284
47.3019
47.2605
41.4372
41.4011
36.2503
36.218
31.5794
31.5503
27.3417
27.3152
23.5625
23.5397
20.4794
20.4618
18.069
18.0546
15.9916
15.9786
14.1054
14.0935
12.3728
12.3619
10.7767
10.7666
9.32373
9.31479
8.09268
8.08554
7.12066
7.11487
6.28911
6.28392
5.53097
5.52619
4.82887
4.82442
4.17603
4.1719
3.57575
3.57204
2.86727
2.85901
1.98274
1.97861
1.48027
1.47761
1.14546
1.14366
0.902251
0.900911
0.720578
-1.83596
-2.07616
-2.09367
-2.35297
-2.37198
-2.65748
-2.67892
-3.01738
-3.04417
-3.47041
-3.5031
-3.99462
-4.0308
-4.56648
-4.60564
-5.18547
-5.2279
-5.85745
-5.90369
-6.59676
-6.64859
-7.4599
-7.52392
-8.55841
-8.63918
-9.86873
-9.95986
-11.3133
-11.4124
-12.8821
-12.9897
-14.5893
-14.7069
-16.4666
-16.5977
-18.6301
-18.7891
-21.3839
-21.5901
-24.7807
-25.0199
-28.5938
-28.8569
-32.778
-33.067
-37.3915
-37.7118
-42.5483
-42.9113
-48.5691
-49.0131
-56.3772
-56.979
-66.677
-67.4323
-79.2073
-80.1141
-94.429
-95.5523
-113.814
-115.292
-140.331
-142.452
-180.844
-184.314
-252.453
-258.816
-372.12
-381.036
-467.071
-467.316
-351.467
-334.654
-19.3915
5.13845
320.105
336.898
452.698
452.462
368.646
359.918
251.85
245.837
180.839
177.437
139.395
137.267
111.992
110.496
91.9787
90.8397
76.3447
75.4322
63.8619
63.151
54.5137
53.9978
47.4886
47.0748
41.5997
41.2393
36.3956
36.0732
31.711
31.4192
27.461
27.1964
23.6658
23.4372
20.5591
20.383
18.1343
17.9897
16.05
15.9205
14.1588
14.0403
12.422
12.3128
10.8219
10.7215
9.36408
9.27467
8.12496
8.05356
7.1468
7.08886
6.31248
6.26061
5.55253
5.50468
4.84891
4.80445
4.19463
4.15334
3.59252
3.55538
2.90492
2.82237
2.00148
1.96018
1.4923
1.46577
1.15363
1.13541
0.908324
0.894918
0.725492
-1.86102
-1.89791
-1.9352
-1.97292
-2.01101
-2.04952
-2.12064
-2.16038
-2.20057
-2.24128
-2.28243
-2.3241
-2.40131
-2.44458
-2.48853
-2.53324
-2.57873
-2.62511
-2.7122
-2.76186
-2.81302
-2.86589
-2.92059
-2.97729
-3.08604
-3.14894
-3.214
-3.28122
-3.35021
-3.42098
-3.55363
-3.6285
-3.70459
-3.78193
-3.86027
-3.93964
-4.08653
-4.16867
-4.25176
-4.33593
-4.42097
-4.50696
-4.66598
-4.75486
-4.84476
-4.93584
-5.02789
-5.12102
-5.29326
-5.38958
-5.48712
-5.58598
-5.68595
-5.78726
-5.975
-6.08025
-6.18707
-6.2957
-6.40612
-6.51841
-6.72888
-6.84841
-6.97125
-7.09799
-7.22864
-7.36414
-7.624
-7.77489
-7.93174
-8.09466
-8.26299
-8.43659
-8.76446
-8.95067
-9.14068
-9.33425
-9.53081
-9.73035
-10.1003
-10.3076
-10.5174
-10.7301
-10.945
-11.1627
-11.5651
-11.7902
-12.018
-12.2488
-12.4822
-12.7185
-13.1556
-13.4003
-13.648
-13.8992
-14.1534
-14.4108
-14.8881
-15.1557
-15.4273
-15.7033
-15.9834
-16.2683
-16.8005
-17.1019
-17.4106
-17.7279
-18.0545
-18.392
-19.0379
-19.4132
-19.8039
-20.2114
-20.6347
-21.0739
-21.9108
-22.3901
-22.8814
-23.3842
-23.8965
-24.4181
-25.389
-25.9344
-26.4878
-27.0493
-27.618
-28.1945
-29.2623
-29.8608
-30.4676
-31.0831
-31.707
-32.3396
-33.5125
-34.1712
-34.8394
-35.5179
-36.2065
-36.9061
-38.206
-38.9381
-39.6827
-40.4409
-41.2128
-42
-43.4739
-44.3106
-45.1698
-46.053
-46.9628
-47.904
-49.7072
-50.7591
-51.8586
-53.0102
-54.2162
-55.4792
-57.9204
-59.3428
-60.8179
-62.3437
-63.918
-65.5401
-68.6047
-70.3559
-72.1539
-74
-75.8954
-77.8421
-81.5232
-83.6307
-85.8016
-88.0412
-90.3541
-92.7446
-97.3055
-99.9438
-102.687
-105.538
-108.512
-111.613
-117.613
-121.141
-124.844
-128.741
-132.858
-137.206
-145.807
-150.983
-156.509
-162.45
-168.841
-175.771
-189.915
-198.719
-208.327
-218.908
-230.489
-243.162
-269.021
-284.861
-301.897
-319.936
-338.851
-358.542
-394.596
-413.616
-431.107
-445.942
-457.355
-464.753
-465.787
-458.88
-446.551
-428.538
-404.623
-374.899
-306.962
-262.754
-214.7
-163.886
-110.932
-56.7532
42.5631
96.6312
149.543
200.566
248.523
292.496
360.32
389.885
413.585
431.629
443.974
451.115
450.181
443.22
431.935
417.387
400.372
381.786
346.672
327.834
309.701
292.518
276.464
261.514
237.031
225.061
214.091
204.012
194.768
186.279
172.482
165.699
159.361
153.465
147.934
142.764
134.123
129.739
125.589
121.652
117.905
114.338
108.262
105.121
102.108
99.2173
96.4351
93.7568
89.1307
86.7063
84.362
82.0918
79.893
77.7642
74.0619
72.1149
70.232
68.4133
66.6609
64.9757
62.0909
60.603
59.1844
57.8349
56.5486
55.3227
53.2273
52.1386
51.0884
50.0734
49.0879
48.1303
46.4506
45.5561
44.681
43.8234
42.9821
42.1565
40.6936
39.9085
39.1363
38.3765
37.6291
36.8931
35.5845
34.8795
34.1851
33.5006
32.826
32.161
30.9763
30.3371
29.7069
29.0854
28.4728
27.8691
26.7954
26.2182
25.6514
25.0951
24.5515
24.021
23.0939
22.607
22.1375
21.6852
21.2514
20.8351
20.1191
19.745
19.3836
19.0326
18.6913
18.3583
17.771
17.4567
17.1479
16.8438
16.5445
16.2496
15.724
15.4404
15.1603
14.8837
14.6109
14.3415
13.8601
13.6
13.343
13.0888
12.8379
12.5901
12.1469
11.9073
11.6705
11.4362
11.2051
10.9767
10.5689
10.3489
10.1321
9.91841
9.70856
9.50269
9.13974
8.94723
8.76052
8.57945
8.40482
8.23655
7.94664
7.79543
7.64936
7.50764
7.37028
7.23663
7.00123
6.87549
6.75193
6.63023
6.51051
6.39244
6.18181
6.06803
5.95564
5.84448
5.73469
5.62617
5.43192
5.32678
5.22274
5.11975
5.01797
4.91728
4.73689
4.63912
4.54236
4.44654
4.35188
4.2582
4.09057
3.99992
3.91045
3.82213
3.73534
3.65003
3.49929
3.41917
3.34116
3.26524
3.19152
3.04028
2.70409
2.5488
2.41006
2.28533
2.17128
2.06784
1.89944
1.81586
1.73819
1.66559
1.59812
1.53417
1.42675
1.37334
1.32247
1.27354
1.22666
1.18232
1.10713
1.06803
1.03097
0.995493
0.961669
0.929463
0.875207
0.847325
0.820106
0.793521
0.767629
0.742399
