-2.24135
-2.38929
-2.54531
-2.71224
-2.89482
-3.09855
-3.3262
-3.57523
-3.84138
-4.1216
-4.41461
-4.72045
-5.03956
-5.37284
-5.72154
-6.08778
-6.47546
-6.89161
-7.34857
-7.8613
-8.43754
-9.07135
-9.75138
-10.4692
-11.2213
-12.0079
-12.8299
-13.6902
-14.5919
-15.5411
-16.5477
-17.6315
-18.8254
-20.1703
-21.6909
-23.3729
-25.1868
-27.1101
-29.1349
-31.2631
-33.5013
-35.8607
-38.3558
-41.0099
-43.8608
-46.975
-50.4629
-54.4689
-59.0949
-64.3457
-70.1874
-76.6187
-83.7094
-91.5912
-100.461
-110.597
-122.402
-136.456
-153.65
-175.417
-203.833
-241.256
-289.151
-344.29
-394.626
-416.756
-389.832
-305.365
-170.042
-7.06052
155.776
291.176
375.726
402.807
381.329
332.654
279.924
234.736
199.111
171.693
150.275
133.161
119.057
107.166
96.9231
87.9597
80.0145
72.9249
66.6286
61.1308
56.4091
52.34
48.7459
45.487
42.4767
39.6636
37.0163
34.5147
32.1429
29.8913
27.7554
25.7418
23.8707
22.1757
20.6746
19.3451
18.1423
17.0278
15.9787
14.9825
14.0328
13.1253
12.2571
11.4263
10.6328
9.8798
9.17533
8.53184
7.95697
7.44376
6.97623
6.54065
6.12853
5.73523
5.35855
4.99678
4.64888
4.31444
3.99377
3.68903
3.40501
3.07051
2.48386
2.07364
1.76526
1.52348
1.3285
1.16546
1.0269
0.909924
-2.24228
-2.38832
-2.39025
-2.54429
-2.54634
-2.71113
-2.71335
-2.89359
-2.89605
-3.09718
-3.09993
-3.32467
-3.32773
-3.57358
-3.57688
-3.83964
-3.84313
-4.11977
-4.12343
-4.4127
-4.41653
-4.71846
-4.72245
-5.03748
-5.04165
-5.37066
-5.37502
-5.71926
-5.72382
-6.08538
-6.09018
-6.4729
-6.47801
-6.88883
-6.89438
-7.34549
-7.35165
-7.85783
-7.86478
-8.43366
-8.44142
-9.06714
-9.07556
-9.74691
-9.75585
-10.4645
-10.4739
-11.2164
-11.2263
-12.0027
-12.013
-12.8246
-12.8353
-13.6846
-13.6958
-14.586
-14.5978
-15.5349
-15.5473
-16.541
-16.5543
-17.6243
-17.6388
-18.8173
-18.8335
-20.1611
-20.1794
-21.6806
-21.7011
-23.3617
-23.3841
-25.1748
-25.1987
-27.0975
-27.1228
-29.1217
-29.1482
-31.2491
-31.277
-33.4866
-33.516
-35.8452
-35.8762
-38.3394
-38.3723
-40.9924
-41.0274
-43.8418
-43.8798
-46.9541
-46.996
-50.4391
-50.4868
-54.4414
-54.4964
-59.0633
-59.1266
-64.3102
-64.3813
-70.1482
-70.2267
-76.5756
-76.6618
-83.6617
-83.7571
-91.538
-91.6444
-100.4
-100.521
-110.528
-110.666
-122.32
-122.484
-136.357
-136.555
-153.527
-153.772
-175.259
-175.575
-203.626
-204.041
-240.983
-241.53
-288.819
-289.482
-343.934
-344.646
-394.366
-394.885
-416.754
-416.754
-390.185
-389.478
-306.092
-304.637
-171.026
-169.056
-8.13204
-5.98898
154.797
156.755
290.454
291.887
375.376
376.073
402.804
402.808
381.581
381.083
333.002
332.306
280.244
279.604
234.994
234.48
199.31
198.912
171.847
171.54
150.397
150.154
133.26
133.063
119.139
118.974
107.236
107.095
96.9841
96.8622
88.0135
87.906
80.0625
79.9666
72.9677
72.8822
66.6663
66.5909
61.1634
61.0983
56.437
56.3812
52.3643
52.3156
48.7677
48.7241
45.507
45.4671
42.4953
42.4582
39.681
39.6462
37.0328
36.9999
34.5303
34.4992
32.1577
32.1281
29.9053
29.8773
27.7687
27.7421
25.7543
25.7294
23.8822
23.8593
22.1859
22.1655
20.6836
20.6656
19.3532
19.3371
18.1496
18.1349
17.0347
17.021
15.9852
15.9721
14.9887
14.9763
14.0387
14.0269
13.131
13.1196
12.2625
12.2516
11.4315
11.4211
10.6378
10.6279
9.88447
9.87513
9.17966
9.17101
8.53574
8.52794
7.96043
7.9535
7.44688
7.44064
6.97911
6.97335
6.54336
6.53794
6.1311
6.12597
5.73769
5.73278
5.36091
5.35619
4.99905
4.99451
4.65106
4.6467
4.31654
4.31235
3.99577
3.99177
3.69092
3.68714
3.40674
3.40327
3.07502
3.06602
2.48695
2.48077
2.07589
2.0714
1.76699
1.76354
1.52487
1.52208
1.32963
1.32736
1.16639
1.16452
1.02771
1.02609
0.910609
-2.24875
-2.38155
-2.39704
-2.5371
-2.55355
-2.70337
-2.72116
-2.88502
-2.90468
-3.08757
-3.10961
-3.314
-3.33845
-3.56205
-3.58845
-3.82742
-3.85538
-4.10696
-4.13627
-4.39933
-4.42993
-4.7045
-4.73643
-5.0229
-5.05625
-5.35544
-5.39028
-5.70331
-5.73981
-6.0686
-6.10701
-6.45501
-6.49596
-6.86947
-6.91384
-7.32398
-7.37329
-7.83357
-7.8892
-8.4066
-8.46864
-9.03771
-9.10508
-9.71565
-9.7872
-10.4317
-10.5068
-11.182
-11.2607
-11.9668
-12.049
-12.787
-12.873
-13.6452
-13.7352
-14.5447
-14.6392
-15.4913
-15.591
-16.4945
-16.601
-17.5737
-17.6895
-18.7609
-18.8902
-20.0972
-20.2438
-21.609
-21.7732
-23.2834
-23.4628
-25.0913
-25.2826
-27.0093
-27.2112
-29.029
-29.2412
-31.1517
-31.3748
-33.3841
-33.6189
-35.7369
-35.9848
-38.2247
-38.4874
-40.8698
-41.1504
-43.7093
-44.013
-46.8077
-47.1433
-50.2731
-50.6541
-54.2495
-54.6899
-58.843
-59.3485
-64.0624
-64.6306
-69.8744
-70.5018
-76.2748
-76.9644
-83.329
-84.0918
-91.1668
-92.0183
-99.9792
-100.945
-110.043
-111.156
-121.749
-123.06
-135.669
-137.251
-152.677
-154.636
-174.165
-176.689
-202.176
-205.516
-239.081
-243.456
-286.486
-291.814
-341.433
-347.129
-392.509
-396.704
-416.68
-416.69
-392.589
-386.935
-311.079
-299.514
-177.869
-162.107
-15.632
1.50528
147.904
163.576
285.345
296.8
372.83
378.435
402.721
402.771
383.306
379.325
335.429
329.891
282.492
277.369
236.806
232.692
200.713
197.527
172.927
170.465
151.255
149.307
133.954
132.376
119.72
118.399
107.729
106.607
97.4124
96.4371
88.3912
87.5303
80.3991
79.6322
73.2679
72.5839
66.9311
66.3281
61.3925
60.8713
56.6332
56.1867
52.535
52.1458
48.9206
48.5721
45.6471
45.3275
42.6254
42.3285
39.8032
39.5244
37.148
36.8851
34.6393
34.3904
32.2611
32.025
30.0035
29.7793
27.8617
27.6494
25.8416
25.6424
23.9624
23.7796
22.2577
22.0942
20.7469
20.6028
19.4097
19.281
18.2013
18.0835
17.083
16.9728
16.0309
15.9265
15.0323
14.9329
14.0803
13.9854
13.1707
13.08
12.3005
12.2137
11.4679
11.3848
10.6724
10.5933
9.91724
9.84251
9.20998
9.14085
8.56313
8.50074
7.98476
7.92928
7.46872
7.41886
6.99928
6.95327
6.56232
6.51906
6.14911
6.10801
5.75493
5.7156
5.37744
5.33969
5.01493
4.97866
4.66634
4.63146
4.33121
4.29771
4.0098
3.97778
3.70416
3.67395
3.41893
3.39117
3.10683
3.03477
2.50873
2.45937
2.0917
2.05584
1.77916
1.75153
1.53469
1.51237
1.3376
1.31946
1.17298
1.15803
1.03341
1.02044
0.915422
-2.26442
-2.28432
-2.30437
-2.3245
-2.34481
-2.36526
-2.41351
-2.43446
-2.45555
-2.47677
-2.49821
-2.51985
-2.57105
-2.59334
-2.61585
-2.63854
-2.66151
-2.68476
-2.74011
-2.76433
-2.78885
-2.81366
-2.83889
-2.86451
-2.92569
-2.95262
-2.97999
-3.0077
-3.0359
-3.06456
-3.13319
-3.16337
-3.19402
-3.22501
-3.25651
-3.28843
-3.36449
-3.39775
-3.43139
-3.4653
-3.49963
-3.53434
-3.61652
-3.65227
-3.68831
-3.72456
-3.76119
-3.79805
-3.88508
-3.92281
-3.9608
-3.99895
-4.03743
-4.07614
-4.16737
-4.20687
-4.24661
-4.2865
-4.3267
-4.36715
-4.46241
-4.50366
-4.54513
-4.58675
-4.6287
-4.67091
-4.77031
-4.81334
-4.85661
-4.90003
-4.94383
-4.98786
-5.09163
-5.13655
-5.18173
-5.22708
-5.27281
-5.31882
-5.42723
-5.47419
-5.52146
-5.56893
-5.61679
-5.66496
-5.77856
-5.8278
-5.87742
-5.92724
-5.97754
-6.02823
-6.14784
-6.19984
-6.25229
-6.30501
-6.35828
-6.41206
-6.53953
-6.59503
-6.65108
-6.70762
-6.76495
-6.82301
-6.96115
-7.02168
-7.08303
-7.14511
-7.20835
-7.27247
-7.426
-7.49364
-7.56244
-7.63218
-7.70328
-7.77553
-7.94875
-8.02505
-8.10253
-8.18102
-8.26084
-8.34174
-8.5348
-8.61935
-8.70488
-8.7912
-8.87867
-8.96708
-9.17671
-9.26797
-9.35999
-9.4526
-9.54625
-9.64056
-9.86321
-9.95984
-10.0571
-10.1549
-10.2535
-10.3527
-10.5867
-10.688
-10.79
-10.8924
-10.9956
-11.0995
-11.3442
-11.4502
-11.5569
-11.6639
-11.7718
-11.8804
-12.1362
-12.247
-12.3585
-12.4703
-12.5832
-12.6967
-12.9642
-13.0801
-13.1967
-13.3138
-13.4319
-13.5507
-13.8308
-13.9521
-14.0743
-14.197
-14.3209
-14.4455
-14.7395
-14.8671
-14.9956
-15.1247
-15.2551
-15.3865
-15.6969
-15.8318
-15.968
-16.1048
-16.2433
-16.383
-16.7143
-16.8588
-17.0048
-17.1522
-17.3015
-17.4526
-17.813
-17.971
-18.1313
-18.2933
-18.4583
-18.6261
-19.0284
-19.2054
-19.3857
-19.5685
-19.7548
-19.9447
-20.4006
-20.6015
-20.8058
-21.0129
-21.2236
-21.4375
-21.9485
-22.1725
-22.3994
-22.6285
-22.8607
-23.0956
-23.6535
-23.8965
-24.1418
-24.3888
-24.6386
-24.8906
-25.4858
-25.7444
-26.0048
-26.2667
-26.531
-26.7973
-27.4258
-27.698
-27.9721
-28.2481
-28.5261
-28.8058
-29.4667
-29.7528
-30.041
-30.331
-30.6231
-30.9171
-31.6118
-31.9127
-32.2157
-32.5207
-32.8278
-33.1373
-33.8686
-34.1855
-34.5048
-34.8263
-35.1502
-35.4765
-36.2483
-36.5828
-36.9203
-37.2603
-37.6032
-37.9487
-38.7669
-39.1222
-39.4806
-39.8422
-40.207
-40.5752
-41.4489
-41.829
-42.2135
-42.6022
-42.9947
-43.3914
-44.337
-44.7501
-45.1682
-45.5917
-46.0212
-46.4572
-47.502
-47.9605
-48.4269
-48.9012
-49.3843
-49.8768
-51.0623
-51.5859
-52.1209
-52.6663
-53.2227
-53.7909
-55.1624
-55.7693
-56.3882
-57.0188
-57.6614
-58.3157
-59.8901
-60.5833
-61.2886
-62.0046
-62.7315
-63.4694
-65.2375
-66.0122
-66.7979
-67.5938
-68.4006
-69.2183
-71.1712
-72.0254
-72.8906
-73.7668
-74.6544
-75.5535
-77.7011
-78.6416
-79.5943
-80.5595
-81.5395
-82.5319
-84.9072
-85.9489
-87.0055
-88.0783
-89.1686
-90.2764
-92.9302
-94.098
-95.285
-96.4921
-97.7216
-98.9717
-101.979
-103.304
-104.661
-106.044
-107.452
-108.886
-112.352
-113.888
-115.458
-117.063
-118.706
-120.387
-124.469
-126.289
-128.154
-130.063
-132.021
-134.033
-138.956
-141.166
-143.435
-145.774
-148.182
-150.657
-156.77
-159.547
-162.41
-165.36
-168.415
-171.576
-179.431
-183.006
-186.713
-190.548
-194.55
-198.734
-209.156
-213.894
-218.79
-223.888
-229.175
-234.614
-248.246
-254.408
-260.769
-267.343
-274.054
-280.919
-297.528
-304.917
-312.443
-320.05
-327.707
-335.403
-353.059
-360.45
-367.721
-374.817
-381.527
-387.795
-400.762
-405.315
-409.216
-412.377
-414.719
-416.083
-416.143
-414.566
-412.032
-408.37
-403.712
-397.962
-380.3
-370.864
-360.409
-348.892
-336.291
-322.655
-286.717
-269.744
-251.988
-233.38
-214.009
-194.089
-145.012
-123.227
-101.283
-78.9936
-56.3519
-33.7525
19.4447
42.197
64.8496
87.2705
109.316
130.991
179.919
199.921
219.233
237.844
255.703
272.626
308.269
322.006
334.653
346.192
356.646
366.104
383.656
389.249
394.01
397.729
400.436
402.095
402.284
400.877
398.527
395.447
391.62
387.167
374.781
368.545
362.158
355.343
348.375
341.231
324.008
316.706
309.463
302.221
295.044
287.983
272.059
265.494
259.232
253.064
247.095
241.282
228.444
223.237
218.197
213.348
208.68
204.175
194.244
190.234
186.377
182.661
179.072
175.592
167.921
164.824
161.833
158.931
156.103
153.366
147.301
144.84
142.451
140.126
137.864
135.664
130.743
128.723
126.758
124.843
122.973
121.143
117.03
115.338
113.685
112.067
110.485
108.935
105.436
103.985
102.564
101.17
99.8007
98.4577
95.4202
94.1558
92.9141
91.6937
90.4935
89.3128
86.6317
85.5152
84.4161
83.3345
82.2686
81.2194
78.8308
77.8342
76.8534
75.8876
74.9369
74.0002
71.8697
70.9818
70.1086
69.2502
68.4061
67.5774
65.7003
64.9218
64.1576
63.4081
62.6736
61.9528
60.3299
59.6592
59.0023
58.3599
57.7307
57.1138
55.7216
55.1458
54.5818
54.0284
53.4853
52.9515
51.7397
51.2353
50.7384
50.2493
49.7678
49.2926
48.2073
47.753
47.3038
46.86
46.4214
45.9877
44.9925
44.5741
44.1599
43.75
43.3439
42.9417
42.0169
41.627
41.2402
40.8568
40.4768
40.0998
39.2316
38.8652
38.5016
38.1409
37.7827
37.4276
36.6088
36.2626
35.9191
35.5784
35.2401
34.9039
34.1288
33.8006
33.4749
33.1518
32.8308
32.5121
31.7766
31.4653
31.1561
30.8492
30.5444
30.2419
29.5435
29.2479
28.9546
28.6634
28.3744
28.0875
27.4264
27.1471
26.87
26.5955
26.3232
26.0535
25.4337
25.1725
24.9141
24.6593
24.407
24.1575
23.5885
23.3504
23.1157
22.8847
22.657
22.4327
21.9238
21.7121
21.504
21.2998
21.0988
20.9012
20.4527
20.2657
20.0819
19.9011
19.7227
19.547
19.1464
18.9784
18.8125
18.649
18.487
18.3268
17.9599
17.805
17.6516
17.5001
17.3495
17.2003
16.8569
16.7118
16.5675
16.4248
16.2827
16.1418
15.8168
15.679
15.5422
15.4067
15.2718
15.1378
14.8284
14.6972
14.5669
14.4378
14.309
14.181
13.8857
13.7603
13.6358
13.5123
13.3893
13.267
12.9845
12.8646
12.7455
12.6274
12.5097
12.3926
12.1225
12.0077
11.8937
11.7806
11.6679
11.556
11.2975
11.1879
11.0789
10.9708
10.8633
10.7565
10.5102
10.4058
10.3023
10.1998
10.0978
9.99667
9.76415
9.66604
9.56888
9.47288
9.37773
9.2837
9.06856
8.97833
8.88928
8.80165
8.71507
8.62979
8.43573
8.35474
8.27516
8.19695
8.11989
8.04401
7.87142
7.7994
7.72849
7.65881
7.58983
7.52184
7.36672
7.30158
7.23716
7.17362
7.1106
7.04823
6.90505
6.84464
6.78481
6.72553
6.66663
6.60823
6.47366
6.41669
6.36008
6.30402
6.24821
6.19276
6.06482
6.01051
5.95651
5.90295
5.84963
5.79665
5.6743
5.62232
5.57065
5.51936
5.46827
5.41747
5.30004
5.25017
5.20056
5.15133
5.10222
5.05339
4.94051
4.89254
4.84486
4.79752
4.7503
4.70333
4.59477
4.54862
4.50278
4.45728
4.41191
4.36676
4.26247
4.21819
4.17415
4.1305
4.08701
4.0438
3.94413
3.90192
3.86001
3.81849
3.77719
3.73629
3.64228
3.60264
3.56345
3.5248
3.48649
3.44859
3.36224
3.326
3.29035
3.25528
3.22064
3.18555
2.96144
2.87287
2.78896
2.70979
2.63421
2.56274
2.40912
2.34877
2.29069
2.23498
2.18154
2.13067
2.01904
1.97414
1.93071
1.88885
1.84831
1.80917
1.72305
1.6881
1.6543
1.6217
1.58984
1.55875
1.4893
1.46099
1.43361
1.40741
1.38199
1.35703
1.30058
1.27713
1.25417
1.23182
1.21015
1.18915
1.14229
1.12231
1.10277
1.0837
1.06527
1.04734
1.00696
0.990262
0.973935
0.958014
0.942426
0.927207
