-2.42645
-2.65879
-2.9247
-3.27562
-3.68341
-4.11639
-4.57267
-5.05384
-5.56386
-6.1019
-6.67228
-7.31693
-8.17008
-9.20033
-10.3028
-11.4653
-12.6955
-14.001
-15.3824
-16.8503
-18.4798
-20.6276
-23.3229
-26.248
-29.3519
-32.6557
-36.1999
-40.0035
-44.1032
-48.7195
-54.8051
-62.915
-72.2379
-82.7708
-94.9966
-109.69
-128.111
-152.549
-188.614
-252.138
-362.028
-501.044
-514.437
-333.682
-7.03551
319.173
500.049
483.851
347.229
245.562
186.423
150.309
125.311
106.463
91.4574
78.9256
68.1286
59.105
52.6079
47.5223
42.9766
38.7903
34.9118
31.308
27.9295
24.753
21.8877
19.6936
17.963
16.3761
14.8776
13.4633
12.1299
10.8684
9.67327
8.56855
7.6879
6.99976
6.37183
5.77601
5.20938
4.67162
4.15903
3.66933
3.22455
2.43794
1.86864
1.4925
1.21916
1.00883
-2.42739
-2.65778
-2.65979
-2.92343
-2.92597
-3.27399
-3.27725
-3.68165
-3.68517
-4.11454
-4.11825
-4.57071
-4.57463
-5.05178
-5.0559
-5.56167
-5.56605
-6.0996
-6.1042
-6.66981
-6.67475
-7.31392
-7.31994
-8.16611
-8.17405
-9.19582
-9.20484
-10.2981
-10.3075
-11.4603
-11.4703
-12.6902
-12.7008
-13.9954
-14.0066
-15.3765
-15.3884
-16.8439
-16.8567
-18.4723
-18.4874
-20.6173
-20.638
-23.3111
-23.3347
-26.2354
-26.2605
-29.3386
-29.3652
-32.6414
-32.6699
-36.1846
-36.2152
-39.9871
-40.0199
-44.0853
-44.1211
-48.6983
-48.7407
-54.775
-54.8351
-62.8784
-62.9518
-72.1969
-72.2789
-82.7237
-82.8178
-94.9412
-95.0521
-109.622
-109.758
-128.024
-128.198
-152.43
-152.668
-188.422
-188.807
-251.789
-252.487
-361.463
-362.595
-500.593
-501.467
-514.779
-514.092
-334.817
-332.543
-8.45036
-5.62039
318.011
320.332
499.708
500.386
484.338
483.359
347.775
346.684
245.883
245.242
186.611
186.236
150.43
150.188
125.401
125.221
106.531
106.394
91.5141
91.4006
78.9739
78.8773
68.1705
68.0868
59.1374
59.0727
52.6309
52.585
47.5421
47.5024
42.9947
42.9587
38.8072
38.7735
34.9273
34.8962
31.3224
31.2935
27.9432
27.9158
24.7658
24.7402
21.8984
21.8769
19.7016
19.6857
17.9697
17.9563
16.3825
16.3696
14.8837
14.8715
13.4689
13.4576
12.1353
12.1245
10.8735
10.8633
9.67808
9.66847
8.57281
8.5643
7.69103
7.68477
7.00247
6.99706
6.37437
6.36928
5.77843
5.77359
5.21169
5.20708
4.67381
4.66944
4.16112
4.15691
3.67133
3.66735
3.22617
3.22293
2.44101
2.43487
1.87051
1.86677
1.49383
1.49118
1.22014
1.21819
1.00963
-2.43493
-2.64973
-2.66766
-2.91337
-2.93616
-3.26086
-3.29028
-3.66761
-3.69923
-4.09973
-4.13328
-4.55504
-4.5902
-5.03528
-5.07244
-5.54421
-5.58365
-6.08148
-6.12261
-6.65012
-6.69459
-7.28986
-7.34416
-8.13428
-8.20632
-9.1598
-9.24089
-10.2604
-10.3448
-11.4205
-11.5102
-12.6475
-12.7432
-13.9507
-14.0513
-15.3292
-15.4364
-16.7924
-16.9074
-18.4125
-18.5483
-20.5347
-20.7215
-23.2184
-23.4292
-26.1352
-26.3609
-29.2322
-29.4718
-32.5289
-32.784
-36.0625
-36.3376
-39.8557
-40.1496
-43.9444
-44.2646
-48.5288
-48.9104
-54.5359
-55.0771
-62.5864
-63.2478
-71.8677
-72.609
-82.3485
-83.1952
-94.4991
-95.4968
-109.084
-110.306
-127.331
-128.898
-151.481
-153.626
-186.896
-190.363
-248.995
-255.309
-356.976
-367.284
-496.876
-504.736
-517.883
-511.219
-343.879
-323.296
-19.7653
5.69787
308.673
329.751
496.846
502.84
487.803
479.248
352.172
342.403
248.469
242.698
188.129
184.768
151.394
149.223
126.121
124.508
107.09
105.848
91.9673
90.9481
79.3615
78.492
68.5061
67.751
59.3982
58.8159
52.8132
52.4016
47.7011
47.3439
43.1398
42.816
38.9423
38.6392
35.052
34.772
31.4385
31.178
28.0538
27.8065
24.8683
24.6383
21.9848
21.7912
19.7654
19.623
18.0238
17.9023
16.4339
16.3175
14.9322
14.823
13.5142
13.412
12.1786
12.0814
10.9145
10.8228
9.71639
9.62981
8.607
8.53058
7.71618
7.66
7.02454
6.97546
6.39474
6.34891
5.79781
5.75406
5.23033
5.18872
4.69129
4.652
4.17782
4.14
3.68735
3.65154
3.23928
3.21005
2.46591
2.4107
1.88556
1.85191
1.50446
1.48067
1.22797
1.21043
1.01597
-2.45799
-2.49068
-2.52375
-2.55711
-2.59079
-2.62493
-2.69266
-2.72865
-2.7653
-2.80332
-2.84252
-2.88334
-2.96806
-3.01474
-3.06385
-3.11463
-3.1673
-3.22148
-3.33024
-3.388
-3.44599
-3.50533
-3.5645
-3.62489
-3.74267
-3.80411
-3.86597
-3.92858
-3.99125
-4.05463
-4.17878
-4.24336
-4.3087
-4.3743
-4.44057
-4.50725
-4.63817
-4.70648
-4.77494
-4.84461
-4.91424
-4.98511
-5.12383
-5.19562
-5.26858
-5.34227
-5.41633
-5.49089
-5.63736
-5.71353
-5.79049
-5.86821
-5.94616
-6.02504
-6.1794
-6.26026
-6.34155
-6.42392
-6.50628
-6.59082
-6.75633
-6.84328
-6.93357
-7.02465
-7.11965
-7.2173
-7.42014
-7.53232
-7.65001
-7.77383
-7.90244
-8.03605
-8.30733
-8.4512
-8.59891
-8.74735
-8.89892
-9.05062
-9.35051
-9.50683
-9.66451
-9.82324
-9.98372
-10.1445
-10.461
-10.6264
-10.7921
-10.9605
-11.1282
-11.2989
-11.6334
-11.8072
-11.9832
-12.1596
-12.3388
-12.5185
-12.8728
-13.0584
-13.2442
-13.4325
-13.6225
-13.8141
-14.1894
-14.3857
-14.5824
-14.7823
-14.982
-15.1852
-15.5824
-15.7888
-15.9991
-16.2098
-16.4231
-16.6374
-17.0621
-17.287
-17.5134
-17.7485
-17.9852
-18.2341
-18.7396
-19.0174
-19.3106
-19.6203
-19.9453
-20.2856
-20.9831
-21.3558
-21.7402
-22.1306
-22.5263
-22.9292
-23.7216
-24.1352
-24.5535
-24.9756
-25.3995
-25.83
-26.6724
-27.1098
-27.5552
-27.9998
-28.4532
-28.9057
-29.8009
-30.2689
-30.7398
-31.216
-31.6948
-32.1812
-33.1364
-33.6359
-34.1426
-34.6522
-35.1675
-35.69
-36.7147
-37.2513
-37.7955
-38.34
-38.8959
-39.4526
-40.5545
-41.1344
-41.7148
-42.3072
-42.9046
-43.5105
-44.7103
-45.3393
-45.9875
-46.6423
-47.3237
-48.0147
-49.4409
-50.2273
-51.0498
-51.9199
-52.8405
-53.8125
-55.8363
-56.9461
-58.0848
-59.2647
-60.4667
-61.7007
-64.1572
-65.4537
-66.7748
-68.1172
-69.482
-70.8684
-73.628
-75.0882
-76.5742
-78.0914
-79.6344
-81.2111
-84.3629
-86.0416
-87.7581
-89.5156
-91.316
-93.1593
-96.8808
-98.8757
-100.926
-103.036
-105.209
-107.456
-112.005
-114.464
-117.021
-119.647
-122.399
-125.234
-131.078
-134.289
-137.608
-141.129
-144.783
-148.637
-156.687
-161.193
-165.996
-171.099
-176.577
-182.434
-195.242
-202.795
-210.978
-219.972
-229.898
-240.66
-264.344
-278.219
-292.867
-308.832
-325.395
-343.766
-381.691
-401.996
-423.95
-444.658
-465.931
-484.437
-513.226
-523.531
-528.967
-531.79
-529.053
-524.602
-502.585
-485.098
-463.769
-437.699
-406.885
-372.272
-292.688
-246.9
-200.155
-151.804
-103.339
-54.3873
40.3535
89.0388
137.468
185.658
232.371
278.238
357.953
392.559
423.585
448.518
470.875
487.743
508.755
513.634
515.409
512.654
507.062
496.784
467.661
448.539
428.247
407.108
386.061
366.049
329.729
312.548
297.158
282.472
269.169
256.491
235.143
225.359
216.135
207.868
199.988
192.925
180.423
174.552
169.093
163.95
159.119
154.502
146.301
142.38
138.64
135.047
131.641
128.359
122.357
119.468
116.658
113.967
111.353
108.839
104.186
101.893
99.6737
97.5156
95.4226
93.3806
89.5772
87.6878
85.8421
84.0432
82.282
80.5603
77.3239
75.7044
74.117
72.5601
71.039
69.5425
66.7398
65.3499
63.995
62.687
61.4265
60.2222
58.0485
57.0138
56.0405
55.1139
54.2342
53.3907
51.8426
51.0832
50.3348
49.611
48.8933
48.195
46.8621
46.1896
45.5265
44.8746
44.2258
43.5893
42.3736
41.7548
41.1451
40.5406
39.946
39.356
38.2298
37.6616
37.0937
36.5376
35.9827
35.4381
34.3958
33.8632
33.339
32.8205
32.3061
31.7966
30.8228
30.327
29.8357
29.3499
28.8671
28.3897
27.473
27.0082
26.5458
26.0889
25.6335
25.1873
24.3291
23.8945
23.4724
23.0536
22.6491
22.2545
21.5335
21.1865
20.8567
20.5441
20.2451
19.9594
19.4363
19.1765
18.9255
18.6761
18.4339
18.1925
17.7343
17.5016
17.2712
17.0422
16.8166
16.5911
16.1605
15.942
15.7237
15.5091
15.2935
15.0819
14.6754
14.4676
14.2626
14.0574
13.8562
13.6552
13.2715
13.0771
12.8829
12.6908
12.5007
12.3119
11.9495
11.7654
11.5817
11.4004
11.2195
11.0411
10.6977
10.5221
10.3492
10.1765
10.0056
9.83551
9.51068
9.34659
9.18347
9.02439
8.86641
8.71421
8.42904
8.29005
8.15732
8.03077
7.91008
7.79556
7.58544
7.48141
7.38115
7.28275
7.18611
7.09115
6.90995
6.81804
6.72682
6.63619
6.54637
6.45808
6.28694
6.19938
6.11328
6.02707
5.94227
5.85724
5.69477
5.61208
5.52974
5.4483
5.36707
5.28693
5.13268
5.05381
4.97603
4.89842
4.82151
4.74517
4.59854
4.52353
4.44931
4.37521
4.30216
4.22897
4.08894
4.01773
3.94626
3.87578
3.80568
3.73632
3.60341
3.536
3.46997
3.4048
3.34184
3.28069
3.17328
3.126
2.97461
2.81088
2.67036
2.54593
2.33889
2.24508
2.15893
2.07847
2.00307
1.93271
1.80719
1.74714
1.69092
1.63762
1.58649
1.53776
1.44904
1.40605
1.36536
1.32695
1.28937
1.25304
1.18695
1.15469
1.12346
1.09315
1.06382
1.0355
