-1.81153
-2.00406
-2.208
-2.4255
-2.66144
-2.92841
-3.24351
-3.60844
-4.0094
-4.43854
-4.8952
-5.38114
-5.90037
-6.46051
-7.0816
-7.80758
-8.67189
-9.65258
-10.7171
-11.8545
-13.0674
-14.3634
-15.7571
-17.2817
-19.0213
-21.1067
-23.5645
-26.3009
-29.2587
-32.4385
-35.8636
-39.58
-43.6671
-48.3079
-53.8981
-60.8194
-69.0585
-78.5503
-89.5174
-102.468
-118.268
-138.441
-165.831
-205.824
-265.703
-343.927
-405.321
-380.328
-235.134
-7.07172
220.926
365.742
391.07
331.549
257.388
200.888
162.36
135.204
114.925
98.9426
85.8564
74.8138
65.499
57.8997
51.8388
46.7728
42.3035
38.2489
34.5205
31.072
27.873
24.9345
22.3361
20.1602
18.3285
16.7006
15.2026
13.8051
12.4971
11.2697
10.1236
9.07508
8.16344
7.39709
6.72796
6.11588
5.54409
5.00558
4.49676
4.01633
3.56878
3.16209
2.33072
1.8174
1.46294
1.20225
0.998211
0.839376
0.706419
0.591805
-1.81235
-2.0032
-2.00492
-2.20709
-2.20891
-2.42452
-2.42648
-2.66037
-2.66252
-2.92716
-2.92966
-3.24203
-3.245
-3.60677
-3.61011
-4.0076
-4.0112
-4.43662
-4.44046
-4.89316
-4.89725
-5.37896
-5.38332
-5.89803
-5.9027
-6.45797
-6.46304
-7.07871
-7.08448
-7.80413
-7.81103
-8.66786
-8.67593
-9.64812
-9.65703
-10.7123
-10.7219
-11.8494
-11.8596
-13.0619
-13.0728
-14.3576
-14.3692
-15.7509
-15.7634
-17.2747
-17.2887
-19.0131
-19.0295
-21.0968
-21.1166
-23.5532
-23.5758
-26.2885
-26.3133
-29.2454
-29.272
-32.4242
-32.4528
-35.8482
-35.8791
-39.5631
-39.5968
-43.6483
-43.6858
-48.2861
-48.3298
-53.8711
-53.9252
-60.7864
-60.8523
-69.0201
-69.097
-78.5062
-78.5944
-89.4662
-89.5688
-102.406
-102.529
-118.191
-118.345
-138.34
-138.541
-165.691
-165.971
-205.611
-206.037
-265.395
-266.011
-343.595
-344.26
-405.199
-405.442
-380.693
-379.962
-235.996
-234.271
-8.12444
-6.01891
220.054
221.796
365.371
366.111
391.182
390.957
331.887
331.21
257.676
257.101
201.089
200.686
162.502
162.218
135.306
135.101
115.003
114.848
99.0049
98.8805
85.9084
85.8044
74.8579
74.7697
65.5358
65.4623
57.929
57.8705
51.8623
51.8153
46.7934
46.7521
42.3219
42.2852
38.2658
38.232
34.536
34.5049
31.0864
31.0575
27.8864
27.8597
24.9466
24.9224
22.3465
22.3258
20.1688
20.1515
18.336
18.3211
16.7073
16.6938
15.2089
15.1963
13.8109
13.7992
12.5026
12.4916
11.2749
11.2646
10.1284
10.1188
9.07938
9.07081
8.16706
8.15983
7.40017
7.39401
6.73071
6.72521
6.11844
6.11332
5.5465
5.54169
5.00785
5.00332
4.49891
4.49462
4.01835
4.01431
3.57063
3.56693
3.16676
3.15743
2.33344
2.32799
1.81922
1.81558
1.46424
1.46163
1.20324
1.20126
0.998994
0.99743
0.839991
0.838761
0.706957
0.70588
0.592268
-1.81885
-1.99633
-2.01181
-2.19979
-2.21623
-2.41672
-2.4343
-2.65178
-2.67116
-2.91716
-2.9397
-3.23018
-3.25692
-3.59342
-3.62351
-3.99319
-4.02566
-4.42127
-4.45585
-4.87684
-4.91361
-5.36158
-5.40078
-5.87941
-5.9214
-6.43769
-6.48341
-7.05569
-7.10761
-7.77663
-7.83867
-8.6357
-8.70828
-9.61254
-9.69271
-10.6741
-10.7601
-11.8087
-11.9004
-13.0185
-13.1163
-14.3109
-14.416
-15.7006
-15.8139
-17.219
-17.3449
-18.9477
-19.0953
-21.0179
-21.196
-23.4629
-23.6667
-26.1897
-26.4124
-29.1393
-29.3786
-32.3103
-32.5675
-35.7249
-36.0028
-39.4288
-39.7317
-43.4989
-43.8359
-48.1125
-48.5055
-53.6556
-54.1424
-60.523
-61.117
-68.7138
-69.4053
-78.1547
-78.9487
-89.0574
-89.9805
-101.917
-103.023
-117.584
-118.963
-137.544
-139.349
-164.578
-167.105
-203.926
-207.759
-262.95
-268.5
-340.828
-347.029
-404.138
-406.337
-383.529
-376.945
-242.833
-227.327
-16.5428
2.40696
213.102
228.687
362.31
368.964
392.093
390.005
334.579
328.504
259.989
254.808
202.718
199.09
163.623
161.086
136.128
134.298
115.621
114.233
99.5074
98.3857
86.3262
85.39
75.2139
74.4181
65.8309
65.1697
58.1647
57.6371
52.0524
51.626
46.9582
46.5878
42.4688
42.1387
38.4009
38.0974
34.6605
34.3809
31.202
30.9422
27.9934
27.7532
25.0436
24.826
22.4298
22.2433
20.2385
20.0824
18.3955
18.2618
16.7614
16.64
15.259
15.1462
13.8579
13.7525
12.5466
12.4477
11.3162
11.2234
10.1668
10.0806
9.11382
9.03679
8.19612
8.13103
7.42484
7.36945
6.75277
6.70311
6.13897
6.09292
5.56575
5.52248
5.026
4.9852
4.51611
4.47746
4.03453
3.99818
3.58547
3.55218
3.18645
3.1205
2.35543
2.30637
1.83389
1.80116
1.47475
1.45129
1.21122
1.19338
1.00528
0.991207
0.844925
0.833853
0.711278
0.701586
0.595978
-1.83821
-1.86532
-1.89268
-1.92023
-1.948
-1.97602
-2.03232
-2.06095
-2.08998
-2.11912
-2.14855
-2.17821
-2.23801
-2.26854
-2.29936
-2.33046
-2.36188
-2.39366
-2.45766
-2.4905
-2.52374
-2.5575
-2.59173
-2.62646
-2.69714
-2.73376
-2.77105
-2.8091
-2.84797
-2.88781
-2.9699
-3.01281
-3.05678
-3.10187
-3.14808
-3.19544
-3.29269
-3.343
-3.39451
-3.44689
-3.50013
-3.55413
-3.66351
-3.71963
-3.77647
-3.83392
-3.89198
-3.95062
-4.06874
-4.12906
-4.18999
-4.25144
-4.31337
-4.37592
-4.50174
-4.56601
-4.63076
-4.69616
-4.76211
-4.82864
-4.96241
-5.03077
-5.0997
-5.16921
-5.23945
-5.31021
-5.45281
-5.52569
-5.59919
-5.67364
-5.74867
-5.82443
-5.97718
-6.05541
-6.13455
-6.21471
-6.29584
-6.37794
-6.5443
-6.62998
-6.71713
-6.80571
-6.89593
-6.98812
-7.17707
-7.27578
-7.37691
-7.48034
-7.58668
-7.69596
-7.92164
-8.0398
-8.1609
-8.28503
-8.41185
-8.54102
-8.80518
-8.94177
-9.08018
-9.22072
-9.36328
-9.50755
-9.79919
-9.94853
-10.0995
-10.2519
-10.406
-10.5614
-10.8742
-11.0339
-11.1952
-11.3581
-11.5226
-11.6885
-12.0221
-12.1925
-12.3644
-12.538
-12.7132
-12.8902
-13.2461
-13.4282
-13.6116
-13.7971
-13.9845
-14.1737
-14.5553
-14.7503
-14.9475
-15.1468
-15.3484
-15.5523
-15.9647
-16.1767
-16.3915
-16.6096
-16.8305
-17.0553
-17.513
-17.7504
-17.9934
-18.2418
-18.4956
-18.7564
-19.2935
-19.5759
-19.8669
-20.1652
-20.4712
-20.7863
-21.4352
-21.7727
-22.1184
-22.4715
-22.831
-23.1962
-23.9385
-24.3205
-24.7074
-25.0998
-25.4966
-25.898
-26.7083
-27.123
-27.542
-27.9659
-28.3936
-28.8255
-29.6967
-30.1429
-30.5934
-31.0479
-31.5083
-31.9728
-32.9095
-33.3892
-33.8746
-34.3646
-34.8597
-35.361
-36.3727
-36.8918
-37.4164
-37.9489
-38.4877
-39.0324
-40.135
-40.7024
-41.2777
-41.8618
-42.4563
-43.0589
-44.2859
-44.9211
-45.57
-46.232
-46.9087
-47.6016
-49.033
-49.7841
-50.5598
-51.3558
-52.1777
-53.0264
-54.7957
-55.7271
-56.6898
-57.6826
-58.705
-59.7524
-61.9125
-63.0435
-64.2003
-65.3772
-66.5828
-67.8134
-70.3294
-71.634
-72.9648
-74.323
-75.7073
-77.1246
-80.0122
-81.5133
-83.0488
-84.6124
-86.2162
-87.8557
-91.2169
-92.9742
-94.7788
-96.626
-98.5249
-100.481
-104.504
-106.618
-108.807
-111.057
-113.391
-115.802
-120.836
-123.499
-126.255
-129.126
-132.112
-135.226
-141.803
-145.367
-149.059
-152.944
-157.061
-161.343
-170.561
-175.619
-180.967
-186.668
-192.688
-199.082
-212.996
-220.643
-228.716
-237.263
-246.307
-255.8
-276.026
-286.856
-297.977
-309.301
-320.876
-332.47
-355.205
-366.043
-376.243
-385.546
-393.605
-400.321
-408.384
-409.444
-408.401
-405.024
-399.27
-391.055
-367.076
-351.029
-332.629
-311.681
-288.237
-262.42
-206.097
-175.011
-142.966
-109.624
-75.7813
-41.2531
27.3663
61.7283
95.6461
128.909
160.926
191.867
248.385
274.038
297.234
318.06
336.569
352.426
376.46
384.869
390.643
394.076
395.184
394.115
386.466
379.82
371.853
362.745
352.994
342.407
320.531
309.506
298.591
287.716
277.21
267.094
248.058
239.112
230.599
222.57
214.928
207.698
194.494
188.398
182.614
177.087
171.91
166.964
157.929
153.73
149.684
145.818
142.117
138.586
131.975
128.851
125.868
122.971
120.176
117.491
112.433
109.989
107.635
105.359
103.164
101.021
96.9352
94.9639
93.043
91.1749
89.3536
87.5763
84.1736
82.5184
80.9014
79.3245
77.7831
76.2768
73.3886
71.9873
70.6178
69.2819
67.9882
66.721
64.3131
63.1522
62.0287
60.9457
59.895
58.877
56.9552
56.0375
55.1465
54.2781
53.4396
52.6255
51.0724
50.3158
49.575
48.8526
48.1444
47.4508
46.1057
45.4465
44.7977
44.16
43.5298
42.9095
41.7056
41.1095
40.5223
39.9413
39.3681
38.8019
37.6996
37.1537
36.6144
36.0817
35.5539
35.0322
34.0145
33.511
33.0121
32.5178
32.0292
31.5467
30.6021
30.1343
29.6706
29.2136
28.7605
28.3126
27.4388
27.0066
26.58
26.1585
25.7428
25.3338
24.5423
24.1545
23.7734
23.401
23.0362
22.6801
22.0017
21.673
21.3525
21.0419
20.7395
20.4453
19.8822
19.6096
19.3429
19.0819
18.8251
18.5737
18.0871
17.8479
17.612
17.3792
17.1497
16.9229
16.4809
16.2617
16.0449
15.8304
15.6183
15.4085
14.9982
14.7939
14.5921
14.3923
14.1945
13.9981
13.6142
13.4236
13.2345
13.0471
12.8614
12.6777
12.3179
12.1388
11.9616
11.7859
11.6118
11.4393
11.1018
10.9342
10.7685
10.6044
10.4419
10.2813
9.96777
9.81291
9.66038
9.50992
9.36217
9.21683
8.93654
8.79953
8.66559
8.53504
8.40791
8.28373
8.04653
7.93165
7.81954
7.70992
7.60304
7.49843
7.29718
7.1984
7.10136
7.00604
6.91193
6.81878
6.63807
6.54868
6.46018
6.37266
6.28596
6.20016
6.03258
5.94902
5.86659
5.78471
5.70371
5.62331
5.46566
5.38736
5.30965
5.23242
5.15599
5.08019
4.93158
4.85755
4.7841
4.71112
4.63895
4.56734
4.42678
4.35683
4.28739
4.21854
4.15034
4.08276
3.95054
3.88488
3.81993
3.75575
3.69239
3.62984
3.50865
3.44922
3.3911
3.33399
3.27834
3.22425
3.01442
2.8767
2.74941
2.63241
2.52355
2.42303
2.24392
2.16159
2.08472
2.01198
1.94353
1.87858
1.75948
1.7044
1.65188
1.60153
1.55304
1.50671
1.42135
1.38175
1.34347
1.30628
1.27015
1.23539
1.17049
1.13939
1.10909
1.07979
1.05146
1.02425
0.973038
0.948552
0.92495
0.902231
0.88054
0.8597
0.819408
0.799649
0.780252
0.761217
0.742544
0.724233
0.688961
0.671731
0.654898
0.638582
0.622705
0.607134
