-2.93145
-3.12632
-3.34228
-3.57688
-3.82655
-4.0887
-4.36221
-4.64695
-4.94331
-5.25189
-5.57362
-5.90989
-6.26315
-6.63764
-7.04098
-7.48487
-7.98112
-8.53323
-9.13469
-9.776
-10.4504
-11.1551
-11.8901
-12.6562
-13.4555
-14.2904
-15.1649
-16.0861
-17.0662
-18.1267
-19.3
-20.6181
-22.0908
-23.6999
-25.4207
-27.2366
-29.1416
-31.1378
-33.2308
-35.4292
-37.7445
-40.1941
-42.8056
-45.6235
-48.7243
-52.2201
-56.2249
-60.7887
-65.8935
-71.5137
-77.6611
-84.4037
-91.8578
-100.189
-109.631
-120.499
-133.263
-148.611
-167.581
-191.671
-223.06
-263.347
-312.058
-364.149
-405.565
-415.299
-378.789
-291.267
-160.607
-7.06052
146.419
277.138
364.59
401.205
391.867
351.877
301.855
255.473
217.408
187.46
164.009
145.267
129.971
117.144
106.19
96.6493
88.229
80.7132
73.9604
67.909
62.563
57.9135
53.8853
50.3384
47.1385
44.1905
41.4408
38.8524
36.4043
34.0812
31.8706
29.7653
27.762
25.8665
24.095
22.4755
21.0267
19.7373
18.5721
17.4959
16.4843
15.5237
14.6071
13.7296
12.8884
12.0815
11.3073
10.5662
9.86114
9.19914
8.59065
8.0426
7.55068
7.10253
6.6852
6.29065
5.91399
5.5528
5.20543
4.87073
4.54808
4.23734
3.93897
3.65518
3.39031
3.07502
2.51657
2.11926
1.81748
1.57919
-2.93271
-3.12492
-3.12772
-3.34075
-3.34382
-3.57523
-3.57853
-3.82481
-3.82829
-4.08688
-4.09053
-4.36031
-4.36411
-4.64498
-4.64893
-4.94126
-4.94537
-5.24975
-5.25404
-5.57139
-5.57586
-5.90755
-5.91223
-6.26068
-6.26561
-6.635
-6.64027
-7.03811
-7.04385
-7.48168
-7.48806
-7.97756
-7.98469
-8.5293
-8.53716
-9.13046
-9.13893
-9.77152
-9.78048
-10.4457
-10.4551
-11.1502
-11.16
-11.885
-11.8952
-12.6509
-12.6615
-13.4499
-13.461
-14.2845
-14.2962
-15.1588
-15.171
-16.0797
-16.0925
-17.0593
-17.0731
-18.1192
-18.1343
-19.2915
-19.3084
-20.6086
-20.6276
-22.0803
-22.1014
-23.6886
-23.7113
-25.4087
-25.4328
-27.2239
-27.2492
-29.1283
-29.1548
-31.1239
-31.1517
-33.2162
-33.2454
-35.4138
-35.4445
-37.7284
-37.7607
-40.1769
-40.2113
-42.7872
-42.824
-45.6034
-45.6435
-48.702
-48.7466
-52.1947
-52.2456
-56.1958
-56.2541
-60.7557
-60.8217
-65.857
-65.93
-71.4737
-71.5537
-77.6173
-77.7048
-84.3556
-84.4518
-91.8044
-91.9112
-100.129
-100.25
-109.562
-109.699
-120.42
-120.579
-133.169
-133.358
-148.496
-148.726
-167.436
-167.725
-191.486
-191.857
-222.816
-223.303
-263.039
-263.656
-311.703
-312.413
-363.808
-364.489
-405.366
-405.763
-415.379
-415.218
-379.214
-378.362
-292.029
-290.503
-161.608
-159.605
-8.13204
-5.98898
145.427
147.409
276.38
277.893
364.163
365.016
401.121
401.286
392.064
391.67
352.205
351.553
302.192
301.518
255.762
255.185
217.639
217.178
187.639
187.281
164.15
163.868
145.381
145.153
130.066
129.876
117.224
117.063
106.26
106.121
96.71
96.5886
88.283
88.1751
80.7616
80.6647
74.0039
73.9168
67.9478
67.8703
62.597
62.529
57.9428
57.8842
53.9109
53.8597
50.3613
50.3156
47.1593
47.1176
44.2098
44.1712
41.459
41.4227
38.8695
38.8353
36.4205
36.3881
34.0966
34.0658
31.8853
31.856
29.7793
29.7514
27.7753
27.7488
25.879
25.854
24.1065
24.0834
22.486
22.4651
21.036
21.0175
19.7456
19.729
18.5797
18.5645
17.503
17.4888
16.491
16.4776
15.53
15.5173
14.6132
14.6011
13.7355
13.7238
12.8941
12.8828
12.0869
12.0762
11.3125
11.3022
10.5711
10.5613
9.8658
9.85648
9.20347
9.1948
8.59459
8.58671
8.04612
8.03907
7.55385
7.5475
7.10546
7.0996
6.68795
6.68244
6.29327
6.28803
5.9165
5.91148
5.55521
5.55039
5.20775
5.20311
4.87297
4.8685
4.55024
4.54593
4.23942
4.23527
3.94096
3.93699
3.65705
3.65331
3.39203
3.38859
3.07954
3.07051
2.51973
2.51343
2.12158
2.11694
1.8193
1.81567
1.58066
-2.94121
-3.11551
-3.13719
-3.33041
-3.35421
-3.56411
-3.58969
-3.81306
-3.84007
-4.07459
-4.10285
-4.34751
-4.37694
-4.63166
-4.66229
-4.92739
-4.95926
-5.23531
-5.26852
-5.55631
-5.59097
-5.89177
-5.92806
-6.24404
-6.28231
-6.61728
-6.65808
-7.01883
-7.06325
-7.46024
-7.50965
-7.95354
-8.00886
-8.50283
-8.56378
-9.10191
-9.16757
-9.74132
-9.81077
-10.4141
-10.4868
-11.1173
-11.1931
-11.8506
-11.9297
-12.615
-12.6975
-13.4125
-13.4986
-14.2454
-14.3354
-15.1177
-15.2122
-16.0362
-16.1362
-17.0127
-17.1199
-18.0684
-18.1854
-19.2347
-19.3657
-20.5446
-20.692
-22.0096
-22.1725
-23.6122
-23.788
-25.3275
-25.5142
-27.1385
-27.3348
-29.0389
-29.2445
-31.0302
-31.2457
-33.1179
-33.3439
-35.3105
-35.5482
-37.6193
-37.8701
-40.0613
-40.3274
-42.6632
-42.9485
-45.4687
-45.779
-48.5521
-48.8975
-52.024
-52.4178
-55.9999
-56.4517
-60.5342
-61.0448
-65.6116
-66.177
-71.2044
-71.8243
-77.3227
-78.0012
-84.0319
-84.7779
-91.445
-92.2731
-99.7247
-100.657
-109.101
-110.164
-119.883
-121.121
-132.534
-134.001
-147.725
-149.506
-166.468
-168.707
-190.243
-193.121
-221.189
-224.944
-260.971
-265.735
-309.31
-314.813
-361.489
-366.771
-403.979
-407.055
-415.855
-414.615
-382.011
-375.412
-297.109
-285.293
-168.316
-152.797
-15.3642
1.23787
138.701
154.061
271.219
282.943
361.211
367.825
400.488
401.774
393.341
390.311
354.426
349.358
304.484
299.24
257.719
253.253
219.203
215.635
188.859
186.083
165.11
162.921
146.157
144.387
130.71
129.239
117.769
116.524
106.729
105.654
97.1215
96.1802
88.6487
87.812
81.0895
80.3389
74.2987
73.6239
68.2106
67.6096
62.8274
62.3003
58.1421
57.687
54.0841
53.6878
50.5157
50.1622
47.3004
46.9773
44.3405
44.041
41.5815
41.3005
38.9851
38.72
36.5301
36.2788
34.2008
33.9618
31.9845
31.7571
29.8738
29.6571
27.865
27.6593
25.9635
25.7698
24.1848
24.0055
22.5568
22.3947
21.0988
20.9551
19.8018
19.6731
18.631
18.5134
17.5508
17.4411
16.5363
16.4325
15.5732
15.4743
14.6544
14.56
13.775
13.6844
12.9319
12.8451
12.1233
12.0399
11.3473
11.2674
10.6044
10.5281
9.89733
9.82507
9.23281
9.16562
8.62127
8.56019
8.06999
8.01535
7.5754
7.52611
7.1253
7.07985
6.70657
6.66388
6.31097
6.27039
5.93346
5.89456
5.57149
5.53414
5.22342
5.18748
4.88806
4.85344
4.5648
4.53141
4.25343
4.22129
3.95436
3.92363
3.66972
3.64069
3.4037
3.37702
3.11027
3.04032
2.54121
2.49238
2.13735
2.1014
1.83164
1.80351
1.59057
-2.96149
-2.9871
-3.01315
-3.03949
-3.06626
-3.09346
-3.15975
-3.18825
-3.21718
-3.24643
-3.27605
-3.3061
-3.37893
-3.41016
-3.44162
-3.47339
-3.50546
-3.53793
-3.61619
-3.64958
-3.68314
-3.71696
-3.75104
-3.78542
-3.86802
-3.90307
-3.93844
-3.97395
-4.00965
-4.04566
-4.13205
-4.16866
-4.20557
-4.2426
-4.27993
-4.31736
-4.40735
-4.44548
-4.48392
-4.52248
-4.56132
-4.60028
-4.69395
-4.73363
-4.77363
-4.81374
-4.85407
-4.89471
-4.9922
-5.03352
-5.07518
-5.11695
-5.15895
-5.20129
-5.30284
-5.34589
-5.38929
-5.43281
-5.47662
-5.52079
-5.6268
-5.67187
-5.71709
-5.7626
-5.80839
-5.8546
-5.9656
-6.01287
-6.06035
-6.1081
-6.15621
-6.20485
-6.32193
-6.3717
-6.42207
-6.47277
-6.52389
-6.5756
-6.70042
-6.75375
-6.80784
-6.86243
-6.91774
-6.97354
-7.10944
-7.16781
-7.22716
-7.28719
-7.34811
-7.41001
-7.56114
-7.62624
-7.69254
-7.7597
-7.82787
-7.89726
-8.06644
-8.13924
-8.21322
-8.28797
-8.36373
-8.44064
-8.62712
-8.7069
-8.78774
-8.8692
-8.95148
-9.03478
-9.2356
-9.3211
-9.4075
-9.49439
-9.58195
-9.67027
-9.88262
-9.97279
-10.0638
-10.1551
-10.247
-10.3396
-10.5621
-10.6564
-10.7515
-10.8469
-10.9428
-11.0396
-11.2716
-11.3699
-11.4692
-11.5686
-11.6687
-11.7695
-12.0115
-12.114
-12.2174
-12.3211
-12.4254
-12.5305
-12.7827
-12.8897
-12.9976
-13.1058
-13.2146
-13.3243
-13.5875
-13.6995
-13.8118
-13.9247
-14.0384
-14.1531
-14.4285
-14.5453
-14.6632
-14.7816
-14.9007
-15.021
-15.31
-15.433
-15.557
-15.6815
-15.8071
-15.9341
-16.2397
-16.3699
-16.5015
-16.6341
-16.7683
-16.9034
-17.231
-17.371
-17.513
-17.6565
-17.8016
-17.949
-18.3071
-18.4611
-18.6177
-18.7766
-18.9378
-19.1018
-19.502
-19.6745
-19.8505
-20.0288
-20.2102
-20.395
-20.8455
-21.0394
-21.2365
-21.436
-21.6381
-21.8435
-22.3417
-22.5551
-22.7712
-22.9891
-23.2093
-23.4325
-23.9704
-24.1996
-24.4313
-24.6645
-24.8995
-25.1366
-25.7073
-25.9498
-26.1946
-26.4405
-26.688
-26.9377
-27.5378
-27.7925
-28.049
-28.3072
-28.5669
-28.8283
-29.4572
-29.7242
-29.993
-30.2635
-30.5356
-30.8094
-31.4687
-31.7485
-32.0302
-32.3138
-32.599
-32.8863
-33.5779
-33.8717
-34.1675
-34.4654
-34.7653
-35.0671
-35.7943
-36.1034
-36.4147
-36.7281
-37.0441
-37.3624
-38.13
-38.4565
-38.7856
-39.1174
-39.4518
-39.789
-40.6034
-40.9507
-41.3008
-41.654
-42.0109
-42.3716
-43.2445
-43.6172
-43.9947
-44.3764
-44.7623
-45.1526
-46.1016
-46.5096
-46.9235
-47.3435
-47.7689
-48.201
-49.2578
-49.7152
-50.1797
-50.6532
-51.1343
-51.6241
-52.8293
-53.3516
-53.884
-54.4265
-54.9788
-55.5415
-56.9232
-57.5211
-58.1292
-58.7476
-59.3764
-60.0152
-61.5769
-62.2488
-62.9308
-63.6221
-64.3235
-65.035
-66.7655
-67.5079
-68.2595
-69.0208
-69.7916
-70.5723
-72.4684
-73.2812
-74.1034
-74.9361
-75.7781
-76.6312
-78.7064
-79.5961
-80.4969
-81.4106
-82.335
-83.2716
-85.5546
-86.5348
-87.5292
-88.5384
-89.5625
-90.6019
-93.1364
-94.2293
-95.3386
-96.4662
-97.6124
-98.7771
-101.629
-102.859
-104.113
-105.396
-106.698
-108.023
-111.276
-112.688
-114.127
-115.597
-117.098
-118.631
-122.419
-124.067
-125.754
-127.483
-129.249
-131.054
-135.543
-137.513
-139.533
-141.608
-143.737
-145.927
-151.382
-153.787
-156.276
-158.849
-161.502
-164.226
-171.068
-174.107
-177.257
-180.513
-183.885
-187.369
-196.188
-200.152
-204.259
-208.513
-212.909
-217.445
-228.913
-233.976
-239.227
-244.707
-250.386
-256.179
-270.726
-277.036
-283.528
-290.133
-296.833
-303.706
-320.513
-327.662
-334.85
-341.955
-349.029
-355.94
-372.13
-378.555
-384.603
-390.293
-395.633
-400.51
-409.802
-412.662
-414.785
-416.053
-416.716
-416.551
-412.842
-409.741
-405.739
-400.836
-394.926
-388.114
-368.055
-358.039
-347.14
-335.238
-322.461
-308.748
-272.613
-256.217
-239.008
-221.172
-202.765
-183.868
-136.565
-116.169
-95.6216
-74.7299
-53.5601
-32.4585
18.1599
39.4009
60.5749
81.5671
102.27
122.569
169.603
188.654
207.041
224.894
242.077
258.578
294.501
308.074
320.944
332.877
343.812
353.832
374.024
380.717
386.453
391.305
395.398
398.571
402.558
402.787
402.257
400.947
398.806
396.012
386.92
382.298
377.19
371.64
365.715
359.563
344.071
337.282
330.397
323.474
316.664
309.903
293.891
287.316
280.873
274.539
268.364
262.387
248.765
243.296
237.972
232.83
227.835
222.986
212.063
207.745
203.562
199.518
195.597
191.809
183.298
179.924
176.647
173.479
170.408
167.424
160.717
158.031
155.417
152.878
150.412
148.021
142.603
140.426
138.306
136.239
134.217
132.25
127.752
125.941
124.171
122.436
120.738
119.074
115.263
113.72
112.208
110.727
109.274
107.85
104.561
103.224
101.91
100.618
99.3486
98.1036
95.223
94.0458
92.8878
91.7479
90.626
89.5213
86.9597
85.9123
84.8802
83.8627
82.8598
81.8711
79.5746
78.6329
77.705
76.7907
75.8894
75.0015
72.9373
72.092
71.2595
70.4394
69.6322
68.838
66.9991
66.2487
65.5121
64.7878
64.0765
63.3776
61.7654
61.1105
60.4692
59.84
59.2223
58.6181
57.225
56.6579
56.1026
55.5572
55.0226
54.498
53.2851
52.7898
52.3025
51.8223
51.3498
50.8842
49.8024
49.3582
48.9197
48.4864
48.0584
47.6359
46.6477
46.2404
45.8372
45.4379
45.0427
44.6514
43.7348
43.3558
42.9801
42.6075
42.2385
41.8726
41.0129
40.6568
40.3034
39.9526
39.6048
39.2597
38.4486
38.1121
37.7778
37.4463
37.1171
36.7904
36.0215
35.7025
35.3858
35.071
34.7584
34.448
33.717
33.4135
33.1122
32.8126
32.5152
32.2199
31.5241
31.235
30.9479
30.6626
30.3794
30.0979
29.4352
29.1601
28.8868
28.6152
28.3457
28.0781
27.4488
27.1879
26.9289
26.6719
26.4171
26.1644
25.5719
25.3263
25.0839
24.8438
24.6059
24.3712
23.8228
23.597
23.3748
23.1556
22.9386
22.7253
22.2299
22.0269
21.8275
21.6317
21.4384
21.2487
20.8088
20.6284
20.4514
20.277
20.105
19.9356
19.5421
19.3802
19.2207
19.0631
18.907
18.7531
18.3934
18.2446
18.0978
17.9523
17.8075
17.6645
17.3288
17.1895
17.0516
16.9147
16.7786
16.6436
16.3262
16.1945
16.0633
15.9334
15.8039
15.6755
15.3731
15.2473
15.1225
14.9984
14.8748
14.7521
14.4632
14.3428
14.2232
14.1044
13.986
13.8686
13.5917
13.4762
13.3617
13.2479
13.1347
13.0217
12.7561
12.6454
12.5356
12.4263
12.3174
12.2094
11.9545
11.8482
11.7428
11.638
11.5335
11.4299
11.1856
11.0837
10.9827
10.8824
10.7824
10.6833
10.45
10.3529
10.2567
10.1612
10.0662
9.97218
9.75122
9.65964
9.5691
9.47938
9.39036
9.30255
9.09713
9.01244
8.92896
8.84654
8.765
8.68478
8.49803
8.42141
8.3461
8.27201
8.19877
8.12687
7.95974
7.89101
7.82355
7.75708
7.6914
7.62674
7.47592
7.41373
7.35247
7.29188
7.23175
7.17243
7.03341
6.9758
6.91885
6.86241
6.80634
6.7508
6.62022
6.56611
6.51219
6.45881
6.40566
6.35295
6.22882
6.1771
6.12584
6.07489
6.02409
5.97368
5.85473
5.80519
5.75604
5.70716
5.65857
5.61006
5.49587
5.44825
5.40099
5.35395
5.30718
5.26055
5.15064
5.10474
5.05921
5.01391
4.96871
4.92385
4.81793
4.77372
4.7298
4.68613
4.64256
4.59932
4.49721
4.45462
4.41233
4.37023
4.32827
4.28664
4.18835
4.14748
4.10674
4.06634
4.02607
3.98617
3.89218
3.85317
3.81432
3.77584
3.73762
3.69981
3.61105
3.57433
3.53808
3.50223
3.46664
3.43153
3.34977
3.3161
3.28299
3.2503
3.21806
3.1846
2.97081
2.8875
2.80837
2.7334
2.66159
2.59343
2.4437
2.38546
2.33003
2.27649
2.22476
2.17533
2.06538
2.02173
1.97973
1.93904
1.89951
1.86136
1.77532
1.74116
1.70793
1.67578
1.64455
1.61432
