-2.10995
-2.38106
-2.67946
-3.03273
-3.47448
-3.9829
-4.53627
-5.13383
-5.78063
-6.48826
-7.30008
-8.31982
-9.55634
-10.9293
-12.4179
-14.032
-15.7931
-17.7669
-20.178
-23.2414
-26.777
-30.6606
-34.9161
-39.6169
-44.9189
-51.3128
-59.7913
-70.5448
-83.4279
-99.1508
-119.362
-147.324
-190.75
-267.453
-388.641
-467.201
-335.516
-7.11882
320.963
452.542
375.967
260.033
187.087
144.285
116.107
95.6307
79.6877
66.8441
56.9383
49.5864
43.5785
38.3105
33.578
29.2804
25.3811
22.0082
19.3549
17.1849
15.2503
13.4773
11.842
10.333
8.97172
7.84476
6.94208
6.15136
5.42506
4.75031
4.12148
3.54339
2.83247
1.98377
1.49297
1.16238
0.921013
-2.11083
-2.3801
-2.38201
-2.67838
-2.68054
-3.03139
-3.03407
-3.47285
-3.47611
-3.9811
-3.9847
-4.53433
-4.53821
-5.13172
-5.13593
-5.77835
-5.78291
-6.48573
-6.49079
-7.29705
-7.30312
-8.31596
-8.32369
-9.55189
-9.56078
-10.9244
-10.9341
-12.4126
-12.4231
-14.0263
-14.0377
-15.7869
-15.7994
-17.7596
-17.7741
-20.1687
-20.1873
-23.2301
-23.2527
-26.7644
-26.7896
-30.6469
-30.6744
-34.9011
-34.9313
-39.6001
-39.6337
-44.8995
-44.9382
-51.2882
-51.3375
-59.7585
-59.8241
-70.505
-70.5847
-83.3801
-83.4757
-99.0913
-99.2103
-119.283
-119.441
-147.21
-147.439
-190.56
-190.94
-267.113
-267.794
-388.193
-389.089
-467.223
-467.178
-336.376
-334.654
-8.34687
-5.89058
320.105
321.827
452.51
452.571
376.394
375.539
260.356
259.711
187.271
186.903
144.4
144.171
116.187
116.028
95.6911
95.5704
79.7359
79.6394
66.8828
66.8055
56.9668
56.9098
49.6085
49.5644
43.5974
43.5596
38.3273
38.2936
33.5932
33.5627
29.2943
29.2665
25.3936
25.3687
22.0185
21.998
19.3629
19.347
17.1918
17.1781
15.2565
15.244
13.4831
13.4716
11.8473
11.8367
10.3379
10.3281
8.97599
8.96745
7.84813
7.8414
6.9449
6.93926
6.15391
6.14881
5.42742
5.42269
4.75251
4.74811
4.12354
4.11943
3.54523
3.54155
2.83652
2.82842
1.98584
1.9817
1.49432
1.49163
1.16331
1.16146
0.921707
-2.11878
-2.37151
-2.39064
-2.6687
-2.69027
-3.01938
-3.04619
-3.45824
-3.49081
-3.96492
-4.00094
-4.51685
-4.55574
-5.11284
-5.15487
-5.75786
-5.8035
-6.46306
-6.51358
-7.26983
-7.3306
-8.28124
-8.35863
-9.51196
-9.60086
-10.8809
-10.9778
-12.3655
-12.4704
-13.9751
-14.089
-15.7307
-15.8558
-17.6948
-17.8395
-20.0857
-20.2711
-23.1287
-23.3546
-26.6515
-26.9028
-30.5235
-30.7984
-34.7654
-35.0674
-39.4493
-39.7852
-44.7261
-45.113
-51.068
-51.5602
-59.4646
-60.1207
-70.1476
-70.9444
-82.9516
-83.9068
-98.5584
-99.7485
-118.576
-120.156
-146.19
-148.476
-188.869
-192.669
-264.082
-270.892
-384.164
-393.011
-467.324
-466.803
-344.016
-326.79
-19.3915
5.13845
312.227
329.505
452.098
452.712
380.244
371.679
263.274
256.84
188.943
185.265
145.436
143.149
116.91
115.313
96.2369
95.0298
80.1721
79.2071
67.2322
66.4594
57.225
56.6543
49.8078
49.3664
43.768
43.3898
38.4792
38.1424
33.7306
33.4259
29.4194
29.1418
25.5059
25.2569
22.1107
21.9066
19.4347
19.2758
17.2537
17.1163
15.3129
15.1878
13.535
13.4198
11.8953
11.7889
10.382
10.2842
9.01455
8.92919
7.87856
7.81125
6.97031
6.91395
6.17694
6.12585
5.44876
5.40142
4.77237
4.72831
4.14202
4.101
3.56185
3.52503
2.87349
2.79248
2.00462
1.96323
1.50649
1.4796
1.17175
1.15317
0.927988
-2.14529
-2.18395
-2.22305
-2.26265
-2.30266
-2.34318
-2.41941
-2.46148
-2.50419
-2.54766
-2.59188
-2.63695
-2.72293
-2.7712
-2.82089
-2.87222
-2.92527
-2.9802
-3.08707
-3.14787
-3.21067
-3.27551
-3.34201
-3.41018
-3.53994
-3.61205
-3.68531
-3.75975
-3.83515
-3.91152
-4.05505
-4.13404
-4.21396
-4.29486
-4.37657
-4.45916
-4.6142
-4.69951
-4.78574
-4.87307
-4.9613
-5.05052
-5.21802
-5.31022
-5.40349
-5.49801
-5.59354
-5.69023
-5.8721
-5.97242
-6.07408
-6.17732
-6.28199
-6.38843
-6.58993
-6.70224
-6.81706
-6.935
-7.05619
-7.18099
-7.42314
-7.56124
-7.70453
-7.85357
-8.00791
-8.16764
-8.47597
-8.64934
-8.82679
-9.00817
-9.19275
-9.38041
-9.73463
-9.93019
-10.1283
-10.3291
-10.532
-10.7375
-11.1232
-11.3355
-11.5503
-11.7679
-11.9877
-12.2101
-12.6279
-12.8579
-13.0907
-13.3265
-13.565
-13.8064
-14.2602
-14.5103
-14.7638
-15.021
-15.2815
-15.5456
-16.0443
-16.3206
-16.602
-16.8892
-17.1823
-17.4826
-18.0589
-18.3851
-18.7224
-19.073
-19.4368
-19.8151
-20.5539
-20.9751
-21.4111
-21.8606
-22.3223
-22.7953
-23.6957
-24.1962
-24.7051
-25.2227
-25.7473
-26.2793
-27.2807
-27.8333
-28.3931
-28.9604
-29.5349
-30.1167
-31.2117
-31.8161
-32.4288
-33.0501
-33.68
-34.3187
-35.5218
-36.1871
-36.8627
-37.5487
-38.2452
-38.9532
-40.2913
-41.0344
-41.7914
-42.5634
-43.352
-44.1576
-45.699
-46.5669
-47.4628
-48.39
-49.3511
-50.3513
-52.3143
-53.4467
-54.6316
-55.8699
-57.1616
-58.5059
-61.1186
-62.6017
-64.1301
-65.7032
-67.3184
-68.9764
-72.1507
-73.9337
-75.7629
-77.64
-79.5687
-81.5501
-85.3551
-87.5044
-89.7207
-92.0096
-94.3733
-96.8181
-101.563
-104.274
-107.093
-110.029
-113.087
-116.283
-122.579
-126.224
-130.063
-134.106
-138.372
-142.9
-152.014
-157.421
-163.225
-169.45
-176.188
-183.463
-198.634
-207.896
-218.063
-229.164
-241.267
-254.377
-281.441
-297.634
-314.796
-332.886
-351.704
-370.856
-405.915
-423.582
-439.265
-452.007
-461.236
-466.452
-463.72
-455.102
-441.375
-422.347
-397.709
-367.666
-299.283
-255.695
-208.851
-159.524
-108.208
-55.8441
41.6462
93.9303
145.173
194.691
241.533
284.688
353.101
382.994
407.496
426.444
440.169
448.981
451.861
446.951
437.892
425.405
409.954
392.876
358.684
340.123
322.081
304.842
288.496
273.213
247.665
235.242
223.807
213.289
203.599
194.686
180.005
172.891
166.3
160.127
154.373
148.969
139.846
135.3
130.997
126.919
123.046
119.357
112.993
109.757
106.657
103.682
100.827
98.077
93.2628
90.7833
88.385
86.0643
83.8174
81.6393
77.7914
75.7956
73.8593
71.9828
70.1663
68.4101
65.3315
63.7545
62.2419
60.7961
59.4151
58.0994
55.8255
54.6706
53.5627
52.4976
51.4704
50.4767
48.7186
47.8019
46.9072
46.0325
45.1768
44.3382
42.8316
42.0361
41.2543
40.4857
39.7302
38.9865
37.6443
36.9326
36.2315
35.5408
34.8599
34.1889
32.9749
32.3301
31.694
31.0664
30.4474
29.8367
28.7311
28.144
27.5652
26.9948
26.4335
25.8815
24.8896
24.3688
23.8606
23.3653
22.8857
22.422
21.6087
21.1921
20.7918
20.4061
20.035
19.6761
19.0423
18.712
18.3897
18.0738
17.7646
17.4609
16.9131
16.6227
16.3366
16.0542
15.7759
15.501
15.0024
14.7373
14.4753
14.2163
13.9606
13.708
13.2491
13.0048
12.7632
12.5243
12.2884
12.0551
11.6312
11.4055
11.1825
10.9618
10.744
10.529
10.1396
9.93312
9.73
9.53034
9.33492
9.14389
8.80411
8.62784
8.45735
8.29257
8.13397
7.98111
7.71273
7.57405
7.43926
7.30823
7.18038
7.05536
6.83075
6.71196
6.59505
6.47969
6.36596
6.25376
6.05004
5.94164
5.83447
5.72834
5.62351
5.51985
5.33123
5.23062
5.1311
5.0325
4.93501
4.83855
4.6629
4.56912
4.47634
4.3844
4.29355
4.20364
4.04018
3.95318
3.8673
3.78259
3.69931
3.61751
3.47078
3.39404
3.31931
3.24643
3.17569
3.00274
2.67936
2.53166
2.39914
2.27933
2.16946
2.06952
1.9038
1.82266
1.74705
1.67623
1.61031
1.54785
1.44087
1.38823
1.33849
1.29055
1.24453
1.20052
1.12575
1.08676
1.05007
1.01494
0.981359
0.949289
