-1.79435
-1.9847
-2.18503
-2.39611
-2.62034
-2.87121
-3.18428
-3.55928
-3.96527
-4.39422
-4.84692
-5.32586
-5.83256
-6.36984
-6.95284
-7.64527
-8.52619
-9.53
-10.5997
-11.7312
-12.9293
-14.2007
-15.5493
-16.9913
-18.6158
-20.6692
-23.1972
-25.9718
-28.9266
-32.0737
-35.4417
-39.0578
-42.9645
-47.3022
-52.5853
-59.5891
-67.9928
-77.499
-88.36
-101.12
-116.581
-136.275
-162.915
-203.172
-272.093
-379.258
-490.732
-482.872
-305.323
-7.15485
290.787
467.808
474.693
365.291
263.558
199.897
160.47
133.489
113.466
97.6733
84.6498
73.5711
64.0558
56.4929
50.8216
46.0593
41.759
37.8008
34.129
30.711
27.5047
24.5119
21.8486
19.7512
18.0431
16.4898
15.0336
13.6612
12.3659
11.1425
9.9846
8.90968
7.99405
7.2708
6.63894
6.04797
5.48768
4.95607
4.45012
3.96771
3.51309
3.1118
2.26964
1.778
1.43834
1.18677
0.988095
0.83213
0.700753
0.588316
-1.79515
-1.98385
-1.98555
-2.18414
-2.18592
-2.39517
-2.39705
-2.61932
-2.62137
-2.87001
-2.8724
-3.18276
-3.1858
-3.55757
-3.56099
-3.96346
-3.96708
-4.39231
-4.39613
-4.8449
-4.84894
-5.32373
-5.328
-5.83029
-5.83484
-6.36743
-6.37226
-6.95015
-6.95554
-7.64187
-7.64868
-8.52201
-8.53038
-9.52548
-9.53452
-10.5949
-10.6044
-11.7261
-11.7362
-12.9239
-12.9346
-14.1951
-14.2064
-15.5433
-15.5553
-16.9848
-16.9978
-18.6081
-18.6236
-20.659
-20.6793
-23.1855
-23.2088
-25.9594
-25.9842
-28.9133
-28.9399
-32.0596
-32.0878
-35.4265
-35.4568
-39.0416
-39.0741
-42.9467
-42.9822
-47.282
-47.3226
-52.5588
-52.6119
-59.5553
-59.623
-67.9541
-68.0316
-77.4552
-77.5429
-88.3093
-88.4108
-101.059
-101.18
-116.506
-116.656
-136.178
-136.372
-162.778
-163.052
-202.951
-203.395
-271.708
-272.481
-378.733
-379.783
-490.42
-491.042
-483.26
-482.481
-306.48
-304.161
-8.49265
-5.81633
289.644
291.926
467.435
468.177
475.005
474.378
365.811
364.771
263.911
263.207
200.109
199.685
160.61
160.331
133.589
133.388
113.542
113.389
97.735
97.6116
84.701
84.5985
73.6157
73.5265
64.0931
64.0185
56.5211
56.4648
50.8437
50.7994
46.0787
46.0398
41.7768
41.7411
37.8173
37.7843
34.1444
34.1137
30.7253
30.6967
27.5181
27.4912
24.5243
24.4994
21.859
21.8382
19.7592
19.7431
18.05
18.0361
16.4964
16.4833
15.0397
15.0275
13.667
13.6554
12.3714
12.3604
11.1477
11.1374
9.98948
9.97974
8.91407
8.90529
7.99755
7.99055
7.27368
7.26793
6.64159
6.63629
6.05045
6.0455
5.49004
5.48531
4.95832
4.95383
4.45226
4.44798
3.96975
3.96567
3.51498
3.51121
3.11668
3.10694
2.27229
2.267
1.77974
1.77626
1.4396
1.43709
1.18773
1.18582
0.988862
0.987328
0.832739
0.831522
0.701285
0.700222
0.588762
-1.8016
-1.97707
-1.99233
-2.17702
-2.19306
-2.38765
-2.40458
-2.61117
-2.62958
-2.86051
-2.88202
-3.17064
-3.19801
-3.54392
-3.57468
-3.94897
-3.9816
-4.37706
-4.41142
-4.82874
-4.86512
-5.30665
-5.34511
-5.81217
-5.85307
-6.34817
-6.39157
-6.92867
-6.97717
-7.61474
-7.67612
-8.48874
-8.56391
-9.48952
-9.5707
-10.5567
-10.6427
-11.6858
-11.7766
-12.8812
-12.9775
-14.1498
-14.2516
-15.4951
-15.6036
-16.9327
-17.0501
-18.5462
-18.686
-20.5783
-20.7607
-23.0928
-23.302
-25.8602
-26.0836
-28.8071
-29.046
-31.9468
-32.201
-35.3056
-35.5781
-38.9116
-39.2044
-42.8053
-43.1247
-47.1202
-47.4842
-52.3477
-52.8255
-59.285
-59.8952
-67.6448
-68.3426
-77.1051
-77.8947
-87.9048
-88.818
-100.578
-101.665
-115.91
-117.276
-135.4
-137.154
-161.694
-164.157
-201.198
-205.197
-268.679
-275.628
-374.531
-383.996
-487.797
-493.399
-486.244
-479.23
-315.607
-294.74
-19.1974
4.9037
280.388
300.921
464.331
471.006
477.385
471.761
369.999
360.621
266.762
260.425
201.822
198.013
161.73
159.229
134.393
132.592
114.154
112.783
98.2306
97.1202
85.1164
84.192
73.9737
73.1702
64.3958
63.7188
56.7473
56.2416
51.021
50.6225
46.2347
45.8837
41.9207
41.5985
37.9496
37.6524
34.2676
33.9909
30.8399
30.5823
27.626
27.3836
24.6241
24.4001
21.9427
21.7555
19.8234
19.6777
18.1059
17.9804
16.5485
16.4313
15.0888
14.9786
13.7133
13.6092
12.4155
12.3168
11.1891
11.0961
10.0286
9.9409
8.94938
8.87027
8.02573
7.96269
7.29671
7.24501
6.66282
6.61512
6.07037
6.02567
5.50899
5.4664
4.97632
4.93586
4.46943
4.43088
3.98612
3.94936
3.53006
3.49614
3.13578
3.06806
2.29372
2.24611
1.79376
1.7625
1.44972
1.42713
1.19544
1.17824
0.995031
0.981224
0.837618
0.826669
0.705552
0.695982
0.59234
-1.82073
-1.84767
-1.87472
-1.90196
-1.92939
-1.95704
-2.01254
-2.04084
-2.06929
-2.09799
-2.1268
-2.156
-2.21432
-2.24409
-2.27407
-2.30426
-2.3347
-2.3654
-2.42709
-2.45846
-2.49033
-2.52225
-2.55468
-2.58738
-2.65379
-2.68809
-2.72302
-2.75877
-2.79517
-2.83264
-2.91111
-2.95289
-2.99618
-3.04105
-3.08725
-3.13514
-3.23479
-3.28651
-3.33963
-3.39349
-3.44825
-3.50364
-3.61558
-3.67281
-3.73042
-3.78858
-3.8472
-3.90621
-4.02487
-4.08531
-4.14621
-4.20761
-4.26943
-4.33177
-4.45697
-4.52076
-4.58492
-4.64995
-4.71516
-4.78098
-4.91333
-4.98074
-5.0487
-5.11723
-5.18637
-5.25614
-5.39611
-5.46733
-5.53952
-5.61188
-5.68496
-5.75875
-5.90696
-5.98257
-6.05874
-6.13551
-6.21298
-6.29126
-6.44916
-6.52998
-6.6122
-6.69546
-6.77976
-6.86571
-7.04207
-7.13413
-7.22931
-7.32771
-7.42966
-7.53547
-7.75916
-7.87788
-8.00055
-8.12745
-8.25771
-8.39103
-8.66362
-8.80408
-8.94601
-9.09026
-9.23605
-9.38311
-9.67842
-9.82909
-9.98087
-10.134
-10.2886
-10.444
-10.7566
-10.9159
-11.0767
-11.2388
-11.4017
-11.5665
-11.8972
-12.0657
-12.2358
-12.4075
-12.5804
-12.7548
-13.1053
-13.2842
-13.4649
-13.6469
-13.8302
-14.015
-14.387
-14.5767
-14.7682
-14.9618
-15.1562
-15.3528
-15.7474
-15.9491
-16.153
-16.3592
-16.5674
-16.7791
-17.2072
-17.4295
-17.6549
-17.8857
-18.1222
-18.3662
-18.8737
-19.1447
-19.4259
-19.7206
-20.0266
-20.3437
-21.0058
-21.3545
-21.7093
-22.0732
-22.4438
-22.8193
-23.5802
-23.9707
-24.3645
-24.7613
-25.1625
-25.567
-26.3807
-26.7965
-27.2151
-27.6382
-28.0653
-28.4949
-29.3614
-29.8031
-30.2485
-30.6991
-31.1549
-31.6138
-32.5385
-33.011
-33.488
-33.9695
-34.4566
-34.9483
-35.9396
-36.4457
-36.9578
-37.4769
-37.9991
-38.5275
-39.5953
-40.1399
-40.6933
-41.2516
-41.8162
-42.3889
-43.5496
-44.1464
-44.7543
-45.3735
-46.0044
-46.6462
-47.9745
-48.6731
-49.3949
-50.1436
-50.9253
-51.7407
-53.4708
-54.4021
-55.3699
-56.3745
-57.4187
-58.4922
-60.7131
-61.8687
-63.0507
-64.253
-65.4837
-66.7334
-69.2741
-70.586
-71.9217
-73.2793
-74.6643
-76.0731
-78.9481
-80.4387
-81.951
-83.5103
-85.0889
-86.7148
-90.0442
-91.7846
-93.5593
-95.3754
-97.2388
-99.1673
-103.124
-105.209
-107.349
-109.545
-111.823
-114.168
-119.115
-121.717
-124.404
-127.192
-130.084
-133.107
-139.524
-142.995
-146.573
-150.376
-154.33
-158.539
-167.539
-172.541
-177.817
-183.532
-189.608
-196.184
-210.87
-219.3
-228.332
-238.127
-248.606
-260.049
-284.854
-298.645
-313.068
-328.64
-344.849
-362.067
-396.784
-414.876
-432.652
-450.062
-465.781
-479.447
-499.16
-504.737
-506.782
-506.236
-501.792
-493.757
-468.294
-450.228
-428.555
-403.336
-373.632
-341.313
-266.304
-224.969
-182.941
-139.346
-95.546
-51.1208
36.9187
81.1558
125.027
168.46
210.485
251.761
326.381
358.782
388.089
413.852
435.408
453.819
478.828
486.359
490.6
491.506
489.105
483.219
463.628
449.878
434.273
417.239
400.045
382.68
348.402
332.092
316.822
302.273
288.395
275.586
252.484
242.15
232.53
223.396
215.006
207.1
193.234
186.915
180.939
175.308
170.062
165.118
155.979
151.756
147.757
143.927
140.294
136.811
130.301
127.215
124.259
121.417
118.673
116.019
111.011
108.609
106.271
104.022
101.84
99.7215
95.6793
93.7131
91.8149
89.9558
88.1458
86.366
82.9716
81.3184
79.7087
78.1247
76.5718
75.0509
72.1219
70.6905
69.2962
67.9313
66.6
65.3047
62.8446
61.6709
60.541
59.4559
58.4207
57.4314
55.5923
54.7257
53.8944
53.0844
52.3096
51.5519
50.1034
49.3993
48.7067
48.0276
47.3601
46.7028
45.4241
44.7929
44.1709
43.5552
42.9479
42.3482
41.177
40.5992
40.0269
39.4599
38.8986
38.3441
37.2622
36.7259
36.1951
35.6697
35.1496
34.6351
33.6286
33.1301
32.6364
32.1475
31.6631
31.182
30.2437
29.7764
29.3122
28.8544
28.399
27.9485
27.0654
26.6271
26.1928
25.7647
25.3398
24.9217
24.1073
23.7069
23.3146
22.9317
22.5585
22.1958
21.5134
21.1903
20.8798
20.5808
20.2929
20.0165
19.4912
19.238
18.99
18.7468
18.5076
18.2728
17.8158
17.5885
17.3642
17.1419
16.9217
16.7039
16.277
16.0651
15.855
15.6464
15.4401
15.2353
14.8338
14.6339
14.4354
14.2388
14.0446
13.8511
13.4725
13.2841
13.0971
12.9118
12.7281
12.5459
12.1879
12.0101
11.8336
11.6583
11.4846
11.3126
10.9742
10.8057
10.6383
10.4725
10.3081
10.1451
9.8259
9.66737
9.51143
9.35738
9.20508
9.05539
8.76722
8.62734
8.49098
8.35953
8.23261
8.11067
7.88153
7.77186
7.66629
7.56373
7.46359
7.36595
7.17745
7.08512
6.99391
6.9035
6.81434
6.72598
6.55277
6.46681
6.38154
6.29701
6.21313
6.12991
5.96673
5.88537
5.80427
5.72425
5.64477
5.56569
5.41044
5.33316
5.25643
5.18028
5.10479
5.02987
4.88273
4.80932
4.73641
4.66387
4.59196
4.52055
4.3801
4.31012
4.24056
4.1715
4.103
4.03487
3.90115
3.83467
3.76865
3.70333
3.63901
3.57527
3.45187
3.39164
3.333
3.27682
3.22272
3.17202
2.95649
2.8118
2.68131
2.56396
2.45719
2.35936
2.18635
2.10768
2.03395
1.9646
1.899
1.83657
1.72281
1.67027
1.61953
1.57117
1.52491
1.48056
1.39833
1.36015
1.32317
1.28727
1.25246
1.21881
1.15604
1.12595
1.09675
1.06831
1.04047
1.01365
0.963408
0.939412
0.916299
0.89407
0.872844
0.85223
0.812387
0.792854
0.773683
0.754874
0.736428
0.718343
0.68352
0.666585
0.650124
0.634103
0.618417
0.603106
