-2.91255
-3.10622
-3.32272
-3.55863
-3.80923
-4.07164
-4.34483
-4.62878
-4.92389
-5.23081
-5.55031
-5.88359
-6.23254
-6.60117
-6.99728
-7.43426
-7.92732
-8.48116
-9.08608
-9.72974
-10.4048
-11.1086
-11.8412
-12.604
-13.3986
-14.2274
-15.0937
-16.0032
-16.9672
-18.0077
-19.1626
-20.473
-21.9509
-23.57
-25.2975
-27.1154
-29.0186
-31.0097
-33.0947
-35.2821
-37.5827
-40.0119
-42.5932
-45.3701
-48.4209
-51.8734
-55.87
-60.4681
-65.6242
-71.2917
-77.4822
-84.2663
-91.7674
-100.154
-109.667
-120.633
-133.521
-149.042
-168.319
-193.22
-226.519
-271.144
-327.995
-393.653
-451.491
-472.188
-436.416
-338.346
-185.821
-7.22599
171.364
323.796
421.912
457.862
437.771
381.279
317.913
263.659
221.358
189.454
165.112
145.952
130.372
117.367
106.274
96.6396
88.1407
80.5495
73.7235
67.6032
62.2065
57.558
53.5723
50.0773
46.9189
44.0016
41.2717
38.6984
36.261
33.9452
31.7394
29.6354
27.6293
25.7256
23.9434
22.3179
20.8772
19.6079
18.4647
17.4059
16.4069
15.4556
14.5456
13.6731
12.8356
12.031
11.2579
10.5162
9.80857
9.14297
8.53268
7.98809
7.50383
7.06351
6.65267
6.26279
5.88961
5.53097
5.18553
4.85242
4.53096
4.22083
3.92249
3.63787
3.37085
3.04974
2.48871
2.0976
1.80186
1.56782
-2.9138
-3.10482
-3.10761
-3.32118
-3.32427
-3.55697
-3.56029
-3.80748
-3.81097
-4.06981
-4.07346
-4.34294
-4.34672
-4.62681
-4.63075
-4.92184
-4.92593
-5.22868
-5.23294
-5.5481
-5.55253
-5.88128
-5.88591
-6.23011
-6.23498
-6.59858
-6.60376
-6.99446
-7.00009
-7.43112
-7.43741
-7.92376
-7.93089
-8.4772
-8.48512
-9.08183
-9.09034
-9.72525
-9.73423
-10.4001
-10.4094
-11.1037
-11.1134
-11.8362
-11.8463
-12.5987
-12.6093
-13.3931
-13.4041
-14.2216
-14.2332
-15.0877
-15.0997
-15.9968
-16.0095
-16.9604
-16.974
-18.0002
-18.0151
-19.1542
-19.1709
-20.4635
-20.4825
-21.9403
-21.9615
-23.5586
-23.5814
-25.2855
-25.3096
-27.1027
-27.1281
-29.0054
-29.0319
-30.9959
-31.0236
-33.0802
-33.1092
-35.2669
-35.2974
-37.5667
-37.5988
-39.9949
-40.0289
-42.575
-42.6113
-45.3504
-45.3898
-48.399
-48.4429
-51.8483
-51.8987
-55.8408
-55.8993
-60.4349
-60.5014
-65.5873
-65.661
-71.2515
-71.332
-77.4382
-77.5262
-84.2179
-84.3148
-91.7137
-91.8213
-100.094
-100.215
-109.598
-109.736
-120.552
-120.713
-133.426
-133.617
-148.925
-149.159
-168.172
-168.466
-193.026
-193.415
-226.259
-226.78
-270.8
-271.488
-327.572
-328.418
-393.205
-394.101
-451.191
-451.79
-472.224
-472.151
-436.87
-435.96
-339.216
-337.475
-186.978
-184.663
-8.46888
-5.98315
170.201
172.525
322.92
324.668
421.455
422.368
457.821
457.901
438.064
437.476
381.719
380.84
318.322
317.504
263.988
263.33
221.608
221.109
189.642
189.266
165.258
164.966
146.069
145.835
130.469
130.276
117.448
117.286
106.345
106.204
96.7009
96.5782
88.1952
88.0862
80.5984
80.5006
73.7675
73.6795
67.6424
67.5641
62.2407
62.1724
57.5872
57.5289
53.5976
53.5471
50.0998
50.0548
46.9395
46.8983
44.0208
43.9825
41.2898
41.2537
38.7154
38.6813
36.2772
36.2449
33.9605
33.9298
31.754
31.7247
29.6494
29.6215
27.6427
27.616
25.7382
25.713
23.9551
23.9318
22.3283
22.3074
20.8864
20.8681
19.616
19.5998
18.4722
18.4573
17.4129
17.3989
16.4135
16.4003
15.4619
15.4493
14.5517
14.5395
13.6789
13.6673
12.8412
12.83
12.0364
12.0256
11.263
11.2527
10.5211
10.5112
9.81325
9.80389
9.14733
9.13861
8.53662
8.52875
7.99158
7.98461
7.50696
7.50071
7.06639
7.06062
6.65539
6.64996
6.26538
6.26019
5.8921
5.88712
5.53336
5.52858
5.18784
5.18323
4.85465
4.8502
4.53311
4.52881
4.2229
4.21876
3.92447
3.9205
3.63975
3.63599
3.3726
3.36911
3.05435
3.04514
2.49185
2.48557
2.09989
2.09533
1.80363
1.80008
1.56926
-2.92221
-3.09544
-3.11707
-3.31078
-3.33472
-3.5458
-3.57151
-3.79571
-3.82278
-4.05753
-4.08577
-4.33016
-4.35953
-4.61353
-4.64405
-4.90804
-4.93976
-5.21432
-5.24733
-5.53314
-5.56752
-5.86565
-5.90156
-6.2137
-6.25143
-6.58114
-6.62127
-6.97551
-7.01915
-7.40995
-7.45874
-7.89978
-7.95504
-8.45055
-8.51189
-9.05314
-9.11914
-9.69498
-9.76458
-10.3684
-10.4412
-11.0707
-11.1465
-11.8019
-11.8807
-12.563
-12.645
-13.3559
-13.4414
-14.1828
-14.2721
-15.047
-15.1405
-15.954
-16.0525
-16.9147
-17.0198
-17.9504
-18.0653
-19.0981
-19.2274
-20.3997
-20.5469
-21.8692
-22.033
-23.4816
-23.6586
-25.2041
-25.3912
-27.0174
-27.2136
-28.9162
-29.1214
-30.9025
-31.1173
-32.9823
-33.2074
-35.1641
-35.4005
-37.4584
-37.7074
-39.8804
-40.1439
-42.4527
-42.7341
-45.2177
-45.5231
-48.2514
-48.5914
-51.6789
-52.0696
-55.6442
-56.0975
-60.2112
-60.7265
-65.3394
-65.9103
-70.9803
-71.6046
-77.142
-77.8241
-83.8919
-84.6428
-91.3517
-92.1855
-99.6865
-100.626
-109.132
-110.205
-120.011
-121.259
-132.783
-134.267
-148.142
-149.953
-167.185
-169.469
-191.726
-194.74
-224.512
-228.566
-268.492
-273.829
-324.732
-331.284
-390.152
-397.105
-449.111
-453.761
-472.425
-471.843
-439.854
-432.796
-345.018
-331.513
-194.761
-176.812
-16.8066
2.40498
162.331
180.341
316.935
330.515
418.3
425.345
457.471
458.089
439.994
435.462
384.645
377.877
321.12
314.756
266.226
261.125
223.307
219.437
190.922
188.005
166.249
163.989
146.862
145.053
131.122
129.63
117.999
116.74
106.82
105.733
97.1167
96.1658
88.5645
87.7195
80.9297
80.1715
74.0657
73.3833
67.9081
67.3005
62.4722
61.943
57.7851
57.3329
53.7687
53.3775
50.252
49.9035
47.0787
46.7597
44.1504
43.8535
41.4115
41.1324
38.8305
38.5666
36.3863
36.136
34.0644
33.8262
31.8531
31.626
29.7439
29.5272
27.7327
27.5264
25.8232
25.6285
24.0338
23.8535
22.3991
22.2372
20.9486
20.8064
19.6712
19.545
18.5226
18.407
17.4601
17.3519
16.4583
16.3556
15.5047
15.4067
14.5926
14.4987
13.7182
13.6281
12.8789
12.7924
12.0726
11.9895
11.2979
11.218
10.5545
10.478
9.8449
9.77233
9.17678
9.10929
8.56325
8.50231
8.01518
7.96116
7.52812
7.47966
7.0859
7.0412
6.67375
6.63165
6.2829
6.24272
5.90891
5.87035
5.54954
5.51243
5.20343
5.16767
4.86969
4.83519
4.54762
4.51433
4.2369
4.2048
3.9379
3.90712
3.65248
3.62332
3.38441
3.35735
3.08572
3.01432
2.51326
2.46464
2.1154
2.08005
1.81577
1.78818
1.57897
-2.94225
-2.96758
-2.99342
-3.01963
-3.04628
-3.07345
-3.1396
-3.16811
-3.19709
-3.22643
-3.25618
-3.28637
-3.35956
-3.39097
-3.42263
-3.4546
-3.48687
-3.51951
-3.59814
-3.63168
-3.66538
-3.69933
-3.7335
-3.76798
-3.85078
-3.8859
-3.92132
-3.95683
-3.99256
-4.02858
-4.11496
-4.15157
-4.18845
-4.22543
-4.2627
-4.30007
-4.38987
-4.42791
-4.46625
-4.50469
-4.54342
-4.58225
-4.67559
-4.71512
-4.75496
-4.7949
-4.83506
-4.87553
-4.97255
-5.01365
-5.05508
-5.09662
-5.13839
-5.18049
-5.28145
-5.32422
-5.36733
-5.41058
-5.45407
-5.49791
-5.60307
-5.64777
-5.69261
-5.73772
-5.7831
-5.82886
-5.93872
-5.98545
-6.03235
-6.07957
-6.1271
-6.1751
-6.29049
-6.33958
-6.38917
-6.43902
-6.48926
-6.54011
-6.66288
-6.71528
-6.76834
-6.8219
-6.87621
-6.93105
-7.06454
-7.12185
-7.18017
-7.2393
-7.29928
-7.36036
-7.50967
-7.57417
-7.63995
-7.70667
-7.7745
-7.84365
-8.01264
-8.08553
-8.15959
-8.23465
-8.31072
-8.38802
-8.57556
-8.65583
-8.73721
-8.81918
-8.90194
-8.98565
-9.18747
-9.27338
-9.36017
-9.44736
-9.53514
-9.62373
-9.83656
-9.92687
-10.018
-10.1094
-10.2013
-10.294
-10.5163
-10.6106
-10.7055
-10.8008
-10.8966
-10.9932
-11.2247
-11.3228
-11.4217
-11.5209
-11.6206
-11.7211
-11.9622
-12.0643
-12.1672
-12.2704
-12.3743
-12.4789
-12.7299
-12.8362
-12.9435
-13.051
-13.1592
-13.2683
-13.5299
-13.641
-13.7526
-13.8648
-13.9776
-14.0914
-14.3644
-14.4803
-14.5971
-14.7143
-14.8323
-14.9513
-15.2372
-15.3586
-15.4811
-15.6042
-15.7281
-15.8533
-16.1545
-16.2827
-16.4124
-16.5428
-16.6746
-16.8074
-17.129
-17.2664
-17.4057
-17.5464
-17.6888
-17.8335
-18.185
-18.3363
-18.4903
-18.6464
-18.805
-18.9668
-19.3623
-19.5335
-19.7083
-19.8856
-20.0661
-20.2502
-20.7002
-20.8944
-21.0921
-21.2925
-21.4957
-21.7022
-22.2032
-22.418
-22.6357
-22.8551
-23.0766
-23.3009
-23.8418
-24.0721
-24.305
-24.5389
-24.7747
-25.0126
-25.5847
-25.8277
-26.0728
-26.3189
-26.5666
-26.8165
-27.4167
-27.6714
-27.9277
-28.1855
-28.4449
-28.7059
-29.3337
-29.6002
-29.8683
-30.138
-30.4094
-30.6824
-31.3395
-31.6184
-31.899
-32.1815
-32.4657
-32.7518
-33.4403
-33.7327
-34.027
-34.3234
-34.6217
-34.922
-35.6453
-35.9525
-36.262
-36.5737
-36.8874
-37.2035
-37.9654
-38.2894
-38.6158
-38.945
-39.2765
-39.6106
-40.4172
-40.7606
-41.1071
-41.4566
-41.8092
-42.1651
-43.0264
-43.3944
-43.766
-44.1416
-44.5215
-44.9061
-45.8408
-46.2418
-46.6485
-47.0613
-47.4801
-47.9056
-48.9465
-49.3963
-49.855
-50.3223
-50.7978
-51.2832
-52.4785
-52.9981
-53.5285
-54.0695
-54.6214
-55.1845
-56.5713
-57.1723
-57.7844
-58.4079
-59.042
-59.6869
-61.2635
-61.9428
-62.6322
-63.3312
-64.0395
-64.7573
-66.5041
-67.2534
-68.012
-68.78
-69.5573
-70.3434
-72.2535
-73.0721
-73.9008
-74.7391
-75.5874
-76.4459
-78.5337
-79.4292
-80.3363
-81.255
-82.185
-83.1274
-85.4251
-86.4121
-87.4124
-88.427
-89.4569
-90.5027
-93.0545
-94.1542
-95.2712
-96.4062
-97.5598
-98.7327
-101.606
-102.847
-104.112
-105.398
-106.709
-108.044
-111.327
-112.752
-114.205
-115.688
-117.201
-118.748
-122.566
-124.23
-125.933
-127.676
-129.46
-131.286
-135.825
-137.814
-139.855
-141.953
-144.107
-146.322
-151.865
-154.314
-156.838
-159.436
-162.122
-164.896
-171.891
-175.005
-178.245
-181.613
-185.107
-188.727
-197.942
-202.089
-206.41
-210.904
-215.59
-220.456
-232.886
-238.49
-244.312
-250.354
-256.625
-263.117
-279.493
-286.75
-294.251
-302.029
-309.969
-318.107
-338.165
-346.952
-355.871
-364.843
-373.903
-382.955
-404.135
-412.857
-421.337
-429.299
-436.793
-443.908
-458.104
-462.888
-466.498
-469.435
-471.417
-472.421
-470.627
-467.963
-464.204
-459.342
-453.409
-446.358
-424.849
-413.929
-401.76
-388.362
-373.842
-358.283
-316.896
-297.793
-277.779
-256.85
-235.205
-212.953
-157.986
-134.124
-110.007
-85.6282
-61.1266
-36.5121
22.2285
46.825
71.2959
95.6524
119.788
143.578
198.627
220.809
242.344
263.165
283.146
302.338
343.8
359.402
373.77
387.188
399.365
410.361
431.829
438.953
444.934
449.753
453.449
456.147
458.11
457.266
455.364
452.557
448.896
444.232
430.353
423.487
416.161
408.416
400.092
391.517
370.883
362.143
353.404
344.691
336.155
327.769
308.366
300.598
292.999
285.623
278.523
271.616
256.03
249.883
243.959
238.234
232.731
227.417
215.572
210.914
206.437
202.139
198.001
194.009
185.076
181.549
178.149
174.874
171.706
168.635
161.723
158.97
156.308
153.725
151.215
148.772
143.23
141.009
138.849
136.744
134.693
132.691
128.122
126.281
124.481
122.72
121.001
119.319
115.464
113.9
112.368
110.869
109.399
107.956
104.632
103.28
101.953
100.65
99.3684
98.1099
95.1993
94.0107
92.8417
91.6915
90.5598
89.4453
86.86
85.801
84.7578
83.7301
82.7178
81.7196
79.3995
78.4484
77.5109
76.586
75.6748
74.7763
72.6889
71.834
70.9917
70.1623
69.3456
68.5424
66.6829
65.9241
65.1789
64.4471
63.7293
63.0259
61.4071
60.7502
60.1074
59.478
58.8618
58.2588
56.875
56.3132
55.7627
55.2237
54.6962
54.1778
52.9804
52.4923
52.0121
51.5393
51.0737
50.6147
49.5483
49.1101
48.6776
48.2503
47.8276
47.4099
46.4339
46.0312
45.6322
45.2371
44.8459
44.4584
43.5499
43.1739
42.8009
42.4311
42.0645
41.7009
40.8468
40.4929
40.1416
39.793
39.4471
39.1037
38.2965
37.9616
37.6291
37.2988
36.971
36.6455
35.8796
35.5616
35.2458
34.9321
34.6205
34.311
33.5822
33.2795
32.9788
32.68
32.3831
32.0881
31.3933
31.1047
30.8178
30.5328
30.2496
29.9681
29.3053
29.0299
28.7564
28.4845
28.2145
27.9463
27.315
27.0531
26.7932
26.5351
26.2791
26.0252
25.4294
25.1824
24.9385
24.6971
24.4575
24.2212
23.6698
23.4427
23.2193
22.999
22.7815
22.5679
22.0729
21.8705
21.672
21.477
21.2851
21.097
20.662
20.4842
20.31
20.1384
19.9691
19.8029
19.4165
19.2576
19.1011
18.9467
18.7936
18.6425
18.2891
18.1431
17.9985
17.8552
17.7129
17.5721
17.2413
17.1037
16.9676
16.8324
16.6979
16.5645
16.2505
16.1202
15.9903
15.8615
15.7332
15.6061
15.3062
15.1813
15.0574
14.9343
14.8115
14.6897
14.4025
14.2827
14.164
14.0459
13.9281
13.8114
13.5358
13.4209
13.3069
13.1935
13.0808
12.9684
12.7037
12.5933
12.4838
12.3749
12.2663
12.1586
11.9042
11.7982
11.693
11.5883
11.484
11.3804
11.1361
11.0343
10.9333
10.8329
10.7328
10.6335
10.3997
10.3023
10.2058
10.1099
10.0145
9.92008
9.69813
9.60603
9.515
9.4248
9.33529
9.2469
9.04047
8.95537
8.87154
8.78879
8.70702
8.62674
8.44041
8.36407
8.28918
8.21548
8.14278
8.07147
7.9063
7.83866
7.7722
7.70673
7.64204
7.57846
7.43027
7.36918
7.30903
7.24952
7.19052
7.13223
6.99557
6.93898
6.88295
6.82736
6.77209
6.71734
6.58856
6.53511
6.48188
6.42912
6.37656
6.32444
6.20154
6.15033
6.09955
6.04906
5.99871
5.94876
5.83084
5.78167
5.73287
5.68433
5.63603
5.58787
5.4744
5.42705
5.38006
5.3333
5.28678
5.24038
5.13101
5.08536
5.04005
4.99496
4.94998
4.90533
4.79982
4.75577
4.71205
4.66853
4.62511
4.58202
4.4802
4.4377
4.3955
4.35351
4.31163
4.27006
4.17191
4.13106
4.09034
4.04993
4.00966
3.96973
3.87559
3.8365
3.79757
3.75902
3.72066
3.68269
3.59353
3.55654
3.52002
3.48382
3.44793
3.41251
3.32971
3.29552
3.26184
3.2286
3.19581
3.1616
2.94353
2.85899
2.77929
2.70416
2.63302
2.56524
2.41677
2.3593
2.30424
2.25148
2.20091
2.15275
2.04464
2.00175
1.96058
1.92074
1.88205
1.84474
1.7605
1.72688
1.69419
1.66259
1.63192
1.60225
