-2.06914
-2.42001
-2.82499
-3.33776
-3.96966
-4.6841
-5.47795
-6.36972
-7.42709
-8.79739
-10.4644
-12.3438
-14.443
-16.828
-19.7391
-23.5634
-28.1621
-33.3828
-39.3316
-46.3482
-55.4866
-68.0808
-84.2714
-105.388
-135.42
-184.589
-277.336
-403.413
-350.885
-7.06723
336.588
390.355
268.955
180.57
132.094
101.893
80.5914
64.6514
53.2421
44.8716
37.9852
32.0241
26.7912
22.3599
18.9614
16.2473
13.8814
11.7664
9.87805
8.28348
7.04716
6.02037
5.10622
4.27804
3.53774
2.50442
1.66745
1.1945
0.886574
0.667876
-2.07002
-2.41903
-2.42099
-2.82381
-2.82618
-3.33623
-3.33929
-3.96788
-3.97145
-4.68211
-4.68608
-5.47574
-5.48016
-6.3672
-6.37224
-7.42395
-7.43023
-8.79333
-8.80146
-10.4597
-10.4691
-12.3386
-12.349
-14.4371
-14.4488
-16.8212
-16.8348
-19.7304
-19.7479
-23.5521
-23.5746
-28.1492
-28.1751
-33.3682
-33.3975
-39.3147
-39.3484
-46.3276
-46.3688
-55.4582
-55.515
-68.0429
-68.1187
-84.2233
-84.3196
-105.323
-105.453
-135.322
-135.517
-184.416
-184.763
-277.013
-277.659
-403.185
-403.64
-351.45
-350.319
-8.14758
-5.98668
336.01
337.163
390.581
390.128
269.263
268.647
180.737
180.402
132.192
131.997
101.959
101.828
80.6398
80.543
64.6873
64.6155
53.2672
53.217
44.8914
44.8519
38.002
37.9684
32.0388
32.0094
26.8041
26.7783
22.3703
22.3496
18.9692
18.9536
16.2539
16.2406
13.8873
13.8755
11.7716
11.7611
9.88271
9.8734
8.2872
8.27978
7.05008
7.04425
6.02292
6.01783
5.10851
5.10392
4.28012
4.27596
3.53955
3.53594
2.50755
2.5013
1.66903
1.66587
1.19548
1.19353
0.887215
0.885934
0.668387
-2.0788
-2.40923
-2.43083
-2.81204
-2.83805
-3.32098
-3.35465
-3.95006
-3.98932
-4.66229
-4.70597
-5.45367
-5.50231
-6.34207
-6.39751
-7.39267
-7.46181
-8.7528
-8.84224
-10.4129
-10.5161
-12.2863
-12.4014
-14.3785
-14.5076
-16.7533
-16.9031
-19.6429
-19.8362
-23.4399
-23.6875
-28.02
-28.3048
-33.2219
-33.5443
-39.1466
-39.5175
-46.1224
-46.5757
-55.1755
-55.8007
-67.6657
-68.4988
-83.7438
-84.8029
-104.677
-106.105
-134.354
-136.5
-182.704
-186.514
-273.808
-280.913
-400.823
-405.844
-357.07
-344.507
-18.9408
4.82902
330.095
342.782
392.76
387.753
272.36
265.585
182.429
178.741
133.174
131.03
102.618
101.174
81.1259
80.0612
65.0478
64.2586
53.5197
52.9668
45.0893
44.6551
38.1706
37.8006
32.1864
31.8624
26.933
26.65
22.4741
22.2467
19.0478
18.8755
16.3203
16.1745
13.9463
13.8167
11.8246
11.7083
9.92938
9.82696
8.32445
8.24286
7.07931
7.01517
6.04837
5.99245
5.13146
5.08102
4.30094
4.25521
3.55765
3.51795
2.53927
2.47051
1.68497
1.65023
1.20536
1.18383
0.893819
0.879549
0.673512
-2.11189
-2.16238
-2.21369
-2.2658
-2.31881
-2.37282
-2.46799
-2.52502
-2.58345
-2.64331
-2.70493
-2.76861
-2.88321
-2.95345
-3.02676
-3.10295
-3.18228
-3.26472
-3.41288
-3.50272
-3.59487
-3.6892
-3.78563
-3.88385
-4.05675
-4.15972
-4.26446
-4.37077
-4.47875
-4.58852
-4.78093
-4.8953
-5.0116
-5.12964
-5.24956
-5.3716
-5.58586
-5.7135
-5.84352
-5.9759
-6.11089
-6.24882
-6.4931
-6.6404
-6.79174
-6.94786
-7.10958
-7.2774
-7.58214
-7.77015
-7.96638
-8.17055
-8.38282
-8.60291
-8.99679
-9.2345
-9.47807
-9.72673
-9.98031
-10.2388
-10.6934
-10.9639
-11.2393
-11.5189
-11.803
-12.092
-12.5991
-12.9009
-13.208
-13.5201
-13.8375
-14.1608
-14.7296
-15.0691
-15.4158
-15.7696
-16.1313
-16.502
-17.1622
-17.5624
-17.9767
-18.4064
-18.8537
-19.3211
-20.1735
-20.7
-21.25
-21.8209
-22.4129
-23.0243
-24.1149
-24.7712
-25.4429
-26.1281
-26.8268
-27.5396
-28.7945
-29.5432
-30.3057
-31.0823
-31.873
-32.6786
-34.0989
-34.9475
-35.8134
-36.6973
-37.6001
-38.5226
-40.1573
-41.1411
-42.1509
-43.1896
-44.26
-45.3664
-47.3628
-48.5914
-49.8763
-51.2256
-52.6435
-54.139
-56.8941
-58.6099
-60.4073
-62.2857
-64.2417
-66.2742
-69.9437
-72.1836
-74.503
-76.9054
-79.3941
-81.9752
-86.6433
-89.5107
-92.5005
-95.6216
-98.8858
-102.309
-108.606
-112.541
-116.705
-121.122
-125.821
-130.835
-140.297
-146.389
-152.981
-160.144
-167.981
-176.546
-193.354
-204.552
-216.95
-230.667
-245.733
-262.122
-293.359
-313.011
-333.278
-353.507
-373.074
-390.596
-412.962
-419.2
-419.024
-412.177
-397.931
-375.94
-320.307
-278.033
-229.492
-175.825
-118.712
-59.1175
45.0105
104.472
161.743
215.289
263.72
305.981
361.704
383.884
398.085
405.294
405.505
399.696
377.989
360.881
341.945
322.472
302.99
284.255
254.605
238.992
224.7
211.676
199.815
189.022
172.739
164.355
156.667
149.576
143.035
136.967
127.5
122.47
117.746
113.304
109.107
105.138
98.7838
95.3282
92.0322
88.8813
85.867
82.9785
78.2878
75.7083
73.2336
70.8623
68.5928
66.4276
62.9513
61.0686
59.2854
57.5976
56.0011
54.4852
52.0473
50.7125
49.4294
48.1928
46.9973
45.8395
43.9264
42.853
41.8057
40.7833
39.7846
38.8079
37.1776
36.2552
35.3512
34.465
33.596
32.7434
31.3163
30.5066
29.7122
28.9329
28.1691
27.421
26.174
25.4716
24.7888
24.1266
23.486
22.8697
21.8688
21.3193
20.7943
20.292
19.81
19.3466
18.5872
18.1629
17.7507
17.3487
16.9555
16.5712
15.9286
15.5639
15.206
14.8544
14.5085
14.1688
13.598
13.2728
12.9532
12.6386
12.3287
12.0241
11.5122
11.2205
10.9341
10.6528
10.3763
10.1058
9.65495
9.4013
9.15517
8.91706
8.68715
8.46623
8.1072
7.9096
7.71995
7.53738
7.36086
7.18998
6.90745
6.74851
6.59294
6.44061
6.29123
6.14438
5.89812
5.75779
5.61977
5.48387
5.34989
5.21797
4.99579
4.86886
4.74387
4.62067
4.49909
4.37942
4.17804
4.06331
3.95064
3.84018
3.73194
3.62631
3.45141
3.35393
3.25977
3.12287
2.87829
2.66505
2.3608
2.21108
2.07798
1.95736
1.84715
1.74694
1.59382
1.5133
1.43831
1.37012
1.30536
1.24394
1.14886
1.09747
1.04899
1.00308
0.959896
0.91933
0.855933
0.821248
0.787591
0.755022
0.72351
0.693039
