-2.44607
-2.74583
-3.10221
-3.53728
-4.03199
-4.57041
-5.15175
-5.78128
-6.47065
-7.25687
-8.22169
-9.3883
-10.6956
-12.1162
-13.655
-15.3315
-17.1913
-19.3762
-22.1105
-25.3607
-28.9739
-32.9277
-37.269
-42.0992
-47.6602
-54.5954
-63.5753
-74.5206
-87.5668
-103.52
-124.056
-152.493
-196.28
-268.344
-365.48
-406.627
-280.393
-7.07172
266.279
392.229
352.446
259.844
191.825
149.233
120.738
100.015
83.8818
70.8129
60.3762
52.4494
46.1613
40.7572
35.9332
31.5649
27.5874
24.0238
21.035
18.6475
16.6132
14.777
13.091
11.5345
10.1021
8.8232
7.7635
6.89417
6.12613
5.42106
4.76581
4.15497
3.59198
2.97054
2.08529
1.56862
1.22334
-2.44706
-2.74471
-2.74696
-3.10083
-3.1036
-3.53564
-3.53893
-4.03018
-4.0338
-4.56846
-4.57237
-5.14963
-5.15386
-5.77899
-5.78358
-6.46811
-6.4732
-7.25385
-7.25989
-8.21792
-8.22545
-9.38395
-9.39266
-10.6908
-10.7004
-12.111
-12.1213
-13.6494
-13.6606
-15.3253
-15.3376
-17.1844
-17.1982
-19.3677
-19.3847
-22.0999
-22.1211
-25.3487
-25.3728
-28.9607
-28.9872
-32.9131
-32.9423
-37.2531
-37.2849
-42.0812
-42.1172
-47.6389
-47.6815
-54.5678
-54.6229
-63.5403
-63.6104
-74.479
-74.5623
-87.5166
-87.6169
-103.457
-103.582
-123.973
-124.138
-152.373
-152.613
-196.084
-196.475
-268.031
-268.656
-365.158
-365.802
-406.751
-406.501
-281.164
-279.621
-8.12444
-6.01891
265.513
267.043
392.11
392.345
352.759
352.133
260.134
259.554
192.011
191.64
149.353
149.113
120.821
120.654
100.078
99.9511
83.9325
83.8312
70.8541
70.7718
60.408
60.3444
52.4736
52.4252
46.1815
46.1411
40.775
40.7395
35.9493
35.9172
31.5795
31.5503
27.6006
27.5742
24.0354
24.0122
21.0442
21.0257
18.6551
18.6399
16.6199
16.6065
14.7832
14.7709
13.0967
13.0853
11.5397
11.5292
10.1069
10.0973
8.82733
8.81908
7.76682
7.76018
6.89702
6.89132
6.1287
6.12357
5.42343
5.41869
4.76802
4.76359
4.15703
4.15291
3.59384
3.59012
2.97476
2.96633
2.08756
2.08302
1.57008
1.56716
1.22436
-2.45569
-2.73488
-2.75684
-3.08875
-3.11574
-3.52128
-3.55331
-4.01436
-4.04965
-4.55135
-4.5895
-5.13121
-5.17239
-5.75895
-5.8037
-6.44593
-6.49555
-7.22759
-7.2864
-8.18508
-8.25848
-9.34592
-9.43083
-10.6492
-10.7422
-12.0659
-12.1666
-13.6004
-13.7097
-15.2718
-15.3914
-17.124
-17.259
-19.2935
-19.4594
-22.0075
-22.214
-25.2435
-25.4784
-28.8453
-29.1029
-32.7868
-33.0692
-37.1142
-37.4243
-41.9243
-42.2751
-47.4531
-47.8695
-54.3269
-54.865
-63.2348
-63.9175
-74.1156
-74.928
-87.081
-88.0573
-102.914
-104.13
-123.253
-124.864
-151.332
-153.682
-194.387
-198.198
-265.318
-271.407
-362.321
-368.579
-407.58
-405.374
-287.858
-272.825
-17.3318
3.1972
258.747
273.663
390.99
393.241
355.451
349.356
262.742
257.029
193.645
190.029
150.412
148.074
121.558
119.928
100.637
99.3968
84.3773
83.3904
71.2156
70.4132
60.6877
60.0677
52.6864
52.2142
46.3587
45.9651
40.9308
40.5842
36.0897
35.7772
31.7072
31.4231
27.7167
27.4586
24.137
23.9112
21.1258
20.9448
18.7217
18.5737
16.6787
16.5478
14.837
14.7172
13.1463
13.0358
11.5855
11.4835
10.1488
10.0556
8.86358
8.78313
7.796
7.73127
6.92184
6.86656
6.15117
6.1012
5.4442
5.39799
4.78743
4.74422
4.17507
4.13493
3.61016
3.57387
3.01225
2.92984
2.10743
2.06334
1.58294
1.55448
1.23332
-2.48435
-2.52637
-2.56922
-2.61284
-2.6573
-2.70276
-2.78986
-2.83859
-2.88885
-2.94077
-2.99425
-3.04957
-3.15639
-3.21681
-3.27885
-3.34238
-3.40768
-3.4744
-3.60109
-3.6713
-3.74262
-3.81497
-3.88818
-3.96242
-4.10222
-4.17904
-4.25677
-4.33539
-4.41485
-4.49514
-4.64633
-4.72928
-4.81315
-4.89796
-4.98386
-5.0707
-5.23379
-5.32348
-5.41411
-5.506
-5.59886
-5.69313
-5.87036
-5.968
-6.06711
-6.16744
-6.26959
-6.37318
-6.56972
-6.67897
-6.79043
-6.90464
-7.02166
-7.14208
-7.3749
-7.50617
-7.64213
-7.78297
-7.92819
-8.07836
-8.36875
-8.53153
-8.69856
-8.86948
-9.04374
-9.22115
-9.55759
-9.74348
-9.93193
-10.1229
-10.3163
-10.5124
-10.8807
-11.0831
-11.288
-11.4956
-11.7054
-11.9175
-12.3166
-12.5359
-12.7578
-12.9825
-13.2097
-13.4398
-13.873
-14.1111
-14.3523
-14.5971
-14.8448
-15.0958
-15.57
-15.8323
-16.0984
-16.3692
-16.6453
-16.9259
-17.4622
-17.7621
-18.0713
-18.388
-18.7152
-19.0529
-19.7105
-20.0841
-20.4698
-20.8696
-21.2821
-21.7071
-22.5239
-22.981
-23.4477
-23.9224
-24.4063
-24.8983
-25.8289
-26.3424
-26.8629
-27.3906
-27.9256
-28.4669
-29.4872
-30.0495
-30.6191
-31.1956
-31.7805
-32.3724
-33.4899
-34.106
-34.7296
-35.3629
-36.0047
-36.6571
-37.8901
-38.5719
-39.2636
-39.9668
-40.6829
-41.4118
-42.8
-43.5712
-44.36
-45.1672
-45.9972
-46.8491
-48.4973
-49.4312
-50.4022
-51.4078
-52.4543
-53.5452
-55.6804
-56.9013
-58.1713
-59.4845
-60.84
-62.2395
-64.942
-66.4584
-68.0159
-69.6134
-71.251
-72.9292
-76.1515
-77.9538
-79.8043
-81.7032
-83.6558
-85.6589
-89.5239
-91.6988
-93.9451
-96.2648
-98.6635
-101.152
-105.961
-108.714
-111.573
-114.562
-117.669
-120.925
-127.318
-131.029
-134.925
-139.032
-143.381
-147.99
-157.298
-162.77
-168.636
-174.927
-181.695
-189.025
-204.056
-213.136
-222.898
-233.36
-244.6
-256.583
-280.681
-294.63
-308.91
-323.658
-338.253
-352.694
-377.379
-388.812
-398.099
-404.995
-408.772
-409.231
-400.595
-390.434
-376.119
-357.611
-335.078
-308.565
-249.432
-213.259
-174.175
-133.335
-90.7782
-47.4079
33.4737
76.8105
119.308
160.088
199.003
235.334
294.13
320.499
343.106
361.469
375.849
386.239
394.919
394.459
390.771
384.411
375.067
363.866
340.001
326.017
312.048
298.217
284.524
271.432
248.795
237.51
226.911
217.055
207.831
199.213
184.89
177.798
171.241
165.097
159.322
153.965
144.755
140.156
135.806
131.674
127.764
124.048
117.581
114.319
111.166
108.154
105.266
102.505
97.6114
95.1041
92.6782
90.3344
88.064
85.8629
81.9571
79.9353
77.9738
76.0685
74.2158
72.4245
69.247
67.6154
66.0302
64.5049
63.0356
61.6273
59.1709
57.918
56.7191
55.5725
54.4622
53.399
51.5292
50.5635
49.6221
48.7093
47.8197
46.9504
45.3896
44.5729
43.7696
42.9817
42.2096
41.4493
40.0749
39.3486
38.6353
37.9316
37.238
36.5556
35.3177
34.6625
34.0164
33.3802
32.7511
32.1304
31.0052
30.4083
29.8191
29.2394
28.6667
28.1023
27.0798
26.5399
26.0081
25.4862
24.975
24.4756
23.5815
23.1166
22.6652
22.2295
21.8075
21.3989
20.6817
20.3131
19.9543
19.6084
19.2719
18.9441
18.3571
18.0495
17.7481
17.4522
17.1608
16.8741
16.355
16.0799
15.8085
15.5408
15.2773
15.0159
14.5411
14.2892
14.0402
13.794
13.5511
13.3111
12.8732
12.6409
12.4112
12.1839
11.9595
11.7375
11.3335
11.1189
10.907
10.6979
10.4915
10.2879
9.91874
9.72415
9.53301
9.34601
9.16289
8.98427
8.66599
8.50138
8.34212
8.18738
8.03808
7.89356
7.63709
7.50423
7.37512
7.24869
7.12501
7.00417
6.7856
6.67044
6.55718
6.44514
6.33472
6.22567
6.02774
5.92229
5.81831
5.71561
5.61382
5.51314
5.32984
5.23207
5.1355
5.03988
4.94543
4.85163
4.68075
4.58986
4.49967
4.41052
4.32227
4.23498
4.07584
3.99145
3.90798
3.82552
3.74436
3.66449
3.5207
3.4454
3.37222
3.30083
3.23168
3.14166
2.81409
2.66101
2.52229
2.3965
2.28213
2.17579
2.00059
1.91528
1.83546
1.76095
1.69154
1.62632
1.51373
1.45793
1.4056
1.35651
1.30917
1.26357
