-2.0885
-2.26771
-2.45466
-2.65124
-2.8697
-3.1452
-3.47539
-3.82969
-4.20002
-4.58729
-4.99239
-5.41773
-5.86292
-6.32927
-6.82259
-7.38556
-8.11022
-8.96767
-9.88212
-10.8398
-11.8422
-12.8938
-14.001
-15.1624
-16.3804
-17.6816
-19.2013
-21.1854
-23.5002
-25.9676
-28.5593
-31.2885
-34.1766
-37.2416
-40.4958
-43.9708
-47.7824
-52.4516
-58.6729
-66.0015
-74.1079
-83.1243
-93.3512
-105.249
-119.472
-137.096
-160.113
-193.042
-246.907
-333.727
-452.751
-529.571
-481.167
-287.599
-7.03551
273.167
466.87
513.148
435.518
320.128
240.813
190.747
158.018
134.526
116.476
101.934
89.7731
79.2887
70.0338
61.9434
55.5722
50.7715
46.6388
42.843
39.296
35.9728
32.8547
29.9103
27.1178
24.4688
22.05
20.1146
18.5861
17.2059
15.8981
14.6518
13.4633
12.3334
11.2553
10.2251
9.24298
8.35213
7.64182
7.06145
6.52553
6.01424
5.52427
5.05529
4.60626
4.17469
3.75922
3.36765
2.88959
2.20839
1.78691
1.48264
1.24938
1.06332
0.909517
0.783971
-2.08937
-2.26681
-2.26862
-2.45372
-2.4556
-2.65023
-2.65224
-2.86851
-2.87089
-3.14368
-3.14673
-3.47368
-3.4771
-3.8279
-3.83148
-4.19815
-4.20189
-4.58535
-4.58923
-4.99034
-4.99445
-5.41557
-5.41989
-5.86063
-5.86522
-6.32691
-6.33163
-6.82005
-6.82514
-7.38246
-7.38866
-8.10622
-8.11422
-8.96329
-8.97205
-9.87743
-9.88681
-10.8349
-10.8447
-11.8371
-11.8472
-12.8885
-12.8992
-13.9954
-14.0066
-15.1566
-15.1681
-16.3742
-16.3866
-17.6747
-17.6886
-19.1927
-19.2098
-21.1746
-21.1963
-23.4884
-23.5121
-25.9552
-25.9799
-28.5464
-28.5721
-31.2746
-31.3024
-34.1618
-34.1915
-37.226
-37.2572
-40.4792
-40.5123
-43.9532
-43.9884
-47.7625
-47.8023
-52.4248
-52.4784
-58.6388
-58.707
-65.9632
-66.0397
-74.0659
-74.1499
-83.0771
-83.1716
-93.297
-93.4055
-105.185
-105.313
-119.395
-119.548
-137
-137.193
-159.981
-160.245
-192.842
-193.242
-246.562
-247.254
-333.184
-334.255
-452.137
-453.365
-529.474
-529.665
-481.749
-480.582
-288.888
-286.308
-8.45036
-5.62039
271.881
274.452
466.273
467.463
513.224
513.069
436.069
434.963
320.628
319.629
241.126
240.498
190.944
190.551
158.153
157.883
134.626
134.426
116.555
116.398
101.999
101.869
89.8283
89.718
79.3372
79.2402
70.0769
69.9908
61.9798
61.9071
55.599
55.5454
50.7931
50.7498
46.6583
46.6193
42.861
42.825
39.3129
39.2792
35.9887
35.9569
32.8697
32.8398
29.9246
29.8959
27.131
27.1043
24.4812
24.4561
22.0609
22.0391
20.1228
20.1064
18.5932
18.5791
17.2126
17.1993
15.9045
15.8917
14.6578
14.6458
13.4689
13.4576
12.3388
12.3279
11.2605
11.2501
10.2301
10.2202
9.24777
9.23821
8.35615
8.34811
7.64483
7.63881
7.06417
7.05873
6.5281
6.52296
6.01671
6.01178
5.52665
5.5219
5.05756
5.05302
4.60844
4.60409
4.17678
4.17261
3.76122
3.75721
3.36948
3.36583
2.89438
2.88486
2.2109
2.20588
1.78866
1.78516
1.48395
1.48133
1.25041
1.24835
1.06415
1.06248
0.910197
0.908837
0.784553
-2.09588
-2.26012
-2.2754
-2.44669
-2.46264
-2.64269
-2.65979
-2.85964
-2.87981
-3.13227
-3.15818
-3.46092
-3.49009
-3.81452
-3.84493
-4.18421
-4.21592
-4.57071
-4.60379
-4.97496
-5.00978
-5.39945
-5.43604
-5.84372
-5.88233
-6.30922
-6.34934
-6.80103
-6.8443
-7.35939
-7.41208
-8.07626
-8.14434
-8.93035
-9.00467
-9.84265
-9.92182
-10.7983
-10.8814
-11.7991
-11.8853
-12.8486
-12.9392
-13.9535
-14.0485
-15.1125
-15.2115
-16.3276
-16.4334
-17.6228
-17.7397
-19.1292
-19.2741
-21.0936
-21.278
-23.3996
-23.6012
-25.8618
-26.0727
-28.4483
-28.6695
-31.1705
-31.4066
-34.0505
-34.3029
-37.1092
-37.3743
-40.3552
-40.6368
-43.8216
-44.1211
-47.6141
-47.9542
-52.2257
-52.6805
-58.382
-58.9632
-65.6772
-66.3271
-73.7517
-74.4654
-82.7237
-83.527
-92.8911
-93.8137
-104.707
-105.796
-118.824
-120.133
-136.279
-137.94
-158.999
-161.243
-191.348
-194.729
-243.995
-249.872
-329.119
-338.207
-447.417
-457.932
-529.04
-530.278
-486.002
-476.192
-298.484
-276.328
-19.0583
4.99062
261.939
284.013
461.661
471.796
513.991
512.698
440.422
430.717
324.402
315.936
243.49
238.162
192.423
189.09
159.17
156.878
135.38
133.682
117.153
115.812
102.492
101.381
90.2458
89.3016
79.702
78.8773
70.4008
69.669
62.2538
61.6363
55.8015
55.3454
50.9555
50.5855
46.8043
46.4735
42.9947
42.6901
39.4402
39.1527
36.1081
35.8378
32.9823
32.7278
30.032
29.7889
27.2309
27.0032
24.575
24.3613
22.1432
21.9578
20.1852
20.0447
18.6463
18.5262
17.2625
17.1495
15.9526
15.8442
14.7026
14.6008
13.5114
13.4149
12.3797
12.2871
11.2996
11.2112
10.2675
10.1829
9.28351
9.20308
8.38647
8.31814
7.66764
7.61602
7.0843
7.03826
6.5474
6.50372
6.03523
5.99341
5.54448
5.50419
5.07477
5.03604
4.62481
4.58777
4.19238
4.15691
3.77629
3.7422
3.38322
3.35231
2.92988
2.85006
2.22996
2.18727
1.80193
1.77211
1.49383
1.47156
1.25817
1.24065
1.07043
1.05627
0.915327
0.903765
0.788929
-2.11429
-2.13928
-2.1645
-2.18992
-2.21539
-2.24118
-2.29461
-2.32074
-2.34694
-2.37359
-2.4
-2.42682
-2.48257
-2.50997
-2.53735
-2.56521
-2.59314
-2.6214
-2.68094
-2.71068
-2.74042
-2.77116
-2.80271
-2.83504
-2.90543
-2.94162
-2.97912
-3.01821
-3.05886
-3.10066
-3.1912
-3.23628
-3.28279
-3.3295
-3.3773
-3.42523
-3.5264
-3.57557
-3.62568
-3.67568
-3.72617
-3.77705
-3.88301
-3.93476
-3.9867
-4.03942
-4.09188
-4.14524
-4.25574
-4.30972
-4.36393
-4.41893
-4.47399
-4.52949
-4.64515
-4.70181
-4.75838
-4.81586
-4.87368
-4.93161
-5.05302
-5.11271
-5.17221
-5.2324
-5.29319
-5.35424
-5.48148
-5.54366
-5.60656
-5.66924
-5.73299
-5.79644
-5.92996
-5.99475
-6.06075
-6.12629
-6.19268
-6.2598
-6.39948
-6.46761
-6.53665
-6.60693
-6.67661
-6.74844
-6.89943
-6.97378
-7.05098
-7.12993
-7.21091
-7.29556
-7.47967
-7.57489
-7.67338
-7.77677
-7.88321
-7.99297
-8.2291
-8.34786
-8.46723
-8.58986
-8.71273
-8.83692
-9.09781
-9.22628
-9.35434
-9.48407
-9.61467
-9.74538
-10.0196
-10.153
-10.2882
-10.4232
-10.5604
-10.6967
-10.9835
-11.1228
-11.2642
-11.4061
-11.549
-11.6931
-11.993
-12.1388
-12.2866
-12.4362
-12.5856
-12.7374
-13.053
-13.2068
-13.362
-13.5193
-13.6772
-13.8361
-14.1672
-14.33
-14.4919
-14.6573
-14.8217
-14.9882
-15.3357
-15.5069
-15.6766
-15.8492
-16.0236
-16.1982
-16.5636
-16.743
-16.9258
-17.1074
-17.2945
-17.4815
-17.8826
-18.0842
-18.2909
-18.5032
-18.7253
-18.9543
-19.4602
-19.7211
-19.9944
-20.2772
-20.5682
-20.8695
-21.5121
-21.8296
-22.1551
-22.4837
-22.815
-23.1529
-23.8548
-24.1972
-24.5437
-24.894
-25.2441
-25.5984
-26.337
-26.7002
-27.0624
-27.4316
-27.7985
-28.1713
-28.9469
-29.3286
-29.7117
-30.0985
-30.489
-30.8799
-31.6977
-32.0997
-32.5067
-32.9138
-33.3281
-33.742
-34.6122
-35.0381
-35.4697
-35.9039
-36.3414
-36.7823
-37.7068
-38.1566
-38.6156
-39.0743
-39.5387
-40.0103
-40.9917
-41.4704
-41.9568
-42.4503
-42.946
-43.4477
-44.5004
-45.0251
-45.548
-46.0889
-46.6319
-47.1941
-48.3912
-49.0003
-49.6271
-50.2848
-50.9657
-51.6792
-53.2612
-54.0838
-54.9381
-55.822
-56.7389
-57.6748
-59.6867
-60.694
-61.7169
-62.7536
-63.8128
-64.8795
-67.136
-68.2528
-69.3843
-70.5305
-71.6929
-72.8748
-75.3639
-76.5976
-77.8541
-79.1265
-80.4228
-81.7408
-84.5329
-85.9249
-87.3438
-88.7864
-90.2636
-91.7662
-94.9736
-96.58
-98.2233
-99.9017
-101.624
-103.384
-107.169
-109.067
-111.024
-113.026
-115.097
-117.224
-121.813
-124.142
-126.549
-129.038
-131.596
-134.269
-140.075
-143.063
-146.149
-149.394
-152.757
-156.286
-164.108
-168.257
-172.573
-177.19
-182.055
-187.259
-199.195
-205.729
-212.633
-220.191
-228.38
-237.124
-257.305
-268.145
-279.783
-291.93
-305.078
-318.489
-349.431
-365.355
-382.21
-398.75
-417.088
-434.361
-470.239
-485.352
-499.643
-510.866
-519.45
-526.487
-531.759
-529.272
-525.982
-518.978
-508.46
-497.44
-462.475
-441.068
-415.782
-389.121
-357.586
-324.562
-248.251
-209.74
-169.737
-129.825
-89.3161
-48.8546
34.7893
75.1729
115.346
155.528
195.196
233.729
309.922
343.593
374.666
401.774
426.875
447.355
482.609
493.937
503.625
510.043
513.816
515.481
510.229
503.022
494.271
482.317
468.507
453.245
418.118
400.227
383.146
366.553
350.379
335.154
306.177
293.643
281.612
270.596
259.945
250.268
231.918
223.967
216.331
209.437
202.792
196.666
185.116
180.041
175.167
170.553
166.232
162.073
154.089
150.521
147.091
143.761
140.622
137.561
131.62
128.888
126.265
123.706
121.25
118.869
114.175
111.995
109.889
107.83
105.831
103.894
100.031
98.2276
96.4713
94.7544
93.0715
91.4338
88.1491
86.6097
85.0975
83.618
82.1622
80.7347
77.8681
76.5147
75.1821
73.873
72.5842
71.3213
68.7765
67.5738
66.4004
65.2516
64.1281
63.04
60.8905
59.9066
58.9627
58.0624
57.2004
56.3795
54.7965
54.0786
53.3798
52.7095
52.0526
51.4123
50.1357
49.539
48.9436
48.3624
47.7856
47.2172
46.0647
45.5163
44.9758
44.4363
43.9067
43.3781
42.3085
41.7966
41.2928
40.7877
40.2906
39.7996
38.7973
38.3176
37.8444
37.3735
36.9066
36.4473
35.5069
35.0559
34.6117
34.1711
33.7316
33.2982
32.4141
31.9906
31.5708
31.1552
30.7398
30.3299
29.4922
29.0934
28.6931
28.2994
27.9055
27.5153
26.7206
26.3393
25.9617
25.5852
25.2158
24.8439
24.0943
23.7394
23.3899
23.0441
22.7098
22.3788
21.7316
21.4344
21.1501
20.8763
20.615
20.3651
19.8753
19.6483
19.4301
19.2146
19.0034
18.7982
18.3807
18.18
17.9839
17.7881
17.5945
17.4034
17.0107
16.8241
16.6368
16.4525
16.2676
16.0857
15.7118
15.5344
15.3553
15.1792
15.0037
14.8297
14.4739
14.3036
14.1338
13.9649
13.7989
13.6324
13.2939
13.1322
12.9719
12.8109
12.6525
12.4952
12.1727
12.0182
11.8652
11.7118
11.5603
11.4105
11.1026
10.9543
10.8081
10.6616
10.5166
10.3731
10.0783
9.93746
9.79677
9.65836
9.51932
9.38318
9.10514
8.97397
8.84406
8.71794
8.59308
8.47276
8.23555
8.1274
8.02324
7.92297
7.82763
7.73389
7.55136
7.4667
7.38349
7.30143
7.22177
7.14184
6.98058
6.90417
6.82802
6.75202
6.67705
6.60204
6.44998
6.37628
6.30378
6.23094
6.15909
6.08789
5.94178
5.87115
5.80169
5.73201
5.66311
5.5948
5.45453
5.38745
5.32052
5.25441
5.18815
5.12282
4.98851
4.92456
4.86022
4.79682
4.7335
4.67075
4.54201
4.48027
4.41876
4.35759
4.2972
4.23644
4.1127
4.05357
3.9942
3.93521
3.87688
3.81879
3.70014
3.64316
3.58715
3.53118
3.47649
3.42242
3.31463
3.2648
3.21743
3.17393
3.13415
3.04265
2.75852
2.64629
2.54441
2.45152
2.36565
2.28552
2.13653
2.07074
2.00835
1.94921
1.89362
1.84013
1.73636
1.69006
1.6458
1.6029
1.56177
1.5221
1.44454
1.40897
1.37484
1.34266
1.31111
1.28032
1.21955
1.19198
1.16508
1.1388
1.11323
1.08834
1.03901
1.01617
0.993596
0.971681
0.95051
0.930004
0.88974
0.871361
0.853453
0.835788
0.818427
0.801339
