-2.24241
-2.3907
-2.54724
-2.71483
-2.89798
-3.10199
-3.32936
-3.57788
-3.84348
-4.12329
-4.41613
-4.72192
-5.04115
-5.37476
-5.72413
-6.09133
-6.48036
-6.89827
-7.35689
-7.87046
-8.446
-9.07853
-9.75705
-10.4738
-11.2255
-12.0119
-12.8344
-13.6956
-14.5992
-15.551
-16.5616
-17.6503
-18.8488
-20.1968
-21.7161
-23.3951
-25.2057
-27.127
-29.1517
-31.2812
-33.5223
-35.8865
-38.3898
-41.0551
-43.922
-47.0565
-50.5659
-54.59
-59.2258
-64.4853
-70.3365
-76.788
-83.9113
-91.839
-100.768
-110.989
-122.902
-137.095
-154.476
-176.46
-205.1
-242.927
-291.014
-346.434
-397.36
-419.946
-392.954
-307.908
-171.086
-7.06723
157.014
293.581
378.923
406.245
384.45
335.185
282.006
236.322
200.342
172.655
151.062
133.77
119.535
107.544
97.2302
88.2135
80.2294
73.1173
66.8053
61.2925
56.5472
52.4475
48.8274
45.5483
42.5231
39.6994
37.045
34.5383
32.1642
29.912
27.7776
25.7668
23.8993
22.2058
20.7019
19.3672
18.1585
17.0395
15.9871
14.9889
14.0381
13.1299
12.2616
11.4313
10.6389
9.88737
9.18443
8.54184
7.96619
7.45132
6.98188
6.54482
6.13162
5.73784
5.36085
4.99908
4.65151
4.31764
3.99794
3.69445
3.41116
3.07584
2.48735
2.07641
1.76763
1.52563
1.32978
1.16583
1.02814
0.910723
-2.24334
-2.38973
-2.39167
-2.5462
-2.54827
-2.71372
-2.71595
-2.89675
-2.89921
-3.10061
-3.10336
-3.32783
-3.33088
-3.57623
-3.57953
-3.84174
-3.84523
-4.12146
-4.12512
-4.41422
-4.41804
-4.71992
-4.72391
-5.03906
-5.04323
-5.37258
-5.37694
-5.72184
-5.72641
-6.08892
-6.09374
-6.47779
-6.48293
-6.89549
-6.90106
-7.3538
-7.35998
-7.86698
-7.87394
-8.44213
-8.44987
-9.07434
-9.08273
-9.75258
-9.76151
-10.4691
-10.4785
-11.2206
-11.2304
-12.0068
-12.0171
-12.829
-12.8398
-13.6899
-13.7012
-14.5932
-14.6051
-15.5447
-15.5572
-16.5549
-16.5682
-17.6431
-17.6576
-18.8407
-18.8569
-20.1877
-20.206
-21.7058
-21.7263
-23.384
-23.4063
-25.1938
-25.2176
-27.1144
-27.1397
-29.1384
-29.1649
-31.2673
-31.2952
-33.5076
-33.537
-35.871
-35.902
-38.3733
-38.4063
-41.0375
-41.0727
-43.903
-43.9411
-47.0354
-47.0775
-50.542
-50.5899
-54.5624
-54.6177
-59.1942
-59.2575
-64.4498
-64.5208
-70.2973
-70.3757
-76.7448
-76.8313
-83.8634
-83.9592
-91.7854
-91.8926
-100.708
-100.829
-110.919
-111.059
-122.819
-122.984
-136.996
-137.195
-154.353
-154.6
-176.3
-176.619
-204.891
-205.31
-242.652
-243.202
-290.678
-291.351
-346.074
-346.796
-397.09
-397.628
-419.952
-419.961
-393.302
-392.604
-308.628
-307.186
-172.077
-170.095
-8.14758
-5.98668
156.023
158.003
292.852
294.308
378.557
379.286
406.241
406.246
384.702
384.196
335.527
334.844
282.326
281.686
236.584
236.061
200.543
200.141
172.81
172.5
151.185
150.94
133.87
133.67
119.618
119.452
107.615
107.473
97.2917
97.1689
88.2676
88.1594
80.2775
80.1813
73.1602
73.0745
66.8431
66.7675
61.3252
61.2599
56.5753
56.5191
52.472
52.423
48.8493
48.8054
45.5684
45.5282
42.5417
42.5044
39.7168
39.6819
37.0615
37.0285
34.5539
34.5227
32.179
32.1495
29.926
29.898
27.7908
27.7643
25.7792
25.7544
23.9107
23.8879
22.216
22.1956
20.7109
20.6929
19.3753
19.3591
18.1659
18.1511
17.0464
17.0326
15.9936
15.9805
14.9952
14.9827
14.044
14.0321
13.1356
13.1243
12.2671
12.2562
11.4365
11.4261
10.6439
10.634
9.89203
9.88271
9.18875
9.18012
8.54574
8.53795
7.96966
7.96272
7.45445
7.44819
6.98477
6.979
6.54753
6.54211
6.1342
6.12905
5.7403
5.73538
5.36321
5.35849
5.00134
4.99681
4.65369
4.64934
4.31973
4.31555
3.99994
3.99595
3.69634
3.69258
3.4129
3.40943
3.08037
3.07133
2.49044
2.48428
2.07865
2.07416
1.76936
1.7659
1.52703
1.52424
1.33092
1.32864
1.16676
1.16489
1.02896
1.02733
0.91141
-2.24982
-2.38293
-2.39849
-2.539
-2.55551
-2.70593
-2.72377
-2.88816
-2.90786
-3.09101
-3.11301
-3.31719
-3.34159
-3.56473
-3.59107
-3.82955
-3.85746
-4.10867
-4.13795
-4.40085
-4.43145
-4.70597
-4.7379
-5.02449
-5.05784
-5.35733
-5.39222
-5.70586
-5.74244
-6.07207
-6.11065
-6.45984
-6.50095
-6.87605
-6.92061
-7.33222
-7.38176
-7.8427
-7.89839
-8.4151
-8.47705
-9.045
-9.11217
-9.72139
-9.7928
-10.4363
-10.5114
-11.1863
-11.2649
-11.9709
-12.0531
-12.7914
-12.8775
-13.6505
-13.7407
-14.5518
-14.6466
-15.501
-15.6011
-16.5083
-16.6151
-17.5924
-17.7086
-18.7843
-18.9138
-20.1238
-20.2702
-21.6344
-21.7982
-23.3059
-23.4847
-25.1104
-25.3013
-27.0263
-27.2281
-29.0457
-29.258
-31.1698
-31.393
-33.4048
-33.6401
-35.7624
-36.0109
-38.2581
-38.5219
-40.9144
-41.1963
-43.7698
-44.0749
-46.8884
-47.2255
-50.3752
-50.758
-54.37
-54.8116
-58.9736
-59.4797
-64.2019
-64.7702
-70.0233
-70.6512
-76.4427
-77.1351
-83.5291
-84.2955
-91.4116
-92.2689
-100.283
-101.257
-110.431
-111.552
-122.243
-123.566
-136.302
-137.897
-153.494
-155.471
-175.193
-177.744
-203.439
-206.787
-240.735
-245.141
-288.336
-293.71
-343.554
-349.325
-395.161
-399.454
-419.962
-419.88
-395.816
-390.076
-313.625
-302.028
-178.988
-163.131
-15.7049
1.58235
149.052
164.894
287.692
299.33
375.927
381.757
406.157
406.185
386.438
382.391
337.91
332.414
284.592
279.452
238.428
234.242
201.961
198.744
173.906
171.42
152.049
150.085
134.572
132.976
120.203
118.873
108.112
106.978
97.7232
96.7405
88.6474
87.7823
80.6156
79.8456
73.4612
72.7756
67.1086
66.5041
61.5548
61.0321
56.7725
56.3235
52.6442
52.2522
49.0032
48.6523
45.7091
45.388
42.6725
42.374
39.8393
39.5598
37.1769
36.9133
34.6631
34.4138
32.2826
32.0462
30.0242
29.8
27.8838
27.6717
25.8663
25.6676
23.9908
23.8082
22.2878
22.1243
20.7743
20.63
19.432
19.3026
18.2178
18.0994
17.095
16.9842
16.0395
15.9348
15.0388
14.9392
14.0856
13.9906
13.1754
13.0846
12.3051
12.2183
11.4729
11.3899
10.6785
10.5995
9.9247
9.85015
9.21902
9.15002
8.57307
8.51077
7.99404
7.93851
7.4764
7.42634
7.00502
6.95884
6.56653
6.52316
6.15225
6.11105
5.75754
5.71817
5.37974
5.342
5.01722
4.98097
4.66895
4.63412
4.33437
4.30094
4.01392
3.982
3.70952
3.67945
3.42506
3.39734
3.11228
3.04007
2.51226
2.46292
2.0945
2.05857
1.78157
1.75385
1.53683
1.51454
1.33894
1.32069
1.17334
1.15841
1.03471
1.02163
0.916239
-2.26552
-2.28548
-2.30557
-2.32575
-2.3461
-2.3666
-2.41501
-2.43601
-2.45717
-2.47846
-2.49999
-2.5217
-2.57309
-2.59547
-2.61806
-2.64084
-2.66392
-2.68727
-2.74279
-2.76712
-2.79174
-2.81662
-2.84193
-2.8676
-2.92892
-2.95587
-2.98328
-3.01107
-3.0393
-3.06797
-3.13656
-3.16676
-3.19738
-3.22836
-3.25982
-3.29168
-3.36761
-3.40082
-3.43438
-3.46823
-3.50248
-3.5371
-3.6191
-3.65477
-3.69072
-3.72688
-3.76343
-3.80023
-3.8871
-3.92478
-3.96271
-4.00079
-4.03921
-4.07788
-4.16902
-4.2085
-4.24821
-4.28806
-4.32825
-4.36868
-4.46391
-4.50513
-4.5466
-4.58822
-4.63018
-4.67239
-4.77179
-4.81482
-4.85811
-4.90154
-4.94534
-4.98941
-5.09324
-5.13818
-5.18341
-5.2288
-5.27459
-5.32066
-5.42924
-5.47629
-5.52365
-5.57118
-5.61913
-5.6674
-5.78128
-5.83063
-5.88035
-5.93031
-5.98076
-6.03158
-6.15163
-6.20378
-6.25636
-6.3093
-6.36279
-6.41678
-6.54467
-6.60043
-6.65681
-6.7136
-6.77121
-6.82946
-6.96819
-7.02896
-7.09053
-7.15282
-7.21626
-7.28058
-7.43464
-7.50242
-7.57123
-7.64103
-7.71231
-7.78464
-7.95787
-8.03405
-8.11144
-8.18979
-8.26955
-8.35036
-8.54313
-8.62751
-8.71288
-8.79902
-8.88633
-8.97454
-9.18363
-9.27469
-9.36653
-9.45889
-9.55228
-9.6464
-9.86866
-9.96511
-10.0623
-10.1598
-10.2583
-10.3574
-10.5911
-10.6924
-10.7943
-10.8966
-10.9998
-11.1036
-11.3483
-11.4543
-11.5609
-11.6679
-11.7759
-11.8845
-12.1403
-12.2511
-12.3626
-12.4746
-12.5874
-12.701
-12.9688
-13.0847
-13.2014
-13.3186
-13.4368
-13.5558
-13.8364
-13.958
-14.0804
-14.2034
-14.3274
-14.4523
-14.7472
-14.875
-15.0039
-15.1334
-15.2641
-15.396
-15.7076
-15.843
-15.9795
-16.117
-16.256
-16.3963
-16.7289
-16.874
-17.0208
-17.1688
-17.3188
-17.4707
-17.8326
-17.9913
-18.1524
-18.3152
-18.4808
-18.6492
-19.0524
-19.2301
-19.4107
-19.5942
-19.781
-19.971
-20.4268
-20.6277
-20.832
-21.0389
-21.2495
-21.4631
-21.9732
-22.197
-22.4236
-22.6523
-22.8841
-23.1185
-23.6751
-23.9177
-24.1627
-24.4091
-24.6584
-24.9099
-25.5043
-25.7625
-26.0227
-26.2843
-26.5483
-26.8143
-27.4425
-27.7147
-27.9888
-28.2647
-28.5426
-28.8224
-29.4835
-29.7698
-30.0581
-30.3483
-30.6406
-30.9349
-31.6302
-31.9314
-32.2347
-32.5401
-32.8476
-33.1575
-33.8901
-34.2076
-34.5274
-34.8495
-35.1741
-35.5013
-36.2753
-36.6109
-36.9494
-37.2905
-37.6344
-37.9811
-38.8025
-39.1592
-39.5189
-39.882
-40.2485
-40.6186
-41.4967
-41.879
-42.2652
-42.6556
-43.0506
-43.4499
-44.4008
-44.8163
-45.2377
-45.6645
-46.0969
-46.536
-47.5865
-48.0489
-48.5183
-48.9954
-49.4813
-49.9766
-51.1692
-51.696
-52.2331
-52.7802
-53.3386
-53.91
-55.2859
-55.8941
-56.5137
-57.1458
-57.7895
-58.4455
-60.0222
-60.7167
-61.4228
-62.1399
-62.8684
-63.6079
-65.3774
-66.1536
-66.9404
-67.7378
-68.5464
-69.366
-71.3221
-72.1786
-73.0463
-73.9252
-74.8157
-75.7183
-77.8746
-78.8184
-79.775
-80.7449
-81.729
-82.7275
-85.1146
-86.1614
-87.2249
-88.3045
-89.4006
-90.5144
-93.1865
-94.3623
-95.558
-96.7742
-98.0112
-99.269
-102.301
-103.64
-105.005
-106.395
-107.814
-109.263
-112.759
-114.31
-115.896
-117.518
-119.176
-120.87
-124.991
-126.826
-128.705
-130.64
-132.619
-134.651
-139.62
-141.856
-144.147
-146.506
-148.937
-151.442
-157.617
-160.414
-163.301
-166.296
-169.387
-172.58
-180.512
-184.114
-187.864
-191.756
-195.788
-199.989
-210.439
-215.218
-220.178
-225.328
-230.677
-236.206
-249.896
-256.056
-262.439
-269.045
-275.806
-282.751
-299.459
-306.932
-314.507
-322.174
-329.843
-337.51
-355.346
-362.835
-370.182
-377.301
-383.973
-390.318
-403.507
-408.081
-412.084
-415.29
-417.771
-419.311
-419.275
-417.685
-415.18
-411.556
-406.849
-401.09
-383.414
-373.985
-363.437
-351.785
-339.187
-325.416
-289.125
-271.992
-253.976
-235.214
-215.778
-195.515
-146.106
-124.193
-102.044
-79.5488
-56.7414
-33.9162
19.7417
42.6457
65.3698
87.893
110.035
131.951
181.286
201.506
221.057
239.758
257.676
274.826
310.969
324.854
337.498
349.156
359.738
369.273
387.071
392.748
397.469
401.154
403.88
405.546
405.644
404.134
401.853
398.814
394.954
390.449
377.719
371.525
365.033
358.111
350.991
343.733
326.576
319.164
311.72
304.379
297.213
290.126
274.102
267.494
261.104
254.904
248.853
242.963
229.951
224.71
219.626
214.741
210.029
205.464
195.43
191.388
187.471
183.721
180.11
176.604
168.865
165.732
162.705
159.772
156.934
154.175
148.059
145.571
143.152
140.799
138.514
136.292
131.327
129.294
127.305
125.369
123.481
121.636
117.493
115.789
114.121
112.488
110.89
109.327
105.799
104.341
102.911
101.506
100.126
98.7759
95.7156
94.4439
93.1952
91.968
90.7613
89.574
86.8791
85.7558
84.6504
83.5638
82.4936
81.4397
79.0416
78.0414
77.0573
76.0885
75.1344
74.1952
72.0599
71.17
70.2949
69.4345
68.5879
67.7567
65.8739
65.0931
64.3267
63.5758
62.8387
62.1168
60.4879
59.8136
59.1537
58.5073
57.8741
57.2543
55.8555
55.2753
54.7073
54.1499
53.6022
53.0645
51.8437
51.3358
50.8354
50.3426
49.8571
49.3782
48.2854
47.8278
47.3751
46.9288
46.4876
46.0514
45.0513
44.6305
44.2142
43.8021
43.3941
42.9902
42.0608
41.6692
41.281
40.8962
40.5148
40.1368
39.2662
38.8985
38.5338
38.172
37.8132
37.4572
36.6364
36.2896
35.9454
35.6039
35.2647
34.9282
34.1517
33.8234
33.4976
33.1741
32.8527
32.5338
31.7976
31.4863
31.1771
30.8702
30.5653
30.2626
29.5643
29.2689
28.9757
28.6848
28.396
28.1094
27.4489
27.1699
26.8932
26.6191
26.3473
26.078
25.4594
25.1987
24.9408
24.6865
24.4347
24.1856
23.6175
23.3794
23.1449
22.9142
22.6865
22.4626
21.9541
21.7421
21.5336
21.3288
21.127
20.9289
20.4793
20.2916
20.1069
19.9256
19.7466
19.57
19.1674
18.9986
18.832
18.6678
18.5051
18.3441
17.9753
17.8198
17.6658
17.5136
17.3625
17.2127
16.8679
16.7221
16.5776
16.4344
16.292
16.1507
15.8249
15.6869
15.5498
15.4139
15.2787
15.1445
14.8346
14.7033
14.5727
14.4433
14.3145
14.1865
13.8908
13.7654
13.6407
13.5172
13.394
13.2717
12.9892
12.8693
12.7501
12.632
12.5142
12.3972
12.127
12.0124
11.8984
11.7854
11.6728
11.5609
11.3027
11.1932
11.0843
10.9765
10.8691
10.7624
10.5165
10.4123
10.3089
10.2066
10.1048
10.004
9.77198
9.6741
9.57713
9.48139
9.3865
9.29261
9.07785
8.98771
8.89884
8.81135
8.72488
8.63966
8.44573
8.36478
8.28497
8.20663
8.12939
8.05339
7.88051
7.80825
7.73712
7.66718
7.59797
7.52976
7.37396
7.30853
7.24382
7.17999
7.11676
7.05416
6.91044
6.84983
6.78972
6.73029
6.6712
6.6126
6.47761
6.42045
6.36372
6.30752
6.25158
6.19597
6.06776
6.01338
5.95934
5.90577
5.85238
5.79932
5.67678
5.62475
5.57301
5.52172
5.47061
5.41977
5.30231
5.25241
5.20278
5.15355
5.1045
5.05567
4.94284
4.89491
4.84724
4.79994
4.75278
4.70589
4.59749
4.55142
4.50561
4.46017
4.41488
4.36984
4.26579
4.22161
4.17773
4.13421
4.09088
4.04781
3.94847
3.9064
3.86466
3.82334
3.78226
3.74152
3.64791
3.6084
3.56929
3.53071
3.49247
3.45466
3.36832
3.33209
3.29636
3.26124
3.22657
3.19132
2.96647
2.87768
2.79342
2.71389
2.6383
2.56653
2.41267
2.35153
2.29313
2.23752
2.18445
2.13354
2.0217
1.97673
1.93329
1.89132
1.85069
1.81156
1.72528
1.69021
1.6563
1.62362
1.5919
1.56086
1.49146
1.463
1.43538
1.40926
1.38366
1.35852
1.30174
1.2782
1.25505
1.23256
1.21063
1.18953
1.14305
1.12326
1.10393
1.0852
1.06679
1.04874
1.00806
0.991315
0.974938
0.958969
0.943331
0.928063
