-1.73867
-2.03293
-2.35351
-2.71156
-3.15715
-3.7283
-4.3751
-5.08404
-5.86243
-6.73171
-7.79813
-9.20482
-10.836
-12.6324
-14.6114
-16.8185
-19.48
-23.0578
-27.3416
-32.1203
-37.4593
-43.527
-50.9315
-61.2979
-74.8596
-91.6832
-113.692
-145.363
-199.021
-305.422
-444.759
-373.936
-7.05782
359.977
430.199
295.05
195.095
142.402
110.383
88.0525
71.0478
58.2084
49.2634
42.2281
36.1465
30.7535
25.9319
21.8265
18.7563
16.2755
14.0646
12.0595
10.2359
8.63305
7.39276
6.39888
5.511
4.69763
3.94934
3.28473
2.19246
1.53633
1.13675
0.863188
0.66173
-1.73947
-2.03206
-2.03379
-2.35256
-2.35445
-2.71046
-2.71265
-3.15571
-3.1586
-3.72659
-3.73002
-4.37319
-4.37701
-5.08195
-5.08612
-5.86013
-5.86473
-6.72906
-6.73437
-7.79465
-7.80161
-9.20048
-9.20917
-10.8312
-10.8408
-12.6271
-12.6377
-14.6055
-14.6172
-16.8119
-16.8252
-19.4714
-19.4886
-23.0465
-23.0691
-27.3289
-27.3543
-32.1061
-32.1345
-37.4433
-37.4753
-43.5085
-43.5455
-50.9074
-50.9557
-61.2638
-61.332
-74.8174
-74.9018
-91.63
-91.7365
-113.619
-113.764
-145.252
-145.474
-198.815
-199.228
-305.023
-305.823
-444.522
-444.994
-374.603
-373.266
-8.26114
-5.85476
359.295
360.656
430.45
429.946
295.415
294.685
195.296
194.895
142.514
142.29
110.457
110.309
88.1065
87.9985
71.0899
71.0058
58.2384
58.1786
49.2851
49.2418
42.2464
42.2099
36.1625
36.1304
30.7678
30.7392
25.9446
25.9191
21.8366
21.8164
18.7639
18.7488
16.282
16.2689
14.0705
14.0587
12.0649
12.0542
10.2408
10.2311
8.63709
8.62901
7.39578
7.3897
6.4015
6.39626
5.51339
5.50862
4.69982
4.69544
3.95135
3.94733
3.28641
3.28305
2.19495
2.18998
1.53774
1.53492
1.13768
1.13582
0.863814
0.862562
0.662238
-1.74723
-2.02365
-2.04221
-2.34336
-2.36368
-2.69985
-2.72333
-3.14167
-3.17276
-3.70978
-3.74688
-4.35462
-4.39563
-5.06163
-5.10651
-5.83779
-5.88716
-6.70347
-6.76015
-7.76089
-7.83572
-9.15828
-9.25157
-10.7844
-10.8878
-12.5755
-12.6894
-14.5486
-14.6743
-16.7473
-16.8903
-19.3876
-19.5735
-22.937
-23.1793
-27.2049
-27.4788
-31.9681
-32.273
-37.2881
-37.6314
-43.3295
-43.7263
-50.6729
-51.1923
-60.9331
-61.6657
-74.4072
-75.315
-91.1132
-92.2578
-112.918
-114.473
-144.18
-146.561
-196.838
-201.271
-301.154
-309.701
-442.086
-447.183
-381.067
-366.625
-20.007
5.8615
352.547
367.174
432.605
427.384
299.041
291.084
197.251
192.987
143.606
141.208
111.181
109.599
88.6358
87.4741
71.5021
70.5971
58.5315
57.889
49.4969
49.0308
42.4244
42.0322
36.3195
35.9743
30.9079
30.5996
26.0689
25.7951
21.9353
21.7187
18.8376
18.6755
16.346
16.2052
14.1283
14.0011
12.1174
12.0018
10.2884
10.1836
8.6767
8.5898
7.4253
7.35988
6.42707
6.37078
5.53668
5.48539
4.72124
4.67408
3.971
3.92774
3.30284
3.26679
2.21944
2.16602
1.55154
1.5213
1.14675
1.12682
0.869934
0.85648
0.667206
-1.7755
-1.81796
-1.86098
-1.9046
-1.94869
-1.99333
-2.07285
-2.11903
-2.16584
-2.21338
-2.26149
-2.31024
-2.39737
-2.44817
-2.49991
-2.55275
-2.60672
-2.66193
-2.76258
-2.82292
-2.88562
-2.95135
-3.01994
-3.0918
-3.22498
-3.30509
-3.38786
-3.47306
-3.56012
-3.64905
-3.80859
-3.90172
-3.99628
-4.09225
-4.18938
-4.28779
-4.46346
-4.56568
-4.66909
-4.77417
-4.88057
-4.98838
-5.18082
-5.29291
-5.40642
-5.52166
-5.63866
-5.75724
-5.96913
-6.09298
-6.2189
-6.34722
-6.47801
-6.6118
-6.85463
-6.99927
-7.14948
-7.30598
-7.46958
-7.64105
-7.96188
-8.15661
-8.35927
-8.56897
-8.78521
-9.00661
-9.4065
-9.64063
-9.87862
-10.1209
-10.3662
-10.6152
-11.0594
-11.318
-11.5805
-11.8466
-12.1162
-12.3897
-12.8781
-13.1625
-13.4514
-13.7443
-14.0414
-14.3433
-14.8828
-15.1974
-15.5178
-15.8443
-16.1763
-16.5156
-17.1286
-17.4925
-17.8674
-18.2585
-18.6643
-19.09
-19.8876
-20.3754
-20.8861
-21.4195
-21.9725
-22.5444
-23.5825
-24.1944
-24.8184
-25.4546
-26.1007
-26.7579
-27.933
-28.6183
-29.3151
-30.0229
-30.741
-31.4714
-32.7785
-33.5422
-34.3191
-35.1097
-35.9135
-36.7312
-38.1999
-39.0606
-39.9376
-40.8342
-41.7504
-42.6878
-44.3866
-45.397
-46.4422
-47.5255
-48.6573
-49.8422
-52.0723
-53.4487
-54.905
-56.443
-58.0615
-59.7559
-62.8945
-64.7768
-66.7244
-68.7326
-70.8031
-72.9375
-76.8329
-79.1572
-81.5585
-84.0403
-86.6049
-89.2684
-94.1789
-97.1489
-100.246
-103.482
-106.868
-110.428
-117.117
-121.22
-125.577
-130.215
-135.151
-140.42
-150.637
-157.158
-164.224
-171.971
-180.467
-189.914
-209.021
-221.668
-235.844
-251.482
-268.686
-287.566
-323.972
-346.273
-369.276
-392.138
-413.451
-431.974
-453.519
-458.029
-455.344
-445.667
-428.452
-402.798
-340.424
-294.058
-242.046
-184.911
-124.842
-62.3572
48.0966
110.577
170.762
227.692
279.752
325.556
388.3
413.309
430.704
440.466
443.141
438.93
417.764
399.273
378.327
356.441
334.159
312.732
278.463
260.884
244.651
229.918
216.644
204.677
186.343
177.17
168.823
161.186
154.167
147.688
137.412
132.091
127.11
122.42
118.016
113.847
107.077
103.464
100.021
96.7416
93.5988
90.5883
85.5997
82.8964
80.2891
77.7782
75.3563
73.0199
69.1398
67.0451
65.0432
63.1361
61.3296
59.6221
56.8646
55.4124
54.037
52.7279
51.4796
50.2774
48.2784
47.1836
46.1182
45.0808
44.0681
43.0775
41.3937
40.4591
39.5419
38.642
37.7591
36.8923
35.4119
34.5862
33.7744
32.9762
32.1914
31.4188
30.0969
29.3574
28.6313
27.9168
27.2143
26.5245
25.3493
24.701
24.07
23.4567
22.8665
22.3008
21.3723
20.877
20.4057
19.9552
19.5236
19.1092
18.4133
18.0308
17.6569
17.2905
16.9322
16.5794
15.9757
15.6383
15.3063
14.9793
14.657
14.3388
13.7936
13.4882
13.1873
12.8903
12.5978
12.3088
11.8131
11.5352
11.2609
10.9906
10.7245
10.4621
10.013
9.76309
9.51834
9.27928
9.04741
8.82274
8.45013
8.25003
8.05898
7.8764
7.70184
7.53403
7.25435
7.10103
6.95133
6.80486
6.66148
6.52048
6.27897
6.14377
6.01069
5.879
5.74944
5.62165
5.40164
5.27817
5.15628
5.03574
4.91693
4.79933
4.59715
4.48345
4.3712
4.26021
4.1507
4.04268
3.85719
3.75369
3.65222
3.55314
3.45672
3.36354
3.20864
3.06381
2.83511
2.6361
2.46347
2.31191
2.0831
1.96996
1.86602
1.77048
1.68347
1.60297
1.47355
1.40716
1.34587
1.28748
1.23196
1.17982
1.09489
1.04949
1.00689
0.966506
0.928405
0.892553
0.834692
0.803012
0.772254
0.742389
0.713475
0.685483
