-1.71254
-1.8455
-1.98398
-2.1284
-2.27941
-2.43815
-2.60675
-2.78932
-2.99216
-3.22076
-3.47508
-3.75044
-4.0424
-4.34893
-4.66972
-5.00525
-5.35652
-5.72496
-6.11304
-6.52557
-6.97129
-7.46579
-8.02595
-8.65629
-9.34658
-10.0841
-10.8615
-11.677
-12.5315
-13.4277
-14.3689
-15.3612
-16.4152
-17.5521
-18.8092
-20.2346
-21.856
-23.6546
-25.5958
-27.6564
-29.8303
-32.122
-34.5411
-37.1019
-39.8266
-42.7504
-45.9352
-49.4932
-53.5875
-58.3595
-63.8337
-69.9721
-76.7697
-84.3076
-92.7451
-102.323
-113.398
-126.484
-142.354
-162.263
-188.118
-222.816
-268.777
-324.924
-381.906
-415.485
-398.579
-318.004
-178.839
-7.06052
164.549
303.654
384.252
401.678
368.93
314.076
260.571
217.178
184.026
158.785
139.05
123.168
109.991
98.8059
89.1257
80.6164
73.0747
66.4218
60.6622
55.7602
51.5594
47.8536
44.4912
41.3865
38.4861
35.7604
33.1882
30.7549
28.4521
26.282
24.2635
22.4338
20.8197
19.4016
18.1275
16.9522
15.8486
14.8032
13.8087
12.8605
11.9556
11.0921
10.2714
9.49937
8.789
8.1531
7.59063
7.08496
6.61804
6.17878
5.7611
5.36209
4.97979
4.61299
4.26122
3.92511
3.60772
3.31551
2.81244
2.28297
1.90713
1.62231
1.39712
1.2139
1.06083
0.932227
0.825098
0.729173
0.642357
0.564853
-1.71333
-1.84468
-1.84632
-1.98313
-1.98483
-2.12751
-2.12929
-2.27848
-2.28035
-2.43716
-2.43914
-2.6057
-2.60781
-2.78816
-2.79048
-2.99086
-2.99346
-3.2193
-3.22223
-3.47347
-3.47668
-3.74872
-3.75216
-4.04059
-4.04421
-4.34704
-4.35083
-4.66774
-4.6717
-5.00318
-5.00732
-5.35435
-5.3587
-5.72268
-5.72725
-6.11063
-6.11545
-6.52299
-6.52815
-6.96847
-6.97411
-7.46261
-7.46896
-8.02235
-8.02956
-8.65229
-8.6603
-9.34226
-9.35091
-10.0796
-10.0887
-10.8567
-10.8664
-11.672
-11.682
-12.5262
-12.5368
-13.4222
-13.4333
-14.3631
-14.3748
-15.355
-15.3674
-16.4087
-16.4218
-17.5449
-17.5593
-18.8012
-18.8173
-20.2254
-20.2438
-21.8456
-21.8664
-23.6433
-23.6659
-25.5837
-25.6079
-27.6436
-27.6692
-29.8168
-29.8438
-32.1077
-32.1362
-34.5261
-34.5562
-37.086
-37.1178
-39.8096
-39.8437
-42.732
-42.7688
-45.915
-45.9554
-49.4702
-49.5162
-53.5608
-53.6142
-58.3286
-58.3905
-63.7986
-63.8688
-69.933
-70.0112
-76.7266
-76.813
-84.2596
-84.3556
-92.691
-92.7992
-102.262
-102.385
-113.326
-113.471
-126.397
-126.571
-142.247
-142.46
-162.127
-162.399
-187.939
-188.297
-222.572
-223.06
-268.464
-269.09
-324.565
-325.282
-381.603
-382.208
-415.42
-415.549
-398.87
-398.284
-318.683
-317.322
-179.808
-177.869
-8.13204
-5.98898
163.576
165.521
302.979
304.326
383.967
384.534
401.745
401.61
369.236
368.622
314.415
313.737
260.863
260.279
217.408
216.948
184.2
183.853
158.919
158.651
139.156
138.944
123.255
123.081
110.064
109.918
98.8685
98.7435
89.1804
89.071
80.6647
80.568
73.1176
73.0319
66.4593
66.3843
60.6943
60.6302
55.7876
55.7329
51.5831
51.5357
47.8748
47.8324
44.5107
44.4717
41.4046
41.3684
38.503
38.4691
35.7764
35.7444
33.2033
33.1731
30.7692
30.7406
28.4656
28.4386
26.2947
26.2693
24.2752
24.2518
22.4442
22.4233
20.8288
20.8106
19.4097
19.3935
18.1349
18.1202
16.959
16.9453
15.8551
15.8421
14.8093
14.797
13.8146
13.8029
12.866
12.8549
11.9609
11.9502
11.0972
11.087
10.2762
10.2666
9.50387
9.49487
8.79308
8.78493
8.15671
8.1495
7.59385
7.58742
7.08789
7.08204
6.62077
6.61531
6.18137
6.1762
5.76356
5.75863
5.36445
5.35973
4.98206
4.97753
4.61516
4.61081
4.2633
4.25914
3.92709
3.92314
3.60957
3.60587
3.31719
3.31384
2.81632
2.80856
2.28563
2.28032
1.90909
1.90518
1.62382
1.6208
1.39831
1.39593
1.21491
1.2129
1.06167
1.05998
0.932937
0.931517
0.825705
0.824491
0.729726
0.728622
0.642854
0.64186
0.565289
-1.71885
-1.83894
-1.85207
-1.97715
-1.99082
-2.12128
-2.13554
-2.27195
-2.28689
-2.43028
-2.44605
-2.59833
-2.61521
-2.78008
-2.7986
-2.98179
-3.00259
-3.2091
-3.23249
-3.46226
-3.48794
-3.73672
-3.7642
-4.02795
-4.05689
-4.33379
-4.36411
-4.65388
-4.6856
-4.98868
-5.02187
-5.33916
-5.37393
-5.70673
-5.74324
-6.09378
-6.13234
-6.50496
-6.54626
-6.94878
-6.99394
-7.44047
-7.49125
-7.99721
-8.05485
-8.62433
-8.68839
-9.31205
-9.38122
-10.0475
-10.1208
-10.8231
-10.9001
-11.6367
-11.7174
-12.4893
-12.5739
-13.3834
-13.4721
-14.3223
-14.4156
-15.3119
-15.4106
-16.3626
-16.4681
-17.4947
-17.6098
-18.7449
-18.874
-20.1611
-20.3085
-21.7732
-21.9392
-23.5642
-23.7454
-25.4991
-25.6927
-27.5542
-27.7589
-29.7226
-29.9383
-32.0084
-32.2359
-34.421
-34.6615
-36.9745
-37.2296
-39.6907
-39.963
-42.6037
-42.8977
-45.7739
-46.0973
-49.31
-49.6776
-53.3748
-53.8021
-58.1126
-58.6082
-63.5537
-64.1154
-69.6604
-70.2855
-76.425
-77.1162
-83.9243
-84.6931
-92.3135
-93.1794
-101.83
-102.82
-112.823
-113.979
-125.794
-127.18
-141.507
-143.21
-161.182
-163.356
-186.698
-189.559
-220.891
-224.76
-266.279
-271.289
-322.051
-327.797
-379.453
-384.297
-414.905
-415.924
-400.825
-396.15
-323.373
-312.483
-186.544
-171.026
-15.632
1.50528
156.755
172.302
298.19
308.991
381.908
386.442
402.144
401.072
371.335
366.563
316.791
311.359
262.912
258.23
219.029
215.352
185.423
182.647
159.862
157.715
139.903
138.205
123.867
122.475
110.577
109.409
99.3091
98.3076
89.5648
88.6894
81.0044
80.2306
73.4187
72.7328
66.7229
66.1228
60.9198
60.4067
55.9796
55.5426
51.7497
51.3704
48.0237
47.6843
44.6473
44.3356
41.5315
41.2418
38.622
38.3505
35.8884
35.6328
33.3092
33.0675
30.8695
30.6406
28.5604
28.344
26.3837
26.1806
24.3571
24.1703
22.5174
22.3506
20.8929
20.7469
19.4664
19.3371
18.1865
18.0688
17.0072
16.8973
15.9005
15.7968
14.8525
14.754
13.8557
13.7618
12.9053
12.8158
11.9984
11.9129
11.1329
11.0514
10.3101
10.2329
9.53542
9.46347
8.8217
8.75648
8.18204
8.12436
7.6164
7.565
7.10839
7.06162
6.6399
6.59625
6.19949
6.15813
5.78084
5.74138
5.38099
5.34323
4.99791
4.96171
4.63037
4.59563
4.27788
4.2446
3.94096
3.90931
3.62254
3.59296
3.32894
3.30215
2.84383
2.78173
2.30436
2.2619
1.92293
1.89155
1.63445
1.61027
1.40669
1.38761
1.22199
1.20591
1.06761
1.0541
0.937932
0.926573
0.829966
0.820252
0.733601
0.724767
0.646344
0.638391
0.568353
-1.7328
-1.75095
-1.7692
-1.78752
-1.80598
-1.82453
-1.86659
-1.88549
-1.9045
-1.92357
-1.94279
-1.96214
-2.00596
-2.02566
-2.04548
-2.06537
-2.08543
-2.10561
-2.15136
-2.17195
-2.19266
-2.21345
-2.23443
-2.25557
-2.30347
-2.32507
-2.34682
-2.36867
-2.39074
-2.41297
-2.46355
-2.48639
-2.50943
-2.53265
-2.55613
-2.57985
-2.63399
-2.65853
-2.68339
-2.70852
-2.73403
-2.75988
-2.81924
-2.84635
-2.87389
-2.90177
-2.9302
-2.95913
-3.02581
-3.05632
-3.08736
-3.11885
-3.15094
-3.18357
-3.25859
-3.2928
-3.3275
-3.36256
-3.39814
-3.43416
-3.5165
-3.55384
-3.59151
-3.62946
-3.66784
-3.70657
-3.79468
-3.8344
-3.87443
-3.91466
-3.95527
-3.99617
-4.08898
-4.13076
-4.17281
-4.21504
-4.25764
-4.30051
-4.39771
-4.44145
-4.48547
-4.52967
-4.57422
-4.61905
-4.72075
-4.7665
-4.81253
-4.85875
-4.90534
-4.95226
-5.05865
-5.10654
-5.15472
-5.2031
-5.25189
-5.301
-5.41246
-5.4626
-5.51314
-5.5639
-5.6151
-5.66666
-5.78373
-5.83649
-5.88967
-5.94309
-5.99708
-6.0515
-6.17518
-6.23111
-6.28751
-6.34427
-6.40168
-6.45973
-6.59216
-6.65214
-6.71282
-6.77415
-6.83643
-6.89952
-7.04428
-7.11031
-7.17743
-7.24546
-7.31479
-7.38523
-7.54801
-7.62262
-7.69858
-7.7757
-7.85436
-7.93441
-8.1192
-8.20371
-8.28949
-8.37638
-8.46474
-8.5543
-8.75967
-8.85297
-8.94733
-9.04254
-9.13893
-9.23624
-9.45806
-9.55836
-9.6594
-9.761
-9.86367
-9.96711
-10.2021
-10.308
-10.4146
-10.5217
-10.6298
-10.7386
-10.9854
-11.0965
-11.2083
-11.3207
-11.434
-11.5481
-11.8068
-11.9233
-12.0405
-12.1582
-12.277
-12.3965
-12.6676
-12.7897
-12.9126
-13.0361
-13.1606
-13.286
-13.5705
-13.6986
-13.8277
-13.9572
-14.0881
-14.2199
-14.5192
-14.654
-14.7899
-14.9265
-15.0646
-15.2037
-15.5202
-15.663
-15.8071
-15.9523
-16.099
-16.2472
-16.5853
-16.7386
-16.8936
-17.05
-17.2086
-17.3692
-17.7379
-17.9059
-18.0766
-18.2494
-18.4253
-18.6043
-19.0181
-19.2075
-19.4006
-19.5966
-19.7968
-20.0008
-20.4731
-20.6896
-20.91
-21.1334
-21.361
-21.5922
-22.124
-22.3663
-22.6117
-22.8597
-23.1111
-23.3656
-23.9469
-24.21
-24.4757
-24.7435
-25.014
-25.2868
-25.9076
-26.1878
-26.4702
-26.7542
-27.0408
-27.3295
-27.9861
-28.2817
-28.5795
-28.8793
-29.1814
-29.4856
-30.1779
-30.4893
-30.8032
-31.1192
-31.4377
-31.7585
-32.4884
-32.817
-33.1482
-33.4817
-33.8181
-34.157
-34.9286
-35.2761
-35.6264
-35.9796
-36.3357
-36.6945
-37.5132
-37.8823
-38.2548
-38.6304
-39.0095
-39.3921
-40.2656
-40.6606
-41.0596
-41.4622
-41.8694
-42.2815
-43.225
-43.6526
-44.0862
-44.5252
-44.9699
-45.4206
-46.4588
-46.9331
-47.4152
-47.9046
-48.403
-48.9107
-50.0886
-50.6301
-51.1821
-51.7457
-52.322
-52.9106
-54.2813
-54.9124
-55.557
-56.2152
-56.8872
-57.5729
-59.1634
-59.8928
-60.6352
-61.3913
-62.1597
-62.941
-64.7437
-65.5662
-66.4006
-67.2474
-68.1063
-68.9776
-70.9825
-71.8946
-72.8192
-73.7564
-74.7068
-75.6702
-77.8876
-78.897
-79.9209
-80.9596
-82.0145
-83.0846
-85.5524
-86.6775
-87.8211
-88.9842
-90.1673
-91.3699
-94.1486
-95.4207
-96.7162
-98.0372
-99.3819
-100.753
-103.93
-105.399
-106.893
-108.418
-109.974
-111.566
-115.278
-116.993
-118.752
-120.553
-122.402
-124.294
-128.738
-130.798
-132.917
-135.101
-137.351
-139.666
-145.137
-147.697
-150.333
-153.06
-155.89
-158.833
-165.818
-169.11
-172.523
-176.077
-179.774
-183.62
-192.823
-197.226
-201.833
-206.617
-211.597
-216.765
-229.154
-234.982
-241.074
-247.461
-254.043
-260.845
-276.888
-284.337
-291.926
-299.667
-307.633
-315.734
-334.171
-342.327
-350.428
-358.328
-366.182
-373.815
-389.367
-395.535
-401.077
-405.894
-409.927
-413.118
-416.633
-416.598
-415.506
-413.289
-409.854
-405.223
-390.302
-381.707
-371.75
-360.624
-348.287
-334.697
-299.759
-282.36
-263.956
-244.579
-224.319
-203.27
-153.389
-130.139
-106.695
-82.9385
-58.7559
-34.5558
20.2455
44.5929
68.8156
92.734
116.179
139.284
189.162
210.176
230.478
249.876
268.295
285.59
320.398
334.04
346.407
357.536
367.518
376.189
390.772
395.512
399.041
401.416
402.613
402.743
399.257
396.134
392.194
387.477
382.205
376.304
361.188
353.86
346.367
338.642
330.756
322.826
305.362
297.642
290.042
282.6
275.312
268.222
253.135
246.751
240.545
234.566
228.795
223.217
211.413
206.499
201.758
197.2
192.803
188.571
179.667
175.927
172.334
168.849
165.504
162.283
155.401
152.497
149.689
146.98
144.359
141.818
136.372
134.054
131.809
129.624
127.496
125.428
120.967
119.057
117.197
115.384
113.615
111.886
108.143
106.537
104.962
103.421
101.913
100.434
97.2184
95.8342
94.4743
93.1406
91.8308
90.5445
87.736
86.5219
85.3293
84.1569
83.0037
81.8689
79.3866
78.311
77.2538
76.2142
75.1917
74.1856
71.9852
71.0334
70.0984
69.1804
68.2789
67.395
65.471
64.6425
63.8308
63.036
62.2581
61.4966
59.8492
59.142
58.4518
57.777
57.1162
56.4696
55.0681
54.4664
53.8767
53.2988
52.7313
52.174
50.9569
50.4298
49.9119
49.4016
48.8987
48.4027
47.3126
46.8375
46.3686
45.9053
45.4471
44.9941
43.9945
43.5576
43.125
42.6969
42.2731
41.8534
40.924
40.5167
40.113
39.713
39.3165
38.9237
38.0525
37.67
37.2911
36.9152
36.5423
36.1724
35.3521
34.9917
34.6341
34.2794
33.9272
33.5777
32.8021
32.4613
32.1232
31.7876
31.4543
31.1236
30.3895
30.0668
29.7467
29.4289
29.1136
28.8007
28.1066
27.8019
27.4997
27.2004
26.9035
26.6093
25.9583
25.6735
25.3913
25.113
24.8372
24.565
23.9664
23.7058
23.4492
23.1972
22.9484
22.7035
22.169
21.9378
21.7111
21.489
21.2704
21.056
20.5881
20.3857
20.1869
19.992
19.7997
19.6105
19.196
19.0156
18.8376
18.6623
18.4889
18.3175
17.9399
17.7744
17.6106
17.4488
17.2882
17.1291
16.7769
16.622
16.4686
16.3166
16.1655
16.0156
15.6829
15.5364
15.3911
15.2473
15.104
14.9617
14.6459
14.5068
14.3687
14.2316
14.0952
13.9597
13.6588
13.5262
13.3945
13.2639
13.1338
13.0045
12.7174
12.591
12.4652
12.3405
12.2164
12.0931
11.819
11.6982
11.5782
11.4593
11.3409
11.2232
10.962
10.847
10.7328
10.6197
10.5072
10.3956
10.1483
10.0397
9.93202
9.82554
9.7199
9.61542
9.38482
9.28414
9.18463
9.08667
8.98989
8.89446
8.68537
8.59459
8.50519
8.4176
8.33132
8.24657
8.06149
7.98128
7.9023
7.8249
7.74863
7.67361
7.50906
7.43753
7.36687
7.29734
7.22845
7.16043
7.0104
6.94468
6.87966
6.81544
6.75163
6.68837
6.54836
6.4868
6.42573
6.36523
6.30507
6.24535
6.11275
6.05437
5.99632
5.93874
5.88142
5.82452
5.69812
5.64238
5.58695
5.53198
5.47722
5.42281
5.30179
5.24842
5.19535
5.14269
5.09018
5.03801
4.92194
4.87073
4.81982
4.7693
4.71892
4.66885
4.55746
4.50834
4.45952
4.41106
4.36275
4.31476
4.20806
4.16101
4.11428
4.06796
4.02185
3.97608
3.8746
3.82996
3.78567
3.74192
3.69848
3.65546
3.56062
3.51921
3.47829
3.43794
3.39807
3.3589
3.27293
3.23559
3.19894
3.1153
3.01273
2.9155
2.71616
2.63507
2.55867
2.48649
2.41761
2.35266
2.21653
2.16041
2.1069
2.05551
2.00604
1.95851
1.85787
1.81567
1.77506
1.73602
1.69821
1.66172
1.5841
1.55101
1.51881
1.48761
1.45741
1.42827
1.36686
1.34045
1.31457
1.28927
1.26442
1.2402
1.18862
1.16686
1.14565
1.12426
1.10331
1.08286
1.03944
1.02084
1.00266
0.984945
0.967613
0.950703
0.914284
0.898749
0.883732
0.869262
0.854935
0.84078
0.809635
0.796044
0.782626
0.769412
0.756341
0.743444
0.715122
0.702788
0.690628
0.678668
0.666855
0.655215
0.629716
0.618704
0.607698
0.596989
0.586471
0.576166
