-1.71153
-1.84454
-1.98306
-2.12735
-2.27809
-2.43626
-2.60404
-2.78565
-2.98762
-3.21622
-3.47141
-3.74752
-4.04014
-4.34695
-4.66779
-5.00321
-5.35399
-5.72189
-6.10866
-6.51924
-6.96207
-7.45422
-8.0136
-8.64573
-9.33833
-10.0776
-10.8561
-11.6721
-12.5261
-13.4212
-14.3605
-15.3499
-16.3997
-17.529
-18.7784
-20.1995
-21.8217
-23.6269
-25.5723
-27.6346
-29.8077
-32.0969
-34.5098
-37.0625
-39.7739
-42.6792
-45.8342
-49.3543
-53.4153
-58.1674
-63.6279
-69.7346
-76.4888
-83.9573
-92.2902
-101.735
-112.588
-125.387
-140.837
-160.186
-185.294
-219.037
-263.863
-319.007
-374.966
-408.16
-391.843
-312.848
-175.727
-7.07172
161.643
298.396
377.242
393.913
361.5
307.779
255.666
213.42
181.287
156.799
137.626
122.089
109.178
98.201
88.6624
80.2398
72.7583
66.1467
60.4239
55.5691
51.4151
47.7488
44.4164
41.3296
38.4431
35.7254
33.159
30.7271
28.4241
26.2507
24.2276
22.3932
20.7825
19.3729
18.1072
16.9383
15.8385
14.7955
13.8022
12.8545
11.9497
11.0852
10.2632
9.48846
8.77597
8.14001
7.57988
7.07738
6.61292
6.17499
5.75822
5.35962
4.97728
4.61013
4.2576
3.92012
3.60036
3.30562
2.80696
2.28108
1.90524
1.62076
1.39564
1.21323
1.06016
0.931477
0.824404
0.7285
0.641884
0.56463
-1.71232
-1.84372
-1.84536
-1.9822
-1.98391
-2.12646
-2.12824
-2.27715
-2.27902
-2.43528
-2.43724
-2.60299
-2.60509
-2.7845
-2.78681
-2.98633
-2.98892
-3.21476
-3.21769
-3.4698
-3.47302
-3.7458
-3.74924
-4.03833
-4.04195
-4.34505
-4.34884
-4.66581
-4.66977
-5.00114
-5.00529
-5.35182
-5.35616
-5.71961
-5.72416
-6.10626
-6.11107
-6.51668
-6.52181
-6.95926
-6.96488
-7.45107
-7.45738
-8.00999
-8.01721
-8.64171
-8.64975
-9.334
-9.34267
-10.0731
-10.0822
-10.8513
-10.8609
-11.667
-11.6771
-12.5208
-12.5314
-13.4157
-13.4268
-14.3546
-14.3663
-15.3438
-15.356
-16.3931
-16.4062
-17.5219
-17.5362
-18.7704
-18.7865
-20.1904
-20.2087
-21.8113
-21.8321
-23.6155
-23.6382
-25.5602
-25.5844
-27.6218
-27.6474
-29.7942
-29.8212
-32.0827
-32.1111
-34.4949
-34.5248
-37.0466
-37.0784
-39.757
-39.7908
-42.6611
-42.6974
-45.8142
-45.8542
-49.3316
-49.3771
-53.3887
-53.4419
-58.1365
-58.1984
-63.5928
-63.6629
-69.6958
-69.7734
-76.4459
-76.5317
-83.9099
-84.0047
-92.2369
-92.3436
-101.674
-101.796
-112.517
-112.659
-125.303
-125.471
-140.734
-140.941
-160.055
-160.318
-185.118
-185.471
-218.8
-219.275
-263.558
-264.168
-318.657
-319.357
-374.662
-375.269
-408.088
-408.231
-392.124
-391.559
-313.513
-312.182
-176.681
-174.773
-8.12444
-6.01891
160.686
162.598
297.733
299.058
376.955
377.529
393.977
393.847
361.794
361.207
308.109
307.45
255.953
255.38
213.642
213.198
181.459
181.115
156.927
156.671
137.729
137.523
122.174
122.003
109.25
109.106
98.2625
98.1395
88.7164
88.6084
80.2876
80.1919
72.8008
72.7158
66.1841
66.1093
60.4558
60.3921
55.5961
55.5422
51.4384
51.3917
47.7698
47.7279
44.4356
44.3972
41.3476
41.3115
38.46
38.4262
35.7413
35.7094
33.1741
33.1439
30.7414
30.7128
28.4376
28.4106
26.2634
26.238
24.2393
24.2159
22.4037
22.3828
20.7916
20.7734
19.3809
19.3649
18.1145
18.0999
16.9451
16.9315
15.8449
15.832
14.8016
14.7893
13.808
13.7963
12.8601
12.8489
11.955
11.9444
11.0903
11.0801
10.268
10.2584
9.49297
9.48395
8.78006
8.77188
8.1436
8.13641
7.58306
7.57669
7.08028
7.07448
6.61564
6.61021
6.17757
6.17241
5.76068
5.75576
5.36198
5.35726
4.97954
4.97502
4.6123
4.60796
4.25968
4.25551
3.92211
3.91812
3.60223
3.5985
3.3073
3.30394
2.81081
2.80312
2.28372
2.27844
1.9072
1.90329
1.62228
1.61924
1.39683
1.39445
1.21423
1.21222
1.06101
1.0593
0.932187
0.930768
0.825012
0.823798
0.729053
0.727949
0.642375
0.641393
0.565084
-1.71784
-1.838
-1.8511
-1.97623
-1.9899
-2.12023
-2.13448
-2.27064
-2.28555
-2.42843
-2.44411
-2.59565
-2.61247
-2.77647
-2.79489
-2.97728
-2.99803
-3.20454
-3.22797
-3.45853
-3.48433
-3.73377
-3.76132
-4.02566
-4.05464
-4.33179
-4.36213
-4.65195
-4.68371
-4.98665
-5.01984
-5.33666
-5.37135
-5.70369
-5.74011
-6.08947
-6.12792
-6.49875
-6.53979
-6.93964
-6.9846
-7.42903
-7.47954
-7.98483
-8.04252
-8.61367
-8.67794
-9.3037
-9.37307
-10.041
-10.1144
-10.8177
-10.8947
-11.6317
-11.7125
-12.4839
-12.5684
-13.377
-13.4655
-14.3138
-14.4072
-15.3008
-15.3991
-16.3473
-16.4522
-17.4721
-17.5863
-18.7144
-18.8427
-20.1264
-20.2731
-21.7394
-21.9052
-23.5363
-23.718
-25.4754
-25.6693
-27.5324
-27.7373
-29.7
-29.9157
-31.9835
-32.2107
-34.3906
-34.63
-36.9354
-37.1895
-39.6389
-39.9094
-42.5336
-42.8251
-45.6745
-45.9947
-49.1731
-49.5368
-53.2034
-53.6288
-57.9208
-58.4158
-63.3482
-63.9087
-69.4246
-70.046
-76.1462
-76.8329
-83.5792
-84.3376
-91.8645
-92.7186
-101.25
-102.223
-112.022
-113.158
-124.718
-126.063
-140.012
-141.672
-159.14
-161.243
-183.89
-186.713
-217.156
-220.942
-261.44
-266.321
-316.201
-321.876
-372.528
-377.343
-407.532
-408.68
-394.027
-389.501
-318.105
-307.459
-183.394
-168.05
-15.4909
1.3534
153.959
169.253
293.027
303.628
374.929
379.468
394.374
393.328
363.83
359.234
310.414
305.141
257.965
253.384
215.209
211.655
182.657
179.924
157.832
155.778
138.455
136.799
122.777
121.409
109.754
108.606
98.6945
97.7106
89.0953
88.2317
80.6236
79.858
73.0994
72.4192
66.4471
65.8494
60.6797
60.1701
55.7853
55.3547
51.6025
51.2287
47.917
47.5813
44.5705
44.2615
41.4742
41.1857
38.5783
38.3079
35.8532
35.5978
33.2799
33.0384
30.8417
30.6128
28.5325
28.316
26.3527
26.1489
24.3214
24.1341
22.4769
22.3103
20.8553
20.7101
19.4372
19.3089
18.1659
18.0488
16.9931
16.8836
15.8902
15.7868
14.8447
14.7463
13.8491
13.7554
12.8993
12.8098
11.9922
11.907
11.1261
11.0445
10.3019
10.2245
9.52463
9.45245
8.80878
8.74332
8.16887
8.11134
7.60544
7.55443
7.10063
7.05428
6.63467
6.59123
6.19564
6.15439
5.77792
5.73854
5.3785
5.34078
4.99538
4.9592
4.62752
4.59279
4.2743
4.24091
3.93606
3.90421
3.61531
3.58547
3.31912
3.29219
2.83803
2.7765
2.30235
2.2601
1.92102
1.88966
1.63297
1.60866
1.40518
1.38617
1.22131
1.20522
1.06701
1.05336
0.937178
0.925828
0.829271
0.819559
0.732927
0.724095
0.645821
0.637973
0.568271
-1.7318
-1.74997
-1.76824
-1.78657
-1.80504
-1.82361
-1.86565
-1.88457
-1.90359
-1.92266
-1.94188
-1.96121
-2.00505
-2.02475
-2.04454
-2.06436
-2.08444
-2.10463
-2.15025
-2.17075
-2.19146
-2.21225
-2.23319
-2.25426
-2.30208
-2.3236
-2.34528
-2.36704
-2.38907
-2.41122
-2.46152
-2.48425
-2.50717
-2.53024
-2.55364
-2.57725
-2.63113
-2.65553
-2.68023
-2.70529
-2.73068
-2.75639
-2.8154
-2.84232
-2.86969
-2.89752
-2.92591
-2.95467
-3.02126
-3.05173
-3.08274
-3.11421
-3.14631
-3.17896
-3.25416
-3.28853
-3.32313
-3.35835
-3.39411
-3.4303
-3.51297
-3.55043
-3.58818
-3.62627
-3.66478
-3.70358
-3.79191
-3.83173
-3.87186
-3.91217
-3.95285
-3.99382
-4.08678
-4.1286
-4.1707
-4.21303
-4.25564
-4.2985
-4.39572
-4.4395
-4.48354
-4.52779
-4.57237
-4.61718
-4.71889
-4.76462
-4.81063
-4.85678
-4.90338
-4.95028
-5.0566
-5.10442
-5.15249
-5.20084
-5.24961
-5.29858
-5.40985
-5.45994
-5.51043
-5.56094
-5.61213
-5.66368
-5.78048
-5.83308
-5.88604
-5.93932
-5.99312
-6.04731
-6.17059
-6.22634
-6.28252
-6.33898
-6.39612
-6.4538
-6.58539
-6.64508
-6.70544
-6.76633
-6.82811
-6.89069
-7.03463
-7.10037
-7.16704
-7.23477
-7.30391
-7.37413
-7.53605
-7.61045
-7.68624
-7.76345
-7.84213
-7.922
-8.10693
-8.19163
-8.27781
-8.36508
-8.45362
-8.5434
-8.74955
-8.84324
-8.93802
-9.03345
-9.12988
-9.22759
-9.45007
-9.55052
-9.65191
-9.7538
-9.85671
-9.96036
-10.1958
-10.3019
-10.4089
-10.5162
-10.6242
-10.7331
-10.98
-11.0912
-11.2031
-11.3154
-11.429
-11.5431
-11.8019
-11.9183
-12.0355
-12.1531
-12.2717
-12.3911
-12.662
-12.784
-12.9069
-13.0302
-13.1544
-13.2796
-13.5636
-13.6914
-13.8203
-13.9497
-14.0804
-14.2116
-14.5106
-14.6452
-14.7806
-14.9169
-15.0544
-15.193
-15.5082
-15.6505
-15.794
-15.9386
-16.0849
-16.2325
-16.569
-16.7213
-16.8751
-17.0305
-17.1878
-17.3474
-17.7134
-17.8802
-18.0503
-18.2221
-18.3969
-18.5745
-18.9857
-19.1741
-19.3664
-19.562
-19.7626
-19.9664
-20.4373
-20.654
-20.8745
-21.0983
-21.3264
-21.5586
-22.0909
-22.3343
-22.5808
-22.8299
-23.0823
-23.3376
-23.9201
-24.184
-24.4501
-24.7181
-24.9893
-25.2627
-25.8845
-26.165
-26.4478
-26.732
-27.0189
-27.3076
-27.9648
-28.2603
-28.5577
-28.8573
-29.1592
-29.4632
-30.1553
-30.4667
-30.78
-31.0952
-31.4138
-31.7342
-32.4623
-32.7904
-33.1211
-33.4538
-33.7898
-34.1276
-34.8963
-35.2431
-35.5917
-35.9434
-36.2985
-36.6565
-37.4709
-37.8393
-38.2108
-38.5849
-38.9618
-39.3423
-40.2104
-40.6029
-40.9991
-41.3993
-41.8039
-42.2134
-43.1495
-43.5736
-44.0028
-44.4373
-44.8774
-45.3239
-46.352
-46.8206
-47.2967
-47.7817
-48.2752
-48.7786
-49.9444
-50.4824
-51.03
-51.5875
-52.1587
-52.7426
-54.1061
-54.7334
-55.3724
-56.028
-56.6972
-57.3806
-58.9702
-59.6963
-60.4357
-61.1889
-61.9548
-62.7353
-64.5338
-65.3501
-66.1812
-67.0245
-67.8793
-68.7457
-70.7385
-71.644
-72.5621
-73.4934
-74.4374
-75.394
-77.5985
-78.5944
-79.612
-80.6414
-81.6859
-82.7477
-85.1862
-86.3023
-87.4332
-88.5834
-89.7486
-90.933
-93.6741
-94.9307
-96.2061
-97.5069
-98.8319
-100.186
-103.312
-104.738
-106.201
-107.703
-109.227
-110.786
-114.437
-116.118
-117.837
-119.605
-121.412
-123.26
-127.582
-129.594
-131.662
-133.783
-135.977
-138.224
-143.547
-146.05
-148.611
-151.263
-154.023
-156.882
-163.636
-166.82
-170.133
-173.564
-177.179
-180.899
-189.895
-194.149
-198.606
-203.234
-208.083
-213.127
-225.212
-230.947
-236.888
-243.086
-249.467
-256.123
-271.854
-279.172
-286.717
-294.392
-302.149
-310.026
-328.094
-336.097
-344.039
-351.938
-359.615
-367.027
-382.379
-388.467
-393.844
-398.598
-402.648
-405.774
-409.349
-409.306
-408.264
-406.108
-402.702
-398.29
-383.816
-375.382
-365.672
-354.692
-342.551
-329.244
-295.031
-277.696
-259.49
-240.571
-220.761
-200.031
-150.955
-128.162
-104.94
-81.5371
-57.7611
-33.8904
19.9801
43.8026
67.4918
90.979
114.138
136.835
185.795
206.485
226.405
245.48
263.593
280.665
314.7
328.014
340.223
351.07
360.718
369.252
383.857
388.378
391.723
393.936
394.996
395.079
391.497
388.604
384.906
380.062
374.718
368.773
353.953
346.721
339.276
331.662
323.959
316.349
299.285
291.698
284.296
277.08
270.025
263.165
248.362
242.091
236.082
230.243
224.654
219.257
207.823
203.026
198.432
194.038
189.801
185.727
177.02
173.415
169.921
166.54
163.349
160.156
153.555
150.747
148.005
145.372
142.812
140.32
134.983
132.722
130.533
128.396
126.337
124.314
119.935
118.073
116.258
114.489
112.752
111.04
107.361
105.785
104.241
102.747
101.261
99.8029
96.6379
95.2742
93.9338
92.6189
91.3288
90.061
87.2895
86.0908
84.9099
83.747
82.6051
81.4813
79.0221
77.9565
76.9075
75.8759
74.8579
73.8594
71.677
70.7307
69.8005
68.8899
67.9979
67.1173
65.2002
64.3755
63.5677
62.7769
62.0036
61.2515
59.6171
58.915
58.2289
57.5597
56.9057
56.2689
54.8809
54.2845
53.7015
53.1307
52.5707
52.0205
50.8205
50.2988
49.7841
49.2795
48.7823
48.2914
47.2136
46.7418
46.2759
45.8166
45.3624
44.9128
43.9216
43.4872
43.0572
42.6316
42.2119
41.795
40.8699
40.4649
40.0624
39.6637
39.2689
38.8772
38.0106
37.6288
37.251
36.8766
36.5049
36.1366
35.3171
34.9576
34.6008
34.2468
33.8956
33.5477
32.773
32.4323
32.0942
31.7596
31.4267
31.096
30.3616
30.0391
29.7182
29.4015
29.0862
28.773
28.0783
27.7731
27.4706
27.1707
26.8736
26.5789
25.9257
25.64
25.3571
25.0783
24.8019
24.5293
23.9296
23.6678
23.411
23.1579
22.9083
22.6631
22.1295
21.8987
21.672
21.4494
21.2314
21.0178
20.5521
20.3513
20.1528
19.9585
19.7679
19.5803
19.169
18.99
18.8128
18.6388
18.4666
18.2962
17.9208
17.7563
17.5936
17.4326
17.2728
17.1145
16.7638
16.6098
16.4569
16.3053
16.1546
16.005
15.6734
15.5274
15.3827
15.2393
15.0963
14.9539
14.6384
14.4996
14.3616
14.2249
14.0886
13.9531
13.6525
13.5202
13.3885
13.2579
13.1278
12.9986
12.7115
12.5852
12.4595
12.3347
12.2106
12.0871
11.813
11.6921
11.5719
11.4528
11.3343
11.2165
10.955
10.8398
10.7256
10.6123
10.4996
10.3877
10.1397
10.0306
9.92251
9.81571
9.70985
9.60497
9.3737
9.27273
9.17287
9.07444
8.97752
8.88184
8.672
8.58115
8.49192
8.40449
8.3183
8.23329
8.04865
7.96874
7.89034
7.81314
7.73704
7.66231
7.49874
7.4279
7.35767
7.28845
7.22002
7.15229
7.00345
6.93817
6.87333
6.80929
6.74587
6.68291
6.54356
6.48218
6.42136
6.36106
6.301
6.24139
6.10911
6.05098
5.99291
5.93546
5.87844
5.82154
5.69544
5.63975
5.58422
5.52932
5.47462
5.42023
5.29934
5.24582
5.19273
5.1401
5.08763
5.03543
4.91943
4.86817
4.81719
4.76658
4.71606
4.666
4.55458
4.50536
4.45639
4.40786
4.35947
4.31133
4.20423
4.15703
4.11013
4.06364
4.01734
3.97137
3.86925
3.82434
3.77976
3.73569
3.69192
3.64848
3.55282
3.51093
3.46961
3.42901
3.38892
3.34932
3.26268
3.22546
3.18908
3.10613
3.00468
2.90886
2.71141
2.63155
2.55523
2.48335
2.41499
2.35032
2.21487
2.15858
2.10491
2.05356
2.00398
1.95652
1.85597
1.81377
1.77316
1.73422
1.69665
1.6603
1.58235
1.5491
1.51691
1.48586
1.4558
1.42681
1.36549
1.33919
1.31341
1.28816
1.26346
1.23942
1.18786
1.16604
1.1445
1.12329
1.10257
1.08232
1.03861
1.02002
1.00186
0.984153
0.966834
0.949938
0.913549
0.898027
0.883027
0.86856
0.854235
0.840083
0.808944
0.795356
0.781942
0.768729
0.755662
0.742768
0.714452
0.702121
0.689964
0.678007
0.666196
0.654598
0.629435
0.61857
0.607798
0.597073
0.586517
0.576154
