-1.83664
-2.09521
-2.37656
-2.68989
-3.05993
-3.51271
-4.03436
-4.60774
-5.23209
-5.91474
-6.67475
-7.567
-8.67143
-9.97379
-11.4203
-13.0015
-14.7343
-16.6612
-18.9052
-21.6964
-25.0739
-28.8894
-33.1084
-37.793
-43.0861
-49.3465
-57.3477
-67.6447
-80.221
-95.6114
-115.288
-142.252
-183.082
-251.372
-353.25
-416.827
-299.274
-7.08849
285.279
403.205
342.02
244.337
179.019
138.868
111.853
92.0188
76.5469
64.2607
54.8908
47.6903
41.6949
36.4447
31.7486
27.5199
23.7813
20.6878
18.206
16.0808
14.1717
12.4301
10.836
9.39746
8.17088
7.17499
6.32397
5.55668
4.85138
4.20029
3.60685
2.90336
2.00866
1.49457
1.1526
0.906761
0.723051
-1.83746
-2.09433
-2.0961
-2.37559
-2.37753
-2.68878
-2.69099
-3.05858
-3.06128
-3.51109
-3.51432
-4.03256
-4.03617
-4.60578
-4.60971
-5.22995
-5.23423
-5.91238
-5.91709
-6.67207
-6.67742
-7.56375
-7.57025
-8.66744
-8.67542
-9.96926
-9.97832
-11.4153
-11.4252
-12.996
-13.0069
-14.7283
-14.7403
-16.6544
-16.668
-18.8971
-18.9134
-21.6862
-21.7066
-25.0621
-25.0858
-28.8762
-28.9025
-33.0938
-33.1229
-37.7768
-37.8093
-43.0675
-43.1048
-49.3236
-49.3694
-57.3177
-57.3777
-67.6072
-67.6822
-80.1756
-80.2664
-95.555
-95.6679
-115.214
-115.363
-142.146
-142.358
-182.912
-183.252
-251.085
-251.66
-352.902
-353.599
-416.874
-416.777
-300.006
-298.538
-8.15893
-6.01829
284.538
286.017
403.168
403.239
342.358
341.681
244.61
244.064
179.184
178.854
138.974
138.762
111.927
111.778
92.0757
91.9618
76.5922
76.5016
64.2961
64.2253
54.9173
54.8642
47.7116
47.669
41.7132
41.6766
36.461
36.4284
31.7632
31.7339
27.5331
27.5068
23.7926
23.77
20.6968
20.6788
18.2134
18.1985
16.0873
16.0742
14.1777
14.1657
12.4356
12.4246
10.841
10.831
9.40188
9.39304
8.17449
8.16726
7.17798
7.17201
6.32661
6.32133
5.55909
5.55427
4.85361
4.84916
4.20234
4.19824
3.60868
3.60502
2.90748
2.89926
2.0108
2.00652
1.49593
1.49322
1.15352
1.15167
0.907446
0.906076
0.723598
-1.84481
-2.08639
-2.10406
-2.36688
-2.38628
-2.67889
-2.70094
-3.04651
-3.07344
-3.4966
-3.52888
-4.01638
-4.05241
-4.58812
-4.62741
-5.21072
-5.25352
-5.89125
-5.9383
-6.64815
-6.70152
-7.53463
-7.59961
-8.63164
-8.71145
-9.92856
-10.0192
-11.3707
-11.47
-12.9473
-13.0558
-14.6747
-14.7942
-16.5939
-16.7289
-18.824
-18.987
-21.5947
-21.7987
-24.9554
-25.1929
-28.7578
-29.0214
-32.9629
-33.2543
-37.6306
-37.956
-42.9
-43.2732
-49.1182
-49.5764
-57.0489
-57.6491
-67.2708
-68.0211
-79.7687
-80.6765
-95.049
-96.1781
-114.549
-116.036
-141.198
-143.319
-181.4
-184.795
-248.519
-254.225
-349.747
-356.718
-417.095
-416.227
-306.489
-291.798
-17.779
3.60314
277.781
292.553
402.737
403.453
345.375
338.604
247.093
241.636
180.679
177.382
139.932
137.818
112.604
111.109
92.5905
91.4514
77.0015
76.0954
64.6165
63.9081
55.1576
54.6262
47.904
47.4779
41.8785
41.5121
36.6075
36.2822
31.8951
31.6025
27.6516
27.3888
23.8947
23.6686
20.7784
20.598
18.2806
18.1318
16.1467
16.015
14.2316
14.112
12.4849
12.3754
10.886
10.7861
9.44177
9.3534
8.20715
8.13483
7.20491
7.14522
6.35039
6.29763
5.58084
5.53259
4.87367
4.82916
4.22083
4.17982
3.62522
3.58857
2.94496
2.86274
2.03015
1.98744
1.50822
1.48109
1.16189
1.14344
0.913647
0.899955
0.728544
-1.86995
-1.90698
-1.94445
-1.98239
-2.02073
-2.05953
-2.13129
-2.17145
-2.21212
-2.25338
-2.29515
-2.33749
-2.41616
-2.46039
-2.50536
-2.55121
-2.59789
-2.64558
-2.73516
-2.78621
-2.8387
-2.89282
-2.94853
-3.00607
-3.11541
-3.17826
-3.24297
-3.30956
-3.37783
-3.44775
-3.57885
-3.65289
-3.72826
-3.80495
-3.88272
-3.96165
-4.10796
-4.18992
-4.27294
-4.35712
-4.44225
-4.52844
-4.68793
-4.77719
-4.86757
-4.95917
-5.05185
-5.14569
-5.31949
-5.41683
-5.51547
-5.61558
-5.71699
-5.81987
-6.01093
-6.11833
-6.22754
-6.33876
-6.45201
-6.56756
-6.78426
-6.90753
-7.03408
-7.16443
-7.2986
-7.43709
-7.70086
-7.85285
-8.00996
-8.17224
-8.33934
-8.5112
-8.8352
-9.01916
-9.20691
-9.39842
-9.59316
-9.79111
-10.1589
-10.3653
-10.5746
-10.787
-11.0019
-11.2198
-11.6231
-11.8489
-12.0776
-12.3097
-12.5445
-12.7824
-13.2232
-13.4702
-13.7205
-13.9747
-14.2321
-14.4933
-14.9785
-15.2511
-15.5282
-15.8105
-16.0975
-16.39
-16.9378
-17.2488
-17.5675
-17.8951
-18.2321
-18.5795
-19.2409
-19.6225
-20.0176
-20.4271
-20.8503
-21.2873
-22.1162
-22.5898
-23.0753
-23.5722
-24.079
-24.5958
-25.5595
-26.1021
-26.6533
-27.2134
-27.7814
-28.358
-29.4277
-30.0284
-30.6378
-31.2563
-31.884
-32.5211
-33.7038
-34.3688
-35.0445
-35.7308
-36.4284
-37.1379
-38.4588
-39.2044
-39.964
-40.7387
-41.5291
-42.3367
-43.8521
-44.7164
-45.6033
-46.5168
-47.4588
-48.432
-50.292
-51.3713
-52.4946
-53.6641
-54.8818
-56.1509
-58.5866
-59.999
-61.4617
-62.9739
-64.5344
-66.1425
-69.1867
-70.9293
-72.7208
-74.5625
-76.4561
-78.4035
-82.0882
-84.2029
-86.382
-88.6299
-90.9542
-93.3546
-97.9413
-100.595
-103.355
-106.225
-109.215
-112.333
-118.37
-121.913
-125.64
-129.558
-133.686
-138.053
-146.681
-151.842
-157.359
-163.269
-169.606
-176.428
-190.229
-198.716
-207.906
-217.837
-228.549
-240.101
-263.326
-277.227
-291.916
-307.187
-322.935
-338.935
-367.211
-381.508
-394.323
-404.796
-412.392
-416.659
-413.569
-405.821
-393.403
-376.327
-354.311
-327.51
-267.565
-229.144
-187.578
-143.426
-97.4545
-50.4039
36.1994
83.2852
129.132
173.457
215.023
253.386
313.298
339.975
362.094
379.44
392.005
399.837
402.83
398.91
391.722
381.651
369.296
355.317
327.981
312.606
297.56
282.94
268.929
255.692
233.658
222.661
212.394
202.848
194.065
185.915
172.54
165.881
159.669
153.846
148.394
143.271
134.686
130.323
126.189
122.255
118.518
114.953
108.879
105.741
102.725
99.8293
97.0477
94.3685
89.7427
87.3226
84.9839
82.7207
80.5316
78.4128
74.7356
72.805
70.939
69.1367
67.3981
65.725
62.8494
61.3565
59.9274
58.5582
57.2465
55.9895
53.8308
52.7064
51.6207
50.5703
49.5527
48.5648
46.8364
45.9183
45.0214
44.1444
43.286
42.4449
40.9579
40.1611
39.3782
38.6091
37.853
37.1095
35.7894
35.0792
34.3802
33.6919
33.014
32.3464
31.1589
30.5193
29.8892
29.2688
28.6582
28.0573
26.9909
26.4187
25.8577
25.3077
24.7705
24.2462
23.3281
22.8438
22.3747
21.9207
21.4827
21.0598
20.3272
19.9425
19.5696
19.2074
18.855
18.5114
17.9067
17.5838
17.2672
16.956
16.6504
16.3499
15.8153
15.5275
15.2438
14.9638
14.6881
14.4159
13.9305
13.6684
13.4099
13.1543
12.9023
12.6535
12.2092
11.9693
11.7324
11.4984
11.2677
11.0402
10.6345
10.4161
10.2012
9.98962
9.78209
9.57867
9.22002
9.02954
8.8441
8.66387
8.48917
8.32
8.02602
7.87163
7.7219
7.57639
7.43514
7.29739
7.05503
6.92585
6.79914
6.67457
6.55222
6.43181
6.21754
6.10208
5.98816
5.87563
5.76469
5.65514
5.4593
5.35344
5.24885
5.14536
5.04319
4.94221
4.76151
4.66376
4.56714
4.47155
4.3772
4.284
4.11754
4.02771
3.93919
3.85194
3.76617
3.68198
3.53314
3.45379
3.37644
3.30119
3.22814
3.07865
2.74471
2.58817
2.44738
2.31983
2.20412
2.09825
1.92499
1.83945
1.76013
1.6858
1.61656
1.55109
1.4411
1.38649
1.33419
1.28379
1.23613
1.19116
1.11566
1.0764
1.03872
1.00259
0.968091
0.935224
0.879825
0.851653
0.824145
0.797269
0.771087
0.745587
