-2.58168
-2.87722
-3.2406
-3.674
-4.15094
-4.66236
-5.21025
-5.7984
-6.43497
-7.14977
-8.02532
-9.09901
-10.3017
-11.5985
-12.9905
-14.4888
-16.1111
-17.9195
-20.1107
-22.8616
-26.0172
-29.4565
-33.1817
-37.2366
-41.6932
-46.728
-52.8841
-60.9415
-70.8131
-82.3787
-96.1349
-113.187
-135.515
-167.238
-218.108
-304.026
-416.122
-451.673
-304.041
-7.05782
289.737
436.836
401.995
293.772
213.287
164.177
132.458
109.871
92.5702
78.6064
67.0548
57.8963
50.9898
45.3555
40.402
35.9223
31.827
28.0595
24.6189
21.6516
19.2995
17.3394
15.5733
13.9408
12.4229
11.009
9.69863
8.53499
7.58868
6.80513
6.09997
5.44444
4.83026
4.25309
3.71339
3.23254
2.34021
1.7586
1.37849
1.10479
-2.5827
-2.87601
-2.87843
-3.23909
-3.24211
-3.67228
-3.67571
-4.1491
-4.15279
-4.66038
-4.66434
-5.20813
-5.21238
-5.79612
-5.80068
-6.43248
-6.43745
-7.14686
-7.15268
-8.02164
-8.02899
-9.09472
-9.10331
-10.2971
-10.3064
-11.5935
-11.6036
-12.9851
-12.9959
-14.483
-14.4947
-16.1048
-16.1175
-17.9122
-17.9269
-20.1015
-20.12
-22.8504
-22.8727
-26.0049
-26.0296
-29.4431
-29.4699
-33.1672
-33.1962
-37.2207
-37.2524
-41.6757
-41.7108
-46.7076
-46.7483
-52.8578
-52.9104
-60.9077
-60.9753
-70.7732
-70.853
-82.3318
-82.4257
-96.0782
-96.1916
-113.115
-113.259
-135.417
-135.612
-167.093
-167.383
-217.862
-218.354
-303.628
-304.424
-415.757
-416.487
-451.851
-451.493
-304.957
-303.124
-8.26114
-5.85476
288.817
290.655
436.656
437.014
402.37
401.62
294.139
293.399
213.52
213.056
164.32
164.033
132.556
132.36
109.944
109.799
92.6278
92.5127
78.6537
78.5591
67.0938
67.0159
57.9259
57.8668
51.0127
50.9668
45.3752
45.3359
40.4196
40.3845
35.9383
35.9063
31.8417
31.8123
28.073
28.046
24.6311
24.6068
21.6615
21.6417
19.3073
19.2916
17.3463
17.3325
15.5796
15.567
13.9466
13.9349
12.4284
12.4175
11.0141
11.0039
9.70331
9.69395
8.53896
8.53103
7.59185
7.58552
6.80789
6.80238
6.10251
6.09744
5.44682
5.44207
4.83249
4.82803
4.25518
4.251
3.71532
3.71146
3.23419
3.23089
2.34296
2.33747
1.76031
1.75689
1.37965
1.37733
1.10569
-2.59143
-2.86578
-2.88879
-3.22633
-3.25495
-3.65775
-3.69033
-4.13341
-4.16852
-4.64357
-4.68119
-5.19012
-5.2305
-5.77677
-5.82007
-6.41129
-6.45861
-7.12225
-7.17748
-7.99057
-8.06036
-9.05827
-9.13992
-10.2574
-10.3462
-11.5509
-11.6463
-12.9393
-13.0418
-14.4336
-14.5442
-16.051
-16.1715
-17.85
-17.9896
-20.0233
-20.199
-22.7558
-22.9678
-25.9
-26.1347
-29.3296
-29.5837
-33.0441
-33.3198
-37.0861
-37.3874
-41.5266
-41.8606
-46.5349
-46.9222
-52.6354
-53.135
-60.6216
-61.2638
-70.435
-71.1937
-81.9341
-82.8258
-95.5982
-96.6757
-112.508
-113.873
-134.597
-136.445
-165.867
-168.628
-215.79
-220.47
-300.268
-307.814
-412.571
-419.668
-453.257
-449.863
-312.65
-295.232
-18.4998
4.36079
280.924
298.258
435.017
438.423
405.502
398.426
297.255
290.257
215.515
211.106
165.551
162.826
133.395
131.531
110.568
109.183
93.119
92.0254
79.0581
78.1578
67.4273
66.6881
58.1786
57.6171
51.208
50.7722
45.5418
45.17
40.5692
40.2355
36.0743
35.7706
31.9666
31.6876
28.1879
27.9314
24.7344
24.5038
21.7462
21.558
19.3743
19.2251
17.4054
17.274
15.6335
15.5132
13.9967
13.8849
12.475
12.371
11.0574
10.9606
9.74315
9.6543
8.5728
8.49748
7.61884
7.55875
6.83138
6.77901
6.12406
6.07594
5.46698
5.42194
4.85145
4.80911
4.27298
4.23324
3.7318
3.69509
3.24817
3.21694
2.36684
2.31434
1.775
1.74248
1.38958
1.36749
1.11336
-2.6196
-2.66044
-2.70213
-2.74475
-2.78859
-2.83357
-2.92241
-2.97172
-3.02274
-3.07551
-3.12989
-3.18607
-3.29644
-3.35708
-3.41909
-3.48214
-3.54636
-3.6116
-3.73716
-3.8049
-3.87342
-3.94268
-4.01274
-4.08355
-4.21897
-4.29174
-4.36528
-4.43952
-4.51458
-4.59025
-4.73524
-4.81321
-4.89198
-4.97141
-5.05175
-5.13293
-5.28842
-5.37196
-5.45644
-5.54164
-5.62804
-5.7153
-5.88232
-5.97239
-6.06364
-6.15587
-6.24936
-6.34415
-6.5269
-6.6262
-6.72735
-6.83054
-6.9361
-7.04467
-7.25793
-7.37619
-7.49861
-7.62525
-7.75658
-7.89274
-8.1619
-8.31088
-8.46368
-8.61994
-8.78
-8.94273
-9.25767
-9.42811
-9.60078
-9.77526
-9.95224
-10.1313
-10.4741
-10.6586
-10.8449
-11.0328
-11.223
-11.4151
-11.7834
-11.9813
-12.1813
-12.3832
-12.5874
-12.7938
-13.1892
-13.4023
-13.6174
-13.8344
-14.0541
-14.2767
-14.7031
-14.9326
-15.1648
-15.3999
-15.6386
-15.8803
-16.3455
-16.5978
-16.8542
-17.1153
-17.3824
-17.6556
-18.1909
-18.4865
-18.7922
-19.1087
-19.4369
-19.7775
-20.4552
-20.8326
-21.2223
-21.6224
-22.034
-22.4557
-23.2745
-23.7197
-24.1721
-24.6308
-25.0957
-25.5668
-26.4726
-26.9609
-27.4543
-27.9534
-28.4579
-28.9685
-29.9492
-30.4776
-31.0111
-31.5519
-32.099
-32.6528
-33.7168
-34.2906
-34.8714
-35.4603
-36.056
-36.6596
-37.8223
-38.4502
-39.0868
-39.732
-40.3876
-41.0542
-42.3423
-43.0421
-43.7558
-44.4826
-45.2271
-45.9891
-47.4852
-48.3133
-49.1694
-50.0571
-50.9798
-51.9396
-53.867
-54.9501
-56.078
-57.2499
-58.465
-59.7204
-62.1978
-63.5633
-64.9621
-66.3966
-67.8639
-69.365
-72.2925
-73.894
-75.5315
-77.2066
-78.9219
-80.6791
-84.1159
-86.0005
-87.938
-89.9279
-91.9766
-94.0823
-98.246
-100.553
-102.935
-105.394
-107.947
-110.596
-115.874
-118.836
-121.911
-125.131
-128.499
-132.027
-139.165
-143.231
-147.53
-152.081
-156.933
-162.061
-172.755
-179.004
-185.738
-193.052
-200.9
-209.419
-227.482
-238.285
-249.855
-262.264
-275.576
-289.795
-318.717
-334.79
-351.527
-368.511
-385.506
-401.784
-429.137
-440.65
-449.645
-455.531
-458.047
-456.571
-443.438
-430.576
-412.972
-391.118
-365.411
-336.131
-269.04
-229.294
-186.876
-142.939
-97.4482
-51.1074
36.867
83.1394
128.649
172.721
214.982
254.804
321.217
351.316
376.922
398.292
415.389
428.419
441.712
443.164
440.878
435.078
425.977
414.94
387.763
371.837
355.71
339.229
323.126
307.633
280.526
267.34
254.805
243.121
232.226
222.109
205.057
196.899
189.345
182.284
175.734
169.596
159.038
153.944
149.138
144.58
140.252
136.139
128.94
125.372
121.968
118.718
115.588
112.596
107.248
104.56
101.966
99.4654
97.0518
94.7125
90.4903
88.3503
86.2719
84.249
82.2813
80.366
76.8904
75.1196
73.3948
71.7181
70.0876
68.5039
65.6519
64.2137
62.8288
61.4995
60.2229
59.0018
56.834
55.7562
54.7226
53.7267
52.7663
51.84
50.1601
49.3067
48.474
47.6597
46.862
46.0799
44.6441
43.9022
43.1722
42.4533
41.7459
41.05
39.7624
39.0941
38.4352
37.7854
37.1443
36.5118
35.3395
34.7302
34.1286
33.5345
32.9473
32.3677
31.2917
30.732
30.1783
29.6308
29.0909
28.5572
27.5672
27.053
26.545
26.0446
25.5515
25.0673
24.1792
23.723
23.2776
22.8457
22.4266
22.021
21.295
20.9299
20.578
20.239
19.9101
19.5913
19.0144
18.7187
18.4298
18.1468
17.8683
17.5941
17.0884
16.8258
16.5665
16.3106
16.0574
15.8067
15.3423
15.1002
14.8609
14.6241
14.3892
14.1574
13.7262
13.5012
13.2786
13.0587
12.8406
12.6249
12.2233
12.0139
11.8065
11.6014
11.3978
11.1967
10.8231
10.628
10.4352
10.2449
10.0567
9.87119
9.52868
9.35156
9.17814
9.00882
8.8433
8.68241
8.39202
8.2454
8.10376
7.96699
7.83464
7.7064
7.47443
7.35613
7.24036
7.12727
7.01595
6.90672
6.70503
6.60027
6.49674
6.39456
6.29346
6.19334
6.00755
5.91028
5.81419
5.7192
5.62503
5.53166
5.35796
5.26711
5.17714
5.08804
4.99968
4.91221
4.74903
4.6637
4.57924
4.49547
4.41244
4.33009
4.17678
4.09669
4.01735
3.93899
3.86136
3.78478
3.64317
3.57004
3.4983
3.42823
3.3599
3.29338
3.17315
3.02612
2.85778
2.70613
2.56985
2.44644
2.24269
2.1461
2.05715
1.97429
1.8965
1.82337
1.69801
1.63741
1.57951
1.52422
1.47171
1.42228
1.33655
1.29355
1.25206
1.21234
1.17448
1.13828
