-2.669
-2.8617
-3.09046
-3.36025
-3.65586
-3.96618
-4.28969
-4.62672
-4.97817
-5.34511
-5.72794
-6.12793
-6.54798
-7.00028
-7.51841
-8.14802
-8.87156
-9.64776
-10.4594
-11.3065
-12.1905
-13.1148
-14.0813
-15.0926
-16.1514
-17.2762
-18.5193
-20.0054
-21.7995
-23.8017
-25.9222
-28.1469
-30.4765
-32.9283
-35.5098
-38.2345
-41.1199
-44.1965
-47.5661
-51.4959
-56.3978
-62.2686
-68.8313
-76.0193
-83.9479
-92.8416
-102.953
-114.696
-128.733
-146.047
-168.381
-199.483
-246.386
-314.78
-404.66
-487.967
-501.458
-419.607
-237.987
-7.15485
223.46
404.687
486.052
471.919
390.298
303.854
240.115
196.385
165.959
143.392
125.836
111.547
99.5475
89.2239
80.1582
72.0672
64.8715
58.7685
53.913
49.894
46.3131
42.9981
39.8934
36.9649
34.1982
31.5788
29.0857
26.7098
24.4622
22.4009
20.6544
19.2207
17.9561
16.7712
15.6448
14.5692
13.54
12.5555
11.6122
10.7079
9.84159
9.02512
8.29248
7.68287
7.16266
6.68539
6.23151
5.79635
5.37817
4.97632
4.58926
4.21592
3.85622
3.51404
3.20757
2.608
2.11288
1.76421
1.50018
1.29183
-2.67004
-2.86051
-2.86288
-3.08904
-3.09189
-3.35864
-3.36187
-3.65412
-3.65759
-3.96436
-3.96799
-4.28781
-4.29158
-4.62474
-4.62871
-4.97612
-4.98023
-5.34297
-5.34725
-5.7257
-5.73018
-6.12559
-6.13026
-6.5455
-6.55047
-6.99755
-7.00301
-7.51518
-7.52164
-8.1441
-8.15195
-8.86723
-8.87589
-9.64322
-9.6523
-10.4546
-10.4641
-11.3015
-11.3114
-12.1853
-12.1957
-13.1094
-13.1202
-14.0756
-14.0869
-15.0867
-15.0985
-16.1452
-16.1576
-17.2695
-17.283
-18.5117
-18.527
-19.996
-20.0149
-21.7885
-21.8105
-23.7899
-23.8136
-25.9098
-25.9346
-28.1338
-28.1599
-30.4628
-30.4902
-32.9139
-32.9427
-35.4947
-35.525
-38.2185
-38.2505
-41.1029
-41.1369
-44.1782
-44.2147
-47.5456
-47.5866
-51.471
-51.5208
-56.3667
-56.429
-62.2327
-62.3047
-68.7921
-68.8706
-75.9762
-76.0623
-83.901
-83.9949
-92.7878
-92.8956
-102.891
-103.015
-114.623
-114.769
-128.645
-128.821
-145.937
-146.158
-168.234
-168.528
-199.272
-199.696
-246.06
-246.712
-314.322
-315.239
-404.102
-405.218
-487.626
-488.305
-501.65
-501.262
-420.346
-418.865
-239.248
-236.724
-8.49265
-5.81633
222.2
224.719
403.905
405.467
485.872
486.229
472.25
471.597
390.815
389.768
304.279
303.43
240.415
239.817
196.589
196.182
166.106
165.812
143.504
143.28
125.926
125.746
111.622
111.473
99.6108
99.4843
89.2788
89.1689
80.207
80.1095
72.111
72.0234
64.9097
64.8332
58.7997
58.7374
53.9379
53.8882
49.9155
49.8726
46.3327
46.2935
43.0164
42.9799
39.9106
39.8762
36.9811
36.9486
34.2136
34.1829
31.5935
31.5641
29.0996
29.0717
26.7231
26.6966
24.4746
24.4497
22.4119
22.3899
20.6634
20.6455
19.2283
19.213
17.9631
17.9492
16.7778
16.7646
15.6511
15.6385
14.5752
14.5632
13.5457
13.5342
12.561
12.55
11.6174
11.6069
10.713
10.7029
9.84643
9.83676
9.0296
9.02064
8.29635
8.28861
7.68604
7.67971
7.16547
7.15986
6.68805
6.68273
6.23405
6.22898
5.79878
5.79391
5.38051
5.37583
4.97857
4.97407
4.59142
4.5871
4.21802
4.21383
3.85823
3.85421
3.51592
3.51215
3.2091
3.20604
2.61152
2.60448
2.1152
2.11056
1.76592
1.7625
1.50152
1.49884
1.29291
-2.67756
-2.85196
-2.87151
-3.07873
-3.10233
-3.34695
-3.37374
-3.64154
-3.6702
-3.95123
-3.98115
-4.27414
-4.30527
-4.61042
-4.64308
-4.96127
-4.99511
-5.32746
-5.3628
-5.70949
-5.74642
-6.1087
-6.14718
-6.5275
-6.56848
-6.97785
-7.02284
-7.49183
-7.54535
-8.11576
-8.18051
-8.83598
-8.90729
-9.61033
-9.68524
-10.4205
-10.4984
-11.2658
-11.3472
-12.1479
-12.2332
-13.0702
-13.1594
-14.0347
-14.1284
-15.0439
-15.1414
-16.1003
-16.2028
-17.2206
-17.3317
-18.4565
-18.5829
-19.9281
-20.0835
-21.7093
-21.8908
-23.7043
-23.8994
-25.82
-26.0245
-28.0393
-28.2538
-30.3638
-30.5894
-32.8099
-33.0469
-35.3849
-35.635
-38.1027
-38.3666
-40.9801
-41.2601
-44.0463
-44.3471
-47.3988
-47.7358
-51.2914
-51.7028
-56.1429
-56.6555
-61.975
-62.5662
-68.5084
-69.1558
-75.6649
-76.3762
-83.5578
-84.3399
-92.3983
-93.2877
-102.444
-103.47
-114.096
-115.3
-128.013
-129.473
-145.143
-146.963
-167.176
-169.628
-197.755
-201.252
-243.723
-249.107
-311.033
-318.601
-400.082
-409.256
-485.107
-490.655
-502.945
-499.747
-425.61
-413.391
-248.348
-227.522
-18.1928
3.89234
213.028
233.802
398.167
410.959
484.468
487.41
474.615
469.186
394.548
385.894
307.405
300.353
242.606
237.676
198.065
194.722
167.18
164.755
144.323
142.489
126.58
125.099
112.163
110.937
100.07
99.0275
89.6788
88.7716
80.5614
79.7571
72.4293
71.7068
65.1886
64.5569
59.0269
58.5129
54.1186
53.7087
50.0711
49.7178
46.4754
46.1517
43.1493
42.8475
40.0355
39.7515
37.099
36.8311
34.3254
34.0714
31.6996
31.4579
29.2005
28.9711
26.8192
26.6007
24.5648
24.3599
22.4919
22.3102
20.7289
20.5808
19.2842
19.158
18.0135
17.8989
16.8256
16.717
15.6967
15.593
14.6188
14.5195
13.5875
13.4926
12.6009
12.5104
11.6557
11.5687
10.7498
10.6662
9.8815
9.80178
9.06213
8.98828
8.3245
8.26093
7.70907
7.65685
7.18596
7.13955
6.70733
6.66349
6.25248
6.2106
5.81646
5.77625
5.39752
5.35886
4.9949
4.95776
4.60716
4.57142
4.23322
4.19866
3.87285
3.83967
3.52959
3.49849
3.22036
3.19503
2.63735
2.57932
2.13216
2.09392
1.77843
1.75019
1.51129
1.48917
1.30074
-2.69719
-2.72285
-2.74899
-2.77578
-2.80261
-2.83014
-2.89394
-2.92412
-2.95495
-2.98665
-3.01925
-3.05257
-3.12941
-3.16551
-3.20239
-3.24002
-3.27801
-3.31674
-3.40439
-3.44467
-3.48533
-3.52621
-3.56758
-3.60929
-3.70271
-3.74506
-3.78787
-3.8309
-3.87414
-3.91771
-4.01501
-4.05937
-4.10385
-4.14881
-4.19389
-4.23924
-4.34052
-4.38688
-4.43316
-4.4798
-4.52674
-4.57386
-4.67968
-4.72779
-4.77618
-4.82491
-4.87404
-4.92331
-5.03342
-5.08361
-5.13426
-5.18511
-5.23623
-5.28769
-5.40287
-5.45506
-5.50783
-5.56106
-5.61431
-5.66808
-5.78818
-5.84304
-5.89807
-5.95356
-6.0094
-6.06535
-6.19079
-6.24825
-6.30581
-6.36406
-6.42268
-6.48172
-6.61496
-6.67603
-6.73768
-6.80001
-6.86347
-6.92773
-7.07425
-7.1423
-7.21215
-7.28361
-7.35694
-7.43234
-7.60749
-7.6903
-7.77546
-7.86273
-7.95213
-8.04378
-8.25413
-8.3517
-8.45094
-8.55174
-8.65349
-8.75629
-8.98784
-9.09399
-9.20107
-9.3088
-9.41711
-9.52593
-9.77006
-9.88115
-9.99287
-10.1054
-10.2186
-10.3326
-10.587
-10.703
-10.82
-10.937
-11.0551
-11.1742
-11.4396
-11.5607
-11.6825
-11.805
-11.9282
-12.0523
-12.3298
-12.4564
-12.5836
-12.7116
-12.8404
-12.97
-13.2603
-13.3929
-13.526
-13.6599
-13.7947
-13.9298
-14.2338
-14.3719
-14.511
-14.6511
-14.7921
-14.9344
-15.2517
-15.3967
-15.5424
-15.6889
-15.8362
-15.9851
-16.3191
-16.4715
-16.6254
-16.7813
-16.9382
-17.0969
-17.4573
-17.6228
-17.7911
-17.9628
-18.1375
-18.3166
-18.728
-18.9208
-19.1204
-19.3253
-19.5373
-19.7557
-20.2619
-20.4997
-20.7438
-20.9938
-21.2498
-21.5069
-22.0963
-22.3687
-22.6437
-22.9211
-23.2012
-23.4845
-24.1207
-24.4106
-24.702
-24.9962
-25.2922
-25.5904
-26.2566
-26.5611
-26.8677
-27.1753
-27.4856
-27.7977
-28.4965
-28.8154
-29.1372
-29.4597
-29.7846
-30.1119
-30.8461
-31.1809
-31.5178
-31.8572
-32.1993
-32.5438
-33.3158
-33.668
-34.0227
-34.3806
-34.741
-35.1045
-35.9186
-36.2904
-36.6641
-37.0418
-37.424
-37.8064
-38.6667
-39.0598
-39.4569
-39.8559
-40.2585
-40.666
-41.5779
-41.9954
-42.4173
-42.8428
-43.2741
-43.7093
-44.6914
-45.1446
-45.6037
-46.0687
-46.5407
-47.0222
-48.1235
-48.6381
-49.1636
-49.7055
-50.2632
-50.8382
-52.1757
-52.8155
-53.4742
-54.1551
-54.8561
-55.576
-57.246
-58.0293
-58.8285
-59.6443
-60.4753
-61.3181
-63.2367
-64.1194
-65.0179
-65.9311
-66.8528
-67.7848
-69.8929
-70.8636
-71.8452
-72.8398
-73.8485
-74.8708
-77.1871
-78.2536
-79.3341
-80.433
-81.5391
-82.6697
-85.2408
-86.4339
-87.647
-88.8755
-90.1292
-91.4044
-94.3043
-95.6476
-97.0174
-98.4206
-99.8552
-101.308
-104.644
-106.198
-107.786
-109.4
-111.063
-112.767
-116.684
-118.563
-120.454
-122.392
-124.373
-126.41
-131.135
-133.376
-135.727
-138.105
-140.558
-143.143
-149.09
-151.958
-154.901
-157.987
-161.206
-164.524
-172.482
-176.323
-180.359
-184.678
-189.156
-193.902
-205.401
-211.207
-217.378
-223.794
-230.663
-237.933
-255.483
-264.172
-273.212
-282.587
-292.551
-302.872
-327.496
-339.28
-351.572
-364.428
-377.09
-389.931
-419.161
-432.313
-445.329
-457.223
-468.505
-478.484
-495.891
-501.142
-504.866
-506.617
-507.014
-505.495
-494.951
-487.612
-478.22
-466.766
-453.691
-438.55
-398.122
-376.069
-352.87
-327.635
-300.215
-271.354
-203.962
-172.572
-140.507
-108.353
-75.8508
-43.2177
29.0013
61.6727
93.9867
126.188
158.286
189.285
256.819
285.765
312.816
337.826
361.282
382.997
423.914
438.814
452.415
463.367
472.348
480.055
489.811
491.509
491.21
489.227
485.23
479.908
462.631
452.634
441.355
429.49
416.908
404.31
375.892
363.151
350.628
338.463
326.833
315.749
292.406
282.7
273.46
264.574
256.231
248.4
232.355
225.593
219.212
213.224
207.425
202.011
191.054
186.477
182.056
177.821
173.825
170.004
162.098
158.731
155.439
152.334
149.381
146.467
140.448
137.863
135.37
132.923
130.575
128.291
123.46
121.385
119.36
117.389
115.458
113.57
109.576
107.821
106.124
104.468
102.848
101.264
97.8663
96.382
94.9204
93.4868
92.0909
90.7158
87.7593
86.4522
85.1751
83.9293
82.6873
81.4725
78.8588
77.7035
76.566
75.4455
74.3406
73.2535
70.8997
69.8681
68.8534
67.8546
66.8741
65.9139
63.8543
62.9578
62.0889
61.2414
60.4195
59.6213
57.9466
57.2311
56.5386
55.8666
55.2161
54.5882
53.2495
52.6714
52.1077
51.5547
51.0127
50.4765
49.3227
48.813
48.312
47.8175
47.3275
46.844
45.7891
45.3206
44.8569
44.3986
43.9442
43.4926
42.5089
42.0717
41.6364
41.2057
40.7806
40.3578
39.4322
39.0193
38.6097
38.2047
37.8029
37.4037
36.5302
36.1411
35.7548
35.3716
34.9911
34.6137
33.7864
33.4184
33.0531
32.6904
32.3303
31.9728
31.1874
30.8381
30.4912
30.1461
29.8029
29.4607
28.7148
28.3801
28.0484
27.7189
27.392
27.0671
26.3552
26.0379
25.7245
25.4117
25.1023
24.7974
24.1306
23.8344
23.5437
23.2571
22.976
22.6995
22.108
21.8522
21.6026
21.3611
21.1267
20.8993
20.4166
20.2093
20.007
19.8102
19.6152
19.426
19.0186
18.8394
18.6621
18.4868
18.3142
18.1435
17.7698
17.6028
17.4378
17.2738
17.1108
16.9489
16.5952
16.4368
16.2793
16.1233
15.9683
15.8147
15.4764
15.3259
15.1757
15.0266
14.8786
14.7312
14.4074
14.2631
14.1202
13.9773
13.8357
13.6951
13.3858
13.2477
13.1103
12.9739
12.8385
12.7037
12.4078
12.2752
12.1441
12.0133
11.8835
11.7543
11.471
11.3442
11.2181
11.0927
10.9683
10.8444
10.572
10.4505
10.3297
10.2096
10.0903
9.97172
9.71213
9.59655
9.48273
9.36947
9.25718
9.14614
8.90573
8.80003
8.69607
8.59439
8.49443
8.3973
8.19092
8.10199
8.01549
7.9311
7.84914
7.76894
7.59869
7.52407
7.4512
7.37957
7.30855
7.23886
7.08748
7.02033
6.95362
6.8875
6.82201
6.75696
6.6142
6.55055
6.48721
6.42431
6.3619
6.29982
6.1635
6.10254
6.04203
5.98183
5.92203
5.86221
5.7311
5.6728
5.61452
5.55639
5.49857
5.44127
5.31544
5.25898
5.20293
5.14727
5.09192
5.03699
4.91591
4.86176
4.80799
4.75437
4.70085
4.6477
4.53113
4.47888
4.42681
4.375
4.32355
4.27234
4.15972
4.10943
4.05927
4.00939
3.95986
3.91047
3.8023
3.75403
3.70607
3.65866
3.61157
3.56492
3.46373
3.41899
3.37517
3.3323
3.29088
3.2504
3.16637
3.12989
3.01851
2.90752
2.80283
2.70619
2.51718
2.44075
2.3689
2.30144
2.23739
2.17679
2.05213
1.99986
1.95016
1.90212
1.85587
1.8113
1.71931
1.68073
1.64297
1.60627
1.57096
1.53675
1.46473
1.43377
1.40411
1.37565
1.3481
1.32113
