-2.37915
-2.71759
-3.13218
-3.65605
-4.25101
-4.90087
-5.61026
-6.39179
-7.29553
-8.45872
-9.88237
-11.4671
-13.2014
-15.106
-17.2374
-19.8316
-23.2301
-27.232
-31.6754
-36.6086
-42.162
-48.7126
-57.4219
-69.0673
-83.404
-101.358
-125.406
-161.067
-223.427
-339.389
-462.691
-365.513
-7.11882
350.96
448.311
328.355
218.38
157.992
122.22
97.869
79.6635
65.4187
54.8946
47.2088
40.855
35.2847
30.3052
25.833
21.998
19.0567
16.6763
14.5609
12.6365
10.8774
9.28802
7.966
6.93785
6.05346
5.24803
4.50559
3.82134
3.21811
2.14313
1.54102
1.16053
-2.3801
-2.71649
-2.71869
-3.13076
-3.1336
-3.65435
-3.65775
-4.24914
-4.25288
-4.89883
-4.90291
-5.60803
-5.61249
-6.38931
-6.39428
-7.2925
-7.29857
-8.45476
-8.46268
-9.87782
-9.88692
-11.4621
-11.4721
-13.196
-13.2069
-15.1
-15.112
-17.2305
-17.2443
-19.8227
-19.8406
-23.2189
-23.2414
-27.2193
-27.2447
-31.6614
-31.6895
-36.5929
-36.6243
-42.1441
-42.1799
-48.6905
-48.7348
-57.3911
-57.4526
-69.0284
-69.1063
-83.3562
-83.4518
-101.297
-101.42
-125.321
-125.492
-160.931
-161.202
-223.171
-223.684
-338.959
-339.821
-462.538
-462.843
-366.275
-364.748
-8.34687
-5.89058
350.201
351.718
448.452
448.167
328.772
327.938
218.624
218.137
158.127
157.858
122.306
122.133
97.9313
97.8067
79.7118
79.6153
65.4561
65.3813
54.9211
54.8682
47.2295
47.1882
40.8728
40.8372
35.3005
35.2689
30.3194
30.291
25.8456
25.8203
22.0082
21.9878
19.0644
19.0489
16.683
16.6696
14.567
14.5548
12.642
12.6309
10.8825
10.8724
9.29248
9.28357
7.96947
7.96254
6.94067
6.93504
6.05599
6.05093
5.25036
5.24571
4.50773
4.50344
3.8233
3.81938
3.21976
3.21647
2.1455
2.14077
1.54243
1.53962
1.16146
-2.3892
-2.70606
-2.72917
-3.11732
-3.14715
-3.63824
-3.67394
-4.23139
-4.27069
-4.87948
-4.92233
-5.58686
-5.63373
-6.36571
-6.41797
-7.26381
-7.32753
-8.4173
-8.50041
-9.83469
-9.93019
-11.4148
-11.5195
-13.1442
-13.2588
-15.0429
-15.1693
-17.1652
-17.3102
-19.7381
-19.9262
-23.1118
-23.349
-27.0987
-27.3654
-31.5281
-31.8232
-36.4442
-36.7735
-41.9748
-42.3502
-48.4812
-48.946
-57.1006
-57.7464
-68.6595
-69.4777
-82.9042
-83.9068
-100.716
-102.007
-124.512
-126.311
-159.654
-162.507
-220.759
-226.154
-334.88
-343.954
-460.978
-464.157
-373.376
-357.392
-20.0047
5.74769
342.865
358.796
449.614
446.71
332.748
324.001
220.962
215.849
159.417
156.591
123.134
121.316
98.5265
97.2178
80.1721
79.1592
65.8131
65.0281
55.1733
54.6182
47.4263
46.9926
41.0423
40.6685
35.4509
35.119
30.4545
30.1563
25.9661
25.7004
22.1056
21.8914
19.1384
18.9755
16.7467
16.6061
14.6246
14.4974
12.6946
12.5785
10.9306
10.8244
9.33492
9.24137
8.00258
7.92978
6.96748
6.90834
6.08008
6.02694
5.27246
5.22366
4.52815
4.48308
3.84196
3.8008
3.23542
3.20091
2.16825
2.11866
1.55584
1.52639
1.17034
-2.42125
-2.4691
-2.5178
-2.56744
-2.61814
-2.67004
-2.76638
-2.82276
-2.88118
-2.94193
-3.00514
-3.07107
-3.19535
-3.26852
-3.34396
-3.42154
-3.50105
-3.58225
-3.73102
-3.81628
-3.9028
-3.99056
-4.07949
-4.16959
-4.33337
-4.42672
-4.52121
-4.61695
-4.71393
-4.81212
-4.99065
-5.09243
-5.19553
-5.30002
-5.40589
-5.51321
-5.70853
-5.8201
-5.93331
-6.04828
-6.16505
-6.28382
-6.50154
-6.62716
-6.75577
-6.88794
-7.02425
-7.16516
-7.43068
-7.58824
-7.75257
-7.92405
-8.10264
-8.28797
-8.63411
-8.83552
-9.04171
-9.25223
-9.46664
-9.68475
-10.0826
-10.3099
-10.5403
-10.7739
-11.0106
-11.2504
-11.6865
-11.9353
-12.1873
-12.4428
-12.7017
-12.9641
-13.4417
-13.7142
-13.9908
-14.2712
-14.5556
-14.8444
-15.3714
-15.6731
-15.9803
-16.2932
-16.6125
-16.939
-17.5433
-17.896
-18.2611
-18.6399
-19.035
-19.4476
-20.2314
-20.6977
-21.183
-21.6863
-22.2061
-22.7411
-23.7291
-24.2987
-24.8792
-25.4698
-26.07
-26.6797
-27.7914
-28.4269
-29.0718
-29.726
-30.3901
-31.0646
-32.2945
-32.9982
-33.7131
-34.4393
-35.1774
-35.9277
-37.2998
-38.0869
-38.8885
-39.7052
-40.538
-41.3877
-42.9524
-43.8587
-44.7886
-45.7469
-46.7359
-47.7615
-49.6995
-50.8556
-52.0694
-53.3463
-54.6902
-56.1028
-58.7954
-60.3944
-62.0552
-63.775
-65.5525
-67.3848
-70.7943
-72.7825
-74.8288
-76.9346
-79.106
-81.345
-85.5227
-87.9732
-90.5121
-93.1446
-95.8786
-98.7208
-104.098
-107.3
-110.65
-114.162
-117.857
-121.751
-129.252
-133.81
-138.652
-143.832
-149.381
-155.345
-167.222
-174.703
-182.867
-191.849
-201.746
-212.672
-235.171
-249.594
-265.338
-282.495
-301.048
-320.84
-358.69
-380.478
-402.058
-422.31
-440.097
-454.061
-466.982
-466.144
-458.77
-444.858
-424.179
-396.275
-329.664
-283.646
-232.504
-177.626
-119.901
-60.59
46.4328
105.618
163.315
218.359
269.248
315.11
381.573
409.242
429.936
443.864
451.468
452.376
439.965
426.239
408.721
389.106
368.099
346.812
310.56
291.715
274.212
258.031
243.128
229.497
208.148
197.685
188.15
179.42
171.437
164.099
152.302
146.338
140.783
135.582
130.698
126.103
118.521
114.585
110.849
107.287
103.891
100.649
95.1947
92.3096
89.5368
86.8666
84.2931
81.8092
77.5846
75.3303
73.1533
71.0532
69.0303
67.0863
63.8171
62.1023
60.4731
58.9275
57.464
56.0749
53.7625
52.5481
51.3827
50.2604
49.175
48.1233
46.3158
45.339
44.3847
43.451
42.5367
41.6404
40.0832
39.2335
38.399
37.5793
36.7733
35.981
34.5984
33.8416
33.0967
32.3635
31.6415
30.9307
29.6882
29.0072
28.3369
27.6774
27.0287
26.3916
25.2848
24.6841
24.0991
23.5311
22.9816
22.4526
21.5605
21.0909
20.6417
20.2119
19.7986
19.4007
18.7215
18.3558
17.9987
17.6496
17.3073
16.9715
16.3855
16.0646
15.7487
15.4372
15.1301
14.8275
14.2975
14.0063
13.719
13.4356
13.1559
12.8799
12.396
12.1299
11.8673
11.6081
11.3523
11.0999
10.6577
10.4151
10.1763
9.94143
9.71089
9.48515
9.09554
8.88593
8.68341
8.48812
8.30045
8.12046
7.81709
7.65628
7.50092
7.35063
7.20459
7.06224
6.81577
6.68133
6.5492
6.41912
6.29105
6.16478
5.94352
5.82187
5.70175
5.58314
5.46597
5.35022
5.14694
5.03499
4.92434
4.81499
4.7069
4.59998
4.41218
4.30875
4.20654
4.1056
4.00597
3.90776
3.7363
3.64275
3.55123
3.46197
3.37523
3.29109
3.12011
2.89966
2.70539
2.53572
2.38579
2.25196
2.04387
1.94151
1.84701
1.75961
1.67877
1.60402
1.48126
1.41852
1.36062
1.30544
1.25266
1.2024
