-2.45229
-2.69614
-2.97764
-3.32378
-3.72225
-4.15267
-4.61079
-5.09656
-5.61412
-6.16647
-6.76541
-7.4525
-8.30272
-9.30629
-10.3996
-11.5658
-12.8075
-14.1337
-15.5496
-17.0847
-18.8347
-21.0055
-23.6267
-26.5191
-29.6301
-32.966
-36.5628
-40.4611
-44.742
-49.6851
-55.9379
-63.8333
-73.0515
-83.6079
-95.9423
-110.782
-129.501
-154.54
-191.198
-250.523
-340.564
-432.05
-427.777
-272.745
-7.06233
257.97
413.83
416.996
327.785
243.216
187.56
151.445
126.4
107.477
92.368
79.8421
69.1985
60.3859
53.5923
48.1719
43.4523
39.1739
35.243
31.6089
28.229
25.0989
22.3143
20.05
18.1997
16.5467
15.0153
13.5824
12.2382
10.9746
9.79193
8.71956
7.82488
7.09119
6.43644
5.8279
5.25317
4.71091
4.19693
3.71177
3.27025
2.50891
1.9137
1.52015
1.23726
1.01945
-2.45328
-2.69508
-2.6972
-2.97635
-2.97894
-3.32222
-3.32533
-3.72051
-3.72398
-4.15082
-4.15452
-4.60882
-4.61276
-5.09447
-5.09865
-5.6119
-5.61635
-6.16409
-6.16885
-6.76278
-6.76804
-7.44933
-7.45566
-8.29881
-8.30664
-9.30189
-9.31068
-10.3949
-10.4043
-11.5608
-11.5708
-12.8022
-12.8129
-14.1281
-14.1393
-15.5435
-15.5558
-17.078
-17.0915
-18.8267
-18.8427
-20.9955
-21.0156
-23.6151
-23.6383
-26.5066
-26.5315
-29.6167
-29.6435
-32.9516
-32.9804
-36.5472
-36.5784
-40.4443
-40.4778
-44.7231
-44.7609
-49.6623
-49.7079
-55.9083
-55.9676
-63.7974
-63.8692
-73.0105
-73.0926
-83.5607
-83.6551
-95.8865
-95.9982
-110.713
-110.851
-129.412
-129.589
-154.416
-154.665
-190.988
-191.402
-250.208
-250.838
-340.134
-340.993
-431.788
-432.311
-428.159
-427.392
-273.672
-271.814
-8.24263
-5.88183
257.02
258.918
413.51
414.148
417.246
416.746
328.193
327.377
243.502
242.93
187.742
187.377
151.565
151.326
126.491
126.31
107.549
107.405
92.4249
92.3111
79.8901
79.7941
69.2392
69.1579
60.4183
60.3536
53.6174
53.5672
48.1928
48.1511
43.4709
43.4337
39.191
39.1569
35.2587
35.2273
31.6233
31.5944
28.2428
28.2153
25.1113
25.0864
22.3249
22.3037
20.0583
20.0416
18.2069
18.1925
16.5533
16.5401
15.0214
15.0091
13.5881
13.5767
12.2437
12.2327
10.9797
10.9695
9.79667
9.78718
8.7237
8.71541
7.82822
7.82154
7.09404
7.08834
6.43906
6.43383
5.83036
5.82544
5.2555
5.25085
4.71312
4.70871
4.19902
4.19485
3.71373
3.70982
3.27195
3.26856
2.51208
2.50575
1.91568
1.91173
1.52153
1.51877
1.23828
1.23623
1.02026
-2.46112
-2.68663
-2.70574
-2.96603
-2.98938
-3.30969
-3.33777
-3.70671
-3.73789
-4.13602
-4.16935
-4.59307
-4.62845
-5.07779
-5.11537
-5.59412
-5.63416
-6.14509
-6.18793
-6.74176
-6.78914
-7.42414
-7.48109
-8.26759
-8.33807
-9.26675
-9.34595
-10.3574
-10.4419
-11.5208
-11.6109
-12.7595
-12.8557
-14.0827
-14.1843
-15.4947
-15.6049
-17.0241
-17.1455
-18.763
-18.9071
-20.915
-21.0965
-23.5218
-23.7291
-26.407
-26.6316
-29.5098
-29.7506
-32.8365
-33.0958
-36.4224
-36.7038
-40.3102
-40.612
-44.5723
-44.9126
-49.4816
-49.8921
-55.6727
-56.2056
-63.5111
-64.1571
-72.6833
-73.4217
-83.1818
-84.0339
-95.4418
-96.4475
-110.164
-111.405
-128.706
-130.294
-153.438
-155.665
-189.367
-192.926
-247.737
-253.373
-336.702
-344.437
-429.655
-434.363
-431.095
-424.209
-281.038
-264.23
-17.6784
3.56917
249.394
266.424
410.856
416.594
419.21
414.709
331.471
324.125
245.812
240.661
189.22
185.928
152.569
150.413
127.207
125.592
108.117
106.833
92.8775
91.8579
80.2748
79.4116
69.5675
68.8337
60.6789
60.096
53.8168
53.3677
48.3598
47.9851
43.6201
43.2852
39.3276
39.0208
35.3848
35.1017
31.7401
31.479
28.3532
28.1067
25.2112
24.987
22.4098
22.2194
20.1255
19.975
18.2645
18.1351
16.6063
16.4872
15.0708
14.9598
13.6342
13.5312
12.2878
12.1891
11.0206
10.9288
9.83467
9.74931
8.75701
8.68238
7.85491
7.79496
7.1169
7.06526
6.46003
6.41291
5.84987
5.8056
5.27412
5.23226
4.73074
4.69131
4.2157
4.17821
3.72939
3.69423
3.28556
3.25488
2.53765
2.48069
1.93161
1.89606
1.53261
1.50781
1.24654
1.22807
1.02675
-2.48481
-2.51906
-2.55353
-2.58847
-2.62403
-2.66023
-2.73238
-2.77091
-2.8101
-2.85066
-2.89198
-2.93482
-3.02184
-3.06868
-3.11732
-3.16732
-3.21857
-3.27119
-3.37654
-3.4324
-3.48917
-3.54692
-3.60521
-3.66431
-3.7808
-3.8416
-3.90331
-3.96536
-4.02784
-4.09087
-4.21502
-4.27985
-4.34544
-4.41121
-4.47786
-4.54477
-4.67662
-4.74528
-4.8147
-4.88488
-4.95547
-5.0268
-5.16695
-5.24005
-5.31441
-5.38888
-5.46418
-5.54003
-5.68907
-5.76713
-5.84599
-5.92608
-6.00579
-6.08697
-6.24691
-6.33074
-6.41562
-6.5017
-6.58892
-6.67802
-6.85547
-6.94813
-7.04462
-7.14264
-7.24388
-7.34807
-7.56031
-7.67497
-7.79403
-7.91657
-8.04305
-8.17336
-8.43566
-8.57533
-8.71875
-8.86295
-9.01049
-9.16026
-9.45477
-9.60886
-9.76481
-9.92299
-10.0823
-10.2429
-10.558
-10.7228
-10.8897
-11.0586
-11.2273
-11.3991
-11.7347
-11.91
-12.0872
-12.2661
-12.4467
-12.6292
-12.9875
-13.1746
-13.3637
-13.5556
-13.748
-13.9428
-14.3248
-14.5246
-14.7269
-14.9314
-15.1379
-15.3461
-15.756
-15.9708
-16.189
-16.4097
-16.6336
-16.8605
-17.3122
-17.5514
-17.7966
-18.0468
-18.3046
-18.5698
-19.1079
-19.3995
-19.7015
-20.0143
-20.337
-20.6715
-21.3479
-21.7129
-22.081
-22.4598
-22.8453
-23.238
-24.0148
-24.4231
-24.8355
-25.2535
-25.6742
-26.1027
-26.9404
-27.3791
-27.8229
-28.2714
-28.7262
-29.1813
-30.0809
-30.5536
-31.028
-31.5079
-31.9933
-32.4844
-33.4518
-33.9583
-34.4703
-34.988
-35.5128
-36.0432
-37.0904
-37.6347
-38.1888
-38.7497
-39.3184
-39.8942
-41.0304
-41.6285
-42.2347
-42.8516
-43.4769
-44.1132
-45.3822
-46.0589
-46.7522
-47.4576
-48.1841
-48.9366
-50.465
-51.2957
-52.1601
-53.058
-53.9911
-54.9617
-56.9486
-58.0218
-59.132
-60.2721
-61.4441
-62.6436
-65.0483
-66.3258
-67.6297
-68.9577
-70.3103
-71.6898
-74.4408
-75.9023
-77.391
-78.9084
-80.4572
-82.0288
-85.1999
-86.9017
-88.6369
-90.4139
-92.2273
-94.0923
-97.8461
-99.8654
-101.941
-104.071
-106.272
-108.534
-113.128
-115.61
-118.241
-120.922
-123.71
-126.591
-132.493
-135.824
-139.235
-142.829
-146.579
-150.524
-158.789
-163.367
-168.277
-173.469
-179.023
-184.987
-197.787
-205.093
-213.017
-221.511
-230.676
-240.424
-261.251
-273.042
-285.501
-298.478
-311.709
-326.384
-355.015
-369.078
-384.119
-397.866
-411.044
-421.836
-438.594
-444.468
-447.696
-447.612
-444.485
-437.807
-415.743
-399.04
-380.353
-357.545
-331.364
-303.202
-239.621
-203.645
-165.692
-126.825
-86.8881
-46.4719
32.2466
72.6914
112.185
151.505
189.506
225.499
288.544
316.32
343.418
366.263
385.611
401.555
423.105
429.392
432.591
432.731
429.875
424.01
407.263
396.286
383.528
369.971
355.871
341.64
314.281
300.848
287.993
275.724
264.185
252.713
233.877
224.828
216.281
208.331
200.607
193.885
181.627
175.761
170.319
165.208
160.402
155.806
147.553
143.59
139.853
136.251
132.806
129.472
123.479
120.561
117.737
115.024
112.392
109.863
105.139
102.841
100.616
98.453
96.3516
94.2929
90.4857
88.5897
86.732
84.9396
83.1742
81.4665
78.25
76.6478
75.0777
73.5466
72.0471
70.5836
67.8509
66.4964
65.1833
63.9111
62.6806
61.4939
59.3196
58.2618
57.2478
56.2743
55.337
54.4344
52.7692
51.95
51.1544
50.378
49.6192
48.8812
47.4799
46.7782
46.0902
45.4104
44.7417
44.0819
42.8326
42.1983
41.5745
40.9579
40.3496
39.7495
38.6058
38.025
37.4518
36.886
36.3268
35.7737
34.7188
34.1864
33.6562
33.1318
32.6139
32.1006
31.1217
30.6252
30.1334
29.6477
29.1656
28.6892
27.7755
27.3132
26.8563
26.405
25.9592
25.5213
24.6849
24.2641
23.8531
23.4501
23.0575
22.6749
21.9646
21.6157
21.2796
20.9535
20.6393
20.336
19.7756
19.4938
19.2226
18.9574
18.6981
18.4445
17.9601
17.7156
17.4745
17.2374
17.0032
16.7702
16.3258
16.1005
15.8784
15.6588
15.4393
15.2239
14.8099
14.5985
14.3917
14.1841
13.98
13.7769
13.389
13.1918
12.9965
12.8036
12.611
12.4212
12.0565
11.871
11.6877
11.5057
11.3258
11.147
10.8042
10.63
10.458
10.2872
10.1185
9.95164
9.63381
9.47328
9.31578
9.16042
9.0086
8.86029
8.58243
8.44536
8.31226
8.18365
8.0587
7.93816
7.71424
7.60417
7.49619
7.39103
7.28778
7.18705
6.99589
6.89948
6.80426
6.70981
6.61669
6.52479
6.34895
6.25949
6.17103
6.0832
5.99663
5.91029
5.74507
5.6611
5.57747
5.49471
5.41267
5.33143
5.17554
5.09612
5.01747
4.9393
4.86177
4.78495
4.63751
4.56214
4.48755
4.41347
4.33998
4.26707
4.12727
4.05609
3.98538
3.91548
3.84608
3.77763
3.64678
3.58088
3.51556
3.45167
3.38888
3.328
3.21472
3.15817
3.02849
2.87989
2.74378
2.61905
2.40662
2.30949
2.21937
2.13478
2.05575
1.98173
1.84922
1.78644
1.72752
1.67183
1.61818
1.56724
1.47487
1.43052
1.38867
1.3487
1.30993
1.27239
1.20354
1.17027
1.13818
1.10702
1.0765
1.04704
