-2.179
-2.34871
-2.5281
-2.72144
-2.93783
-3.18839
-3.47367
-3.78437
-4.11384
-4.45983
-4.82271
-5.20348
-5.60357
-6.02526
-6.47312
-6.95899
-7.50781
-8.14831
-8.88035
-9.67914
-10.5273
-11.4198
-12.3577
-13.3438
-14.3824
-15.4801
-16.6504
-17.9271
-19.3811
-21.0899
-23.0501
-25.1943
-27.4803
-29.8979
-32.4551
-35.166
-38.0505
-41.1388
-44.4866
-48.2186
-52.5767
-57.8242
-63.9986
-70.9845
-78.7806
-87.5297
-97.5041
-109.11
-122.965
-140.018
-161.955
-191.801
-234.682
-295.696
-373.678
-446.807
-463.837
-390.872
-225.129
-7.11882
210.989
376.198
449.107
432.749
361.442
286.676
229.034
188.104
158.871
136.953
119.748
105.726
93.9581
83.843
75.0033
67.2711
60.6763
55.2401
50.7077
46.747
43.1551
39.8345
36.7366
33.8301
31.0929
28.5103
26.0807
23.8333
21.836
20.1327
18.663
17.3368
16.102
14.9367
13.8314
12.7807
11.781
10.8295
9.92837
9.09011
8.34098
7.69595
7.13227
6.61835
6.13604
5.67804
5.24107
4.82331
4.42334
4.04089
3.67831
3.34357
2.83044
2.23963
1.84099
1.54594
1.31679
1.1312
0.977187
0.851808
-2.1799
-2.34776
-2.34966
-2.52709
-2.52911
-2.72034
-2.72254
-2.93657
-2.93909
-3.18693
-3.18985
-3.47204
-3.4753
-3.78263
-3.78611
-4.112
-4.11567
-4.45791
-4.46176
-4.82069
-4.82473
-5.20136
-5.2056
-5.60134
-5.6058
-6.02291
-6.02762
-6.47061
-6.47564
-6.95621
-6.96178
-7.50459
-7.51102
-8.14457
-8.15205
-8.87617
-8.88453
-9.67466
-9.68363
-10.5226
-10.532
-11.4148
-11.4248
-12.3524
-12.3629
-13.3383
-13.3493
-14.3766
-14.3882
-15.474
-15.4863
-16.6438
-16.657
-17.9198
-17.9345
-19.3725
-19.3896
-21.0799
-21.1
-23.0389
-23.0613
-25.1823
-25.2064
-27.4675
-27.4931
-29.8844
-29.9114
-32.4408
-32.4694
-35.1508
-35.1812
-38.0343
-38.0667
-41.1214
-41.1562
-44.4675
-44.5057
-48.1968
-48.2404
-52.5507
-52.6026
-57.7931
-57.8554
-63.9627
-64.0345
-70.9444
-71.0246
-78.7358
-78.8254
-87.4792
-87.5802
-97.4458
-97.5623
-109.041
-109.178
-122.882
-123.047
-139.914
-140.122
-161.818
-162.093
-191.609
-191.993
-234.403
-234.961
-295.31
-296.083
-373.233
-374.123
-446.512
-447.1
-463.975
-463.696
-391.539
-390.202
-226.23
-224.025
-8.34687
-5.89058
209.89
212.086
375.534
376.862
448.956
449.256
433.025
432.471
361.878
361.006
287.039
286.313
229.298
228.77
188.29
187.918
159.007
158.735
137.058
136.849
119.832
119.664
105.795
105.656
94.0172
93.8991
83.8943
83.7918
75.0483
74.9583
67.3102
67.2322
60.709
60.6437
55.2669
55.2134
50.7305
50.6849
46.7674
46.7266
43.1738
43.1363
39.8519
39.8171
36.753
36.7204
33.8454
33.8148
31.1074
31.0785
28.5239
28.4966
26.0935
26.068
23.8449
23.8217
21.8461
21.826
20.1412
20.1242
18.6705
18.6555
17.3437
17.3298
16.1085
16.0955
14.9428
14.9305
13.8373
13.8256
12.7863
12.7752
11.7863
11.7757
10.8345
10.8244
9.93312
9.92363
9.09445
9.08577
8.34477
8.3372
7.6992
7.69269
7.13517
7.12936
6.62105
6.61565
6.13859
6.13349
5.68047
5.67561
5.24339
5.23875
4.82553
4.82109
4.42546
4.42121
4.04292
4.03886
3.68021
3.6764
3.3453
3.34185
2.83449
2.8264
2.24222
2.23706
1.84284
1.83914
1.54735
1.54453
1.3179
1.31568
1.13213
1.13026
0.977944
0.976431
0.852427
-2.18643
-2.34091
-2.35653
-2.5198
-2.53642
-2.71237
-2.73056
-2.92746
-2.94826
-3.17637
-3.20049
-3.46026
-3.48713
-3.77
-3.79877
-4.09871
-4.12898
-4.44398
-4.47573
-4.80607
-4.83939
-5.186
-5.22099
-5.5852
-5.62199
-6.00584
-6.04473
-6.45239
-6.49395
-6.93611
-6.982
-7.4814
-7.53443
-8.11751
-8.17931
-8.84593
-8.91491
-9.64218
-9.71618
-10.4883
-10.5664
-11.3789
-11.4609
-12.3146
-12.4008
-13.2985
-13.3892
-14.3347
-14.4303
-15.4295
-15.5308
-16.596
-16.705
-17.8668
-17.9878
-19.3108
-19.4519
-21.0075
-21.1729
-22.9578
-23.1428
-25.095
-25.294
-27.375
-27.5859
-29.7866
-30.0095
-32.3372
-32.5732
-35.0409
-35.2915
-37.9171
-38.1843
-40.9954
-41.2827
-44.3296
-44.6445
-48.0402
-48.399
-52.3635
-52.7915
-57.5683
-58.0822
-63.7037
-64.2951
-70.6545
-71.3161
-78.4117
-79.151
-87.1138
-87.9478
-97.0252
-97.9855
-108.546
-109.677
-122.284
-123.65
-139.164
-140.882
-160.829
-163.098
-190.229
-193.399
-232.396
-237.004
-292.527
-298.898
-370.002
-377.354
-444.319
-449.167
-464.902
-462.607
-396.275
-385.273
-234.13
-215.996
-17.245
3.00593
201.867
219.986
370.642
381.573
447.8
450.234
435.052
430.408
365.04
357.851
289.687
283.701
231.23
226.869
189.648
186.583
160.001
157.757
137.82
136.097
120.443
119.059
106.3
105.156
94.4468
93.4726
84.2673
83.4212
75.3756
74.6332
67.5941
66.9505
60.9467
60.4084
55.4616
55.0204
50.8964
50.5201
46.9157
46.5791
43.3098
43.0008
39.9783
39.6911
36.8713
36.6024
33.9566
33.7039
31.2123
30.9739
28.6228
28.398
26.1861
25.9756
23.9292
23.7378
21.9193
21.7533
20.2033
20.0625
18.7253
18.6011
17.394
17.2796
16.1558
16.0483
14.9876
14.8859
13.8798
13.7832
12.8268
12.7348
11.8248
11.7373
10.8711
10.788
9.96758
9.88929
9.126
9.05439
8.3723
8.30984
7.72286
7.66918
7.15627
7.10835
6.64064
6.59613
6.15711
6.11502
5.6981
5.65801
5.26024
5.22192
4.84167
4.805
4.4409
4.40581
4.05765
4.02417
3.69405
3.66263
3.35784
3.3294
2.86417
2.79742
2.26111
2.21851
1.85634
1.82584
1.55762
1.53438
1.32599
1.30765
1.13894
1.12352
0.983454
0.970976
0.856929
-2.20397
-2.22734
-2.25091
-2.27466
-2.2986
-2.32264
-2.37494
-2.39962
-2.42454
-2.44957
-2.47487
-2.5004
-2.55605
-2.58243
-2.60911
-2.63616
-2.66351
-2.69119
-2.75214
-2.78132
-2.81092
-2.84113
-2.87192
-2.90342
-2.97303
-3.00659
-3.04093
-3.07609
-3.11184
-3.14837
-3.22924
-3.26791
-3.30726
-3.34724
-3.38789
-3.42901
-3.51888
-3.56154
-3.60472
-3.64815
-3.69207
-3.73637
-3.83269
-3.87813
-3.92391
-3.97004
-4.01657
-4.06325
-4.16469
-4.21256
-4.26056
-4.30899
-4.35774
-4.40691
-4.51316
-4.56325
-4.6137
-4.6646
-4.71562
-4.76708
-4.87877
-4.93123
-4.98416
-5.03743
-5.09108
-5.14518
-5.26222
-5.31741
-5.3731
-5.429
-5.48536
-5.54215
-5.66536
-5.72346
-5.782
-5.84099
-5.90056
-5.96038
-6.09058
-6.15221
-6.21412
-6.27673
-6.33999
-6.40387
-6.54313
-6.60929
-6.67626
-6.74423
-6.81289
-6.88274
-7.03671
-7.11024
-7.18525
-7.26186
-7.34011
-7.42
-7.59761
-7.68326
-7.77093
-7.8606
-7.95218
-8.04576
-8.25283
-8.35222
-8.45318
-8.5558
-8.65992
-8.76549
-8.99652
-9.10616
-9.21694
-9.32879
-9.44172
-9.55567
-9.80345
-9.92038
-10.0382
-10.157
-10.2766
-10.3973
-10.6584
-10.7816
-10.9056
-11.0305
-11.1563
-11.2829
-11.5575
-11.687
-11.8173
-11.9486
-12.0807
-12.2138
-12.5024
-12.6385
-12.7755
-12.9135
-13.0525
-13.1924
-13.4962
-13.6396
-13.7835
-13.9289
-14.0753
-14.2228
-14.543
-14.6942
-14.8465
-15
-15.1548
-15.311
-15.6505
-15.811
-15.973
-16.1366
-16.3019
-16.4689
-16.8339
-17.0073
-17.1834
-17.3613
-17.5423
-17.7261
-18.1317
-18.3265
-18.525
-18.728
-18.9359
-19.1477
-19.6199
-19.8482
-20.082
-20.3213
-20.5659
-20.8158
-21.3696
-21.6353
-21.9055
-22.1808
-22.4592
-22.7422
-23.3615
-23.6556
-23.9527
-24.253
-24.5562
-24.863
-25.5294
-25.8435
-26.1609
-26.4809
-26.8034
-27.1288
-27.8349
-28.168
-28.5037
-28.842
-29.183
-29.5265
-30.2725
-30.6246
-30.9798
-31.3376
-31.6982
-32.0617
-32.8519
-33.225
-33.6011
-33.9803
-34.3628
-34.7484
-35.5875
-35.9837
-36.3837
-36.7873
-37.1945
-37.6054
-38.5001
-38.9236
-39.3512
-39.7831
-40.2195
-40.6605
-41.6228
-42.0794
-42.5416
-43.0096
-43.4839
-43.9641
-45.0182
-45.5219
-46.0337
-46.5541
-47.0847
-47.6259
-48.8263
-49.405
-49.9979
-50.6061
-51.2299
-51.8702
-53.3029
-53.9997
-54.7148
-55.4492
-56.2026
-56.9752
-58.6956
-59.5256
-60.3736
-61.2386
-62.12
-63.0176
-64.9978
-65.945
-66.9073
-67.8849
-68.8777
-69.8857
-72.1013
-73.159
-74.2324
-75.3228
-76.4292
-77.5536
-80.0286
-81.2119
-82.4139
-83.6366
-84.8807
-86.146
-88.9402
-90.2817
-91.6491
-93.0421
-94.4638
-95.9141
-99.1284
-100.678
-102.263
-103.883
-105.541
-107.241
-111.027
-112.861
-114.742
-116.679
-118.664
-120.707
-125.289
-127.52
-129.832
-132.21
-134.665
-137.202
-142.949
-145.783
-148.723
-151.778
-154.952
-158.251
-165.831
-169.606
-173.574
-177.725
-182.065
-186.635
-197.263
-202.623
-208.262
-214.237
-220.539
-227.176
-242.632
-250.402
-258.532
-267.07
-275.992
-285.274
-306.523
-316.939
-327.706
-338.69
-349.981
-361.413
-386.01
-397.354
-408.35
-418.952
-428.964
-438.169
-454.15
-459.687
-463.848
-466.432
-467.313
-466.72
-459.018
-452.598
-444.361
-434.252
-422.196
-408.064
-371.439
-351.566
-329.773
-306.227
-281.269
-254.774
-194.283
-164.711
-134.425
-103.515
-72.2767
-40.9794
26.695
58.175
89.2735
120.092
150.373
180.075
240.62
266.918
291.753
315.22
336.999
356.861
393.355
407.353
419.266
429.441
437.629
444.111
452.016
452.715
451.842
449.326
445.498
440.053
424.328
415.248
405.515
395.238
384.481
373.45
349.437
338.481
327.678
317.111
306.855
296.918
276.856
268.094
259.671
251.581
243.893
236.529
221.927
215.64
209.642
203.949
198.527
193.367
183.1
178.634
174.388
170.333
166.453
162.717
155.198
151.91
148.731
145.682
142.741
139.896
134.119
131.561
129.085
126.686
124.358
122.101
117.467
115.402
113.393
111.437
109.528
107.669
103.832
102.111
100.431
98.7867
97.1793
95.6081
92.3457
90.875
89.4327
88.0196
86.6329
85.2736
82.4406
81.1588
79.8991
78.6638
77.4502
76.2586
73.7729
72.648
71.5443
70.462
69.4011
68.3617
66.2064
65.2368
64.2905
63.3673
62.4669
61.5906
59.7885
58.9851
58.205
57.4458
56.7073
55.9888
54.5104
53.8482
53.2015
52.5694
51.9509
51.3448
50.0837
49.512
48.9496
48.3966
47.8518
47.3148
46.1874
45.6726
45.1645
44.6623
44.1662
43.6755
42.6407
42.1664
41.697
41.2326
40.7728
40.3177
39.3561
38.9146
38.4771
38.0439
37.6146
37.189
36.2886
35.8749
35.4648
35.058
34.6549
34.2552
33.4088
33.0194
32.6334
32.2504
31.8705
31.4938
30.6955
30.3283
29.9639
29.6025
29.244
28.8884
28.1355
27.7893
27.4461
27.1059
26.7689
26.4351
25.7304
25.4073
25.0883
24.7733
24.4626
24.1569
23.5157
23.2242
22.9388
22.6591
22.3851
22.1169
21.5615
21.312
21.0689
20.8305
20.5979
20.3707
19.8992
19.6864
19.4776
19.2726
19.071
18.8726
18.4563
18.2668
18.0788
17.8936
17.7104
17.529
17.1461
16.9704
16.7962
16.6238
16.4523
16.2823
15.9227
15.7573
15.593
15.43
15.2681
15.1075
14.7669
14.61
14.4542
14.2996
14.1461
13.9936
13.6702
13.5211
13.3731
13.226
13.0804
12.9351
12.6273
12.4855
12.3447
12.2048
12.0658
11.9278
11.6349
11.4999
11.3658
11.2326
11.1004
10.9691
10.6907
10.5625
10.4352
10.3091
10.184
10.06
9.79809
9.67763
9.55877
9.4413
9.3253
9.21085
8.97108
8.86222
8.75538
8.6504
8.5475
8.44668
8.23748
8.14336
8.05126
7.96115
7.87296
7.78663
7.60693
7.52548
7.44542
7.3668
7.28939
7.21298
7.05249
6.97907
6.90652
6.83477
6.76359
6.69329
6.54412
6.47557
6.40767
6.34008
6.27317
6.2067
6.06575
6.00076
5.93628
5.87222
5.80867
5.74533
5.61108
5.54929
5.48763
5.42648
5.36573
5.30536
5.17708
5.11792
5.05911
5.00075
4.94254
4.88482
4.76221
4.70547
4.64915
4.59314
4.53751
4.48233
4.36476
4.31053
4.25674
4.20312
4.14994
4.09711
3.98511
3.93338
3.88214
3.83135
3.78113
3.73119
3.62597
3.57789
3.53025
3.48333
3.4371
3.39158
3.29634
3.25303
3.21048
3.16866
3.06211
2.94622
2.72275
2.62947
2.54257
2.46098
2.38463
2.31294
2.17031
2.10974
2.05189
1.99645
1.94371
1.89306
1.79113
1.74662
1.70386
1.66277
1.62359
1.58547
1.50765
1.47319
1.43992
1.40795
1.37753
1.34786
1.28642
1.25884
1.23191
1.20579
1.18064
1.15647
1.10572
1.08297
1.06094
1.03954
1.01869
0.998407
0.956587
0.937959
0.91987
0.902352
0.885328
0.869031
