-2.03339
-2.31961
-2.62648
-2.99202
-3.50137
-4.07666
-4.69434
-5.3598
-6.07694
-6.85457
-7.84305
-9.19807
-10.6972
-12.3108
-14.057
-15.9426
-18.0215
-20.844
-24.5693
-28.6564
-33.0995
-37.9794
-43.3607
-49.6178
-58.8435
-70.9509
-85.2535
-102.926
-126.298
-160.444
-222.399
-356.142
-524.576
-420.892
-7.03551
406.738
508.194
341.606
218.376
158.356
123.448
99.5604
81.4748
66.8231
55.7068
48.3541
42.2198
36.726
31.7594
27.2175
23.069
19.8563
17.536
15.451
13.5199
11.7365
10.0788
8.56643
7.43581
6.55772
5.74918
4.99431
4.28918
3.62691
2.96253
1.96862
1.45101
1.11213
0.867745
0.682249
-2.03425
-2.31872
-2.32051
-2.62548
-2.62748
-2.99066
-2.99337
-3.49963
-3.50309
-4.07482
-4.07851
-4.69235
-4.69633
-5.35766
-5.36194
-6.07467
-6.07922
-6.852
-6.85714
-7.83933
-7.84677
-9.19356
-9.20258
-10.6924
-10.702
-12.3055
-12.316
-14.0513
-14.0626
-15.9365
-15.9487
-18.0144
-18.0286
-20.8334
-20.8546
-24.5571
-24.5815
-28.6432
-28.6695
-33.085
-33.114
-37.9639
-37.995
-43.3432
-43.3784
-49.5954
-49.6402
-58.8093
-58.8777
-70.9105
-70.9914
-85.2051
-85.3019
-102.864
-102.988
-126.212
-126.384
-160.311
-160.577
-222.118
-222.681
-355.587
-356.698
-524.367
-524.782
-421.83
-419.952
-8.45036
-5.62039
405.787
407.683
508.416
507.969
342.137
341.08
218.645
218.108
158.491
158.22
123.537
123.359
99.6237
99.4972
81.5244
81.4252
66.864
66.7823
55.7338
55.6799
48.3741
48.3341
42.2377
42.2019
36.7419
36.7101
31.7741
31.7448
27.2309
27.204
23.0809
23.0572
19.8642
19.8483
17.5427
17.5293
15.4573
15.4448
13.5256
13.5142
11.7419
11.7312
10.0837
10.0738
8.57068
8.56218
7.43873
7.4329
6.5603
6.55514
5.75162
5.74675
4.99655
4.99208
4.29133
4.28705
3.62888
3.62495
2.96776
2.95735
1.97066
1.96658
1.45228
1.44974
1.11301
1.11125
0.868373
0.867117
0.682764
-2.0422
-2.3103
-2.32891
-2.61628
-2.63682
-2.97826
-3.00599
-3.48359
-3.51896
-4.05789
-4.09558
-4.67404
-4.7147
-5.33789
-5.38175
-6.05352
-6.10018
-6.82832
-6.88126
-7.80502
-7.88133
-9.15194
-9.24425
-10.6483
-10.7464
-12.2573
-12.3643
-13.9996
-14.1145
-15.8804
-16.0055
-17.9495
-18.0952
-20.7348
-20.9532
-24.4447
-24.6943
-28.5235
-28.7909
-32.9519
-33.2486
-37.8198
-38.1407
-43.1815
-43.5423
-49.3903
-49.8495
-58.4941
-59.1948
-70.5371
-71.3668
-84.7575
-85.7532
-102.295
-103.559
-125.427
-127.18
-159.097
-161.813
-219.548
-225.32
-350.554
-361.887
-522.067
-526.546
-429.999
-411.374
-21.533
7.46591
397.348
416.065
510.291
505.547
347.093
336.27
221.144
215.757
159.743
156.978
124.353
122.553
100.211
98.9147
81.9859
80.9648
67.2436
66.407
55.9849
55.4318
48.5598
48.1492
42.4061
42.0365
36.8905
36.5623
31.9097
31.6097
27.3555
27.0807
23.1913
22.9486
19.9371
19.7752
17.6046
17.4676
15.5157
15.3873
13.5786
13.4619
11.7916
11.6818
10.1296
10.0284
8.61022
8.52325
7.46528
7.40594
6.58423
6.53132
5.7742
5.72441
5.0174
4.97147
4.31094
4.26734
3.6471
3.60689
3.01792
2.91219
1.98976
1.94791
1.46413
1.43805
1.12119
1.10316
0.874198
0.861326
0.687546
-2.07006
-2.11136
-2.15302
-2.19523
-2.23787
-2.28075
-2.35873
-2.40279
-2.44754
-2.49259
-2.53816
-2.58449
-2.66926
-2.71849
-2.76877
-2.8216
-2.87713
-2.93603
-3.05145
-3.12129
-3.19481
-3.2709
-3.34876
-3.42856
-3.57444
-3.65752
-3.74152
-3.82629
-3.91222
-3.99858
-4.15582
-4.2446
-4.33452
-4.42563
-4.51753
-4.6104
-4.77873
-4.87468
-4.97165
-5.06954
-5.16877
-5.26901
-5.45129
-5.55456
-5.65887
-5.76493
-5.87154
-5.97916
-6.17486
-6.28632
-6.399
-6.51293
-6.62882
-6.74719
-6.96554
-7.09476
-7.22882
-7.37196
-7.52451
-7.68745
-8.00542
-8.19517
-8.39226
-8.59419
-8.79923
-9.00857
-9.38903
-9.60555
-9.8237
-10.045
-10.2687
-10.4936
-10.9037
-11.1351
-11.3703
-11.6085
-11.8485
-12.0912
-12.5324
-12.7843
-13.0383
-13.2951
-13.5561
-13.8194
-14.2977
-14.5683
-14.8428
-15.1219
-15.4019
-15.6856
-16.2024
-16.4971
-16.795
-17.0977
-17.4087
-17.7288
-18.3284
-18.6899
-19.0739
-19.4871
-19.9298
-20.4006
-21.3009
-21.8296
-22.373
-22.925
-23.4854
-24.0554
-25.0892
-25.6786
-26.2718
-26.8742
-27.485
-28.099
-29.2201
-29.8575
-30.5048
-31.1579
-31.8188
-32.4926
-33.7153
-34.4172
-35.1231
-35.8432
-36.5718
-37.3105
-38.6585
-39.4248
-40.2054
-41.0001
-41.8004
-42.6194
-44.1137
-44.9796
-45.8574
-46.764
-47.7079
-48.6965
-50.6027
-51.7773
-53.048
-54.4195
-55.8743
-57.4107
-60.3157
-62.015
-63.7633
-65.5472
-67.3751
-69.2454
-72.6953
-74.689
-76.7352
-78.8365
-80.9948
-83.2149
-87.3522
-89.7719
-92.2686
-94.8628
-97.5503
-100.338
-105.608
-108.733
-111.996
-115.417
-118.995
-122.766
-130.005
-134.395
-139.04
-144.001
-149.298
-154.957
-166.341
-173.488
-181.398
-190.184
-200.006
-211.15
-234.981
-250.833
-268.41
-288.082
-309.751
-333.409
-380.829
-409.536
-438.343
-467.751
-492.841
-512.384
-529.852
-530.564
-523.622
-507.837
-486.14
-455.848
-380.201
-325.92
-265.01
-201.018
-134.514
-67.1033
53.0777
120.002
186.516
250.461
311.27
365.825
441.327
471.937
493.225
507.798
514.88
513.372
495.922
475.292
450.563
422.349
392.911
365.211
319.836
298.004
278.026
260.187
244.364
230.011
208.032
197.42
187.954
179.382
171.462
164.295
152.734
146.992
141.581
136.499
131.751
127.263
119.844
115.987
112.321
108.83
105.489
102.3
96.9153
94.0646
91.3204
88.6639
86.105
83.6267
79.3817
77.1018
74.8835
72.7253
70.6293
68.5939
65.1121
63.2728
61.5141
59.8616
58.3197
56.8895
54.5924
53.4197
52.3123
51.2474
50.217
49.2224
47.5007
46.5659
45.6463
44.7456
43.8605
42.9872
41.4662
40.628
39.8081
39.0001
38.2014
37.4175
36.043
35.2924
34.5505
33.818
33.0988
32.387
31.1407
30.4532
29.776
29.1097
28.4471
27.794
26.6473
26.0171
25.3933
24.7773
24.1752
23.5859
22.5709
22.0364
21.5299
21.0567
20.615
20.2028
19.5222
19.1646
18.8197
18.4805
18.1489
17.8242
17.2519
16.9384
16.6271
16.3201
16.0177
15.7162
15.1884
14.8973
14.6105
14.3252
14.0431
13.7662
13.2769
13.0095
12.7427
12.4803
12.2207
11.9637
11.5117
11.2618
11.0154
10.7717
10.5291
10.2905
9.86894
9.63827
9.40895
9.18393
8.96473
8.75178
8.39012
8.20241
8.02682
7.86255
7.70752
7.56113
7.31272
7.17955
7.04949
6.92035
6.7939
6.66885
6.44868
6.32677
6.20629
6.08738
5.96967
5.85249
5.64675
5.53318
5.42129
5.3096
5.19962
5.09102
4.89886
4.79316
4.68823
4.58429
4.48134
4.37925
4.19946
4.09993
4.00148
3.90359
3.80699
3.71149
3.54379
3.45287
3.36419
3.27957
3.20095
3.13331
2.76684
2.58449
2.42908
2.29175
2.16963
2.05928
1.88537
1.79793
1.71697
1.64246
1.57239
1.5066
1.39824
1.34359
1.29151
1.24157
1.19484
1.15034
1.0754
1.03607
0.998273
0.961992
0.927649
0.895148
0.841298
0.812432
0.78432
0.756936
0.730335
0.704539
