-2.87001
-3.06078
-3.28135
-3.52349
-3.77841
-4.0427
-4.31615
-4.59913
-4.8925
-5.19636
-5.51144
-5.83825
-6.17703
-6.5306
-6.90612
-7.3209
-7.80634
-8.37165
-8.99286
-9.64776
-10.3274
-11.0314
-11.7615
-12.5187
-13.3047
-14.1212
-14.9692
-15.8494
-16.771
-17.7538
-18.8477
-20.1383
-21.6467
-23.3079
-25.0619
-26.8883
-28.7873
-30.7645
-32.8279
-34.982
-37.2376
-39.5995
-42.0799
-44.7124
-47.5661
-50.8111
-54.7137
-59.3524
-64.558
-70.2163
-76.3215
-82.9487
-90.2403
-98.3248
-107.431
-117.857
-129.973
-144.52
-162.438
-185.648
-217.807
-263.396
-324.65
-400.772
-475.268
-506.895
-474.397
-371.533
-202.547
-7.15485
187.839
356.617
459.704
491.597
459.439
386.564
313.097
255.524
213.614
183.019
159.985
141.86
127.101
114.742
104.106
94.8219
86.5651
79.1411
72.3743
66.2337
60.8195
56.2972
52.5573
49.299
46.3131
43.5134
40.8659
38.3483
35.9515
33.6628
31.4761
29.3785
27.3634
25.4325
23.6081
21.9479
20.5299
19.3279
18.2499
17.2378
16.2689
15.3392
14.4429
13.5803
12.7489
11.9471
11.1735
10.4263
9.70686
9.02512
8.40185
7.86555
7.40511
6.98771
6.59272
6.21377
5.84775
5.49359
5.15105
4.81985
4.49846
4.18664
3.88446
3.59401
3.32303
3.01104
2.44717
2.06518
1.77626
1.54807
-2.87121
-3.05939
-3.06218
-3.27976
-3.28294
-3.52179
-3.52519
-3.77664
-3.78018
-4.04087
-4.04453
-4.31426
-4.31804
-4.59717
-4.60109
-4.89047
-4.89453
-5.19426
-5.19847
-5.50925
-5.51365
-5.83598
-5.84053
-6.17469
-6.17938
-6.52812
-6.53308
-6.90346
-6.90878
-7.31788
-7.32392
-7.80275
-7.80993
-8.36757
-8.37572
-8.98849
-8.99722
-9.64322
-9.6523
-10.3227
-10.3321
-11.0265
-11.0363
-11.7564
-11.7665
-12.5135
-12.524
-13.2992
-13.3101
-14.1155
-14.127
-14.9633
-14.9751
-15.8433
-15.8555
-16.7645
-16.7774
-17.7468
-17.7608
-18.8398
-18.8557
-20.1287
-20.1479
-21.6358
-21.6575
-23.2962
-23.3195
-25.0498
-25.0741
-26.8757
-26.901
-28.7741
-28.8005
-30.7507
-30.7784
-32.8135
-32.8422
-34.967
-34.997
-37.222
-37.2533
-39.5829
-39.6158
-42.0626
-42.0973
-44.6938
-44.731
-47.5456
-47.5866
-50.7872
-50.8352
-54.6846
-54.7429
-59.3187
-59.3862
-64.521
-64.5951
-70.1765
-70.2562
-76.278
-76.3653
-82.9011
-82.9965
-90.188
-90.2927
-98.2659
-98.3837
-107.366
-107.497
-117.78
-117.935
-129.885
-130.061
-144.412
-144.628
-162.302
-162.574
-185.467
-185.83
-217.543
-218.07
-263.032
-263.761
-324.169
-325.132
-400.22
-401.325
-474.866
-475.668
-506.872
-506.916
-474.849
-473.942
-372.467
-370.596
-203.805
-201.276
-8.49265
-5.81633
186.567
189.125
355.648
357.582
459.262
460.142
491.607
491.584
459.841
459.036
387.099
386.028
313.554
312.641
255.856
255.193
213.855
213.374
183.203
182.834
160.123
159.847
141.971
141.75
127.192
127.01
114.821
114.663
104.173
104.039
94.8825
94.7614
86.6183
86.5119
79.1893
79.093
72.4183
72.3304
66.2732
66.1942
60.8533
60.7856
56.3251
56.2694
52.5804
52.5342
49.3201
49.2779
46.3327
46.2935
43.532
43.4949
40.8834
40.8484
38.365
38.3316
35.9674
35.9355
33.678
33.6476
31.4906
31.4615
29.3925
29.3645
27.3769
27.35
25.4453
25.4197
23.62
23.5962
21.9585
21.9374
20.5387
20.521
19.3354
19.3203
18.2569
18.243
17.2445
17.231
16.2754
16.2624
15.3454
15.333
14.449
14.4369
13.5861
13.5745
12.7544
12.7433
11.9525
11.9417
11.1787
11.1684
10.4313
10.4213
9.71165
9.70207
9.0296
9.02064
8.40581
8.39789
7.86891
7.86219
7.40802
7.40221
6.99047
6.98496
6.59534
6.59009
6.2163
6.21123
5.85022
5.84528
5.49596
5.49123
5.15334
5.14876
4.82207
4.81763
4.50061
4.49631
4.18873
4.18455
3.88648
3.88244
3.59593
3.59208
3.32476
3.3213
3.01571
3.00639
2.45024
2.44411
2.06741
2.06296
1.778
1.77453
1.54947
-2.87931
-3.05001
-3.07166
-3.26906
-3.29368
-3.51035
-3.53668
-3.76472
-3.79211
-4.02853
-4.05689
-4.30149
-4.33083
-4.58394
-4.61435
-4.87677
-4.90825
-5.18006
-5.21269
-5.49453
-5.52858
-5.82065
-5.85592
-6.15887
-6.19527
-6.51146
-6.54985
-6.88554
-6.92666
-7.29754
-7.34442
-7.77866
-7.83426
-8.34013
-8.4033
-8.95907
-9.02672
-9.6126
-9.68297
-10.2909
-10.3639
-10.9936
-11.0693
-11.7223
-11.8007
-12.4781
-12.5594
-13.2625
-13.3469
-14.077
-14.1653
-14.9235
-15.0146
-15.8021
-15.8969
-16.7209
-16.821
-17.6999
-17.808
-18.7862
-18.9099
-20.0645
-20.2126
-21.5626
-21.7311
-23.2175
-23.3984
-24.9676
-25.1564
-26.7902
-26.9865
-28.6853
-28.8901
-30.658
-30.8722
-32.7169
-32.9391
-34.8661
-35.0988
-37.1148
-37.3593
-39.4714
-39.7258
-41.9456
-42.2146
-44.5683
-44.856
-47.409
-47.7255
-50.6259
-50.9982
-54.4888
-54.9405
-59.0918
-59.6146
-64.2714
-64.8457
-69.9078
-70.526
-75.987
-76.6583
-82.5817
-83.3202
-89.8355
-90.6466
-97.8708
-98.7822
-106.922
-107.939
-117.256
-118.457
-129.292
-130.669
-143.688
-145.361
-161.392
-163.499
-184.255
-187.071
-215.781
-219.819
-260.589
-266.202
-320.952
-328.407
-396.511
-405.078
-472.091
-478.345
-506.733
-507.004
-477.84
-470.754
-378.724
-364.234
-212.266
-192.663
-17.5229
3.21809
178.016
197.764
349.118
363.986
456.193
463.007
491.59
491.412
462.487
456.249
390.687
382.409
316.596
309.608
258.121
252.969
215.496
211.765
184.457
181.638
161.064
158.921
142.705
141.008
127.814
126.399
115.351
114.135
104.629
103.587
95.2895
94.3592
86.9808
86.1541
79.515
78.7689
72.716
72.0343
66.5404
65.9287
61.0828
60.5578
56.514
56.0826
52.7393
52.3789
49.4628
49.1363
46.4655
46.1615
43.6575
43.3705
41.0019
40.7303
38.4776
38.2192
36.0752
35.8282
33.7807
33.5452
31.5898
31.3633
29.487
29.2703
27.4676
27.2594
25.5318
25.3335
23.7009
23.5157
22.0298
21.8668
20.5986
20.4617
19.3866
19.2688
18.3047
18.1956
17.2899
17.1857
16.3192
16.219
15.3874
15.2911
14.4895
14.3963
13.6251
13.5357
12.7919
12.7059
11.9887
11.9056
11.2137
11.1335
10.465
10.3876
9.74404
9.66976
9.05988
8.9905
8.43268
8.37129
7.89165
7.83962
7.42785
7.38223
7.00903
6.96639
6.61314
6.57239
6.23342
6.19416
5.86689
5.82867
5.51196
5.47526
5.16881
5.13332
4.83706
4.80267
4.51516
4.48178
4.20284
4.17046
3.90014
3.86881
3.60896
3.57911
3.33648
3.3098
3.04761
2.97497
2.47124
2.42363
2.08257
2.04808
1.78979
1.76292
1.55903
-2.89866
-2.92343
-2.94877
-2.97458
-3.00101
-3.02807
-3.09433
-3.12319
-3.15268
-3.18268
-3.21319
-3.24424
-3.31923
-3.35162
-3.3841
-3.41697
-3.45009
-3.48347
-3.5639
-3.59818
-3.63253
-3.66707
-3.70175
-3.73663
-3.82038
-3.85586
-3.89151
-3.92724
-3.96319
-3.99943
-4.08613
-4.12278
-4.15975
-4.19677
-4.23416
-4.27141
-4.36124
-4.39918
-4.43738
-4.47565
-4.5143
-4.55277
-4.64593
-4.68511
-4.7247
-4.76438
-4.80427
-4.84449
-4.94074
-4.98146
-5.02249
-5.0636
-5.10492
-5.14661
-5.24653
-5.28876
-5.33131
-5.37398
-5.41671
-5.45984
-5.56346
-5.60725
-5.65123
-5.69542
-5.73992
-5.7847
-5.89204
-5.93755
-5.98326
-6.02911
-6.07521
-6.12163
-6.23297
-6.2802
-6.32786
-6.37576
-6.42389
-6.47244
-6.58953
-6.63946
-6.68987
-6.74049
-6.79175
-6.84335
-6.96959
-7.0238
-7.07899
-7.1347
-7.19189
-7.25
-7.39354
-7.4561
-7.52019
-7.58598
-7.65329
-7.72238
-7.89238
-7.96612
-8.04168
-8.11849
-8.19672
-8.27583
-8.46889
-8.55174
-8.63536
-8.71951
-8.80451
-8.89021
-9.09663
-9.18449
-9.27295
-9.36166
-9.45072
-9.54039
-9.75566
-9.84671
-9.93844
-10.0303
-10.1228
-10.2161
-10.4391
-10.5334
-10.6286
-10.7239
-10.82
-10.9161
-11.1477
-11.2454
-11.3438
-11.4426
-11.542
-11.642
-11.8816
-11.983
-12.0852
-12.1877
-12.2908
-12.3947
-12.6434
-12.7487
-12.8548
-12.9611
-13.0681
-13.1759
-13.4345
-13.5442
-13.6541
-13.7647
-13.8752
-13.9871
-14.2556
-14.369
-14.4834
-14.5981
-14.7135
-14.8297
-15.1085
-15.2264
-15.3457
-15.4647
-15.5846
-15.7053
-15.995
-16.1179
-16.2421
-16.3668
-16.4924
-16.6187
-16.9243
-17.054
-17.1857
-17.3197
-17.4539
-17.5899
-17.9208
-18.0633
-18.2088
-18.3564
-18.5067
-18.661
-19.0403
-19.2066
-19.3763
-19.5515
-19.7306
-19.9146
-20.3676
-20.5643
-20.7663
-20.9714
-21.1804
-21.3918
-21.9069
-22.1271
-22.3512
-22.5766
-22.8033
-23.0332
-23.5854
-23.8206
-24.0576
-24.2951
-24.5336
-24.774
-25.3516
-25.596
-25.8423
-26.0892
-26.338
-26.5888
-27.1891
-27.4439
-27.6999
-27.9574
-28.2166
-28.4758
-29.1018
-29.3664
-29.6325
-29.9005
-30.1692
-30.4395
-31.0923
-31.3681
-31.6458
-31.9251
-32.2063
-32.4892
-33.1689
-33.4571
-33.747
-34.0387
-34.3325
-34.628
-35.339
-35.6407
-35.944
-36.2496
-36.5556
-36.8649
-37.6098
-37.9255
-38.2431
-38.5632
-38.8853
-39.2091
-39.9898
-40.321
-40.6562
-40.9921
-41.3303
-41.6707
-42.4931
-42.8428
-43.1969
-43.5534
-43.9126
-44.2747
-45.1556
-45.5324
-45.9138
-46.2981
-46.6881
-47.0858
-48.0572
-48.4772
-48.9067
-49.344
-49.7904
-50.2495
-51.3893
-51.8898
-52.4012
-52.9317
-53.4742
-54.032
-55.4135
-56.0163
-56.6333
-57.2648
-57.9076
-58.5598
-60.1591
-60.8464
-61.5436
-62.2491
-62.9647
-63.6858
-65.4443
-66.1957
-66.9547
-67.7205
-68.4938
-69.2757
-71.1698
-71.9778
-72.795
-73.6217
-74.4583
-75.3032
-77.3549
-78.2314
-79.1175
-80.0167
-80.9185
-81.8366
-84.0755
-85.0343
-86.0071
-87.001
-87.9994
-89.0118
-91.4888
-92.5525
-93.6295
-94.7218
-95.8296
-96.9555
-99.7269
-100.916
-102.125
-103.357
-104.612
-105.886
-109.001
-110.356
-111.738
-113.144
-114.577
-116.043
-119.696
-121.267
-122.872
-124.504
-126.176
-127.886
-132.128
-133.993
-135.938
-137.89
-139.893
-141.975
-147.126
-149.418
-151.77
-154.172
-156.653
-159.267
-165.735
-168.62
-171.651
-174.77
-178.003
-181.395
-190.078
-194.003
-198.124
-202.39
-206.929
-211.739
-224.092
-229.727
-235.601
-241.73
-248.151
-254.93
-272.175
-279.869
-287.835
-296.169
-304.697
-313.541
-336.123
-346.053
-356.365
-366.954
-377.353
-387.873
-413.799
-424.417
-435.243
-445.905
-455.674
-465.119
-484.101
-490.771
-496.303
-500.624
-503.998
-506.04
-506.571
-504.603
-501.352
-496.722
-491.144
-484.295
-462.535
-451.496
-438.94
-425.103
-410.202
-393.375
-348.533
-327.635
-305.274
-281.854
-257.521
-232.556
-171.803
-145.479
-119.059
-92.5725
-65.7547
-38.9586
24.7332
51.5707
78.225
104.74
131.161
157.516
218.045
242.971
267.369
290.739
312.816
333.551
378.362
394.846
410.44
424.298
436.655
448.104
469.159
476.049
481.705
485.955
488.88
490.953
490.428
488.424
484.666
480.326
474.732
468.161
449.207
439.81
430.048
419.762
409.389
398.972
373.851
363.41
353.102
343.002
333.235
323.869
302.709
294.175
286.086
278.341
270.836
263.632
247.9
241.732
235.85
230.173
224.703
219.488
207.943
203.43
199.151
195.08
191.151
187.371
178.824
175.492
172.283
169.184
166.198
163.313
156.716
154.112
151.595
149.19
146.788
144.489
139.278
137.186
135.151
133.136
131.198
129.305
124.969
123.221
121.52
119.848
118.216
116.618
112.918
111.427
109.964
108.521
107.099
105.716
102.529
101.232
99.9566
98.7008
97.4654
96.2506
93.4236
92.2736
91.1441
90.0275
88.9289
87.8452
85.3145
84.2868
83.2624
82.2551
81.2632
80.2904
78.0078
77.0675
76.1406
75.2241
74.3179
73.4244
71.3391
70.4822
69.6405
68.8084
67.9875
67.1794
65.3062
64.5427
63.792
63.055
62.3375
61.6345
60.0267
59.3799
58.7517
58.1399
57.5453
56.9673
55.6472
55.1176
54.6031
54.1009
53.6045
53.1194
52.0067
51.5547
51.1089
50.6675
50.23
49.8023
48.8008
48.3892
47.9808
47.5769
47.1776
46.7812
45.8505
45.4651
45.0823
44.7037
44.3281
43.9551
43.0766
42.7132
42.352
41.9936
41.6364
41.2825
40.4519
40.1067
39.7637
39.4222
39.083
38.7457
37.9544
37.6257
37.2984
36.9736
36.6512
36.3306
35.5754
35.2615
34.9495
34.6396
34.3312
34.0248
33.3038
33.0043
32.7066
32.4104
32.1162
31.8235
31.1319
30.8452
30.5603
30.2763
29.9937
29.7123
29.048
28.7735
28.498
28.2248
27.9536
27.6829
27.0459
26.7811
26.5176
26.2556
25.9957
25.7384
25.1303
24.8789
24.6297
24.3822
24.1361
23.8932
23.3269
23.0943
22.8652
22.64
22.4185
22.2006
21.7022
21.4994
21.3035
21.112
20.9248
20.742
20.3233
20.1543
19.9894
19.8279
19.6665
19.5103
19.1471
18.9982
18.8512
18.705
18.5605
18.418
18.0835
17.9447
17.8068
17.6695
17.533
17.3978
17.0787
16.9456
16.8137
16.6829
16.5524
16.4229
16.1166
15.9893
15.8626
15.7365
15.6109
15.4863
15.1924
15.0694
14.9478
14.8265
14.7055
14.5854
14.3013
14.1832
14.0663
13.9492
13.8327
13.7173
13.4442
13.3302
13.2171
13.1044
12.9924
12.8809
12.6178
12.5082
12.3987
12.2899
12.1816
12.0746
11.8205
11.7144
11.6093
11.5046
11.4001
11.2967
11.0513
10.9491
10.8474
10.7462
10.6452
10.5449
10.3084
10.2096
10.1116
10.0141
9.91711
9.82083
9.59395
9.50022
9.40721
9.3147
9.22272
9.13185
8.91978
8.83238
8.7466
8.66213
8.57881
8.49687
8.30915
8.23299
8.15891
8.08652
8.01549
7.94608
7.78678
7.72216
7.65905
7.59699
7.53544
7.47541
7.33539
7.27756
7.22061
7.16421
7.10836
7.05308
6.92267
6.86855
6.81488
6.7615
6.70826
6.65539
6.53071
6.47889
6.42715
6.37589
6.32474
6.27395
6.15393
6.1038
6.05405
6.00463
5.95523
5.90613
5.78977
5.74132
5.69343
5.64549
5.59774
5.55003
5.43762
5.39071
5.34414
5.29775
5.25156
5.20547
5.09693
5.05161
5.00666
4.96181
4.91703
4.87258
4.76739
4.72341
4.67963
4.63613
4.59271
4.54965
4.44755
4.40485
4.36245
4.32027
4.27813
4.23626
4.1373
4.09605
4.05484
4.01391
3.97302
3.93249
3.83677
3.7969
3.75711
3.71766
3.67855
3.63988
3.54859
3.51092
3.47359
3.43675
3.4004
3.36461
3.28278
3.24949
3.21754
3.18709
3.15623
3.12497
2.90264
2.81641
2.73552
2.66022
2.58932
2.52221
2.37665
2.3206
2.26687
2.21571
2.16645
2.11915
2.01364
1.97192
1.93185
1.8928
1.85484
1.81823
1.73606
1.70368
1.67215
1.64128
1.61108
1.58192
