-2.0673
-2.41672
-2.81815
-3.33027
-3.96538
-4.68072
-5.47315
-6.3598
-7.40714
-8.77957
-10.4542
-12.3343
-14.4277
-16.7952
-19.6788
-23.5137
-28.1242
-33.3345
-39.2448
-46.1662
-55.1791
-67.71
-83.7207
-104.395
-133.484
-180.76
-270.539
-393.439
-342.275
-7.07172
327.735
379.655
261.919
176.885
130.233
100.909
80.0009
64.2155
52.962
44.7347
37.9128
31.9741
26.7378
22.2896
18.9161
16.227
13.8697
11.7555
9.86079
8.26049
7.03408
6.01413
5.1014
4.27117
3.52372
2.49771
1.66398
1.19338
0.885167
0.66671
-2.06817
-2.41575
-2.41769
-2.81698
-2.81932
-3.32874
-3.33181
-3.96359
-3.96717
-4.67873
-4.68271
-5.47095
-5.47536
-6.35731
-6.3623
-7.40403
-7.41026
-8.77548
-8.78366
-10.4495
-10.4589
-12.3291
-12.3395
-14.4218
-14.4335
-16.7884
-16.8019
-19.67
-19.6876
-23.5024
-23.525
-28.1112
-28.1371
-33.3199
-33.3491
-39.2281
-39.2615
-46.1459
-46.1864
-55.1511
-55.2072
-67.6725
-67.7476
-83.6735
-83.768
-104.332
-104.457
-133.39
-133.579
-180.595
-180.926
-270.225
-270.854
-393.217
-393.66
-342.827
-341.72
-8.12444
-6.01891
327.174
328.293
379.875
379.44
262.218
261.62
177.046
176.724
130.328
130.138
100.973
100.845
80.0486
79.9532
64.2509
64.18
52.9866
52.9374
44.7541
44.7154
37.9295
37.896
31.9888
31.9595
26.7507
26.7249
22.2999
22.2793
18.9238
18.9083
16.2336
16.2205
13.8756
13.8638
11.7608
11.7502
9.86547
9.85611
8.2642
8.25678
7.03696
7.0312
6.01668
6.01159
5.10369
5.0991
4.27326
4.26909
3.52555
3.52189
2.50082
2.49461
1.66555
1.66241
1.19436
1.1924
0.885807
0.884528
0.667223
-2.07694
-2.40602
-2.42745
-2.80532
-2.83108
-3.31344
-3.34726
-3.94571
-3.98511
-4.65888
-4.70264
-5.44897
-5.49747
-6.33239
-6.38734
-7.37305
-7.44161
-8.73469
-8.82471
-10.4025
-10.506
-12.2769
-12.3919
-14.3634
-14.4921
-16.7213
-16.8694
-19.5824
-19.7758
-23.3898
-23.6382
-27.982
-28.2668
-33.1743
-33.4954
-39.0614
-39.4288
-45.9444
-46.3893
-54.872
-55.4909
-67.298
-68.1246
-83.2017
-84.2423
-103.707
-105.087
-132.456
-134.53
-178.954
-182.6
-267.097
-274.027
-390.913
-395.83
-348.254
-336.029
-18.6465
4.51436
321.449
333.771
382.072
377.199
265.215
258.686
178.679
175.134
131.279
129.2
101.616
100.206
80.5274
79.4782
64.6082
63.8254
53.2339
52.6925
44.9487
44.5223
38.0974
37.7288
32.136
31.8132
26.8801
26.5961
22.4037
22.1769
19.0017
18.8309
16.2997
16.1546
13.9345
13.8051
11.8138
11.6973
9.9124
9.80941
8.30145
8.21987
7.0658
7.00245
6.04212
5.98619
5.12664
5.07619
4.29421
4.24821
3.5439
3.50364
2.53227
2.46399
1.68132
1.64684
1.20423
1.18267
0.892362
0.878154
0.672377
-2.11001
-2.16027
-2.21147
-2.26339
-2.31614
-2.36982
-2.46429
-2.5208
-2.57876
-2.6381
-2.69917
-2.76229
-2.87586
-2.94581
-3.01882
-3.09487
-3.17428
-3.257
-3.40587
-3.49632
-3.58893
-3.68376
-3.78063
-3.87926
-4.05274
-4.15593
-4.26088
-4.36727
-4.47533
-4.58519
-4.77757
-4.89183
-5.00799
-5.12586
-5.24554
-5.36711
-5.58057
-5.7079
-5.83724
-5.96882
-6.1029
-6.23996
-6.482
-6.62775
-6.77749
-6.93184
-7.09213
-7.25853
-7.56128
-7.74877
-7.94486
-8.14958
-8.36296
-8.58394
-8.98021
-9.219
-9.46387
-9.71372
-9.96833
-10.2278
-10.6834
-10.9543
-11.2299
-11.5099
-11.794
-12.0829
-12.5893
-12.8908
-13.1971
-13.5082
-13.8245
-14.1467
-14.7129
-15.0504
-15.3948
-15.7458
-16.1048
-16.4722
-17.1253
-17.5208
-17.9304
-18.3561
-18.7993
-19.2623
-20.1123
-20.6382
-21.1891
-21.762
-22.3568
-22.9721
-24.0676
-24.7263
-25.4005
-26.0875
-26.7878
-27.501
-28.7559
-29.5039
-30.2658
-31.0404
-31.8298
-32.6327
-34.0479
-34.8919
-35.7524
-36.631
-37.5263
-38.4433
-40.0619
-41.0347
-42.0324
-43.0582
-44.112
-45.1999
-47.163
-48.3709
-49.6352
-50.9667
-52.3649
-53.8451
-56.5779
-58.2875
-60.0764
-61.945
-63.8955
-65.9143
-69.5585
-71.7789
-74.0759
-76.4549
-78.9099
-81.4577
-86.0547
-88.8729
-91.8003
-94.8596
-98.0529
-101.404
-107.524
-111.345
-115.398
-119.687
-124.231
-129.063
-138.187
-144.057
-150.397
-157.308
-164.802
-173.004
-189.222
-200.002
-211.996
-225.223
-239.771
-255.737
-286.256
-305.363
-325.202
-344.835
-363.906
-381.083
-402.798
-408.73
-408.639
-401.863
-388.112
-366.718
-312.543
-271.149
-224.033
-171.7
-115.866
-57.7175
43.7591
101.865
157.61
209.767
257.074
298.093
352.08
373.521
387.552
394.317
394.42
388.744
367.506
350.91
332.465
313.544
294.788
276.647
247.999
232.976
219.267
206.747
195.373
185.08
169.376
161.315
153.975
147.145
140.825
134.945
125.805
120.915
116.34
112.022
107.925
104.063
97.866
94.4862
91.2565
88.1667
85.2032
82.3556
77.7273
75.1748
72.7248
70.374
68.129
65.9777
62.5282
60.6677
58.9062
57.2411
55.6736
54.1805
51.7927
50.4836
49.222
48.0076
46.8319
45.6893
43.8014
42.7393
41.7048
40.6913
39.6992
38.7295
37.1092
36.1923
35.2914
34.4086
33.5433
32.6925
31.2678
30.458
29.663
28.8842
28.1191
27.3691
26.1177
25.412
24.7263
24.062
23.4188
22.7999
21.7995
21.2513
20.73
20.2324
19.7542
19.2966
18.5458
18.1263
17.7184
17.3202
16.9304
16.5491
15.91
15.5471
15.1913
14.8404
14.4956
14.1568
13.5869
13.2622
12.9425
12.6282
12.3184
12.0134
11.5008
11.2085
10.9214
10.6393
10.3618
10.0899
9.63653
9.38147
9.13411
8.89495
8.66399
8.44306
8.08477
7.88847
7.69993
7.51901
7.34453
7.17529
6.89574
6.73801
6.58365
6.43238
6.28374
6.13755
5.89225
5.75231
5.61467
5.47893
5.34513
5.21313
4.99097
4.86392
4.73857
4.61513
4.49322
4.3731
4.17053
4.055
3.94145
3.82984
3.72031
3.61334
3.43643
3.33812
3.2436
3.10818
2.8673
2.65702
2.35557
2.20671
2.07331
1.95275
1.84288
1.74279
1.59004
1.50925
1.43501
1.36718
1.30306
1.24233
1.14726
1.09552
1.04679
1.00119
0.958167
0.917764
0.854578
0.819952
0.786355
0.753846
0.722394
0.691974
