-2.0969
-2.3633
-2.65096
-2.99117
-3.44033
-3.95531
-4.50868
-5.10211
-5.74026
-6.4279
-7.20099
-8.21514
-9.4783
-10.8568
-12.3384
-13.9349
-15.658
-17.5468
-19.87
-22.9951
-26.5661
-30.4355
-34.646
-39.2535
-44.3517
-50.3834
-58.7993
-69.6201
-82.3124
-97.626
-117.04
-143.554
-184.299
-261.219
-398.292
-506.822
-372.934
-7.15485
358.063
491.548
384.154
253.541
181.682
140.872
113.924
94.1089
78.4939
65.6449
55.8428
48.9218
43.154
37.9993
33.3221
29.0439
25.1074
21.6682
19.1112
17.0366
15.1442
13.391
11.763
10.2474
8.85936
7.7371
6.87708
6.10794
5.39106
4.72044
4.09004
3.50272
2.79209
1.95702
1.47695
1.15396
0.915441
-2.09777
-2.36237
-2.36423
-2.64993
-2.65199
-2.98984
-2.99251
-3.43866
-3.442
-3.95349
-3.95712
-4.50674
-4.51061
-5.10003
-5.1042
-5.73802
-5.7425
-6.42547
-6.43032
-7.1981
-7.20389
-8.21119
-8.21909
-9.47381
-9.48278
-10.852
-10.8616
-12.3332
-12.3436
-13.9292
-13.9405
-15.652
-15.6641
-17.54
-17.5536
-19.8607
-19.8793
-22.9835
-23.0067
-26.5535
-26.5787
-30.4218
-30.4492
-34.6312
-34.6609
-39.2371
-39.2698
-44.3334
-44.37
-50.3599
-50.407
-58.766
-58.8326
-69.5805
-69.6597
-82.2657
-82.3592
-97.5685
-97.6835
-116.962
-117.118
-143.448
-143.661
-184.123
-184.476
-260.859
-261.58
-397.743
-398.842
-506.795
-506.848
-373.865
-372
-8.49265
-5.81633
357.1
359.022
491.567
491.525
384.689
383.619
253.871
253.213
181.858
181.507
140.981
140.763
114
113.847
94.1677
94.0501
78.5417
78.4462
65.6839
65.6059
55.87
55.8155
48.9431
48.9005
43.1725
43.1354
38.0158
37.9827
33.3371
33.307
29.0578
29.03
25.1201
25.0947
21.6785
21.6579
19.1186
19.1037
17.0432
17.0299
15.1504
15.1381
13.3967
13.3852
11.7684
11.7577
10.2524
10.2425
8.86372
8.855
7.74032
7.73388
6.87979
6.87437
6.11045
6.10543
5.39341
5.38872
4.72264
4.71823
4.09211
4.08797
3.50461
3.50084
2.7962
2.78798
1.95904
1.955
1.47826
1.47563
1.15488
1.15303
0.916127
-2.10558
-2.35401
-2.37265
-2.64072
-2.66125
-2.97793
-3.00457
-3.42369
-3.45701
-3.93724
-3.97343
-4.48929
-4.528
-5.08133
-5.12297
-5.71787
-5.76268
-6.40366
-6.4522
-7.1722
-7.23004
-8.17557
-8.25473
-9.43347
-9.52322
-10.8086
-10.905
-12.2863
-12.3905
-13.8788
-13.991
-15.5976
-15.7186
-17.4787
-17.6153
-19.7777
-19.9632
-22.8795
-23.1101
-26.4403
-26.6923
-30.2992
-30.5723
-34.4974
-34.7951
-39.0903
-39.4178
-44.1691
-44.5359
-50.1495
-50.62
-58.4675
-59.1337
-69.2248
-70.0171
-81.8463
-82.7821
-97.0531
-98.2071
-116.282
-117.818
-142.482
-144.628
-182.497
-186.104
-257.637
-264.857
-392.835
-403.824
-506.596
-506.998
-382.208
-363.521
-20.5365
6.25216
348.397
367.461
491.599
491.178
389.503
378.769
256.858
250.345
183.481
179.915
141.971
139.78
114.703
113.161
94.7011
93.5233
78.9728
78.0178
66.0367
65.2563
56.1171
55.5722
49.131
48.7119
43.3384
42.9707
38.1652
37.8338
33.4732
33.1714
29.1831
28.9059
25.2346
24.9815
21.771
21.566
19.1862
19.0365
17.1034
16.9699
15.206
15.0827
13.4482
13.3339
11.8162
11.7099
10.297
10.198
8.9031
8.8158
7.76943
7.70509
6.90418
6.85005
6.13305
6.08288
5.41455
5.36764
4.74247
4.69843
4.11077
4.06937
3.52157
3.48396
2.83389
2.75152
1.97732
1.93693
1.49016
1.46388
1.16323
1.14476
0.922341
-2.13173
-2.16994
-2.2084
-2.24735
-2.2866
-2.32629
-2.40067
-2.44152
-2.48298
-2.52479
-2.56726
-2.6103
-2.69244
-2.73833
-2.78563
-2.83451
-2.88564
-2.93931
-3.04531
-3.10631
-3.17011
-3.23651
-3.30447
-3.3744
-3.50716
-3.58068
-3.65525
-3.7306
-3.80673
-3.88362
-4.02779
-4.10689
-4.1869
-4.26775
-4.3494
-4.43182
-4.58609
-4.6711
-4.75679
-4.84358
-4.93115
-5.0196
-5.18553
-5.27685
-5.36904
-5.46212
-5.55647
-5.65145
-5.82995
-5.92807
-6.02726
-6.12758
-6.22894
-6.3317
-6.52527
-6.63292
-6.74228
-6.85406
-6.96904
-7.08765
-7.31893
-7.4526
-7.59336
-7.74187
-7.89716
-8.05931
-8.37511
-8.55342
-8.73523
-8.92061
-9.10893
-9.30011
-9.65843
-9.85543
-10.0544
-10.2562
-10.4594
-10.6649
-11.0502
-11.2621
-11.4761
-11.6926
-11.9111
-12.132
-12.5468
-12.7747
-13.0051
-13.2386
-13.4746
-13.7129
-14.1602
-14.4056
-14.6543
-14.9064
-15.1606
-15.4179
-15.9006
-16.167
-16.4372
-16.7119
-16.9913
-17.2772
-17.8228
-18.1313
-18.452
-18.787
-19.1384
-19.5089
-20.2474
-20.6742
-21.1202
-21.5799
-22.0539
-22.5391
-23.4581
-23.9678
-24.4832
-25.0053
-25.5332
-26.0668
-27.07
-27.6221
-28.1816
-28.7456
-29.3181
-29.8965
-30.9839
-31.5824
-32.1892
-32.804
-33.4263
-34.0564
-35.2428
-35.8976
-36.5601
-37.235
-37.9156
-38.6068
-39.909
-40.6304
-41.3608
-42.1031
-42.8582
-43.629
-45.0921
-45.913
-46.7529
-47.6243
-48.5282
-49.4709
-51.3429
-52.4397
-53.6071
-54.8403
-56.1352
-57.4965
-60.1462
-61.6479
-63.1927
-64.7745
-66.3999
-68.0574
-71.2154
-72.9792
-74.7877
-76.6403
-78.5362
-80.4804
-84.2
-86.3031
-88.4699
-90.7034
-93.0035
-95.3707
-99.9716
-102.582
-105.299
-108.107
-111.037
-114.09
-120.136
-123.602
-127.228
-131.04
-135.11
-139.364
-147.927
-153.021
-158.461
-164.274
-170.572
-177.391
-191.749
-200.658
-210.605
-221.687
-233.917
-247.422
-276.135
-293.441
-312.123
-332.508
-354.242
-376.98
-419.93
-443.267
-464.377
-482.012
-495.67
-504.104
-505.418
-497.636
-484.342
-464.79
-439.632
-408.353
-333.331
-284.163
-230.81
-175.591
-118.453
-60.6517
46.4627
104.131
161.312
216.304
269.725
318.465
393.001
424.982
450.517
469.204
482.539
489.725
488.52
479.685
466.157
448.455
427.514
405.072
363.042
340.99
320.497
301.402
283.534
267.243
241.065
228.644
217.249
206.852
197.5
188.988
174.885
168.116
161.847
155.903
150.433
145.304
136.648
132.299
128.194
124.295
120.594
117.065
110.931
107.794
104.804
101.932
99.1689
96.5012
91.81
89.389
87.0398
84.7609
82.5549
80.4186
76.6145
74.63
72.6976
70.8155
68.9937
67.2248
64.1179
62.5296
61.0175
59.5821
58.2297
56.9566
54.7878
53.7024
52.6587
51.6629
50.6998
49.7623
48.0975
47.225
46.3687
45.5286
44.7029
43.8921
42.4281
41.652
40.8893
40.1376
39.3959
38.6636
37.3428
36.6411
35.9488
35.266
34.5922
33.9271
32.7245
32.0849
31.4518
30.8279
30.2117
29.6011
28.494
27.9044
27.3209
26.7451
26.1765
25.6167
24.6072
24.0736
23.5526
23.0455
22.5558
22.084
21.2714
20.8637
20.4757
20.1067
19.7552
19.4144
18.8159
18.5022
18.1963
17.8947
17.597
17.304
16.7722
16.4898
16.21
15.9335
15.6605
15.3911
14.9003
14.6384
14.3789
14.1234
13.87
13.6199
13.1642
12.9216
12.6816
12.4438
12.2082
11.9758
11.5524
11.3268
11.103
10.8816
10.6624
10.4455
10.0513
9.84159
9.63445
9.43151
9.23144
9.03564
8.68783
8.50829
8.33653
8.17256
8.0169
7.8684
7.61124
7.47931
7.35157
7.22687
7.1053
6.98592
6.7698
6.65485
6.54128
6.42896
6.31809
6.20832
6.0086
5.90195
5.79598
5.6915
5.5878
5.48496
5.29798
5.19809
5.09932
5.00146
4.90449
4.80843
4.63308
4.53948
4.44658
4.35438
4.26317
4.17275
4.00796
3.9199
3.83287
3.74658
3.66185
3.57834
3.42867
3.35096
3.27699
3.20704
3.14086
2.96618
2.63879
2.49258
2.36248
2.24521
2.13865
2.04066
1.87857
1.79907
1.72543
1.65686
1.59181
1.53054
1.42608
1.37468
1.32604
1.27916
1.23419
1.19143
1.11781
1.08012
1.04346
1.00843
0.975171
0.943421
