-2.23594
-2.50179
-2.79952
-3.15554
-3.58511
-4.06828
-4.59195
-5.15598
-5.76524
-6.43011
-7.18224
-8.09537
-9.20248
-10.4495
-11.8037
-13.2667
-14.8531
-16.5946
-18.5836
-21.0277
-24.0047
-27.3668
-31.0444
-35.0606
-39.4791
-44.4342
-50.2809
-57.7363
-67.1487
-78.3742
-91.7319
-108.158
-129.46
-159.27
-205.399
-279.823
-373.902
-404.171
-273.414
-7.07172
259.335
389.805
360.517
270.632
200.485
155.905
126.203
104.7
88.0975
74.6376
63.6847
55.1936
48.5988
43.054
38.1478
33.7125
29.6671
25.9845
22.7414
20.091
17.9291
16.0302
14.2976
12.6985
11.2183
9.85611
8.6486
7.65211
6.82367
6.08529
5.40449
4.77024
4.17765
3.62937
3.09773
2.17433
1.63912
1.28232
1.02244
0.829576
-2.23686
-2.50078
-2.50279
-2.79836
-2.80068
-3.15412
-3.15697
-3.58345
-3.58677
-4.06646
-4.0701
-4.58999
-4.59391
-5.15386
-5.1581
-5.76295
-5.76753
-6.42759
-6.43264
-7.17929
-7.1852
-8.09171
-8.09904
-9.1982
-9.20677
-10.4448
-10.4542
-11.7986
-11.8087
-13.2612
-13.2722
-14.8472
-14.8591
-16.5879
-16.6013
-18.5757
-18.5915
-21.0179
-21.0376
-23.9932
-24.0163
-27.3541
-27.3795
-31.0306
-31.0583
-35.0454
-35.0758
-39.4623
-39.4959
-44.415
-44.4533
-50.2572
-50.3045
-57.7056
-57.767
-67.1114
-67.186
-78.3303
-78.4182
-91.6789
-91.7849
-108.092
-108.223
-129.371
-129.549
-159.14
-159.4
-205.187
-205.611
-279.498
-280.15
-373.597
-374.206
-404.324
-404.016
-274.197
-272.628
-8.12444
-6.01891
258.55
260.112
389.656
389.951
360.793
360.24
270.937
270.328
200.686
200.285
156.032
155.778
126.292
126.114
104.767
104.633
88.1511
88.0438
74.6816
74.5936
63.7198
63.6496
55.2205
55.1667
48.6203
48.5772
43.0728
43.0353
38.1647
38.131
33.7277
33.6973
29.681
29.6531
25.9971
25.9719
22.7521
22.7307
20.0996
20.0824
17.9363
17.9218
16.0367
16.0236
14.3036
14.2916
12.704
12.693
11.2234
11.2131
9.86079
9.85143
8.6526
8.64461
7.65534
7.64887
6.82647
6.82088
6.08783
6.08275
5.40685
5.40212
4.77246
4.76802
4.17971
4.17558
3.63124
3.62749
3.10227
3.0932
2.17677
2.17189
1.64066
1.63758
1.28341
1.28123
1.02324
1.02163
0.830186
-2.24469
-2.49225
-2.51135
-2.78853
-2.81056
-3.14206
-3.16912
-3.56938
-3.60093
-4.05101
-4.08559
-4.57335
-4.61059
-5.13594
-5.1761
-5.74353
-5.78702
-6.40617
-6.45418
-7.15425
-7.21043
-8.06069
-8.13033
-9.16183
-9.24329
-10.4049
-10.4942
-11.7555
-11.852
-13.2146
-13.319
-14.7964
-14.91
-16.5314
-16.6579
-18.5092
-18.6588
-20.9345
-21.1215
-23.8954
-24.1145
-27.2463
-27.4877
-30.9132
-31.1764
-34.9164
-35.205
-39.3199
-39.6389
-44.2525
-44.6165
-50.0573
-50.5062
-57.4461
-58.0285
-66.7955
-67.5038
-77.9592
-78.7935
-91.2301
-92.2369
-107.527
-108.79
-128.618
-130.313
-158.045
-160.516
-203.407
-207.434
-276.748
-282.941
-370.993
-376.758
-405.544
-402.615
-280.778
-265.862
-17.0688
2.93378
251.803
266.661
388.293
391.16
363.253
357.765
273.544
267.766
202.41
198.596
157.12
154.706
127.054
125.358
105.342
104.066
88.6084
87.5896
75.0574
74.2213
64.02
63.3521
55.4483
54.9387
48.8039
48.3947
43.2325
42.8768
38.3079
37.9882
33.8573
33.568
29.7998
29.5352
26.1045
25.8649
22.8435
22.6403
20.1732
20.0104
17.9978
17.8605
16.0923
15.9682
14.3547
14.2408
12.7513
12.6459
11.2671
11.1695
9.90065
9.81174
8.68665
8.61078
7.68296
7.62148
6.85034
6.79716
6.10949
6.06116
5.42698
5.38204
4.79131
4.7492
4.19729
4.15806
3.64726
3.61157
3.1412
3.05503
2.19773
2.15138
1.65383
1.62457
1.29272
1.27204
1.03014
1.01481
0.835384
-2.27059
-2.30837
-2.34666
-2.38539
-2.42462
-2.46439
-2.53973
-2.58141
-2.62387
-2.66705
-2.71136
-2.75662
-2.84345
-2.89223
-2.9426
-2.99438
-3.04783
-3.10298
-3.20957
-3.26944
-3.33074
-3.39364
-3.45789
-3.52341
-3.64781
-3.71647
-3.78609
-3.85664
-3.92807
-4.00048
-4.13677
-4.21154
-4.28713
-4.36347
-4.44065
-4.51884
-4.66571
-4.74638
-4.82773
-4.90993
-4.99316
-5.07728
-5.23561
-5.32229
-5.41018
-5.49902
-5.58874
-5.67998
-5.85147
-5.94566
-6.04124
-6.13805
-6.23652
-6.33625
-6.52553
-6.63024
-6.73726
-6.84637
-6.95814
-7.0731
-7.29462
-7.41917
-7.54784
-7.68071
-7.81828
-7.95998
-8.23469
-8.38903
-8.54716
-8.70909
-8.87467
-9.04353
-9.36415
-9.54103
-9.72087
-9.90288
-10.0873
-10.2742
-10.6264
-10.8193
-11.0147
-11.2122
-11.412
-11.6144
-11.9949
-12.2034
-12.4144
-12.6277
-12.8437
-13.0622
-13.4735
-13.699
-13.9278
-14.159
-14.3932
-14.6307
-15.0782
-15.3244
-15.5744
-15.8278
-16.0855
-16.3477
-16.8454
-17.1216
-17.4034
-17.6921
-17.9885
-18.2936
-18.8825
-19.2145
-19.559
-19.9156
-20.2837
-20.6641
-21.4017
-21.8149
-22.2412
-22.6771
-23.1222
-23.5764
-24.4396
-24.9161
-25.4005
-25.8912
-26.3889
-26.8937
-27.8462
-28.3692
-28.8985
-29.4348
-29.9783
-30.5288
-31.5673
-32.1377
-32.7154
-33.3011
-33.8949
-34.4955
-35.632
-36.2575
-36.8924
-37.5357
-38.1911
-38.8549
-40.113
-40.8085
-41.5162
-42.2382
-42.9739
-43.724
-45.159
-45.962
-46.7853
-47.6327
-48.5083
-49.4121
-51.1781
-52.1808
-53.2241
-54.3121
-55.4375
-56.6098
-58.9005
-60.1927
-61.5268
-62.9036
-64.3199
-65.7685
-68.5597
-70.1191
-71.7155
-73.3516
-75.0276
-76.7485
-80.0442
-81.888
-83.7817
-85.7241
-87.7236
-89.7764
-93.7448
-95.9828
-98.2945
-100.689
-103.154
-105.697
-110.691
-113.544
-116.514
-119.608
-122.834
-126.194
-132.87
-136.744
-140.816
-145.139
-149.679
-154.526
-164.297
-170.065
-176.262
-182.891
-190.071
-197.764
-213.605
-223.08
-233.209
-244.068
-255.614
-267.888
-292.309
-306.053
-320.165
-334.403
-348.466
-362.089
-384.664
-394.513
-402.298
-407.332
-409.402
-408.317
-397.016
-385.604
-370.354
-351.05
-328.144
-301.56
-242.868
-207.355
-169.216
-129.467
-88.2131
-46.184
32.2623
74.239
115.442
155.124
193.127
228.723
287.133
313.608
336.591
355.642
371.037
382.545
393.99
395.158
393.124
388.277
380.735
370.992
349.13
335.956
322.355
308.861
295.459
282.323
259.421
247.883
237.008
226.769
217.226
208.279
193.23
185.895
178.961
172.531
166.473
160.802
151.238
146.434
141.892
137.604
133.491
129.617
122.91
119.505
116.262
113.151
110.143
107.265
102.237
99.6419
97.1452
94.7307
92.3935
90.1323
86.119
84.0403
82.0227
80.0624
78.1593
76.3088
73.0156
71.3142
69.6611
68.0674
66.5178
65.0228
62.3923
61.055
59.7688
58.5308
57.3441
56.2081
54.2083
53.1874
52.2012
51.2471
50.3187
49.4141
47.8022
46.9607
46.1352
45.3285
44.5391
43.7617
42.3593
41.6216
40.8944
40.179
39.4739
38.7802
37.5214
36.8568
36.2017
35.5546
34.9164
34.2874
33.1445
32.5383
31.9406
31.3511
30.7682
30.1937
29.1486
28.5953
28.0498
27.5119
26.9822
26.4609
25.5165
25.0205
24.5358
24.062
23.5984
23.148
22.347
21.9348
21.5353
21.1496
20.7766
20.4164
19.7766
19.4464
19.1246
18.8101
18.503
18.2023
17.6603
17.3747
17.0941
16.8176
16.5455
16.2762
15.7872
15.528
15.2729
15.0203
14.77
14.5235
14.0741
13.835
13.5994
13.3664
13.1355
12.9074
12.4918
12.2708
12.0524
11.8366
11.6228
11.4118
11.0269
10.8227
10.6215
10.4226
10.2262
10.0327
9.68244
9.49794
9.31771
9.14103
8.96846
8.80036
8.50119
8.34682
8.19684
8.052
7.91145
7.77496
7.53242
7.40664
7.28349
7.16304
7.04519
6.9295
6.71982
6.60912
6.50009
6.39261
6.28622
6.18131
5.99012
5.88876
5.78829
5.68924
5.59076
5.49364
5.31622
5.22161
5.12825
5.03578
4.94419
4.85353
4.68764
4.59961
4.51224
4.42582
4.34027
4.2554
4.10073
4.01855
3.93745
3.85732
3.77821
3.7004
3.55964
3.48569
3.41377
3.34354
3.27525
3.20935
2.93523
2.77499
2.63052
2.49864
2.37871
2.26911
2.08653
1.99783
1.91548
1.83814
1.76569
1.69819
1.58264
1.52456
1.46974
1.41833
1.37015
1.32384
1.24244
1.20135
1.16251
1.12462
1.08821
1.05332
0.992796
0.962096
0.932684
0.904633
0.87809
0.852647
