-2.0704
-2.29084
-2.52308
-2.77432
-3.08902
-3.49096
-3.92983
-4.39293
-4.88218
-5.4016
-5.95103
-6.53326
-7.17585
-8.01477
-9.06634
-10.2036
-11.4056
-12.6795
-14.0345
-15.4724
-17.0012
-18.7352
-21.0722
-23.9316
-27.0062
-30.2809
-33.7796
-37.5474
-41.6012
-46.0307
-51.3282
-58.7752
-67.9104
-78.2557
-90.1728
-104.387
-122.087
-145.337
-178.934
-236.992
-342.454
-487.808
-520.82
-343.879
-7.03551
329.751
505.192
470.689
328.478
231.802
176.914
142.943
119.149
101.057
86.5165
74.2857
63.7942
55.6529
49.8441
44.9178
40.4244
36.2845
32.4525
28.8793
25.5278
22.4515
20.0284
18.1887
16.5295
14.9687
13.4972
12.1137
10.8076
9.57128
8.44357
7.56854
6.87169
6.22742
5.61719
5.0383
4.48939
3.96618
3.47129
2.93228
2.11801
1.65022
1.32618
1.08483
0.895413
0.745455
-2.07126
-2.28993
-2.29176
-2.52213
-2.52404
-2.77323
-2.77541
-3.08756
-3.09049
-3.48922
-3.49269
-3.92804
-3.93163
-4.39102
-4.39484
-4.88018
-4.88418
-5.39945
-5.40375
-5.94876
-5.95329
-6.53083
-6.53568
-7.17302
-7.17869
-8.01087
-8.01866
-9.06191
-9.07077
-10.1988
-10.2084
-11.4006
-11.4106
-12.6742
-12.6848
-14.0289
-14.0401
-15.4664
-15.4785
-16.995
-17.0075
-18.7273
-18.7431
-21.0617
-21.0829
-23.9196
-23.9436
-26.9934
-27.0189
-30.2672
-30.2945
-33.7651
-33.7942
-37.5316
-37.5632
-41.5843
-41.6181
-46.0118
-46.0496
-51.3032
-51.3532
-58.7411
-58.8093
-67.8713
-67.9494
-78.2114
-78.3
-90.121
-90.2247
-104.323
-104.451
-122.007
-122.167
-145.229
-145.446
-178.765
-179.103
-236.677
-237.309
-341.921
-342.987
-487.275
-488.337
-521.094
-520.542
-345.028
-342.727
-8.45036
-5.62039
328.579
330.92
504.941
505.441
471.137
470.237
328.991
327.965
232.082
231.521
177.083
176.745
143.053
142.834
119.231
119.067
101.121
100.993
86.5697
86.4634
74.3312
74.2402
63.832
63.7563
55.6799
55.6259
49.8647
49.8234
44.9366
44.899
40.4417
40.4071
36.3006
36.2683
32.4674
32.4377
28.8933
28.8654
25.5408
25.5148
22.4629
22.4401
20.0366
20.0202
18.1956
18.1817
16.5358
16.5231
14.9748
14.9626
13.5029
13.4916
12.1191
12.1083
10.8127
10.8025
9.57616
9.5664
8.44767
8.43947
7.57163
7.56545
6.87435
6.86903
6.22994
6.2249
5.61957
5.61481
5.04056
5.03604
4.49153
4.48724
3.96824
3.96413
3.47318
3.46941
2.93713
2.92748
2.12034
2.11569
1.65175
1.6487
1.32728
1.32508
1.08568
1.08397
0.896076
0.89475
0.746015
-2.07836
-2.28243
-2.29937
-2.51426
-2.53193
-2.76427
-2.78446
-3.07554
-3.10266
-3.47496
-3.50696
-3.91312
-3.94646
-4.37516
-4.41061
-4.86368
-4.90085
-5.38175
-5.4215
-5.93029
-5.972
-6.51087
-6.55596
-7.14977
-7.20226
-7.97879
-8.05118
-9.02543
-9.10736
-10.16
-10.2474
-11.3597
-11.4516
-12.6302
-12.7287
-13.9828
-14.0864
-15.4169
-15.5277
-16.9435
-17.0602
-18.6625
-18.8085
-20.9746
-21.1719
-23.8204
-24.0418
-26.8888
-27.1242
-30.155
-30.4072
-33.645
-33.9146
-37.4017
-37.6936
-41.4451
-41.7579
-45.8543
-46.2056
-51.0997
-51.5607
-58.4595
-59.0917
-67.55
-68.2724
-77.8468
-78.666
-89.6945
-90.6541
-103.807
-104.978
-121.348
-122.833
-144.34
-146.351
-177.383
-180.511
-234.102
-239.947
-337.546
-347.406
-483.037
-492.59
-523.194
-517.787
-354.665
-333.397
-20.1189
6.05148
318.883
340.602
502.771
507.389
475.05
466.358
333.186
323.77
234.489
229.215
178.491
175.361
143.964
141.927
119.914
118.392
101.657
100.466
87.0099
86.0255
74.7078
73.8655
64.1474
63.4434
55.9035
55.4052
50.037
49.6535
45.0921
44.7424
40.5846
40.2647
36.434
36.1359
32.59
32.3153
29.0094
28.7508
25.6482
25.4082
22.5575
22.3465
20.1043
19.953
18.2529
18.1248
16.5892
16.4707
15.025
14.9125
13.5499
13.4448
12.1637
12.0639
10.8545
10.7607
9.61651
9.52652
8.48164
8.40579
7.597
7.5404
6.8963
6.84706
6.25094
6.20415
5.63923
5.59516
5.05926
5.0174
4.50928
4.46956
3.98523
3.94719
3.48868
3.45382
2.97966
2.8884
2.13972
2.09671
1.6644
1.63619
1.33642
1.31602
1.09276
1.07696
0.901581
0.889314
0.750644
-2.10041
-2.13172
-2.16331
-2.1951
-2.22712
-2.2595
-2.32249
-2.35546
-2.38869
-2.42217
-2.45593
-2.48991
-2.55652
-2.59152
-2.62703
-2.66318
-2.69979
-2.73715
-2.8127
-2.85389
-2.89677
-2.94188
-2.98911
-3.03888
-3.14094
-3.19677
-3.25362
-3.31211
-3.37151
-3.43177
-3.55043
-3.61284
-3.6756
-3.73894
-3.80278
-3.86705
-3.99271
-4.05853
-4.12491
-4.19153
-4.25908
-4.32676
-4.45942
-4.529
-4.59903
-4.6695
-4.74048
-4.8122
-4.95266
-5.02622
-5.10073
-5.17545
-5.251
-5.32736
-5.4763
-5.55423
-5.63303
-5.71206
-5.79192
-5.87281
-6.03024
-6.11259
-6.19571
-6.27977
-6.36435
-6.45002
-6.61792
-6.70608
-6.79619
-6.88841
-6.9821
-7.07979
-7.277
-7.38587
-7.50075
-7.62155
-7.74838
-7.88152
-8.15305
-8.29909
-8.44889
-8.60212
-8.75624
-8.91406
-9.22154
-9.38227
-9.54534
-9.70901
-9.87439
-10.0413
-10.3668
-10.538
-10.7094
-10.8835
-11.0574
-11.2341
-11.5788
-11.7592
-11.9415
-12.1245
-12.31
-12.4968
-12.863
-13.0557
-13.2488
-13.4442
-13.6418
-13.8411
-14.2299
-14.4333
-14.6396
-14.846
-15.056
-15.2661
-15.6784
-15.8947
-16.1135
-16.3335
-16.5563
-16.7815
-17.2253
-17.4597
-17.7026
-17.9474
-18.2045
-18.4671
-19.0142
-19.3189
-19.6409
-19.9803
-20.3346
-20.7035
-21.4521
-21.8504
-22.2601
-22.672
-23.0937
-23.5157
-24.3474
-24.7841
-25.2233
-25.6684
-26.1146
-26.5678
-27.4524
-27.9133
-28.3832
-28.8529
-29.3303
-29.811
-30.7535
-31.2485
-31.7459
-32.2525
-32.7608
-33.2781
-34.2913
-34.8202
-35.3581
-35.902
-36.451
-37.0049
-38.0926
-38.6671
-39.2428
-39.8304
-40.4192
-41.0203
-42.1932
-42.8133
-43.441
-44.0757
-44.7258
-45.3792
-46.689
-47.3982
-48.1191
-48.878
-49.6598
-50.4894
-52.218
-53.1926
-54.2251
-55.3049
-56.4347
-57.6044
-59.9696
-61.2424
-62.5333
-63.8577
-65.1982
-66.5686
-69.2769
-70.7134
-72.178
-73.6665
-75.184
-76.7297
-79.8077
-81.449
-83.1262
-84.8403
-86.5965
-88.3932
-91.9925
-93.9297
-95.919
-97.9655
-100.067
-102.236
-106.622
-108.992
-111.448
-113.983
-116.623
-119.341
-124.92
-127.991
-131.168
-134.51
-137.977
-141.651
-149.236
-153.46
-157.97
-162.712
-167.835
-173.258
-184.972
-191.868
-199.296
-207.545
-216.48
-226.49
-248.544
-261.353
-275.53
-290.559
-307
-324.081
-361.3
-382.335
-403.565
-426.289
-447.985
-469.526
-504.222
-516.268
-525.868
-529.841
-531.494
-527.167
-508.474
-494.028
-473.162
-447.998
-417.241
-383.157
-302.656
-255.439
-207.276
-157.087
-106.868
-56.0276
41.9928
92.5446
142.831
192.745
240.881
288.171
368.756
403.167
433.812
458.264
479.23
493.953
511.513
515.437
513.363
509.577
499.899
487.264
452.501
431.22
409.456
387.461
366.675
346.527
311.343
295.437
280.359
266.707
253.803
242.291
222.238
213.009
204.572
196.76
189.599
182.922
171.233
165.806
160.66
155.823
151.227
146.927
139.174
135.418
131.869
128.452
125.188
122.042
116.342
113.559
110.863
108.267
105.754
103.334
98.8545
96.6399
94.4903
92.397
90.3647
88.3816
84.6933
82.8518
81.0496
79.2906
77.5682
75.8826
72.7197
71.1372
69.5818
68.0676
66.5835
65.1437
62.4854
61.1873
59.9475
58.7694
57.6588
56.6076
54.7421
53.8491
52.9862
52.1625
51.3585
50.5792
49.1224
48.3917
47.6704
46.9613
46.2622
45.5725
44.2661
43.6049
42.9491
42.3016
41.663
41.0292
39.8287
39.218
38.6134
38.016
37.4264
36.8413
35.7316
35.1674
34.6098
34.0571
33.51
32.9704
31.9397
31.4149
30.8956
30.3789
29.8691
29.3637
28.3999
27.9072
27.419
26.9365
26.4572
25.9833
25.0801
24.6174
24.1649
23.7188
23.2798
22.8554
22.0642
21.6782
21.3107
20.9627
20.6314
20.3186
19.752
19.4724
19.2036
18.9416
18.6828
18.4311
17.9515
17.7066
17.4656
17.2262
16.9891
16.7549
16.3064
16.0782
15.8502
15.6264
15.4018
15.181
14.7585
14.5425
14.3284
14.1157
13.9051
13.6965
13.2991
13.0966
12.895
12.6955
12.4979
12.3018
11.9273
11.7357
11.5458
11.3572
11.1708
10.9849
10.6306
10.4492
10.2698
10.0914
9.9144
9.73893
9.4052
9.23516
9.06904
8.90443
8.74517
8.58859
8.30347
8.16499
8.03346
7.90823
7.78916
7.67447
7.46542
7.36097
7.26001
7.15964
7.06172
6.96389
6.77947
6.68525
6.59125
6.49881
6.40646
6.31541
6.14069
6.05096
5.96278
5.87433
5.78727
5.70018
5.53449
5.44979
5.36554
5.28237
5.19928
5.11737
4.96047
4.87986
4.80024
4.72097
4.64242
4.56432
4.41488
4.33853
4.26247
4.18728
4.11218
4.03802
3.89525
3.82233
3.75009
3.67843
3.60756
3.53755
3.40591
3.3405
3.27709
3.21735
3.16351
3.11747
2.77481
2.63367
2.50907
2.3975
2.29515
2.20138
2.03995
1.96424
1.894
1.82723
1.76368
1.70424
1.59836
1.54726
1.4984
1.45171
1.40696
1.36468
1.28852
1.25077
1.21474
1.18044
1.14715
1.11495
1.05569
1.02653
0.998155
0.970669
0.944248
0.91891
0.872968
0.850511
0.828514
0.806946
0.785777
0.765066
