-2.43676
-2.67418
-2.94806
-3.29568
-3.69939
-4.13092
-4.58737
-5.07096
-5.5838
-6.12793
-6.71137
-7.37588
-8.22699
-9.24382
-10.3415
-11.5053
-12.7402
-14.053
-15.45
-16.9457
-18.6353
-20.7913
-23.4482
-26.3587
-29.4648
-32.7849
-36.3498
-40.194
-44.3792
-49.1553
-55.3326
-63.3504
-72.6491
-83.2361
-95.5847
-110.45
-129.179
-154.238
-191.293
-254.829
-359.258
-480.992
-489.672
-316.169
-7.15485
301.477
474.516
465.178
345.746
247.809
188.547
151.662
126.286
107.195
92.028
79.4304
68.6617
59.7227
53.0545
47.8099
43.1818
38.9536
35.0517
31.4324
28.0535
24.8997
22.075
19.8476
18.0605
16.4443
14.9329
13.5112
12.173
10.9115
9.72124
8.63466
7.74678
7.03731
6.39762
5.79635
5.22693
4.68741
4.17411
3.68717
3.24727
2.47517
1.89174
1.5069
1.22911
1.01425
-2.43771
-2.67315
-2.67522
-2.94678
-2.94935
-3.29408
-3.29727
-3.69764
-3.70114
-4.12907
-4.13278
-4.58541
-4.58933
-5.06888
-5.07303
-5.58161
-5.58599
-6.12559
-6.13026
-6.70882
-6.71392
-7.37277
-7.37899
-8.22304
-8.23094
-9.23938
-9.24827
-10.3368
-10.3462
-11.5003
-11.5103
-12.7349
-12.7455
-14.0474
-14.0587
-15.444
-15.456
-16.9392
-16.9522
-18.6275
-18.6431
-20.7811
-20.8016
-23.4365
-23.4599
-26.3462
-26.3713
-29.4514
-29.4781
-32.7706
-32.7992
-36.3344
-36.3651
-40.1773
-40.2106
-44.3609
-44.3975
-49.1331
-49.1775
-55.3028
-55.3624
-63.314
-63.3868
-72.608
-72.6903
-83.188
-83.2841
-95.5288
-95.6406
-110.382
-110.519
-129.089
-129.27
-154.116
-154.361
-191.099
-191.488
-254.481
-255.177
-358.726
-359.791
-480.63
-481.353
-489.996
-489.344
-317.292
-315.043
-8.49265
-5.81633
300.365
302.585
474.168
474.862
465.524
464.832
346.251
345.242
248.124
247.495
188.736
188.359
151.787
151.538
126.377
126.196
107.266
107.125
92.0839
91.9722
79.4787
79.3821
68.7032
68.6204
59.7553
59.6902
53.0784
53.0306
47.8303
47.7895
43.2003
43.1632
38.9706
38.9367
35.0673
35.036
31.447
31.4179
28.067
28.0399
24.9122
24.8871
22.0856
22.0644
19.8557
19.8396
18.0674
18.0535
16.4508
16.4378
14.939
14.9268
13.517
13.5055
12.1784
12.1676
10.9166
10.9063
9.72604
9.71645
8.63884
8.63047
7.75001
7.74355
7.04007
7.03454
6.4002
6.39505
5.79878
5.79391
5.22924
5.22462
4.68961
4.68522
4.1762
4.17202
3.68913
3.68521
3.24891
3.24562
2.47832
2.47202
1.89367
1.88981
1.50825
1.50555
1.23012
1.2281
1.01504
-2.44533
-2.66487
-2.68356
-2.93657
-2.95967
-3.28135
-3.31008
-3.68369
-3.71511
-4.11428
-4.1476
-4.56975
-4.60502
-5.05232
-5.08963
-5.56411
-5.60361
-6.10695
-6.14893
-6.68847
-6.73425
-7.34824
-7.40381
-8.19138
-8.26268
-9.20394
-9.28386
-10.2992
-10.384
-11.4603
-11.5502
-12.6925
-12.788
-14.0023
-14.1041
-15.3961
-15.5041
-16.8873
-17.0043
-18.5655
-18.7056
-20.6996
-20.8839
-23.3429
-23.5537
-26.246
-26.4718
-29.3447
-29.5851
-32.6562
-32.9139
-36.212
-36.488
-40.0444
-40.3439
-44.2147
-44.5451
-48.9603
-49.356
-55.0656
-55.6023
-63.0236
-63.6753
-72.2795
-73.0205
-82.8058
-83.6648
-95.0835
-96.0895
-109.834
-111.072
-128.383
-129.973
-153.142
-155.351
-189.56
-193.063
-251.726
-257.991
-354.504
-364.09
-477.647
-484.203
-492.429
-486.602
-326.139
-305.902
-19.1974
4.9037
291.357
311.333
471.344
477.408
468.259
461.811
350.31
341.238
250.664
244.993
190.258
186.869
152.791
150.552
127.101
125.478
107.83
106.567
92.5381
91.5154
79.8663
78.9968
69.0354
68.2902
60.0172
59.4318
53.2706
52.84
47.9919
47.6268
43.3476
43.0164
39.1063
38.8013
35.1928
34.9112
31.5641
31.3016
28.1763
27.9315
25.0126
24.7868
22.1714
21.9795
19.9205
19.7752
18.1235
17.9978
16.5029
16.3858
14.9878
14.878
13.563
13.4596
12.2217
12.1248
10.9575
10.8655
9.76447
9.67813
8.67244
8.59709
7.77594
7.71785
7.06222
7.01247
6.42082
6.37448
5.81829
5.77443
5.24775
5.20616
4.70723
4.6677
4.19291
4.15535
3.7048
3.6696
3.2622
3.23265
2.50378
2.44717
1.90925
1.87447
1.51911
1.49482
1.23828
1.22006
1.02144
-2.46883
-2.50218
-2.53587
-2.57003
-2.60447
-2.63967
-2.7096
-2.74655
-2.78458
-2.82343
-2.86389
-2.90577
-2.99191
-3.03879
-3.08718
-3.13742
-3.18938
-3.24291
-3.34985
-3.40654
-3.46401
-3.5223
-3.58128
-3.64102
-3.75819
-3.81941
-3.88103
-3.94318
-4.00599
-4.06918
-4.19323
-4.25796
-4.32315
-4.38907
-4.45534
-4.52211
-4.65349
-4.72182
-4.79091
-4.86067
-4.93085
-5.00169
-5.14085
-5.21343
-5.28684
-5.36076
-5.43502
-5.51023
-5.65788
-5.73488
-5.81262
-5.89113
-5.97007
-6.04993
-6.2066
-6.28853
-6.37153
-6.45537
-6.54015
-6.62651
-6.7973
-6.88779
-6.98042
-7.0755
-7.1732
-7.2742
-7.48152
-7.59488
-7.71329
-7.83624
-7.96332
-8.09519
-8.36167
-8.50366
-8.64864
-8.7958
-8.94449
-9.09553
-9.39339
-9.54853
-9.70548
-9.8637
-10.0229
-10.184
-10.4999
-10.6647
-10.8314
-10.9988
-11.1681
-11.3383
-11.6734
-11.8481
-12.0244
-12.2024
-12.3819
-12.5631
-12.9188
-13.1045
-13.2921
-13.4817
-13.6724
-13.8646
-14.2434
-14.4406
-14.6401
-14.8414
-15.0445
-15.2493
-15.6523
-15.8623
-16.0752
-16.2906
-16.5079
-16.7286
-17.1656
-17.3981
-17.6339
-17.8754
-18.1229
-18.3789
-18.9003
-19.1855
-19.4828
-19.7942
-20.1177
-20.4537
-21.1403
-21.5069
-21.8846
-22.2695
-22.6608
-23.0578
-23.8437
-24.255
-24.67
-25.0899
-25.513
-25.9402
-26.7813
-27.2199
-27.6634
-28.1115
-28.5621
-29.019
-29.9151
-30.3826
-30.8578
-31.3357
-31.8186
-32.3068
-33.2676
-33.7702
-34.2783
-34.792
-35.3113
-35.836
-36.8688
-37.4122
-37.9587
-38.512
-39.072
-39.6395
-40.757
-41.3431
-41.9363
-42.5382
-43.1492
-43.7695
-45.002
-45.6561
-46.3225
-47.0054
-47.7075
-48.4312
-49.9079
-50.7183
-51.5636
-52.4474
-53.3777
-54.3506
-56.3525
-57.4469
-58.5737
-59.7348
-60.9248
-62.1423
-64.578
-65.8744
-67.1911
-68.5295
-69.8929
-71.2812
-74.0445
-75.5097
-77.0051
-78.5269
-80.0808
-81.6588
-84.8363
-86.5336
-88.2692
-90.0463
-91.871
-93.7341
-97.4846
-99.5149
-101.587
-103.724
-105.923
-108.18
-112.796
-115.291
-117.912
-120.606
-123.388
-126.268
-132.204
-135.509
-138.914
-142.513
-146.254
-150.224
-158.511
-163.138
-168.045
-173.325
-178.918
-185.008
-198.124
-205.694
-214.104
-223.157
-232.994
-243.63
-266.852
-280.062
-294.16
-308.996
-325.071
-341.936
-376.914
-395.35
-414.327
-432.944
-451.088
-467.441
-492.259
-500.558
-505.601
-506.982
-505.072
-499.027
-476.836
-459.683
-438.828
-414.125
-384.664
-351.79
-276.934
-234.035
-190.159
-144.595
-98.7095
-52.1859
37.9854
84.3051
130.278
175.525
219.519
262.413
336.76
369.858
398.939
424.189
445.031
462.052
483.79
489.347
491.613
489.903
484.596
476.233
451.558
435.292
417.524
399.498
381.26
362.977
329.336
313.497
298.419
284.208
271.022
258.728
237.591
227.789
218.62
210.192
202.282
195.08
182.38
176.4
170.845
165.623
160.697
155.952
147.601
143.603
139.811
136.19
132.702
129.383
123.315
120.375
117.543
114.798
112.153
109.606
104.88
102.568
100.328
98.1505
96.0335
93.9644
90.1342
88.2339
86.3681
84.5582
82.7883
81.0634
77.8263
76.2062
74.6205
73.0684
71.549
70.0649
67.2903
65.9139
64.5774
63.2816
62.0358
60.8377
58.6585
57.6117
56.6138
55.6585
54.7482
53.8768
52.2676
51.4759
50.7062
49.9521
49.2175
48.4956
47.1344
46.4483
45.7729
45.1062
44.4504
43.8027
42.5693
41.9455
41.3283
40.7208
40.1197
39.5249
38.3893
37.8152
37.2464
36.6848
36.1291
35.5793
34.5296
33.9966
33.47
32.9494
32.4339
31.9238
30.9465
30.452
29.9607
29.4724
28.9901
28.5129
27.5985
27.1339
26.6739
26.2185
25.7695
25.3245
24.4802
24.0534
23.6356
23.2262
22.827
22.44
21.7242
21.3758
21.0436
20.7239
20.4166
20.1225
19.5787
19.3116
19.0499
18.7943
18.5423
18.2962
17.8275
17.5892
17.3544
17.1215
16.8908
16.6632
16.2267
16.005
15.786
15.5676
15.3523
15.1384
14.7288
14.5201
14.3132
14.109
13.9056
13.7049
13.3194
13.123
12.9289
12.7361
12.5451
12.3552
11.9924
11.8075
11.6243
11.4424
11.2621
11.0834
10.7406
10.5657
10.3929
10.2213
10.0511
9.88295
9.56159
9.39975
9.23971
9.08215
8.92769
8.77713
8.49586
8.35816
8.22529
8.09784
7.9752
7.85733
7.64023
7.53316
7.42948
7.3278
7.22815
7.13056
6.94498
6.85099
6.75816
6.66601
6.57462
6.48447
6.31157
6.22352
6.13632
6.04971
5.96388
5.87872
5.71511
5.6318
5.54908
5.46687
5.38544
5.30473
5.14979
5.07089
4.99276
4.91502
4.83784
4.76132
4.61412
4.53915
4.46471
4.39065
4.31721
4.24434
4.10445
4.03312
3.9622
3.89194
3.82233
3.75333
3.62192
3.55546
3.49014
3.42601
3.36363
3.30352
3.19457
3.14138
3.00778
2.85183
2.71115
2.58552
2.37421
2.27855
2.19017
2.10756
2.0304
1.95813
1.82868
1.76738
1.70993
1.65539
1.60296
1.55307
1.46252
1.41895
1.3779
1.33867
1.30058
1.26373
1.19588
1.16309
1.1314
1.10063
1.07076
1.04154
