-2.07945
-2.30219
-2.53945
-2.80111
-3.12102
-3.51425
-3.94927
-4.41207
-4.90343
-5.42625
-5.98266
-6.57972
-7.25242
-8.09701
-9.12607
-10.2552
-11.458
-12.738
-14.1042
-15.5631
-17.1409
-18.9587
-21.2889
-24.0924
-27.1561
-30.439
-33.9658
-37.7761
-41.9175
-46.5227
-52.1024
-59.5121
-68.5915
-79.0367
-91.1889
-105.814
-124.183
-148.641
-184.523
-245.345
-348.61
-479.624
-503.749
-330.632
-7.08553
315.954
488.259
464.229
336.633
239.501
181.759
145.996
121.147
102.449
87.5506
75.1624
64.722
56.5139
50.3764
45.2636
40.6815
36.4917
32.6307
29.0477
25.7155
22.7043
20.2588
18.3288
16.6246
15.042
13.5601
12.1705
10.864
9.6393
8.53597
7.6444
6.91715
6.25963
5.64289
5.06064
4.51003
3.98811
3.50054
2.9731
2.14924
1.66949
1.33926
1.09245
0.900979
0.750644
-2.08032
-2.30127
-2.30312
-2.53846
-2.54044
-2.79997
-2.80224
-3.11957
-3.12247
-3.51257
-3.51593
-3.94746
-3.95107
-4.41016
-4.41399
-4.9014
-4.90547
-5.42409
-5.42842
-5.98035
-5.98498
-6.57722
-6.58223
-7.24943
-7.2554
-8.09319
-8.10083
-9.1217
-9.13044
-10.2506
-10.2599
-11.453
-11.463
-12.7327
-12.7433
-14.0985
-14.1098
-15.557
-15.5691
-17.1342
-17.1475
-18.9506
-18.9669
-21.2785
-21.2994
-24.0806
-24.1042
-27.1433
-27.1688
-30.4254
-30.4526
-33.9511
-33.9805
-37.7602
-37.792
-41.9001
-41.9349
-46.5029
-46.5426
-52.0767
-52.1282
-59.4785
-59.5457
-68.5523
-68.6307
-78.9918
-79.0815
-91.1357
-91.2421
-105.749
-105.879
-124.099
-124.267
-148.525
-148.757
-184.342
-184.704
-245.022
-245.669
-348.102
-349.12
-479.177
-480.07
-504.02
-503.473
-331.747
-329.514
-8.4576
-5.71372
314.851
317.054
487.985
488.531
464.656
463.801
337.119
336.148
239.801
239.202
181.936
181.582
146.113
145.88
121.233
121.062
102.515
102.383
87.6048
87.4965
75.2082
75.1167
64.7599
64.6842
56.542
56.4858
50.3985
50.3543
45.2829
45.2444
40.6991
40.6639
36.5078
36.4756
32.6457
32.6158
29.0615
29.0338
25.7283
25.7026
22.7154
22.6931
20.2674
20.2503
18.336
18.3216
16.6312
16.618
15.0481
15.0358
13.5659
13.5543
12.1759
12.1651
10.8691
10.8589
9.64402
9.63457
8.54003
8.53192
7.64756
7.64125
6.91989
6.91441
6.26218
6.25708
5.6453
5.64049
5.06291
5.05837
4.51218
4.50788
3.99015
3.98608
3.50239
3.49869
2.97775
2.96846
2.15164
2.14684
1.67107
1.66792
1.34038
1.33815
1.09333
1.09156
0.901646
0.900313
0.751205
-2.08751
-2.29368
-2.31072
-2.53031
-2.54862
-2.79063
-2.81166
-3.10767
-3.13446
-3.49873
-3.52983
-3.93256
-3.966
-4.39437
-4.42981
-4.88464
-4.92228
-5.40624
-5.44633
-5.9613
-6.0041
-6.55662
-6.60296
-7.22501
-7.28017
-8.0618
-8.13248
-9.08569
-9.16666
-10.212
-10.2985
-11.4119
-11.5042
-12.689
-12.7871
-14.0518
-14.1566
-15.507
-15.6191
-17.0793
-17.2027
-18.8838
-19.0345
-21.1924
-21.3861
-23.9831
-24.202
-27.0384
-27.274
-30.3132
-30.5651
-33.8299
-34.1021
-37.6292
-37.9234
-41.7567
-42.0789
-46.3394
-46.7073
-51.8655
-52.3418
-59.2026
-59.8237
-68.2299
-68.9545
-78.6224
-79.453
-90.6988
-91.6826
-105.215
-106.418
-123.411
-124.963
-147.573
-149.724
-182.862
-186.216
-242.396
-248.36
-343.964
-353.364
-475.443
-483.423
-506.095
-501.067
-340.79
-320.169
-19.787
5.61237
305.602
325.999
485.593
490.83
468.072
460.244
341.15
332.155
242.301
236.756
183.412
180.141
147.083
144.922
121.94
120.36
103.063
101.838
88.0539
87.0522
75.5869
74.7406
65.0735
64.3735
56.7748
56.2557
50.5813
50.1733
45.4422
45.0854
40.8443
40.5192
36.6412
36.3427
32.7689
32.4929
29.1758
28.9199
25.8345
25.5968
22.8076
22.6015
20.3383
20.18
18.3952
18.2626
16.6856
16.5638
15.0987
14.9852
13.6137
13.5069
12.2204
12.1206
10.9111
10.8169
9.68305
9.59565
8.5736
8.49863
7.67371
7.61536
6.94262
6.89183
6.28325
6.23605
5.6652
5.62064
5.08167
5.03965
4.53001
4.49013
4.00697
3.96931
3.51777
3.48346
3.01645
2.93037
2.17163
2.12727
1.68413
1.65525
1.34965
1.32897
1.10066
1.08431
0.907179
0.894849
0.755844
-2.10974
-2.14131
-2.17325
-2.20528
-2.23766
-2.27035
-2.33429
-2.36782
-2.40166
-2.43584
-2.47044
-2.50541
-2.57402
-2.61027
-2.64714
-2.68463
-2.72303
-2.7622
-2.84115
-2.88398
-2.92829
-2.9743
-3.02201
-3.07155
-3.17203
-3.22642
-3.28207
-3.33908
-3.39712
-3.45637
-3.57295
-3.63452
-3.69667
-3.75941
-3.82295
-3.88683
-4.01212
-4.07774
-4.14393
-4.21063
-4.27791
-4.34588
-4.4789
-4.54865
-4.61878
-4.68964
-4.761
-4.83317
-4.97436
-5.04836
-5.12314
-5.1986
-5.27472
-5.3514
-5.50175
-5.58045
-5.65992
-5.74012
-5.82125
-5.9029
-6.0632
-6.14749
-6.23237
-6.31822
-6.40525
-6.49339
-6.6675
-6.75976
-6.85405
-6.95059
-7.04929
-7.15102
-7.35755
-7.47012
-7.58737
-7.70889
-7.83521
-7.9663
-8.23141
-8.37418
-8.52068
-8.66958
-8.82146
-8.97538
-9.27885
-9.43835
-9.59976
-9.76291
-9.9271
-10.0935
-10.4185
-10.5887
-10.761
-10.9341
-11.1089
-11.2856
-11.6315
-11.8127
-11.9958
-12.1801
-12.3663
-12.5546
-12.923
-13.1162
-13.3119
-13.5087
-13.7073
-13.9084
-14.3015
-14.5074
-14.7159
-14.9268
-15.1386
-15.3536
-15.7744
-15.996
-16.2198
-16.4467
-16.677
-16.911
-17.3743
-17.6218
-17.8749
-18.134
-18.4026
-18.6808
-19.2476
-19.5592
-19.8826
-20.219
-20.5681
-20.9297
-21.6576
-22.0483
-22.447
-22.8533
-23.2645
-23.683
-24.506
-24.9385
-25.3769
-25.8182
-26.2651
-26.7159
-27.5996
-28.0634
-28.5319
-29.0055
-29.4838
-29.9677
-30.9154
-31.4128
-31.9156
-32.424
-32.9381
-33.4579
-34.4791
-35.0171
-35.5595
-36.1089
-36.6651
-37.2273
-38.3312
-38.9132
-39.5039
-40.0992
-40.7042
-41.3168
-42.5253
-43.1648
-43.8149
-44.4767
-45.151
-45.8411
-47.2229
-47.9681
-48.7361
-49.5339
-50.3644
-51.2288
-53.014
-53.9984
-55.0265
-56.0983
-57.2119
-58.3635
-60.6927
-61.9448
-63.2284
-64.5392
-65.8784
-67.2446
-69.9632
-71.4098
-72.8846
-74.3885
-75.9229
-77.4903
-80.6144
-82.2868
-83.9949
-85.7417
-87.5309
-89.3693
-93.0591
-95.0454
-97.0876
-99.1901
-101.357
-103.59
-108.105
-110.565
-113.105
-115.746
-118.479
-121.324
-127.144
-130.339
-133.696
-137.186
-140.866
-144.713
-152.782
-157.305
-162.066
-167.172
-172.604
-178.445
-191.052
-198.373
-206.279
-214.93
-224.35
-234.606
-256.987
-269.922
-283.802
-298.723
-314.715
-331.511
-366.587
-385.699
-405.792
-425.649
-445.162
-463.368
-493.104
-504.275
-511.436
-515.208
-515.161
-511.25
-492.206
-476.09
-455.487
-430.36
-400.962
-367.107
-290.742
-246.233
-200.026
-152.486
-103.726
-54.6985
40.499
89.4698
137.724
185.517
231.859
276.179
352.425
386.492
415.73
440.409
460.724
476.807
496.142
500.097
499.999
496.281
488.622
477.997
448.741
430.582
411.506
391.993
372.545
353.82
320.228
304.233
289.263
275.385
262.381
250.294
229.446
219.829
210.925
202.756
195.152
188.12
175.808
170.004
164.61
159.52
154.689
150.14
142.022
138.112
134.379
130.829
127.423
124.166
118.243
115.353
112.569
109.889
107.298
104.79
100.182
97.9073
95.7019
93.5634
91.4786
89.4577
85.6974
83.8217
81.9957
80.2106
78.4684
76.7688
73.5934
72.0062
70.4584
68.9497
67.4838
66.0575
63.4317
62.1438
60.9063
59.7222
58.5904
57.5106
55.5585
54.6122
53.7017
52.8245
51.9745
51.1511
49.6218
48.8549
48.106
47.3705
46.6488
45.939
44.5974
43.9183
43.2493
42.5905
41.938
41.2946
40.0756
39.4566
38.8453
38.2413
37.6447
37.0554
35.9349
35.3654
34.8024
34.2455
33.6959
33.151
32.1153
31.5874
31.0654
30.5494
30.0378
29.532
28.5678
28.0767
27.5911
27.1096
26.6341
26.1638
25.2725
24.8211
24.3766
23.9406
23.512
23.0956
22.3239
21.9429
21.577
21.2245
20.8859
20.5611
19.967
19.6739
19.3906
19.1141
18.8449
18.5798
18.0824
17.8299
17.5813
17.3366
17.0934
16.8541
16.3976
16.1649
15.9345
15.7061
15.4796
15.2559
14.8297
14.6118
14.3962
14.1825
13.9707
13.7611
13.3612
13.1568
12.9548
12.7545
12.5557
12.359
11.9835
11.7914
11.6014
11.4135
11.2262
11.0413
10.6881
10.5077
10.3293
10.1524
9.9771
9.80438
9.47633
9.31013
9.14706
8.98683
8.83059
8.67863
8.3978
8.25947
8.12635
7.99834
7.87471
7.75573
7.53622
7.42729
7.32069
7.21649
7.11392
7.01325
6.82262
6.72577
6.63
6.53526
6.44143
6.34853
6.17141
6.08092
5.99128
5.9025
5.81421
5.72677
5.55977
5.4743
5.38959
5.30566
5.22235
5.13978
4.98211
4.90154
4.82145
4.74208
4.66313
4.5851
4.43563
4.35907
4.2832
4.20793
4.13327
4.0591
3.91776
3.84554
3.7742
3.70365
3.63402
3.56562
3.43696
3.37287
3.31058
3.25052
3.1907
3.1323
2.8189
2.67681
2.55007
2.4355
2.33138
2.23547
2.06902
1.99212
1.91967
1.85082
1.78581
1.72495
1.61694
1.56475
1.51465
1.4668
1.42138
1.37865
1.30108
1.26279
1.22584
1.19022
1.15629
1.12357
1.06243
1.03274
1.00415
0.976595
0.950053
0.924594
0.878422
0.85592
0.833879
0.812266
0.791053
0.770298
