-2.06831
-2.4185
-2.82201
-3.33462
-3.96777
-4.68262
-5.47584
-6.36518
-7.41847
-8.78957
-10.4598
-12.3396
-14.4361
-16.813
-19.713
-23.5416
-28.1455
-33.3622
-39.294
-46.2707
-55.3626
-67.936
-84.0678
-105.043
-134.794
-183.477
-275.562
-400.669
-348.007
-7.06052
333.756
387.076
266.945
179.528
131.503
101.554
80.375
64.4812
53.1276
44.8138
37.9544
32.0029
26.7679
22.3299
18.9413
16.238
13.8763
11.7615
9.87046
8.27368
7.04125
6.01749
5.10394
4.27475
3.53184
2.50093
1.66541
1.19411
0.885873
0.667368
-2.06918
-2.41752
-2.41948
-2.82083
-2.82319
-3.33308
-3.33615
-3.96599
-3.96956
-4.68063
-4.6846
-5.47364
-5.47805
-6.36267
-6.36769
-7.41533
-7.4216
-8.7855
-8.79365
-10.4551
-10.4645
-12.3344
-12.3449
-14.4303
-14.442
-16.8062
-16.8198
-19.7042
-19.7218
-23.5303
-23.5529
-28.1325
-28.1584
-33.3476
-33.3768
-39.2772
-39.3108
-46.2502
-46.2912
-55.3343
-55.391
-67.8983
-67.9738
-84.02
-84.1158
-104.978
-105.107
-134.698
-134.891
-183.305
-183.648
-275.244
-275.88
-400.445
-400.892
-348.566
-347.445
-8.13204
-5.98898
333.186
334.323
387.295
386.856
267.251
266.639
179.695
179.362
131.6
131.407
101.619
101.489
80.4232
80.3268
64.517
64.4455
53.1525
53.1027
44.8334
44.7942
37.9712
37.9376
32.0176
31.9882
26.7807
26.755
22.3403
22.3196
18.9491
18.9335
16.2447
16.2314
13.8822
13.8704
11.7668
11.7562
9.87513
9.8658
8.27738
8.26998
7.04415
7.03834
6.02003
6.01495
5.10623
5.10164
4.27683
4.27267
3.53365
3.53003
2.50404
2.49782
1.66699
1.66384
1.19508
1.19313
0.886513
0.885233
0.667882
-2.07796
-2.40774
-2.42929
-2.80909
-2.83503
-3.31781
-3.35152
-3.94814
-3.98747
-4.66081
-4.7045
-5.45159
-5.50017
-6.33764
-6.39284
-7.38414
-7.45311
-8.74487
-8.83452
-10.4082
-10.5116
-12.2822
-12.3973
-14.3718
-14.5006
-16.7386
-16.8878
-19.617
-19.8101
-23.4178
-23.6659
-28.0033
-28.2882
-33.2016
-33.5233
-39.1097
-39.4792
-46.0466
-46.4967
-55.0523
-55.6761
-67.522
-68.3531
-83.5427
-84.5963
-104.335
-105.756
-133.738
-135.866
-181.608
-185.38
-272.077
-279.096
-398.103
-403.084
-354.092
-341.602
-18.846
4.7101
327.332
339.877
389.432
384.603
270.329
263.647
181.371
177.712
132.572
130.447
102.273
100.841
80.9072
79.847
64.8766
64.0897
53.4035
52.8546
45.0303
44.5985
38.1395
37.7701
32.165
31.8413
26.91
26.6264
22.4442
22.2166
19.0274
18.8558
16.3109
16.1655
13.9411
13.8117
11.8198
11.7035
9.92193
9.81927
8.31452
8.23316
7.07328
7.00939
6.04546
5.98961
5.12923
5.07874
4.29771
4.25187
3.55179
3.51201
2.53561
2.46698
1.68288
1.64826
1.20492
1.18347
0.893078
0.878858
0.673037
-2.11102
-2.16144
-2.21267
-2.2647
-2.31758
-2.37146
-2.46634
-2.52316
-2.58136
-2.641
-2.70237
-2.76581
-2.88009
-2.95021
-3.02336
-3.09952
-3.1789
-3.26142
-3.40984
-3.49988
-3.59226
-3.68678
-3.78344
-3.88182
-4.05498
-4.15806
-4.26288
-4.36924
-4.47726
-4.58704
-4.77946
-4.8938
-5.01002
-5.12801
-5.24782
-5.36968
-5.58358
-5.71094
-5.84066
-5.97269
-6.10725
-6.24478
-6.48814
-6.63474
-6.7854
-6.94093
-7.10202
-7.26929
-7.57333
-7.76106
-7.95727
-8.16176
-8.37428
-8.59469
-8.98938
-9.22768
-9.47183
-9.721
-9.97507
-10.234
-10.6889
-10.9597
-11.2351
-11.5149
-11.799
-12.0879
-12.5948
-12.8964
-13.2033
-13.515
-13.8319
-14.1546
-14.722
-15.0606
-15.4063
-15.7587
-16.119
-16.4883
-17.1456
-17.5438
-17.9564
-18.3842
-18.8302
-19.2962
-20.1469
-20.6739
-21.2241
-21.7959
-22.3887
-23.0012
-24.094
-24.7517
-25.4243
-26.1103
-26.8098
-27.5229
-28.7779
-29.5263
-30.2884
-31.0643
-31.8544
-32.6589
-34.077
-34.9242
-35.7878
-36.6688
-37.5689
-38.488
-40.1163
-41.0955
-42.0996
-43.1329
-44.197
-45.2958
-47.2799
-48.4996
-49.777
-51.1181
-52.53
-54.0192
-56.7673
-58.4798
-60.2746
-62.1499
-64.1021
-66.1326
-69.7949
-72.0304
-74.3426
-76.7356
-79.2149
-81.7842
-86.4276
-89.2781
-92.2484
-95.3482
-98.5912
-101.987
-108.236
-112.136
-116.259
-120.636
-125.291
-130.255
-139.628
-145.659
-152.169
-159.276
-167.023
-175.502
-192.129
-203.288
-215.607
-229.165
-244.049
-260.451
-291.466
-310.949
-331.144
-351.261
-370.605
-388.066
-410.077
-415.972
-415.911
-408.986
-394.685
-372.798
-317.691
-275.701
-227.672
-174.743
-117.71
-58.7114
44.5486
103.818
160.453
213.521
261.662
303.345
358.592
380.483
394.636
401.835
402.185
396.282
375.043
358.099
339.455
319.944
300.802
282.159
252.767
237.36
223.228
210.309
198.589
187.902
171.776
163.463
155.838
148.802
142.336
136.333
126.952
121.971
117.281
112.875
108.717
104.777
98.4655
95.0342
91.7576
88.6237
85.6257
82.7516
78.0798
75.5089
73.0409
70.6747
68.411
66.2518
62.786
60.9077
59.1331
57.4558
55.8663
54.3611
51.942
50.6163
49.3434
48.1153
46.9281
45.7768
43.8736
42.8051
41.7629
40.7444
39.7486
38.7748
37.1487
36.2283
35.3264
34.4415
33.5733
32.7216
31.2953
30.4858
29.6915
28.9118
28.1473
27.3984
26.1496
25.446
24.7617
24.0984
23.457
22.8402
21.8385
21.2903
20.7669
20.2661
19.7859
19.3247
18.5687
18.1467
17.7362
17.3358
16.9443
16.5611
15.9203
15.5562
15.1992
14.8482
14.5029
14.1634
13.5931
13.2682
12.9485
12.6341
12.3242
12.0195
11.5072
11.2153
10.9284
10.6467
10.3699
10.0987
9.64685
9.39258
9.14601
8.90754
8.67739
8.45622
8.09773
7.90042
7.71139
7.52943
7.35369
7.18356
6.90206
6.74371
6.58863
6.43679
6.28777
6.14126
5.89531
5.75518
5.61734
5.48152
5.34759
5.21575
4.99349
4.86649
4.74137
4.61798
4.49625
4.37636
4.17446
4.05936
3.94632
3.83541
3.72666
3.62059
3.44533
3.34781
3.25381
3.11736
2.87348
2.66089
2.35794
2.20836
2.07521
1.95474
1.84477
1.74464
1.59176
1.51112
1.43651
1.36855
1.30419
1.24313
1.14841
1.09619
1.04759
1.00199
0.958939
0.918503
0.855277
0.820645
0.787041
0.754524
0.723066
0.692639
