-2.09273
-2.27302
-2.46122
-2.65951
-2.88105
-3.15745
-3.48567
-3.83899
-4.20915
-4.59652
-5.00284
-5.42906
-5.87717
-6.34741
-6.84723
-7.4178
-8.14225
-8.99225
-9.90649
-10.8639
-11.8677
-12.9231
-14.0336
-15.2017
-16.4311
-17.7508
-19.2936
-21.2703
-23.5718
-26.0292
-28.6242
-31.3578
-34.2543
-37.3307
-40.6056
-44.1113
-47.9781
-52.6973
-58.8777
-66.1602
-74.2391
-83.2266
-93.4268
-105.285
-119.452
-136.987
-159.812
-192.295
-244.422
-326.632
-436.139
-506.303
-456.392
-271.634
-7.01392
257.352
440.685
488.071
419.895
313.433
238.163
189.66
157.52
134.307
116.395
101.98
89.8411
79.4049
70.2072
62.1841
55.8081
50.9472
46.7693
42.9458
39.3846
36.0546
32.925
29.9805
27.189
24.5502
22.1463
20.2053
18.6521
17.2554
15.9374
14.6834
13.4927
12.3601
11.2818
10.2523
9.27409
8.38778
7.67276
7.08315
6.54296
6.02827
5.53637
5.06594
4.61587
4.18379
3.76896
3.37741
2.91444
2.24047
1.8076
1.49612
1.25849
1.06974
0.913821
0.787305
-2.0936
-2.27211
-2.27393
-2.46028
-2.46217
-2.65845
-2.6606
-2.87986
-2.88225
-3.15594
-3.15896
-3.48398
-3.48737
-3.83721
-3.84078
-4.20728
-4.21101
-4.59456
-4.59848
-5.00079
-5.00489
-5.4269
-5.43122
-5.87491
-5.87943
-6.34503
-6.3498
-6.84464
-6.84982
-7.41464
-7.42096
-8.13831
-8.1462
-8.98787
-8.99687
-9.90187
-9.91112
-10.8591
-10.8688
-11.8626
-11.8727
-12.9178
-12.9285
-14.0279
-14.0392
-15.1955
-15.2076
-16.4248
-16.4373
-17.7439
-17.7577
-19.285
-19.3023
-21.2595
-21.281
-23.5599
-23.5836
-26.0167
-26.0417
-28.6111
-28.6373
-31.3436
-31.372
-34.2396
-34.269
-37.3151
-37.3464
-40.5889
-40.6223
-44.0932
-44.1293
-47.9576
-47.9986
-52.6709
-52.7237
-58.8447
-58.9107
-66.1222
-66.1981
-74.1971
-74.2811
-83.1796
-83.2737
-93.3728
-93.4808
-105.222
-105.349
-119.375
-119.529
-136.89
-137.085
-159.681
-159.944
-192.098
-192.491
-244.094
-244.751
-326.141
-327.124
-435.601
-436.676
-506.516
-506.094
-456.964
-455.816
-272.846
-270.42
-8.35987
-5.66791
256.141
258.561
440.12
441.247
488.26
488.02
420.407
419.237
313.893
312.973
238.463
237.865
189.852
189.469
157.653
157.387
134.407
134.208
116.474
116.316
102.045
101.915
89.8964
89.7859
79.4532
79.3567
70.25
70.1644
62.2202
62.148
55.8346
55.7815
50.969
50.9254
46.7888
46.7497
42.964
42.9277
39.4016
39.3676
36.0705
36.0386
32.9399
32.91
29.9946
29.9663
27.2025
27.1756
24.5628
24.5376
22.1572
22.1353
20.2137
20.1969
18.6593
18.6449
17.2621
17.2487
15.9438
15.9311
14.6892
14.6775
13.4985
13.487
12.3656
12.3547
11.287
11.2766
10.2573
10.2474
9.27875
9.26943
8.39176
8.3838
7.67598
7.66964
7.08592
7.08037
6.54556
6.54037
6.03075
6.0258
5.53875
5.534
5.06821
5.06367
4.61802
4.61369
4.18588
4.1817
3.77096
3.76695
3.37924
3.37558
2.91873
2.91016
2.24305
2.23789
1.80939
1.80581
1.49746
1.49478
1.25954
1.25745
1.07058
1.06889
0.91451
0.913134
0.78789
-2.10014
-2.2653
-2.28075
-2.45303
-2.46926
-2.65123
-2.66853
-2.87095
-2.89133
-3.14464
-3.1703
-3.47129
-3.50009
-3.82383
-3.85419
-4.19331
-4.22504
-4.57971
-4.61316
-4.98536
-5.02032
-5.41071
-5.44736
-5.85796
-5.89643
-6.32715
-6.36769
-6.82528
-6.86933
-7.39109
-7.44485
-8.10829
-8.17591
-8.95606
-9.03093
-9.86724
-9.94444
-10.8227
-10.9053
-11.8246
-11.9108
-12.8777
-12.9686
-13.9859
-14.0814
-15.1491
-15.2519
-16.3782
-16.4842
-17.6922
-17.8088
-19.2204
-19.3677
-21.1793
-21.362
-23.4713
-23.6725
-25.9233
-26.1353
-28.5108
-28.7355
-31.2391
-31.4769
-34.1292
-34.3796
-37.1978
-37.464
-40.464
-40.7476
-43.9583
-44.2648
-47.8037
-48.1532
-52.4747
-52.9254
-58.593
-59.1635
-65.8381
-66.4828
-73.883
-74.5966
-82.8274
-83.6278
-92.969
-93.8875
-104.746
-105.829
-118.804
-120.11
-136.164
-137.825
-158.701
-160.939
-190.636
-193.979
-241.658
-247.239
-322.469
-330.833
-431.942
-440.671
-506.135
-505.617
-461.119
-452.825
-281.865
-261.245
-18.4525
4.42909
246.987
267.559
435.765
445.347
489.2
487.546
423.289
414.668
317.37
309.969
240.724
235.641
191.298
188.05
158.659
156.394
135.157
133.466
117.069
115.728
102.536
101.428
90.3121
89.3754
79.8164
78.9954
70.5718
69.8447
62.4927
61.8784
56.0403
55.5831
51.1359
50.7623
46.9365
46.6043
43.1004
42.7905
39.529
39.2405
36.1902
35.9193
33.0523
32.7979
30.0997
29.8602
27.304
27.0752
24.6572
24.4402
22.24
22.052
20.2769
20.134
18.7132
18.5912
17.3125
17.1986
15.9917
15.8834
14.735
14.6329
13.5415
13.4427
12.4066
12.3138
11.326
11.2376
10.2945
10.2102
9.3138
9.23457
8.42113
8.35414
7.69985
7.64668
7.10675
7.05895
6.56504
6.52095
6.04935
6.00726
5.55661
5.51618
5.08525
5.04668
4.63407
4.59738
4.20157
4.16592
3.786
3.75194
3.39303
3.36187
2.95125
2.87836
2.26261
2.21878
1.82296
1.79246
1.50755
1.4848
1.26744
1.24964
1.07695
1.06258
0.919698
0.908003
0.792293
-2.1186
-2.14392
-2.1692
-2.19483
-2.22038
-2.24618
-2.3
-2.32625
-2.35275
-2.37941
-2.40614
-2.43314
-2.48936
-2.51671
-2.54483
-2.57289
-2.60119
-2.62984
-2.69022
-2.72018
-2.75059
-2.78181
-2.81352
-2.84624
-2.91763
-2.95422
-2.99215
-3.03096
-3.07117
-3.11304
-3.20311
-3.24796
-3.29333
-3.34054
-3.38796
-3.43574
-3.53585
-3.58543
-3.63516
-3.68517
-3.73558
-3.78625
-3.89204
-3.94332
-3.99531
-4.04817
-4.10097
-4.15414
-4.26472
-4.3188
-4.37308
-4.42758
-4.48285
-4.53845
-4.65462
-4.71146
-4.76851
-4.82603
-4.88401
-4.94225
-5.06391
-5.1234
-5.18329
-5.24374
-5.30391
-5.36529
-5.49359
-5.55601
-5.61905
-5.6825
-5.74636
-5.81043
-5.9446
-6.01003
-6.07598
-6.14279
-6.20969
-6.27693
-6.41796
-6.48722
-6.55708
-6.62804
-6.69904
-6.7703
-6.92483
-7.0008
-7.07913
-7.15972
-7.24154
-7.32594
-7.51344
-7.60863
-7.70701
-7.80976
-7.91612
-8.02569
-8.26052
-8.37719
-8.49674
-8.61834
-8.74064
-8.86432
-9.12412
-9.25163
-9.37964
-9.50922
-9.63897
-9.77025
-10.0423
-10.1759
-10.3116
-10.4475
-10.5842
-10.7211
-11.0078
-11.1473
-11.2876
-11.4299
-11.5731
-11.7179
-12.0189
-12.166
-12.3141
-12.4639
-12.6142
-12.7655
-13.0818
-13.2366
-13.3925
-13.5482
-13.707
-13.8666
-14.2005
-14.3636
-14.5277
-14.6934
-14.8594
-15.0268
-15.377
-15.5481
-15.7212
-15.8952
-16.0698
-16.2472
-16.6167
-16.7984
-16.9832
-17.1685
-17.3547
-17.5483
-17.9559
-18.1609
-18.3715
-18.5866
-18.8079
-19.0423
-19.5525
-19.8137
-20.085
-20.3666
-20.6573
-20.9564
-21.5894
-21.9096
-22.2328
-22.5595
-22.8897
-23.2201
-23.9239
-24.2661
-24.612
-24.9591
-25.3115
-25.6647
-26.3996
-26.763
-27.1281
-27.496
-27.8645
-28.2368
-29.0131
-29.3928
-29.776
-30.1636
-30.5556
-30.9483
-31.7708
-32.1735
-32.5807
-32.9904
-33.4035
-33.8202
-34.6917
-35.1198
-35.5483
-35.9841
-36.4232
-36.8694
-37.7969
-38.252
-38.7118
-39.1745
-39.6417
-40.1131
-41.1018
-41.5889
-42.0793
-42.5732
-43.0763
-43.5825
-44.6482
-45.1778
-45.7104
-46.2509
-46.8101
-47.3795
-48.5967
-49.2167
-49.8504
-50.5095
-51.2021
-51.9245
-53.507
-54.3239
-55.1724
-56.0539
-56.9633
-57.8931
-59.8866
-60.8866
-61.9004
-62.9321
-63.9775
-65.0449
-67.2893
-68.4016
-69.528
-70.6706
-71.829
-73.0056
-75.4869
-76.7177
-77.9701
-79.2399
-80.5318
-81.8473
-84.6318
-86.0291
-87.4459
-88.8755
-90.346
-91.846
-95.0434
-96.6421
-98.2799
-99.9545
-101.669
-103.426
-107.193
-109.116
-111.068
-113.067
-115.088
-117.208
-121.769
-124.09
-126.483
-128.953
-131.532
-134.153
-139.918
-142.878
-145.959
-149.166
-152.52
-156.015
-163.779
-167.856
-172.208
-176.697
-181.505
-186.636
-198.482
-204.681
-211.565
-218.767
-226.612
-234.977
-254.455
-264.772
-275.754
-287.279
-299.728
-312.587
-341.415
-356.26
-371.761
-388.443
-403.704
-419.787
-451.59
-466.531
-477.569
-487.857
-497.259
-503.253
-505.609
-503.358
-499.436
-492.524
-483.192
-471.531
-439.038
-418.076
-393.707
-367.45
-338.535
-306.558
-235.153
-198.417
-161.174
-123.228
-84.9129
-46.806
32.791
71.194
109.466
146.849
184.46
220.719
292.192
323.736
352.911
379.938
402.429
422.98
455.798
468.01
476.897
483.547
487.869
489.521
485.106
479.645
471.425
460.747
448.834
434.861
403.401
387.674
371.899
356.231
341.329
327.379
300.389
288.366
277.172
266.595
256.53
247.242
229.668
221.907
214.725
207.896
201.463
195.48
184.17
179.154
174.394
170.068
165.776
161.677
153.662
150.138
146.733
143.5
140.327
137.299
131.413
128.767
126.166
123.64
121.135
118.765
114.099
111.943
109.847
107.806
105.868
103.931
100.079
98.2819
96.5074
94.7976
93.1444
91.4921
88.2266
86.6916
85.2009
83.714
82.2651
80.8454
77.9884
76.6439
75.3201
74.0185
72.7394
71.4834
68.955
67.7668
66.6021
65.4618
64.3514
63.2772
61.133
60.1557
59.2227
58.3261
57.4533
56.6253
55.031
54.3018
53.5957
52.9119
52.2464
51.6008
50.3069
49.6963
49.0994
48.5105
47.9275
47.3551
46.1931
45.6397
45.0879
44.5469
44.0114
43.4859
42.4093
41.896
41.3877
40.8831
40.3832
39.8887
38.8837
38.4021
37.9249
37.4571
36.9901
36.5278
35.5851
35.1347
34.6885
34.2428
33.804
33.3693
32.4838
32.0625
31.6424
31.2239
30.8116
30.401
29.5632
29.1589
28.7643
28.3695
27.978
27.5885
26.7945
26.4144
26.0367
25.663
25.2908
24.9252
24.1798
23.8274
23.4792
23.1371
22.8044
22.4762
21.8299
21.5357
21.2529
20.9752
20.7109
20.4561
19.961
19.7315
19.5082
19.2891
19.0759
18.8659
18.4404
18.2399
18.0411
17.8427
17.6479
17.4528
17.0583
16.8667
16.6789
16.492
16.3093
16.1262
15.7502
15.5698
15.3916
15.2137
15.0377
14.8632
14.506
14.3349
14.1655
13.9965
13.8288
13.6631
13.3235
13.1611
12.9998
12.8392
12.6805
12.5222
12.1995
12.0448
11.8912
11.7385
11.5871
11.4363
11.127
10.9808
10.8341
10.6885
10.5437
10.3997
10.1059
9.96498
9.82536
9.6865
9.5493
9.41319
9.13732
9.00652
8.87793
8.75241
8.6286
8.50785
8.27232
8.16466
8.05923
7.95783
7.86034
7.7671
7.58146
7.4952
7.41063
7.32753
7.24582
7.16557
7.0022
6.92493
6.84748
6.77038
6.69417
6.62008
6.46599
6.39244
6.31896
6.24636
6.17391
6.10199
5.9547
5.8844
5.81439
5.74471
5.67551
5.60639
5.46622
5.39894
5.33194
5.26519
5.19917
5.13334
4.99907
4.9345
4.87038
4.80658
4.74324
4.68048
4.5516
4.48964
4.4283
4.3672
4.30655
4.24588
4.12206
4.06273
4.00378
3.9448
3.88635
3.8284
3.70982
3.65317
3.59665
3.54131
3.48637
3.43219
3.32358
3.27304
3.22443
3.17765
3.13273
3.04842
2.79169
2.68286
2.58158
2.48763
2.40052
2.31932
2.16671
2.09931
2.03538
1.9745
1.91714
1.86201
1.75582
1.7083
1.66302
1.6191
1.577
1.53642
1.45718
1.4209
1.38644
1.35353
1.32137
1.29003
1.22805
1.20008
1.17284
1.14623
1.12033
1.0951
1.04509
1.0216
0.998782
0.976659
0.95527
0.93454
0.893814
0.875225
0.857212
0.839442
0.821975
0.804782
