-2.58683
-2.88548
-3.2489
-3.67977
-4.15507
-4.66628
-5.21485
-5.8052
-6.44669
-7.16972
-8.04839
-9.11593
-10.3136
-11.6088
-13.0026
-14.506
-16.1404
-17.9707
-20.1778
-22.9167
-26.0599
-29.498
-33.2329
-37.3105
-41.8114
-46.9268
-53.1799
-61.2734
-71.1911
-82.8759
-96.8695
-114.313
-137.297
-170.108
-222.783
-311.03
-427.742
-466.316
-314.265
-7.22599
299.72
451.847
414.674
301.611
217.787
166.878
134.174
110.978
93.3112
79.1455
67.5054
58.2675
51.2337
45.5036
40.4951
35.9873
31.8788
28.1116
24.6844
21.7271
19.3541
17.3711
15.5921
13.9541
12.4348
11.0224
9.71762
8.56028
7.60966
6.81749
6.10731
5.44992
4.83574
4.26027
3.7243
3.24265
2.34567
1.76342
1.38184
1.10695
-2.58787
-2.88426
-2.88671
-3.2474
-3.2504
-3.67807
-3.68148
-4.15323
-4.15692
-4.6643
-4.66826
-5.21273
-5.21698
-5.8029
-5.80749
-6.44417
-6.44921
-7.16678
-7.17266
-8.04473
-8.05206
-9.11166
-9.1202
-10.3089
-10.3182
-11.6038
-11.6138
-12.9972
-13.008
-14.5001
-14.5118
-16.134
-16.1468
-17.9633
-17.9781
-20.1686
-20.187
-22.9055
-22.9278
-26.0476
-26.0722
-29.4846
-29.5114
-33.2183
-33.2474
-37.2945
-37.3265
-41.7937
-41.8292
-46.906
-46.9476
-53.1534
-53.2065
-61.2395
-61.3072
-71.1509
-71.2314
-82.8284
-82.9234
-96.8117
-96.9274
-114.239
-114.386
-137.197
-137.398
-169.957
-170.259
-222.529
-223.038
-310.625
-311.435
-427.347
-428.137
-466.503
-466.127
-315.21
-313.317
-8.46888
-5.98315
298.775
300.66
451.662
452.03
415.053
414.293
301.997
301.225
218.03
217.544
167.027
166.73
134.275
134.073
111.052
110.903
93.3698
93.2526
79.1934
79.0976
67.5445
67.4663
58.2975
58.2376
51.257
51.2103
45.5235
45.4838
40.5128
40.4774
36.0033
35.9712
31.8935
31.8641
28.1251
28.0981
24.6965
24.6724
21.737
21.7171
19.3621
19.3462
17.378
17.3641
15.5984
15.5857
13.9599
13.9482
12.4402
12.4293
11.0274
11.0173
9.72227
9.71298
8.56424
8.55633
7.61285
7.60646
6.82027
6.81472
6.10986
6.10477
5.4523
5.44755
4.83796
4.83352
4.26236
4.25819
3.72622
3.72238
3.24432
3.24099
2.34847
2.34287
1.76514
1.7617
1.38302
1.38066
1.10784
-2.59669
-2.87394
-2.89712
-3.23469
-3.26319
-3.6636
-3.696
-4.13757
-4.17262
-4.64751
-4.68511
-5.19468
-5.23507
-5.78344
-5.82701
-6.42281
-6.47065
-7.14192
-7.19775
-8.01373
-8.08331
-9.07544
-9.15658
-10.2693
-10.3579
-11.5612
-11.6566
-12.9513
-13.054
-14.4505
-14.5616
-16.0796
-16.2014
-17.9008
-18.0411
-20.0904
-20.266
-22.8113
-23.0224
-25.9431
-26.1771
-29.371
-29.6254
-33.0947
-33.3715
-37.1591
-37.4624
-41.6428
-41.9809
-46.7301
-47.1248
-52.929
-53.4335
-60.9528
-61.5962
-70.8101
-71.5743
-82.4264
-83.3282
-96.3224
-97.4213
-113.615
-115.017
-136.348
-138.257
-168.688
-171.552
-220.384
-225.221
-307.208
-314.9
-423.963
-431.458
-467.983
-464.423
-323.129
-305.209
-18.9595
4.57936
290.623
308.551
449.974
453.469
418.216
410.996
305.303
297.956
220.116
215.503
168.301
165.478
135.139
133.218
111.69
110.272
93.8702
92.7567
79.6023
78.6918
67.8785
67.1352
58.5536
57.9844
51.456
51.0128
45.6928
45.3153
40.6636
40.3272
36.14
35.835
32.0186
31.7394
28.2399
27.9838
24.7993
24.5701
21.8219
21.633
19.4301
19.2786
17.4373
17.305
15.6526
15.5317
14.0101
13.8982
12.4868
12.3828
11.0707
10.9741
9.76184
9.67359
8.59799
8.52286
7.64011
7.57941
6.84394
6.79116
6.13154
6.08315
5.4725
5.42741
4.85688
4.81466
4.28007
4.24053
3.74254
3.70612
3.25857
3.22686
2.3725
2.31936
1.77987
1.7472
1.39306
1.37071
1.11542
-2.6251
-2.66643
-2.70863
-2.75172
-2.79596
-2.8414
-2.93085
-2.98034
-3.03149
-3.08425
-3.13861
-3.1946
-3.30448
-3.36473
-3.42631
-3.48898
-3.55283
-3.61769
-3.74264
-3.8101
-3.87838
-3.94735
-4.01718
-4.08778
-4.22301
-4.29574
-4.36922
-4.44336
-4.51835
-4.5941
-4.73916
-4.81718
-4.896
-4.97554
-5.05601
-5.13734
-5.29314
-5.37698
-5.46174
-5.54732
-5.63396
-5.72159
-5.88973
-5.9804
-6.0722
-6.16509
-6.25937
-6.35507
-6.53972
-6.64015
-6.74246
-6.84686
-6.95386
-7.06354
-7.27899
-7.39824
-7.52142
-7.64861
-7.78018
-7.9161
-8.18436
-8.3325
-8.48452
-8.63983
-8.79871
-8.9606
-9.2736
-9.44318
-9.61504
-9.78891
-9.96517
-10.1435
-10.4854
-10.6695
-10.8556
-11.0435
-11.2336
-11.4257
-11.7938
-11.9919
-12.1921
-12.3941
-12.5987
-12.8054
-13.2018
-13.4152
-13.631
-13.8489
-14.0696
-14.2929
-14.7214
-14.9525
-15.1865
-15.4233
-15.6636
-15.9072
-16.3772
-16.6322
-16.8918
-17.1562
-17.4264
-17.7033
-18.2451
-18.5446
-18.8534
-19.1722
-19.5023
-19.8443
-20.522
-20.8984
-21.2864
-21.685
-22.0941
-22.5132
-23.3275
-23.7704
-24.2207
-24.6773
-25.141
-25.6109
-26.5142
-27.0016
-27.4949
-27.9939
-28.4989
-29.0098
-29.9916
-30.5206
-31.056
-31.5979
-32.1465
-32.702
-33.7701
-34.3464
-34.9302
-35.5217
-36.1212
-36.729
-37.8998
-38.533
-39.1757
-39.8281
-40.491
-41.1647
-42.4693
-43.1791
-43.9031
-44.6424
-45.3997
-46.1752
-47.6991
-48.5418
-49.4125
-50.3153
-51.2515
-52.2247
-54.1714
-55.262
-56.396
-57.5716
-58.79
-60.0491
-62.532
-63.901
-65.3058
-66.746
-68.2216
-69.7325
-72.6821
-74.2977
-75.9508
-77.6437
-79.3783
-81.1564
-84.6386
-86.5557
-88.5233
-90.549
-92.6334
-94.7808
-99.0225
-101.377
-103.811
-106.33
-108.943
-111.655
-117.07
-120.111
-123.282
-126.595
-130.062
-133.697
-141.072
-145.28
-149.727
-154.444
-159.442
-164.761
-175.813
-182.316
-189.292
-196.816
-204.971
-213.787
-232.462
-243.557
-255.496
-268.292
-281.945
-296.49
-326.167
-342.904
-360.273
-377.909
-395.44
-412.512
-441.442
-453.832
-463.526
-469.706
-472.446
-471.297
-457.625
-444.32
-426.575
-404.54
-377.909
-347.068
-278.165
-236.722
-192.94
-147.265
-100.282
-52.5484
38.2637
85.9461
132.935
178.511
222.32
263.549
332.584
363.419
389.95
412.109
429.745
443.166
456.849
458.135
455.625
449.546
440.063
427.959
399.755
383.037
366.018
348.954
332.303
316.143
287.74
273.951
260.936
248.815
237.521
227.013
209.196
200.766
192.927
185.629
178.829
172.499
161.59
156.314
151.344
146.636
142.187
137.966
130.549
126.889
123.389
120.043
116.841
113.767
108.288
105.542
102.897
100.345
97.8777
95.4933
91.1947
89.0185
86.9068
84.8554
82.863
80.9255
77.4116
75.6236
73.8851
72.1956
70.5546
68.9625
66.0928
64.6463
63.2523
61.912
60.624
59.3882
57.1911
56.0939
55.0406
54.0265
53.0475
52.1009
50.3898
49.5198
48.6713
47.8426
47.0323
46.2389
44.7816
44.0304
43.2923
42.5662
41.8519
41.1488
39.8505
39.1775
38.5143
37.8605
37.2156
36.5797
35.4021
34.7904
34.1865
33.5905
33.002
32.4209
31.3431
30.7825
30.2289
29.6821
29.142
28.6088
27.6205
27.1072
26.6013
26.1031
25.6128
25.1307
24.2466
23.7928
23.3503
22.9201
22.502
22.097
21.3688
21.0019
20.6472
20.3047
19.9725
19.6499
19.0652
18.7662
18.4733
18.1869
17.9052
17.6282
17.1175
16.8524
16.5909
16.3332
16.0784
15.8267
15.36
15.1168
14.8763
14.6388
14.4037
14.1711
13.7392
13.5138
13.2909
13.0706
12.8524
12.6364
12.2351
12.0256
11.8183
11.6135
11.4105
11.2098
10.8369
10.6425
10.4504
10.261
10.0738
9.88915
9.54875
9.37288
9.20044
9.0321
8.86756
8.70723
8.41749
8.27074
8.12853
7.99106
7.85773
7.72834
7.494
7.3742
7.25726
7.14289
7.03044
6.92007
6.71638
6.61069
6.50639
6.40352
6.30175
6.20115
6.01446
5.91701
5.82059
5.72529
5.63083
5.53732
5.36335
5.27245
5.18242
5.09336
5.00503
4.91754
4.75467
4.66951
4.58515
4.50169
4.41891
4.3369
4.18437
4.10471
4.02588
3.94806
3.87106
3.79504
3.65456
3.58181
3.51034
3.44033
3.37173
3.30456
3.18224
3.03368
2.86436
2.71266
2.57624
2.45212
2.24708
2.15109
2.06194
1.9788
1.90109
1.8282
1.70213
1.64089
1.58317
1.52823
1.47581
1.4259
1.3394
1.296
1.25434
1.21424
1.17606
1.1399
