-2.19943
-2.37353
-2.55947
-2.76152
-2.98587
-3.23816
-3.5193
-3.82555
-4.15286
-4.49924
-4.86469
-5.25031
-5.65812
-6.09171
-6.55753
-7.06685
-7.63621
-8.28069
-9.00159
-9.78882
-10.6319
-11.526
-12.4713
-13.4713
-14.5317
-15.6631
-16.8834
-18.2252
-19.7347
-21.4527
-23.3828
-25.4978
-27.7727
-30.1981
-32.7798
-35.5338
-38.4852
-41.6754
-45.1748
-49.101
-53.6193
-58.8895
-64.9719
-71.8675
-79.619
-88.365
-98.3581
-109.993
-123.863
-140.867
-162.444
-190.754
-228.388
-276.256
-329.034
-368.686
-366.213
-300.252
-172.142
-6.99213
157.954
286.181
352.222
355.947
317.808
267.465
221.828
185.962
158.524
137.282
120.347
106.46
94.7666
84.7304
76.004
68.4025
61.8577
56.2978
51.5513
47.4013
43.6749
40.267
37.1117
34.1702
31.4161
28.8363
26.4316
24.2205
22.2349
20.4872
18.9454
17.5567
16.278
15.0841
13.9604
12.899
11.8945
10.9452
10.054
9.22947
8.48401
7.82239
7.23282
6.69673
6.19921
5.73137
5.28836
4.86735
4.46687
4.08702
3.73014
3.4018
2.89966
2.29877
1.88319
1.57567
1.33641
1.14515
0.988026
0.859021
-2.20035
-2.37255
-2.3745
-2.55842
-2.56052
-2.76037
-2.76267
-2.98458
-2.98716
-3.23671
-3.23961
-3.5177
-3.5209
-3.82382
-3.82727
-4.15103
-4.15469
-4.49731
-4.50118
-4.86265
-4.86673
-5.24816
-5.25246
-5.65584
-5.6604
-6.08927
-6.09414
-6.5549
-6.56017
-7.06394
-7.06977
-7.63292
-7.6395
-8.27697
-8.28442
-8.99749
-9.0057
-9.78438
-9.79326
-10.6271
-10.6366
-11.521
-11.531
-12.466
-12.4766
-13.4657
-13.4769
-14.5258
-14.5377
-15.6568
-15.6695
-16.8765
-16.8903
-18.2176
-18.2329
-19.7259
-19.7434
-21.4427
-21.4626
-23.3717
-23.3938
-25.4858
-25.5097
-27.7599
-27.7854
-30.1845
-30.2117
-32.7653
-32.7943
-35.5184
-35.5493
-38.4686
-38.5019
-41.6573
-41.6935
-45.1548
-45.1948
-49.0782
-49.1238
-53.5928
-53.6458
-58.8587
-58.9204
-64.9366
-65.0071
-71.8279
-71.9073
-79.5744
-79.6637
-88.3144
-88.4156
-98.2997
-98.4165
-109.925
-110.062
-123.78
-123.946
-140.764
-140.97
-162.311
-162.577
-190.578
-190.931
-228.156
-228.621
-275.972
-276.54
-328.76
-329.308
-368.556
-368.815
-366.387
-366.037
-300.778
-299.723
-172.965
-171.318
-7.92625
-6.05813
157.122
158.786
285.638
286.722
352.043
352.399
356.069
355.823
318.07
317.545
267.735
267.196
222.048
221.61
186.132
185.792
158.654
158.394
137.385
137.18
120.43
120.264
106.529
106.391
94.8252
94.7081
84.7811
84.6797
76.0483
75.9597
68.4409
68.3641
61.8905
61.8249
56.3256
56.27
51.5754
51.5273
47.4226
47.38
43.6942
43.6556
40.2848
40.2493
37.1282
37.0951
34.1857
34.1547
31.4305
31.4016
28.8499
28.8228
26.4442
26.4191
24.232
24.2091
22.2451
22.2248
20.496
20.4783
18.9533
18.9374
17.564
17.5495
16.2847
16.2713
15.0904
15.0778
13.9664
13.9545
12.9046
12.8933
11.8998
11.8892
10.9503
10.9402
10.0587
10.0493
9.23375
9.22519
8.48783
8.4802
7.82577
7.819
7.23586
7.22978
6.69953
6.69393
6.20183
6.1966
5.73384
5.7289
5.29071
5.28602
4.86958
4.86512
4.46899
4.46475
4.08903
4.08502
3.73201
3.72827
3.4035
3.40011
2.90367
2.89566
2.30144
2.29611
1.88513
1.88125
1.57714
1.5742
1.33758
1.33525
1.14605
1.14425
0.988805
0.987248
0.859651
-2.20702
-2.36549
-2.38158
-2.55082
-2.56814
-2.75204
-2.77105
-2.97524
-2.99654
-3.22621
-3.25016
-3.50612
-3.53254
-3.81134
-3.83979
-4.13778
-4.16798
-4.48331
-4.51521
-4.84789
-4.88153
-5.23256
-5.2681
-5.63935
-5.67698
-6.07162
-6.11184
-6.53585
-6.57931
-7.04288
-7.09095
-7.60915
-7.66342
-8.25008
-8.31146
-8.96775
-9.03556
-9.75226
-9.82545
-10.5929
-10.6709
-11.4848
-11.5672
-12.4278
-12.5149
-13.4252
-13.5175
-14.4828
-14.5809
-15.6107
-15.7158
-16.8264
-16.9407
-18.1619
-18.2889
-19.6627
-19.807
-21.3709
-21.5348
-23.2919
-23.4739
-25.3994
-25.5965
-27.6675
-27.8782
-30.0861
-30.3104
-32.6605
-32.8994
-35.4064
-35.6617
-38.3482
-38.6228
-41.5264
-41.8249
-45.01
-45.3405
-48.9137
-49.2897
-53.4016
-53.8386
-58.6363
-59.145
-64.6818
-65.2635
-71.5412
-72.1961
-79.2516
-79.9882
-87.9488
-88.7835
-97.878
-98.8415
-109.43
-110.561
-123.183
-124.549
-140.023
-141.721
-161.352
-163.551
-189.307
-192.223
-226.479
-230.317
-273.917
-278.602
-326.746
-331.281
-367.572
-369.711
-367.59
-364.703
-304.576
-295.811
-178.911
-165.323
-14.7017
0.70471
151.048
164.786
281.637
290.578
350.679
353.633
356.91
354.925
319.967
315.656
269.694
265.244
223.655
220.028
187.376
184.566
159.604
157.454
138.13
136.444
121.037
119.664
107.03
105.892
95.2515
94.285
85.1501
84.3132
76.3705
75.6396
68.7202
68.0869
62.1295
61.5879
56.5281
56.0693
51.7502
51.3536
47.5772
47.2261
43.8346
43.516
40.414
40.1205
37.2484
36.9755
34.2979
34.0427
31.5357
31.2967
28.9483
28.7247
26.5356
26.3281
24.3151
24.1265
22.3187
22.1517
20.5607
20.414
19.0108
18.8803
17.6164
17.4973
16.3334
16.2229
15.136
15.0323
14.0094
13.9116
12.9453
12.8527
11.9383
11.8507
10.9866
10.904
10.0926
10.0155
9.26483
9.19424
8.51558
8.45255
7.85037
7.79448
7.25795
7.2078
6.71986
6.67367
6.22081
6.17767
5.75178
5.71101
5.30774
5.26903
4.88578
4.84896
4.4844
4.44939
4.10358
4.0705
3.74558
3.71476
3.41579
3.38789
2.933
2.86698
2.32095
2.27694
1.8992
1.86743
1.58785
1.56361
1.3461
1.32682
1.15263
1.13746
0.994476
0.981631
0.864226
-2.22494
-2.24884
-2.27298
-2.29732
-2.32194
-2.34668
-2.40058
-2.42606
-2.45185
-2.47782
-2.50409
-2.53063
-2.58863
-2.61617
-2.64404
-2.67232
-2.70095
-2.72991
-2.79357
-2.824
-2.85482
-2.88619
-2.91806
-2.95053
-3.02182
-3.05596
-3.09069
-3.12607
-3.16188
-3.19835
-3.27862
-3.31682
-3.35567
-3.39506
-3.43502
-3.47541
-3.56378
-3.60574
-3.64826
-3.69107
-3.73438
-3.77811
-3.87337
-3.9184
-3.96383
-4.00964
-4.05593
-4.10242
-4.20361
-4.25143
-4.29945
-4.34792
-4.39678
-4.44608
-4.55282
-4.6032
-4.65397
-4.70521
-4.75665
-4.80853
-4.92129
-4.97434
-5.02789
-5.08185
-5.13623
-5.19112
-5.31
-5.36614
-5.42288
-5.4798
-5.53729
-5.59533
-5.7214
-5.78097
-5.84107
-5.90171
-5.96303
-6.02468
-6.1593
-6.22314
-6.28745
-6.35263
-6.41851
-6.48513
-6.63074
-6.69998
-6.77026
-6.84157
-6.91362
-6.98695
-7.14814
-7.22498
-7.30319
-7.38281
-7.46377
-7.54612
-7.72784
-7.81495
-7.90361
-7.99376
-8.08545
-8.17877
-8.38414
-8.48225
-8.58172
-8.6827
-8.78502
-8.88869
-9.11574
-9.22356
-9.33264
-9.44287
-9.55426
-9.66675
-9.91185
-10.0278
-10.1448
-10.2628
-10.3818
-10.5021
-10.7628
-10.886
-11.01
-11.1352
-11.2613
-11.3884
-11.6644
-11.7947
-11.926
-12.0583
-12.1916
-12.3259
-12.6177
-12.7554
-12.8942
-13.0341
-13.1752
-13.3173
-13.6263
-13.7724
-13.9193
-14.0676
-14.2172
-14.3682
-14.6966
-14.8518
-15.0085
-15.1667
-15.3265
-15.488
-15.8398
-16.0066
-16.1753
-16.3459
-16.5186
-16.6932
-17.076
-17.2582
-17.4433
-17.6302
-17.8207
-18.0142
-18.4397
-18.6434
-18.8507
-19.0619
-19.277
-19.4953
-19.9786
-20.2105
-20.4465
-20.6868
-20.9315
-21.1805
-21.7291
-21.9915
-22.258
-22.5288
-22.8021
-23.08
-23.689
-23.9784
-24.2713
-24.5675
-24.8668
-25.1699
-25.8299
-26.1417
-26.4571
-26.7755
-27.0967
-27.4216
-28.1272
-28.4606
-28.7971
-29.1365
-29.4789
-29.8243
-30.5754
-30.9304
-31.2885
-31.6498
-32.0143
-32.3818
-33.1818
-33.5601
-33.9418
-34.3272
-34.7162
-35.1086
-35.9635
-36.3685
-36.7771
-37.1896
-37.6066
-38.0284
-38.9476
-39.3836
-39.8245
-40.2707
-40.7219
-41.1788
-42.1785
-42.6542
-43.137
-43.6265
-44.1227
-44.6263
-45.7329
-46.2634
-46.8023
-47.3503
-47.9095
-48.4785
-49.7377
-50.3428
-50.9609
-51.5927
-52.2374
-52.8963
-54.3597
-55.0665
-55.7877
-56.5244
-57.2773
-58.0465
-59.7514
-60.5705
-61.4057
-62.2565
-63.1241
-64.0071
-65.9548
-66.888
-67.8371
-68.8021
-69.7834
-70.7807
-72.9745
-74.0242
-75.0905
-76.1741
-77.2759
-78.3964
-80.8644
-82.0451
-83.2455
-84.4696
-85.715
-86.9813
-89.7766
-91.1194
-92.4893
-93.8894
-95.3121
-96.7647
-99.9897
-101.545
-103.133
-104.759
-106.422
-108.124
-111.915
-113.757
-115.641
-117.575
-119.564
-121.609
-126.187
-128.417
-130.722
-133.093
-135.543
-138.071
-143.766
-146.577
-149.481
-152.489
-155.597
-158.827
-166.207
-169.851
-173.633
-177.575
-181.697
-185.979
-195.754
-200.622
-205.704
-210.944
-216.377
-222.057
-234.967
-241.293
-247.812
-254.514
-261.445
-268.503
-284.144
-291.621
-299.11
-306.505
-313.842
-321.23
-336.472
-343.122
-349.416
-355.058
-360.152
-364.714
-371.695
-373.419
-374.206
-374.117
-372.84
-370.298
-360.435
-353.936
-345.932
-336.602
-325.847
-314.322
-284.877
-269.172
-251.909
-233.948
-214.813
-194.63
-148.944
-126.404
-103.466
-80.2429
-56.5868
-32.7978
18.7354
42.4806
66.1655
89.5956
112.349
134.608
180.537
200.579
219.546
237.353
254.526
270.407
300.324
312.231
322.804
332.107
340.095
346.587
356.459
359.147
360.554
361.059
360.409
358.738
352.169
347.729
342.751
337.416
331.499
324.988
310.548
303.643
296.455
289.215
281.999
274.929
260.08
253.363
246.798
240.446
234.17
228.098
215.819
210.429
205.25
200.248
195.421
190.775
181.357
177.234
173.252
169.425
165.741
162.188
154.988
151.817
148.759
145.793
142.927
140.156
134.504
131.992
129.555
127.196
124.903
122.676
118.092
116.053
114.062
112.12
110.23
108.388
104.575
102.868
101.202
99.5698
97.9687
96.4042
93.1659
91.7056
90.2752
88.8723
87.4955
86.1469
83.3433
82.0753
80.8314
79.6114
78.4146
77.2399
74.7931
73.6866
72.6019
71.538
70.4951
69.4747
67.3541
66.3974
65.4614
64.5458
63.6501
62.7755
60.9626
60.149
59.3542
58.5776
57.8185
57.0762
55.5392
54.8487
54.1711
53.5069
52.8581
52.2214
50.8948
50.2949
49.7049
49.1253
48.555
47.9939
46.8182
46.2825
45.7542
45.2333
44.7195
44.2122
43.1449
42.6571
42.1751
41.6985
41.2272
40.7612
39.7783
39.3276
38.8818
38.4406
38.0037
37.5711
36.6574
36.2379
35.8225
35.4109
35.0031
34.5993
33.7451
33.3528
32.964
32.5785
32.1965
31.8181
31.0178
30.6501
30.2858
29.9248
29.567
29.2127
28.464
28.1203
27.7802
27.4436
27.1106
26.781
26.0866
25.7687
25.4551
25.1452
24.8397
24.5392
23.9077
23.6199
23.3373
23.0592
22.7859
22.5174
21.9573
21.7037
21.4551
21.2104
20.9705
20.735
20.2438
20.021
19.8018
19.5861
19.3741
19.1656
18.7283
18.5294
18.3323
18.138
17.9464
17.7572
17.3582
17.1756
16.995
16.8166
16.6392
16.4639
16.0938
15.9237
15.7552
15.5881
15.4225
15.2584
14.911
14.7512
14.5928
14.4355
14.2795
14.1248
13.7971
13.6463
13.4967
13.3482
13.2011
13.0545
12.7444
12.6016
12.46
12.3194
12.18
12.0416
11.7482
11.6132
11.4793
11.3465
11.2147
11.0841
10.8075
10.6804
10.5544
10.4296
10.306
10.1837
9.92575
9.8072
9.6903
9.57488
9.46088
9.34836
9.11205
9.00443
8.89843
8.79404
8.69135
8.59034
8.37926
8.28348
8.18935
8.09685
8.00592
7.91652
7.72956
7.64465
7.56098
7.47853
7.39742
7.31737
7.14934
7.07257
6.99668
6.92171
6.84765
6.77452
6.61976
6.54889
6.47878
6.40905
6.34006
6.27176
6.12721
6.06068
5.99468
5.92922
5.8644
5.79986
5.66332
5.60054
5.53797
5.476
5.41447
5.35337
5.22375
5.164
5.10468
5.04587
4.98726
4.92918
4.806
4.74904
4.6926
4.63656
4.58091
4.52577
4.40846
4.35449
4.301
4.24771
4.19495
4.14263
4.03192
3.98086
3.93039
3.8804
3.831
3.78199
3.67879
3.63169
3.58497
3.53897
3.49364
3.44892
3.35546
3.31306
3.27147
3.2307
3.12674
3.0138
2.79266
2.69902
2.61053
2.52715
2.44877
2.37456
2.22746
2.16438
2.10399
2.04594
1.99058
1.93751
1.8315
1.78507
1.74043
1.69747
1.65629
1.61663
1.53571
1.49976
1.46493
1.43207
1.40025
1.36917
1.30462
1.27594
1.24816
1.22131
1.19536
1.17059
1.11948
1.09653
1.07402
1.05209
1.03069
1.00985
0.966806
0.947601
0.928946
0.910863
0.893249
0.876524
