-1.74786
-2.04338
-2.36843
-2.73669
-3.18931
-3.75356
-4.39799
-5.11026
-5.89884
-6.79228
-7.8844
-9.27576
-10.8971
-12.7005
-14.7031
-16.9683
-19.7128
-23.267
-27.52
-32.3192
-37.7276
-43.9602
-51.6524
-62.075
-75.6296
-92.6743
-115.179
-147.818
-202.309
-300.875
-412.729
-336.849
-7.06723
322.508
399.459
291.475
197.657
144.457
111.765
89.0567
71.9723
59.0951
49.8176
42.5604
36.3828
30.9551
26.1546
22.0889
18.9379
16.3836
14.1423
12.1265
10.3094
8.72589
7.46385
6.44115
5.54071
4.72365
3.97902
3.32242
2.22334
1.55313
1.14475
0.867825
0.664822
-1.74866
-2.04251
-2.04425
-2.36747
-2.3694
-2.73556
-2.73782
-3.18788
-3.19075
-3.75184
-3.75527
-4.39608
-4.3999
-5.10815
-5.11236
-5.8965
-5.90118
-6.78956
-6.79501
-7.88091
-7.8879
-9.27147
-9.28004
-10.8923
-10.9019
-12.6951
-12.7058
-14.6971
-14.709
-16.9614
-16.9752
-19.7041
-19.7216
-23.2558
-23.2781
-27.5072
-27.5327
-32.3049
-32.3335
-37.7114
-37.7438
-43.9411
-43.9793
-51.6275
-51.6773
-62.0412
-62.1089
-75.5871
-75.6721
-92.6201
-92.7285
-115.104
-115.253
-147.704
-147.932
-202.105
-202.514
-300.527
-301.222
-412.567
-412.889
-337.476
-336.219
-8.14758
-5.98668
321.861
323.141
399.622
399.296
291.806
291.145
197.854
197.46
144.57
144.343
111.84
111.69
89.1115
89.002
72.0143
71.9304
59.1257
59.0646
49.8402
49.795
42.579
42.5417
36.399
36.3666
30.9695
30.9407
26.1672
26.142
22.099
22.0788
18.9457
18.9301
16.3903
16.3769
14.1482
14.1363
12.1319
12.1211
10.3142
10.3045
8.72992
8.72187
7.46698
7.46071
6.44382
6.43847
5.54312
5.5383
4.72585
4.72146
3.98101
3.97703
3.3241
3.32074
2.22586
2.22082
1.55456
1.5517
1.14565
1.14386
0.868456
0.867194
0.66533
-1.75642
-2.03404
-2.05275
-2.35808
-2.37882
-2.72461
-2.74885
-3.1739
-3.20483
-3.73516
-3.77202
-4.37751
-4.41852
-5.08768
-5.13291
-5.8737
-5.92407
-6.76307
-6.82165
-7.84703
-7.92206
-9.2298
-9.32192
-10.8454
-10.949
-12.6432
-12.7579
-14.6392
-14.7672
-16.8945
-17.0426
-19.6189
-19.8075
-23.1478
-23.3867
-27.3833
-27.6571
-32.1658
-32.4731
-37.5536
-37.9023
-43.7556
-44.166
-51.3862
-51.9214
-61.7128
-62.4403
-75.1738
-76.0884
-92.0939
-93.2597
-114.383
-115.984
-146.6
-149.053
-200.123
-204.526
-297.181
-304.632
-410.881
-414.355
-343.458
-329.954
-18.6712
4.5584
315.473
329.034
400.965
397.672
295.042
287.936
199.79
195.558
145.686
143.245
112.577
110.964
89.6476
88.4708
72.4253
71.5229
59.4253
58.7685
50.0611
49.5757
42.7615
42.3601
36.5576
36.2087
31.1098
30.8009
26.2903
26.0195
22.1981
21.9806
19.0222
18.8542
16.4555
16.312
14.2065
14.0782
12.1845
12.0686
10.3613
10.2576
8.76933
8.68275
7.49765
7.43024
6.46995
6.41246
5.56661
5.51488
4.74728
4.70008
4.00044
3.95767
3.34053
3.30443
2.25072
2.19663
1.56856
1.53789
1.1545
1.13487
0.874624
0.861064
0.670304
-1.78471
-1.82732
-1.87049
-1.91427
-1.9586
-2.00354
-2.08372
-2.13041
-2.17779
-2.2259
-2.27471
-2.32432
-2.41324
-2.4653
-2.51843
-2.57278
-2.62835
-2.6854
-2.78942
-2.85151
-2.9158
-2.98263
-3.052
-3.12396
-3.25663
-3.33585
-3.41752
-3.50143
-3.58736
-3.6752
-3.8332
-3.92566
-4.01965
-4.11524
-4.21221
-4.31062
-4.48647
-4.58891
-4.69284
-4.79836
-4.90532
-5.01388
-5.20788
-5.32098
-5.43583
-5.55261
-5.67115
-5.79165
-6.00773
-6.13425
-6.26329
-6.39524
-6.53002
-6.66822
-6.91949
-7.06923
-7.2242
-7.38519
-7.55226
-7.72628
-8.04789
-8.24141
-8.44174
-8.64882
-8.86169
-9.08021
-9.47502
-9.70694
-9.94314
-10.1837
-10.4281
-10.6765
-11.1207
-11.3797
-11.6427
-11.91
-12.181
-12.4561
-12.9482
-13.2352
-13.5268
-13.8233
-14.1245
-14.4306
-14.9797
-15.3011
-15.6288
-15.9635
-16.3052
-16.6547
-17.2895
-17.6667
-18.0563
-18.4601
-18.8792
-19.3156
-20.1247
-20.6135
-21.1223
-21.6507
-22.197
-22.7606
-23.785
-24.3899
-25.0082
-25.6395
-26.2824
-26.9371
-28.1115
-28.7983
-29.4969
-30.2075
-30.9303
-31.6654
-32.9829
-33.7545
-34.5399
-35.3399
-36.1553
-36.9865
-38.482
-39.3611
-40.26
-41.1801
-42.123
-43.0909
-44.8523
-45.9036
-46.9916
-48.1218
-49.298
-50.5281
-52.8235
-54.2265
-55.698
-57.2406
-58.8559
-60.5419
-63.6603
-65.5342
-67.4749
-69.4821
-71.5552
-73.6975
-77.6188
-79.9633
-82.3901
-84.904
-87.5101
-90.2162
-95.2196
-98.2454
-101.405
-104.715
-108.185
-111.83
-118.693
-122.922
-127.408
-132.182
-137.27
-142.725
-153.26
-159.95
-167.228
-175.127
-183.77
-193.251
-212.136
-224.423
-237.883
-252.516
-268.362
-285.327
-317.177
-336.151
-354.994
-373.228
-389.635
-403.62
-418.418
-419.74
-415.344
-404.58
-387.317
-363.264
-305.296
-263.646
-217.017
-166.037
-112.347
-56.562
42.4671
98.1346
151.964
202.749
249.358
290.958
348.982
373.21
390.512
401.328
406.012
404.735
390.561
377.058
361.032
343.39
325.239
306.929
276.561
260.467
245.467
231.541
218.771
207.088
188.923
179.776
171.357
163.618
156.476
149.853
139.381
133.945
128.856
124.066
119.556
115.303
108.392
104.714
101.212
97.8726
94.6806
91.6266
86.5789
83.8508
81.2277
78.7037
76.2766
73.9411
70.0717
67.9825
65.985
64.0786
62.2623
60.5358
57.7178
56.2191
54.7909
53.4289
52.1249
50.8743
48.7926
47.6573
46.5562
45.4864
44.4447
43.4291
41.7088
40.7557
39.8233
38.91
38.0147
37.1371
35.641
34.8079
33.9898
33.1866
32.3975
31.6221
30.298
29.5596
28.8345
28.1228
27.4248
26.7409
25.5799
24.939
24.3159
23.7109
23.1269
22.564
21.6309
21.127
20.6443
20.18
19.7341
19.3035
18.5822
18.1863
17.8006
17.4235
17.0551
16.6939
16.0782
15.7352
15.3981
15.0662
14.7401
14.4191
13.869
13.5615
13.2585
12.9599
12.666
12.3764
11.8798
11.602
11.3285
11.0589
10.7941
10.5336
10.0889
9.84203
9.60065
9.36507
9.13608
8.91416
8.5434
8.34224
8.14863
7.96238
7.78314
7.61038
7.32119
7.16259
7.00821
6.85733
6.7099
6.56544
6.31883
6.18133
6.04608
5.91279
5.78162
5.65237
5.43046
5.30617
5.18356
5.06251
4.94318
4.82544
4.62306
4.50957
4.39766
4.28719
4.17845
4.07138
3.88808
3.78609
3.68619
3.58847
3.49336
3.40096
3.24623
3.10197
2.87506
2.67545
2.50052
2.34553
2.11261
1.99652
1.89036
1.79284
1.70321
1.62061
1.48917
1.42098
1.35817
1.29819
1.24109
1.18779
1.1026
1.05702
1.01364
0.972667
0.93399
0.897561
0.839104
0.807167
0.776152
0.746031
0.71686
0.688639
