-2.46781
-2.71896
-3.00788
-3.35191
-3.7458
-4.17468
-4.63322
-5.12228
-5.64481
-6.20676
-6.82267
-7.53074
-8.38189
-9.37089
-10.4589
-11.6267
-12.8754
-14.2125
-15.6536
-17.2329
-19.0418
-21.226
-23.8094
-26.6864
-29.801
-33.1598
-36.7929
-40.7587
-45.1696
-50.3045
-56.6528
-64.4925
-73.6923
-84.3376
-96.8393
-111.987
-131.176
-156.966
-194.339
-251.475
-330.636
-401.089
-386.875
-243.256
-7.07172
229.113
372.298
387.153
318.783
243.985
189.983
153.637
127.911
108.571
93.2586
80.6236
69.9961
61.2135
54.2459
48.6203
43.772
39.4242
35.4544
31.7986
28.4173
25.3123
22.561
20.2646
18.3471
16.6535
15.0994
13.6534
12.3029
11.0394
9.86547
8.80673
7.90513
7.14744
6.47684
5.85848
5.27978
4.73481
4.22114
3.73983
3.30394
2.54184
1.93599
1.53417
1.24604
1.02486
-2.46881
-2.71785
-2.72008
-3.00656
-3.0092
-3.35036
-3.35346
-3.74408
-3.74752
-4.17283
-4.17654
-4.63125
-4.63519
-5.12018
-5.12439
-5.64255
-5.64707
-6.20431
-6.2092
-6.81995
-6.82539
-7.52752
-7.53396
-8.37802
-8.38575
-9.36654
-9.37524
-10.4542
-10.4636
-11.6217
-11.6317
-12.87
-12.8808
-14.2067
-14.2182
-15.6473
-15.6598
-17.226
-17.2399
-19.0336
-19.05
-21.216
-21.236
-23.7979
-23.8208
-26.6739
-26.6989
-29.7875
-29.8145
-33.1453
-33.1743
-36.7772
-36.8087
-40.7413
-40.776
-45.15
-45.1893
-50.2809
-50.3282
-56.6233
-56.6824
-64.4571
-64.528
-73.6511
-73.7335
-84.29
-84.3853
-96.7824
-96.8963
-111.917
-112.058
-131.085
-131.267
-156.84
-157.092
-194.149
-194.529
-251.186
-251.764
-330.287
-330.985
-400.916
-401.26
-387.197
-386.55
-244.1
-242.41
-8.12444
-6.01891
228.262
229.962
371.977
372.618
387.311
386.993
319.116
318.451
244.258
243.713
190.166
189.801
153.761
153.513
128.001
127.82
108.642
108.5
93.3162
93.201
80.6717
80.5755
70.0367
69.9556
61.2462
61.1809
54.2716
54.2201
48.6419
48.5988
43.7911
43.753
39.4415
39.4069
35.4703
35.4384
31.8132
31.784
28.4309
28.4038
25.3246
25.3
22.5716
22.5505
20.2733
20.256
18.3545
18.3397
16.6602
16.6467
15.1057
15.0932
13.6592
13.6476
12.3083
12.2975
11.0445
11.0343
9.87016
9.86079
8.81084
8.80262
7.90855
7.90173
7.15038
7.1445
6.47951
6.47418
5.86097
5.85598
5.28213
5.27744
4.73703
4.7326
4.22322
4.21906
3.74176
3.7379
3.30562
3.30226
2.54505
2.53864
1.938
1.93398
1.53559
1.53276
1.24708
1.24499
1.02567
-2.47676
-2.70898
-2.729
-2.99608
-3.01974
-3.33798
-3.3659
-3.73034
-3.76132
-4.15805
-4.19138
-4.61551
-4.65097
-5.10337
-5.1412
-5.62452
-5.66515
-6.1848
-6.22879
-6.79827
-6.84719
-7.50185
-7.55982
-8.34717
-8.41669
-9.33183
-9.4101
-10.4166
-10.5013
-11.5815
-11.6721
-12.827
-12.9239
-14.1607
-14.2644
-15.5974
-15.71
-17.1705
-17.2957
-18.9681
-19.116
-21.1364
-21.3163
-23.7065
-23.9126
-26.574
-26.799
-29.6799
-29.9224
-33.0294
-33.2907
-36.6512
-36.9354
-40.6029
-40.915
-44.994
-45.3469
-50.0924
-50.5181
-56.3881
-56.9199
-64.1736
-64.8126
-73.3225
-74.0639
-83.9099
-84.7682
-96.3284
-97.3539
-111.354
-112.624
-130.358
-131.997
-155.84
-158.109
-192.641
-196.084
-248.899
-254.099
-327.519
-333.797
-399.432
-402.57
-389.652
-383.873
-250.778
-235.565
-16.5428
2.40696
221.361
236.691
369.309
375.078
388.53
385.67
321.783
315.798
246.457
241.554
191.64
188.353
154.769
152.523
128.735
127.099
109.214
107.934
93.7789
92.7424
81.0593
80.1919
70.3622
69.6326
61.5081
60.9214
54.4784
54.0148
48.8147
48.4268
43.9439
43.6009
39.5799
39.2689
35.5978
35.3118
31.9302
31.667
28.5393
28.2958
25.4231
25.202
22.6562
22.4664
20.3426
20.1862
18.4142
18.2803
16.7141
16.5931
15.1556
15.0434
13.7058
13.6011
12.3519
12.254
11.0852
10.9937
9.90769
9.8234
8.84389
8.76983
7.93594
7.87455
7.17396
7.12106
6.50089
6.45286
5.88093
5.83605
5.30086
5.25869
4.75473
4.71496
4.23987
4.20247
3.7572
3.72251
3.31912
3.28882
2.57107
2.51331
1.95417
1.91805
1.54695
1.52156
1.2555
1.23668
1.03218
-2.50133
-2.5363
-2.57191
-2.60804
-2.64466
-2.68199
-2.75662
-2.79616
-2.83664
-2.8781
-2.92072
-2.96438
-3.05247
-3.09958
-3.14801
-3.1977
-3.2485
-3.30051
-3.40444
-3.45958
-3.5155
-3.57235
-3.62997
-3.68843
-3.80391
-3.86446
-3.92558
-3.98744
-4.04992
-4.11292
-4.23706
-4.3018
-4.36727
-4.43335
-4.50009
-4.56738
-4.69975
-4.76883
-4.83862
-4.90911
-4.98014
-5.05201
-5.19318
-5.26691
-5.34143
-5.41674
-5.49271
-5.56941
-5.72086
-5.79989
-5.87988
-5.96082
-6.04255
-6.12539
-6.28918
-6.37506
-6.46228
-6.55087
-6.64075
-6.73232
-6.91475
-7.01173
-7.11109
-7.21281
-7.3172
-7.42417
-7.6403
-7.75645
-7.87583
-7.99847
-8.12424
-8.25356
-8.51259
-8.65015
-8.79062
-8.93365
-9.0787
-9.22587
-9.51767
-9.67085
-9.826
-9.98292
-10.1413
-10.3016
-10.6173
-10.7822
-10.9487
-11.1171
-11.2867
-11.4586
-11.7963
-11.9726
-12.1508
-12.3306
-12.5121
-12.6956
-13.0568
-13.2453
-13.4362
-13.6287
-13.8231
-14.0199
-14.4075
-14.6104
-14.8155
-15.023
-15.2327
-15.4451
-15.8649
-16.0855
-16.3095
-16.5367
-16.7673
-17.0016
-17.4689
-17.7167
-17.9706
-18.2308
-18.4964
-18.77
-19.3214
-19.6181
-19.9246
-20.239
-20.562
-20.8949
-21.5658
-21.922
-22.2882
-22.6618
-23.0418
-23.4286
-24.1961
-24.5996
-25.0096
-25.4247
-25.8442
-26.2694
-27.1078
-27.5467
-27.9912
-28.4397
-28.8931
-29.3514
-30.2556
-30.7289
-31.2072
-31.6914
-32.1804
-32.6746
-33.6504
-34.1617
-34.6782
-35.2018
-35.7306
-36.2666
-37.3254
-37.882
-38.4461
-39.0164
-39.5947
-40.1813
-41.3443
-41.9578
-42.5829
-43.2165
-43.8618
-44.5197
-45.835
-46.535
-47.2521
-47.989
-48.7462
-49.5245
-51.1074
-51.96
-52.843
-53.7575
-54.7023
-55.6757
-57.6608
-58.7325
-59.8314
-60.961
-62.1203
-63.3119
-65.6957
-66.9672
-68.2651
-69.5907
-70.9441
-72.3247
-75.087
-76.5585
-78.0552
-79.5877
-81.1523
-82.7536
-85.9605
-87.6734
-89.4257
-91.219
-93.0618
-94.9561
-98.7756
-100.835
-102.943
-105.106
-107.353
-109.665
-114.391
-116.952
-119.608
-122.361
-125.209
-128.175
-134.295
-137.656
-141.171
-144.869
-148.73
-152.789
-161.315
-166.059
-171.072
-176.422
-182.072
-188.138
-200.946
-208.218
-215.933
-224.149
-232.842
-242.061
-261.452
-272.158
-283.341
-294.937
-306.745
-318.818
-342.401
-354.316
-365.709
-376.402
-386.11
-394.422
-405.91
-408.799
-409.38
-407.661
-403.231
-396.305
-374.769
-359.43
-341.326
-320.497
-297.061
-270.688
-214.011
-181.838
-148.472
-113.66
-78.2434
-42.082
28.1902
64.1803
99.6662
134.359
167.713
199.752
256.614
282.662
306.007
326.775
344.919
360.098
381.813
388.896
393.323
395.071
394.484
391.641
380.643
372.403
362.902
352.669
341.551
330.039
307.602
296.132
284.819
273.919
263.453
253.395
235.12
226.427
218.242
210.498
203.154
196.267
184.033
178.166
172.686
167.469
162.591
157.902
149.529
145.491
141.627
137.957
134.41
131.044
124.912
121.907
119.028
116.262
113.593
110.994
106.227
103.893
101.635
99.4259
97.2918
95.2174
91.3545
89.4422
87.5784
85.7633
83.9895
82.2607
79.028
77.4205
75.8514
74.3178
72.8274
71.373
68.6592
67.3169
66.0085
64.742
63.5137
62.3246
60.1373
59.0638
58.0257
57.0249
56.0615
55.1274
53.3949
52.5434
51.7161
50.9097
50.1204
49.3498
47.9056
47.1833
46.4714
45.7742
45.0886
44.4172
43.1378
42.4941
41.8611
41.2343
40.6175
40.0076
38.8481
38.2636
37.6836
37.112
36.5475
35.99
34.9256
34.3867
33.8541
33.3284
32.8073
32.2919
31.3101
30.8112
30.3185
29.8308
29.3502
28.8739
27.9661
27.5064
27.0527
26.6052
26.1632
25.7278
24.9037
24.4904
24.0853
23.6871
23.2992
22.9197
22.2121
21.8622
21.5217
21.1909
20.8699
20.5583
19.9762
19.6883
19.4074
19.1325
18.8626
18.5987
18.0995
17.8486
17.6017
17.3579
17.1176
16.8806
16.4289
16.1997
15.9734
15.7495
15.528
15.3096
14.8906
14.678
14.4681
14.2599
14.0536
13.8494
13.4593
13.2608
13.0644
12.8696
12.6769
12.4864
12.121
11.9355
11.7518
11.5696
11.3892
11.2108
10.8697
10.6966
10.5257
10.3562
10.1889
10.0237
9.70962
9.55117
9.39568
9.24286
9.09271
8.94618
8.6704
8.53367
8.4005
8.27052
8.14396
8.02121
7.79163
7.67759
7.5665
7.4577
7.3514
7.24704
7.04981
6.95055
6.8526
6.75609
6.66086
6.56703
6.38772
6.29669
6.20676
6.11767
6.02965
5.94224
5.77534
5.69058
5.60641
5.52296
5.44027
5.35856
5.20153
5.1217
5.04262
4.96417
4.88631
4.80919
4.66119
4.58596
4.51138
4.43731
4.36391
4.29116
4.15178
4.08103
4.01088
3.94145
3.87271
3.80486
3.67561
3.61044
3.54629
3.48317
3.4216
3.36122
3.24808
3.19257
3.06305
2.91521
2.77895
2.65391
2.43836
2.33987
2.24792
2.16147
2.08098
2.00515
1.87036
1.80628
1.74592
1.68887
1.63466
1.58264
1.488
1.44279
1.40016
1.35952
1.32007
1.28183
1.21167
1.17772
1.14512
1.11312
1.08228
1.05256
