-2.58313
-2.7957
-3.03623
-3.31248
-3.62169
-3.95616
-4.31114
-4.6856
-5.08031
-5.49685
-5.93804
-6.40927
-6.9222
-7.49924
-8.16657
-8.92721
-9.76256
-10.6559
-11.6015
-12.6004
-13.6565
-14.7759
-15.9705
-17.2646
-18.7088
-20.3782
-22.313
-24.4775
-26.8211
-29.321
-31.98
-34.8125
-37.8417
-41.1064
-44.6771
-48.6909
-53.3881
-59.0003
-65.5662
-73.0302
-81.4356
-90.9819
-102.015
-115.08
-131.028
-151.238
-178.14
-215.655
-267.995
-334.112
-396.833
-414.639
-352.452
-205.439
-7.06052
191.349
338.235
400.513
383.426
322.769
259.843
210.355
174.335
147.879
127.726
111.687
98.4941
87.3431
77.73
69.3866
62.2581
56.3255
51.3822
47.1072
43.2729
39.7595
36.5017
33.461
30.6121
27.9417
25.4571
23.1988
21.2232
19.5274
18.0359
16.6761
15.4092
14.2175
13.0913
12.0252
11.0159
10.0657
9.18614
8.39915
7.71566
7.11574
6.57044
6.06202
5.58175
5.12578
4.69149
4.27788
3.88569
3.52011
3.19158
2.45635
1.97465
1.63064
1.37054
1.16499
-2.58418
-2.79454
-2.79686
-3.0349
-3.03756
-3.31096
-3.314
-3.62002
-3.62336
-3.95438
-3.95795
-4.30926
-4.31303
-4.68361
-4.68759
-5.07822
-5.08241
-5.49464
-5.49906
-5.93569
-5.94039
-6.40674
-6.41181
-6.91941
-6.92499
-7.49604
-7.50244
-8.16287
-8.17027
-8.92307
-8.93135
-9.75809
-9.76704
-10.6511
-10.6606
-11.5965
-11.6065
-12.5951
-12.6057
-13.6508
-13.6621
-14.7699
-14.7819
-15.9641
-15.9769
-17.2576
-17.2716
-18.7008
-18.7168
-20.3689
-20.3875
-22.3023
-22.3236
-24.4658
-24.4892
-26.8085
-26.8336
-29.3077
-29.3343
-31.9658
-31.9942
-34.7974
-34.8276
-37.8255
-37.858
-41.0889
-41.124
-44.6577
-44.6966
-48.6686
-48.7131
-53.3615
-53.4146
-58.9688
-59.0318
-65.5299
-65.6025
-72.9892
-73.0711
-81.3894
-81.4818
-90.9291
-91.0347
-101.953
-102.076
-115.006
-115.154
-130.936
-131.119
-151.12
-151.357
-177.977
-178.302
-215.427
-215.884
-267.682
-268.307
-333.75
-334.474
-396.575
-397.089
-414.733
-414.542
-353.001
-351.9
-206.366
-204.51
-8.13204
-5.98898
190.413
192.282
337.682
338.785
400.41
400.614
383.666
383.185
323.114
322.424
260.134
259.551
210.573
210.137
174.493
174.178
147.997
147.761
127.818
127.634
111.761
111.612
98.5564
98.4319
87.3965
87.2897
77.7763
77.6837
69.4266
69.3466
62.2918
62.2244
56.3533
56.2977
51.4058
51.3587
47.1281
47.0864
43.2919
43.254
39.777
39.7421
36.5179
36.4854
33.4762
33.4458
30.6263
30.5978
27.955
27.9283
25.4694
25.4448
23.2098
23.1879
21.2326
21.2138
19.5356
19.5193
18.0432
18.0285
16.6829
16.6694
15.4155
15.4029
14.2235
14.2116
13.0969
13.0856
12.0305
12.0198
11.021
11.0108
10.0705
10.061
9.19047
9.18182
8.40295
8.39535
7.71894
7.71237
7.11868
7.1128
6.57316
6.56774
6.06456
6.05947
5.58417
5.57934
5.12808
5.12348
4.69368
4.6893
4.27996
4.27579
3.88766
3.88373
3.52191
3.51831
3.19316
3.18999
2.45937
2.45332
1.97672
1.97259
1.63217
1.62912
1.37171
1.36937
1.16593
-2.59203
-2.78584
-2.80559
-3.02495
-3.04758
-3.29959
-3.32544
-3.60753
-3.63591
-3.94102
-3.97135
-4.29515
-4.32718
-4.66873
-4.70251
-5.06252
-5.09813
-5.47805
-5.51569
-5.91809
-5.95806
-6.3878
-6.43083
-6.89854
-6.94598
-7.47214
-7.52653
-8.13519
-8.19812
-8.89207
-8.9625
-9.72457
-9.80066
-10.6156
-10.6963
-11.5589
-11.6442
-12.5553
-12.6456
-13.6088
-13.7043
-14.7253
-14.8267
-15.9162
-16.025
-17.2051
-17.3244
-18.6411
-18.777
-20.2992
-20.4576
-22.2227
-22.4037
-24.3783
-24.577
-26.7148
-26.9276
-29.2079
-29.4344
-31.8597
-32.1006
-34.6842
-34.9412
-37.7041
-37.9798
-40.9573
-41.256
-44.5123
-44.8427
-48.5023
-48.8807
-53.1634
-53.6142
-58.7332
-59.2691
-65.2586
-65.8753
-72.6833
-73.3787
-81.0439
-81.8287
-90.5341
-91.4317
-101.493
-102.54
-114.454
-115.712
-130.252
-131.812
-150.235
-152.254
-176.769
-179.527
-213.725
-217.609
-265.346
-270.66
-331.04
-337.151
-394.626
-398.956
-415.379
-413.773
-357.047
-347.726
-213.315
-197.485
-16.1677
2.04016
183.337
199.231
333.471
342.826
399.556
401.286
385.403
381.329
325.711
319.845
262.325
257.355
212.22
208.519
175.686
173.005
148.887
146.883
128.513
126.948
112.324
111.056
99.0254
97.9669
87.7986
86.8914
78.1245
77.3381
69.7278
69.0477
62.546
61.9724
56.563
56.0899
51.5831
51.1826
47.2847
46.9307
43.434
43.1125
39.9081
39.6114
36.64
36.3637
33.5904
33.332
30.7335
30.4911
28.0552
27.8284
25.562
25.3526
23.2924
23.1058
21.3036
21.1433
19.597
19.4583
18.0982
17.9738
16.7338
16.6187
15.4631
15.3554
14.2685
14.1667
13.1395
13.0432
12.0708
11.9796
11.059
10.9729
10.1061
10.0255
9.22302
9.14945
8.43153
8.36698
7.74367
7.6878
7.14078
7.09081
6.59353
6.54741
6.0837
6.04037
5.60231
5.56124
5.14534
5.10623
4.71013
4.6729
4.29562
4.26018
3.90241
3.86902
3.53546
3.50483
3.20506
3.16007
2.48232
2.43088
1.99234
1.95718
1.64363
1.61778
1.38052
1.36063
1.17298
-2.61347
-2.64239
-2.67171
-2.70154
-2.73179
-2.76251
-2.82951
-2.86197
-2.895
-2.92876
-2.96315
-2.99822
-3.07508
-3.11238
-3.15045
-3.18933
-3.22882
-3.26903
-3.35668
-3.39893
-3.44178
-3.48528
-3.52928
-3.57383
-3.67012
-3.71619
-3.76274
-3.80976
-3.85714
-3.90493
-4.00785
-4.05689
-4.10632
-4.15622
-4.20641
-4.25699
-4.36572
-4.41748
-4.46964
-4.52228
-4.5752
-4.62851
-4.74313
-4.79769
-4.85265
-4.90811
-4.9639
-5.0201
-5.14098
-5.19853
-5.2565
-5.31503
-5.37393
-5.43325
-5.561
-5.62185
-5.6832
-5.74519
-5.80758
-5.87054
-6.00622
-6.071
-6.13633
-6.20253
-6.26932
-6.33677
-6.48275
-6.55274
-6.62357
-6.69549
-6.76833
-6.84233
-7.00346
-7.08129
-7.16057
-7.24155
-7.32398
-7.40798
-7.59258
-7.68234
-7.774
-7.86774
-7.96331
-8.06081
-8.27439
-8.37773
-8.48288
-8.58993
-8.69844
-8.80855
-9.04758
-9.16226
-9.27828
-9.39576
-9.51436
-9.63413
-9.89234
-10.0156
-10.1399
-10.2655
-10.3919
-10.5193
-10.7936
-10.9242
-11.0559
-11.1887
-11.3224
-11.4572
-11.747
-11.885
-12.0241
-12.1644
-12.3057
-12.448
-12.7541
-12.8999
-13.047
-13.1954
-13.3447
-13.4952
-13.8192
-13.9735
-14.1292
-14.2866
-14.4449
-14.6046
-14.9488
-15.1132
-15.279
-15.4469
-15.616
-15.7868
-16.1562
-16.3331
-16.5121
-16.6938
-16.8775
-17.0638
-17.4687
-17.6641
-17.8626
-18.0654
-18.2711
-18.481
-18.9419
-19.1658
-19.3947
-19.6287
-19.8678
-20.1122
-20.65
-20.9114
-21.1779
-21.4501
-21.7268
-22.0086
-22.6225
-22.9183
-23.2182
-23.523
-23.8308
-24.1424
-24.8166
-25.139
-25.4647
-25.7942
-26.1263
-26.4615
-27.184
-27.5287
-27.8766
-28.2276
-28.5817
-28.9386
-29.7069
-30.0737
-30.4437
-30.8169
-31.1934
-31.5732
-32.3906
-32.7809
-33.1749
-33.5724
-33.9736
-34.3785
-35.2507
-35.6675
-36.0884
-36.5135
-36.9427
-37.3765
-38.3121
-38.7601
-39.2129
-39.6709
-40.1341
-40.6027
-41.6162
-42.1034
-42.5976
-43.0981
-43.6054
-44.1212
-45.2423
-45.784
-46.3355
-46.8982
-47.4719
-48.0563
-49.3405
-49.9679
-50.6101
-51.2675
-51.9421
-52.634
-54.1631
-54.9124
-55.6808
-56.4689
-57.276
-58.1023
-59.9198
-60.8052
-61.7096
-62.6315
-63.5711
-64.5295
-66.622
-67.6346
-68.6644
-69.7122
-70.7779
-71.861
-74.2196
-75.3594
-76.5181
-77.6976
-78.897
-80.1166
-82.7783
-84.0678
-85.3814
-86.719
-88.0826
-89.474
-92.52
-94.0015
-95.5143
-97.0605
-98.6425
-100.259
-103.814
-105.561
-107.346
-109.175
-111.051
-112.978
-117.247
-119.351
-121.518
-123.751
-126.052
-128.427
-133.723
-136.357
-139.084
-141.912
-144.843
-147.887
-154.74
-158.203
-161.811
-165.56
-169.478
-173.571
-182.935
-187.672
-192.635
-197.886
-203.418
-209.211
-222.411
-229.112
-236.071
-243.41
-251.142
-259.128
-277.103
-285.989
-295.066
-304.422
-314.013
-323.726
-344.409
-353.948
-363.352
-372.502
-381.146
-389.087
-403.473
-408.7
-412.73
-415.375
-416.629
-416.478
-410.993
-405.748
-398.822
-390.067
-379.636
-367.355
-335.624
-318.004
-298.653
-277.739
-255.475
-231.821
-178.03
-151.022
-123.312
-95.3175
-66.742
-37.9471
23.626
52.5739
81.2613
109.401
136.947
163.738
217.67
241.334
263.69
284.485
303.654
321.334
353.133
365.439
375.958
384.487
391.314
396.665
402.475
402.74
401.564
398.873
394.95
389.813
376.033
368.177
359.921
351.121
342.11
332.771
312.943
303.72
294.572
285.617
276.893
268.428
251.529
244.011
236.763
229.833
223.177
216.796
204.228
198.713
193.434
188.39
183.593
179.003
169.881
165.864
162.029
158.338
154.778
151.358
144.547
141.526
138.609
135.792
133.063
130.432
125.116
122.735
120.418
118.168
115.987
113.871
109.566
107.623
105.729
103.878
102.076
100.317
96.7201
95.0864
93.4888
91.9255
90.3961
88.8982
85.823
84.4204
83.0456
81.6968
80.375
79.0786
76.4101
75.1917
73.9967
72.8252
71.6776
70.5536
68.2463
67.1975
66.1725
65.1727
64.1961
63.2432
61.2995
60.4226
59.5685
58.7373
57.9281
57.1402
55.5335
54.8075
54.0992
53.4076
52.7313
52.0694
50.7095
50.0886
49.4794
48.8805
48.2914
47.7125
46.5118
45.9591
45.4139
44.876
44.3453
43.8218
42.7311
42.227
41.7287
41.2357
40.7481
40.2659
39.2589
38.7925
38.3308
37.8733
37.4208
36.9726
36.0355
35.6009
35.1703
34.7434
34.3207
33.9016
33.0248
32.6176
32.2143
31.8144
31.418
31.0252
30.2031
29.8213
29.4428
29.0678
28.6963
28.3283
27.5591
27.2025
26.8496
26.5006
26.1554
25.8147
25.1045
24.7773
24.4552
24.1372
23.8251
23.5185
22.8853
22.5963
22.3128
22.035
21.7637
21.4987
20.9541
20.7062
20.4638
20.2258
19.9932
19.7651
19.2942
19.0785
18.8662
18.657
18.4512
18.2483
17.826
17.6309
17.4382
17.2473
17.0589
16.8723
16.482
16.301
16.1217
15.9438
15.7676
15.593
15.2272
15.0572
14.8887
14.7211
14.5554
14.391
14.0455
13.8851
13.7258
13.5676
13.4108
13.2553
12.9286
12.7767
12.6261
12.4762
12.3277
12.1805
11.871
11.7272
11.5845
11.4426
11.3022
11.1628
10.8703
10.7345
10.6
10.4663
10.3343
10.2034
9.92968
9.80303
9.67793
9.55417
9.43219
9.31198
9.0624
8.94794
8.83544
8.72474
8.61632
8.50985
8.29091
8.19112
8.09344
7.9975
7.9035
7.81146
7.62173
7.53481
7.44953
7.36534
7.28266
7.20112
7.03153
6.95327
6.87599
6.79948
6.72387
6.64907
6.49257
6.42001
6.34807
6.27666
6.20597
6.13586
5.98872
5.92026
5.85236
5.78491
5.71805
5.65175
5.51228
5.44742
5.383
5.31889
5.25542
5.19234
5.05966
4.99791
4.93657
4.87554
4.81505
4.75493
4.62852
4.56966
4.51124
4.45313
4.39549
4.33824
4.21798
4.16203
4.10653
4.05137
3.99677
3.94264
3.82928
3.77671
3.72476
3.67329
3.62254
3.5725
3.46851
3.42068
3.37377
3.32751
3.28224
3.23778
3.06669
2.94831
2.8373
2.73377
2.63679
2.54636
2.37221
2.29764
2.22667
2.15957
2.09625
2.03578
1.91629
1.86381
1.81359
1.76552
1.71956
1.67546
1.58748
1.54816
1.51009
1.47334
1.43816
1.40471
1.3372
1.30658
1.2767
1.24755
1.21945
1.1925
