-2.06968
-2.42098
-2.82694
-3.33978
-3.97074
-4.68475
-5.47908
-6.37251
-7.43268
-8.80226
-10.4669
-12.3458
-14.4468
-16.8378
-19.7559
-23.5767
-28.171
-33.3934
-39.3521
-46.3908
-55.5504
-68.1344
-84.3111
-105.404
-135.342
-184.191
-275.867
-400.62
-348.333
-7.08849
333.957
387.673
267.625
180.095
131.979
101.897
80.6401
64.7239
53.2994
44.9009
38.0001
32.0348
26.805
22.3789
18.9743
16.2526
13.8839
11.7688
9.8827
8.28992
7.05094
6.02218
5.10769
4.28068
3.54232
2.50828
1.67003
1.19597
0.887252
0.668407
-2.07056
-2.42
-2.42196
-2.82576
-2.82812
-3.33825
-3.3413
-3.96896
-3.97252
-4.68277
-4.68674
-5.47687
-5.4813
-6.36999
-6.37504
-7.42953
-7.43583
-8.7982
-8.80631
-10.4622
-10.4716
-12.3405
-12.351
-14.441
-14.4527
-16.831
-16.8446
-19.7471
-19.7647
-23.5655
-23.588
-28.1581
-28.1839
-33.3787
-33.4081
-39.3352
-39.369
-46.3701
-46.4114
-55.5221
-55.5788
-68.0966
-68.1723
-84.263
-84.3592
-105.339
-105.469
-135.245
-135.439
-184.02
-184.363
-275.548
-276.186
-400.406
-400.853
-348.884
-347.779
-8.15893
-6.01829
333.385
334.527
387.893
387.452
267.931
267.319
180.261
179.929
132.077
131.882
101.963
101.832
80.6884
80.5919
64.7598
64.6881
53.3246
53.2742
44.9206
44.8811
38.017
37.9833
32.0495
32.02
26.8179
26.7922
22.3892
22.3685
18.9822
18.9664
16.2593
16.246
13.8898
13.878
11.7741
11.7635
9.88735
9.87806
8.29363
8.28622
7.05386
7.04802
6.02473
6.01964
5.10999
5.1054
4.28276
4.27861
3.54412
3.54052
2.51142
2.50515
1.67161
1.66845
1.19695
1.19498
0.88791
0.88661
0.668916
-2.07934
-2.41018
-2.43183
-2.81393
-2.84001
-3.32303
-3.35663
-3.95116
-3.99039
-4.66295
-4.70663
-5.45478
-5.50347
-6.34479
-6.40036
-7.39818
-7.46746
-8.75774
-8.84703
-10.4155
-10.5186
-12.2883
-12.4035
-14.3823
-14.5116
-16.7629
-16.9131
-19.6595
-19.8531
-23.4535
-23.7007
-28.0289
-28.3136
-33.2324
-33.555
-39.1665
-39.5385
-46.1643
-46.619
-55.2392
-55.8645
-67.7198
-68.5518
-83.7838
-84.8423
-104.695
-106.121
-134.281
-136.418
-182.321
-186.102
-272.383
-279.404
-398.056
-403.096
-354.449
-341.969
-18.8453
4.67104
327.545
340.112
390.046
385.196
270.998
264.306
181.94
178.28
133.055
130.919
102.621
101.181
81.1733
80.1108
65.1201
64.3316
53.5777
53.0233
45.1191
44.6838
38.1858
37.8152
32.1971
31.8731
26.9467
26.664
22.4931
22.2657
19.0611
18.8881
16.3259
16.1797
13.9488
13.8191
11.827
11.7108
9.93395
9.8317
8.33081
8.24927
7.08317
7.01889
6.05022
5.99424
5.13294
5.08252
4.30353
4.25792
3.5622
3.52255
2.54322
2.47427
1.68757
1.65279
1.20687
1.18523
0.894569
0.880208
0.674023
-2.11245
-2.16295
-2.21432
-2.26651
-2.31959
-2.3737
-2.46909
-2.52623
-2.58477
-2.64482
-2.7066
-2.77042
-2.88527
-2.95564
-3.02896
-3.10519
-3.18448
-3.26684
-3.41474
-3.50448
-3.59647
-3.69062
-3.78691
-3.88501
-4.05774
-4.16061
-4.26527
-4.37153
-4.47948
-4.5892
-4.78162
-4.89603
-5.01237
-5.13047
-5.25052
-5.37263
-5.58711
-5.71493
-5.84521
-5.97783
-6.11312
-6.25138
-6.49628
-6.6439
-6.79572
-6.95232
-7.11455
-7.28276
-7.58801
-7.77595
-7.97217
-8.1763
-8.3883
-8.60808
-9.00127
-9.23859
-9.48177
-9.73006
-9.9833
-10.2416
-10.6956
-10.9661
-11.2414
-11.5209
-11.8049
-12.0939
-12.6012
-12.9032
-13.2105
-13.5228
-13.8406
-14.1643
-14.734
-15.0742
-15.4215
-15.7761
-16.1387
-16.5106
-17.1729
-17.5744
-17.99
-18.421
-18.8694
-19.3375
-20.1903
-20.7171
-21.2664
-21.8368
-22.4277
-23.0385
-24.1272
-24.7827
-25.4536
-26.1383
-26.8365
-27.5487
-28.8033
-29.552
-30.3144
-31.091
-31.8823
-32.6885
-34.1102
-34.9601
-35.827
-36.7122
-37.6164
-38.5408
-40.1799
-41.1665
-42.1794
-43.2209
-44.2953
-45.4051
-47.4098
-48.6423
-49.9317
-51.2842
-52.7061
-54.202
-56.9586
-58.6734
-60.4698
-62.3461
-64.2998
-66.33
-69.9951
-72.2328
-74.5501
-76.9507
-79.4371
-82.0162
-86.6822
-89.546
-92.5327
-95.6515
-98.913
-102.331
-108.617
-112.544
-116.699
-121.102
-125.786
-130.78
-140.204
-146.265
-152.809
-159.931
-167.699
-176.208
-192.886
-204.006
-216.277
-229.789
-244.643
-260.899
-291.764
-311.119
-331.186
-351.228
-370.539
-387.954
-410.134
-416.503
-416.116
-409.261
-394.953
-373.238
-317.712
-275.904
-227.769
-174.685
-117.87
-58.7627
44.5549
103.531
160.555
213.633
261.731
303.713
358.957
381.02
395.406
402.599
402.664
396.826
375.669
358.525
340.049
320.498
301.304
282.794
253.391
237.969
223.85
210.892
199.11
188.47
172.329
164.012
156.379
149.35
142.859
136.829
127.412
122.402
117.702
113.272
109.092
105.138
98.7969
95.3496
92.0592
88.9134
85.9059
83.0226
78.3408
75.7647
73.2941
70.9269
68.6615
66.4988
63.0249
61.1405
59.3573
57.667
56.0665
54.5461
52.1013
50.7608
49.4733
48.2329
47.0335
45.8718
43.9532
42.8766
41.8272
40.8028
39.8022
38.8238
37.1913
36.2681
35.3633
34.4767
33.6073
32.7543
31.3269
30.5175
29.7233
28.9446
28.1815
27.4341
26.1886
25.4873
24.8056
24.1444
23.5047
22.8887
21.8873
21.3377
20.812
20.3088
19.8251
19.3606
18.5987
18.1733
17.7598
17.3567
16.9625
16.5773
15.9335
15.5681
15.2098
14.8578
14.5115
14.1714
13.6004
13.2751
12.9554
12.6408
12.331
12.0265
11.5148
11.2234
10.9372
10.6562
10.3802
10.1101
9.65996
9.40674
9.16101
8.92322
8.69354
8.47264
8.1135
7.91559
7.72554
7.5425
7.36558
7.19427
6.91097
6.75165
6.59569
6.44306
6.29343
6.14636
5.89979
5.75939
5.62132
5.48534
5.35132
5.21944
4.99736
4.87054
4.74567
4.62261
4.50126
4.38182
4.18094
4.06648
3.95416
3.844
3.73602
3.63066
3.45607
3.35864
3.26457
3.12758
2.88252
2.66907
2.36463
2.21485
2.08145
1.96005
1.84987
1.7496
1.5961
1.51525
1.44023
1.37167
1.30651
1.24521
1.14988
1.09893
1.05045
1.00449
0.96103
0.920229
0.856527
0.821743
0.787988
0.755321
0.723818
0.693485
