-2.85975
-3.04963
-3.2723
-3.51625
-3.7719
-4.03666
-4.31079
-4.59359
-4.88655
-5.18979
-5.50423
-5.82977
-6.16702
-6.51701
-6.88632
-7.29374
-7.77683
-8.34785
-8.97285
-9.63056
-10.312
-11.017
-11.7462
-12.5026
-13.2867
-14.1011
-14.9455
-15.8217
-16.7332
-17.699
-18.7714
-20.0572
-21.5783
-23.2505
-25.0151
-26.8426
-28.7421
-30.7162
-32.7745
-34.9214
-37.1666
-39.5149
-41.9777
-44.5736
-47.3712
-50.5426
-54.4179
-59.0785
-64.303
-69.9479
-76.0166
-82.5934
-89.791
-97.7666
-106.732
-116.953
-128.815
-142.904
-160.208
-182.5
-213.629
-258.169
-318.735
-395.905
-472.527
-505.787
-474.328
-371.827
-201.976
-7.01392
188.031
357.315
458.663
489.554
455.934
380.861
306.621
250.228
209.663
180.137
157.92
140.354
126.025
113.838
103.46
94.273
86.1228
78.7554
72.0239
65.8804
60.4494
55.9712
52.3207
49.1287
46.185
43.411
40.7794
38.2727
35.8875
33.6026
31.4227
29.326
27.3108
25.3716
23.5309
21.8572
20.4466
19.2673
18.2068
17.2053
16.2437
15.3163
14.4228
13.5616
12.7316
11.9307
11.1572
10.4092
9.68697
8.99855
8.36992
7.8366
7.38409
6.97267
6.58195
6.20485
5.83972
5.48655
5.14459
4.81345
4.49242
4.18066
3.87768
3.58511
3.30945
2.99394
2.44616
2.06487
1.7758
1.54741
-2.86093
-3.04822
-3.05103
-3.2707
-3.27391
-3.51454
-3.5179
-3.7702
-3.77365
-4.03475
-4.03856
-4.30885
-4.31267
-4.59163
-4.59554
-4.88452
-4.88857
-5.18769
-5.19189
-5.50206
-5.50641
-5.82752
-5.83202
-6.16469
-6.16936
-6.51457
-6.51945
-6.8837
-6.88895
-7.29077
-7.29672
-7.77321
-7.78044
-8.34373
-8.35196
-8.96866
-8.97705
-9.62579
-9.63537
-10.3072
-10.3168
-11.0122
-11.0219
-11.7411
-11.7512
-12.4974
-12.5079
-13.2813
-13.2921
-14.0954
-14.1067
-14.9396
-14.9513
-15.8157
-15.8278
-16.7269
-16.7396
-17.6922
-17.7059
-18.7635
-18.7791
-20.0476
-20.0668
-21.5682
-21.5884
-23.2388
-23.2632
-25.0028
-25.0273
-26.8299
-26.8553
-28.729
-28.7552
-30.7025
-30.7299
-32.7602
-32.7888
-34.9064
-34.9363
-37.151
-37.1822
-39.4986
-39.5313
-41.9605
-41.9948
-44.5554
-44.5919
-47.3511
-47.3913
-50.5192
-50.5659
-54.389
-54.4468
-59.0445
-59.1125
-64.2659
-64.3401
-69.9082
-69.9878
-75.9737
-76.0596
-82.5467
-82.6402
-89.7396
-89.8425
-97.7092
-97.824
-106.667
-106.797
-116.878
-117.027
-128.728
-128.902
-142.799
-143.01
-160.076
-160.34
-182.326
-182.674
-213.38
-213.88
-257.758
-258.534
-318.414
-319.069
-395.336
-396.474
-472.083
-472.967
-505.788
-505.784
-474.749
-473.904
-372.773
-370.878
-203.268
-200.683
-8.35987
-5.66791
186.733
189.327
356.36
358.266
458.226
459.096
489.564
489.542
456.101
455.771
381.454
380.213
307.057
306.185
250.548
249.909
209.898
209.428
180.308
179.965
158.054
157.787
140.461
140.247
126.114
125.936
113.915
113.762
103.526
103.393
94.3317
94.2144
86.1756
86.0701
78.8033
78.7074
72.0677
71.98
65.9201
65.8407
60.4835
60.4155
55.9988
55.9437
52.3436
52.2978
49.1494
49.108
46.2044
46.1656
43.4293
43.3927
40.797
40.7619
38.2893
38.256
35.9034
35.8716
33.6178
33.5874
31.4372
31.4081
29.34
29.312
27.3242
27.2973
25.3849
25.3583
23.5425
23.5193
21.8677
21.8466
20.4552
20.4381
19.2748
19.2598
18.2137
18.1998
17.212
17.1986
16.2501
16.2373
15.3225
15.3101
14.4288
14.4169
13.5674
13.5559
12.7371
12.726
11.9361
11.9254
11.1624
11.1517
10.4143
10.4042
9.69173
9.6823
9.0031
8.99401
8.37388
8.36597
7.83988
7.83333
7.387
7.38118
6.97537
6.96997
6.58456
6.57935
6.20737
6.20232
5.84216
5.83728
5.48892
5.48419
5.14688
5.14229
4.81567
4.81123
4.49458
4.4902
4.18275
4.17856
3.87972
3.87564
3.58695
3.58321
3.31123
3.30767
2.99854
2.98937
2.44921
2.44311
2.0671
2.06264
1.77754
1.77406
1.5488
-2.86888
-3.03879
-3.06058
-3.25989
-3.28472
-3.50306
-3.52904
-3.75851
-3.78597
-4.02237
-4.0512
-4.29583
-4.32541
-4.57818
-4.60876
-4.87085
-4.90227
-5.17355
-5.20607
-5.4874
-5.5211
-5.81234
-5.84724
-6.14896
-6.18512
-6.49815
-6.53592
-6.86607
-6.90671
-7.27081
-7.31671
-7.74897
-7.80497
-8.31604
-8.37926
-8.93981
-9.00753
-9.59559
-9.66687
-10.2743
-10.3487
-10.9791
-11.0547
-11.7071
-11.7853
-12.4621
-12.5432
-13.2447
-13.3289
-14.0574
-14.1448
-14.9002
-14.9908
-15.7747
-15.8688
-16.6841
-16.7825
-17.6459
-17.7525
-18.7109
-18.8311
-19.9831
-20.1307
-21.4956
-21.6638
-23.162
-23.3448
-24.9173
-25.1096
-26.7433
-26.9411
-28.6406
-28.8439
-30.6102
-30.8224
-32.6639
-32.8853
-34.8057
-35.0373
-37.0457
-37.2877
-39.3885
-39.6417
-41.8449
-42.1108
-44.4326
-44.7151
-47.2159
-47.5276
-50.362
-50.7266
-54.1937
-54.6456
-58.82
-59.3425
-64.0143
-64.5908
-69.6402
-70.2569
-75.6845
-76.3502
-82.2322
-82.9563
-89.3935
-90.1907
-97.3232
-98.2126
-106.231
-107.236
-116.376
-117.534
-128.141
-129.494
-142.093
-143.724
-159.189
-161.24
-181.162
-183.991
-211.519
-215.476
-255.038
-260.952
-316
-322.347
-391.973
-400.307
-469.006
-475.858
-505.707
-505.679
-477.477
-470.927
-379.073
-364.387
-211.965
-191.929
-17.4434
3.41923
177.952
198.057
349.827
364.596
455.184
461.928
489.554
489.362
458.988
453.819
385.287
375.905
309.879
302.823
253.079
247.767
211.495
207.858
181.476
178.814
158.963
156.889
141.188
139.526
126.719
125.336
114.431
113.25
103.976
102.947
94.7289
93.8197
86.5325
85.7152
79.1277
78.3847
72.3643
71.6844
66.1879
65.5735
60.7151
60.189
56.1847
55.7616
52.4986
52.144
49.2894
48.9685
46.3358
46.0347
43.5532
43.2692
40.9153
40.6441
38.4021
38.1435
36.0108
35.7645
33.7203
33.4851
31.5354
31.3102
29.4345
29.2161
27.4151
27.2059
25.4731
25.2729
23.6253
23.4388
21.9375
21.7761
20.5135
20.3807
19.3257
19.2093
18.2609
18.1529
17.2571
17.1536
16.2933
16.1941
15.3645
15.2683
14.4692
14.3766
13.6063
13.5171
12.7745
12.6887
11.9723
11.8893
11.1974
11.1161
10.4482
10.3703
9.72433
9.65026
9.03289
8.96347
8.40071
8.33943
7.86196
7.81128
7.40668
7.36162
6.99365
6.95177
6.60217
6.56179
6.22445
6.18527
5.85865
5.82084
5.50491
5.46823
5.16239
5.1268
4.83064
4.79599
4.50913
4.47536
4.19686
4.16433
3.89351
3.86196
3.59991
3.57007
3.32331
3.29574
3.03005
2.95899
2.46999
2.42276
2.08225
2.04773
1.78937
1.7624
1.55836
-2.88784
-2.91263
-2.93784
-2.96362
-2.9901
-3.01685
-3.0833
-3.11259
-3.14246
-3.17249
-3.2035
-3.23461
-3.31049
-3.34309
-3.37597
-3.40916
-3.44238
-3.47603
-3.55689
-3.59131
-3.62584
-3.66022
-3.69527
-3.73038
-3.8144
-3.84989
-3.88569
-3.92109
-3.95708
-3.99331
-4.08056
-4.11736
-4.15442
-4.19135
-4.2286
-4.26604
-4.3556
-4.39347
-4.43127
-4.46969
-4.50833
-4.54702
-4.64006
-4.67927
-4.71903
-4.75863
-4.79841
-4.83851
-4.93471
-4.97533
-5.0163
-5.05739
-5.09865
-5.14018
-5.23972
-5.28196
-5.3238
-5.36648
-5.40931
-5.45231
-5.5559
-5.5997
-5.64364
-5.68772
-5.73205
-5.77657
-5.88328
-5.9281
-5.97411
-6.01967
-6.06549
-6.11189
-6.22247
-6.26909
-6.31655
-6.36399
-6.41148
-6.45947
-6.57498
-6.62436
-6.6736
-6.7234
-6.77283
-6.82477
-6.94811
-7.00174
-7.056
-7.11154
-7.16744
-7.2243
-7.36512
-7.42762
-7.49193
-7.55792
-7.62412
-7.69266
-7.863
-7.93838
-8.01472
-8.0919
-8.17135
-8.25122
-8.44561
-8.52918
-8.61386
-8.6984
-8.7841
-8.87039
-9.07811
-9.16628
-9.2552
-9.34383
-9.43354
-9.52369
-9.73959
-9.83085
-9.92229
-10.0138
-10.1063
-10.1995
-10.4242
-10.519
-10.6143
-10.7093
-10.8051
-10.9019
-11.1324
-11.23
-11.3276
-11.4267
-11.5261
-11.626
-11.8661
-11.9673
-12.07
-12.1722
-12.2749
-12.3785
-12.6271
-12.732
-12.838
-12.9442
-13.0509
-13.1584
-13.416
-13.5239
-13.6337
-13.7442
-13.8552
-13.9678
-14.235
-14.3485
-14.4625
-14.5769
-14.692
-14.8074
-15.0844
-15.2023
-15.3203
-15.4386
-15.5577
-15.6784
-15.9659
-16.0874
-16.2109
-16.3343
-16.4586
-16.5833
-16.8843
-17.0133
-17.1421
-17.2724
-17.4029
-17.5375
-17.8607
-18.0017
-18.1448
-18.2912
-18.438
-18.5881
-18.9621
-19.1277
-19.2984
-19.4726
-19.6492
-19.8328
-20.2872
-20.4879
-20.691
-20.8983
-21.1086
-21.322
-21.8421
-22.0652
-22.2915
-22.5177
-22.7464
-22.9772
-23.5327
-23.7688
-24.0058
-24.2444
-24.4844
-24.7258
-25.3047
-25.5497
-25.7929
-26.041
-26.2898
-26.5403
-27.1447
-27.4
-27.656
-27.9124
-28.171
-28.4318
-29.0544
-29.3186
-29.5826
-29.8508
-30.1201
-30.3903
-31.0419
-31.3171
-31.5957
-31.8741
-32.1541
-32.4357
-33.1143
-33.4017
-33.6907
-33.9819
-34.2746
-34.5686
-35.2771
-35.5741
-35.8767
-36.1809
-36.4867
-36.7976
-37.5379
-37.853
-38.169
-38.4874
-38.8078
-39.1291
-39.9036
-40.2339
-40.5646
-40.8978
-41.2327
-41.5726
-42.3854
-42.7315
-43.0814
-43.4329
-43.7857
-44.1436
-45.0062
-45.3784
-45.7504
-46.1283
-46.5108
-46.8993
-47.8499
-48.2598
-48.6814
-49.1137
-49.5479
-49.9948
-51.115
-51.611
-52.1219
-52.6436
-53.182
-53.7378
-55.1206
-55.7303
-56.3485
-56.9864
-57.6299
-58.2856
-59.8909
-60.5837
-61.2841
-61.9914
-62.7074
-63.4306
-65.1871
-65.9374
-66.6927
-67.4584
-68.2311
-69.0093
-70.8966
-71.7019
-72.5154
-73.3394
-74.1709
-75.0101
-77.0417
-77.9133
-78.7925
-79.6824
-80.583
-81.5038
-83.7088
-84.659
-85.6277
-86.605
-87.5936
-88.5893
-91.0205
-92.0685
-93.1324
-94.2124
-95.3085
-96.4188
-99.1399
-100.312
-101.505
-102.718
-103.952
-105.208
-108.284
-109.646
-111.008
-112.391
-113.797
-115.2
-118.743
-120.275
-121.845
-123.452
-125.096
-126.77
-130.974
-132.724
-134.59
-136.498
-138.446
-140.447
-145.453
-147.641
-149.908
-152.247
-154.648
-157.134
-163.386
-166.178
-169.073
-172.126
-175.206
-178.464
-186.783
-190.564
-194.488
-198.712
-203.002
-207.602
-219.464
-224.893
-230.566
-236.579
-242.911
-249.527
-266.425
-274.057
-282.093
-290.193
-298.899
-307.779
-330.193
-340.169
-350.473
-360.911
-371.739
-382.836
-409.319
-420.461
-431.954
-442.232
-452.496
-462.495
-482.117
-488.795
-495.779
-500.53
-504.124
-506.555
-504.861
-502.743
-500.105
-495.994
-490.214
-484.038
-463.129
-453.341
-440.422
-426.304
-410.803
-393.381
-348.454
-327.203
-304.69
-281.317
-257.076
-232.352
-171.058
-145.138
-118.616
-92
-65.655
-38.9078
24.914
51.5758
78.2767
104.862
131.249
157.033
218.039
242.827
267.013
290.328
312.541
333.76
379.726
395.214
410.542
424.321
436.283
447.344
468.585
474.862
480.091
484.228
487.358
489.024
487.842
485.895
482.49
479.517
472.411
465.443
445.627
435.792
424.98
414.689
404.058
393.092
367.031
356.209
345.665
335.927
326.193
316.769
295.818
287.613
279.874
272.254
265.062
258.069
242.798
236.786
231.067
225.572
220.321
215.343
204.23
199.87
195.759
191.793
187.98
184.314
176.144
173.003
169.998
166.998
164.091
161.216
154.802
152.404
149.862
147.491
145.168
142.928
137.842
135.827
133.807
131.859
129.955
128.167
123.933
122.16
120.483
118.842
117.238
115.667
112.055
110.594
109.156
107.744
106.408
105.049
101.901
100.618
99.3562
98.114
96.8733
95.6756
92.9145
91.7625
90.644
89.54
88.4543
87.3823
84.8867
83.865
82.8542
81.8604
80.8719
79.8994
77.6288
76.6962
75.7738
74.8612
73.9605
73.0702
70.9944
70.1377
69.2928
68.46
67.6387
66.8288
64.949
64.185
63.4382
62.6955
61.9725
61.2658
59.6636
59.0259
58.4056
57.7916
57.1995
56.6288
55.3409
54.8228
54.3193
53.8268
53.3433
52.8721
51.7839
51.3417
50.9028
50.471
50.0438
49.6222
48.6407
48.2324
47.8316
47.4338
47.0381
46.6468
45.7268
45.3405
44.9624
44.5868
44.2139
43.8473
42.9784
42.6152
42.2571
41.9012
41.5492
41.1964
40.3666
40.0222
39.6816
39.3428
39.0047
38.6697
37.8786
37.5547
37.2293
36.9055
36.584
36.2655
35.512
35.1992
34.8884
34.5795
34.2691
33.9637
33.2446
32.9456
32.6482
32.3521
32.0607
31.7685
31.0793
30.7918
30.5063
30.221
29.9398
29.6587
28.9961
28.7199
28.4455
28.1697
27.9013
27.6308
26.9924
26.7276
26.4635
26.2003
25.9391
25.6798
25.0687
24.8137
24.5621
24.3124
24.0647
23.8207
23.248
23.0139
22.7833
22.5552
22.3301
22.1099
21.612
21.4122
21.2167
21.024
20.8372
20.6566
20.2457
20.0785
19.9178
19.7577
19.6008
19.4443
19.091
18.9451
18.7995
18.6561
18.5135
18.3709
18.0424
17.9024
17.7681
17.6329
17.4977
17.3643
17.0477
16.9134
16.7826
16.6524
16.5225
16.3958
16.0925
15.9655
15.8388
15.7135
15.5877
15.4641
15.1697
15.0475
14.9261
14.8052
14.684
14.5649
14.2807
14.164
14.0466
13.9301
13.814
13.6984
13.4247
13.3119
13.199
13.0867
12.9748
12.8632
12.6003
12.4906
12.3817
12.2727
12.1654
12.058
11.8045
11.6985
11.5934
11.4887
11.384
11.2802
11.0351
10.9326
10.8308
10.7298
10.6288
10.5284
10.291
10.1922
10.0938
9.99581
9.89835
9.80157
9.57348
9.47828
9.38369
9.29065
9.19802
9.10669
8.89211
8.80446
8.71779
8.63202
8.54751
8.46431
8.27767
8.20236
8.128
8.05545
7.98465
7.91553
7.75971
7.69623
7.63408
7.57276
7.51259
7.45281
7.31581
7.25854
7.20296
7.14727
7.09175
7.0371
6.90903
6.85491
6.80132
6.74809
6.6951
6.64392
6.52043
6.46855
6.41734
6.36625
6.31515
6.26487
6.14505
6.09511
6.0455
5.99629
5.94657
5.8978
5.78149
5.73369
5.68562
5.63778
5.59037
5.5428
5.43066
5.38395
5.33743
5.29101
5.24499
5.19906
5.09048
5.04521
5.00031
4.95537
4.91066
4.86614
4.76094
4.71713
4.67361
4.62982
4.58673
4.54359
4.44157
4.39896
4.35671
4.31462
4.27228
4.23031
4.13118
4.08994
4.04866
4.00781
3.96673
3.926
3.82981
3.78981
3.74984
3.71011
3.67062
3.63144
3.53918
3.50087
3.46266
3.42557
3.38861
3.35224
3.26795
3.23401
3.2007
3.16922
3.13803
3.10717
2.89017
2.80759
2.73004
2.65662
2.58683
2.52048
2.37601
2.32001
2.26643
2.21513
2.16599
2.11879
2.01321
1.97129
1.93129
1.89243
1.85451
1.81787
1.73543
1.70292
1.67138
1.64053
1.61047
1.58127
