-2.23221
-2.37866
-2.53259
-2.69675
-2.87637
-3.07854
-3.30655
-3.55697
-3.82409
-4.10452
-4.39712
-4.70199
-5.01966
-5.35099
-5.69702
-6.05948
-6.44166
-6.85054
-7.29974
-7.80781
-8.3849
-9.02241
-9.70506
-10.4235
-11.1746
-11.9586
-12.7768
-13.6318
-14.5264
-15.4654
-16.4578
-17.5218
-18.6944
-20.0264
-21.5487
-23.2411
-25.0629
-26.989
-29.012
-31.1346
-33.3642
-35.7113
-38.1895
-40.8191
-43.6342
-46.6992
-50.1346
-54.1118
-58.7581
-64.0619
-69.9557
-76.4333
-83.5675
-91.499
-100.428
-110.642
-122.548
-136.746
-154.173
-176.352
-205.96
-246.548
-300.863
-367.802
-435.41
-471.803
-448.16
-354.435
-196.771
-7.22599
182.36
339.982
433.668
457.606
422.09
356.27
291.889
240.348
201.709
173.026
151.075
133.619
119.302
107.262
96.9162
87.8686
79.8439
72.6764
66.3082
60.7707
56.0662
52.049
48.5062
45.2857
42.3012
39.5055
36.8706
34.3775
32.0113
29.7614
27.6227
25.6003
23.718
22.0188
20.5297
19.2232
18.0423
16.9441
15.9064
14.9185
13.9747
13.0715
12.2062
11.3768
10.5829
9.8273
9.11905
8.47408
7.90357
7.39863
6.9394
6.50999
6.10222
5.71223
5.33788
4.97791
4.63141
4.29782
3.97734
3.67188
3.38573
3.04514
2.45623
2.05276
1.7506
1.51333
1.32092
1.15952
1.02329
0.907148
-2.23312
-2.3777
-2.37961
-2.53158
-2.5336
-2.69566
-2.69784
-2.87515
-2.87758
-3.07716
-3.07991
-3.30502
-3.30809
-3.55532
-3.55863
-3.82234
-3.82585
-4.10269
-4.10635
-4.39521
-4.39903
-4.7
-4.70398
-5.01759
-5.02173
-5.34883
-5.35315
-5.69476
-5.69928
-6.05711
-6.06186
-6.43914
-6.44417
-6.84782
-6.85326
-7.2967
-7.30278
-7.80434
-7.81127
-8.381
-8.3888
-9.01817
-9.02664
-9.70058
-9.70955
-10.4188
-10.4282
-11.1697
-11.1795
-11.9535
-11.9637
-12.7715
-12.7822
-13.6262
-13.6374
-14.5206
-14.5323
-15.4593
-15.4716
-16.4513
-16.4643
-17.5147
-17.5289
-18.6864
-18.7023
-20.0172
-20.0355
-21.5384
-21.5591
-23.2299
-23.2524
-25.0509
-25.0749
-26.9764
-27.0016
-28.9988
-29.0253
-31.1207
-31.1485
-33.3496
-33.3788
-35.6959
-35.7267
-38.1732
-38.2058
-40.8018
-40.8365
-43.6155
-43.6529
-46.6785
-46.7198
-50.1111
-50.1581
-54.0844
-54.1393
-58.7262
-58.79
-64.0261
-64.0977
-69.9163
-69.9952
-76.39
-76.4767
-83.5195
-83.6154
-91.4454
-91.5526
-100.367
-100.489
-110.572
-110.713
-122.466
-122.631
-136.646
-136.846
-154.049
-154.298
-176.19
-176.514
-205.739
-206.18
-246.247
-246.85
-300.469
-301.259
-367.349
-368.255
-435.055
-435.765
-471.736
-471.867
-448.53
-447.789
-355.257
-353.611
-197.918
-195.623
-8.46888
-5.98315
181.207
183.513
339.164
340.798
433.29
434.042
457.657
457.552
422.45
421.731
356.709
355.832
292.263
291.515
240.634
240.063
201.92
201.499
173.185
172.868
151.199
150.951
133.72
133.519
119.385
119.218
107.333
107.191
96.9778
96.8546
87.923
87.8144
79.8924
79.7955
72.7196
72.6331
66.3463
66.2701
60.8034
60.738
56.0939
56.0386
52.0729
52.025
48.5277
48.4848
45.3054
45.2659
42.3196
42.2828
39.5228
39.4882
36.887
36.8543
34.393
34.362
32.026
31.9965
29.7755
29.7474
27.636
27.6094
25.6128
25.5878
23.7295
23.7065
22.029
22.0086
20.5386
20.5209
19.2311
19.2153
18.0496
18.0351
16.9509
16.9373
15.9129
15.8999
14.9247
14.9123
13.9806
13.9688
13.0771
13.0658
12.2116
12.2007
11.382
11.3716
10.5879
10.578
9.83199
9.82261
9.12339
9.11471
8.47797
8.4702
7.90698
7.90015
7.40169
7.39557
6.94223
6.93657
6.51266
6.50732
6.10477
6.09968
5.71467
5.70979
5.34022
5.33553
4.98017
4.97566
4.63358
4.62924
4.29991
4.29573
3.97934
3.97534
3.67378
3.66999
3.38748
3.38397
3.04974
3.04055
2.45928
2.45319
2.05497
2.05056
1.7523
1.7489
1.51469
1.51197
1.32204
1.3198
1.16045
1.15859
1.0241
1.02248
0.907827
-2.23954
-2.371
-2.38633
-2.52451
-2.5407
-2.68803
-2.7055
-2.86669
-2.88609
-3.06756
-3.08957
-3.2943
-3.31887
-3.54373
-3.57027
-3.8101
-3.83812
-4.08988
-4.11919
-4.38187
-4.41241
-4.6861
-4.71791
-5.0031
-5.03626
-5.33371
-5.36831
-5.67895
-5.71513
-6.04051
-6.0785
-6.42156
-6.46181
-6.82881
-6.87237
-7.27551
-7.32411
-7.78018
-7.83562
-8.35379
-8.41617
-8.9886
-9.05632
-9.66925
-9.74097
-10.386
-10.4611
-11.1354
-11.2139
-11.9177
-11.9996
-12.7341
-12.8196
-13.5872
-13.6765
-14.4797
-14.5733
-15.4162
-15.5148
-16.4055
-16.5103
-17.4652
-17.5788
-18.631
-18.7581
-19.9537
-20.0995
-21.4665
-21.6315
-23.1512
-23.3314
-24.9672
-25.159
-26.8882
-27.0901
-28.9063
-29.1181
-31.0236
-31.2459
-33.2474
-33.4812
-35.5883
-35.8346
-38.0593
-38.32
-40.6806
-40.9582
-43.485
-43.784
-46.5347
-46.8646
-49.9474
-50.3232
-53.8929
-54.3325
-58.504
-59.0139
-63.7761
-64.3491
-69.6407
-70.2724
-76.0872
-76.7813
-83.185
-83.9521
-91.0714
-91.929
-99.9427
-100.916
-110.083
-111.206
-121.891
-123.212
-135.952
-137.549
-153.182
-155.177
-175.064
-177.66
-204.209
-207.737
-244.151
-248.98
-297.722
-304.024
-364.181
-371.446
-432.425
-438.324
-471.239
-472.223
-451.028
-445.112
-360.94
-347.771
-205.905
-187.557
-17.1143
2.71561
173.105
191.556
333.294
346.436
430.555
436.562
457.938
457.096
424.954
419.143
359.781
352.765
294.902
288.908
242.659
238.082
203.406
200.036
174.303
171.765
152.073
150.088
134.427
132.819
119.973
118.637
107.833
106.696
97.4108
96.4252
88.3045
87.4356
80.2323
79.4577
73.0233
72.3315
66.6141
66.0044
61.0332
60.5105
56.2888
55.8459
52.2412
51.8579
48.6785
48.3348
45.4441
45.1279
42.4489
42.154
39.6443
39.3671
37.0018
36.7399
34.5017
34.2536
32.1293
31.8935
29.8737
29.6494
27.7293
27.5164
25.7005
25.5004
23.8102
23.6263
22.1006
21.9376
20.601
20.459
19.2865
19.1602
18.1005
17.9844
16.9986
16.8897
15.9582
15.8547
14.9679
14.8692
14.0219
13.9276
13.1167
13.0263
12.2495
12.1629
11.4183
11.3354
10.6226
10.5433
9.86489
9.78986
9.15387
9.0844
8.50524
8.44311
7.93097
7.87636
7.42318
7.3742
6.96204
6.91683
6.53136
6.48866
6.12261
6.08188
5.73177
5.69273
5.35665
5.31913
4.99598
4.95988
4.64881
4.61404
4.31456
4.28111
3.99338
3.96133
3.68706
3.65673
3.39979
3.37173
3.08221
3.00866
2.48089
2.43212
2.07051
2.03526
1.76428
1.73708
1.52429
1.50247
1.32992
1.31199
1.16703
1.1521
1.0298
1.01684
0.912601
-2.25507
-2.27481
-2.29465
-2.31458
-2.33468
-2.3549
-2.4026
-2.42328
-2.44411
-2.46505
-2.48619
-2.50751
-2.55791
-2.57985
-2.60201
-2.62432
-2.64691
-2.66976
-2.72412
-2.74791
-2.77201
-2.79642
-2.82123
-2.84645
-2.90686
-2.93349
-2.96054
-2.988
-3.01605
-3.04459
-3.11307
-3.14323
-3.17389
-3.20493
-3.23655
-3.26862
-3.34505
-3.37849
-3.41233
-3.44646
-3.48101
-3.51589
-3.59848
-3.63438
-3.67057
-3.70695
-3.74368
-3.78065
-3.86787
-3.90567
-3.94369
-3.98186
-4.02035
-4.05907
-4.15028
-4.18975
-4.22944
-4.26926
-4.3094
-4.34976
-4.4448
-4.48593
-4.52728
-4.56877
-4.61058
-4.65264
-4.75165
-4.7945
-4.83759
-4.88082
-4.9244
-4.96823
-5.07143
-5.11611
-5.16105
-5.20614
-5.2516
-5.29733
-5.40503
-5.45166
-5.49857
-5.54566
-5.59314
-5.64092
-5.75354
-5.80233
-5.85144
-5.90075
-5.95052
-6.00061
-6.11884
-6.17015
-6.22184
-6.27381
-6.32635
-6.37932
-6.50463
-6.55922
-6.61439
-6.66995
-6.72627
-6.78321
-6.91885
-6.97831
-7.03857
-7.09958
-7.16165
-7.22482
-7.37615
-7.44293
-7.51096
-7.58006
-7.65061
-7.72242
-7.89499
-7.97122
-8.04876
-8.12734
-8.20737
-8.28863
-8.48274
-8.56775
-8.6538
-8.74069
-8.82871
-8.91762
-9.12832
-9.21999
-9.31245
-9.40545
-9.49933
-9.59391
-9.81712
-9.9139
-10.0113
-10.1091
-10.2078
-10.307
-10.5409
-10.6422
-10.744
-10.8462
-10.9493
-11.053
-11.2971
-11.4029
-11.5092
-11.6158
-11.7234
-11.8316
-12.0864
-12.1967
-12.3077
-12.419
-12.5313
-12.6442
-12.9103
-13.0256
-13.1415
-13.2578
-13.3752
-13.4932
-13.7714
-13.8919
-14.0132
-14.1349
-14.2577
-14.3812
-14.6727
-14.799
-14.9262
-15.0539
-15.1829
-15.3128
-15.6194
-15.7525
-15.8867
-16.0216
-16.1581
-16.2957
-16.6216
-16.7635
-16.907
-17.0515
-17.1983
-17.3465
-17.7
-17.855
-18.0121
-18.1714
-18.3336
-18.4985
-18.8943
-19.0691
-19.2472
-19.4282
-19.6133
-19.8019
-20.2558
-20.4564
-20.6606
-20.8679
-21.0791
-21.294
-21.8077
-22.033
-22.2612
-22.4919
-22.7258
-22.9622
-23.5232
-23.7675
-24.0141
-24.2622
-24.513
-24.7658
-25.3628
-25.6219
-25.8829
-26.145
-26.4096
-26.676
-27.3046
-27.5769
-27.8509
-28.1266
-28.4041
-28.6835
-29.3431
-29.6287
-29.9162
-30.2054
-30.4966
-30.7898
-31.4822
-31.782
-32.0838
-32.3876
-32.6936
-33.0016
-33.7296
-34.045
-34.3626
-34.6824
-35.0047
-35.3292
-36.0966
-36.4293
-36.7644
-37.1021
-37.4424
-37.7854
-38.5973
-38.9498
-39.305
-39.6633
-40.0247
-40.3893
-41.2537
-41.6295
-42.0092
-42.3924
-42.7797
-43.1715
-44.1029
-44.5095
-44.9215
-45.3389
-45.7616
-46.1903
-47.2173
-47.6689
-48.1281
-48.5951
-49.0709
-49.5555
-50.7266
-51.2453
-51.775
-52.3164
-52.8699
-53.4358
-54.8051
-55.4129
-56.0337
-56.6674
-57.3133
-57.9725
-59.5606
-60.2608
-60.9725
-61.6957
-62.4307
-63.1769
-64.9617
-65.744
-66.5368
-67.3402
-68.1543
-68.9792
-70.9469
-71.8073
-72.6788
-73.5616
-74.4557
-75.3611
-77.5225
-78.4685
-79.4274
-80.3994
-81.3845
-82.3832
-84.7729
-85.822
-86.8856
-87.9643
-89.0608
-90.1753
-92.8469
-94.0222
-95.2172
-96.4323
-97.6695
-98.9284
-101.959
-103.297
-104.661
-106.05
-107.469
-108.915
-112.412
-113.963
-115.547
-117.166
-118.823
-120.519
-124.636
-126.472
-128.354
-130.283
-132.264
-134.299
-139.274
-141.505
-143.802
-146.167
-148.605
-151.126
-157.338
-160.14
-163.046
-166.055
-169.171
-172.41
-180.491
-184.197
-188.043
-192.045
-196.23
-200.603
-211.585
-216.644
-221.916
-227.416
-233.172
-239.198
-254.251
-261.126
-268.265
-275.644
-283.308
-291.21
-310.793
-319.529
-328.454
-337.6
-347.007
-356.565
-379.159
-388.801
-398.358
-407.735
-417.025
-425.794
-444.289
-451.115
-457.167
-462.417
-466.365
-469.513
-472.503
-471.816
-469.982
-466.703
-462.222
-456.48
-438.029
-427.88
-416.529
-403.752
-389.554
-374.067
-333.146
-313.554
-292.906
-271.169
-248.461
-224.974
-167.812
-142.358
-116.657
-90.5875
-64.3611
-38.011
23.729
50.0566
76.2573
102.289
128.051
153.346
210.646
234.01
256.593
278.263
299.012
318.572
359.623
374.962
389.166
401.997
413.418
423.532
442.014
447.807
452.225
455.47
457.44
458.135
455.436
452.428
448.431
443.305
437.402
430.725
412.788
404.176
395.071
385.858
376.561
367.224
345.36
336.208
327.227
318.357
309.738
301.385
282.761
275.248
267.954
260.91
254.142
247.641
233.404
227.69
222.213
216.96
211.923
207.09
196.574
192.363
188.315
184.408
180.664
177.062
169.149
165.955
162.869
159.896
157.009
154.221
148.034
145.516
143.075
140.703
138.399
136.16
131.155
129.107
127.112
125.165
123.265
121.411
117.252
115.54
113.864
112.226
110.624
109.055
105.514
104.049
102.613
101.206
99.8246
98.4684
95.3979
94.1218
92.8681
91.6368
90.426
89.2349
86.5284
85.3997
84.2893
83.1969
82.1209
81.061
78.6483
77.6415
76.6494
75.6729
74.711
73.7638
71.609
70.7109
69.8276
68.9592
68.1059
67.268
65.3694
64.5823
63.8111
63.0565
62.3177
61.595
59.968
59.2975
58.642
58.0018
57.3763
56.7648
55.386
54.8179
54.2606
53.7137
53.1778
52.6517
51.458
50.9607
50.4711
49.9894
49.5142
49.0454
47.9749
47.5257
47.0821
46.6437
46.2103
45.781
44.7963
44.3818
43.9713
43.565
43.1621
42.7628
41.8443
41.4567
41.0726
40.6917
40.314
39.9393
39.0758
38.7111
38.3493
37.9903
37.6339
37.2802
36.4647
36.1199
35.7776
35.4378
35.1004
34.7656
33.9926
33.6655
33.3407
33.0184
32.6981
32.38
31.6455
31.3346
31.0258
30.7192
30.4147
30.1121
29.4135
29.1178
28.8243
28.5328
28.2433
27.9558
27.2925
27.0122
26.7341
26.4583
26.1848
25.9137
25.2905
25.0277
24.7678
24.5114
24.2572
24.0064
23.4342
23.1947
22.959
22.7276
22.4994
22.2751
21.7679
21.557
21.3501
21.1478
20.9486
20.7532
20.3113
20.1273
19.9464
19.7689
19.5937
19.4213
19.0283
18.8636
18.7008
18.5402
18.3811
18.2238
17.8628
17.7104
17.5594
17.4101
17.2617
17.1144
16.7753
16.6317
16.4892
16.348
16.2075
16.068
15.7461
15.6096
15.474
15.3396
15.2057
15.0726
14.7655
14.6352
14.5057
14.3772
14.2492
14.122
13.8283
13.7037
13.5797
13.4568
13.3343
13.2126
12.9313
12.8119
12.6932
12.5754
12.458
12.3414
12.0718
11.9574
11.8436
11.7307
11.6182
11.5064
11.2481
11.1385
11.0295
10.9214
10.8138
10.7068
10.46
10.3554
10.2515
10.1486
10.0463
9.9447
9.71112
9.61247
9.51477
9.41827
9.32258
9.22793
9.01176
8.92111
8.8317
8.74375
8.65705
8.57176
8.37833
8.29777
8.21861
8.14097
8.06454
7.98949
7.81933
7.7484
7.67857
7.60998
7.54227
7.47546
7.32302
7.25905
7.19582
7.1334
7.07144
7.01012
6.86936
6.80986
6.75087
6.69244
6.63436
6.57671
6.4438
6.38746
6.33149
6.27602
6.22075
6.16583
6.03907
5.98526
5.93175
5.87867
5.82578
5.77319
5.65165
5.60004
5.5487
5.49775
5.44696
5.39644
5.27967
5.23005
5.18069
5.1317
5.08285
5.03426
4.92191
4.87415
4.82664
4.77948
4.73246
4.68567
4.57748
4.5315
4.48575
4.44035
4.39508
4.35004
4.24593
4.2017
4.15772
4.1141
4.07062
4.02739
3.92765
3.88536
3.84336
3.80175
3.76037
3.71932
3.62491
3.58506
3.54559
3.50661
3.46793
3.42973
3.34232
3.30558
3.26934
3.23366
3.19843
3.16257
2.934
2.84421
2.75983
2.68056
2.60581
2.53469
2.38281
2.32279
2.26544
2.21086
2.15881
2.10883
1.99912
1.9551
1.91259
1.87161
1.83202
1.79372
1.70906
1.6747
1.6415
1.60949
1.57825
1.54782
1.4799
1.45207
1.42497
1.39912
1.37392
1.34918
1.29337
1.27033
1.2478
1.22568
1.20412
1.18317
1.1367
1.11744
1.09845
1.07987
1.06161
1.04371
1.00345
0.986871
0.970663
0.954861
0.939391
0.924292
