-1.71348
-1.84631
-1.98477
-2.12929
-2.28056
-2.43972
-2.60893
-2.7922
-2.99548
-3.22411
-3.47798
-3.7527
-4.04418
-4.35047
-4.6712
-5.00682
-5.35842
-5.72756
-6.11669
-6.53067
-6.97839
-7.47451
-8.03495
-8.66439
-9.35315
-10.0892
-10.8658
-11.681
-12.5358
-13.4326
-14.3756
-15.3706
-16.4287
-17.5707
-18.8327
-20.261
-21.8808
-23.6762
-25.6141
-27.6731
-29.8473
-32.1409
-34.5637
-37.1316
-39.8664
-42.8048
-46.0103
-49.5908
-53.7057
-58.4894
-63.9728
-70.121
-76.9397
-84.5125
-93.0003
-102.649
-113.815
-127.022
-143.056
-163.152
-189.29
-224.241
-270.492
-327.042
-384.35
-418.64
-401.674
-320.628
-179.971
-7.06723
165.874
306.295
387.668
404.948
371.902
316.468
262.458
218.597
185.092
159.626
139.711
123.678
110.392
99.1267
89.3859
80.8338
73.2675
66.598
60.8219
55.8944
51.6623
47.9292
44.5473
41.4277
38.5182
35.7863
33.2106
30.7759
28.4736
26.3061
24.2914
22.4636
20.8472
19.4239
18.1437
16.9635
15.8567
14.8093
13.8138
12.8651
11.9602
11.0975
10.2781
9.50781
8.79873
8.16271
7.59878
7.09103
6.62245
6.18198
5.76371
5.36439
4.9821
4.61568
4.26454
3.92951
3.61347
3.32158
2.81693
2.2854
1.90967
1.62422
1.39889
1.21444
1.06231
0.933099
0.825708
0.729628
0.643081
0.565687
-1.71426
-1.84549
-1.84713
-1.98391
-1.98562
-2.1284
-2.13019
-2.27963
-2.2815
-2.43873
-2.4407
-2.60787
-2.60999
-2.79104
-2.79336
-2.99418
-2.99679
-3.22265
-3.22558
-3.47638
-3.47958
-3.75099
-3.75441
-4.04237
-4.04599
-4.34857
-4.35236
-4.66922
-4.67319
-5.00475
-5.0089
-5.35624
-5.36059
-5.72527
-5.72984
-6.11427
-6.11911
-6.52808
-6.53326
-6.97555
-6.98122
-7.47133
-7.47769
-8.03136
-8.03854
-8.6604
-8.66839
-9.34884
-9.35746
-10.0846
-10.0938
-10.861
-10.8706
-11.676
-11.6861
-12.5305
-12.5411
-13.4271
-13.4382
-14.3697
-14.3814
-15.3644
-15.3768
-16.4221
-16.4353
-17.5635
-17.5779
-18.8246
-18.8407
-20.2518
-20.2702
-21.8704
-21.8912
-23.6649
-23.6875
-25.602
-25.6262
-27.6603
-27.6859
-29.8338
-29.8608
-32.1266
-32.1551
-34.5487
-34.5788
-37.1156
-37.1477
-39.8493
-39.8835
-42.7863
-42.8233
-45.9899
-46.0306
-49.5677
-49.6139
-53.6788
-53.7326
-58.4584
-58.5205
-63.9377
-64.008
-70.0819
-70.1601
-76.8963
-76.983
-84.4642
-84.5608
-92.9458
-93.0547
-102.586
-102.711
-113.742
-113.888
-126.934
-127.109
-142.948
-143.163
-163.015
-163.29
-189.109
-189.472
-223.997
-224.484
-270.177
-270.806
-326.681
-327.403
-384.048
-384.651
-418.566
-418.712
-401.952
-401.395
-321.325
-319.93
-180.954
-178.988
-8.14758
-5.98668
164.894
166.852
305.609
306.978
387.383
387.951
405.018
404.877
372.202
371.601
316.816
316.119
262.754
262.162
218.829
218.365
185.267
184.917
159.761
159.491
139.818
139.604
123.765
123.59
110.465
110.318
99.1897
99.0637
89.4409
89.331
80.8824
80.7853
73.3105
73.2245
66.6356
66.5604
60.8542
60.7897
55.9219
55.8669
51.6861
51.6384
47.9506
47.9079
44.5669
44.5277
41.4459
41.4095
38.5352
38.5012
35.8023
35.7703
33.2257
33.1954
30.7902
30.7616
28.4871
28.4601
26.3188
26.2934
24.3031
24.2797
22.4741
22.4532
20.8564
20.8381
19.432
19.4158
18.1511
18.1363
16.9704
16.9566
15.8631
15.8502
14.8155
14.8032
13.8196
13.8079
12.8707
12.8595
11.9656
11.9549
11.1026
11.0924
10.2829
10.2732
9.51229
9.50333
8.8028
8.79466
8.16632
8.15909
7.602
7.59556
7.09397
7.0881
6.62519
6.61971
6.18457
6.17939
5.76618
5.76124
5.36674
5.36203
4.98436
4.97984
4.61785
4.61351
4.26662
4.26247
3.93148
3.92754
3.61531
3.61162
3.32326
3.3199
2.82083
2.81305
2.28806
2.28275
1.91164
1.9077
1.62573
1.62271
1.40009
1.39769
1.21546
1.21342
1.06316
1.06146
0.933812
0.932387
0.826316
0.8251
0.730181
0.729075
0.643572
0.642589
0.566122
-1.71977
-1.83976
-1.85287
-1.97794
-1.99161
-2.12216
-2.13645
-2.27308
-2.28806
-2.43182
-2.44764
-2.60048
-2.61742
-2.78294
-2.80151
-2.98509
-3.00595
-3.21245
-3.23584
-3.4652
-3.49081
-3.739
-3.76643
-4.02974
-4.05865
-4.33533
-4.36564
-4.65537
-4.68708
-4.99024
-5.02345
-5.34103
-5.37585
-5.70928
-5.74588
-6.09736
-6.13607
-6.50998
-6.55143
-6.95576
-7.00112
-7.44915
-7.50002
-8.00628
-8.06378
-8.63249
-8.69642
-9.31869
-9.38771
-10.0527
-10.1258
-10.8274
-10.9043
-11.6407
-11.7214
-12.4935
-12.5781
-13.3883
-13.4771
-14.3289
-14.4224
-15.3211
-15.4201
-16.3759
-16.4817
-17.513
-17.6286
-18.7682
-18.8975
-20.1877
-20.3348
-21.7982
-21.9638
-23.5859
-23.7669
-25.5176
-25.711
-27.5709
-27.7756
-29.7395
-29.9554
-32.0271
-32.2549
-34.4434
-34.6844
-37.0039
-37.2598
-39.7299
-40.0033
-42.6571
-42.953
-45.8479
-46.1735
-49.4067
-49.7763
-53.4914
-53.9212
-58.2418
-58.7386
-63.6923
-64.2549
-69.8088
-70.4347
-76.5935
-77.2875
-84.1271
-84.8999
-92.5659
-93.4381
-102.151
-103.15
-113.234
-114.402
-126.327
-127.723
-142.201
-143.92
-162.06
-164.259
-187.848
-190.754
-222.305
-226.22
-267.968
-273.014
-324.179
-329.933
-381.909
-386.75
-417.982
-419.153
-403.926
-399.35
-326.144
-315.037
-187.811
-172.077
-15.7049
1.58235
158.003
173.686
300.742
311.691
385.329
389.873
405.454
404.328
374.266
369.457
319.251
313.675
264.837
260.1
220.472
216.758
186.502
183.707
160.711
158.554
140.573
138.858
124.383
122.979
110.982
109.805
99.6325
98.6247
89.8273
88.9474
81.2236
80.4463
73.6123
72.9248
66.8998
66.2982
61.0808
60.5651
56.1151
55.6753
51.8537
51.472
48.1006
47.7584
44.7042
44.391
41.5733
41.2825
38.6546
38.3822
35.9146
35.6584
33.3318
33.0897
30.8905
30.6615
28.5819
28.3656
26.4076
26.205
24.3848
24.1984
22.5472
22.3806
20.9206
20.7743
19.489
19.3591
18.203
18.0847
17.0187
16.9084
15.9087
15.8048
14.8587
14.7601
13.8608
13.7669
12.9099
12.8204
12.003
11.9176
11.1383
11.0569
10.3166
10.2396
9.54375
9.472
8.83135
8.76629
8.1917
8.13388
7.6246
7.5731
7.11455
7.0676
6.64437
6.60058
6.20272
6.16128
5.78347
5.74399
5.38328
5.34553
5.00021
4.96403
4.63304
4.59835
4.28116
4.24797
3.9453
3.91376
3.62825
3.59874
3.33504
3.30819
2.84848
2.78616
2.30684
2.26434
1.9255
1.89404
1.63637
1.61224
1.40853
1.38931
1.22262
1.20635
1.06914
1.05554
0.938823
0.927427
0.830583
0.820854
0.734063
0.725215
0.647025
0.63916
0.569168
-1.7337
-1.75184
-1.77007
-1.78837
-1.80681
-1.82536
-1.8674
-1.88629
-1.90529
-1.92436
-1.94359
-1.96292
-2.00676
-2.02647
-2.0463
-2.06621
-2.08628
-2.10647
-2.15229
-2.1729
-2.19364
-2.21446
-2.23548
-2.25664
-2.30468
-2.32632
-2.34811
-2.37002
-2.39216
-2.41447
-2.4652
-2.48812
-2.51125
-2.53454
-2.55811
-2.58193
-2.63628
-2.66094
-2.68589
-2.7111
-2.73669
-2.76265
-2.82222
-2.84941
-2.877
-2.90495
-2.93344
-2.96237
-3.02921
-3.05974
-3.09081
-3.12223
-3.15433
-3.18694
-3.26189
-3.29604
-3.33066
-3.36568
-3.40121
-3.43715
-3.51931
-3.55653
-3.59413
-3.63201
-3.67031
-3.70894
-3.79686
-3.83651
-3.87647
-3.91664
-3.95718
-3.99801
-4.09071
-4.13245
-4.17446
-4.21667
-4.25923
-4.30206
-4.39923
-4.44295
-4.48695
-4.53113
-4.57569
-4.62053
-4.72222
-4.76797
-4.81401
-4.86024
-4.90686
-4.95378
-5.06025
-5.10815
-5.15637
-5.20479
-5.25364
-5.30282
-5.41443
-5.46469
-5.51531
-5.56614
-5.61744
-5.6691
-5.78646
-5.83934
-5.89263
-5.94622
-6.00036
-6.05491
-6.17906
-6.23512
-6.29173
-6.34872
-6.40638
-6.46457
-6.59754
-6.65787
-6.71883
-6.78044
-6.84292
-6.90622
-7.05164
-7.1179
-7.18524
-7.25351
-7.32301
-7.39376
-7.5568
-7.63146
-7.7076
-7.78481
-7.8635
-7.94355
-8.12808
-8.21246
-8.2982
-8.38493
-8.47316
-8.56261
-8.76758
-8.86066
-8.95484
-9.04982
-9.14592
-9.24303
-9.46434
-9.56436
-9.66523
-9.76665
-9.86911
-9.97237
-10.207
-10.3127
-10.4192
-10.5262
-10.6342
-10.7429
-10.9896
-11.1007
-11.2125
-11.3248
-11.4381
-11.5521
-11.8109
-11.9274
-12.0446
-12.1623
-12.2811
-12.4007
-12.6719
-12.7941
-12.9171
-13.0406
-13.1653
-13.2907
-13.5757
-13.704
-13.8332
-13.9631
-14.0942
-14.2262
-14.5262
-14.6614
-14.7977
-14.9347
-15.0731
-15.2126
-15.53
-15.6735
-15.8182
-15.9638
-16.1112
-16.2599
-16.5993
-16.7533
-16.9089
-17.0662
-17.2255
-17.3869
-17.7572
-17.926
-18.0975
-18.271
-18.4476
-18.6274
-19.0421
-19.2322
-19.4257
-19.6224
-19.8229
-20.0273
-20.4994
-20.7158
-20.936
-21.1593
-21.3867
-21.6176
-22.1486
-22.3905
-22.6355
-22.883
-23.1339
-23.3879
-23.968
-24.2307
-24.4958
-24.763
-25.0331
-25.3055
-25.9256
-26.2055
-26.4876
-26.7712
-27.0577
-27.3463
-28.0028
-28.2983
-28.5961
-28.8959
-29.1981
-29.5025
-30.195
-30.5068
-30.8208
-31.1373
-31.456
-31.7771
-32.5078
-32.8368
-33.1684
-33.5026
-33.8395
-34.179
-34.9519
-35.3003
-35.6516
-36.0057
-36.3629
-36.723
-37.5441
-37.9145
-38.2882
-38.6654
-39.046
-39.4301
-40.3075
-40.7044
-41.1051
-41.5101
-41.9196
-42.3335
-43.2823
-43.7129
-44.1484
-44.59
-45.0376
-45.4923
-46.5376
-47.0144
-47.4989
-47.9925
-48.4943
-49.0049
-50.1899
-50.7339
-51.29
-51.8565
-52.4349
-53.0254
-54.402
-55.0349
-55.6814
-56.3409
-57.0141
-57.7007
-59.2943
-60.0249
-60.7688
-61.5257
-62.2956
-63.0782
-64.8832
-65.7065
-66.5426
-67.3907
-68.2514
-69.1248
-71.133
-72.0474
-72.9747
-73.9148
-74.8683
-75.8356
-78.0616
-79.0748
-80.1031
-81.1467
-82.2068
-83.2836
-85.7627
-86.8948
-88.0459
-89.2152
-90.4046
-91.6162
-94.4131
-95.6947
-96.9999
-98.3284
-99.6817
-101.063
-104.271
-105.746
-107.251
-108.79
-110.361
-111.966
-115.715
-117.448
-119.222
-121.038
-122.902
-124.815
-129.297
-131.384
-133.525
-135.729
-137.998
-140.336
-145.863
-148.448
-151.115
-153.881
-156.732
-159.696
-166.762
-170.089
-173.535
-177.126
-180.857
-184.734
-194.053
-198.474
-203.096
-207.89
-212.898
-218.122
-230.655
-236.579
-242.744
-249.116
-255.688
-262.515
-278.684
-286.18
-293.823
-301.628
-309.682
-317.812
-336.299
-344.453
-352.663
-360.711
-368.613
-376.303
-391.936
-398.293
-403.828
-408.664
-412.809
-416.058
-419.933
-419.776
-418.613
-416.395
-413.041
-408.377
-393.417
-384.822
-374.882
-363.653
-351.167
-337.58
-302.276
-284.732
-266.098
-246.492
-226.13
-204.88
-154.449
-131.18
-107.549
-83.5241
-59.1623
-34.7216
20.5501
45.0551
69.3436
93.3914
116.99
140.336
190.593
211.905
232.364
251.792
270.436
287.939
323.245
336.876
349.372
360.639
370.7
379.406
394.283
398.951
402.455
404.87
406.049
406.141
402.571
399.541
395.538
390.768
385.329
379.29
364.06
356.608
348.932
341.127
333.292
325.384
307.526
299.819
292.192
284.701
277.379
270.24
254.975
248.502
242.218
236.148
230.305
224.689
212.789
207.818
203.017
198.414
193.973
189.702
180.71
176.941
173.304
169.801
166.42
163.161
156.226
153.298
150.471
147.734
145.084
142.511
137.006
134.672
132.403
130.201
128.053
125.961
121.459
119.535
117.661
115.835
114.05
112.305
108.529
106.908
105.323
103.774
102.255
100.764
97.5278
96.1328
94.7645
93.423
92.1059
90.8126
87.9887
86.7685
85.5688
84.3902
83.2316
82.0924
79.5991
78.5199
77.459
76.4163
75.39
74.3811
72.1756
71.2218
70.2847
69.3645
68.4603
67.5737
65.6437
64.8131
63.9993
63.2024
62.4225
61.6593
60.0043
59.2943
58.5999
57.9207
57.2568
56.608
55.197
54.5911
53.9969
53.4143
52.8423
52.2806
51.0555
50.5246
50.0024
49.488
48.9812
48.4819
47.384
46.9062
46.4345
45.9686
45.5082
45.0529
44.048
43.6087
43.1744
42.7444
42.3183
41.8966
40.9636
40.5549
40.15
39.7489
39.3514
38.9572
38.0835
37.7003
37.3203
36.9435
36.5698
36.1993
35.377
35.016
34.6579
34.3026
33.9501
33.6004
32.824
32.4829
32.1445
31.8086
31.4754
31.1446
30.4102
30.0875
29.7674
29.4498
29.1346
28.8219
28.1284
27.824
27.5222
27.2231
26.9266
26.6329
25.983
25.6986
25.4171
25.1393
24.8641
24.5924
23.9948
23.7346
23.4782
23.2263
22.9778
22.7331
22.1992
21.9681
21.7411
21.5185
21.2993
21.0841
20.6152
20.4121
20.2125
20.0168
19.8238
19.6338
19.2172
19.036
18.8573
18.6812
18.507
18.3347
17.9552
17.789
17.6246
17.4621
17.3009
17.1412
16.7875
16.6323
16.4783
16.326
16.1745
16.0241
15.6907
15.544
15.3984
15.2542
15.1106
14.9681
14.6518
14.5125
14.3741
14.237
14.1005
13.9649
13.6637
13.531
13.3992
13.2685
13.1384
13.0092
12.7221
12.5954
12.4697
12.3451
12.221
12.0977
11.8238
11.7031
11.5831
11.4643
11.346
11.2285
10.9676
10.8528
10.7388
10.6259
10.5136
10.4021
10.1552
10.0468
9.93943
9.83321
9.72785
9.62356
9.39357
9.29304
9.19371
9.09593
8.99924
8.90401
8.69516
8.60449
8.51523
8.42761
8.3413
8.25628
8.0709
7.99055
7.91149
7.83384
7.75733
7.68204
7.51692
7.44507
7.37411
7.30426
7.23509
7.16675
7.01619
6.95021
6.88497
6.82049
6.75645
6.69301
6.55255
6.49079
6.42952
6.36889
6.30857
6.24871
6.1158
6.05729
5.99916
5.94157
5.88422
5.82724
5.70064
5.64482
5.58934
5.53434
5.47957
5.42511
5.30406
5.25067
5.19756
5.14492
5.09247
5.04029
4.92429
4.87311
4.82222
4.77175
4.72146
4.67145
4.56025
4.51118
4.4624
4.41403
4.36584
4.31795
4.21152
4.16462
4.11805
4.07188
4.02594
3.98031
3.87919
3.83475
3.79069
3.74713
3.70387
3.66104
3.56647
3.52514
3.48429
3.44403
3.40424
3.365
3.2789
3.24152
3.20476
3.1208
3.01801
2.92033
2.72027
2.63916
2.56244
2.48998
2.42118
2.35546
2.21919
2.16337
2.10973
2.05823
2.00867
1.96114
1.86027
1.81804
1.77746
1.73829
1.70035
1.66374
1.58617
1.55313
1.52097
1.48978
1.45939
1.43003
1.36841
1.34181
1.31578
1.29041
1.26538
1.24098
1.189
1.16723
1.14624
1.1252
1.10446
1.08437
1.04078
1.02204
1.00375
0.985982
0.968597
0.951635
0.915097
0.89951
0.88443
0.869939
0.85559
0.841414
0.810221
0.796608
0.783169
0.769933
0.756841
0.743923
0.715552
0.703197
0.691033
0.679115
0.667366
0.655814
0.630594
0.619596
0.608642
0.597937
0.587436
0.577015
