-1.70431
-1.83687
-1.97469
-2.11793
-2.26724
-2.42322
-2.58783
-2.76529
-2.964
-3.19217
-3.44928
-3.72744
-4.02091
-4.32759
-4.64752
-4.98138
-5.32993
-5.6942
-6.07581
-6.47864
-6.91141
-7.39324
-7.94887
-8.58477
-9.2832
-10.0257
-10.8048
-11.6186
-12.4689
-13.3582
-14.2891
-15.2654
-16.2963
-17.3998
-18.6191
-20.0233
-21.6523
-23.4723
-25.4291
-27.4948
-29.6641
-31.9433
-34.3426
-36.8738
-39.5538
-42.4108
-45.4995
-48.9388
-52.9368
-57.6936
-63.2085
-69.3714
-76.1592
-83.6544
-92.0034
-101.464
-112.366
-125.202
-140.74
-160.266
-185.948
-221.478
-271.015
-335.428
-406.469
-453.871
-442.937
-356.913
-200.597
-7.05782
186.396
342.537
427.91
439.342
392.458
323.736
263.083
216.465
182.487
157.249
137.737
122.04
109.039
97.9742
88.3774
79.8979
72.3454
65.6581
59.9039
55.0995
51.0356
47.4459
44.1679
41.1183
38.2559
35.5559
33
30.5746
28.2692
26.0849
24.0452
22.2002
20.6034
19.2251
17.9895
16.8427
15.7578
14.7255
13.7388
12.796
11.8935
11.0293
10.2043
9.42416
8.70635
8.07284
7.52281
7.03157
6.57618
6.1444
5.73173
5.33601
4.95568
4.58976
4.23741
3.89921
3.57842
3.28389
2.77704
2.25342
1.88491
1.60654
1.38548
1.20602
1.0547
0.927528
0.821403
0.72613
0.639967
0.563166
-1.70509
-1.83605
-1.83768
-1.97384
-1.97554
-2.11705
-2.11881
-2.26632
-2.26816
-2.42225
-2.42418
-2.58681
-2.58886
-2.76416
-2.76642
-2.96272
-2.96529
-3.1907
-3.19364
-3.44765
-3.4509
-3.72573
-3.72916
-4.01909
-4.02273
-4.3257
-4.32949
-4.64555
-4.6495
-4.97933
-4.98344
-5.32778
-5.33208
-5.69195
-5.69646
-6.07345
-6.07818
-6.47613
-6.48115
-6.90868
-6.91415
-7.39013
-7.39635
-7.94526
-7.95248
-8.58072
-8.58883
-9.27883
-9.28756
-10.0211
-10.0303
-10.8
-10.8096
-11.6136
-11.6237
-12.4636
-12.4741
-13.3526
-13.3637
-14.2834
-14.2949
-15.2593
-15.2714
-16.2899
-16.3027
-17.3929
-17.4068
-18.6112
-18.6269
-20.0141
-20.0325
-21.6418
-21.6627
-23.4609
-23.4838
-25.4169
-25.4413
-27.482
-27.5076
-29.6507
-29.6775
-31.9292
-31.9575
-34.3277
-34.3575
-36.858
-36.8894
-39.5372
-39.5705
-42.3929
-42.4286
-45.4799
-45.519
-48.9166
-48.961
-52.9104
-52.9631
-57.6625
-57.7248
-63.1731
-63.2439
-69.3323
-69.4105
-76.1162
-76.2022
-83.6069
-83.702
-91.9499
-92.0568
-101.403
-101.525
-112.295
-112.437
-125.117
-125.287
-140.636
-140.844
-160.133
-160.399
-185.767
-186.129
-221.225
-221.731
-270.668
-271.362
-335.002
-335.854
-406.071
-406.866
-453.753
-453.987
-443.211
-442.661
-357.633
-356.191
-201.699
-199.493
-8.26114
-5.85476
185.296
187.494
341.781
343.29
427.628
428.189
439.479
439.203
392.849
392.059
324.143
323.329
263.411
262.756
216.703
216.227
182.662
182.312
157.382
157.117
137.842
137.631
122.126
121.954
109.111
108.967
98.0361
97.9124
88.4317
88.3231
79.9461
79.8496
72.3884
72.3024
65.6959
65.6204
59.9357
59.8722
55.126
55.073
51.0586
51.0127
47.4665
47.4253
44.187
44.1489
41.1361
41.1005
38.2726
38.2391
35.5718
35.54
33.0151
32.985
30.5889
30.5604
28.2828
28.2556
26.0977
26.0721
24.057
24.0333
22.2107
22.1898
20.6124
20.5945
19.2329
19.2173
17.9966
17.9823
16.8494
16.8359
15.7642
15.7514
14.7316
14.7194
13.7446
13.7329
12.8016
12.7905
11.8988
11.8882
11.0345
11.0242
10.2091
10.1994
9.42871
9.41961
8.71045
8.70225
8.0764
8.06928
7.52592
7.5197
7.03442
7.02873
6.57885
6.57351
6.14695
6.14185
5.73417
5.72929
5.33836
5.33367
4.95793
4.95343
4.59194
4.58759
4.2395
4.23532
3.90121
3.89722
3.58029
3.57656
3.28557
3.28222
2.78094
2.77314
2.25602
2.25083
1.88683
1.88298
1.60803
1.60505
1.38665
1.38432
1.20701
1.20503
1.05553
1.05386
0.92823
0.926827
0.822006
0.8208
0.726678
0.725582
0.640458
0.639479
0.563619
-1.7106
-1.83034
-1.84341
-1.96791
-1.98149
-2.11089
-2.12501
-2.25988
-2.27462
-2.41551
-2.43095
-2.57963
-2.59606
-2.7563
-2.77436
-2.95377
-2.97431
-3.18043
-3.20398
-3.4363
-3.46229
-3.71366
-3.74123
-4.00639
-4.03546
-4.31247
-4.34275
-4.63174
-4.66335
-4.96492
-4.99788
-5.31275
-5.34716
-5.67621
-5.71225
-6.05691
-6.09475
-6.45861
-6.49875
-6.88958
-6.93335
-7.36847
-7.41822
-7.92011
-7.97784
-8.55241
-8.61729
-9.2483
-9.31818
-9.98894
-10.0626
-10.7664
-10.8432
-11.5785
-11.6589
-12.4269
-12.5109
-13.3141
-13.4023
-14.243
-14.3352
-15.217
-15.3139
-16.245
-16.3477
-17.3442
-17.4557
-18.5565
-18.6821
-19.9503
-20.0969
-21.5687
-21.7363
-23.3809
-23.5641
-25.3313
-25.5262
-27.3926
-27.5973
-29.5569
-29.7716
-31.8305
-32.0565
-34.2237
-34.4618
-36.7482
-36.9994
-39.4207
-39.6874
-42.2681
-42.5545
-45.3435
-45.6563
-48.7619
-49.1171
-52.7267
-53.1483
-57.4452
-57.9437
-62.9267
-63.4925
-69.0593
-69.6849
-75.8161
-76.5042
-83.2748
-84.0362
-91.5768
-92.4324
-100.977
-101.955
-111.799
-112.936
-124.523
-125.884
-139.914
-141.577
-159.208
-161.337
-184.507
-187.408
-219.47
-223.517
-268.258
-273.811
-332.039
-338.8
-403.266
-409.628
-452.819
-454.935
-445.058
-440.656
-362.613
-350.979
-209.373
-191.724
-16.6916
2.5594
177.553
195.14
336.404
348.481
425.562
430.078
440.361
438.174
395.579
389.246
327.008
320.496
265.696
260.479
218.387
214.572
183.894
181.099
158.316
156.197
138.584
136.899
122.729
121.358
109.617
108.466
98.4711
97.4809
88.8131
87.9445
80.285
79.5127
72.6904
72.0024
65.9614
65.3571
60.1589
59.6509
55.3122
54.8885
51.2195
50.8523
47.6113
47.2811
44.3205
44.0159
41.261
40.9763
38.3903
38.1219
35.683
35.4291
33.1207
32.8797
30.689
30.4605
28.3778
28.1608
26.1874
25.9829
24.1396
23.9501
22.284
22.1172
20.6751
20.5323
19.2877
19.1628
18.0469
17.9324
16.8967
16.7888
15.809
15.7068
14.7743
14.6768
13.7854
13.6922
12.8406
12.7516
11.9362
11.8509
11.0702
10.9886
10.2432
10.1654
9.46064
9.38779
8.73926
8.67365
8.10142
8.04446
7.54777
7.49797
7.05441
7.00886
6.59759
6.55482
6.16482
6.12406
5.75128
5.71227
5.35478
5.31728
4.97368
4.9377
4.60714
4.5724
4.25414
4.22073
3.91522
3.88325
3.59336
3.56353
3.29734
3.27054
2.80858
2.74617
2.27433
2.23281
1.90039
1.86962
1.6185
1.59469
1.39489
1.37617
1.21399
1.19813
1.06148
1.04804
0.933164
0.921944
0.826239
0.816588
0.730526
0.721755
0.643921
0.636076
0.566801
-1.72453
-1.74265
-1.76087
-1.77915
-1.79756
-1.81602
-1.85789
-1.87673
-1.89566
-1.91465
-1.93376
-1.95299
-1.99653
-2.01612
-2.03582
-2.05553
-2.07538
-2.09535
-2.14067
-2.16102
-2.18152
-2.2021
-2.22283
-2.24369
-2.29095
-2.3122
-2.33358
-2.35506
-2.37676
-2.39857
-2.44807
-2.47041
-2.49293
-2.51555
-2.5385
-2.56163
-2.61441
-2.63822
-2.6624
-2.68678
-2.71156
-2.73665
-2.79449
-2.82088
-2.84772
-2.87498
-2.90296
-2.93144
-2.9973
-3.02763
-3.05859
-3.09007
-3.1221
-3.15477
-3.2303
-3.26482
-3.29983
-3.33531
-3.37131
-3.4078
-3.49116
-3.52891
-3.56698
-3.60534
-3.64411
-3.68317
-3.77194
-3.81192
-3.85225
-3.89263
-3.93345
-3.97456
-4.06764
-4.1095
-4.15159
-4.19384
-4.23642
-4.27923
-4.37634
-4.42004
-4.46394
-4.50805
-4.55254
-4.59709
-4.69837
-4.74393
-4.78975
-4.83574
-4.8821
-4.92872
-5.0344
-5.08195
-5.12978
-5.17776
-5.22622
-5.27494
-5.38525
-5.43494
-5.48487
-5.53501
-5.58573
-5.63665
-5.75214
-5.8041
-5.85635
-5.90885
-5.9619
-6.01535
-6.13675
-6.19147
-6.24657
-6.30202
-6.35805
-6.41465
-6.54338
-6.60179
-6.66072
-6.72025
-6.78071
-6.84183
-6.98224
-7.04651
-7.11173
-7.17791
-7.2455
-7.31435
-7.47403
-7.54747
-7.62259
-7.69906
-7.7773
-7.85722
-8.04244
-8.12744
-8.21399
-8.30176
-8.39107
-8.48159
-8.68957
-8.78417
-8.87977
-8.97579
-9.07326
-9.17166
-9.3957
-9.49675
-9.59855
-9.70082
-9.80414
-9.90808
-10.1443
-10.2504
-10.3573
-10.4647
-10.5728
-10.6818
-10.9283
-11.0394
-11.1511
-11.2632
-11.3762
-11.4901
-11.7479
-11.8639
-11.9805
-12.0976
-12.2157
-12.3346
-12.6041
-12.7253
-12.8473
-12.9698
-13.0933
-13.2175
-13.4997
-13.6265
-13.754
-13.8823
-14.0116
-14.1416
-14.4374
-14.5705
-14.7043
-14.8387
-14.9742
-15.1107
-15.4213
-15.5615
-15.7027
-15.8447
-15.9879
-16.1324
-16.4619
-16.6109
-16.7612
-16.9131
-17.0668
-17.2225
-17.5798
-17.7421
-17.9074
-18.0752
-18.2464
-18.42
-18.8227
-19.0084
-19.1979
-19.391
-19.5888
-19.7909
-20.2612
-20.4777
-20.6986
-20.9233
-21.1527
-21.386
-21.9234
-22.1686
-22.4173
-22.6687
-22.923
-23.1804
-23.7677
-24.0334
-24.3014
-24.5718
-24.8435
-25.118
-25.742
-26.0234
-26.3071
-26.5914
-26.8788
-27.1679
-27.8243
-28.1195
-28.4166
-28.7156
-29.0171
-29.3207
-30.0104
-30.321
-30.6323
-30.9465
-31.2633
-31.5823
-32.3074
-32.6337
-32.9622
-33.2931
-33.6264
-33.9622
-34.726
-35.0704
-35.4171
-35.7661
-36.1176
-36.4721
-37.2789
-37.6434
-38.01
-38.3796
-38.7524
-39.1281
-39.9839
-40.3706
-40.7611
-41.1551
-41.5529
-41.9548
-42.8728
-43.2883
-43.7093
-44.1342
-44.5648
-45.0022
-46.0056
-46.4641
-46.9291
-47.4016
-47.8832
-48.3749
-49.5155
-50.0416
-50.5793
-51.1293
-51.6929
-52.2696
-53.6219
-54.2473
-54.8885
-55.5449
-56.2164
-56.9036
-58.5021
-59.2362
-59.9836
-60.7447
-61.52
-62.308
-64.1227
-64.9499
-65.7894
-66.6399
-67.502
-68.3753
-70.3821
-71.2942
-72.218
-73.1537
-74.1034
-75.064
-77.2722
-78.2768
-79.2958
-80.3287
-81.3772
-82.4414
-84.8868
-86.0005
-87.1327
-88.284
-89.4532
-90.644
-93.3887
-94.646
-95.9273
-97.2304
-98.5584
-99.9123
-103.049
-104.487
-105.956
-107.458
-108.992
-110.562
-114.212
-115.899
-117.631
-119.394
-121.2
-123.052
-127.411
-129.437
-131.519
-133.66
-135.856
-138.119
-143.464
-145.974
-148.561
-151.241
-154.023
-156.912
-163.77
-167.02
-170.406
-173.929
-177.602
-181.413
-190.739
-195.188
-199.816
-204.699
-209.799
-215.148
-228.156
-234.463
-240.996
-247.815
-254.924
-262.32
-280.115
-288.537
-297.272
-306.286
-315.432
-324.691
-346.453
-356.442
-366.412
-376.405
-386.377
-396.032
-416.365
-424.697
-432.267
-438.969
-444.876
-449.741
-456.885
-458.011
-457.785
-456.212
-453.334
-449.174
-434.817
-425.783
-415.209
-403.22
-389.657
-374.714
-337.091
-317.542
-296.792
-274.861
-252.358
-228.408
-172.064
-146.015
-119.479
-92.4895
-65.24
-37.9325
23.7458
50.9891
78.1867
105.207
131.711
157.701
214.1
237.877
260.69
282.482
303.079
322.189
360.769
375.505
388.71
400.49
410.741
419.637
434.324
438.5
441.351
442.949
443.121
442.061
435.177
430.325
424.441
418.054
410.442
402.245
382.151
372.673
363.203
353.689
343.936
334.332
313.426
304.467
295.841
287.466
279.361
271.563
254.858
247.876
241.196
234.774
228.609
222.733
210.5
205.42
200.538
195.867
191.397
187.12
178.099
174.353
170.748
167.288
163.962
160.734
153.923
151.073
148.295
145.613
143.016
140.487
135.084
132.802
130.584
128.426
126.324
124.273
119.876
117.995
116.156
114.367
112.621
110.914
107.213
105.62
104.063
102.538
101.044
99.5812
96.4027
95.03
93.6814
92.3596
91.0605
89.7851
86.9976
85.7877
84.5996
83.4322
82.2813
81.1494
78.6696
77.5952
76.5369
75.4957
74.4705
73.4606
71.2517
70.2952
69.3537
68.4307
67.5261
66.6367
64.7013
63.8702
63.0568
62.263
61.4883
60.7328
59.0995
58.4033
57.7245
57.0617
56.4173
55.7879
54.4284
53.8445
53.2728
52.7139
52.167
51.629
50.4513
49.9417
49.4406
48.9467
48.4599
47.9792
46.9197
46.4574
46.0002
45.5484
45.1019
44.6602
43.6815
43.2532
42.8282
42.4077
41.9913
41.5777
40.6633
40.2617
39.8635
39.4686
39.077
38.6886
37.827
37.4485
37.0733
36.7011
36.3315
35.9649
35.1503
34.7926
34.4376
34.085
33.7349
33.3879
32.6156
32.2764
31.9396
31.6046
31.2723
30.9426
30.2091
29.8861
29.5654
29.2476
28.9324
28.6187
27.9224
27.6161
27.3125
27.0114
26.7122
26.4154
25.758
25.4697
25.1847
24.9037
24.625
24.349
23.7444
23.4808
23.2213
22.9669
22.7164
22.4708
21.9363
21.7062
21.4813
21.2615
21.046
20.8349
20.3773
20.1802
19.9866
19.797
19.6103
19.427
19.026
18.8509
18.6785
18.5088
18.3407
18.1743
17.8069
17.6457
17.486
17.328
17.1713
17.0161
16.671
16.5191
16.3684
16.2189
16.0703
15.9224
15.5945
15.4501
15.3066
15.1642
15.0231
14.8824
14.5694
14.4314
14.2942
14.1585
14.0232
13.8888
13.5898
13.458
13.3274
13.1972
13.068
12.9394
12.6537
12.5274
12.4019
12.2775
12.1538
12.0308
11.7571
11.6363
11.5163
11.397
11.2785
11.1607
10.899
10.7835
10.6688
10.555
10.4419
10.3295
10.0801
9.97041
9.86169
9.75417
9.64732
9.54155
9.30806
9.20653
9.10575
9.00666
8.90878
8.81248
8.60223
8.51126
8.42203
8.33479
8.24911
8.16511
7.9826
7.90392
7.82678
7.75119
7.6767
7.60341
7.44386
7.37443
7.30564
7.23801
7.17119
7.10506
6.95905
6.89515
6.8318
6.76903
6.70679
6.64503
6.50787
6.44747
6.3875
6.32807
6.26889
6.21
6.07935
6.02175
5.96438
5.90742
5.85078
5.79454
5.66944
5.61418
5.5592
5.50468
5.45037
5.39633
5.27608
5.22296
5.17022
5.11779
5.06556
5.01362
4.89809
4.84699
4.79611
4.7457
4.69544
4.64546
4.5342
4.48506
4.43622
4.38764
4.33927
4.29114
4.18404
4.13677
4.08981
4.04319
3.99676
3.95065
3.84816
3.80313
3.75838
3.71407
3.67018
3.62664
3.53083
3.4889
3.44755
3.40692
3.36684
3.32738
3.24134
3.20394
3.16725
3.08279
2.9791
2.88056
2.68046
2.6002
2.52444
2.4531
2.38544
2.32151
2.18837
2.13301
2.0803
2.03021
1.98185
1.93524
1.83658
1.79521
1.75544
1.71737
1.68072
1.64528
1.56891
1.53633
1.50467
1.47414
1.44461
1.41615
1.35583
1.32998
1.30464
1.27988
1.25558
1.23186
1.18101
1.15944
1.13828
1.11731
1.09675
1.07667
1.03353
1.01513
0.997149
0.979629
0.962495
0.945783
0.909807
0.894469
0.879666
0.865286
0.851048
0.836984
0.80604
0.792539
0.779212
0.766087
0.753106
0.7403
0.712179
0.699936
0.687866
0.675995
0.664272
0.652723
0.627584
0.616778
0.606181
0.595814
0.58529
0.574892
