-2.45825
-2.7066
-2.9927
-3.33666
-3.73118
-4.15968
-4.61697
-5.10405
-5.62387
-6.18163
-6.79101
-7.49139
-8.34023
-9.3316
-10.4188
-11.5837
-12.8277
-14.1584
-15.589
-17.1517
-18.9398
-21.1166
-23.7073
-26.5872
-29.6993
-33.0511
-36.6765
-40.6288
-45.0174
-50.1229
-56.4903
-64.4211
-73.7528
-84.5576
-97.3047
-112.851
-132.665
-159.508
-199.233
-263.021
-358.324
-455.799
-451.882
-287.509
-7.22599
272.847
437.419
441.974
347.061
255.938
195.254
156.38
129.511
109.499
93.7522
80.8436
70.0162
61.0991
54.1079
48.4955
43.6582
39.3153
35.3493
31.6955
28.3143
25.2028
22.4438
20.1593
18.2649
16.5866
15.0422
13.6035
12.2576
10.9969
9.82261
8.7618
7.8645
7.11563
6.45148
5.83752
5.26198
4.71983
4.20842
3.72909
3.29322
2.51726
1.91965
1.52567
1.24057
1.02208
-2.45923
-2.7055
-2.7077
-2.99139
-2.99401
-3.33511
-3.33821
-3.72945
-3.7329
-4.15784
-4.16153
-4.61501
-4.61894
-5.10196
-5.10615
-5.62163
-5.62611
-6.17921
-6.18404
-6.78832
-6.79369
-7.48819
-7.49459
-8.33637
-8.3441
-9.32724
-9.33596
-10.4141
-10.4235
-11.5787
-11.5887
-12.8223
-12.833
-14.1527
-14.1641
-15.5828
-15.5952
-17.1448
-17.1586
-18.9317
-18.948
-21.1066
-21.1266
-23.6958
-23.7187
-26.5747
-26.5997
-29.6858
-29.7127
-33.0366
-33.0656
-36.6607
-36.6922
-40.6116
-40.6461
-44.9979
-45.0369
-50.0994
-50.1463
-56.4605
-56.5202
-64.3851
-64.4572
-73.711
-73.7946
-84.5089
-84.6062
-97.2466
-97.363
-112.779
-112.924
-132.57
-132.76
-159.375
-159.64
-199.027
-199.44
-262.69
-263.353
-357.874
-358.773
-455.523
-456.073
-452.217
-451.543
-288.51
-286.504
-8.46888
-5.98315
271.837
273.853
437.08
437.756
442.239
441.706
347.497
346.626
256.253
255.625
195.454
195.055
156.512
156.248
129.606
129.415
109.572
109.426
93.8112
93.6932
80.8928
80.7945
70.0574
69.975
61.1321
61.0661
54.1337
54.0822
48.517
48.474
43.6773
43.6393
39.3325
39.298
35.3651
35.3334
31.7101
31.6808
28.3278
28.3008
25.2151
25.1905
22.4544
22.4333
20.1679
20.1508
18.2722
18.2575
16.5933
16.5799
15.0484
15.036
13.6093
13.5977
12.2631
12.2522
11.002
10.9919
9.8273
9.81793
8.76592
8.7577
7.86789
7.86111
7.11854
7.11272
6.45413
6.44883
5.83999
5.83505
5.2643
5.25965
4.72203
4.71764
4.21049
4.20635
3.73101
3.72718
3.29492
3.29152
2.52047
2.51405
1.92162
1.91769
1.52705
1.52429
1.24161
1.23952
1.02289
-2.46712
-2.69675
-2.7165
-2.98099
-3.0045
-3.32272
-3.35066
-3.7157
-3.7467
-4.14309
-4.17632
-4.5993
-4.63469
-5.08522
-5.12293
-5.60374
-5.64406
-6.15991
-6.2034
-6.76687
-6.81527
-7.46271
-7.52029
-8.30553
-8.37516
-9.29246
-9.37087
-10.3766
-10.4611
-11.5387
-11.6289
-12.7795
-12.8759
-14.1068
-14.2101
-15.5333
-15.6449
-17.0898
-17.2138
-18.8667
-19.0135
-21.0269
-21.2071
-23.6042
-23.8107
-26.4749
-26.6998
-29.5784
-29.8205
-32.9208
-33.1819
-36.535
-36.8183
-40.4737
-40.7844
-44.8421
-45.1932
-49.9123
-50.3351
-56.2229
-56.7601
-64.0977
-64.7467
-73.3779
-74.1296
-84.1211
-84.9972
-96.7828
-97.8305
-112.203
-113.505
-131.818
-133.521
-158.324
-160.711
-197.39
-201.11
-260.065
-266.032
-354.283
-362.373
-453.258
-458.178
-454.819
-448.714
-296.443
-278.337
-18.3445
3.95812
263.719
281.798
434.228
440.352
444.305
439.501
351.001
343.159
258.789
253.134
197.06
193.479
157.574
155.201
130.372
128.658
110.161
108.843
94.285
93.2234
81.2874
80.4029
70.3884
69.6466
61.3975
60.8034
54.3405
53.877
48.6893
48.3028
43.8296
43.4876
39.4709
39.1603
35.4921
35.2069
31.8274
31.5639
28.4364
28.1926
25.314
25.092
22.5392
22.3492
20.2368
20.0825
18.3312
18.1989
16.6468
16.5265
15.0981
14.9865
13.6557
13.5514
12.3065
12.2089
11.0427
10.9513
9.86489
9.78051
8.79892
8.72495
7.89504
7.83411
7.14186
7.08951
6.47536
6.42766
5.85981
5.81529
5.28293
5.24107
4.7396
4.70011
4.22705
4.18983
3.74639
3.71186
3.30858
3.27795
2.54643
2.48871
1.9375
1.90206
1.53815
1.51333
1.25
1.23123
1.02939
-2.49146
-2.52612
-2.56129
-2.59701
-2.63323
-2.67013
-2.74376
-2.78286
-2.82293
-2.86404
-2.90618
-2.94952
-3.03712
-3.08418
-3.13251
-3.18215
-3.23297
-3.28507
-3.38923
-3.44444
-3.50049
-3.55747
-3.61517
-3.67372
-3.78926
-3.84981
-3.91091
-3.97269
-4.0351
-4.09802
-4.22189
-4.28653
-4.35184
-4.41776
-4.48429
-4.55131
-4.68322
-4.75205
-4.82162
-4.89182
-4.96257
-5.03408
-5.17468
-5.24808
-5.32228
-5.39719
-5.47272
-5.54909
-5.69939
-5.77796
-5.85745
-5.93778
-6.01888
-6.10102
-6.26316
-6.34825
-6.43462
-6.52222
-6.61115
-6.70167
-6.8821
-6.97789
-7.076
-7.17648
-7.27959
-7.38562
-7.60026
-7.71564
-7.83457
-7.95702
-8.08276
-8.21191
-8.47147
-8.60933
-8.75013
-8.89338
-9.03893
-9.1864
-9.4786
-9.63175
-9.78688
-9.94373
-10.102
-10.2621
-10.5771
-10.7416
-10.9079
-11.0759
-11.2451
-11.4163
-11.7527
-11.9284
-12.106
-12.2853
-12.466
-12.6488
-13.0082
-13.196
-13.3859
-13.5777
-13.7711
-13.9668
-14.3519
-14.5534
-14.7572
-14.9633
-15.1714
-15.3822
-15.7983
-16.0165
-16.2382
-16.463
-16.6909
-16.9228
-17.3846
-17.6296
-17.8802
-18.1368
-18.3997
-18.6702
-19.2173
-19.5118
-19.8162
-20.1299
-20.4526
-20.7853
-21.4567
-21.8151
-22.1818
-22.5563
-22.9372
-23.3252
-24.0948
-24.4994
-24.9098
-25.3253
-25.7451
-26.1703
-27.0086
-27.4475
-27.8911
-28.3394
-28.7925
-29.2504
-30.1527
-30.6251
-31.1028
-31.5856
-32.0737
-32.5673
-33.5404
-34.0505
-34.5666
-35.0887
-35.6171
-36.1517
-37.2075
-37.7618
-38.3235
-38.8924
-39.469
-40.0538
-41.2121
-41.8226
-42.4429
-43.0739
-43.7161
-44.3699
-45.6777
-46.3738
-47.0874
-47.8196
-48.5721
-49.3471
-50.9227
-51.776
-52.6599
-53.5756
-54.5236
-55.5055
-57.5061
-58.5872
-59.7006
-60.8451
-62.0202
-63.2253
-65.644
-66.9325
-68.2488
-69.5932
-70.9653
-72.366
-75.1673
-76.656
-78.1771
-79.7317
-81.3206
-82.9452
-86.2086
-87.9496
-89.7355
-91.5681
-93.4481
-95.3799
-99.2837
-101.384
-103.548
-105.779
-108.084
-110.464
-115.318
-117.954
-120.69
-123.529
-126.483
-129.558
-135.907
-139.399
-143.054
-146.888
-150.921
-155.172
-164.085
-169.078
-174.382
-180.046
-186.093
-192.535
-206.41
-214.331
-222.837
-231.948
-241.752
-252.22
-274.456
-286.935
-300.157
-313.996
-328.365
-343.328
-373.522
-389.195
-404.574
-419.575
-433.339
-445.638
-463.857
-469.392
-472.251
-471.966
-468.557
-461.682
-438.857
-422.003
-401.653
-377.694
-350.393
-319.932
-252.462
-214.274
-174.521
-133.325
-91.2514
-48.6888
34.4093
76.9211
118.984
160.04
199.947
237.991
305.362
335.94
363.204
387.082
407.499
424.358
447.274
454.022
457.612
457.959
455.329
449.879
432.047
420.042
406.684
391.952
376.944
361.775
332.707
318.271
304.44
291.22
278.699
266.823
245.723
235.819
226.525
217.838
209.714
202.139
188.79
182.508
176.629
171.095
165.863
160.922
152.068
147.829
143.797
139.953
136.285
132.774
126.38
123.276
120.293
117.425
114.661
111.995
107.082
104.672
102.339
100.079
97.8856
95.7583
91.8015
89.8442
87.9387
86.0833
84.2743
82.5119
79.2155
77.5771
75.9783
74.4191
72.8984
71.4165
68.6525
67.2859
65.9586
64.6723
63.4273
62.225
60.0118
58.9308
57.8895
56.8869
55.918
54.9843
53.2578
52.4074
51.5805
50.7752
49.9903
49.2232
47.782
47.0607
46.3527
45.6571
44.9732
44.3006
43.0252
42.3819
41.7478
41.1227
40.5061
39.8977
38.7403
38.1547
37.5764
37.0052
36.441
35.8836
34.8211
34.2826
33.7503
33.224
32.7037
32.1891
31.2071
30.7091
30.2165
29.7293
29.2475
28.7712
27.8625
27.4021
26.9474
26.4986
26.0559
25.6197
24.7926
24.3771
23.9702
23.5715
23.1819
22.8026
22.0949
21.7455
21.4069
21.0783
20.7596
20.4507
19.8756
19.5904
19.3127
19.0407
18.7746
18.5136
18.0202
17.7716
17.5271
17.2856
17.0471
16.8121
16.3636
16.1362
15.9116
15.6891
15.4689
15.2514
14.8351
14.6236
14.4145
14.2071
14.0018
13.7988
13.41
13.2123
13.0167
12.8228
12.6306
12.4405
12.0764
11.8912
11.708
11.5263
11.3462
11.1682
10.8273
10.6542
10.4831
10.3137
10.1462
9.98101
9.66642
9.50772
9.35183
9.19847
9.0482
8.90132
8.62574
8.48925
8.3563
8.22708
8.10143
7.97956
7.75236
7.63962
7.52985
7.42226
7.317
7.21396
7.01884
6.92063
6.82389
6.72832
6.63395
6.54087
6.36304
6.27277
6.18354
6.0951
6.00753
5.92088
5.75491
5.67047
5.5869
5.50395
5.42173
5.34034
5.18426
5.10479
5.02609
4.94796
4.87047
4.79373
4.64652
4.57154
4.4973
4.42357
4.35046
4.27809
4.13936
4.06889
3.999
3.92984
3.86142
3.79388
3.66515
3.60024
3.53623
3.47325
3.41154
3.35091
3.23674
3.17981
3.04652
2.89386
2.75506
2.6292
2.41429
2.31621
2.22521
2.14093
2.06183
1.98749
1.85539
1.79275
1.73339
1.67699
1.62365
1.57292
1.48036
1.4356
1.39341
1.35297
1.31377
1.276
1.20631
1.17257
1.14049
1.10935
1.07901
1.04966
