-1.70312
-1.836
-1.97345
-2.11668
-2.26557
-2.4211
-2.58459
-2.76086
-2.9577
-3.18602
-3.44441
-3.72398
-4.01801
-4.32529
-4.64502
-4.97838
-5.32685
-5.69008
-6.07057
-6.47097
-6.90028
-7.37741
-7.93175
-8.57083
-9.27334
-10.0184
-10.7969
-11.6109
-12.4607
-13.3489
-14.2785
-15.2541
-16.2767
-17.3703
-18.5781
-19.9746
-21.6094
-23.4403
-25.4009
-27.4671
-29.6368
-31.9105
-34.3036
-36.8295
-39.4945
-42.3284
-45.3814
-48.7734
-52.7218
-57.4556
-62.9615
-69.1016
-75.8326
-83.2295
-91.4678
-100.751
-111.37
-123.884
-138.912
-157.697
-182.195
-216.211
-263.894
-326.605
-396.184
-442.956
-433.37
-348.746
-196.761
-7.06233
182.595
334.96
418.737
428.6
381.636
314.495
255.094
211.312
178.936
154.65
135.923
120.737
108.082
97.2494
87.8159
79.4593
71.9774
65.3225
59.6031
54.8583
50.8654
47.3273
44.0811
41.0516
38.2035
35.5113
32.9629
30.5414
28.2359
26.0473
23.9964
22.1462
20.554
19.1892
17.9677
16.827
15.7465
14.715
13.73
12.7886
11.8852
11.0206
10.1934
9.41036
8.68856
8.0548
7.50929
7.02272
6.56984
6.13968
5.72813
5.33249
4.95251
4.58636
4.23346
3.89396
3.57055
3.27195
2.77185
2.25179
1.88347
1.60454
1.38421
1.20507
1.05457
0.926862
0.820582
0.725188
0.639512
0.562545
-1.7039
-1.83518
-1.83682
-1.9726
-1.97429
-2.11579
-2.11757
-2.26465
-2.26648
-2.42014
-2.42206
-2.58357
-2.58561
-2.75975
-2.76196
-2.95643
-2.95898
-3.18454
-3.1875
-3.44277
-3.44605
-3.72225
-3.72572
-4.01619
-4.01983
-4.3234
-4.32718
-4.64307
-4.64697
-4.97633
-4.98044
-5.3247
-5.329
-5.68784
-5.69233
-6.06822
-6.07293
-6.46848
-6.47346
-6.89762
-6.90299
-7.37432
-7.38049
-7.92813
-7.93537
-8.56674
-8.57492
-9.26895
-9.27773
-10.0138
-10.023
-10.7921
-10.8017
-11.6059
-11.616
-12.4554
-12.4659
-13.3434
-13.3543
-14.2727
-14.2842
-15.2481
-15.26
-16.2703
-16.283
-17.3634
-17.3772
-18.5701
-18.586
-19.9653
-19.9838
-21.5986
-21.6202
-23.4286
-23.4519
-25.3887
-25.4131
-27.4543
-27.4799
-29.6234
-29.6502
-31.8965
-31.9246
-34.2888
-34.3185
-36.8138
-36.8453
-39.4779
-39.5111
-42.3106
-42.3462
-45.3621
-45.4007
-48.7515
-48.7952
-52.6957
-52.7479
-57.4247
-57.4866
-62.9263
-62.9968
-69.0628
-69.1405
-75.7898
-75.8755
-83.1818
-83.2773
-91.4153
-91.5203
-100.691
-100.811
-111.301
-111.44
-123.802
-123.966
-138.811
-139.012
-157.57
-157.824
-182.023
-182.367
-215.969
-216.454
-263.559
-264.228
-326.196
-327.015
-395.855
-396.514
-442.796
-443.113
-433.65
-433.088
-349.517
-347.971
-197.844
-195.678
-8.24263
-5.88183
181.506
183.683
334.154
335.765
418.46
419.012
428.73
428.469
382.031
381.242
314.893
314.101
255.404
254.786
211.539
211.085
179.103
178.77
154.784
154.516
136.025
135.822
120.82
120.654
108.152
108.012
97.3102
97.1887
87.8695
87.7625
79.5071
79.4116
72.0203
71.9346
65.3601
65.2849
59.6347
59.5716
54.8843
54.8324
50.8879
50.8429
47.3477
47.3069
44.1001
44.0622
41.0694
41.0339
38.2204
38.1867
35.5271
35.4955
32.978
32.9479
30.5555
30.5273
28.2497
28.2221
26.0602
26.0345
24.0083
23.9845
22.1566
22.1358
20.5629
20.5452
19.197
19.1815
17.9748
17.9605
16.8337
16.8202
15.7528
15.7402
14.7211
14.7089
13.7359
13.7242
12.7942
12.783
11.8905
11.8798
11.0258
11.0155
10.1983
10.1885
9.41491
9.4058
8.69268
8.68444
8.05834
8.05127
7.51241
7.50617
7.02553
7.0199
6.5725
6.56718
6.14223
6.13714
5.73057
5.72569
5.33483
5.33014
4.95479
4.95022
4.58853
4.58419
4.23555
4.23137
3.89597
3.89196
3.57245
3.56865
3.27364
3.27025
2.7757
2.768
2.25437
2.24921
1.8854
1.88155
1.60603
1.60305
1.38538
1.38305
1.20605
1.20408
1.05541
1.05372
0.927565
0.92616
0.821186
0.819978
0.725737
0.724639
0.639997
0.639028
0.562995
-1.70947
-1.82941
-1.84254
-1.96667
-1.98023
-2.1096
-2.12378
-2.25823
-2.27292
-2.41341
-2.42881
-2.57644
-2.59277
-2.75188
-2.76969
-2.94752
-2.96796
-3.17422
-3.19789
-3.43134
-3.45753
-3.71017
-3.73789
-4.00354
-4.03257
-4.31008
-4.34036
-4.62943
-4.66071
-4.96194
-4.99487
-5.3097
-5.34403
-5.67215
-5.70805
-6.05178
-6.08945
-6.45106
-6.49094
-6.87911
-6.92197
-7.35282
-7.40225
-7.90289
-7.96083
-8.53815
-8.60363
-9.23825
-9.30849
-9.98163
-10.0552
-10.7584
-10.8355
-11.5708
-11.6512
-12.4186
-12.5028
-13.305
-13.3928
-14.2326
-14.3245
-15.2062
-15.3018
-16.2258
-16.3277
-17.3153
-17.4255
-18.5152
-18.6408
-19.9017
-20.0487
-21.5248
-21.6957
-23.3474
-23.5334
-25.3037
-25.4985
-27.3648
-27.5696
-29.5299
-29.7439
-31.798
-32.0233
-34.1851
-34.4225
-36.7038
-36.9555
-39.3618
-39.6276
-42.1868
-42.4709
-45.2276
-45.5372
-48.5995
-48.9484
-52.5141
-52.9315
-57.209
-57.7041
-62.6801
-63.2444
-68.7916
-69.413
-75.4912
-76.1758
-82.8492
-83.6079
-91.0492
-91.889
-100.273
-101.231
-110.816
-111.928
-123.23
-124.543
-138.111
-139.723
-156.676
-158.72
-180.834
-183.581
-214.281
-218.178
-261.238
-266.59
-323.31
-329.911
-393.223
-399.073
-441.63
-444.166
-435.54
-430.918
-354.813
-342.573
-205.387
-188.06
-16.4992
2.38711
173.84
191.258
328.485
340.797
416.446
420.902
429.615
427.362
384.796
378.481
317.695
311.354
257.658
252.701
213.147
209.508
180.284
177.613
155.733
153.591
136.742
135.115
121.403
120.074
108.646
107.513
97.7371
96.7651
88.2453
87.3898
79.8421
79.0783
72.3211
71.6359
65.6245
65.0228
59.8565
59.3521
55.0682
54.6514
51.0459
50.6857
47.4909
47.1645
44.2327
43.93
41.1937
40.9099
38.338
38.0688
35.6381
35.3848
33.0834
32.8429
30.6556
30.428
28.3463
28.1271
26.1502
25.9448
24.0919
23.9019
22.2299
22.0631
20.625
20.4836
19.2514
19.1275
18.0248
17.9104
16.8809
16.7732
15.7969
15.6959
14.7641
14.6663
13.7766
13.6836
12.8329
12.7441
11.928
11.8425
11.0616
10.9797
10.2324
10.1544
9.44676
9.37398
8.72163
8.65557
8.08325
8.02661
7.53434
7.48447
7.04526
7.00023
6.59111
6.54856
6.16006
6.11937
5.74763
5.70864
5.35124
5.31377
4.97057
4.93436
4.60376
4.56898
4.2502
4.21674
3.91005
3.87791
3.58589
3.55539
3.28556
3.25828
2.80275
2.74133
2.27259
2.23128
1.89898
1.86817
1.61652
1.59266
1.39363
1.3749
1.21299
1.19722
1.06136
1.04783
0.932508
0.921268
0.825424
0.815761
0.72959
0.720808
0.6434
0.635651
0.566152
-1.72342
-1.74152
-1.75973
-1.77807
-1.79642
-1.81493
-1.85682
-1.87562
-1.89451
-1.91345
-1.93255
-1.95176
-1.99527
-2.01483
-2.03447
-2.05421
-2.07417
-2.09412
-2.1395
-2.15974
-2.18008
-2.2006
-2.22126
-2.24206
-2.28918
-2.31039
-2.33173
-2.35316
-2.37475
-2.39649
-2.446
-2.46836
-2.4905
-2.51306
-2.53599
-2.55865
-2.6109
-2.63458
-2.65853
-2.6831
-2.70736
-2.73216
-2.78951
-2.81575
-2.84252
-2.86943
-2.89705
-2.92527
-2.99089
-3.0211
-3.05191
-3.08333
-3.11561
-3.14845
-3.22427
-3.25897
-3.2944
-3.33023
-3.36607
-3.40274
-3.48661
-3.52462
-3.56314
-3.60157
-3.64039
-3.67972
-3.76866
-3.80899
-3.84905
-3.88959
-3.93075
-3.97174
-4.0647
-4.10656
-4.14869
-4.19097
-4.23364
-4.27656
-4.37369
-4.41734
-4.46143
-4.50535
-4.54976
-4.59474
-4.69563
-4.74109
-4.78684
-4.83278
-4.87917
-4.9258
-5.03136
-5.07883
-5.12658
-5.17454
-5.22285
-5.27154
-5.38207
-5.43164
-5.48176
-5.53177
-5.58192
-5.63271
-5.74792
-5.79984
-5.85207
-5.90455
-5.95799
-6.01046
-6.13123
-6.18555
-6.24038
-6.29563
-6.35124
-6.40735
-6.53527
-6.59312
-6.65155
-6.71107
-6.77068
-6.83194
-6.97018
-7.03409
-7.09851
-7.16382
-7.23095
-7.29923
-7.45771
-7.5309
-7.6056
-7.6819
-7.76007
-7.84021
-8.02564
-8.11099
-8.19772
-8.28572
-8.37564
-8.46693
-8.67674
-8.77161
-8.86738
-8.9644
-9.06296
-9.16196
-9.38661
-9.48773
-9.58982
-9.69286
-9.79572
-9.89996
-10.1369
-10.2431
-10.3497
-10.4568
-10.5649
-10.6738
-10.921
-11.0329
-11.1438
-11.2559
-11.3698
-11.4828
-11.7402
-11.8561
-11.9726
-12.0896
-12.2075
-12.3263
-12.5959
-12.7169
-12.8388
-12.9612
-13.0845
-13.2086
-13.4903
-13.618
-13.7452
-13.8731
-14.0028
-14.1328
-14.4263
-14.5589
-14.6924
-14.8269
-14.9623
-15.0985
-15.4074
-15.5466
-15.687
-15.8277
-15.9702
-16.1141
-16.441
-16.5891
-16.7382
-16.8883
-17.0409
-17.1953
-17.5482
-17.7106
-17.8729
-18.0382
-18.2085
-18.3802
-18.7801
-18.9637
-19.1522
-19.3444
-19.5413
-19.7429
-20.2128
-20.4293
-20.6509
-20.8765
-21.1066
-21.3407
-21.8838
-22.1277
-22.3776
-22.6301
-22.8863
-23.1454
-23.7365
-24.0025
-24.2722
-24.5421
-24.8151
-25.0918
-25.7147
-25.9984
-26.281
-26.5646
-26.8514
-27.1402
-27.7965
-28.092
-28.3895
-28.6906
-28.9899
-29.2926
-29.9813
-30.2909
-30.6048
-30.9179
-31.2327
-31.5504
-32.2736
-32.5996
-32.9276
-33.2574
-33.5898
-33.9246
-34.6862
-35.0288
-35.3746
-35.7244
-36.0746
-36.4276
-37.2331
-37.5929
-37.9578
-38.3252
-38.6957
-39.0705
-39.9227
-40.3102
-40.6935
-41.084
-41.4787
-41.8764
-42.7867
-43.1975
-43.6132
-44.0335
-44.4594
-44.8904
-45.8839
-46.334
-46.7959
-47.2599
-47.7322
-48.2156
-49.3397
-49.8575
-50.3897
-50.932
-51.4897
-52.0616
-53.4013
-54.0223
-54.6611
-55.313
-55.9824
-56.6677
-58.261
-58.995
-59.7429
-60.5026
-61.2772
-62.063
-63.8751
-64.7
-65.5363
-66.3833
-67.2424
-68.1116
-70.1047
-71.0106
-71.9266
-72.8535
-73.7938
-74.7464
-76.9345
-77.9266
-78.9326
-79.9528
-80.9844
-82.023
-84.4464
-85.5389
-86.6635
-87.801
-88.9575
-90.1312
-92.8308
-94.0671
-95.3219
-96.5979
-97.9015
-99.2298
-102.302
-103.708
-105.148
-106.614
-108.106
-109.607
-113.172
-114.799
-116.477
-118.238
-119.999
-121.798
-126.017
-127.965
-129.975
-131.985
-134.194
-136.375
-141.557
-143.968
-146.462
-149.052
-151.699
-154.458
-161.023
-164.108
-167.345
-170.708
-174.207
-177.807
-186.725
-190.988
-195.434
-199.962
-204.957
-210.111
-222.632
-228.678
-234.954
-241.511
-248.348
-255.541
-272.704
-280.841
-289.257
-297.896
-305.987
-315.999
-337.416
-347.237
-357.089
-366.555
-375.337
-385.845
-405.928
-414.384
-421.095
-428.472
-434.489
-438.363
-446.43
-447.949
-447.875
-446.765
-444.012
-439.787
-424.14
-416.315
-406.442
-393.888
-381.625
-367.381
-329.323
-310.941
-290.82
-269.783
-247.33
-223.829
-168.537
-142.856
-117.114
-90.6401
-63.8958
-37.3036
23.0286
49.799
76.3992
102.483
128.388
154.34
210.035
233.017
254.954
276.206
296.322
314.065
353.037
367.585
380.598
392.215
402.18
410.799
424.954
428.958
431.567
432.851
432.856
431.629
423.767
419.331
413.581
406.748
399.513
390.986
371.596
362.363
353.018
343.622
334.15
324.801
304.476
295.781
287.407
279.238
271.435
263.872
247.814
241.227
234.874
228.781
222.974
217.337
205.598
200.483
196.052
191.65
187.377
183.293
174.609
171.034
167.622
164.313
161.135
158.063
151.366
148.72
146.027
143.481
140.991
138.561
133.363
131.126
128.97
126.878
124.851
122.896
118.628
116.798
115.021
113.272
111.567
109.908
106.258
104.705
103.188
101.704
100.251
98.8172
95.7078
94.3505
93.026
91.7358
90.4596
89.199
86.4414
85.258
84.0952
82.9327
81.8077
80.6935
78.2442
77.1831
76.1353
75.1022
74.0867
73.0863
70.889
69.9387
69.0022
68.0848
67.1816
66.2968
64.3679
63.5445
62.7346
61.9452
61.1738
60.4237
58.8056
58.1162
57.4459
56.7939
56.1585
55.5392
54.2003
53.6299
53.0637
52.5153
51.9763
51.448
50.2921
49.79
49.297
48.8125
48.3284
47.8541
46.8075
46.351
45.9001
45.4518
45.0087
44.5701
43.5984
43.1743
42.7538
42.334
41.9202
41.5091
40.599
40.1993
39.8035
39.4107
39.0208
38.6344
37.7749
37.3976
37.0238
36.6528
36.2847
35.919
35.107
34.7505
34.3985
34.0471
33.6975
33.3504
32.5797
32.2402
31.9038
31.5704
31.2392
30.9088
30.1766
29.8544
29.5364
29.2177
28.9005
28.5895
27.8881
27.5817
27.2772
26.9751
26.6758
26.3785
25.7198
25.433
25.1444
24.8613
24.5822
24.3039
23.696
23.4305
23.1698
22.9153
22.6635
22.4167
21.8818
21.652
21.4272
21.2086
20.9933
20.7838
20.33
20.1339
19.943
19.7585
19.5712
19.3895
18.9927
18.8203
18.6506
18.4845
18.3151
18.1504
17.7859
17.6271
17.4666
17.3098
17.1556
17.0002
16.6555
16.5037
16.3533
16.2044
16.0563
15.9094
15.583
15.4387
15.2968
15.1534
15.0122
14.8724
14.5592
14.4225
14.286
14.1494
14.0144
13.8809
13.5816
13.45
13.3187
13.189
13.0599
12.9311
12.6456
12.5195
12.3947
12.2704
12.1458
12.0226
11.7487
11.6281
11.5081
11.3891
11.2716
11.1527
10.8899
10.7741
10.659
10.5452
10.4317
10.3189
10.0688
9.95861
9.84963
9.74152
9.63405
9.5278
9.29337
9.19057
9.09015
8.99013
8.89168
8.79536
8.58404
8.4929
8.40352
8.31623
8.23061
8.14701
7.96508
7.88688
7.81038
7.73502
7.66139
7.58956
7.43072
7.36182
7.29382
7.22694
7.16098
7.09589
6.95087
6.88753
6.82439
6.76189
6.69979
6.63821
6.50176
6.44168
6.382
6.32276
6.26373
6.20513
6.07477
6.01745
5.96052
5.90358
5.84744
5.79108
5.66595
5.61047
5.55547
5.50102
5.44674
5.39274
5.2726
5.21951
5.1668
5.11444
5.0622
5.01032
4.89478
4.84381
4.79291
4.74254
4.69239
4.64236
4.53096
4.48155
4.4326
4.38397
4.33554
4.28728
4.17998
4.13255
4.08537
4.03857
3.9919
3.94562
3.84258
3.79726
3.75225
3.70757
3.66324
3.61952
3.52215
3.48001
3.43781
3.39637
3.356
3.31597
3.22901
3.19193
3.15469
3.07148
2.96995
2.87353
2.67631
2.59679
2.5221
2.45103
2.38364
2.31983
2.18707
2.13195
2.07925
2.02903
1.98058
1.93391
1.83511
1.79377
1.75409
1.71612
1.67947
1.64345
1.56695
1.5347
1.50325
1.47276
1.44327
1.41485
1.35457
1.32872
1.30338
1.27861
1.25436
1.23077
1.18022
1.15869
1.13759
1.11695
1.09661
1.07654
1.03318
1.01463
0.996596
0.979049
0.961887
0.945148
0.90911
0.893745
0.878914
0.864518
0.850263
0.836182
0.805201
0.791683
0.778339
0.765197
0.7522
0.739376
0.711219
0.698958
0.6869
0.675096
0.663477
0.652068
0.627222
0.616481
0.605838
0.595354
0.584691
0.574174
