-1.74136
-1.95295
-2.1781
-2.41907
-2.68216
-2.98715
-3.36002
-3.79047
-4.2585
-4.75936
-5.29519
-5.87014
-6.49331
-7.19527
-8.04815
-9.08114
-10.2365
-11.4821
-12.8177
-14.2525
-15.8025
-17.5133
-19.5275
-22.0373
-24.9779
-28.2086
-31.7035
-35.4937
-39.6337
-44.2301
-49.5789
-56.3474
-64.9385
-75.1365
-87.0761
-101.42
-119.401
-143.26
-177.746
-233.43
-323.871
-434.035
-457.335
-301.956
-7.11882
287.383
442.418
420.283
313.452
227.849
174.408
140.209
116.147
97.9313
83.383
71.359
61.5361
53.9723
48.0124
42.9029
38.3273
34.1606
30.3336
26.8096
23.6255
20.9445
18.7917
16.9426
15.2596
13.7001
12.2476
10.8926
9.63776
8.5244
7.609
6.8442
6.15647
5.51782
4.9193
4.35663
3.82919
3.34962
2.56948
1.91425
1.49634
1.20017
0.976431
0.805988
0.663462
0.543027
-1.74216
-1.95211
-1.9538
-2.1772
-2.179
-2.4181
-2.42004
-2.68108
-2.68324
-2.98585
-2.98845
-3.35845
-3.36159
-3.78873
-3.79222
-4.25663
-4.26038
-4.75736
-4.76136
-5.29305
-5.29734
-5.86783
-5.87245
-6.49079
-6.49584
-7.19232
-7.19823
-8.04448
-8.05182
-9.07687
-9.08541
-10.2319
-10.2412
-11.4771
-11.487
-12.8124
-12.8231
-14.2467
-14.2582
-15.7963
-15.8088
-17.5062
-17.5203
-19.5188
-19.5362
-22.0266
-22.048
-24.9659
-24.9899
-28.1956
-28.2216
-31.6895
-31.7176
-35.4784
-35.509
-39.6169
-39.6505
-44.2112
-44.249
-49.556
-49.6018
-56.3177
-56.3772
-64.9021
-64.975
-75.094
-75.179
-87.0259
-87.1264
-101.358
-101.481
-119.322
-119.48
-143.152
-143.369
-177.58
-177.911
-233.153
-233.707
-323.453
-324.29
-433.677
-434.392
-457.571
-457.096
-302.884
-301.025
-8.34687
-5.89058
286.433
288.332
442.176
442.657
420.632
419.932
313.853
313.051
228.112
227.587
174.569
174.247
140.318
140.1
116.227
116.067
97.9937
97.869
83.434
83.332
71.4013
71.3167
61.5697
61.5026
53.9978
53.9468
48.0335
47.9913
42.9215
42.8843
38.3442
38.3105
34.176
34.1452
30.3478
30.3194
26.8226
26.7966
23.637
23.6141
20.9537
20.9352
18.7993
18.784
16.9494
16.9358
15.2659
15.2534
13.7059
13.6943
12.253
12.2422
10.8977
10.8875
9.64239
9.63313
8.52835
8.52047
7.61219
7.60581
6.84698
6.84143
6.15903
6.15391
5.52021
5.51543
4.92154
4.91705
4.35874
4.35452
3.83115
3.82722
3.35134
3.34789
2.57281
2.56615
1.91621
1.91229
1.49769
1.49499
1.20116
1.19919
0.977187
0.975676
0.806582
0.805393
0.66397
0.662953
0.543444
-1.74872
-1.94516
-1.96077
-2.16979
-2.18643
-2.41013
-2.42803
-2.67219
-2.69217
-2.97516
-2.99923
-3.34552
-3.37459
-3.77435
-3.80664
-4.2412
-4.27586
-4.74086
-4.77791
-5.27537
-5.31505
-5.84882
-5.89152
-6.46998
-6.51676
-7.16808
-7.22269
-8.01429
-8.08225
-9.04171
-9.12073
-10.1936
-10.2796
-11.436
-11.5283
-12.7683
-12.8673
-14.1993
-14.3058
-15.7447
-15.8605
-17.4481
-17.5788
-19.4476
-19.6081
-21.9389
-22.1362
-24.8672
-25.089
-28.0885
-28.329
-31.5736
-31.8338
-35.3524
-35.6354
-39.4786
-39.7894
-44.0556
-44.4056
-49.3681
-49.7918
-56.0733
-56.6241
-64.6023
-65.2768
-74.7441
-75.531
-86.6128
-87.5423
-100.853
-101.991
-118.674
-120.136
-142.264
-144.271
-176.228
-179.282
-230.895
-236.013
-320.005
-327.759
-430.679
-437.286
-459.419
-455.038
-310.543
-293.042
-18.4717
4.22454
278.53
296.075
440.104
444.516
423.453
416.958
317.161
309.766
230.294
225.446
175.908
172.931
141.223
139.206
116.89
115.412
98.5107
97.3569
83.8559
82.9133
71.7516
70.9691
61.8476
61.2276
54.2091
53.7372
48.208
47.8176
43.0755
42.731
38.4835
38.1718
34.3035
34.0181
30.4652
30.2023
26.9305
26.6892
23.732
23.5197
21.0302
20.8594
18.8623
18.7215
17.0055
16.8799
15.3177
15.2018
13.754
13.6464
12.2979
12.1975
10.9394
10.8459
9.68065
9.59508
8.56097
8.48812
7.63859
7.57959
6.86992
6.81854
6.18014
6.13285
5.53995
5.49574
4.94007
4.89857
4.37616
4.33713
3.84737
3.81106
3.36565
3.33368
2.60062
2.53898
1.93252
1.89625
1.50887
1.48393
1.20939
1.19114
0.983454
0.969478
0.8115
0.800504
0.668178
0.658773
0.546954
-1.76967
-1.79982
-1.83025
-1.86094
-1.89189
-1.92313
-1.98303
-2.01509
-2.04744
-2.08009
-2.11304
-2.14631
-2.21018
-2.24439
-2.27896
-2.31388
-2.34918
-2.38489
-2.45363
-2.49061
-2.5281
-2.56616
-2.60484
-2.6442
-2.72089
-2.76271
-2.80559
-2.84962
-2.89492
-2.94161
-3.03407
-3.0852
-3.13787
-3.19205
-3.24775
-3.3048
-3.41634
-3.47693
-3.53854
-3.60111
-3.66456
-3.72886
-3.85276
-3.91928
-3.98651
-4.05442
-4.123
-4.1923
-4.32533
-4.39659
-4.4685
-4.54113
-4.61449
-4.68858
-4.83079
-4.907
-4.98395
-5.06165
-5.14013
-5.2194
-5.37169
-5.45336
-5.53584
-5.61919
-5.70344
-5.78863
-5.95255
-6.0406
-6.12969
-6.21993
-6.31141
-6.40424
-6.58387
-6.68124
-6.78042
-6.88178
-6.9855
-7.09195
-7.3016
-7.41733
-7.53686
-7.66027
-7.78783
-7.91959
-8.18025
-8.32369
-8.47061
-8.62094
-8.77437
-8.93067
-9.23381
-9.3973
-9.56301
-9.7308
-9.90057
-10.0722
-10.4024
-10.5794
-10.7583
-10.939
-11.1215
-11.3059
-11.66
-11.8499
-12.0416
-12.2353
-12.431
-12.6287
-13.0087
-13.2123
-13.4182
-13.6262
-13.8365
-14.0491
-14.4579
-14.6774
-14.8994
-15.1241
-15.3515
-15.5817
-16.0262
-16.2657
-16.5091
-16.7565
-17.0083
-17.2651
-17.7669
-18.0415
-18.3238
-18.6143
-18.9144
-19.2243
-19.8406
-20.1826
-20.5361
-20.9009
-21.2768
-21.6629
-22.42
-22.8325
-23.2527
-23.6802
-24.1144
-24.5551
-25.406
-25.8637
-26.3271
-26.7959
-27.2701
-27.7496
-28.6725
-29.168
-29.6689
-30.1756
-30.6881
-31.207
-32.2055
-32.742
-33.2851
-33.8345
-34.3908
-34.9539
-36.0398
-36.6243
-37.2163
-37.8163
-38.4245
-39.0414
-40.2344
-40.8784
-41.5326
-42.1978
-42.8748
-43.5651
-44.9092
-45.6429
-46.3939
-47.1656
-47.9595
-48.7791
-50.4066
-51.3128
-52.2544
-53.233
-54.2507
-55.3088
-57.4219
-58.596
-59.8077
-61.0566
-62.3407
-63.6591
-66.247
-67.6606
-69.1063
-70.5847
-72.0962
-73.6415
-76.6624
-78.3115
-80.0001
-81.7287
-83.4995
-85.3142
-88.8822
-90.8426
-92.8581
-94.9322
-97.0686
-99.2699
-103.637
-106.056
-108.563
-111.16
-113.85
-116.65
-122.263
-125.406
-128.689
-132.128
-135.727
-139.499
-147.21
-151.612
-156.265
-161.202
-166.46
-172.068
-183.785
-190.655
-198.052
-206.004
-214.625
-223.942
-243.633
-255.116
-267.453
-280.597
-294.539
-309.264
-338.959
-355.474
-372.12
-388.865
-405.142
-420.618
-445.617
-455.514
-462.691
-466.665
-467.178
-463.906
-447.36
-432.894
-414.207
-391.539
-364.748
-334.222
-266.634
-226.778
-184.784
-141.12
-96.0933
-50.5919
36.3447
81.8983
126.786
170.513
212.634
252.385
319.681
350.201
376.862
399.522
417.911
432.442
449.182
452.51
452.067
448.311
441.418
431.628
407.099
392.131
376.181
359.918
343.746
327.938
299.546
285.59
272.417
260.033
248.363
237.477
218.868
210.012
201.786
194.127
186.995
180.321
168.863
163.343
158.127
153.22
148.565
144.171
136.433
132.632
129.002
125.537
122.22
119.038
113.364
110.533
107.802
105.173
102.632
100.181
95.7515
93.5166
91.3499
89.2459
87.2022
85.2149
81.5979
79.76
77.9717
76.2299
74.5327
72.8811
69.8774
68.3567
66.8828
65.4561
64.078
62.7485
60.368
59.1818
58.0448
56.9526
55.903
54.8946
53.0807
52.1685
51.2836
50.4239
49.5864
48.7688
47.2708
46.503
45.7496
45.0102
44.2837
43.569
42.2466
41.5635
40.8906
40.2277
39.5742
38.9296
37.733
37.1129
36.5009
35.8969
35.3005
34.7114
33.6161
33.0477
32.4862
31.9312
31.3828
30.8408
29.832
29.3082
28.7905
28.2792
27.7743
27.2756
26.3497
25.8709
25.3998
24.9367
24.4824
24.0374
23.2231
22.8095
22.4077
22.0185
21.6417
21.2776
20.6216
20.2917
19.9717
19.661
19.3589
19.0644
18.5244
18.2473
17.9753
17.7079
17.4445
17.1849
16.7031
16.4533
16.2064
15.9625
15.7215
15.483
15.0386
14.8076
14.5791
14.3529
14.1291
13.9077
13.4946
13.2796
13.0668
12.8561
12.6475
12.4411
12.0559
11.8553
11.6568
11.4602
11.2656
11.0731
10.714
10.5273
10.3428
10.1606
9.98068
9.80326
9.47491
9.30586
9.14018
8.97812
8.82009
8.66617
8.38662
8.24543
8.10879
7.97641
7.84813
7.72367
7.49702
7.38166
7.26898
7.15846
7.05005
6.94349
6.74617
6.64403
6.54318
6.44353
6.34504
6.24768
6.06613
5.97165
5.87817
5.78554
5.69384
5.603
5.43335
5.34494
5.25733
5.17051
5.08453
4.99928
4.84
4.75692
4.67459
4.59293
4.51203
4.43185
4.28203
4.20395
4.12661
4.05003
3.97425
3.8993
3.75998
3.68784
3.61685
3.54708
3.47863
3.41165
3.28898
3.22634
3.16519
2.99891
2.83855
2.69339
2.45609
2.34682
2.24611
2.15262
2.06651
1.98584
1.84655
1.77903
1.71557
1.65562
1.59923
1.54524
1.4496
1.40299
1.35919
1.31679
1.27579
1.23621
1.16611
1.13167
1.0973
1.06486
1.03374
1.00376
0.950124
0.923445
0.897906
0.873692
0.85026
0.827296
0.785098
0.763487
0.742344
0.721668
0.701459
0.681719
0.645624
0.627236
0.609374
0.59187
0.574883
0.558393
