-2.33085
-2.63628
-2.99874
-3.47584
-4.02539
-4.61967
-5.26115
-5.95497
-6.71434
-7.62561
-8.8413
-10.2506
-11.7792
-13.4348
-15.2318
-17.2077
-19.5977
-22.8253
-26.5988
-30.7261
-35.2487
-40.2421
-45.8743
-52.9414
-62.8849
-75.2197
-90.0304
-108.665
-133.834
-171.769
-241.846
-376.656
-513.227
-395.952
-7.08553
381.531
497.939
363.809
236.238
169.175
130.97
105.363
86.3715
71.2959
59.4163
51.09
44.63
38.99
33.9304
29.3396
25.1554
21.5525
18.8772
16.6905
14.7064
12.8796
11.192
9.63457
8.27709
7.24948
6.39579
5.61404
4.88725
4.20887
3.57947
2.8688
1.95664
1.45319
1.12024
0.878864
-2.33178
-2.63526
-2.63731
-2.99741
-3.00007
-3.47418
-3.4775
-4.02357
-4.02721
-4.6177
-4.62164
-5.25903
-5.26327
-5.95267
-5.95727
-6.71177
-6.71691
-7.62225
-7.62897
-8.83705
-8.84556
-10.2459
-10.2552
-11.7741
-11.7843
-13.4293
-13.4403
-15.2258
-15.2378
-17.201
-17.2144
-19.5888
-19.6066
-22.8139
-22.8367
-26.5863
-26.6114
-30.7124
-30.7399
-35.2336
-35.2638
-40.2254
-40.2589
-45.8549
-45.8938
-52.9147
-52.9681
-62.849
-62.9209
-75.1769
-75.2625
-89.9783
-90.0825
-108.597
-108.733
-133.739
-133.93
-171.615
-171.923
-241.533
-242.16
-376.124
-377.189
-513.098
-513.352
-396.85
-395.05
-8.4576
-5.71372
380.64
382.42
498.053
497.823
364.328
363.292
236.534
235.942
169.329
169.022
131.067
130.873
105.432
105.293
86.4248
86.3183
71.339
71.2528
59.4482
59.3845
51.1125
51.0675
44.6491
44.611
39.0069
38.973
33.9457
33.9151
29.3535
29.3256
25.1679
25.1429
21.5625
21.5426
18.8846
18.8697
16.6971
16.6839
14.7124
14.7003
12.8852
12.874
11.1972
11.1869
9.6393
9.62984
8.28089
8.27329
7.25237
7.24658
6.39838
6.3932
5.61644
5.61164
4.88949
4.88502
4.21096
4.20679
3.58137
3.57757
2.87315
2.86447
1.95866
1.95462
1.45447
1.45192
1.12114
1.11935
0.879496
-2.34038
-2.62577
-2.64683
-2.98518
-3.01244
-3.45878
-3.49289
-4.00677
-4.0441
-4.59951
-4.63989
-5.23942
-5.2829
-5.93142
-5.97861
-6.68806
-6.74073
-7.59136
-7.66022
-8.7976
-8.88501
-10.2027
-10.2985
-11.7273
-11.8312
-13.3787
-13.4911
-15.1707
-15.2932
-17.1392
-17.2765
-19.5072
-19.6893
-22.7088
-22.9419
-26.4703
-26.7279
-30.5856
-30.8676
-35.0942
-35.4036
-40.0707
-40.4144
-45.6757
-46.0741
-52.6692
-53.217
-62.5177
-63.254
-74.7824
-75.6591
-89.497
-90.5671
-107.973
-109.364
-132.865
-134.817
-170.199
-173.37
-238.669
-245.103
-371.255
-382.185
-511.78
-514.343
-404.985
-386.543
-21.1627
6.98697
372.112
390.5
499.013
496.621
369.167
358.474
239.276
233.246
170.762
167.615
131.967
129.982
106.077
104.655
86.9183
85.8277
71.7395
70.8552
59.745
59.0919
51.3218
50.86
44.826
44.4349
39.1641
38.8164
34.0873
33.7741
29.4834
29.1967
25.2845
25.0266
21.6554
21.4509
18.9537
18.8012
16.7583
16.6229
14.7685
14.6444
12.9369
12.8224
11.2451
11.1391
9.68305
9.58623
8.31621
8.23836
7.27921
7.21992
6.42235
6.36928
5.63868
5.58949
4.91014
4.86439
4.23032
4.18749
3.59895
3.56003
2.91434
2.82499
1.9775
1.93609
1.46641
1.4402
1.12948
1.11098
0.885379
-2.36988
-2.41332
-2.45743
-2.50225
-2.54748
-2.59363
-2.67969
-2.72897
-2.77962
-2.83222
-2.88701
-2.94433
-3.05552
-3.12087
-3.18889
-3.25939
-3.3321
-3.40669
-3.54595
-3.62471
-3.70434
-3.78512
-3.86687
-3.94963
-4.10201
-4.18725
-4.27339
-4.36061
-4.44876
-4.53806
-4.70221
-4.79415
-4.88708
-4.98123
-5.07636
-5.17274
-5.35033
-5.44991
-5.55047
-5.65216
-5.75506
-5.85955
-6.0518
-6.15986
-6.26904
-6.3802
-6.49289
-6.60788
-6.823
-6.94639
-7.07321
-7.20535
-7.34343
-7.48815
-7.76936
-7.93509
-8.10829
-8.28802
-8.47365
-8.66434
-9.02074
-9.22217
-9.42649
-9.63367
-9.8435
-10.0559
-10.4473
-10.6663
-10.8883
-11.1123
-11.3391
-11.5689
-11.9919
-12.2287
-12.4687
-12.7117
-12.9573
-13.2063
-13.6654
-13.9227
-14.1833
-14.4466
-14.7136
-14.9844
-15.4831
-15.763
-16.0478
-16.3365
-16.63
-16.9301
-17.4914
-17.8131
-18.145
-18.4923
-18.8543
-19.2349
-19.9774
-20.4159
-20.8752
-21.3524
-21.8459
-22.3536
-23.3043
-23.8433
-24.3892
-24.9439
-25.5063
-26.0761
-27.1279
-27.7175
-28.3151
-28.9205
-29.5341
-30.1564
-31.304
-31.9485
-32.6023
-33.2656
-33.9382
-34.6207
-35.8837
-36.595
-37.3165
-38.0478
-38.7911
-39.548
-40.9492
-41.7416
-42.5474
-43.3706
-44.2108
-45.072
-46.6981
-47.6391
-48.6149
-49.6376
-50.7153
-51.8517
-54.0873
-55.4199
-56.8226
-58.2901
-59.8195
-61.4034
-64.404
-66.1239
-67.8879
-69.6975
-71.5523
-73.4531
-77.0287
-79.0759
-81.1806
-83.348
-85.5779
-87.8772
-92.2493
-94.7795
-97.4009
-100.122
-102.951
-105.893
-111.555
-114.883
-118.369
-122.036
-125.889
-129.938
-137.924
-142.724
-147.827
-153.315
-159.198
-165.529
-178.53
-186.702
-195.71
-205.704
-216.875
-229.339
-255.63
-272.279
-290.512
-310.433
-331.912
-354.883
-399.784
-425.333
-450.23
-472.811
-491.9
-505.831
-515.579
-512.446
-502.638
-485.951
-461.974
-430.553
-355.491
-304.649
-248.346
-189.018
-127.233
-64.4141
50.1743
112.721
174.312
233.972
289.926
340.623
415.919
446.776
470.482
487.153
497.282
500.436
490.289
476.71
457.755
435.56
411.191
386.14
342.606
320.611
300.252
281.576
264.575
249.034
224.556
212.737
202.208
192.619
183.887
175.892
162.988
156.609
150.672
145.177
139.995
135.127
127.014
122.883
118.962
115.242
111.694
108.31
102.529
99.531
96.6492
93.8822
91.208
88.632
84.174
81.8283
79.5502
77.3443
75.2025
73.1256
69.5189
67.6249
65.7972
64.0452
62.373
60.7828
58.1211
56.7713
55.498
54.2928
53.1462
52.0484
50.1615
49.1683
48.2007
47.2574
46.3364
45.4333
43.8403
42.9852
42.1447
41.3168
40.5038
39.7041
38.2859
37.5211
36.7676
36.0254
35.2945
34.5741
33.2946
32.6028
31.9202
31.2464
30.5829
29.9271
28.7605
28.1277
27.5047
26.8894
26.2832
25.6871
24.6325
24.0679
23.5173
22.9844
22.4714
21.9787
21.1446
20.7168
20.3107
19.9227
19.5504
19.1925
18.5688
18.2368
17.9115
17.5916
17.2776
16.9677
16.4164
16.1178
15.8237
15.532
15.2444
14.961
14.4547
14.1801
13.9087
13.6409
13.3757
13.114
12.6473
12.394
12.1438
11.8959
11.651
11.4096
10.9773
10.7426
10.5112
10.2823
10.056
9.83359
9.43864
9.22692
9.02002
8.81922
8.62528
8.43904
8.12181
7.95843
7.80278
7.65373
7.51033
7.3719
7.12974
7.00044
6.87355
6.74875
6.62589
6.50448
6.28823
6.17091
6.05514
5.94048
5.82713
5.7149
5.5143
5.40521
5.29751
5.19095
5.08543
4.98099
4.79427
4.69272
4.59236
4.49271
4.39425
4.29657
4.122
4.0271
3.93343
3.84075
3.74944
3.65944
3.50091
3.41675
3.33562
3.25783
3.18129
3.06198
2.69888
2.53562
2.39221
2.26473
2.149
2.04376
1.87466
1.79019
1.71251
1.64037
1.5726
1.50833
1.40153
1.34835
1.29756
1.24885
1.20225
1.15832
1.08295
1.04397
1.00697
0.971644
0.938044
0.906202
