-1.68074
-1.85064
-2.02857
-2.21583
-2.41341
-2.62418
-2.85856
-3.13639
-3.46493
-3.82727
-4.21213
-4.61866
-5.0466
-5.49971
-5.97864
-6.48844
-7.0483
-7.70175
-8.49368
-9.39478
-10.362
-11.387
-12.4686
-13.6152
-14.8289
-16.1214
-17.5227
-19.1283
-21.0864
-23.3938
-25.9245
-28.6222
-31.4899
-34.5492
-37.8244
-41.3487
-45.1988
-49.5942
-55.0056
-61.7232
-69.5296
-78.3215
-88.2965
-99.858
-113.584
-130.546
-152.593
-183.145
-229.624
-299.31
-388.005
-446.467
-405.897
-245.294
-7.06233
231.029
391.658
431.655
373.559
288.974
223.853
179.86
149.605
127.481
110.328
96.3442
84.5958
74.4849
65.7383
58.5065
52.8061
48.0888
43.9017
40.069
36.5181
33.2117
30.1152
27.2087
24.5093
22.1045
20.1171
18.463
16.9754
15.5903
14.2881
13.0571
11.8932
10.7918
9.75404
8.80315
7.98817
7.3111
6.71334
6.15751
5.63225
5.13313
4.65858
4.20527
3.77457
3.37449
2.82037
2.16665
1.73865
1.4307
1.19722
1.00984
0.860226
0.735122
0.625873
0.530898
-1.68152
-1.84983
-1.85145
-2.02771
-2.02943
-2.21492
-2.21673
-2.41245
-2.41437
-2.62315
-2.62522
-2.85738
-2.85975
-3.13495
-3.13783
-3.46328
-3.46657
-3.82553
-3.829
-4.21026
-4.214
-4.61669
-4.62063
-5.04453
-5.04868
-5.4975
-5.50191
-5.97635
-5.98094
-6.48594
-6.49094
-7.04547
-7.05113
-7.69835
-7.70515
-8.48965
-8.49771
-9.39036
-9.39921
-10.3574
-10.3667
-11.3821
-11.392
-12.4633
-12.4738
-13.6096
-13.6207
-14.823
-14.8348
-16.1151
-16.1277
-17.5158
-17.5297
-19.12
-19.1367
-21.0763
-21.0965
-23.3822
-23.4054
-25.9122
-25.9368
-28.609
-28.6355
-31.4759
-31.5038
-34.5343
-34.5642
-37.8084
-37.8404
-41.3314
-41.366
-45.1797
-45.218
-49.5717
-49.6168
-54.9771
-55.0343
-61.6888
-61.7576
-69.4907
-69.5686
-78.2776
-78.3655
-88.246
-88.3471
-99.7988
-99.9172
-113.513
-113.654
-130.461
-130.631
-152.473
-152.713
-182.971
-183.319
-229.354
-229.895
-298.999
-299.626
-387.587
-388.423
-446.355
-446.578
-406.364
-405.428
-246.312
-244.273
-8.24263
-5.88183
230.032
232.025
391.176
392.135
431.732
431.576
373.953
373.166
289.337
288.611
224.104
223.601
180.029
179.691
149.724
149.486
127.572
127.389
110.401
110.256
96.4041
96.2842
84.6469
84.5447
74.5293
74.4406
65.7763
65.7003
58.5368
58.4762
52.8302
52.7821
48.1096
48.068
43.9206
43.8829
40.0864
40.0516
36.5342
36.5019
33.2268
33.1966
30.1293
30.1011
27.2219
27.1954
24.5214
24.4971
22.1149
22.0942
20.1255
20.1087
18.4706
18.4555
16.9822
16.9687
15.5967
15.5839
14.2941
14.282
13.0628
13.0513
11.8986
11.8879
10.7969
10.7867
9.75877
9.74931
8.80736
8.79894
7.99165
7.98469
7.31406
7.30815
6.71605
6.71062
6.16006
6.15496
5.6347
5.62981
5.13542
5.13083
4.66078
4.65637
4.20735
4.20318
3.77654
3.77261
3.37624
3.37273
2.82435
2.81642
2.16908
2.16423
1.74033
1.73698
1.43195
1.42946
1.1982
1.19625
1.01063
1.00904
0.860851
0.859601
0.735677
0.734567
0.626346
0.625401
0.531301
-1.6876
-1.84356
-1.85772
-2.02105
-2.03611
-2.20791
-2.22375
-2.40501
-2.42182
-2.61513
-2.63328
-2.84825
-2.86896
-3.12382
-3.14903
-3.45056
-3.47934
-3.81207
-3.84267
-4.19581
-4.22849
-4.60145
-4.63576
-5.02846
-5.06478
-5.48044
-5.51895
-5.95856
-5.99869
-6.46661
-6.51036
-7.02342
-7.07294
-7.6721
-7.73165
-8.4585
-8.52903
-9.35598
-9.43351
-10.3214
-10.4031
-11.3439
-11.4303
-12.4226
-12.5147
-13.5666
-13.6638
-14.7773
-14.8807
-16.0662
-16.1767
-17.4619
-17.5846
-19.0559
-19.2014
-20.998
-21.1753
-23.2929
-23.4955
-25.8161
-26.0323
-28.5066
-28.7377
-31.368
-31.6122
-34.4188
-34.68
-37.6846
-37.9644
-41.1974
-41.5004
-45.0315
-45.367
-49.3975
-49.794
-54.7574
-55.2575
-61.4227
-62.0253
-69.1891
-69.872
-77.9376
-78.7073
-87.8553
-88.7408
-99.3422
-100.377
-112.966
-114.206
-129.789
-131.305
-151.551
-153.651
-181.639
-184.683
-227.263
-232.012
-296.205
-302.238
-384.345
-391.659
-445.421
-447.088
-409.907
-401.011
-254.155
-236.315
-17.3833
3.27364
222.28
239.633
387.331
395.72
432.254
430.716
377.003
370.19
292.17
285.822
226.063
221.663
181.337
178.396
150.608
148.573
128.283
126.692
110.963
109.698
96.8708
95.8216
85.0428
84.1502
74.8745
74.0977
66.0715
65.4072
58.7724
58.2431
53.0171
52.5967
48.271
47.9075
44.0669
43.7371
40.2211
39.9173
36.6595
36.3771
33.3441
33.0796
30.2398
29.9917
27.3248
27.0928
24.6157
24.4019
22.1959
22.014
20.1913
20.0437
18.5276
18.3969
17.0347
16.9163
15.6463
15.5347
14.3409
14.2351
13.1071
13.0075
11.94
11.8465
10.8361
10.7476
9.79548
9.71273
8.84003
8.76641
8.01872
7.95781
7.33706
7.28527
6.7371
6.68965
6.17983
6.13523
5.65358
5.61108
5.15323
5.11307
4.67776
4.63927
4.22353
4.18705
3.79183
3.75736
3.38995
3.35907
2.85558
2.78634
2.18806
2.14559
1.75341
1.72414
1.44169
1.41987
1.20581
1.18874
1.01684
1.00293
0.865711
0.854767
0.73999
0.730279
0.630026
0.621752
0.534425
-1.70493
-1.72869
-1.75263
-1.77678
-1.80095
-1.82546
-1.87587
-1.90077
-1.9258
-1.95109
-1.9765
-2.00215
-2.05521
-2.08145
-2.1078
-2.1345
-2.16114
-2.18803
-2.24385
-2.2714
-2.29916
-2.32724
-2.35547
-2.38395
-2.44317
-2.47255
-2.50194
-2.53207
-2.56191
-2.59246
-2.65637
-2.68858
-2.72084
-2.7542
-2.78781
-2.82247
-2.89558
-2.93281
-2.97112
-3.01054
-3.05089
-3.09252
-3.18129
-3.22607
-3.27196
-3.31917
-3.36623
-3.41463
-3.51594
-3.56663
-3.61722
-3.66878
-3.72068
-3.77312
-3.88184
-3.93585
-3.98992
-4.04449
-4.0994
-4.15489
-4.26988
-4.3269
-4.3838
-4.44167
-4.49946
-4.558
-4.67909
-4.73879
-4.79909
-4.85993
-4.9212
-4.98291
-5.11077
-5.1739
-5.23761
-5.30223
-5.36696
-5.43208
-5.56709
-5.63383
-5.70119
-5.76929
-5.83774
-5.90702
-6.05014
-6.12115
-6.19259
-6.26508
-6.33806
-6.41192
-6.56595
-6.64269
-6.72074
-6.79984
-6.88069
-6.96208
-7.13546
-7.22304
-7.31311
-7.40552
-7.50061
-7.59851
-7.80837
-7.91495
-8.0249
-8.13767
-8.25244
-8.37048
-8.61925
-8.74412
-8.86991
-8.99826
-9.12888
-9.25886
-9.53145
-9.66671
-9.80232
-9.94051
-10.0788
-10.2184
-10.5071
-10.6499
-10.7943
-10.94
-11.0866
-11.2339
-11.5397
-11.6908
-11.8431
-11.9967
-12.1512
-12.3073
-12.631
-12.7907
-12.952
-13.1145
-13.2782
-13.4435
-13.7869
-13.9564
-14.1278
-14.2989
-14.4723
-14.6474
-15.0117
-15.193
-15.3728
-15.5561
-15.7409
-15.9276
-16.3168
-16.5103
-16.7061
-16.9042
-17.1056
-17.3098
-17.7404
-17.9563
-18.1788
-18.4045
-18.6376
-18.8765
-19.3884
-19.6497
-19.9194
-20.1979
-20.4831
-20.7775
-21.4025
-21.721
-22.0408
-22.3688
-22.7022
-23.0412
-23.7495
-24.1006
-24.4569
-24.8157
-25.1795
-25.5438
-26.3052
-26.68
-27.0594
-27.442
-27.8282
-28.2183
-29.0266
-29.427
-29.8306
-30.2369
-30.6502
-31.0625
-31.9217
-32.3477
-32.7785
-33.2121
-33.6501
-34.0922
-35.0106
-35.4666
-35.9279
-36.392
-36.863
-37.3352
-38.3192
-38.8084
-39.3033
-39.8035
-40.3123
-40.8193
-41.8844
-42.4152
-42.9533
-43.4982
-44.0513
-44.6139
-45.7992
-46.3912
-47.0029
-47.6184
-48.2544
-48.9091
-50.3068
-51.0215
-51.7624
-52.5281
-53.3198
-54.1393
-55.9021
-56.8059
-57.734
-58.6891
-59.6701
-60.6727
-62.7957
-63.8647
-64.9539
-66.0615
-67.1905
-68.3372
-70.7437
-71.9484
-73.1731
-74.4199
-75.6882
-76.9797
-79.6891
-81.047
-82.4237
-83.8461
-85.2768
-86.7567
-89.8706
-91.435
-93.0347
-94.6726
-96.3418
-98.058
-101.703
-103.544
-105.443
-107.387
-109.358
-111.42
-115.805
-118.101
-120.425
-122.825
-125.304
-127.853
-133.386
-136.282
-139.26
-142.381
-145.607
-149
-156.396
-160.262
-164.311
-168.62
-173.132
-177.869
-188.568
-194.456
-200.41
-207.071
-214.071
-221.491
-238.205
-247.089
-256.54
-266.434
-276.952
-287.909
-311.229
-324.099
-336.684
-349.624
-362.621
-373.978
-399.931
-411.412
-420.845
-430.205
-436.851
-442.176
-448.039
-447.246
-444.018
-438.145
-429.608
-418.735
-389.177
-371.716
-350.316
-327.57
-302.619
-275.325
-213.492
-181.075
-147.398
-113.414
-78.399
-43.2699
29.028
64.2598
98.8299
133.029
166.838
199.518
260.611
287.959
312.215
336.528
357.346
375.521
404.868
415.354
423.427
428.963
432.155
432.976
427.965
422.537
415.234
406.574
396.642
385.521
361.23
348.894
336.444
324.109
312.094
300.408
277.966
267.801
257.503
248.705
240.055
231.81
216.262
209.312
202.432
196.506
190.703
185.172
174.67
169.993
165.547
161.336
157.295
153.304
145.972
142.633
139.406
136.276
133.269
130.344
124.741
122.17
119.665
117.231
114.882
112.591
108.132
105.999
103.973
102.002
100.086
98.2153
94.5133
92.7735
91.0744
89.4049
87.7825
86.1754
83.0268
81.5442
80.0841
78.6501
77.2465
75.868
73.1318
71.8331
70.5628
69.319
68.1064
66.9194
64.5852
63.4952
62.4339
61.407
60.4143
59.455
57.5924
56.7317
55.9004
55.0935
54.3155
53.562
52.0751
51.3784
50.6978
50.03
49.3766
48.7367
47.4543
46.8435
46.2425
45.6497
45.0643
44.4858
43.3261
42.7714
42.2194
41.6772
41.1381
40.6069
39.5376
39.0229
38.5148
38.0097
37.5109
37.0176
36.0235
35.5449
35.071
34.6029
34.1401
33.6791
32.749
32.3013
31.8579
31.4208
30.9837
30.5526
29.6823
29.2638
28.8459
28.4355
28.0238
27.619
26.8028
26.4104
26.0222
25.6394
25.2602
24.8854
24.1362
23.781
23.431
23.0895
22.7549
22.429
21.7891
21.4902
21.201
20.9189
20.646
20.3816
19.8622
19.617
19.3769
19.1425
18.913
18.6884
18.2371
18.0219
17.8084
17.5988
17.3891
17.1847
16.7679
16.5672
16.369
16.1725
15.9781
15.7862
15.396
15.2085
15.0217
14.8375
14.6532
14.4718
14.1041
13.9277
13.7507
13.5764
13.4028
13.2312
12.8838
12.7167
12.5501
12.3855
12.2209
12.0584
11.7294
11.5707
11.4136
11.2584
11.1019
10.9481
10.6367
10.4868
10.3381
10.1907
10.0446
9.9003
9.60928
9.46987
9.33279
9.19706
9.06438
8.93367
8.67494
8.5529
8.43423
8.3185
8.20612
8.09693
7.88248
7.78207
7.68394
7.58894
7.49479
7.40339
7.2207
7.13418
7.04823
6.9637
6.88017
6.79743
6.63031
6.55016
6.47067
6.39191
6.31382
6.23624
6.07942
6.00406
5.92894
5.85462
5.78054
5.70693
5.55798
5.48615
5.41491
5.34408
5.27377
5.20402
5.06266
4.99442
4.92662
4.8592
4.79225
4.72589
4.59114
4.52618
4.4613
4.39695
4.33311
4.26969
4.14125
4.07909
4.0175
3.95632
3.89567
3.8355
3.71412
3.65571
3.59843
3.54114
3.48525
3.42985
3.32041
3.26873
3.21897
3.16963
3.08081
2.94751
2.70301
2.59713
2.4996
2.40808
2.32312
2.24355
2.09411
2.0274
1.96416
1.90377
1.84624
1.79165
1.6886
1.64111
1.5957
1.55217
1.51034
1.47008
1.39327
1.35829
1.3243
1.29116
1.25892
1.22787
1.16778
1.13983
1.11266
1.08597
1.05995
1.03479
0.98581
0.963075
0.94111
0.919843
0.899311
0.879645
0.841123
0.822758
0.804725
0.786962
0.76953
0.752369
0.718189
0.701947
0.686065
0.670545
0.655391
0.640627
0.611426
0.597593
0.583556
0.569754
0.556207
0.543362
