-2.11916
-2.30482
-2.50292
-2.7182
-2.95965
-3.23724
-3.55167
-3.89546
-4.26284
-4.65207
-5.06387
-5.50014
-5.96431
-6.46292
-7.01
-7.63079
-8.34978
-9.16496
-10.0556
-11.008
-12.019
-13.0912
-14.2307
-15.4477
-16.7629
-18.2187
-19.8887
-21.8347
-24.0418
-26.4561
-29.0478
-31.8168
-34.7797
-37.9642
-41.4175
-45.2246
-49.5533
-54.6669
-60.7871
-67.9267
-76.0595
-85.3042
-95.9509
-108.484
-123.66
-142.731
-167.826
-202.694
-252.236
-318.016
-386.979
-416.752
-362.422
-213.9
-7.08849
199.742
348.051
403.149
374.68
307.923
245.158
197.863
164.135
139.345
120.276
105.004
92.3612
81.6374
72.4133
64.5273
57.9512
52.5154
47.8825
43.7789
40.0507
36.6157
33.4263
30.4518
27.678
25.115
22.8092
20.8102
19.0927
17.5713
16.1797
14.8838
13.667
12.5206
11.4392
10.4222
9.47734
8.62467
7.881
7.23346
6.6514
6.113
5.60748
5.1295
4.67628
4.24657
3.84149
3.46653
3.00493
2.30925
1.8558
1.52973
1.28116
1.08527
0.92554
0.796735
-2.12005
-2.30387
-2.30576
-2.50191
-2.50394
-2.71708
-2.71932
-2.95837
-2.96092
-3.23577
-3.23871
-3.55003
-3.5533
-3.8937
-3.89722
-4.26097
-4.26471
-4.65009
-4.65404
-5.06178
-5.06596
-5.49792
-5.50236
-5.96194
-5.96668
-6.46035
-6.46548
-7.00714
-7.01286
-7.6275
-7.63408
-8.34598
-8.35359
-9.16074
-9.16919
-10.051
-10.0601
-11.0031
-11.0128
-12.0138
-12.0241
-13.0858
-13.0967
-14.2249
-14.2365
-15.4414
-15.4539
-16.7561
-16.7697
-18.2111
-18.2264
-19.8798
-19.8976
-21.8245
-21.845
-24.0304
-24.0533
-26.4437
-26.4685
-29.0346
-29.061
-31.8027
-31.831
-34.7646
-34.7949
-37.9479
-37.9806
-41.3997
-41.4353
-45.2047
-45.2445
-49.5302
-49.5764
-54.6392
-54.6945
-60.7544
-60.82
-67.889
-67.9644
-76.0168
-76.1023
-85.2554
-85.3531
-95.8942
-96.0076
-108.417
-108.552
-123.577
-123.744
-142.624
-142.838
-167.68
-167.971
-202.489
-202.899
-251.948
-252.525
-317.66
-318.372
-386.701
-387.256
-416.802
-416.698
-362.932
-361.909
-214.826
-212.973
-8.15893
-6.01829
198.817
200.665
347.541
348.563
403.109
403.187
374.961
374.397
308.263
307.584
245.433
244.884
198.058
197.668
164.276
163.994
139.451
139.239
120.359
120.192
105.072
104.936
92.4185
92.304
81.6864
81.5884
72.4555
72.3711
64.5629
64.4916
57.9807
57.9218
52.54
52.4908
47.904
47.8611
43.7981
43.7596
40.0683
40.033
36.632
36.5994
33.4416
33.4111
30.466
30.4376
27.6912
27.6648
25.127
25.1029
22.8198
22.7985
20.8193
20.8011
19.1006
19.0848
17.5785
17.5642
16.1864
16.1731
14.89
14.8776
13.6728
13.6612
12.5261
12.5151
11.4444
11.434
10.427
10.4173
9.48179
9.47289
8.62862
8.62073
7.88442
7.87759
7.23647
7.23045
6.65415
6.64864
6.11557
6.11043
5.60991
5.60506
5.1318
5.1272
4.67846
4.6741
4.24863
4.2445
3.84342
3.83955
3.4683
3.46477
3.0093
3.00057
2.31195
2.30655
1.85769
1.85392
1.53113
1.52833
1.28226
1.28007
1.08614
1.0844
0.926247
0.924834
0.797329
-2.12674
-2.2968
-2.31286
-2.49431
-2.51157
-2.70872
-2.72773
-2.94885
-2.97052
-3.2248
-3.24974
-3.53782
-3.56556
-3.88053
-3.91043
-4.24698
-4.27874
-4.63529
-4.66889
-5.04611
-5.08167
-5.4813
-5.51903
-5.9442
-5.98449
-6.44112
-6.48479
-6.98576
-7.03437
-7.60288
-7.65888
-8.31754
-8.38219
-9.1291
-9.20096
-10.0169
-10.0944
-10.9668
-11.0493
-11.9753
-12.0627
-13.0449
-13.1376
-14.1814
-14.2801
-15.3948
-15.5007
-16.7052
-16.8208
-18.1539
-18.284
-19.8132
-19.9646
-21.7475
-21.9225
-23.9447
-24.1392
-26.3511
-26.5614
-28.9355
-29.1604
-31.6968
-31.9372
-34.651
-34.9088
-37.8256
-38.1033
-41.2662
-41.5693
-45.0559
-45.3943
-49.3579
-49.75
-54.4329
-54.9028
-60.5092
-61.0669
-67.6072
-68.248
-75.6971
-76.4238
-84.8908
-85.7203
-95.4704
-96.4348
-107.912
-109.061
-122.956
-124.373
-141.829
-143.642
-166.601
-169.057
-200.965
-204.447
-249.798
-254.657
-315.008
-321.055
-384.513
-389.342
-417.05
-416.227
-366.673
-357.977
-221.723
-205.976
-16.1792
2.00086
191.838
207.545
343.625
352.324
402.737
403.401
377.024
372.231
310.815
305.039
247.506
242.845
199.533
196.216
165.343
162.943
140.254
138.446
120.988
119.568
105.586
104.427
92.8493
91.8766
82.0554
81.222
72.7731
72.0557
64.8316
64.2253
58.2025
57.7022
52.7249
52.3072
48.065
47.7009
43.9427
43.6156
40.2009
39.901
36.7547
36.4773
33.5558
33.2973
30.5726
30.3313
27.7903
27.566
25.2178
25.0126
22.9
22.7189
20.8879
20.733
19.1603
19.0255
17.6322
17.5106
16.236
16.1236
14.9365
14.8312
13.7166
13.6175
12.5674
12.4739
11.4833
11.3952
10.4635
10.381
9.5153
9.43955
8.65831
8.59121
7.9101
7.85208
7.25913
7.20791
6.67485
6.628
6.13488
6.09117
5.62812
5.58689
5.14905
5.10999
4.69483
4.65777
4.26412
4.22906
3.85795
3.82508
3.48155
3.4516
3.04237
2.96824
2.33244
2.28649
1.87192
1.83991
1.5417
1.51788
1.29051
1.27191
1.09269
1.07791
0.931575
0.919564
0.801792
-2.14562
-2.17145
-2.19749
-2.22379
-2.25027
-2.27698
-2.33291
-2.36037
-2.38812
-2.41616
-2.44445
-2.47305
-2.53316
-2.56277
-2.59277
-2.62323
-2.65407
-2.68537
-2.75161
-2.78447
-2.81795
-2.85211
-2.88687
-2.9223
-2.99783
-3.03552
-3.07398
-3.11333
-3.1534
-3.19423
-3.28105
-3.32416
-3.36802
-3.41262
-3.45783
-3.50368
-3.60027
-3.64788
-3.69603
-3.74479
-3.79398
-3.84365
-3.94778
-3.99889
-4.05042
-4.10249
-4.15491
-4.20778
-4.31838
-4.37258
-4.42721
-4.48237
-4.53786
-4.5938
-4.71081
-4.76814
-4.82593
-4.88429
-4.943
-5.0022
-5.12604
-5.18675
-5.24794
-5.30975
-5.37197
-5.43473
-5.56614
-5.63059
-5.69563
-5.7614
-5.82765
-5.89453
-6.03483
-6.1038
-6.17349
-6.24408
-6.31533
-6.38743
-6.53941
-6.61442
-6.69053
-6.76792
-6.8464
-6.92615
-7.09541
-7.17969
-7.26562
-7.35342
-7.44292
-7.53431
-7.7294
-7.82694
-7.92664
-8.02859
-8.13239
-8.23825
-8.46338
-8.57532
-8.68901
-8.80469
-8.92183
-9.04063
-9.29088
-9.41421
-9.53897
-9.6653
-9.79268
-9.92134
-10.1911
-10.3235
-10.4571
-10.5921
-10.728
-10.8651
-11.1521
-11.2928
-11.4347
-11.5779
-11.7221
-11.8675
-12.1718
-12.3209
-12.4713
-12.6233
-12.7762
-12.9305
-13.2534
-13.4118
-13.5715
-13.7329
-13.8955
-14.0596
-14.4034
-14.5722
-14.7427
-14.9151
-15.0888
-15.2643
-15.6331
-15.8146
-15.9982
-16.1843
-16.3725
-16.5631
-16.9654
-17.1645
-17.3667
-17.5726
-17.7816
-17.9945
-18.4475
-18.6735
-18.9044
-19.1406
-19.3817
-19.6282
-20.1552
-20.4192
-20.689
-20.9649
-21.2461
-21.533
-22.1424
-22.4453
-22.7532
-23.0665
-23.3837
-23.7052
-24.3828
-24.7169
-25.0549
-25.3972
-25.7426
-26.0917
-26.824
-27.1837
-27.5471
-27.9141
-28.2844
-28.6583
-29.4411
-29.8258
-30.2139
-30.6058
-31.0014
-31.4007
-32.2371
-32.6483
-33.0635
-33.4827
-33.9062
-34.3338
-35.2304
-35.6714
-36.1172
-36.5678
-37.0232
-37.4837
-38.4505
-38.9274
-39.4099
-39.8983
-40.3927
-40.8936
-41.9487
-42.471
-43.0007
-43.5386
-44.0853
-44.6413
-45.8192
-46.4063
-47.0051
-47.6163
-48.2405
-48.8787
-50.2446
-50.931
-51.6354
-52.3581
-53.0996
-53.8606
-55.4962
-56.3206
-57.1656
-58.0319
-58.9194
-59.8277
-61.7682
-62.7394
-63.7304
-64.7419
-65.7725
-66.8223
-69.0522
-70.1625
-71.2929
-72.4435
-73.6146
-74.8066
-77.3359
-78.5955
-79.8776
-81.1849
-82.5171
-83.8753
-86.7631
-88.2049
-89.6778
-91.1838
-92.7198
-94.2914
-97.6501
-99.3352
-101.061
-102.832
-104.646
-106.51
-110.513
-112.535
-114.616
-116.759
-118.966
-121.239
-126.169
-128.677
-131.273
-133.955
-136.739
-139.634
-145.953
-149.199
-152.582
-156.115
-159.804
-163.657
-172.189
-176.643
-181.303
-186.204
-191.359
-196.788
-208.912
-215.246
-221.902
-228.882
-236.214
-243.898
-260.913
-269.671
-278.729
-288.141
-297.74
-307.651
-328.599
-338.876
-349.011
-358.995
-368.767
-377.967
-395.159
-402.052
-407.849
-412.37
-415.56
-417.011
-414.662
-410.808
-405.079
-397.43
-387.944
-376.4
-346.339
-328.606
-309.022
-287.894
-264.942
-240.54
-185.966
-157.866
-128.913
-99.1969
-69.0904
-38.6874
24.4757
54.9058
85.0161
114.516
143.613
171.854
226.467
250.762
273.868
295.101
314.371
331.897
362.167
373.841
383.553
391.278
397.008
400.937
403.256
401.846
398.889
394.68
389.034
382.458
365.804
356.811
347.551
337.884
327.924
318.025
297.998
288.573
279.324
270.357
261.742
253.403
237.263
229.959
222.983
216.287
209.899
203.81
192.214
187.003
182.039
177.287
172.746
168.415
160.05
156.254
152.617
149.126
145.776
142.55
136.26
133.375
130.593
127.905
125.305
122.787
117.84
115.552
113.333
111.177
109.083
107.048
103.013
101.133
99.3024
97.5173
95.7761
94.0748
90.6874
89.1022
87.5539
86.0387
84.5564
83.1039
80.2027
78.8418
77.5093
76.2041
74.9265
73.6758
71.179
70.0099
68.8666
67.7495
66.6596
65.5966
63.4862
62.5039
61.5479
60.6178
59.7142
58.8346
57.0937
56.2849
55.4972
54.7295
53.9807
53.2512
51.7964
51.1148
50.4472
49.7931
49.151
48.5213
47.2545
46.6566
46.0677
45.4872
44.9157
44.3521
43.213
42.6723
42.1383
41.611
41.0901
40.5755
39.5318
39.0349
38.5438
38.0577
37.5768
37.1012
36.1352
35.6746
35.2187
34.7674
34.3207
33.8784
32.9788
32.5496
32.1245
31.7034
31.2865
30.8737
30.034
29.6334
29.2367
28.844
28.4553
28.0707
27.2896
26.9177
26.5502
26.187
25.8284
25.475
24.7604
24.4226
24.0903
23.7632
23.4425
23.1279
22.4972
22.2018
21.9127
21.6298
21.3534
21.0831
20.5436
20.2909
20.0434
19.8004
19.5626
19.3295
18.86
18.6386
18.4204
18.2052
17.9935
17.7845
17.3609
17.1597
16.9608
16.7637
16.5692
16.3766
15.9849
15.7981
15.6131
15.4294
15.2479
15.068
14.7012
14.5261
14.3525
14.1801
14.0095
13.8403
13.4952
13.3303
13.1668
13.0044
12.8435
12.684
12.3585
12.203
12.0487
11.8955
11.7438
11.5933
11.2865
11.14
10.9947
10.8505
10.7079
10.5666
10.2792
10.1424
10.007
9.87295
9.7408
9.6103
9.34638
9.22153
9.09869
8.97773
8.85907
8.74262
8.50904
8.39943
8.29215
8.18681
8.08388
7.983
7.78103
7.6862
7.59311
7.50159
7.41176
7.32334
7.14492
7.06044
6.97719
6.89483
6.81363
6.73338
6.57031
6.49266
6.41578
6.33955
6.26417
6.18946
6.03721
5.9645
5.8924
5.82078
5.74989
5.67956
5.53596
5.46729
5.39916
5.33144
5.26435
5.19776
5.06175
4.99668
4.93209
4.86787
4.80422
4.74106
4.61201
4.55027
4.489
4.4281
4.36776
4.3079
4.18575
4.12737
4.0695
4.01205
3.95525
3.899
3.78459
3.73016
3.67638
3.6232
3.57081
3.51915
3.41483
3.36561
3.31732
3.26981
3.22332
3.13825
2.88049
2.76849
2.66435
2.56724
2.47656
2.3918
2.23182
2.1617
2.09482
2.03102
1.97024
1.91259
1.80178
1.75182
1.70395
1.65809
1.61431
1.57197
1.48902
1.45114
1.41537
1.3807
1.34703
1.31414
1.24936
1.21971
1.19116
1.16367
1.13723
1.11136
1.05987
1.03596
1.01269
0.990045
0.968091
0.946808
0.904983
0.885808
0.867566
0.849566
0.831871
0.814448
