-2.19029
-2.36254
-2.54593
-2.74468
-2.96603
-3.21752
-3.49981
-3.80737
-4.13519
-4.48121
-4.8454
-5.22888
-5.63341
-6.06219
-6.52098
-7.02145
-7.58328
-8.22559
-8.94967
-9.74029
-10.5845
-11.4775
-12.4192
-13.4132
-14.4645
-15.5822
-16.7833
-18.1008
-19.59
-21.3032
-23.242
-25.3661
-27.6439
-30.0657
-32.6375
-35.3747
-38.3005
-41.4532
-44.898
-48.757
-53.2243
-58.4909
-64.6143
-71.5553
-79.3419
-88.1161
-98.1408
-109.815
-123.744
-140.884
-162.781
-192.054
-232.395
-286.62
-350.979
-405.386
-411.25
-341.969
-196.595
-7.08849
182.417
327.545
397.464
392.311
339.806
277.872
226.328
187.67
159.188
137.506
120.359
106.345
94.5701
84.4669
75.6697
68.0037
61.4302
55.9045
51.2267
47.1408
43.4624
40.086
36.9516
34.0233
31.2757
28.6956
26.2826
24.0605
22.0724
20.3412
18.8258
17.4608
16.1996
15.0174
13.9016
12.8449
11.8429
10.8935
9.99946
9.17089
8.42505
7.76968
7.18993
6.66242
6.17106
5.70747
5.26726
4.84804
4.44842
4.06829
3.7099
3.37884
2.87079
2.2733
1.86526
1.56314
1.3283
1.13932
0.983926
0.856182
-2.1912
-2.36157
-2.3635
-2.5449
-2.54697
-2.74354
-2.74581
-2.96476
-2.96732
-3.21606
-3.21897
-3.4982
-3.50142
-3.80564
-3.8091
-4.13336
-4.13702
-4.47928
-4.48314
-4.84337
-4.84743
-5.22674
-5.23102
-5.63115
-5.63568
-6.05979
-6.0646
-6.51839
-6.52357
-7.01859
-7.02432
-7.58002
-7.58654
-8.22187
-8.22931
-8.94554
-8.95381
-9.73584
-9.74473
-10.5798
-10.5893
-11.4725
-11.4825
-12.414
-12.4245
-13.4076
-13.4187
-14.4586
-14.4704
-15.5759
-15.5885
-16.7765
-16.7901
-18.0932
-18.1084
-19.5813
-19.5986
-21.2933
-21.3132
-23.2309
-23.253
-25.3541
-25.3781
-27.6311
-27.6566
-30.0521
-30.0792
-32.6231
-32.6519
-35.3593
-35.39
-38.2841
-38.317
-41.4353
-41.471
-44.8783
-44.9177
-48.7346
-48.7794
-53.198
-53.2507
-58.46
-58.5219
-64.5788
-64.6498
-71.5154
-71.5952
-79.2971
-79.3867
-88.0653
-88.1668
-98.0823
-98.1993
-109.746
-109.884
-123.66
-123.827
-140.78
-140.989
-162.645
-162.917
-191.868
-192.24
-232.14
-232.651
-286.289
-286.952
-350.628
-351.33
-405.185
-405.585
-411.407
-411.091
-342.569
-341.366
-197.527
-195.661
-8.15893
-6.01829
181.47
183.363
326.949
328.139
397.3
397.626
392.508
392.111
340.149
339.464
278.189
277.557
226.571
226.085
187.849
187.492
159.321
159.054
137.61
137.402
120.443
120.276
106.414
106.276
94.6292
94.511
84.5181
84.4159
75.7144
75.6251
68.0424
67.965
61.463
61.3974
55.932
55.877
51.2503
51.2031
47.1617
47.1198
43.4815
43.4433
40.1037
40.0683
36.9681
36.9352
34.0387
34.0079
31.2902
31.2612
28.7091
28.682
26.2952
26.27
24.0719
24.049
22.0825
22.0623
20.35
20.3324
18.8335
18.818
17.4679
17.4537
16.2062
16.193
15.0236
15.0112
13.9075
13.8957
12.8505
12.8393
11.8482
11.8376
10.8986
10.8885
10.0042
9.99478
9.17519
9.16659
8.42886
8.42125
7.77302
7.76635
7.19292
7.18694
6.66518
6.65966
6.17365
6.16847
5.70993
5.70502
5.2696
5.26493
4.85027
4.84582
4.45054
4.4463
4.0703
4.06628
3.71178
3.70802
3.38055
3.37713
2.87482
2.86676
2.27593
2.27068
1.86716
1.86337
1.56458
1.5617
1.32945
1.32715
1.14026
1.13839
0.984698
0.983155
0.856808
-2.19781
-2.3546
-2.37051
-2.53743
-2.55447
-2.73533
-2.75406
-2.95551
-2.97663
-3.20555
-3.22955
-3.48657
-3.51311
-3.79312
-3.82166
-4.1201
-4.15032
-4.46532
-4.49715
-4.82867
-4.86217
-5.21126
-5.24655
-5.61479
-5.65209
-6.04238
-6.08206
-6.49964
-6.5424
-6.99787
-7.04515
-7.55646
-7.61025
-8.19496
-8.25637
-8.91565
-8.98383
-9.70362
-9.77705
-10.5456
-10.6235
-11.4364
-11.5186
-12.3759
-12.4626
-13.3675
-13.459
-14.416
-14.5131
-15.5304
-15.634
-16.7272
-16.8395
-18.0385
-18.1634
-19.5187
-19.6617
-21.2213
-21.3856
-23.1508
-23.3335
-25.2674
-25.4651
-27.5386
-27.7494
-29.954
-30.1776
-32.5188
-32.7565
-35.2482
-35.5016
-38.1648
-38.4367
-41.3062
-41.6007
-44.736
-45.0609
-48.5727
-48.9426
-53.0081
-53.4422
-58.2362
-58.7474
-64.3219
-64.9083
-71.2267
-71.8856
-78.9733
-79.7124
-87.6987
-88.5361
-97.6597
-98.6254
-109.249
-110.385
-123.059
-124.437
-140.028
-141.75
-161.668
-163.909
-190.533
-193.598
-230.302
-234.52
-283.894
-289.36
-348.067
-353.862
-403.685
-406.987
-412.484
-409.878
-346.805
-336.918
-204.332
-188.705
-15.9125
1.73377
174.576
190.198
322.556
332.378
396.045
398.731
393.868
390.622
342.611
336.959
280.489
275.276
228.345
224.338
189.154
186.207
160.298
158.09
138.368
136.653
121.051
119.672
106.919
105.775
95.0592
94.0845
84.8896
84.0465
76.0393
75.3025
68.3241
67.6855
61.7017
61.1609
56.1322
55.6786
51.4221
51.0326
47.3142
46.9683
43.6204
43.305
40.2318
39.9406
37.0875
36.8161
34.1505
33.8963
31.3952
31.1565
28.8077
28.5837
26.387
26.1786
24.1554
23.966
22.1559
21.9893
20.4137
20.2691
18.8901
18.7618
17.5195
17.4023
16.2543
16.145
15.0689
14.966
13.9503
13.8529
12.8911
12.7988
11.8867
11.7992
10.935
10.8522
10.0383
9.96083
9.20641
9.13554
8.45654
8.39375
7.79726
7.74226
7.21466
7.1653
6.68522
6.63969
6.19245
6.14972
5.72774
5.68726
5.28654
5.24803
4.86642
4.82971
4.46592
4.43095
4.0849
4.05173
3.72544
3.69442
3.39299
3.36476
2.90439
2.83789
2.29514
2.25186
1.88101
1.84968
1.5751
1.5513
1.3378
1.31885
1.14686
1.13177
0.990317
0.977589
0.861357
-2.21556
-2.23925
-2.26315
-2.28725
-2.31158
-2.33601
-2.38929
-2.41444
-2.43989
-2.46549
-2.49138
-2.51754
-2.57461
-2.60169
-2.62912
-2.65694
-2.68509
-2.71356
-2.77622
-2.80617
-2.83656
-2.86749
-2.89899
-2.93107
-3.00175
-3.03565
-3.07019
-3.10546
-3.14122
-3.17768
-3.25809
-3.29639
-3.33535
-3.37489
-3.41505
-3.45569
-3.54449
-3.58666
-3.62937
-3.67234
-3.71585
-3.75976
-3.85533
-3.90048
-3.94601
-3.99191
-4.03824
-4.08475
-4.18595
-4.23377
-4.28174
-4.33016
-4.37894
-4.42817
-4.53465
-4.58489
-4.63549
-4.68654
-4.73777
-4.78947
-4.90176
-4.95454
-5.0078
-5.06146
-5.1155
-5.17006
-5.28815
-5.34389
-5.40016
-5.45665
-5.51369
-5.57118
-5.69609
-5.75507
-5.81454
-5.87451
-5.93511
-5.99604
-6.12889
-6.19187
-6.25522
-6.31933
-6.38414
-6.4497
-6.59297
-6.66102
-6.73003
-6.8001
-6.8709
-6.94288
-7.10139
-7.17702
-7.25413
-7.33257
-7.41257
-7.49406
-7.67416
-7.76066
-7.84886
-7.93877
-8.03039
-8.12361
-8.32928
-8.42765
-8.52761
-8.62907
-8.73195
-8.83622
-9.06446
-9.17279
-9.28232
-9.39301
-9.50489
-9.61782
-9.8637
-9.9799
-10.0971
-10.2153
-10.3344
-10.4547
-10.7154
-10.8385
-10.9625
-11.0875
-11.2134
-11.3402
-11.6155
-11.7454
-11.8761
-12.0079
-12.1407
-12.2745
-12.5649
-12.7019
-12.8399
-12.979
-13.1191
-13.2603
-13.567
-13.712
-13.8577
-14.0047
-14.153
-14.3025
-14.6277
-14.7813
-14.9362
-15.0925
-15.2502
-15.4094
-15.7564
-15.9207
-16.0868
-16.2546
-16.4245
-16.5963
-16.9723
-17.1512
-17.3329
-17.5166
-17.7035
-17.8933
-18.3117
-18.5121
-18.7162
-18.9244
-19.1368
-19.3528
-19.8318
-20.0622
-20.2973
-20.537
-20.7816
-21.0306
-21.5805
-21.8435
-22.111
-22.383
-22.6581
-22.9377
-23.5498
-23.8406
-24.1347
-24.4321
-24.7328
-25.0372
-25.699
-26.0115
-26.3276
-26.6464
-26.968
-27.2927
-27.9983
-28.3315
-28.6676
-29.0065
-29.3482
-29.6928
-30.4419
-30.7957
-31.1524
-31.5122
-31.8752
-32.2412
-33.0374
-33.4136
-33.7932
-34.1761
-34.5625
-34.9525
-35.8012
-36.2026
-36.608
-37.0172
-37.4306
-37.848
-38.7583
-39.1897
-39.6256
-40.0664
-40.5122
-40.9633
-41.9494
-42.4183
-42.8931
-43.3742
-43.8624
-44.3583
-45.4468
-45.9675
-46.4969
-47.0359
-47.5849
-48.1443
-49.3837
-49.9805
-50.5906
-51.2147
-51.8531
-52.5064
-53.9605
-54.6634
-55.384
-56.1207
-56.8747
-57.6453
-59.3564
-60.1805
-61.0215
-61.8787
-62.7522
-63.6418
-65.6049
-66.5443
-67.4995
-68.471
-69.4582
-70.4613
-72.6683
-73.7229
-74.7945
-75.8834
-76.9903
-78.1147
-80.5909
-81.776
-82.9822
-84.2089
-85.457
-86.7277
-89.5331
-90.8812
-92.2543
-93.6541
-95.084
-96.542
-99.7751
-101.333
-102.929
-104.558
-106.227
-107.937
-111.744
-113.589
-115.484
-117.429
-119.426
-121.477
-126.087
-128.332
-130.65
-133.036
-135.5
-138.049
-143.817
-146.658
-149.59
-152.638
-155.806
-159.098
-166.619
-170.362
-174.256
-178.345
-182.595
-187.05
-197.316
-202.464
-207.843
-213.48
-219.358
-225.5
-239.622
-246.656
-253.976
-261.602
-269.479
-277.589
-295.836
-304.673
-313.651
-322.802
-332.022
-341.237
-360.559
-369.305
-377.56
-385.54
-392.76
-399.358
-410.317
-413.88
-416.31
-417.085
-416.635
-414.839
-405.966
-399.377
-391.338
-381.714
-370.44
-357.509
-324.373
-306.578
-287.474
-266.911
-245.167
-222.294
-169.875
-144.144
-117.87
-91.0363
-63.9526
-36.5965
22.391
49.7577
76.8659
103.531
129.851
155.713
208.115
231.088
252.731
273.447
292.643
310.241
343.159
356.122
367.516
377.314
385.551
392.147
401.12
403.061
403.376
402.459
400.249
396.996
386.419
380.188
373.216
365.405
357.331
349.036
330.208
321.297
312.478
303.734
295.183
286.733
269.274
261.56
254.055
246.85
239.873
233.203
219.733
213.85
208.195
202.788
197.644
192.72
182.852
178.546
174.402
170.437
166.622
162.96
155.559
152.312
149.181
146.163
143.248
140.428
134.682
132.137
129.671
127.282
124.959
122.704
118.08
116.016
114.008
112.049
110.144
108.286
104.452
102.728
101.044
99.3995
97.7922
96.2202
92.9574
91.4868
90.0446
88.6325
87.2495
85.8929
83.0684
81.7908
80.5376
79.3071
78.1005
76.9159
74.4489
73.3333
72.2394
71.167
70.1158
69.0855
66.9467
65.9845
65.0433
64.1236
63.2256
62.3479
60.5367
59.7259
58.9344
58.1617
57.4084
56.6739
55.1542
54.4716
53.8041
53.1516
52.5123
51.8857
50.581
49.9904
49.4099
48.8393
48.278
47.7249
46.5661
46.0379
45.5166
45.0024
44.4947
43.9935
42.9378
42.455
41.9775
41.5053
41.0382
40.5762
39.6009
39.1536
38.711
38.2726
37.8383
37.4082
36.4996
36.0821
35.6686
35.2589
34.853
34.4508
33.5996
33.2083
32.8205
32.4361
32.055
31.6773
30.8779
30.5104
30.146
29.7849
29.4271
29.0724
28.3223
27.9779
27.6368
27.2989
26.9645
26.6336
25.9358
25.6163
25.301
24.9898
24.6827
24.3806
23.7462
23.4575
23.1742
22.8957
22.6224
22.3541
21.7961
21.5442
21.2978
21.0551
20.8179
20.5855
20.1013
19.8819
19.6667
19.4551
19.247
19.0421
18.6125
18.417
18.2235
18.0328
17.8443
17.6581
17.2655
17.0855
16.9074
16.7313
16.5563
16.3833
16.0173
15.8491
15.6823
15.5169
15.3529
15.1902
14.8457
14.6871
14.5298
14.3736
14.2187
14.065
13.7391
13.589
13.4401
13.2923
13.1458
12.9998
12.6909
12.5486
12.4074
12.2672
12.128
11.9898
11.6969
11.562
11.4281
11.2952
11.1634
11.0326
10.7555
10.6281
10.5018
10.3766
10.2526
10.1298
9.87063
9.75157
9.63408
9.51798
9.40343
9.29038
9.05316
8.94522
8.83899
8.73458
8.63198
8.53111
8.32093
8.22577
8.1325
8.04081
7.9509
7.86261
7.67834
7.59472
7.51249
7.43155
7.35172
7.27307
7.10776
7.03227
6.95772
6.88401
6.8111
6.73909
6.58654
6.51657
6.44734
6.3785
6.3104
6.24285
6.09977
6.0339
5.96854
5.90368
5.83944
5.77544
5.63992
5.57758
5.51542
5.45381
5.39265
5.33191
5.20297
5.14352
5.08446
5.02592
4.96754
4.90966
4.78687
4.73008
4.67377
4.61785
4.5623
4.50724
4.39003
4.33604
4.28255
4.22926
4.17644
4.12402
4.01305
3.96187
3.91122
3.86106
3.81141
3.76209
3.65824
3.61079
3.56374
3.51736
3.47156
3.42647
3.33194
3.28909
3.24687
3.20558
3.10021
2.98583
2.7634
2.66977
2.58188
2.49923
2.42149
2.3481
2.20314
2.14118
2.0819
2.02496
1.97045
1.91848
1.8143
1.76876
1.72499
1.68291
1.6426
1.60361
1.52393
1.48869
1.45457
1.42213
1.39081
1.36025
1.297
1.26878
1.24144
1.21505
1.18945
1.1648
1.11427
1.09151
1.06919
1.04744
1.02621
1.00556
0.962901
0.943892
0.925434
0.907548
0.890132
0.873584
