-2.58656
-2.80044
-3.04184
-3.31772
-3.62579
-3.95916
-4.31348
-4.68773
-5.08272
-5.50014
-5.94302
-6.41689
-6.93346
-7.51374
-8.18109
-8.93935
-9.77147
-10.6626
-11.6075
-12.6068
-13.6647
-14.7882
-15.9892
-17.2929
-18.7475
-20.4215
-22.3522
-24.5095
-26.8478
-29.3465
-32.0081
-34.848
-37.8908
-41.1775
-44.7801
-48.8356
-53.5685
-59.1945
-65.7634
-73.2346
-81.6658
-91.2588
-102.359
-115.512
-131.557
-151.872
-178.851
-216.325
-268.36
-334.132
-396.809
-414.927
-352.782
-205.507
-7.08849
191.37
338.459
401.212
384.021
323.316
260.489
210.939
174.896
148.423
128.19
112.077
98.8257
87.6295
77.9903
69.6381
62.4954
56.5296
51.5351
47.2142
43.3479
39.8132
36.5423
33.4948
30.6438
27.9762
25.4983
23.2469
21.2703
19.5647
18.0615
16.6928
15.4205
14.2256
13.0981
12.0321
11.0245
10.0772
9.20102
8.41555
7.72984
7.12594
6.5774
6.06683
5.58568
5.1295
4.69592
4.28379
3.89393
3.53062
3.20216
2.46363
1.98011
1.63511
1.37369
1.16659
-2.58761
-2.79928
-2.80161
-3.0405
-3.04317
-3.31621
-3.31923
-3.62413
-3.62746
-3.95738
-3.96094
-4.3116
-4.31536
-4.68575
-4.68972
-5.08062
-5.08482
-5.49792
-5.50236
-5.94066
-5.94538
-6.41434
-6.41943
-6.93065
-6.93627
-7.51053
-7.51695
-8.1774
-8.18479
-8.93522
-8.94348
-9.76701
-9.77593
-10.6579
-10.6674
-11.6025
-11.6125
-12.6015
-12.6121
-13.6591
-13.6703
-14.7822
-14.7942
-15.9827
-15.9956
-17.2858
-17.3
-18.7395
-18.7555
-20.4122
-20.4308
-22.3416
-22.3628
-24.4978
-24.5211
-26.8353
-26.8603
-29.3332
-29.3599
-31.9939
-32.0223
-34.8328
-34.8632
-37.8745
-37.9071
-41.1598
-41.1953
-44.7605
-44.7997
-48.8131
-48.8581
-53.5419
-53.5951
-59.163
-59.226
-65.7271
-65.7997
-73.1936
-73.2755
-81.6195
-81.7121
-91.2058
-91.3119
-102.297
-102.422
-115.437
-115.586
-131.465
-131.649
-151.753
-151.992
-178.688
-179.013
-216.097
-216.553
-268.05
-268.67
-333.773
-334.491
-396.556
-397.061
-415.026
-414.827
-353.341
-352.222
-206.445
-204.567
-8.15893
-6.01829
190.433
192.306
337.904
339.012
401.107
401.317
384.259
383.781
323.664
322.97
260.784
260.194
211.159
210.719
175.056
174.737
148.542
148.305
128.282
128.098
112.152
112.002
98.8884
98.7631
87.683
87.5761
78.0367
77.944
69.6782
69.5981
62.5293
62.4617
56.5577
56.5015
51.559
51.5113
47.2352
47.1932
43.3669
43.3288
39.8307
39.7956
36.5586
36.5261
33.51
33.4796
30.6581
30.6296
27.9895
27.9629
25.5106
25.4861
23.2579
23.236
21.2797
21.2608
19.5729
19.5565
18.0689
18.0542
16.6996
16.686
15.4269
15.4142
14.2316
14.2196
13.1038
13.0925
12.0375
12.0268
11.0296
11.0194
10.0819
10.0725
9.20533
9.19671
8.41935
8.41175
7.73315
7.72653
7.1289
7.12298
6.58013
6.57467
6.06939
6.06428
5.5881
5.58326
5.1318
5.1272
4.69811
4.69374
4.28587
4.28172
3.89588
3.89198
3.53242
3.52883
3.20375
3.20057
2.46666
2.46061
1.9822
1.97803
1.63663
1.63359
1.37487
1.3725
1.16753
-2.59551
-2.79055
-2.8104
-3.03055
-3.05321
-3.30488
-3.33062
-3.61168
-3.63995
-3.94405
-3.97431
-4.2975
-4.3295
-4.67087
-4.70464
-5.06491
-5.10056
-5.4813
-5.51903
-5.92297
-5.96313
-6.39529
-6.43856
-6.90963
-6.95741
-7.48656
-7.54109
-8.1498
-8.21257
-8.90435
-8.9745
-9.73362
-9.80944
-10.6223
-10.703
-11.5649
-11.6502
-12.5617
-12.652
-13.6169
-13.7126
-14.7373
-14.8392
-15.9345
-16.0441
-17.2329
-17.3532
-18.6795
-18.8159
-20.3427
-20.5009
-22.2623
-22.4426
-24.4107
-24.6087
-26.7417
-26.9542
-29.2334
-29.46
-31.8876
-32.129
-34.7191
-34.9772
-37.7524
-38.0296
-41.0272
-41.3284
-44.6137
-44.9473
-48.6451
-49.0275
-53.343
-53.7957
-58.9273
-59.4634
-65.4559
-66.0726
-72.8871
-73.5837
-81.2731
-82.0609
-90.8083
-91.7115
-101.832
-102.89
-114.881
-116.148
-130.776
-132.346
-150.863
-152.895
-177.481
-180.241
-214.402
-218.28
-265.736
-270.983
-331.082
-337.179
-394.611
-398.909
-415.64
-414.003
-357.442
-348.056
-213.437
-197.527
-16.1792
2.00086
183.363
199.28
333.671
343.093
400.275
402.033
385.997
381.931
326.272
320.398
262.985
257.993
212.819
209.085
176.251
173.561
149.435
147.424
128.979
127.408
112.717
111.443
99.3601
98.2954
88.0855
87.1763
78.3856
77.5975
69.9797
69.2989
62.7841
62.2093
56.7692
56.2919
51.7384
51.3331
47.3933
47.0361
43.5103
43.1861
39.9626
39.6642
36.681
36.404
33.6244
33.3656
30.7652
30.5228
28.0896
27.8633
25.6027
25.3943
23.3403
23.1541
21.351
21.19
19.6348
19.4951
18.1243
17.999
16.7508
16.6351
15.4747
15.3665
14.2766
14.1747
13.1464
13.0501
12.0777
11.9866
11.0676
10.9816
10.1174
10.0371
9.23776
9.16445
8.44793
8.38336
7.75803
7.7018
7.15116
7.10083
6.60061
6.55426
6.0886
6.04512
5.60627
5.56513
5.14905
5.10999
4.71452
4.67737
4.30145
4.26618
3.91054
3.87737
3.54593
3.51539
3.21571
3.17055
2.48961
2.43815
1.998
1.96251
1.64815
1.62222
1.3838
1.36366
1.17465
-2.61709
-2.64622
-2.67576
-2.70577
-2.73618
-2.76709
-2.83448
-2.86707
-2.90028
-2.93414
-2.9686
-3.00378
-3.08071
-3.11805
-3.15609
-3.19487
-3.23431
-3.27442
-3.36178
-3.40386
-3.44657
-3.48993
-3.53375
-3.57811
-3.67403
-3.71993
-3.76628
-3.81317
-3.8604
-3.90805
-4.01072
-4.05964
-4.10896
-4.15877
-4.20889
-4.25938
-4.36802
-4.41975
-4.47186
-4.52445
-4.57736
-4.63065
-4.74527
-4.79986
-4.85485
-4.91036
-4.96619
-5.02245
-5.14347
-5.20113
-5.25921
-5.31786
-5.37688
-5.43638
-5.56446
-5.62551
-5.68708
-5.74932
-5.81199
-5.87521
-6.01153
-6.07664
-6.14238
-6.20894
-6.27606
-6.34391
-6.49086
-6.56129
-6.63265
-6.70514
-6.77853
-6.85303
-7.0153
-7.09366
-7.17346
-7.25488
-7.33766
-7.42214
-7.60731
-7.69718
-7.78889
-7.88274
-7.97821
-8.07563
-8.28866
-8.39175
-8.49658
-8.60333
-8.71145
-8.82115
-9.05923
-9.17342
-9.28895
-9.40599
-9.5241
-9.64341
-9.90082
-10.0237
-10.1477
-10.273
-10.3991
-10.5263
-10.8001
-10.9306
-11.0621
-11.195
-11.3286
-11.4633
-11.753
-11.8909
-12.03
-12.1705
-12.3118
-12.4542
-12.7607
-12.9067
-13.0539
-13.2026
-13.3522
-13.503
-13.8278
-13.9827
-14.1389
-14.2967
-14.4557
-14.6161
-14.9619
-15.1269
-15.2936
-15.4623
-15.6325
-15.8044
-16.1762
-16.3543
-16.5347
-16.7177
-16.9028
-17.0904
-17.4985
-17.6955
-17.8955
-18.0996
-18.3071
-18.5184
-18.9817
-19.2065
-19.4363
-19.6713
-19.9109
-20.1556
-20.6933
-20.9542
-21.2203
-21.4921
-21.768
-22.0488
-22.6608
-22.9558
-23.2547
-23.5582
-23.865
-24.1755
-24.8474
-25.1691
-25.4939
-25.8227
-26.1542
-26.4889
-27.2102
-27.5546
-27.9023
-28.2531
-28.607
-28.9641
-29.7326
-30.0996
-30.4698
-30.8434
-31.2203
-31.6006
-32.4195
-32.8108
-33.2056
-33.6042
-34.0065
-34.4125
-35.2878
-35.7062
-36.1289
-36.556
-36.9873
-37.4231
-38.3638
-38.8146
-39.2704
-39.7315
-40.1979
-40.6701
-41.6918
-42.1832
-42.681
-43.1858
-43.6981
-44.2187
-45.351
-45.8987
-46.4563
-47.0245
-47.6037
-48.1946
-49.4919
-50.1245
-50.7716
-51.4351
-52.1146
-52.8107
-54.3464
-55.0986
-55.8693
-56.6598
-57.468
-58.2952
-60.1146
-61.0009
-61.9052
-62.8279
-63.7682
-64.7269
-66.8194
-67.8326
-68.8635
-69.9123
-70.9788
-72.0631
-74.4267
-75.5697
-76.7326
-77.9149
-79.1183
-80.3421
-83.0157
-84.3111
-85.6303
-86.9751
-88.3449
-89.7428
-92.8056
-94.2961
-95.8186
-97.3746
-98.9647
-100.59
-104.173
-105.925
-107.722
-109.563
-111.452
-113.392
-117.694
-119.811
-121.987
-124.233
-126.55
-128.937
-134.265
-136.912
-139.659
-142.5
-145.444
-148.5
-155.395
-158.853
-162.464
-166.224
-170.158
-174.262
-183.649
-188.409
-193.394
-198.634
-204.136
-209.908
-223.076
-229.736
-236.716
-244.013
-251.66
-259.584
-277.415
-286.289
-295.35
-304.659
-314.132
-323.791
-344.413
-353.95
-363.318
-372.393
-380.965
-388.954
-403.49
-408.747
-412.856
-415.744
-417.02
-416.843
-411.197
-405.994
-399.011
-390.407
-380.01
-367.807
-335.929
-318.022
-298.784
-277.897
-255.546
-231.897
-177.967
-151.092
-123.507
-95.2737
-66.7198
-37.8868
23.6772
52.531
81.103
109.136
136.811
163.857
217.794
241.34
263.78
284.786
304.023
321.578
353.465
365.805
376.358
385.174
392.175
397.409
403.217
403.27
402.006
399.345
395.525
390.431
376.663
368.758
360.332
351.64
342.695
333.315
313.431
304.193
295.17
286.257
277.557
269.109
252.153
244.61
237.372
230.438
223.8
217.411
204.762
199.234
193.986
188.958
184.159
179.57
170.443
166.423
162.572
158.876
155.318
151.907
145.081
142.046
139.115
136.285
133.548
130.903
125.567
123.169
120.848
118.593
116.403
114.274
109.946
107.993
106.091
104.235
102.423
100.655
97.0425
95.4019
93.7969
92.2278
90.6921
89.1888
86.1041
84.6972
83.3174
81.9649
80.6401
79.3407
76.6677
75.4469
74.2506
73.0782
71.93
70.8057
68.4965
67.4458
66.4194
65.4168
64.4382
63.4835
61.5341
60.6526
59.7947
58.9584
58.1432
57.3496
55.7309
54.9971
54.281
53.5819
52.8987
52.23
50.8549
50.2271
49.6108
49.0053
48.4107
47.8255
46.6135
46.0557
45.5057
44.9635
44.4287
43.9009
42.8021
42.2944
41.7928
41.2968
40.8066
40.322
39.3101
38.8416
38.3779
37.9187
37.4643
37.0147
36.0747
35.6387
35.2069
34.7791
34.3556
33.9361
33.0579
32.6503
32.2464
31.8462
31.4497
31.0568
30.2347
29.853
29.475
29.1004
28.7295
28.3621
27.5945
27.2386
26.8866
26.5385
26.1944
25.8546
25.147
24.8211
24.5
24.1831
23.872
23.5661
22.9338
22.645
22.3618
22.084
21.8124
21.5466
20.9999
20.7511
20.5076
20.2682
20.034
19.8041
19.3299
19.1125
18.8987
18.6878
18.4802
18.2757
17.8501
17.6538
17.4598
17.2676
17.0779
16.8902
16.4977
16.3159
16.1358
15.9571
15.7803
15.605
15.2378
15.0674
14.8983
14.7304
14.5642
14.3993
14.0534
13.8927
13.7333
13.5748
13.4179
13.2622
12.9354
12.7835
12.6328
12.483
12.3346
12.1873
11.8782
11.7345
11.592
11.4504
11.3101
11.1711
10.8793
10.7438
10.6096
10.4764
10.3447
10.2144
9.94166
9.81552
9.69094
9.56763
9.44622
9.32643
9.07769
8.96354
8.85127
8.74081
8.63257
8.52627
8.30717
8.20715
8.1092
8.01286
7.91868
7.82619
7.63531
7.54792
7.46207
7.37731
7.29404
7.21196
7.04116
6.96248
6.88472
6.80772
6.73171
6.65649
6.49914
6.4262
6.35397
6.28226
6.21129
6.14095
5.99335
5.92479
5.85677
5.78917
5.72221
5.65575
5.51614
5.45119
5.38673
5.32263
5.2591
5.19603
5.06346
5.00177
4.94052
4.87958
4.81917
4.7592
4.63312
4.57446
4.51621
4.45828
4.40087
4.34388
4.22422
4.16858
4.11339
4.05855
4.00429
3.95052
3.83791
3.78573
3.73413
3.68301
3.6326
3.58282
3.47916
3.43151
3.38457
3.33834
3.29306
3.24849
3.07661
2.95761
2.84618
2.74192
2.64488
2.55404
2.37908
2.30386
2.23296
2.16625
2.10259
2.04179
1.92153
1.86907
1.81872
1.77058
1.72441
1.68012
1.59181
1.55237
1.51422
1.47729
1.44185
1.40835
1.33999
1.30893
1.27881
1.24963
1.22149
1.19434
