-2.32463
-2.6249
-2.97888
-3.46201
-4.01462
-4.60924
-5.24882
-5.93865
-6.68468
-7.57311
-8.80416
-10.2215
-11.7512
-13.4012
-15.186
-17.1256
-19.4513
-22.7193
-26.5114
-30.6341
-35.1311
-40.071
-45.5715
-52.3961
-62.3694
-74.6177
-89.1255
-107.187
-131.278
-166.661
-231.577
-362.816
-504.654
-390.13
-7.01392
376.886
486.358
347.519
226.511
164.577
128.469
103.926
85.4506
70.5933
58.7326
50.6972
44.4079
38.8429
33.8155
29.2415
25.0392
21.389
18.7817
16.6358
14.6688
12.8481
11.1624
9.59604
8.21972
7.21573
6.37768
5.60036
4.87574
4.19738
3.56182
2.85537
1.95424
1.45087
1.11877
0.877286
-2.32556
-2.6239
-2.62591
-2.97753
-2.98023
-3.46032
-3.46369
-4.01279
-4.01644
-4.60729
-4.6112
-5.2467
-5.25094
-5.93623
-5.94096
-6.68219
-6.68717
-7.56979
-7.57643
-8.79984
-8.80848
-10.2168
-10.2262
-11.7462
-11.7563
-13.3958
-13.4067
-15.1797
-15.1923
-17.1191
-17.1321
-19.4426
-19.46
-22.7078
-22.7308
-26.4988
-26.524
-30.6205
-30.6478
-35.1161
-35.1461
-40.0536
-40.0884
-45.5528
-45.5902
-52.3697
-52.4225
-62.3335
-62.4054
-74.5755
-74.6598
-89.0746
-89.1765
-107.122
-107.252
-131.187
-131.358
-166.518
-166.805
-231.284
-231.87
-362.277
-363.356
-504.511
-504.793
-391.011
-389.245
-8.35987
-5.66791
375.951
377.779
486.477
486.235
348.045
346.995
226.784
226.239
164.721
164.433
128.56
128.377
103.993
103.859
85.4995
85.4019
70.6364
70.5503
58.7637
58.7016
50.7188
50.6755
44.4266
44.3891
38.8598
38.8261
33.8307
33.8002
29.256
29.227
25.052
25.0263
21.3988
21.3792
18.789
18.7745
16.6423
16.6293
14.6746
14.663
12.8537
12.8426
11.1676
11.1572
9.60085
9.59124
8.22347
8.21598
7.21854
7.21292
6.38024
6.37511
5.60264
5.59808
4.87798
4.87351
4.19947
4.19529
3.56376
3.55988
2.85953
2.85122
1.95625
1.95224
1.45215
1.44958
1.11966
1.11788
0.877921
-2.3341
-2.61463
-2.63524
-2.96533
-2.99261
-3.44474
-3.47933
-3.99595
-4.03333
-4.58919
-4.62935
-5.22714
-5.27057
-5.91471
-5.96202
-6.65921
-6.71032
-7.53883
-7.60697
-8.75998
-8.84849
-10.1735
-10.2696
-11.6995
-11.803
-13.3452
-13.4574
-15.1255
-15.2474
-17.0593
-17.1923
-19.3611
-19.5407
-22.6014
-22.8376
-26.3826
-26.6404
-30.4934
-30.7744
-34.9774
-35.2853
-39.9043
-40.2442
-45.3807
-45.7637
-52.1273
-52.6644
-62.0018
-62.739
-74.1866
-75.0507
-88.6117
-89.6497
-106.521
-107.858
-130.289
-132.135
-165.201
-168.148
-228.604
-234.61
-357.323
-368.38
-503.056
-505.945
-400.181
-380.911
-20.807
6.78554
366.442
384.05
487.406
484.924
352.937
342.306
229.342
223.752
166.07
163.109
129.413
127.533
104.613
103.244
85.978
84.9105
71.036
70.1537
59.0536
58.4147
50.92
50.4755
44.6002
44.2162
39.0151
38.6704
33.9719
33.6595
29.3855
29.0986
25.1712
24.9079
21.4906
21.2889
18.856
18.7078
16.7027
16.569
14.7303
14.6073
12.9053
12.7911
11.2155
11.1087
9.64543
9.5469
8.25841
8.18161
7.24445
7.18698
6.40399
6.35136
5.62507
5.57628
4.89867
4.85288
4.21886
4.17595
3.58175
3.54198
2.89844
2.81327
1.97523
1.93386
1.46412
1.43778
1.12794
1.10968
0.883848
-2.36331
-2.40624
-2.44946
-2.49363
-2.53823
-2.58335
-2.6673
-2.71507
-2.76413
-2.81502
-2.86811
-2.92468
-3.03538
-3.10113
-3.17022
-3.24211
-3.31602
-3.39204
-3.53255
-3.61254
-3.69281
-3.77374
-3.85616
-3.93871
-4.09182
-4.17733
-4.26349
-4.35057
-4.4381
-4.52736
-4.69152
-4.7835
-4.87631
-4.97012
-5.06494
-5.1609
-5.33718
-5.43641
-5.53679
-5.63812
-5.74044
-5.84374
-6.03426
-6.14116
-6.24878
-6.35827
-6.46867
-6.58109
-6.7902
-6.90974
-7.03243
-7.16098
-7.29404
-7.4359
-7.71545
-7.88237
-8.05865
-8.24215
-8.43058
-8.62517
-8.9848
-9.18962
-9.39565
-9.60342
-9.81475
-10.0266
-10.42
-10.6396
-10.8613
-11.0853
-11.3104
-11.5403
-11.9632
-12.2
-12.4396
-12.6816
-12.9263
-13.1741
-13.6295
-13.8859
-14.1459
-14.4082
-14.6734
-14.9408
-15.4348
-15.7119
-15.9917
-16.276
-16.5631
-16.8556
-17.3988
-17.7118
-18.0326
-18.3689
-18.7175
-19.0907
-19.8282
-20.2688
-20.736
-21.2225
-21.7244
-22.2419
-23.2018
-23.7485
-24.2986
-24.8555
-25.4202
-25.9881
-27.0435
-27.6347
-28.2308
-28.8346
-29.4428
-30.0637
-31.2086
-31.8518
-32.5031
-33.1622
-33.8306
-34.5081
-35.7588
-36.4636
-37.1816
-37.907
-38.6427
-39.3879
-40.7692
-41.5485
-42.3384
-43.143
-43.9605
-44.7968
-46.3597
-47.2683
-48.2042
-49.1905
-50.2201
-51.3249
-53.5268
-54.8555
-56.2679
-57.7496
-59.287
-60.8851
-63.8875
-65.6069
-67.3617
-69.1565
-70.9939
-72.873
-76.395
-78.4102
-80.4732
-82.5953
-84.7855
-87.0379
-91.2866
-93.7449
-96.289
-98.9256
-101.661
-104.506
-109.997
-113.194
-116.502
-119.996
-123.67
-127.534
-135.089
-139.593
-144.387
-149.504
-154.986
-160.9
-173.047
-180.414
-188.711
-198.133
-208.275
-219.865
-244.681
-260.99
-278.177
-297.429
-318.454
-340.972
-386.14
-411.658
-437.191
-460.768
-480.402
-496.222
-505.779
-502.198
-493.155
-477.167
-454.968
-424.997
-350.412
-299.678
-243.921
-185.035
-124.506
-63.3138
49.1121
110.742
171.04
229.62
285.329
335.736
409.257
438.906
461.604
477.464
486.858
489.569
479.859
463.668
444.089
420.897
395.413
370.069
326.957
306.24
286.285
268.77
253.132
238.4
215.701
204.866
195.067
186.184
178.075
170.817
158.62
152.698
147.079
141.862
136.966
132.368
124.714
120.705
116.953
113.38
109.977
106.738
101.184
98.2741
95.457
92.7708
90.1664
87.6545
83.297
80.9947
78.7573
76.5838
74.468
72.4101
68.8216
66.9264
65.0948
63.3462
61.66
60.074
57.4521
56.1409
54.9175
53.7635
52.6608
51.6165
49.8009
48.8424
47.9032
46.9853
46.0856
45.1961
43.6352
42.7929
41.9634
41.1478
40.3421
39.551
38.1429
37.387
36.6389
35.9028
35.1757
34.4591
33.183
32.4944
31.8172
31.1449
30.4836
29.829
28.6624
28.0309
27.4055
26.7885
26.1782
25.5771
24.5079
23.9356
23.3762
22.8361
22.3111
21.8131
20.9828
20.5606
20.168
19.7928
19.4297
19.0874
18.4821
18.1588
17.8403
17.5272
17.2176
16.9098
16.3669
16.0722
15.7795
15.4907
15.2041
14.9222
14.4181
14.1451
13.874
13.6074
13.3432
13.0825
12.616
12.3634
12.1138
11.8665
11.6218
11.3798
10.9472
10.7123
10.4799
10.2496
10.0219
9.79721
9.39717
9.18188
8.97159
8.76809
8.56958
8.38102
8.065
7.90288
7.75249
7.60773
7.46809
7.33441
7.09897
6.97294
6.8487
6.7252
6.60517
6.48501
6.27122
6.15462
6.03955
5.92556
5.81269
5.70094
5.50124
5.39273
5.2852
5.17894
5.07366
4.96965
4.78246
4.68158
4.58119
4.48115
4.38312
4.28542
4.11024
4.01514
3.92059
3.82709
3.73478
3.64343
3.48152
3.39506
3.31132
3.23166
3.15719
3.0398
2.69185
2.53154
2.3897
2.26248
2.1475
2.04236
1.87261
1.78822
1.7104
1.63808
1.57001
1.50593
1.39899
1.34582
1.29484
1.24597
1.20018
1.15672
1.08224
1.04361
1.00623
0.970662
0.936858
0.904811
