-1.72351
-2.01506
-2.32914
-2.66916
-3.09785
-3.68605
-4.33565
-5.03837
-5.80225
-6.63182
-7.6372
-9.08628
-10.7308
-12.5135
-14.4582
-16.5753
-19.0497
-22.7074
-27.0444
-31.7873
-37.0315
-42.8633
-49.6964
-60.0672
-73.7308
-90.2506
-111.55
-141.673
-192.142
-307.059
-504.736
-447.966
-7.03551
433.78
487.803
295.491
189.867
139.197
108.372
86.5964
69.6476
56.6867
48.4242
41.7132
35.7586
30.4211
25.5668
21.3412
18.4606
16.0976
13.9305
11.9445
10.1135
8.46204
7.27267
6.32989
5.46064
4.65527
3.90481
3.22699
2.13205
1.50647
1.12141
0.854322
0.655245
-1.7243
-2.01421
-2.01591
-2.32822
-2.33005
-2.66816
-2.67017
-3.09638
-3.09933
-3.68429
-3.6878
-4.33376
-4.33755
-5.03631
-5.04043
-5.80001
-5.80448
-6.62942
-6.63423
-7.63375
-7.64065
-9.08184
-9.09072
-10.726
-10.7356
-12.5083
-12.5188
-14.4525
-14.4639
-16.5692
-16.5815
-19.0414
-19.058
-22.6958
-22.719
-27.0316
-27.0571
-31.7733
-31.8013
-37.0159
-37.047
-42.8459
-42.8807
-49.6739
-49.719
-60.0322
-60.1022
-73.689
-73.7726
-90.1988
-90.3026
-111.48
-111.619
-141.568
-141.778
-191.943
-192.341
-306.592
-307.526
-504.338
-505.13
-448.727
-447.201
-8.45036
-5.62039
433.006
434.55
488.216
487.386
295.929
295.054
190.062
189.672
139.304
139.09
108.443
108.3
86.6496
86.5431
69.6904
69.6048
56.7152
56.6583
48.4443
48.4042
41.7307
41.6957
35.7744
35.7428
30.4354
30.4068
25.5798
25.5538
21.3512
21.3312
18.4675
18.4537
16.1038
16.0913
13.9363
13.9247
11.9498
11.9391
10.1184
10.1085
8.46616
8.45793
7.27539
7.26995
6.3324
6.32739
5.46299
5.45829
4.65744
4.65309
3.90685
3.90278
3.22862
3.22536
2.1344
2.1297
1.50781
1.50513
1.1223
1.12052
0.854943
0.853701
0.65574
-1.73202
-2.00594
-2.02421
-2.31939
-2.339
-2.65853
-2.68007
-3.08208
-3.11381
-3.66717
-3.70494
-4.31533
-4.35604
-5.01634
-5.06055
-5.77856
-5.82633
-6.6061
-6.65811
-7.60036
-7.67461
-9.03869
-9.13403
-10.6792
-10.7826
-12.4576
-12.5698
-14.3977
-14.5196
-16.5093
-16.6424
-18.9613
-19.1398
-22.5828
-22.8324
-26.9076
-27.1817
-31.6377
-31.938
-36.8647
-37.1987
-42.677
-43.0505
-49.4566
-49.941
-59.6924
-60.4446
-73.2826
-74.1814
-89.6945
-90.8108
-110.806
-112.3
-140.555
-142.799
-190.021
-194.282
-302.064
-312.104
-500.253
-508.809
-455.969
-439.409
-22.24
8.17309
425.255
441.438
492.091
482.987
300.167
290.857
191.98
187.795
140.352
138.053
109.142
107.605
87.1705
86.0255
70.1092
69.1902
56.9957
56.3841
48.6408
48.2092
41.903
41.525
35.9291
35.5902
30.5748
30.2694
25.7069
25.4274
21.4496
21.2345
18.535
18.3866
16.1655
16.0304
13.9933
13.8686
12.0021
11.8872
10.1668
10.0603
8.50655
8.41802
7.30242
7.24268
6.35718
6.30289
5.48592
5.43567
4.67872
4.63189
3.92673
3.88295
3.24465
3.20965
2.15761
2.10702
1.52094
1.49217
1.13101
1.11191
0.861014
0.847668
0.660584
-1.76023
-1.80235
-1.84503
-1.88827
-1.93188
-1.97598
-2.05457
-2.10002
-2.14597
-2.19257
-2.23969
-2.28711
-2.37174
-2.42057
-2.47007
-2.52031
-2.5712
-2.62289
-2.71677
-2.77241
-2.83104
-2.89318
-2.9598
-3.03124
-3.16769
-3.25072
-3.33659
-3.42473
-3.51468
-3.60546
-3.76764
-3.86156
-3.95671
-4.05309
-4.15053
-4.24869
-4.42371
-4.5253
-4.62804
-4.73211
-4.83746
-4.94382
-5.13438
-5.24434
-5.35638
-5.4696
-5.5842
-5.69975
-5.9063
-6.02574
-6.14659
-6.2696
-6.39385
-6.5197
-6.74643
-6.87994
-7.01817
-7.16341
-7.31768
-7.48227
-7.80261
-8.00211
-8.21201
-8.43042
-8.65493
-8.88335
-9.29262
-9.53029
-9.77067
-10.015
-10.2616
-10.5105
-10.9547
-11.2117
-11.4723
-11.7367
-12.004
-12.2736
-12.757
-13.0375
-13.3211
-13.6102
-13.9021
-14.197
-14.7237
-15.029
-15.3374
-15.6509
-15.9689
-16.2902
-16.8669
-17.2025
-17.5481
-17.9067
-18.2826
-18.6793
-19.4467
-19.9346
-20.4565
-21.01
-21.5858
-22.1784
-23.2485
-23.8747
-24.5072
-25.1504
-25.8027
-26.4607
-27.6365
-28.3205
-29.0109
-29.714
-30.4277
-31.1486
-32.4384
-33.1903
-33.9536
-34.7306
-35.5204
-36.3209
-37.7541
-38.5887
-39.4356
-40.2988
-41.178
-42.068
-43.6726
-44.6124
-45.5759
-46.571
-47.6091
-48.6965
-50.7692
-52.0878
-53.5237
-55.0797
-56.7389
-58.4825
-61.7051
-63.6275
-65.5978
-67.6214
-69.696
-71.8229
-75.6855
-77.9792
-80.3391
-82.7748
-85.2898
-87.8937
-92.68
-95.5665
-98.5718
-101.705
-104.978
-108.411
-114.828
-118.767
-122.928
-127.338
-132.009
-136.992
-146.61
-152.698
-159.314
-166.558
-174.519
-183.387
-201.874
-214.497
-229.167
-245.903
-264.807
-286.323
-329.436
-357.673
-388.306
-420.745
-452.905
-482.603
-519.684
-529.23
-530.975
-523.114
-505.638
-479.152
-408.029
-352.907
-289.639
-219.562
-146.363
-72.0533
58.0203
131.917
204.976
275.2
338.791
393.775
464.817
490.82
507.314
515.161
512.778
503.253
465.944
435.656
403.894
372.65
343.068
316.217
276.388
256.907
239.896
224.689
211.179
199.137
181.372
172.488
164.514
157.2
150.461
144.228
134.418
129.307
124.516
120.01
115.754
111.721
105.161
101.657
98.3107
95.1114
92.0382
89.0846
84.1822
81.512
78.9297
76.4288
74.0016
71.6507
67.7053
65.5652
63.5132
61.5617
59.7386
58.0523
55.4229
54.0786
52.8151
51.6186
50.4726
49.3693
47.5007
46.4686
45.4562
44.4643
43.4909
42.5383
40.9013
39.9912
39.0953
38.2125
37.346
36.4955
35.0351
34.2231
33.4188
32.6297
31.851
31.0854
29.7665
29.0304
28.3017
27.5806
26.8722
26.1727
24.9703
24.3014
23.647
23.0087
22.3975
21.819
20.8951
20.4227
19.9801
19.5644
19.1683
18.7874
18.1396
17.7803
17.4267
17.0763
16.7322
16.3928
15.8058
15.4779
15.1528
14.8315
14.5148
14.2024
13.663
13.362
13.0647
12.7693
12.4795
12.1927
11.6985
11.4218
11.1475
10.8756
10.6076
10.3432
9.88619
9.63102
9.37851
9.13049
8.88954
8.65709
8.27631
8.07796
7.89325
7.7206
7.55852
7.40403
7.14404
7.00044
6.85999
6.72053
6.58293
6.4479
6.21333
6.08193
5.95209
5.823
5.69549
5.56974
5.35261
5.23091
5.11035
4.99074
4.87282
4.75631
4.555
4.44171
4.32961
4.21816
4.10823
3.99939
3.81132
3.70581
3.60178
3.49948
3.40027
3.30524
3.15752
3.00404
2.75728
2.55901
2.39215
2.24573
2.02824
1.92047
1.82187
1.73056
1.64755
1.57005
1.44644
1.38196
1.32299
1.26641
1.21309
1.16322
1.08133
1.03768
0.99593
0.956098
0.918599
0.883349
0.826059
0.794645
0.764153
0.734555
0.70595
0.67845
