-1.74026
-1.95185
-2.17671
-2.41696
-2.67858
-2.98208
-3.3555
-3.78739
-4.25606
-4.75694
-5.29238
-5.86588
-6.48617
-7.18333
-8.03451
-9.07112
-10.2294
-11.4758
-12.8106
-14.243
-15.7875
-17.4872
-19.4886
-22.0019
-24.9514
-28.1844
-31.6758
-35.4577
-39.5788
-44.1405
-49.4323
-56.157
-64.7313
-74.8807
-86.7167
-100.886
-118.565
-141.894
-175.498
-229.755
-318.448
-425.898
-448.051
-295.701
-7.05782
281.392
433.192
411.667
307.374
224.2
172.279
138.904
115.314
97.3887
83.01
71.0689
61.288
53.7939
47.9027
42.8344
38.281
34.1261
30.3038
26.7775
23.5843
20.9023
18.7639
16.9271
15.2493
13.6922
12.2404
10.8845
9.6264
8.50929
7.59659
6.83692
6.15205
5.51458
4.91636
4.353
3.82382
3.34259
2.56652
1.91213
1.49431
1.1996
0.97558
0.805238
0.662746
0.542762
-1.74106
-1.951
-1.95269
-2.17581
-2.17761
-2.41599
-2.41792
-2.67751
-2.67965
-2.98078
-2.98338
-3.35392
-3.35708
-3.78565
-3.78914
-4.25419
-4.25794
-4.75493
-4.75894
-5.29024
-5.29452
-5.86358
-5.86817
-6.48366
-6.48868
-7.1804
-7.18626
-8.03083
-8.0382
-9.06683
-9.0754
-10.2248
-10.2341
-11.4708
-11.4808
-12.8053
-12.816
-14.2372
-14.2488
-15.7813
-15.7938
-17.4802
-17.4943
-19.48
-19.4973
-21.9912
-22.0126
-24.9394
-24.9634
-28.1714
-28.1974
-31.6617
-31.6898
-35.4425
-35.473
-39.5621
-39.5955
-44.1218
-44.1592
-49.4096
-49.455
-56.1273
-56.1867
-64.695
-64.7677
-74.8385
-74.9229
-86.6669
-86.7664
-100.825
-100.946
-118.488
-118.642
-141.788
-142
-175.337
-175.66
-229.478
-230.033
-318.045
-318.852
-425.556
-426.238
-448.274
-447.826
-296.637
-294.763
-8.26114
-5.85476
280.455
282.327
432.958
433.418
412.017
411.317
307.764
306.984
224.455
223.947
172.436
172.123
139.011
138.797
115.392
115.236
97.4502
97.3274
83.0605
82.9595
71.111
71.0268
61.3213
61.2548
53.8192
53.7687
47.9236
47.8818
42.8529
42.8159
38.2978
38.2642
34.1415
34.1107
30.318
30.2896
26.7906
26.7644
23.5958
23.5727
20.9115
20.8931
18.7714
18.7563
16.9339
16.9204
15.2556
15.2431
13.698
13.6864
12.2458
12.235
10.8896
10.8795
9.63104
9.62175
8.51324
8.50535
7.59976
7.59343
6.83969
6.83415
6.15461
6.1495
5.51697
5.51219
4.91861
4.91412
4.35511
4.35088
3.82578
3.82184
3.34431
3.34086
2.56985
2.5632
1.91409
1.91016
1.49565
1.49296
1.20059
1.19862
0.976335
0.974825
0.805832
0.804644
0.663254
0.662238
0.543171
-1.74762
-1.94406
-1.95966
-2.1684
-2.18503
-2.40806
-2.42587
-2.66869
-2.68851
-2.97011
-2.99416
-3.34095
-3.37013
-3.77124
-3.80359
-4.23876
-4.27341
-4.73843
-4.77548
-5.27259
-5.31221
-5.84466
-5.88716
-6.46298
-6.50946
-7.15631
-7.21057
-8.0006
-8.0687
-9.03155
-9.11084
-10.1864
-10.2726
-11.4295
-11.5222
-12.7612
-12.8601
-14.1897
-14.2963
-15.73
-15.8453
-17.4225
-17.5523
-19.409
-19.5691
-21.9032
-22.1012
-24.8405
-25.0626
-28.0644
-28.3047
-31.5461
-31.8059
-35.3169
-35.599
-39.4248
-39.7334
-43.9679
-44.3143
-49.2236
-49.6428
-55.8837
-56.433
-64.3961
-65.0686
-74.4911
-75.2725
-86.2587
-87.1786
-100.327
-101.449
-117.854
-119.284
-140.922
-142.881
-174.022
-176.989
-227.236
-232.31
-314.729
-322.2
-422.677
-429
-450.014
-445.874
-304.27
-286.941
-18.1984
4.06059
272.66
289.967
430.916
435.169
414.803
408.434
311.013
303.794
226.578
221.882
173.747
170.839
139.899
137.921
116.044
114.593
97.9588
96.8229
83.4787
82.5443
71.4597
70.6807
61.5974
60.9817
54.0285
53.5614
48.0961
47.7098
43.0061
42.6634
38.4366
38.126
34.2687
33.9838
30.4355
30.1725
26.8987
26.6567
23.6911
23.4779
20.9878
20.8176
18.8338
18.6943
16.9898
16.8646
15.3072
15.1916
13.746
13.6385
12.2906
12.1903
10.9314
10.8378
9.66943
9.58353
8.5459
8.47296
7.62602
7.56739
6.86252
6.81134
6.17568
6.1285
5.53668
5.49253
4.93714
4.89562
4.37258
4.33346
3.84202
3.80559
3.35859
3.3267
2.59765
2.5361
1.93044
1.89407
1.50685
1.48194
1.20875
1.19057
0.982596
0.968632
0.810749
0.799756
0.667462
0.658059
0.546547
-1.76859
-1.79877
-1.82912
-1.85983
-1.89081
-1.92204
-1.98192
-2.01397
-2.04631
-2.07887
-2.11177
-2.14498
-2.20876
-2.24291
-2.27739
-2.3122
-2.34737
-2.38295
-2.45134
-2.48814
-2.52542
-2.56331
-2.60177
-2.64085
-2.71702
-2.75854
-2.80121
-2.84494
-2.89002
-2.93666
-3.02897
-3.08014
-3.13274
-3.18702
-3.24286
-3.30006
-3.41207
-3.4729
-3.53471
-3.59749
-3.66117
-3.72573
-3.84986
-3.91645
-3.98383
-4.05185
-4.12052
-4.18985
-4.32287
-4.39419
-4.46616
-4.53893
-4.61209
-4.68615
-4.82836
-4.90451
-4.98138
-5.05902
-5.13744
-5.21662
-5.36872
-5.45021
-5.53247
-5.61577
-5.69984
-5.78473
-5.94792
-6.03569
-6.12446
-6.21433
-6.30532
-6.3976
-6.57618
-6.6728
-6.77141
-6.87193
-6.97486
-7.08065
-7.28906
-7.40414
-7.5232
-7.64639
-7.77384
-7.90579
-8.16701
-8.31088
-8.45832
-8.60915
-8.76336
-8.92028
-9.22437
-9.38843
-9.55458
-9.72266
-9.89277
-10.0649
-10.3956
-10.5728
-10.752
-10.9324
-11.1151
-11.2995
-11.6538
-11.8435
-12.0351
-12.2287
-12.4243
-12.6218
-13.0013
-13.2047
-13.4106
-13.6182
-13.8279
-14.0399
-14.4482
-14.667
-14.8881
-15.1116
-15.3381
-15.5676
-16.0099
-16.2482
-16.4902
-16.7358
-16.9859
-17.2407
-17.7386
-18.0117
-18.2918
-18.5799
-18.8779
-19.1866
-19.8012
-20.1431
-20.4968
-20.8623
-21.2391
-21.6261
-22.3861
-22.8003
-23.2218
-23.6504
-24.086
-24.5285
-25.3802
-25.8385
-26.3027
-26.7717
-27.2462
-27.7257
-28.6478
-29.1432
-29.644
-30.1511
-30.662
-31.1799
-32.1771
-32.7126
-33.2544
-33.8026
-34.3575
-34.9191
-36.0021
-36.584
-37.1732
-37.7715
-38.377
-38.9906
-40.1754
-40.8155
-41.4654
-42.126
-42.7975
-43.4809
-44.8126
-45.5386
-46.2828
-47.0456
-47.83
-48.6409
-50.2523
-51.1496
-52.0829
-53.0557
-54.0678
-55.1217
-57.2295
-58.4014
-59.6113
-60.8571
-62.1401
-63.4569
-66.0365
-67.4451
-68.8844
-70.3557
-71.859
-73.3948
-76.3962
-78.0338
-79.7089
-81.4235
-83.18
-84.9757
-88.5045
-90.4423
-92.4324
-94.4791
-96.5901
-98.7641
-103.07
-105.448
-107.914
-110.469
-113.115
-115.862
-121.361
-124.438
-127.66
-131.028
-134.549
-138.236
-145.751
-150.036
-154.584
-159.405
-164.517
-169.977
-181.356
-188.055
-195.288
-203.033
-211.412
-220.47
-239.73
-250.989
-263.032
-275.931
-289.669
-304.225
-333.094
-349.199
-365.618
-382.017
-397.968
-412.962
-437.25
-446.694
-453.509
-457.484
-457.76
-454.437
-438.474
-424.024
-405.531
-382.897
-357.274
-327.555
-261.596
-222.354
-181.087
-138.507
-94.4746
-49.7118
35.4924
80.168
124.239
166.923
208.071
247.008
312.92
342.914
368.943
390.958
409.044
423.333
439.579
442.925
442.681
438.918
432.128
422.838
398.803
384.027
368.475
352.907
336.984
321.507
293.957
280.409
267.671
255.537
244.188
233.585
215.515
206.956
198.943
191.493
184.533
178.043
166.868
161.479
156.393
151.629
147.088
142.793
135.202
131.483
127.931
124.524
121.273
118.158
112.584
109.799
107.119
104.526
102.021
99.6024
95.2391
93.0321
90.8918
88.8131
86.7933
84.8234
81.2396
79.4168
77.6419
75.9118
74.2256
72.5823
69.5927
68.0793
66.6112
65.1889
63.8163
62.4927
60.1269
58.9506
57.8226
56.7397
55.7019
54.7052
52.9123
52.013
51.139
50.2867
49.4588
48.651
47.1682
46.4071
45.66
44.9273
44.206
43.4969
42.1825
41.5029
40.8342
40.1743
39.5231
38.881
37.6884
37.0707
36.4606
35.8584
35.2632
34.6757
33.5825
33.0151
32.4543
31.9005
31.3522
30.8109
29.8016
29.2776
28.7602
28.2489
27.7431
27.2441
26.3163
25.8364
25.3631
24.8994
24.4434
23.9975
23.1803
22.7654
22.363
21.9734
21.5973
21.2344
20.5812
20.2531
19.9351
19.6265
19.327
19.0349
18.4988
18.224
17.9538
17.6879
17.4262
17.1678
16.6886
16.4399
16.1939
15.9505
15.7099
15.4722
15.0293
14.7987
14.5703
14.3442
14.1209
13.8996
13.4868
13.272
13.0596
12.849
12.6407
12.4339
12.0488
11.8482
11.6494
11.4527
11.2578
11.0651
10.7057
10.5185
10.3337
10.1509
9.97041
9.79248
9.46293
9.29308
9.12693
8.96424
8.80559
8.65127
8.37156
8.23058
8.09426
7.96232
7.83464
7.7108
7.48563
7.37137
7.25907
7.14941
7.04155
6.93563
6.73942
6.63788
6.5375
6.43825
6.34016
6.24305
6.06205
5.96776
5.87429
5.7819
5.69041
5.59972
5.43022
5.34187
5.25432
5.16757
5.08153
4.99629
4.83695
4.7538
4.67135
4.58976
4.50868
4.42844
4.27823
4.19992
4.12234
4.04553
3.96949
3.89422
3.75418
3.68166
3.61028
3.54035
3.47163
3.40453
3.28222
3.22021
3.15986
2.99466
2.8347
2.69012
2.45355
2.34435
2.24437
2.1509
2.06447
1.98393
1.84426
1.77674
1.71354
1.65427
1.59764
1.54337
1.44779
1.40144
1.35772
1.3155
1.27468
1.2353
1.16551
1.13073
1.09675
1.06404
1.03284
1.00289
0.949295
0.922639
0.897124
0.872928
0.849501
0.826542
0.784353
0.762747
0.741609
0.720938
0.700734
0.680998
0.644913
0.626702
0.609105
0.591946
0.574823
0.557748
