-2.20446
-2.45841
-2.73164
-3.07156
-3.51853
-4.00986
-4.53163
-5.08699
-5.68006
-6.31158
-6.99698
-7.87289
-9.02653
-10.2934
-11.6407
-13.0796
-14.6188
-16.2632
-18.0642
-20.4219
-23.524
-26.9298
-30.5806
-34.5157
-38.7856
-43.4315
-48.6983
-55.9136
-65.6391
-76.8913
-90.0174
-105.99
-126.47
-154.721
-199.84
-288.257
-439.345
-530.124
-376.012
-7.03551
361.667
514.52
423.301
278.19
197.266
152.495
123.626
102.69
86.3571
72.8855
61.6005
53.4497
47.5024
42.2917
37.5484
33.1995
29.1876
25.4499
22.0719
19.5383
17.5761
15.7782
14.0946
12.5221
11.0487
9.66366
8.40681
7.45888
6.69986
5.99584
5.3319
4.70661
4.11498
3.55578
3.01652
2.09045
1.59067
1.25351
1.00645
0.817977
-2.20535
-2.45747
-2.45935
-2.73061
-2.73267
-3.0701
-3.073
-3.51682
-3.52024
-4.00801
-4.0117
-4.52968
-4.53358
-5.0849
-5.08909
-5.67785
-5.68227
-6.30922
-6.31394
-6.99432
-6.99965
-7.86915
-7.87664
-9.02212
-9.03095
-10.2887
-10.2981
-11.6357
-11.6458
-13.0742
-13.085
-14.6129
-14.6246
-16.257
-16.2693
-18.057
-18.0715
-20.4117
-20.432
-23.5121
-23.5358
-26.9171
-26.9425
-30.567
-30.5941
-34.5013
-34.5302
-38.7696
-38.8016
-43.4138
-43.4492
-48.6772
-48.7195
-55.8822
-55.9451
-65.6011
-65.6772
-76.8477
-76.9349
-89.9656
-90.0691
-105.926
-106.055
-126.384
-126.557
-154.598
-154.844
-199.618
-200.062
-287.835
-288.679
-438.713
-439.98
-530.289
-529.955
-377.087
-374.935
-8.45036
-5.62039
360.598
362.734
514.38
514.655
423.901
422.7
278.586
277.796
197.472
197.06
152.618
152.371
123.714
123.537
102.756
102.624
86.4102
86.304
72.9302
72.8408
61.6363
61.5647
53.4737
53.4257
47.5223
47.4826
42.31
42.2736
37.5649
37.5318
33.2145
33.1846
29.2015
29.1736
25.4629
25.437
22.0828
22.0609
19.5459
19.5306
17.5828
17.5694
15.7844
15.7719
14.1005
14.0886
12.5276
12.5166
11.0539
11.0435
9.66847
9.65884
8.41089
8.40273
7.46172
7.45604
6.70248
6.69725
5.99827
5.99341
5.33423
5.32958
4.7088
4.70442
4.11706
4.11291
3.55773
3.55381
3.02213
3.01095
2.09272
2.08818
1.59212
1.58923
1.25454
1.25247
1.00725
1.00566
0.818578
-2.21293
-2.44951
-2.46734
-2.72188
-2.74158
-3.05778
-3.08536
-3.50224
-3.53472
-3.99235
-4.02733
-4.51316
-4.55016
-5.06727
-5.10692
-5.65909
-5.70108
-6.28925
-6.33399
-6.9718
-7.02249
-7.83747
-7.90869
-8.98519
-9.06855
-10.2486
-10.3378
-11.5929
-11.6886
-13.028
-13.1308
-14.564
-14.6741
-16.2049
-16.3215
-17.9968
-18.1338
-20.3261
-20.5192
-23.4115
-23.6369
-26.8105
-27.0508
-30.4516
-30.7096
-34.3769
-34.6553
-38.633
-38.9381
-43.2645
-43.6
-48.4965
-48.8999
-55.6158
-56.2134
-65.2785
-66.0015
-76.4783
-77.3065
-89.5264
-90.5107
-105.377
-106.608
-125.659
-127.288
-153.566
-155.914
-197.754
-201.968
-284.23
-292.333
-433.84
-445.443
-531.231
-528.3
-386.087
-365.646
-20.4724
6.4051
351.365
371.66
513.007
515.309
428.964
417.562
281.98
274.55
199.224
195.323
153.706
151.333
124.464
122.788
103.32
102.065
86.8629
85.8532
73.3116
72.4617
61.9434
61.2623
53.6821
53.2229
47.6911
47.3142
42.4647
42.1213
37.7046
37.3914
33.3421
33.0575
29.3195
29.0549
25.5733
25.3284
22.1762
21.9686
19.6114
19.466
17.64
17.5126
15.8379
15.7187
14.1511
14.0387
12.5745
12.4699
11.0979
10.9994
9.70922
9.61772
8.44562
8.36826
7.48625
7.43145
6.72472
6.6751
6.01917
5.97275
5.354
5.30983
4.72744
4.68582
4.13473
4.09527
3.57427
3.53716
3.07107
2.96514
2.11221
2.06906
1.60452
1.57703
1.26338
1.24372
1.01401
0.998977
0.823701
-2.23806
-2.27436
-2.31126
-2.34814
-2.38551
-2.4232
-2.49388
-2.53251
-2.57173
-2.61128
-2.65189
-2.69266
-2.77154
-2.81624
-2.86295
-2.91175
-2.96352
-3.01814
-3.12689
-3.18924
-3.25322
-3.31899
-3.38625
-3.45422
-3.58284
-3.65347
-3.72449
-3.7962
-3.86849
-3.94159
-4.07841
-4.1535
-4.22867
-4.305
-4.38163
-4.45914
-4.60466
-4.68421
-4.76416
-4.84542
-4.92704
-5.00988
-5.16502
-5.24984
-5.33587
-5.42247
-5.50964
-5.59809
-5.76349
-5.85351
-5.94491
-6.03719
-6.12987
-6.22374
-6.40032
-6.49663
-6.59531
-6.69384
-6.79509
-6.8993
-7.09945
-7.21265
-7.33294
-7.45895
-7.59303
-7.73458
-8.01652
-8.17743
-8.3439
-8.51295
-8.68659
-8.8618
-9.19334
-9.37438
-9.5579
-9.74216
-9.92923
-10.117
-10.47
-10.663
-10.8585
-11.0542
-11.2528
-11.4531
-11.8292
-12.0352
-12.2421
-12.4522
-12.664
-12.8781
-13.2807
-13.5013
-13.7245
-13.9491
-14.1756
-14.405
-14.8344
-15.0706
-15.3073
-15.5481
-15.7888
-16.0345
-16.4953
-16.7471
-17.0031
-17.2649
-17.5294
-17.8045
-18.3346
-18.6398
-18.9617
-19.3019
-19.6648
-20.0497
-20.8117
-21.2436
-21.6918
-22.1469
-22.61
-23.0843
-23.9729
-24.458
-24.9513
-25.4471
-25.9502
-26.4562
-27.4106
-27.9295
-28.4586
-28.9882
-29.5268
-30.0708
-31.094
-31.6533
-32.2217
-32.7941
-33.3769
-33.9627
-35.0712
-35.6812
-36.2961
-36.9183
-37.5494
-38.185
-39.3875
-40.0505
-40.7171
-41.3939
-42.0802
-42.7771
-44.0935
-44.8267
-45.5643
-46.3283
-47.1079
-47.9143
-49.5055
-50.4326
-51.4105
-52.4572
-53.5725
-54.7612
-57.1204
-58.4638
-59.8503
-61.2811
-62.7369
-64.2305
-67.0731
-68.6508
-70.2574
-71.897
-73.569
-75.2765
-78.5422
-80.3601
-82.2217
-84.132
-86.0907
-88.1022
-91.9794
-94.1625
-96.4123
-98.7348
-101.132
-103.608
-108.447
-111.194
-114.043
-117.021
-120.103
-123.345
-129.729
-133.417
-137.271
-141.381
-145.677
-150.255
-159.516
-165.006
-170.948
-177.377
-184.322
-192.05
-208.497
-218.762
-230.32
-243.051
-257.14
-272.674
-305.176
-324.378
-345.816
-368.299
-391.753
-416.956
-462.715
-484.649
-504.054
-517.537
-527.376
-531.314
-525.215
-513.083
-497.953
-475.491
-447.488
-412.413
-333.16
-283.232
-229.506
-173.519
-117.092
-59.8942
45.8554
102.701
159.324
214.871
268.817
318.641
398.463
433.296
460.862
483.118
498.707
509.37
514.897
511.153
501.139
487.088
467.858
445.111
400.095
376.259
353.12
331.675
311.615
293.734
264.114
250.123
237.316
225.746
215.057
205.504
189.777
182.288
175.354
168.944
162.963
157.407
147.974
143.287
138.898
134.705
130.742
126.979
120.438
117.123
113.967
110.923
108.006
105.198
100.261
97.7252
95.2782
92.8999
90.6032
88.3681
84.3949
82.3325
80.3231
78.3619
76.4503
74.5802
71.2318
69.4821
67.7809
66.128
64.5205
62.9785
60.2905
58.9479
57.6915
56.5112
55.4085
54.3657
52.5744
51.6566
50.7761
49.9121
49.0727
48.2533
46.7661
45.982
45.2143
44.4526
43.7063
42.9669
41.6266
40.9137
40.2123
39.5217
38.8387
38.1635
36.9356
36.2865
35.6443
35.0097
34.3869
33.7653
32.639
32.0403
31.4488
30.864
30.2851
29.7107
28.6648
28.1107
27.5575
27.0138
26.4738
25.9402
24.9657
24.451
23.9422
23.4478
22.9613
22.4909
21.6698
21.2577
20.8698
20.5057
20.1587
19.8321
19.2575
18.9598
18.669
18.387
18.1048
17.8301
17.3263
17.0579
16.7945
16.5314
16.2717
16.0158
15.5456
15.2935
15.0461
14.8007
14.5576
14.3166
13.8761
13.6411
13.4103
13.1801
12.9533
12.7281
12.3173
12.0981
11.8816
11.6662
11.4538
11.2421
10.856
10.6499
10.446
10.2441
10.0436
9.84478
9.48243
9.29106
9.10195
8.91688
8.73747
8.56197
8.2574
8.10478
7.96003
7.82447
7.6937
7.56993
7.3501
7.23668
7.12421
7.01431
6.90575
6.7984
6.60191
6.49768
6.39398
6.29163
6.18933
6.08878
5.90373
5.80546
5.70741
5.61077
5.51445
5.41976
5.24551
5.15227
5.06028
4.96936
4.87863
4.78918
4.62492
4.53714
4.45016
4.36374
4.27828
4.19332
4.03771
3.95406
3.87177
3.78997
3.709
3.62878
3.48359
3.40739
3.33386
3.26319
3.19727
3.13966
2.83227
2.66639
2.52305
2.39676
2.28215
2.17859
2.00825
1.92599
1.84951
1.77696
1.7093
1.64634
1.53776
1.48349
1.43173
1.3826
1.33709
1.29296
1.21581
1.1772
1.13997
1.10407
1.06946
1.03623
0.977447
0.947534
0.91891
0.891646
0.8658
0.840716
