-2.11087
-2.38249
-2.68207
-3.03638
-3.47735
-3.98473
-4.53778
-5.13555
-5.78344
-6.49345
-7.30886
-8.32864
-9.56239
-10.9335
-12.4222
-14.0382
-15.8042
-17.7876
-20.2056
-23.2637
-26.7939
-30.6784
-34.9403
-39.6563
-44.9881
-51.4241
-59.923
-70.6903
-83.6154
-99.4311
-119.792
-147.998
-191.774
-269.088
-391.623
-472.289
-339.649
-7.22599
325.103
457.97
379.303
261.694
188.052
144.909
116.519
95.9074
79.8924
67.0189
57.0809
49.675
43.6298
38.3423
33.6006
29.3012
25.407
22.0392
19.3781
17.1978
15.2573
13.4821
11.8467
10.3395
8.98147
7.85435
6.94788
6.15455
5.42741
4.7528
4.12513
3.54853
2.83506
1.98634
1.49507
1.16326
0.921921
-2.11175
-2.38153
-2.38345
-2.68098
-2.68315
-3.03504
-3.03772
-3.47573
-3.47898
-3.98293
-3.98653
-4.53583
-4.53972
-5.13344
-5.13765
-5.78116
-5.78573
-6.49091
-6.49599
-7.30582
-7.3119
-8.32479
-8.3325
-9.55796
-9.56683
-10.9287
-10.9384
-12.4169
-12.4274
-14.0325
-14.0439
-15.798
-15.8105
-17.7803
-17.7949
-20.1963
-20.2149
-23.2524
-23.275
-26.7813
-26.8064
-30.6647
-30.6922
-34.9252
-34.9554
-39.6394
-39.6732
-44.9686
-45.0076
-51.3994
-51.4489
-59.8902
-59.9559
-70.6504
-70.7302
-83.5675
-83.6634
-99.3712
-99.4911
-119.713
-119.872
-147.883
-148.113
-191.583
-191.965
-268.747
-269.43
-391.171
-392.076
-472.322
-472.258
-340.515
-338.781
-8.46888
-5.98315
324.232
325.97
457.937
458.001
379.742
378.864
262.02
261.369
188.238
187.866
145.024
144.794
116.599
116.438
95.9681
95.8467
79.9408
79.8439
67.0576
66.9802
57.1096
57.0523
49.6973
49.6528
43.6487
43.6108
38.3592
38.3254
33.6159
33.5854
29.3151
29.2874
25.4195
25.3946
22.0494
22.029
19.3861
19.3701
17.2047
17.1909
15.2636
15.251
13.4879
13.4764
11.8521
11.8414
10.3444
10.3347
8.98573
8.97722
7.85773
7.85097
6.95071
6.94505
6.15712
6.15199
5.42978
5.42504
4.755
4.7506
4.12718
4.12309
3.55037
3.54669
2.83912
2.83101
1.98843
1.98427
1.49641
1.49373
1.1642
1.16233
0.922617
-2.11971
-2.37291
-2.3921
-2.67127
-2.69293
-3.02302
-3.04986
-3.46114
-3.49363
-3.96677
-4.00274
-4.51835
-4.55725
-5.11454
-5.15662
-5.76061
-5.80635
-6.46812
-6.51891
-7.27853
-7.33942
-8.29017
-8.36738
-9.5181
-9.6068
-10.8852
-10.982
-12.3698
-12.4747
-13.9813
-14.0954
-15.7416
-15.8672
-17.7152
-17.8605
-20.1133
-20.2987
-23.1512
-23.3767
-26.6685
-26.9197
-30.5411
-30.8162
-34.7892
-35.0919
-39.4879
-39.8253
-44.7937
-45.1834
-51.1778
-51.6727
-59.5959
-60.2526
-70.2922
-71.0907
-83.1374
-84.0969
-98.8342
-100.033
-119
-120.592
-146.856
-149.159
-189.883
-193.708
-265.695
-272.523
-387.113
-396.107
-472.503
-471.882
-348.192
-330.842
-19.5745
5.20059
316.263
333.719
457.516
458.135
383.682
374.916
264.98
258.47
189.925
186.208
146.069
143.764
117.326
115.719
96.517
95.3023
80.3785
79.4096
67.4078
66.6333
57.369
56.7956
49.898
49.4534
43.8201
43.4403
38.5115
38.1737
33.7535
33.4483
29.4402
29.1628
25.5316
25.2831
22.1416
21.9376
19.4582
19.2984
17.2669
17.1288
15.3201
15.1947
13.5398
13.4246
11.9
11.7937
10.3884
10.2909
9.02417
8.93907
7.88824
7.82067
6.97623
6.91965
6.1802
6.12899
5.45111
5.40376
4.77485
4.73081
4.14561
4.10471
3.56698
3.53017
2.87622
2.79512
2.00736
1.96577
1.50856
1.48175
1.17272
1.15394
0.92892
-2.14623
-2.18495
-2.22412
-2.26379
-2.3039
-2.34451
-2.42095
-2.46317
-2.50605
-2.5497
-2.5941
-2.63937
-2.72572
-2.77418
-2.82405
-2.87558
-2.92878
-2.98377
-3.09074
-3.15144
-3.21413
-3.27885
-3.3452
-3.41321
-3.54266
-3.61458
-3.68771
-3.762
-3.83725
-3.91349
-4.0568
-4.13573
-4.21556
-4.2964
-4.37806
-4.46067
-4.61569
-4.70099
-4.78726
-4.87462
-4.96288
-5.05216
-5.21985
-5.31216
-5.40557
-5.50023
-5.59592
-5.69284
-5.87514
-5.9757
-6.07767
-6.18126
-6.28631
-6.39316
-6.59561
-6.70841
-6.8238
-6.9423
-7.06397
-7.18932
-7.43222
-7.57058
-7.71412
-7.86309
-8.01737
-8.17684
-8.48452
-8.65745
-8.83451
-9.01543
-9.19952
-9.38684
-9.7403
-9.93553
-10.1333
-10.3339
-10.5366
-10.7419
-11.1274
-11.3397
-11.5544
-11.772
-11.9919
-12.2143
-12.6323
-12.8625
-13.0955
-13.3317
-13.5705
-13.8122
-14.2669
-14.5177
-14.7717
-15.0296
-15.2908
-15.5559
-16.0563
-16.334
-16.6166
-16.9053
-17.2
-17.5016
-18.0809
-18.4085
-18.7473
-19.0989
-19.4634
-19.8426
-20.5813
-21.002
-21.4373
-21.886
-22.3465
-22.8185
-23.717
-24.2166
-24.7248
-25.2414
-25.7653
-26.2966
-27.2973
-27.8498
-28.4095
-28.9768
-29.5516
-30.134
-31.2297
-31.8349
-32.4484
-33.0705
-33.7014
-34.3414
-35.5473
-36.2146
-36.892
-37.5801
-38.2792
-38.9899
-40.3335
-41.0802
-41.8411
-42.6174
-43.4106
-44.2214
-45.7733
-46.6476
-47.5498
-48.4832
-49.4505
-50.4577
-52.4301
-53.5678
-54.7559
-55.997
-57.2904
-58.636
-61.2508
-62.7354
-64.265
-65.8395
-67.4573
-69.1187
-72.2995
-74.0876
-75.9219
-77.8057
-79.7412
-81.73
-85.5545
-87.7143
-89.9429
-92.2442
-94.6218
-97.0819
-101.861
-104.591
-107.429
-110.386
-113.469
-116.688
-123.032
-126.712
-130.581
-134.663
-138.973
-143.538
-152.732
-158.194
-164.033
-170.31
-177.085
-184.448
-199.717
-209.088
-219.306
-230.466
-242.671
-255.919
-283.156
-299.484
-316.817
-334.962
-354.059
-373.579
-409.233
-427.347
-443.354
-456.569
-466.066
-471.473
-469.011
-460.268
-446.405
-427.078
-402.427
-372.059
-302.952
-258.944
-211.395
-161.403
-109.447
-56.4546
42.1618
95.0942
146.972
197.068
244.421
288.351
357.653
387.85
412.621
431.878
445.866
454.476
457.319
452.137
442.722
429.813
414.293
396.543
361.83
342.943
324.694
307.133
290.582
275.104
249.216
236.685
225.114
214.475
204.698
195.721
180.908
173.743
167.077
160.87
155.071
149.639
140.438
135.859
131.521
127.412
123.507
119.79
113.38
110.124
107.002
104.009
101.135
98.369
93.5262
91.0336
88.6241
86.2932
84.036
81.8504
77.9896
75.9879
74.0473
72.1669
70.3469
68.5874
65.5029
63.9216
62.4063
60.9563
59.5707
58.2476
55.9603
54.7982
53.682
52.609
51.5737
50.5719
48.8009
47.8778
46.9773
46.0976
45.2363
44.3931
42.8794
42.0806
41.2958
40.5246
39.7662
39.0201
37.6741
36.9608
36.2583
35.5662
34.8844
34.2124
32.997
32.3515
31.715
31.0872
30.4681
29.8574
28.7523
28.1656
27.5873
27.0176
26.4573
25.9063
24.9165
24.3967
23.8894
23.3953
22.9163
22.4528
21.6395
21.2224
20.821
20.434
20.0612
19.7008
19.0637
18.7319
18.4078
18.0906
17.7798
17.4748
16.9247
16.6334
16.3464
16.0631
15.7839
15.5085
15.0091
14.7435
14.4812
14.2218
13.9658
13.713
13.2538
13.0094
12.7679
12.5289
12.2929
12.0597
11.6361
11.4105
11.1877
10.9672
10.7498
10.5352
10.1465
9.94044
9.73784
9.53871
9.34378
9.15321
8.81404
8.63796
8.46768
8.30301
8.14422
7.99106
7.72178
7.58258
7.4474
7.31564
7.18729
7.06163
6.83599
6.71679
6.59948
6.48374
6.36973
6.25721
6.05311
5.9445
5.83715
5.73092
5.62599
5.52224
5.33354
5.23295
5.13342
5.03483
4.9374
4.84097
4.66547
4.57187
4.47923
4.38747
4.29677
4.20707
4.04406
3.95734
3.87175
3.78728
3.70421
3.62257
3.47587
3.39891
3.32376
3.25043
3.17924
3.00572
2.68256
2.53501
2.40238
2.28195
2.17257
2.07241
1.90624
1.82522
1.74949
1.6785
1.61231
1.54986
1.44299
1.3901
1.33997
1.29179
1.2458
1.20173
1.12682
1.08846
1.05159
1.01616
0.982469
0.950294
