-2.7817
-3.37423
-4.12367
-4.95061
-5.86586
-6.88764
-8.28647
-10.1677
-12.2628
-14.5887
-17.1842
-20.5986
-25.4929
-31.039
-37.2916
-44.4371
-53.7579
-68.4308
-87.0771
-111.975
-149.73
-225.697
-413.411
-467.274
-7.01392
451.49
397.145
221.062
147.309
108.731
83.337
64.38
51.7998
43.2737
36.0148
29.6558
24.0081
19.686
16.6946
14.0587
11.686
9.54093
7.78775
6.58326
5.52449
4.56048
3.67733
2.65283
1.66286
1.15367
-2.7828
-3.37257
-3.37589
-4.12181
-4.12552
-4.94857
-4.95265
-5.8636
-5.86812
-6.88501
-6.89026
-8.28241
-8.29054
-10.163
-10.1724
-12.2576
-12.2679
-14.583
-14.5945
-17.1776
-17.1907
-20.5884
-20.6088
-25.4806
-25.5052
-31.0252
-31.0528
-37.276
-37.3072
-44.4189
-44.4553
-53.7296
-53.7862
-68.3919
-68.4699
-87.0275
-87.1268
-111.906
-112.045
-149.615
-149.846
-225.417
-225.978
-412.85
-413.971
-467.76
-466.784
-8.35987
-5.66791
450.998
451.979
397.698
396.592
221.322
220.804
147.427
147.192
108.802
108.66
83.3878
83.2863
64.4182
64.3419
51.8222
51.7774
43.292
43.2555
36.0307
35.9988
29.6698
29.6417
24.0204
23.9958
19.6939
19.6782
16.7011
16.688
14.0646
14.0528
11.6913
11.6807
9.54571
9.53615
7.79098
7.78451
6.58586
6.58065
5.52687
5.52211
4.56265
4.55831
3.67931
3.67536
2.65644
2.64924
1.66442
1.6613
1.15459
-2.79473
-3.35478
-3.3938
-4.1019
-4.14549
-4.92666
-4.97462
-5.83935
-5.89246
-6.85696
-6.9186
-8.23893
-8.33449
-10.1129
-10.2227
-12.2021
-12.3237
-14.5211
-14.6566
-17.1077
-17.2612
-20.4793
-20.7186
-25.3483
-25.638
-30.8774
-31.2011
-37.1081
-37.4757
-44.2241
-44.6512
-53.4279
-54.0929
-67.9734
-68.8902
-86.496
-87.6623
-111.16
-112.797
-148.387
-151.098
-222.444
-229.035
-406.808
-419.973
-472.714
-461.253
-22.825
8.80551
445.481
457.006
403.583
390.591
224.151
218.066
148.7
145.935
109.571
107.9
83.9351
82.7427
64.8313
63.9346
52.0646
51.5378
43.4889
43.0595
36.2022
35.828
29.8214
29.4906
24.1531
23.864
19.7792
19.5941
16.7715
16.6179
14.128
13.9897
11.7483
11.6239
9.59725
9.48493
7.82596
7.74993
6.61393
6.55269
5.55244
5.49662
4.58597
4.53505
3.70059
3.65415
2.69572
2.61125
1.68129
1.64467
1.16456
-2.84185
-2.91844
-3.00147
-3.09034
-3.1862
-3.28644
-3.46386
-3.57248
-3.68306
-3.79559
-3.90897
-4.02447
-4.22335
-4.34337
-4.46476
-4.58889
-4.71445
-4.84174
-5.0608
-5.19346
-5.32776
-5.46539
-5.60435
-5.74558
-5.98793
-6.135
-6.28406
-6.43604
-6.59076
-6.74983
-7.03012
-7.20833
-7.39859
-7.60647
-7.82985
-8.07199
-8.5081
-8.77936
-9.05693
-9.34
-9.62695
-9.91952
-10.4214
-10.7252
-11.0335
-11.3453
-11.6635
-11.9867
-12.5425
-12.879
-13.2211
-13.5675
-13.9216
-14.2815
-14.8993
-15.274
-15.6548
-16.0412
-16.4358
-16.8377
-17.5395
-17.9781
-18.442
-18.9363
-19.4796
-20.0659
-21.159
-21.8538
-22.5744
-23.3137
-24.0661
-24.8361
-26.1553
-26.9602
-27.7764
-28.6056
-29.4444
-30.3038
-31.7848
-32.6852
-33.6016
-34.5359
-35.4864
-36.4565
-38.1379
-39.1609
-40.2056
-41.2704
-42.3604
-43.4764
-45.424
-46.6344
-47.9049
-49.2566
-50.7031
-52.3016
-55.3301
-57.3336
-59.4508
-61.6746
-63.9775
-66.366
-70.5503
-73.1438
-75.82
-78.5955
-81.4778
-84.4558
-89.7697
-93.1168
-96.6232
-100.31
-104.195
-108.298
-115.772
-120.597
-125.764
-131.364
-137.305
-143.795
-156.162
-164.568
-174.017
-184.927
-197.255
-211.705
-241.846
-263.854
-288.878
-317.809
-348.982
-383.471
-442.823
-473.077
-496.144
-506.076
-502.541
-488.308
-436.632
-385
-320.738
-244.969
-163.207
-78.6573
64.9411
149.056
230.722
306.381
370.545
420.643
473.222
487.173
488.276
479.877
456.143
425.617
367.651
334.544
305.282
278.708
255.836
235.813
208.012
194.306
182.321
171.924
162.472
153.812
141.26
134.631
128.568
122.9
117.568
112.636
105.063
100.866
96.8708
93.1266
89.5241
86.101
80.6654
77.6034
74.6588
71.8229
69.0947
66.4815
62.3804
60.1557
58.1294
56.2709
54.588
53.0334
50.6195
49.2686
47.9642
46.6991
45.4667
44.2598
42.3012
41.1706
40.0601
38.9761
37.9111
36.8739
35.1685
34.1788
33.2112
32.2613
31.3319
30.4153
28.9075
28.0327
27.17
26.3241
25.4925
24.6774
23.3565
22.6147
21.9102
21.2657
20.6659
20.1182
19.2741
18.8052
18.3509
17.9062
17.475
17.0497
16.3488
15.9422
15.5417
15.1445
14.7579
14.3757
13.746
13.3797
13.0189
12.6639
12.3152
11.9715
11.4039
11.0736
10.7475
10.4264
10.1101
9.79866
9.28761
8.99515
8.71416
8.44487
8.19827
7.9672
7.6184
7.42721
7.24404
7.06562
6.89425
6.72295
6.44417
6.2815
6.12077
5.96238
5.80626
5.6523
5.39812
5.24983
5.10365
4.9597
4.81733
4.67721
4.445
4.30975
4.17564
4.04339
3.91284
3.78419
3.57231
3.45025
3.33297
3.22247
3.12137
2.85995
2.47356
2.28987
2.13024
1.9891
1.86324
1.74936
1.58229
1.49378
1.41214
1.33827
1.26877
1.20427
