-2.43276
-2.6675
-2.93713
-3.28659
-3.6929
-4.12552
-4.58175
-5.06474
-5.57625
-6.11815
-6.69466
-7.34745
-8.20182
-9.22595
-10.3262
-11.4893
-12.7236
-14.0336
-15.424
-16.9054
-18.563
-20.7161
-23.3947
-26.3105
-29.4151
-32.7316
-36.2812
-40.1058
-44.2467
-48.9293
-55.0383
-63.0923
-72.3706
-82.8743
-95.0663
-109.739
-128.033
-152.311
-187.962
-249.429
-353.251
-478.801
-488.632
-315.578
-7.01392
301.208
473.499
462.016
338.607
242.709
185.458
149.927
125.225
106.502
91.5155
79.0435
68.313
59.3637
52.8065
47.6624
43.0822
38.8767
34.9902
31.3791
28.0019
24.8347
21.9821
19.7772
18.0197
16.4171
14.9112
13.4927
12.1567
10.8949
9.70138
8.60409
7.72043
7.02153
6.38795
5.78835
5.22046
4.68136
4.16805
3.67931
3.23174
2.47387
1.89137
1.5062
1.22764
1.01416
-2.4337
-2.66648
-2.66853
-2.93585
-2.93841
-3.28509
-3.28808
-3.69114
-3.69466
-4.12367
-4.12738
-4.57971
-4.58379
-5.06266
-5.06681
-5.57406
-5.57844
-6.11583
-6.12048
-6.69216
-6.69716
-7.34446
-7.35044
-8.19783
-8.20582
-9.22149
-9.23041
-10.3215
-10.3309
-11.4843
-11.4943
-12.7183
-12.7289
-14.0279
-14.0392
-15.4181
-15.43
-16.899
-16.9117
-18.5554
-18.5706
-20.7058
-20.7263
-23.383
-23.4065
-26.298
-26.323
-29.4024
-29.4278
-32.7174
-32.7459
-36.2658
-36.2965
-40.0884
-40.1232
-44.2286
-44.2648
-48.9075
-48.9511
-55.0079
-55.0686
-63.056
-63.1287
-72.3297
-72.4115
-82.8274
-82.9212
-95.0111
-95.1216
-109.671
-109.807
-127.946
-128.119
-152.192
-152.43
-187.774
-188.151
-249.09
-249.768
-352.754
-353.748
-478.405
-479.194
-488.982
-488.279
-316.708
-314.447
-8.35987
-5.66791
300.07
302.343
473.197
473.798
462.421
461.608
339.07
338.143
243.016
242.402
185.641
185.276
150.047
149.807
125.313
125.136
106.564
106.434
91.5719
91.4591
79.0916
78.9954
68.3544
68.2715
59.3958
59.3317
52.831
52.7819
47.6824
47.6424
43.1004
43.064
38.8935
38.8598
35.0058
34.9747
31.3936
31.3646
28.0156
27.9883
24.8474
24.8219
21.9929
21.9712
19.7852
19.7692
18.0266
18.0128
16.4235
16.4107
14.9173
14.9051
13.4985
13.487
12.1621
12.1513
10.9
10.8898
9.70621
9.69656
8.60834
8.59984
7.72361
7.71726
7.02426
7.01881
6.39051
6.38538
5.7909
5.7858
5.22276
5.21816
4.68354
4.67917
4.17017
4.16592
3.68129
3.67733
3.23342
3.23007
2.47698
2.47076
1.8933
1.88944
1.50755
1.50485
1.22865
1.22664
1.01496
-2.44131
-2.65795
-2.67672
-2.92569
-2.94871
-3.2723
-3.30105
-3.67709
-3.70872
-4.10884
-4.14224
-4.56395
-4.59945
-5.04612
-5.08339
-5.55656
-5.59604
-6.09712
-6.13907
-6.67223
-6.71723
-7.32037
-7.3755
-8.16599
-8.23792
-9.18584
-9.26616
-10.2826
-10.3688
-11.4444
-11.5343
-12.6761
-12.7713
-13.983
-14.0842
-15.3704
-15.4778
-16.8479
-16.9647
-18.4951
-18.6317
-20.6241
-20.8084
-23.2884
-23.5008
-26.1978
-26.4234
-29.297
-29.535
-32.6033
-32.8603
-36.1433
-36.4194
-39.956
-40.2566
-44.0842
-44.4098
-48.7343
-49.1252
-54.7707
-55.3122
-62.7661
-63.42
-72.0021
-72.7404
-82.4534
-83.2973
-94.5705
-95.5654
-109.133
-110.353
-127.258
-128.815
-151.245
-153.392
-186.28
-189.673
-246.405
-252.512
-348.582
-357.989
-475.122
-482.224
-491.627
-486.216
-325.673
-305.313
-19.1253
5.10234
290.95
311.114
470.686
476.1
465.553
458.233
342.919
334.174
245.493
239.967
187.116
183.825
151.015
148.849
126.025
124.432
107.078
105.885
92.0244
91.0097
79.4774
78.6117
68.688
67.9414
59.6542
59.0772
53.0196
52.5955
47.8424
47.4828
43.2463
42.9186
39.028
38.725
35.1308
34.8501
31.51
31.2476
28.1235
27.8792
24.9495
24.7204
22.0798
21.8886
19.8495
19.7058
18.0818
17.9578
16.4734
16.3591
14.966
14.8565
13.5444
13.4398
12.2054
12.1081
10.941
10.8489
9.74489
9.65872
8.64251
8.566
7.74913
7.69197
7.04589
6.99704
6.41105
6.36484
5.81051
5.76665
5.24119
5.19975
4.70103
4.66172
4.18693
4.14922
3.69712
3.66154
3.24691
3.21695
2.50218
2.44616
1.90885
1.87413
1.51841
1.49411
1.23678
1.21876
1.0214
-2.46457
-2.49752
-2.53109
-2.56473
-2.59881
-2.63342
-2.70213
-2.73853
-2.77587
-2.81415
-2.85373
-2.89504
-2.98097
-3.02751
-3.07598
-3.12708
-3.17925
-3.23328
-3.34128
-3.39865
-3.45644
-3.51505
-3.57438
-3.63437
-3.75198
-3.81343
-3.87517
-3.93708
-3.99986
-4.06352
-4.18782
-4.25246
-4.31776
-4.38336
-4.44931
-4.51619
-4.64763
-4.71614
-4.7851
-4.85462
-4.92483
-4.99556
-5.13444
-5.2068
-5.28004
-5.35327
-5.42766
-5.50304
-5.65027
-5.72703
-5.80437
-5.88238
-5.9611
-6.04036
-6.19635
-6.2774
-6.35982
-6.44256
-6.5264
-6.6115
-6.77845
-6.86828
-6.95859
-7.05256
-7.14895
-7.24794
-7.45303
-7.56681
-7.68361
-7.80692
-7.93552
-8.06832
-8.33777
-8.48078
-8.62731
-8.77526
-8.9252
-9.07701
-9.37581
-9.53184
-9.68939
-9.84788
-10.0064
-10.1675
-10.4853
-10.6503
-10.8165
-10.9843
-11.1527
-11.3221
-11.6575
-11.8327
-12.009
-12.1869
-12.3657
-12.5469
-12.902
-13.0872
-13.2742
-13.4632
-13.652
-13.8445
-14.2228
-14.4199
-14.6187
-14.819
-15.0207
-15.225
-15.6256
-15.8345
-16.0449
-16.2589
-16.4739
-16.6917
-17.1227
-17.3476
-17.5808
-17.8173
-18.0604
-18.3128
-18.8218
-19.1067
-19.4046
-19.7126
-20.0366
-20.3752
-21.0684
-21.4393
-21.8198
-22.2089
-22.6026
-23.0022
-23.792
-24.204
-24.6216
-25.0431
-25.4664
-25.8915
-26.7341
-27.1755
-27.6198
-28.0658
-28.5158
-28.9719
-29.8653
-30.3339
-30.8082
-31.2847
-31.7679
-32.2542
-33.2126
-33.7138
-34.2206
-34.7319
-35.2495
-35.769
-36.8015
-37.3405
-37.886
-38.4366
-38.9929
-39.5551
-40.6647
-41.2453
-41.8357
-42.4296
-43.0345
-43.6445
-44.8579
-45.4992
-46.1522
-46.8207
-47.5099
-48.2146
-49.6626
-50.4522
-51.2876
-52.1674
-53.0858
-54.0559
-56.068
-57.1684
-58.2995
-59.4637
-60.6625
-61.8842
-64.323
-65.6163
-66.9282
-68.2668
-69.6254
-71.0074
-73.7593
-75.2152
-76.6943
-78.2073
-79.7461
-81.3199
-84.4618
-86.1456
-87.8604
-89.6005
-91.396
-93.2358
-96.9416
-98.9306
-100.973
-103.077
-105.246
-107.478
-112.048
-114.466
-117.006
-119.629
-122.352
-125.187
-131.055
-134.173
-137.499
-140.959
-144.594
-148.411
-156.407
-160.889
-165.62
-170.677
-176.093
-181.887
-194.488
-201.825
-209.853
-218.557
-228.068
-238.461
-261.494
-274.254
-288.152
-303.298
-319.02
-336.054
-371.28
-391.503
-409.881
-430.175
-447.651
-465.695
-490.946
-500.459
-505.996
-505.734
-503.217
-498.058
-476.572
-460.238
-440.309
-414.891
-384.887
-351.766
-276.419
-233.833
-189.38
-144.252
-98.1335
-52.1262
38.1405
84.4051
130.353
175.396
219.413
262.126
337.103
370.432
399.273
424.212
444.476
460.985
482.113
487.757
489.573
487.443
482.42
473.945
448.02
430.757
412.448
393.651
374.713
355.762
322.292
307.002
291.639
278.023
265.24
253.846
232.725
223.254
214.538
206.357
198.941
191.793
179.53
173.795
168.605
163.53
158.609
154.062
145.96
142.07
138.367
134.827
131.433
128.243
122.253
119.36
116.576
113.893
111.309
108.805
104.224
101.939
99.7235
97.5698
95.462
93.4292
89.6458
87.7665
85.9274
84.1376
82.3842
80.6715
77.4487
75.839
74.2608
72.7155
71.2042
69.719
66.94
65.5587
64.2197
62.9228
61.6688
60.4678
58.3119
57.2653
56.2814
55.3519
54.4582
53.6068
52.0354
51.2648
50.5087
49.7691
49.0485
48.34
46.9952
46.3187
45.65
44.986
44.3353
43.6965
42.4734
41.8539
41.242
40.6346
40.035
39.4447
38.3137
37.741
37.1777
36.6174
36.0645
35.516
34.4698
33.9356
33.4101
32.8907
32.3756
31.8685
30.8938
30.3981
29.9067
29.42
28.9382
28.4604
27.5462
27.0802
26.6203
26.1629
25.7111
25.2645
24.4082
23.9816
23.558
23.1465
22.7446
22.3519
21.6339
21.2898
20.9554
20.6385
20.337
20.0469
19.5147
19.2512
18.9957
18.7435
18.4957
18.2525
17.7886
17.5536
17.3212
17.0901
16.8592
16.6329
16.2018
15.9811
15.7622
15.5453
15.3294
15.1152
14.7068
14.4997
14.293
14.0893
13.8864
13.686
13.3011
13.1053
12.9112
12.7188
12.5277
12.3386
11.976
11.7914
11.6084
11.4264
11.2459
11.0674
10.7243
10.5493
10.3755
10.2038
10.0331
9.86401
9.54069
9.37579
9.21512
9.05589
8.9001
8.74864
8.46326
8.32634
8.19474
8.06681
7.94471
7.82858
7.61546
7.51036
7.40829
7.30839
7.21039
7.11384
6.93083
6.83737
6.74476
6.65442
6.564
6.47407
6.30215
6.21458
6.1275
6.04116
5.9552
5.87041
5.70734
5.62411
5.54184
5.45984
5.37869
5.29801
5.14333
5.06446
4.98648
4.90864
4.83142
4.75489
4.60815
4.5331
4.45873
4.38482
4.31156
4.23841
4.09833
4.02709
3.95586
3.88523
3.81532
3.74605
3.61331
3.54614
3.47981
3.41468
3.35124
3.28924
3.17694
3.12293
2.99074
2.84171
2.70646
2.5831
2.37358
2.27811
2.18966
2.10723
2.02996
1.95735
1.82834
1.76688
1.70919
1.65463
1.60233
1.55239
1.46178
1.41795
1.37677
1.33749
1.29924
1.26222
1.19499
1.16233
1.13069
1.09998
1.07024
1.04152
