-1.82863
-2.08579
-2.36385
-2.67073
-3.03437
-3.48955
-4.01447
-4.58754
-5.20848
-5.88359
-6.62842
-7.501
-8.60692
-9.91959
-11.3669
-12.9405
-14.6556
-16.5464
-18.7342
-21.5127
-24.9194
-28.7415
-32.9425
-37.5827
-42.7843
-48.8859
-56.8053
-67.192
-79.8322
-95.2407
-114.942
-142.01
-183.537
-257.147
-379.425
-472.472
-347.349
-7.22599
332.868
458.161
367.48
250.375
180.021
138.906
111.614
91.6605
76.0793
63.6714
54.3795
47.3535
41.4612
36.261
31.5858
27.3508
23.5806
20.4987
18.0786
15.9938
14.1048
12.3719
10.7774
9.32815
8.09928
7.12436
6.29004
5.53097
4.82908
4.17747
3.57903
2.86581
1.98324
1.48109
1.14522
0.902419
0.72052
-1.82945
-2.08491
-2.08667
-2.36289
-2.3648
-2.66965
-2.6718
-3.03303
-3.03571
-3.48793
-3.49118
-4.01267
-4.01628
-4.58558
-4.5895
-5.20635
-5.2106
-5.88128
-5.88591
-6.62582
-6.63103
-7.49779
-7.50421
-8.60289
-8.61095
-9.91504
-9.92414
-11.3619
-11.3718
-12.9351
-12.9459
-14.6497
-14.6615
-16.5398
-16.553
-18.7262
-18.7421
-21.5024
-21.523
-24.9074
-24.9313
-28.7284
-28.7547
-32.928
-32.957
-37.5667
-37.5988
-42.766
-42.8025
-48.8636
-48.9083
-56.7752
-56.8354
-67.1542
-67.2298
-79.7867
-79.8777
-95.1842
-95.2972
-114.868
-115.017
-141.904
-142.117
-183.361
-183.712
-256.826
-257.469
-378.971
-379.879
-472.456
-472.486
-348.192
-346.504
-8.46888
-5.98315
332.015
333.719
458.176
458.144
367.918
367.042
250.679
250.072
180.192
179.85
139.014
138.799
111.69
111.539
91.7178
91.6033
76.125
76.0335
63.707
63.6358
54.4055
54.3535
47.3743
47.3326
41.4793
41.4432
36.2772
36.2449
31.6004
31.5712
27.3641
27.3376
23.592
23.5692
20.5076
20.4899
18.0859
18.0714
16.0003
15.9873
14.1108
14.0989
12.3774
12.3665
10.7824
10.7724
9.33262
9.3237
8.10286
8.0957
7.12728
7.12145
6.29265
6.28745
5.53336
5.52858
4.8313
4.82686
4.17953
4.17541
3.58088
3.57717
2.86996
2.86167
1.98531
1.98117
1.48241
1.47976
1.14613
1.14431
0.903092
0.901747
0.721066
-1.83678
-2.07703
-2.09457
-2.35433
-2.37339
-2.65999
-2.68152
-3.02102
-3.04783
-3.47329
-3.50589
-3.99643
-4.03256
-4.56799
-4.60715
-5.18727
-5.22974
-5.86045
-5.90679
-6.60247
-6.65451
-7.46906
-7.53321
-8.56675
-8.64732
-9.87416
-9.96517
-11.3174
-11.4165
-12.8867
-12.9945
-14.5968
-14.7146
-16.4807
-16.6123
-18.6547
-18.8142
-21.4102
-21.6159
-24.8002
-25.039
-28.6102
-28.8733
-32.798
-33.0874
-37.4224
-37.7437
-42.6023
-42.9675
-48.6634
-49.1103
-56.5053
-57.1077
-66.8149
-67.5713
-79.3783
-80.2887
-94.6778
-95.808
-114.202
-115.691
-140.95
-143.086
-181.794
-185.308
-253.962
-260.391
-374.873
-383.955
-472.181
-472.482
-355.667
-338.781
-19.5745
5.20059
324.232
341.204
458.126
457.906
371.848
363.084
253.443
247.368
181.745
178.323
139.985
137.842
112.371
110.866
92.2354
91.0904
76.5381
75.6236
64.0295
63.3169
54.6405
54.1208
47.5623
47.1459
41.6425
41.2808
36.4228
36.0998
31.7321
31.44
27.4832
27.2189
23.695
23.467
20.5876
20.4107
18.1514
18.0061
16.0588
15.929
14.1643
14.0456
12.4266
12.3174
10.8276
10.7273
9.37288
9.28365
8.1352
8.06366
7.15355
7.09531
6.31609
6.26408
5.55494
5.50706
4.85131
4.8069
4.19809
4.1569
3.59763
3.56051
2.90784
2.82496
2.00418
1.96271
1.4944
1.46794
1.15441
1.13616
0.909187
0.895732
0.725988
-1.86182
-1.89871
-1.936
-1.97372
-2.01184
-2.05037
-2.12157
-2.16134
-2.2016
-2.24238
-2.28362
-2.32539
-2.40279
-2.44622
-2.49032
-2.53522
-2.58089
-2.62748
-2.71495
-2.7648
-2.81615
-2.86923
-2.92408
-2.98086
-3.08971
-3.15251
-3.21746
-3.28454
-3.35339
-3.42399
-3.55631
-3.631
-3.70695
-3.78413
-3.86231
-3.94155
-4.08824
-4.17031
-4.25334
-4.33744
-4.42245
-4.50846
-4.66747
-4.75636
-4.8463
-4.93741
-5.02951
-5.12272
-5.29518
-5.39165
-5.48932
-5.58834
-5.68854
-5.79008
-5.97829
-6.08385
-6.19105
-6.30008
-6.41091
-6.52375
-6.73515
-6.8553
-6.97873
-7.10593
-7.2372
-7.37305
-7.63347
-7.78448
-7.94125
-8.10399
-8.27199
-8.44523
-8.77233
-8.95808
-9.14758
-9.34075
-9.53691
-9.73603
-10.1054
-10.3124
-10.522
-10.7344
-10.9493
-11.1668
-11.5692
-11.7943
-12.0221
-12.253
-12.4865
-12.7229
-13.1606
-13.4055
-13.6536
-13.9052
-14.1598
-14.4179
-14.8963
-15.1647
-15.4371
-15.7141
-15.9952
-16.2814
-16.8161
-17.119
-17.4292
-17.7484
-18.0765
-18.4155
-19.0637
-19.4398
-19.8314
-20.239
-20.6621
-21.1006
-21.9361
-22.4142
-22.9044
-23.4061
-23.9174
-24.4382
-25.4075
-25.9523
-26.5048
-27.0661
-27.6345
-28.2109
-29.2787
-29.8779
-30.4851
-31.1011
-31.7256
-32.359
-33.5337
-34.1935
-34.8634
-35.5435
-36.234
-36.9355
-38.2398
-38.9747
-39.7224
-40.4838
-41.2596
-42.0509
-43.5331
-44.3754
-45.2406
-46.1297
-47.0465
-47.9945
-49.8095
-50.8672
-51.9723
-53.1291
-54.3394
-55.6055
-58.0506
-59.474
-60.95
-62.4771
-64.053
-65.6763
-68.7461
-70.5009
-72.3028
-74.1542
-76.0549
-78.0086
-81.7029
-83.8197
-86.0036
-88.254
-90.58
-92.9836
-97.5721
-100.23
-102.992
-105.864
-108.857
-111.982
-118.029
-121.584
-125.319
-129.252
-133.402
-137.792
-146.469
-151.689
-157.274
-163.254
-169.694
-176.663
-190.934
-199.803
-209.523
-220.155
-231.801
-244.573
-270.658
-286.611
-303.791
-321.944
-341.031
-360.984
-397.696
-417.239
-435.024
-450.302
-462.264
-469.675
-471.021
-464.053
-451.571
-433.353
-409.418
-379.437
-310.868
-266.102
-217.335
-165.844
-112.193
-57.379
43.0839
97.8327
151.387
203.006
251.553
296.317
364.945
394.824
418.853
437.108
449.601
456.562
455.595
448.288
436.625
421.701
404.386
385.216
349.646
330.515
312.068
294.68
278.391
263.194
238.48
226.384
215.285
205.114
195.804
187.236
173.33
166.471
160.101
154.156
148.596
143.377
134.672
130.252
126.072
122.1
118.328
114.737
108.619
105.456
102.425
99.5143
96.7163
94.0232
89.3734
86.9382
84.5826
82.3046
80.0986
77.9623
74.2503
72.2992
70.4127
68.5906
66.8353
65.1464
62.2549
60.7625
59.339
57.9819
56.6893
55.4534
53.344
52.2472
51.189
50.1654
49.173
48.2086
46.5179
45.618
44.7377
43.8757
43.0307
42.2015
40.7332
39.9451
39.1703
38.4085
37.6589
36.9212
35.61
34.904
34.2085
33.5231
32.8479
32.1823
30.997
30.3578
29.7276
29.1063
28.4942
27.891
26.8186
26.2423
25.6767
25.1215
24.5791
24.0496
23.1242
22.6378
22.1684
21.7162
21.2818
20.8644
20.1456
19.7701
19.4069
19.0539
18.7111
18.3763
17.7862
17.4706
17.1605
16.8551
16.5549
16.2591
15.732
15.4477
15.1673
14.8902
14.6169
14.3472
13.8653
13.6049
13.3478
13.0935
12.8426
12.5947
12.1515
11.912
11.6753
11.4412
11.2103
10.9822
10.575
10.3554
10.139
9.92576
9.71646
9.51113
9.14907
8.95706
8.77044
8.58963
8.41519
8.24702
7.95649
7.80478
7.65818
7.51604
7.37801
7.24373
7.00727
6.88099
6.75693
6.63476
6.51466
6.39628
6.18508
6.0711
5.95853
5.84717
5.73728
5.62865
5.43427
5.32909
5.22507
5.12207
5.02031
4.91967
4.73938
4.64174
4.54515
4.4495
4.35499
4.26152
4.09431
4.00393
3.91475
3.82672
3.74014
3.65503
3.50443
3.42413
3.34579
3.26934
3.19515
3.0433
2.7073
2.55218
2.41328
2.28795
2.17438
2.07074
1.90187
1.81846
1.74061
1.66784
1.60012
1.5362
1.42873
1.37509
1.32383
1.27476
1.22788
1.18337
1.10864
1.06969
1.03233
0.996649
0.962716
0.9304
0.875956
0.84803
0.820767
0.794137
0.7682
0.742926
