-2.43074
-2.72198
-3.07129
-3.51127
-4.00986
-4.5478
-5.12584
-5.74871
-6.42378
-7.18512
-8.14128
-9.32388
-10.6363
-12.0528
-13.5819
-15.2362
-17.0443
-19.1617
-21.9034
-25.1902
-28.8064
-32.7359
-37.0345
-41.7657
-47.1451
-53.8848
-62.9087
-73.8767
-86.7959
-102.506
-122.578
-150.239
-193.119
-268.816
-383.822
-447.063
-313.916
-7.06233
299.321
431.922
369.681
259.934
189.407
147.27
119.416
99.0257
83.0665
70.0213
59.5559
51.8594
45.7882
40.4878
35.7174
31.3781
27.3947
23.7916
20.8006
18.4931
16.507
14.6967
13.0229
11.4707
10.0309
8.73617
7.68699
6.84455
6.09151
5.39356
4.74177
4.13048
3.56202
2.93555
2.05995
1.55365
1.21499
-2.43171
-2.72089
-2.72307
-3.06992
-3.07267
-3.5096
-3.51294
-4.00806
-4.01167
-4.54585
-4.54976
-5.12375
-5.12794
-5.74644
-5.75099
-6.42131
-6.42625
-7.18222
-7.18803
-8.13748
-8.14508
-9.31948
-9.32828
-10.6316
-10.6411
-12.0477
-12.0579
-13.5763
-13.5874
-15.2302
-15.2421
-17.0375
-17.051
-19.1534
-19.1701
-21.8928
-21.9139
-25.1783
-25.2022
-28.7933
-28.8195
-32.7216
-32.7503
-37.0187
-37.0503
-41.7483
-41.7832
-47.1248
-47.1653
-53.8575
-53.9122
-62.8734
-62.9439
-73.8353
-73.9183
-86.7462
-86.8457
-102.445
-102.567
-122.497
-122.659
-150.123
-150.355
-192.926
-193.312
-268.472
-269.161
-383.403
-384.24
-447.124
-447.001
-314.762
-313.069
-8.24263
-5.88183
298.466
300.174
431.841
432
370.089
369.274
260.297
259.574
189.594
189.22
147.385
147.156
119.498
119.334
99.0884
98.9632
83.117
83.0163
70.0626
69.9799
59.5874
59.5244
51.8827
51.8361
45.8079
45.7684
40.5053
40.4703
35.7333
35.7016
31.3927
31.3636
27.408
27.3814
23.8032
23.7799
20.8097
20.7915
18.5004
18.4856
16.5136
16.5004
14.7028
14.6907
13.0286
13.0173
11.4759
11.4655
10.0357
10.026
8.74033
8.73201
7.69021
7.68378
6.84732
6.84179
6.09404
6.08898
5.39592
5.39121
4.74397
4.73956
4.13255
4.12841
3.56391
3.56012
2.93981
2.9313
2.06216
2.05774
1.55507
1.55224
1.21599
-2.44017
-2.71141
-2.7326
-3.05791
-3.08487
-3.49505
-3.52755
-3.99227
-4.02756
-4.5288
-4.56694
-5.10544
-5.14631
-5.7266
-5.77088
-6.39971
-6.44796
-7.15689
-7.21378
-8.1044
-8.1783
-9.28102
-9.36714
-10.5899
-10.6829
-12.0028
-12.1029
-13.5272
-13.636
-15.1771
-15.2943
-16.9788
-17.11
-19.0806
-19.2435
-21.8001
-22.0067
-25.0725
-25.3067
-28.6785
-28.934
-32.596
-32.876
-36.8807
-37.1877
-41.5959
-41.9363
-46.9479
-47.3433
-53.6194
-54.1544
-62.5661
-63.2533
-73.4733
-74.2824
-86.3126
-87.2817
-101.913
-103.104
-121.791
-123.373
-149.119
-151.375
-191.25
-195.021
-265.49
-272.207
-379.544
-387.901
-447.572
-446.247
-322.063
-305.56
-18.5649
4.44839
290.911
306.847
431.048
432.546
373.461
365.699
263.412
256.577
191.251
187.605
148.398
146.097
120.218
118.621
99.6371
98.4251
83.5643
82.5798
70.4256
69.6191
59.8645
59.2507
52.0878
51.6337
45.9809
45.5967
40.659
40.3169
35.8726
35.5627
31.5187
31.2356
27.5248
27.2651
23.9048
23.6772
20.8895
20.7124
18.5639
18.4196
16.5715
16.4427
14.7565
14.6374
13.0785
12.9682
11.5217
11.4199
10.078
9.98385
8.77688
8.69578
7.71845
7.65582
6.87157
6.81781
6.11619
6.06698
5.41657
5.37061
4.76329
4.72027
4.15069
4.11032
3.58059
3.54359
2.97756
2.89456
2.08173
2.0386
1.56752
1.53993
1.22478
-2.46845
-2.50926
-2.55096
-2.59313
-2.6363
-2.68068
-2.76488
-2.81204
-2.86105
-2.91162
-2.96423
-3.01897
-3.12576
-3.18661
-3.24917
-3.31416
-3.37982
-3.44744
-3.57633
-3.64698
-3.71903
-3.79209
-3.86547
-3.94033
-4.08016
-4.15702
-4.23476
-4.3137
-4.39277
-4.47296
-4.62388
-4.70595
-4.78935
-4.87377
-4.95917
-5.04536
-5.20718
-5.29647
-5.38628
-5.47736
-5.56886
-5.66174
-5.8366
-5.93326
-6.02987
-6.12814
-6.2277
-6.32892
-6.52004
-6.62591
-6.73416
-6.84568
-6.9577
-7.07462
-7.29998
-7.42838
-7.56211
-7.70124
-7.84638
-7.99688
-8.28943
-8.4549
-8.6246
-8.79795
-8.97489
-9.15559
-9.49486
-9.68248
-9.87139
-10.0638
-10.2576
-10.453
-10.8215
-11.0248
-11.2285
-11.4357
-11.6442
-11.8553
-12.2521
-12.4704
-12.6909
-12.9139
-13.1392
-13.3672
-13.7972
-14.0333
-14.2705
-14.5115
-14.7558
-15.003
-15.4679
-15.7242
-15.9834
-16.2471
-16.5151
-16.7874
-17.3057
-17.5961
-17.8931
-18.2
-18.516
-18.8455
-19.49
-19.8596
-20.245
-20.646
-21.0621
-21.4918
-22.3199
-22.7835
-23.2574
-23.7388
-24.2276
-24.7235
-25.6589
-26.1756
-26.6957
-27.2233
-27.7574
-28.2986
-29.3164
-29.8765
-30.4435
-31.0166
-31.5964
-32.1843
-33.2931
-33.9031
-34.5212
-35.1476
-35.7849
-36.4282
-37.6427
-38.3125
-38.9933
-39.6838
-40.3878
-41.0962
-42.4464
-43.1952
-43.9588
-44.7396
-45.5397
-46.3613
-47.9446
-48.8471
-49.7796
-50.7572
-51.779
-52.8494
-54.9664
-56.1869
-57.4595
-58.7804
-60.15
-61.5641
-64.2879
-65.8138
-67.3796
-68.9804
-70.6179
-72.2917
-75.4965
-77.2897
-79.1232
-81.0014
-82.9262
-84.9042
-88.7344
-90.8863
-93.0974
-95.3794
-97.7358
-100.177
-104.913
-107.605
-110.378
-113.293
-116.311
-119.525
-125.762
-129.357
-133.127
-137.159
-141.397
-145.854
-154.867
-160.196
-165.879
-172.019
-178.613
-185.867
-200.738
-210.121
-220.203
-231.223
-243.113
-256.033
-282.521
-298.169
-314.522
-331.956
-349.876
-367.353
-399.119
-414.882
-427.77
-437.166
-444.398
-447.995
-442.047
-431.972
-417
-396.835
-373.76
-343.806
-279.528
-238.763
-195
-148.623
-101.162
-52.3918
38.1978
86.7367
134.272
180.824
224.664
264.91
329.805
359.459
383.667
402.932
417.361
427.071
432.918
429.814
423.012
412.883
399.994
384.846
353.924
336.687
319.654
303.243
287.662
272.998
248.269
236.359
225.334
215.05
205.608
196.837
182.467
175.391
168.908
162.885
157.229
151.768
142.881
138.4
134.154
130.092
126.254
122.637
116.317
113.105
110.031
107.056
104.195
101.466
96.6671
94.1783
91.7944
89.4687
87.2212
85.0365
81.1652
79.1556
77.2004
75.2951
73.4444
71.6412
68.4471
66.7962
65.2052
63.6748
62.2037
60.7977
58.3668
57.1428
55.9774
54.8616
53.8013
52.7731
50.9753
50.0446
49.1426
48.2579
47.3962
46.5529
45.0353
44.2351
43.45
42.6792
41.918
41.1692
39.8157
39.0994
38.3945
37.6968
37.0109
36.3349
35.1076
34.4593
33.8177
33.1834
32.5578
31.9399
30.8186
30.2237
29.6361
29.054
28.4827
27.9122
26.8836
26.3391
25.8028
25.2761
24.7564
24.2491
23.3426
22.8736
22.4188
21.9821
21.5614
21.1588
20.456
20.0969
19.7544
19.4167
19.0919
18.7762
18.2094
17.9111
17.6191
17.329
17.0456
16.7639
16.2533
15.9829
15.7173
15.4519
15.1915
14.9328
14.4632
14.2132
13.9669
13.7219
13.4813
13.2417
12.8073
12.5752
12.3471
12.1193
11.8951
11.6734
11.2708
11.0544
10.8417
10.6312
10.4235
10.2183
9.84583
9.64857
9.45514
9.26515
9.07992
8.89847
8.57799
8.41302
8.25422
8.10162
7.9547
7.81354
7.5653
7.43603
7.31066
7.18864
7.06921
6.95156
6.73873
6.62603
6.51511
6.40534
6.29688
6.18967
5.99476
5.89054
5.78786
5.68609
5.58481
5.48496
5.30291
5.20587
5.10986
5.01474
4.92067
4.82739
4.65725
4.56605
4.47587
4.38663
4.29826
4.21079
4.05086
3.96582
3.88172
3.79844
3.71637
3.63561
3.48985
3.41309
3.33913
3.26712
3.19821
3.10704
2.77898
2.6261
2.48957
2.3655
2.25282
2.14882
1.97727
1.89334
1.81501
1.74217
1.67445
1.60999
1.50013
1.44537
1.39404
1.34574
1.29922
1.25446
