-2.15752
-2.32276
-2.49441
-2.67473
-2.87564
-3.12469
-3.42124
-3.73992
-4.07206
-4.41778
-4.77753
-5.15378
-5.54639
-5.95556
-6.38249
-6.83279
-7.34113
-7.97976
-8.74172
-9.56109
-10.4156
-11.3065
-12.2354
-13.2081
-14.2259
-15.2879
-16.3991
-17.5756
-18.9186
-20.6276
-22.6668
-24.8622
-27.1593
-29.5652
-32.0891
-34.7515
-37.5632
-40.5289
-43.6799
-47.0854
-51.0813
-56.2934
-62.6229
-69.6462
-77.3284
-85.839
-95.4411
-106.51
-119.548
-135.421
-155.468
-182.699
-224.101
-289.944
-385.536
-493.465
-529.78
-457.234
-262.914
-7.03551
248.363
442.598
514.236
475.897
369.787
279.777
219.992
180.69
153.251
132.798
116.555
103.22
91.9106
82.074
73.3341
65.5151
58.8478
53.7429
49.6378
45.9603
42.5458
39.3299
36.3006
33.4401
30.729
28.1503
25.6841
23.3579
21.3063
19.6936
18.35
17.1033
15.9173
14.7808
13.6925
12.6539
11.6593
10.7057
9.78899
8.92005
8.15246
7.54115
7.02177
6.53582
6.06996
5.62195
5.19102
4.77709
4.37798
3.99296
3.622
3.27803
2.74863
2.17507
1.79572
1.51385
1.29355
1.11521
0.965777
0.842281
-2.1584
-2.32186
-2.32366
-2.49345
-2.49537
-2.67372
-2.67575
-2.87445
-2.87683
-3.12317
-3.1262
-3.41958
-3.4229
-3.73814
-3.74169
-4.07021
-4.0739
-4.41587
-4.4197
-4.77554
-4.77953
-5.15174
-5.15582
-5.54421
-5.54856
-5.95329
-5.95782
-6.3801
-6.38488
-6.83024
-6.83535
-7.3381
-7.34416
-7.97588
-7.98365
-8.73739
-8.74605
-9.55653
-9.56566
-10.4109
-10.4204
-11.3016
-11.3115
-12.2302
-12.2405
-13.2027
-13.2135
-14.2202
-14.2316
-15.282
-15.2938
-16.3929
-16.4053
-17.5689
-17.5823
-18.9106
-18.9267
-20.6173
-20.638
-22.6552
-22.6784
-24.85
-24.8744
-27.1465
-27.1721
-29.5518
-29.5786
-32.075
-32.1032
-34.7367
-34.7664
-37.5474
-37.579
-40.5123
-40.5455
-43.6622
-43.6977
-47.0654
-47.1054
-51.0569
-51.1058
-56.2613
-56.3257
-62.5864
-62.6593
-69.6063
-69.686
-77.2845
-77.3723
-85.79
-85.8881
-95.3854
-95.4968
-106.445
-106.575
-119.472
-119.625
-135.326
-135.516
-155.341
-155.595
-182.527
-182.872
-223.816
-224.387
-289.522
-290.365
-384.939
-386.116
-492.966
-493.962
-529.955
-529.6
-457.951
-456.512
-264.238
-261.588
-8.45036
-5.62039
247.036
249.688
441.937
443.254
514.087
514.38
476.378
475.414
370.368
369.206
280.176
279.379
220.262
219.722
180.864
180.517
153.379
153.124
132.896
132.7
116.635
116.476
103.287
103.154
91.9673
91.8539
82.1244
82.0236
73.3791
73.2891
65.5553
65.475
58.8798
58.8159
53.7672
53.7187
49.6586
49.617
45.9795
45.9411
42.5639
42.5278
39.3468
39.3129
36.3168
36.2845
33.4552
33.425
30.7434
30.7147
28.164
28.1365
25.6971
25.671
23.3702
23.3457
21.3162
21.2963
19.7016
19.6857
18.357
18.343
17.1099
17.0967
15.9237
15.9109
14.7868
14.7748
13.6983
13.6867
12.6594
12.6484
11.6646
11.654
10.7108
10.7005
9.79385
9.78412
8.92459
8.91552
8.15619
8.14873
7.54415
7.53816
7.02454
7.019
6.53839
6.53324
6.07245
6.06747
5.62434
5.61957
5.19331
5.18872
4.77931
4.77488
4.3801
4.37585
3.99503
3.9909
3.62397
3.62003
3.27975
3.27631
2.75274
2.74454
2.17749
2.17265
1.79749
1.79395
1.5152
1.51251
1.29462
1.29248
1.1161
1.11433
0.966522
0.965033
0.842895
-2.16481
-2.31532
-2.33028
-2.48652
-2.50233
-2.66643
-2.68313
-2.86585
-2.8855
-3.11231
-3.13721
-3.40747
-3.43506
-3.72529
-3.75458
-4.05699
-4.08727
-4.40201
-4.43357
-4.76107
-4.79404
-5.13676
-5.17086
-5.52843
-5.56441
-5.93698
-5.97428
-6.36293
-6.40224
-6.81179
-6.85393
-7.31618
-7.36628
-7.9478
-8.01184
-8.70634
-8.7775
-9.52345
-9.59871
-10.3765
-10.4548
-11.2659
-11.3473
-12.1928
-12.278
-13.164
-13.2526
-14.1793
-14.2729
-15.2394
-15.3366
-16.3477
-16.4506
-17.5204
-17.6314
-18.8524
-18.9858
-20.5424
-20.7136
-22.5713
-22.7626
-24.7615
-24.9628
-27.054
-27.2649
-29.4551
-29.6759
-31.9731
-32.2068
-34.6294
-34.8741
-37.4331
-37.6936
-40.3923
-40.666
-43.5334
-43.826
-46.923
-47.2514
-50.8812
-51.2845
-56.0317
-56.5606
-62.3228
-62.9241
-69.3182
-69.9754
-76.9676
-77.6921
-85.4353
-86.2446
-94.9827
-95.9027
-105.974
-107.049
-118.919
-120.191
-134.633
-136.208
-154.444
-156.521
-181.284
-184.164
-221.767
-226.478
-286.464
-293.549
-380.631
-390.162
-489.256
-497.47
-531.022
-528.163
-463.052
-451.178
-273.953
-251.936
-18.7047
4.63699
237.418
259.564
437.011
447.874
512.87
515.189
479.911
471.911
374.603
365.018
283.115
276.519
222.228
217.783
182.133
179.267
154.332
152.218
133.608
131.995
117.213
115.909
103.771
102.674
92.3803
91.4432
82.4905
81.6609
73.7069
72.9638
65.8452
65.1852
59.1131
58.5859
53.9437
53.5408
49.808
49.4663
46.1195
45.8022
42.6946
42.3971
39.47
39.1906
36.434
36.1678
33.5648
33.3158
30.8488
30.6106
28.2631
28.0364
25.7918
25.5766
23.4595
23.2575
21.3889
21.2247
19.7595
19.6289
18.4075
18.2922
17.1577
17.0491
15.9702
15.8647
14.8306
14.7312
13.7407
13.6448
12.6994
12.6086
11.703
11.6157
10.748
10.6634
9.82917
9.74888
8.95781
8.88279
8.18344
8.12186
7.56622
7.51653
7.04442
6.99908
6.55707
6.51462
6.09076
6.04947
5.64162
5.60231
5.20995
5.17209
4.79538
4.75885
4.39554
4.36045
4.01015
3.97596
3.63823
3.60592
3.29226
3.26395
2.78307
2.71534
2.19529
2.15521
1.81041
1.78122
1.52502
1.5028
1.30243
1.28473
1.12252
1.10796
0.971944
0.959665
0.84736
-2.182
-2.20477
-2.22779
-2.25102
-2.27418
-2.29761
-2.34804
-2.37197
-2.39573
-2.41972
-2.44397
-2.46814
-2.52079
-2.5455
-2.57056
-2.59573
-2.62115
-2.64707
-2.70317
-2.72999
-2.75712
-2.78512
-2.81371
-2.84316
-2.90914
-2.94175
-2.9754
-3.01032
-3.04644
-3.08368
-3.16699
-3.20723
-3.24806
-3.29003
-3.33206
-3.37501
-3.4679
-3.51228
-3.55638
-3.60099
-3.64609
-3.69105
-3.78892
-3.83479
-3.88118
-3.92777
-3.97442
-4.02155
-4.12313
-4.17114
-4.21891
-4.26759
-4.31599
-4.36488
-4.47081
-4.52064
-4.57091
-4.62117
-4.67177
-4.72277
-4.83323
-4.88488
-4.9371
-4.99003
-5.0427
-5.09622
-5.21134
-5.26572
-5.32066
-5.37554
-5.43089
-5.48634
-5.607
-5.66317
-5.72032
-5.77768
-5.83508
-5.89329
-6.01846
-6.07785
-6.13667
-6.19641
-6.25677
-6.31712
-6.44837
-6.5099
-6.57286
-6.63519
-6.69857
-6.76335
-6.90476
-6.9714
-7.04041
-7.11148
-7.18324
-7.25811
-7.42664
-7.50995
-7.59643
-7.68551
-7.77862
-7.8742
-8.08866
-8.19152
-8.29698
-8.40457
-8.51253
-8.62313
-8.86202
-8.97577
-9.08894
-9.20416
-9.31922
-9.43527
-9.68686
-9.805
-9.9246
-10.0438
-10.164
-10.2859
-10.5477
-10.6701
-10.794
-10.9195
-11.044
-11.1703
-11.4434
-11.572
-11.7017
-11.8313
-11.9622
-12.0935
-12.3791
-12.5127
-12.6481
-12.7848
-12.921
-13.0598
-13.3576
-13.4988
-13.6404
-13.783
-13.9262
-14.0701
-14.3829
-14.5288
-14.6775
-14.8251
-14.9748
-15.1263
-15.452
-15.6047
-15.7587
-15.9144
-16.0712
-16.2285
-16.5698
-16.731
-16.8957
-17.0576
-17.2247
-17.3934
-17.7642
-17.9397
-18.1234
-18.3085
-18.4998
-18.6986
-19.1469
-19.369
-19.6002
-19.8395
-20.0895
-20.3447
-20.9195
-21.1946
-21.4787
-21.7645
-22.0538
-22.3495
-22.9903
-23.2919
-23.5964
-23.9059
-24.2135
-24.5255
-25.2
-25.5171
-25.8381
-26.1584
-26.4824
-26.8089
-27.5155
-27.8453
-28.1807
-28.5186
-28.8551
-29.1974
-29.9368
-30.286
-30.6365
-30.9894
-31.3459
-31.7017
-32.4815
-32.8465
-33.2176
-33.5887
-33.964
-34.3454
-35.1637
-35.5527
-35.9426
-36.3357
-36.7315
-37.1306
-37.997
-38.4051
-38.8197
-39.2321
-39.6525
-40.0747
-40.9924
-41.4219
-41.8579
-42.2999
-42.744
-43.1924
-44.1681
-44.6332
-45.104
-45.5752
-46.0614
-46.5478
-47.6362
-48.157
-48.701
-49.2506
-49.8239
-50.4208
-51.7741
-52.4482
-53.1508
-53.8826
-54.644
-55.4254
-57.1905
-58.04
-58.9161
-59.8011
-60.7075
-61.6267
-63.6414
-64.5964
-65.5678
-66.5526
-67.5451
-68.5523
-70.7538
-71.8006
-72.8628
-73.9349
-75.0245
-76.1268
-78.5495
-79.7021
-80.8745
-82.0623
-83.2721
-84.4988
-87.2049
-88.4981
-89.8171
-91.1582
-92.5207
-93.9161
-96.9996
-98.4822
-99.9931
-101.54
-103.119
-104.731
-108.325
-110.057
-111.837
-113.654
-115.531
-117.446
-121.737
-123.824
-125.966
-128.187
-130.455
-132.809
-138.104
-140.723
-143.42
-146.199
-149.112
-152.118
-159.015
-162.433
-166.056
-169.834
-173.784
-177.988
-187.775
-192.816
-198.104
-203.889
-209.982
-216.48
-232.226
-240.31
-249.038
-258.13
-267.898
-278.322
-302.469
-314.527
-327.058
-340.791
-354.549
-369.288
-401.673
-418.108
-433.626
-449.589
-465.191
-479.218
-505.764
-514.33
-522.184
-527.498
-529.768
-531.779
-526.462
-520.992
-511.91
-502.856
-490.588
-475.685
-435.722
-412.555
-388.559
-360.51
-330.684
-299.278
-226.33
-190.88
-154.773
-118.853
-82.3924
-46.093
32.0294
68.3108
104.451
140.501
176.48
211.716
284.805
316.117
346.404
374.11
398.616
421.656
461.084
476.13
488.015
497.538
505.348
510.565
515.463
513.306
511.278
505.659
497.905
488.882
462.519
447.741
432.646
417.334
401.249
385.772
354.045
340.1
326.879
314.087
302.404
291.229
269.263
259.718
250.993
242.738
234.822
227.497
213.009
206.922
201
195.653
190.526
185.612
175.967
171.755
167.824
164.01
160.372
156.894
149.871
146.798
143.812
140.988
138.225
135.545
130.116
127.723
125.389
123.105
120.926
118.79
114.403
112.437
110.529
108.666
106.835
105.073
101.405
99.7583
98.1422
96.5643
95.0196
93.5021
90.3507
88.9216
87.5262
86.1514
84.8017
83.4754
80.6997
79.4404
78.1985
76.9782
75.774
74.5877
72.1015
70.9733
69.8565
68.7642
67.6826
66.6242
64.4232
63.4387
62.4701
61.5334
60.6289
59.7511
57.9848
57.2114
56.4715
55.7643
55.079
54.4202
53.0782
52.4846
51.8967
51.3265
50.7689
50.2144
49.0624
48.5372
48.0212
47.5049
46.9972
46.4954
45.4332
44.9484
44.4635
43.9874
43.5118
43.0423
42.0476
41.5933
41.1377
40.6868
40.241
39.8002
38.8641
38.4322
38.005
37.5835
37.16
36.7438
35.8596
35.4552
35.05
34.6506
34.256
33.8594
33.0255
32.6403
32.2582
31.8785
31.5022
31.1293
30.334
29.9694
29.604
29.2451
28.8845
28.5278
27.7706
27.4212
27.0756
26.7301
26.3874
26.0484
25.3268
24.9925
24.6619
24.3373
24.0125
23.6958
23.0264
22.7256
22.427
22.1387
21.8591
21.5868
21.037
20.7944
20.5634
20.3392
20.1216
19.9122
19.48
19.2879
19.0954
18.9096
18.7237
18.541
18.1565
17.9809
17.805
17.6306
17.4583
17.2866
16.9229
16.7543
16.5866
16.422
16.2554
16.0919
15.7428
15.5832
15.4221
15.2629
15.1052
14.948
14.615
14.4601
14.3071
14.1547
14.0026
13.8532
13.5333
13.3869
13.2398
13.0952
12.9508
12.8065
12.502
12.3612
12.2212
12.0819
11.9437
11.8068
11.5141
11.3786
11.2441
11.1114
10.978
10.8461
10.565
10.4354
10.3068
10.1784
10.051
9.92432
9.65594
9.5306
9.40778
9.28634
9.16507
9.04688
8.79666
8.68343
8.57217
8.46451
8.35958
8.2576
8.05113
7.95968
7.87235
7.78751
7.70468
7.62549
7.45987
7.38495
7.31117
7.23947
7.16738
7.09666
6.94685
6.87861
6.81007
6.74202
6.67471
6.60738
6.46528
6.39882
6.3334
6.26836
6.20315
6.13895
6.00156
5.93857
5.87507
5.81262
5.75015
5.68792
5.55603
5.49511
5.43474
5.37413
5.31413
5.25487
5.12792
5.06925
5.01085
4.95347
4.8954
4.83804
4.71625
4.65984
4.60376
4.54786
4.49228
4.43722
4.31962
4.26491
4.21084
4.15712
4.10325
4.0502
3.93623
3.88366
3.83145
3.77951
3.72804
3.67653
3.56813
3.51818
3.46912
3.42052
3.37286
3.32653
3.23164
3.1907
3.1539
3.12089
2.99637
2.86896
2.64126
2.54965
2.46544
2.38725
2.31352
2.24456
2.10956
2.05155
1.99634
1.94362
1.89381
1.84564
1.74806
1.70568
1.66533
1.62619
1.58836
1.55173
1.47721
1.44422
1.41221
1.3812
1.35196
1.32354
1.26427
1.23769
1.21222
1.18762
1.16345
1.13988
1.09113
1.0693
1.04792
1.02713
1.00673
0.986681
0.94551
0.927194
0.909415
0.892206
0.875525
0.859361
