-2.20338
-2.40989
-2.63205
-2.88088
-3.17528
-3.51954
-3.8988
-4.30362
-4.73237
-5.18653
-5.6685
-6.18249
-6.7392
-7.36908
-8.12216
-9.00669
-9.98273
-11.0264
-12.1343
-13.3109
-14.5629
-15.903
-17.3624
-19.0289
-21.0399
-23.4115
-26.0361
-28.8569
-31.8726
-35.1053
-38.5882
-42.3772
-46.5976
-51.5602
-57.7309
-65.2309
-73.8919
-83.7866
-95.2698
-108.973
-125.923
-147.898
-178.407
-224.459
-295.31
-389.761
-462.991
-432.008
-264.568
-7.11882
250.327
417.028
448.581
377.036
286.313
219.358
175.053
144.859
122.741
105.587
91.6922
80.0506
70.125
61.8053
55.16
49.8078
45.2062
41.0691
37.2775
33.7689
30.5044
27.461
24.6509
22.1623
20.0901
18.3502
16.7972
15.3601
14.0137
12.7473
11.5543
10.4311
9.38658
8.456
7.67321
7.00578
6.40268
5.83978
5.30864
4.80556
4.32819
3.8765
3.45793
2.94797
2.2166
1.75918
1.435
1.19089
0.997901
0.84563
-2.20429
-2.40892
-2.41085
-2.631
-2.6331
-2.87966
-2.88209
-3.17383
-3.17673
-3.5179
-3.52119
-3.89702
-3.90057
-4.30173
-4.3055
-4.73038
-4.73437
-5.18442
-5.18865
-5.66625
-5.67075
-6.18008
-6.1849
-6.73655
-6.74184
-7.36599
-7.37217
-8.11844
-8.12589
-9.00245
-9.01093
-9.97815
-9.98731
-11.0215
-11.0313
-12.1292
-12.1395
-13.3054
-13.3164
-14.5571
-14.5688
-15.8967
-15.9093
-17.3554
-17.3693
-19.0206
-19.0371
-21.0299
-21.0499
-23.4001
-23.4228
-26.0238
-26.0484
-28.8437
-28.8701
-31.8585
-31.8867
-35.0901
-35.1205
-38.5718
-38.6046
-42.3592
-42.3952
-46.5771
-46.618
-51.5354
-51.5851
-57.6999
-57.762
-65.1943
-65.2676
-73.8501
-73.9337
-83.7386
-83.8346
-95.2134
-95.3262
-108.904
-109.041
-125.836
-126.009
-147.783
-148.013
-178.242
-178.573
-224.2
-224.718
-294.924
-295.696
-389.313
-390.209
-462.843
-463.137
-432.452
-431.561
-265.602
-263.532
-8.34687
-5.89058
249.297
251.357
416.582
417.471
448.706
448.452
377.463
376.608
286.676
285.951
219.604
219.113
175.215
174.891
144.974
144.744
122.828
122.654
105.656
105.518
91.7494
91.635
80.0992
80.002
70.1663
70.0836
61.8391
61.7715
55.1867
55.1333
49.8301
49.7856
45.2259
45.1866
41.087
41.0512
37.294
37.261
33.7842
33.7536
30.5187
30.4902
27.4743
27.4477
24.663
24.6388
22.1726
22.152
20.0986
20.0816
18.3576
18.3428
16.8039
16.7905
15.3664
15.3538
14.0196
14.0078
12.7529
12.7418
11.5595
11.549
10.436
10.4262
9.39109
9.38208
8.45988
8.45211
7.67646
7.66998
7.00863
7.00293
6.40531
6.40005
5.84225
5.83731
5.31098
5.3063
4.80778
4.80334
4.33029
4.32608
3.87847
3.87452
3.45972
3.45613
2.95234
2.94361
2.21914
2.21407
1.76089
1.75748
1.43626
1.43374
1.19186
1.18992
0.99868
0.997124
0.846246
-2.21132
-2.40145
-2.41834
-2.62285
-2.64129
-2.87029
-2.89155
-3.16261
-3.18803
-3.50515
-3.53399
-3.88327
-3.91437
-4.28714
-4.32013
-4.71493
-4.74985
-5.16804
-5.20507
-5.64885
-5.68821
-6.16145
-6.2036
-6.71608
-6.76242
-7.3421
-7.39624
-8.08966
-8.15487
-8.96966
-9.04384
-9.94273
-10.0228
-10.9839
-11.069
-12.0892
-12.1796
-13.2629
-13.3589
-14.5118
-14.6142
-15.848
-15.9582
-17.3015
-17.4235
-18.9571
-19.1012
-20.9528
-21.1276
-23.3121
-23.5112
-25.9283
-26.1442
-28.7416
-28.9725
-31.7492
-31.9962
-34.9728
-35.2382
-38.4449
-38.732
-42.2202
-42.5348
-46.4192
-46.7771
-51.3436
-51.7788
-57.4603
-58.0038
-64.9112
-65.5525
-73.5271
-74.2586
-83.3682
-84.2079
-94.7781
-95.7649
-108.377
-109.574
-125.171
-126.679
-146.896
-148.912
-176.96
-179.87
-222.213
-226.746
-291.957
-298.703
-385.842
-393.565
-461.615
-464.188
-435.79
-427.995
-273.557
-255.432
-17.8584
3.61524
241.272
259.291
413.043
420.807
449.644
447.302
380.782
373.289
289.503
283.164
221.522
217.229
176.483
173.647
145.871
143.858
123.507
121.982
106.195
104.984
92.1943
91.1937
80.4769
79.6274
70.4881
69.7643
62.1023
61.511
55.3943
54.9276
50.0027
49.614
45.3784
45.0347
41.2259
40.9129
37.422
37.1335
33.9029
33.6352
30.6294
30.3798
27.5774
27.345
24.7569
24.5455
22.2531
22.0722
20.1647
20.016
18.4149
18.2858
16.8563
16.7383
15.4152
15.3051
14.0654
13.9621
12.7961
12.6988
11.6002
11.5085
10.4742
10.3881
9.42611
9.34725
8.49007
8.42214
7.70164
7.64502
7.03074
6.98091
6.42571
6.37971
5.86144
5.81816
5.32912
5.2882
4.82498
4.78618
4.34661
4.3098
3.89384
3.8592
3.47367
3.44227
2.9866
2.9102
2.23899
2.19463
1.77425
1.74434
1.44608
1.42408
1.19944
1.18246
1.00474
0.991124
0.851034
-2.23208
-2.26108
-2.29027
-2.31978
-2.34952
-2.37958
-2.44048
-2.47146
-2.50275
-2.53445
-2.56652
-2.59907
-2.66554
-2.69962
-2.73438
-2.76983
-2.80599
-2.84302
-2.91972
-2.95954
-3.00048
-3.04255
-3.08576
-3.12998
-3.22164
-3.26905
-3.31744
-3.36678
-3.41698
-3.46789
-3.57188
-3.62487
-3.67856
-3.73283
-3.78768
-3.84298
-3.95513
-4.01196
-4.06936
-4.12723
-4.18562
-4.24437
-4.36335
-4.42356
-4.48433
-4.54561
-4.60741
-4.66964
-4.7956
-4.85936
-4.92376
-4.98869
-5.05405
-5.12007
-5.25358
-5.32118
-5.38947
-5.45839
-5.52778
-5.59789
-5.73979
-5.81174
-5.88447
-5.95793
-6.03198
-6.10689
-6.25892
-6.33629
-6.41472
-6.49407
-6.57448
-6.65628
-6.82354
-6.90949
-6.99727
-7.08707
-7.17864
-7.2727
-7.46801
-7.56973
-7.67435
-7.78196
-7.89241
-8.00591
-8.24117
-8.36292
-8.48728
-8.61405
-8.74282
-8.87388
-9.14133
-9.27762
-9.41575
-9.55545
-9.69642
-9.839
-10.1278
-10.2742
-10.4222
-10.5714
-10.7217
-10.8734
-11.1806
-11.3363
-11.493
-11.6514
-11.811
-11.9721
-12.2979
-12.463
-12.6297
-12.7979
-12.9673
-13.1385
-13.4848
-13.6602
-13.8376
-14.0166
-14.197
-14.3792
-14.7485
-14.9358
-15.1253
-15.3168
-15.5099
-15.7055
-16.1028
-16.3051
-16.5104
-16.7186
-16.9296
-17.1442
-17.5844
-17.8111
-18.043
-18.2804
-18.5231
-18.7727
-19.2922
-19.5632
-19.8424
-20.1299
-20.4251
-20.7288
-21.3589
-21.6848
-22.0181
-22.3581
-22.704
-23.0552
-23.7728
-24.1389
-24.5101
-24.8857
-25.265
-25.6488
-26.4273
-26.8223
-27.2219
-27.6249
-28.0318
-28.4427
-29.275
-29.6974
-30.1241
-30.5548
-30.9901
-31.4296
-32.32
-32.7726
-33.2299
-33.6916
-34.1582
-34.6296
-35.5862
-36.0727
-36.5649
-37.0622
-37.5654
-38.0741
-39.1084
-39.6358
-40.1698
-40.7108
-41.2586
-41.8144
-42.9486
-43.5303
-44.1208
-44.7221
-45.3352
-45.9604
-47.2501
-47.9192
-48.6068
-49.3123
-50.0388
-50.7882
-52.3581
-53.1831
-54.0363
-54.9174
-55.8271
-56.7659
-58.7248
-59.7462
-60.7942
-61.8673
-62.9649
-64.0868
-66.3977
-67.5891
-68.8033
-70.0403
-71.301
-72.5856
-75.2233
-76.581
-77.9658
-79.3783
-80.819
-82.2885
-85.3162
-86.8817
-88.4818
-90.1197
-91.7967
-93.5128
-97.0709
-98.9206
-100.82
-102.773
-104.779
-106.847
-111.162
-113.422
-115.758
-118.17
-120.667
-123.251
-128.692
-131.58
-134.577
-137.695
-140.948
-144.349
-151.617
-155.519
-159.615
-163.942
-168.489
-173.312
-183.792
-189.546
-195.669
-202.179
-209.112
-216.547
-232.888
-241.893
-251.434
-261.528
-272.231
-283.478
-307.683
-320.579
-333.9
-347.606
-361.635
-375.665
-403.465
-416.606
-428.996
-440.11
-449.616
-457.293
-466.408
-467.321
-465.775
-461.426
-454.359
-444.602
-416.379
-397.946
-376.5
-352.43
-325.567
-296.254
-231.101
-195.979
-159.67
-122.24
-84.1161
-45.7683
31.4967
69.9906
107.96
145.319
181.778
216.955
281.7
311.001
337.871
361.916
383.229
401.683
429.682
439.416
446.582
451.103
452.705
451.82
443.158
435.505
426.252
415.28
403.27
390.497
363.386
349.658
336.229
323.057
310.312
298.028
275.147
264.541
254.418
244.869
235.832
227.336
211.844
204.761
198.101
191.832
185.922
180.327
170.077
165.352
160.839
156.552
152.475
148.57
141.302
137.886
134.616
131.471
128.448
125.54
120.039
117.426
114.902
112.463
110.098
107.805
103.433
101.34
99.3048
97.3235
95.3973
93.519
89.9103
88.1691
86.4687
84.8091
83.1858
81.5999
78.5371
77.0544
75.6041
74.1858
72.7996
71.4453
68.8367
67.5793
66.3557
65.1656
64.0103
62.8893
60.7567
59.7411
58.7605
57.8141
56.8991
56.014
54.3308
53.526
52.7439
51.9826
51.24
50.5153
49.1142
48.434
47.766
47.11
46.465
45.8301
44.5914
43.9845
43.3858
42.7952
42.2122
41.6366
40.5086
39.9543
39.4064
38.8649
38.3294
37.8003
36.7604
36.2482
35.7417
35.2406
34.7446
34.2539
33.2888
32.8129
32.3418
31.8754
31.4137
30.9565
30.0568
29.613
29.1735
28.7385
28.3081
27.8819
27.0446
26.6325
26.2251
25.823
25.426
25.0354
24.2729
23.9013
23.5374
23.1806
22.8323
22.4929
21.8405
21.5277
21.2234
20.9279
20.6404
20.3616
19.8251
19.5663
19.3137
19.066
18.8229
18.5846
18.1194
17.8918
17.6676
17.4459
17.2269
17.0109
16.5857
16.3762
16.1692
15.9638
15.7605
15.5594
15.1625
14.9666
14.7727
14.5803
14.3895
14.2008
13.8282
13.6441
13.4618
13.2807
13.1013
12.9236
12.5727
12.3993
12.2276
12.057
11.8878
11.7204
11.3897
11.2262
11.0644
10.9037
10.7448
10.587
10.2767
10.1237
9.97258
9.82301
9.67531
9.52988
9.24558
9.10684
8.97086
8.83757
8.70723
8.58004
8.33512
8.21719
8.1027
7.99106
7.8823
7.77652
7.57231
7.47322
7.3765
7.28148
7.188
7.09622
6.91662
6.82852
6.74151
6.65541
6.57021
6.48605
6.32015
6.23826
6.15724
6.07678
5.99699
5.91808
5.76211
5.68496
5.60854
5.53265
5.4573
5.38268
5.23515
5.16211
5.08979
5.01786
4.94648
4.87578
4.7359
4.66661
4.59792
4.52966
4.46191
4.39478
4.26206
4.1965
4.13134
4.06671
4.00264
3.93928
3.81439
3.75301
3.69223
3.63228
3.57316
3.51505
3.40186
3.34685
3.29287
3.23988
3.18803
3.09091
2.81615
2.69486
2.58387
2.48138
2.3868
2.29915
2.13948
2.0674
1.99896
1.93441
1.87301
1.8146
1.70647
1.65616
1.60853
1.56254
1.51825
1.47569
1.39642
1.35959
1.32381
1.28898
1.25519
1.22235
1.16095
1.13199
1.10295
1.07523
1.04866
1.02286
0.973755
0.950379
0.927847
0.90609
0.8852
0.865234
