-2.84291
-3.43611
-4.17283
-5.00633
-5.94366
-7.03277
-8.46337
-10.3019
-12.4076
-14.7845
-17.5362
-21.1116
-25.8705
-31.4418
-37.8312
-45.3766
-55.3771
-69.754
-88.6257
-114.315
-154.209
-230.691
-367.713
-365.825
-7.07172
351.217
354.62
224.415
150.929
110.917
84.9527
66.1654
53.1347
43.9726
36.4969
30.0673
24.5157
20.1645
16.9451
14.2288
11.8297
9.70985
7.97742
6.68113
5.5887
4.61339
3.7379
2.72463
1.69746
1.16885
-2.8441
-3.43452
-3.4377
-4.17098
-4.17468
-5.00425
-5.0084
-5.94132
-5.94601
-7.02992
-7.03563
-8.45947
-8.46728
-10.2972
-10.3065
-12.4024
-12.4129
-14.7785
-14.7904
-17.529
-17.5433
-21.1018
-21.1215
-25.8582
-25.8827
-31.4278
-31.4558
-37.815
-37.8474
-45.3568
-45.3964
-55.3487
-55.4055
-69.7152
-69.7929
-88.575
-88.6763
-114.242
-114.388
-154.085
-154.334
-230.436
-230.947
-367.396
-368.028
-366.282
-365.365
-8.12444
-6.01891
350.774
351.659
354.923
354.313
224.654
224.176
151.05
150.807
110.991
110.844
85.004
84.9015
66.2028
66.1279
53.1595
53.11
43.9918
43.9535
36.513
36.4807
30.0814
30.0532
24.5275
24.5039
20.1732
20.1558
16.952
16.9383
14.2348
14.2228
11.835
11.8244
9.71446
9.70524
7.98089
7.97395
6.68387
6.67839
5.59112
5.58628
4.61556
4.61122
3.73983
3.73597
2.72828
2.721
1.69909
1.69583
1.16978
-2.85692
-3.41743
-3.45492
-4.15113
-4.19463
-4.982
-5.03077
-5.91613
-5.97129
-6.99942
-7.06647
-8.41766
-8.50943
-10.2473
-10.3568
-12.3461
-12.4694
-14.7147
-14.8546
-17.4526
-17.6204
-20.9957
-21.2285
-25.7271
-26.0144
-31.2776
-31.6065
-37.6409
-38.0221
-45.1451
-45.6098
-55.0461
-55.7127
-69.2991
-70.212
-88.0321
-89.2232
-113.463
-115.175
-152.763
-155.682
-227.701
-233.717
-363.946
-371.377
-371.003
-360.329
-19.4353
5.30474
345.812
356.296
358.134
350.95
227.244
221.624
152.368
149.503
111.793
110.062
85.558
84.3518
66.6075
65.7292
53.4271
52.8454
44.1987
43.7482
36.6876
36.307
30.2331
29.9017
24.6552
24.3773
20.2668
20.0633
17.0257
16.8649
14.2991
14.1586
11.8923
11.7674
9.76412
9.65579
8.01841
7.93679
6.71346
6.64898
5.61723
5.56033
4.63895
4.58791
3.76058
3.71532
2.76804
2.68253
1.71665
1.67855
1.18002
-2.90795
-2.9886
-3.07325
-3.16211
-3.25506
-3.35175
-3.52267
-3.62812
-3.73618
-3.8468
-3.95956
-4.07447
-4.27268
-4.39305
-4.51563
-4.64031
-4.76713
-4.89602
-5.11829
-5.25335
-5.39074
-5.53089
-5.67364
-5.81901
-6.07057
-6.2245
-6.38207
-6.54391
-6.71049
-6.88255
-7.18846
-7.38154
-7.5839
-7.79758
-8.02172
-8.25715
-8.67633
-8.93761
-9.20634
-9.48273
-9.76547
-10.0543
-10.5536
-10.8573
-11.1665
-11.4819
-11.8024
-12.1286
-12.6911
-13.0334
-13.382
-13.737
-14.0991
-14.4681
-15.1064
-15.4964
-15.8956
-16.3056
-16.7264
-17.1595
-17.9252
-18.4066
-18.9104
-19.441
-20.0016
-20.591
-21.6535
-22.3209
-23.0147
-23.7305
-24.4665
-25.2213
-26.5317
-27.3319
-28.149
-28.9817
-29.8313
-30.6986
-32.1976
-33.1127
-34.0472
-35.001
-35.9757
-36.9737
-38.7071
-39.7697
-40.8613
-41.9839
-43.1419
-44.3368
-46.4523
-47.7835
-49.1824
-50.6633
-52.2284
-53.8958
-56.9373
-58.8939
-60.9486
-63.1072
-65.3591
-67.7068
-71.8674
-74.4686
-77.1751
-79.9823
-82.9078
-85.9544
-91.3925
-94.8343
-98.4472
-102.258
-106.26
-110.516
-118.313
-123.376
-128.787
-134.634
-140.967
-147.881
-161.055
-169.974
-179.921
-191.075
-203.562
-217.603
-245.007
-263.634
-283.906
-305.435
-327.778
-349.96
-383.603
-398.517
-407.524
-409.092
-402.309
-386.577
-338.303
-297.152
-247.107
-190.442
-128.415
-63.0863
49.1101
114.391
176.241
232.991
282.751
323.717
372.004
387.99
394.778
393.32
384.83
369.964
337.38
316.046
294.858
274.447
255.452
237.892
212.075
198.744
186.854
176.068
166.383
157.648
144.647
137.755
131.383
125.527
120.052
114.971
107.088
102.806
98.7308
94.8852
91.2308
87.7541
82.2546
79.1829
76.2468
73.4387
70.7615
68.2149
64.2124
62.012
59.9525
58.0146
56.2023
54.4936
51.8368
50.3612
48.9467
47.59
46.2776
45.0092
42.9591
41.7875
40.6433
39.5265
38.4389
37.3734
35.6363
34.6332
33.6529
32.6918
31.7511
30.8285
29.3196
28.4478
27.5951
26.7625
25.9498
25.1605
23.8899
23.1733
22.4884
21.8378
21.2197
20.6345
19.7134
19.1998
18.7053
18.2278
17.7653
17.3153
16.5824
16.1596
15.7457
15.3401
14.9421
14.5517
13.9103
13.5389
13.1739
12.8148
12.4628
12.1164
11.547
11.217
10.8931
10.5755
10.2644
9.95998
9.46548
9.18416
8.91289
8.6522
8.40411
8.16742
7.79482
7.58705
7.38817
7.19588
7.01035
6.82954
6.53562
6.36606
6.19978
6.03678
5.87658
5.71915
5.46005
5.30965
5.16141
5.01556
4.87209
4.73061
4.49762
4.36211
4.22863
4.09735
3.96856
3.84217
3.63575
3.51777
3.40395
3.29454
3.19083
2.93336
2.54152
2.35198
2.1856
2.03826
1.90671
1.78799
1.61379
1.52121
1.43677
1.36033
1.2886
1.22141
