-2.60078
-2.81819
-3.0622
-3.3381
-3.6447
-3.97696
-4.33122
-4.70641
-5.10324
-5.52363
-5.97104
-6.45179
-6.97736
-7.56601
-8.23622
-8.99133
-9.81989
-10.71
-11.6564
-12.6598
-13.7247
-14.8588
-16.0762
-17.4026
-18.8825
-20.571
-22.4981
-24.6445
-26.9766
-29.4772
-32.1477
-35.0034
-38.0716
-41.396
-45.0549
-49.1809
-53.9655
-59.5902
-66.1122
-73.5377
-81.9354
-91.4955
-102.566
-115.669
-131.621
-151.735
-178.067
-213.579
-260.461
-315.525
-362.97
-370.403
-310.086
-179.932
-6.99213
165.815
296.085
356.57
350.471
305.248
252.429
207.77
173.729
148.016
128.092
112.148
98.9981
87.8736
78.3053
70.0222
62.9228
56.9302
51.8653
47.4758
43.5593
39.9922
36.7003
33.64
30.7836
28.1187
25.6513
23.4097
21.4274
19.6978
18.1673
16.7776
15.4908
14.2865
13.1532
12.084
11.076
10.1314
9.25947
8.47449
7.78184
7.16781
6.61051
6.09393
5.6087
5.14991
4.7148
4.30225
3.91316
3.55212
3.22732
2.49125
2.00038
1.64863
1.38285
1.17238
-2.60185
-2.81701
-2.81937
-3.06085
-3.06354
-3.33659
-3.33961
-3.64305
-3.64636
-3.97518
-3.97873
-4.32934
-4.33311
-4.70442
-4.7084
-5.10113
-5.10535
-5.52139
-5.52586
-5.96865
-5.97343
-6.44921
-6.45438
-6.9745
-6.98022
-7.56277
-7.56925
-8.23254
-8.23991
-8.98722
-8.99543
-9.81545
-9.82434
-10.7052
-10.7147
-11.6513
-11.6614
-12.6545
-12.6651
-13.719
-13.7304
-14.8528
-14.8649
-16.0696
-16.0827
-17.3954
-17.4098
-18.8743
-18.8906
-20.5617
-20.5804
-22.4876
-22.5087
-24.6329
-24.6561
-26.9641
-26.9891
-29.4639
-29.4906
-32.1334
-32.1619
-34.9881
-35.0187
-38.0552
-38.0881
-41.378
-41.414
-45.0349
-45.0748
-49.158
-49.2037
-53.9387
-53.9923
-59.5588
-59.6216
-66.0762
-66.1482
-73.4969
-73.5785
-81.8893
-81.9816
-91.4426
-91.5485
-102.504
-102.628
-115.595
-115.743
-131.529
-131.712
-151.617
-151.853
-177.909
-178.224
-213.368
-213.79
-260.189
-260.732
-315.239
-315.812
-362.792
-363.146
-370.521
-370.283
-310.585
-309.584
-180.748
-179.115
-7.92625
-6.05813
164.991
166.639
295.583
296.585
356.443
356.696
350.64
350.301
305.517
304.978
252.686
252.172
207.971
207.569
173.882
173.576
148.133
147.901
128.184
128.001
112.223
112.074
99.0606
98.9357
87.9269
87.8204
78.3513
78.2594
70.0618
69.9825
62.9565
62.8891
56.9586
56.9018
51.8895
51.841
47.4971
47.4545
43.5785
43.54
40.0099
39.9745
36.7167
36.684
33.6553
33.6247
30.7978
30.7693
28.132
28.1054
25.6635
25.6391
23.4206
23.3989
21.437
21.4178
19.7062
19.6894
18.1748
18.1598
16.7845
16.7707
15.4973
15.4844
14.2925
14.2804
13.1589
13.1475
12.0893
12.0786
11.0811
11.071
10.1361
10.1267
9.26376
9.25518
8.47829
8.47067
7.78521
7.77848
7.17081
7.1648
6.61327
6.60775
6.09651
6.09134
5.61114
5.60626
5.15222
5.1476
4.71699
4.71261
4.30432
4.30017
3.9151
3.91122
3.5539
3.55034
3.22889
3.22575
2.4943
2.4882
2.0025
1.99827
1.65019
1.64707
1.38405
1.38164
1.17333
-2.60988
-2.80815
-2.82828
-3.05082
-3.07363
-3.3253
-3.35097
-3.63066
-3.6588
-3.96188
-3.99207
-4.31522
-4.34726
-4.68948
-4.72338
-5.08532
-5.12119
-5.50464
-5.54267
-5.95075
-5.99138
-6.42984
-6.47383
-6.95309
-7.00174
-7.53855
-7.59364
-8.20495
-8.26768
-8.95649
-9.02628
-9.78216
-9.85773
-10.6697
-10.7504
-11.6136
-11.6992
-12.6145
-12.7053
-13.6766
-13.773
-14.8074
-14.9104
-16.0206
-16.1319
-17.3415
-17.4639
-18.8134
-18.952
-20.4919
-20.6506
-22.4086
-22.588
-24.5461
-24.7432
-26.8706
-27.083
-29.3639
-29.5909
-32.0267
-32.269
-34.8738
-35.1335
-37.9319
-38.2116
-41.2435
-41.549
-44.8857
-45.2249
-48.9873
-49.3759
-53.7387
-54.194
-59.324
-59.8579
-65.8069
-66.4194
-73.1921
-73.8855
-81.5445
-82.3287
-91.0471
-91.9472
-102.042
-103.094
-115.042
-116.301
-130.846
-132.403
-150.738
-152.742
-176.738
-179.416
-211.799
-215.384
-258.16
-262.771
-313.091
-317.963
-361.436
-364.415
-371.346
-369.32
-314.262
-305.75
-186.86
-172.965
-14.9354
0.93753
158.786
172.778
291.751
300.263
355.431
357.574
351.872
348.989
307.524
302.904
254.624
250.251
209.487
206.069
175.034
172.439
149.008
147.035
128.872
127.32
112.783
111.519
99.5306
98.4691
88.3275
87.4229
78.6972
77.9158
70.3602
69.6862
63.2104
62.6371
57.1727
56.6896
52.072
51.6597
47.6575
47.295
43.7232
43.3959
40.1427
39.8422
36.8397
36.5613
33.77
33.5104
30.905
30.6626
28.2317
28.006
25.7552
25.5478
23.5029
23.3171
21.5089
21.3464
19.7693
19.6268
18.2313
18.1036
16.8362
16.7191
15.5455
15.4363
14.3378
14.2353
13.2016
13.1049
12.1296
12.0384
11.119
11.0331
10.1714
10.0914
9.29602
9.22305
8.50695
8.44209
7.81053
7.75337
7.19343
7.14229
6.63403
6.58707
6.11592
6.072
5.62944
5.58801
5.16955
5.13032
4.73344
4.69621
4.3199
4.28464
3.92971
3.89666
3.56729
3.53702
3.2407
3.1961
2.51746
2.46559
2.01853
1.98252
1.66196
1.63548
1.39313
1.37265
1.18047
-2.63182
-2.66142
-2.69146
-2.72198
-2.7529
-2.78428
-2.85271
-2.88576
-2.91937
-2.95364
-2.98845
-3.02386
-3.10125
-3.13869
-3.17675
-3.21555
-3.25491
-3.2949
-3.38201
-3.4239
-3.46635
-3.50947
-3.55309
-3.59723
-3.69274
-3.73844
-3.7846
-3.83132
-3.87842
-3.92596
-4.02844
-4.07731
-4.12664
-4.17643
-4.22655
-4.27708
-4.38584
-4.43765
-4.48987
-4.5426
-4.59565
-4.64912
-4.76419
-4.81896
-4.87417
-4.92994
-4.98606
-5.04262
-5.16438
-5.22236
-5.28085
-5.33992
-5.39941
-5.45937
-5.58854
-5.65014
-5.71231
-5.77516
-5.83849
-5.90242
-6.04037
-6.10634
-6.17298
-6.24046
-6.30863
-6.37762
-6.52693
-6.59852
-6.67109
-6.74494
-6.81963
-6.8954
-7.0606
-7.14028
-7.22137
-7.30396
-7.38796
-7.47345
-7.66045
-7.75103
-7.84342
-7.93756
-8.03327
-8.13073
-8.34361
-8.44647
-8.55086
-8.65709
-8.76461
-8.8737
-9.11054
-9.22419
-9.33924
-9.45579
-9.5734
-9.69224
-9.94889
-10.0715
-10.1953
-10.3204
-10.4465
-10.5736
-10.8476
-10.9781
-11.1098
-11.2429
-11.3768
-11.5117
-11.8023
-11.9408
-12.0805
-12.2215
-12.3634
-12.5064
-12.8146
-12.9614
-13.1096
-13.2592
-13.4099
-13.5618
-13.8892
-14.0454
-14.2029
-14.3623
-14.5228
-14.6849
-15.0345
-15.2016
-15.3705
-15.5417
-15.7142
-15.8885
-16.2662
-16.4472
-16.6306
-16.8167
-17.0052
-17.1964
-17.6119
-17.8125
-18.0165
-18.2241
-18.435
-18.6497
-19.1198
-19.3475
-19.5796
-19.8167
-20.0584
-20.3044
-20.8431
-21.1042
-21.37
-21.641
-21.9162
-22.196
-22.8048
-23.0979
-23.3954
-23.6974
-24.0028
-24.312
-24.981
-25.3014
-25.6253
-25.9533
-26.284
-26.6181
-27.3391
-27.6834
-28.0311
-28.3822
-28.7364
-29.094
-29.8642
-30.2321
-30.6034
-30.9783
-31.3566
-31.7386
-32.5608
-32.9539
-33.3509
-33.7518
-34.1565
-34.5654
-35.4463
-35.8678
-36.294
-36.7247
-37.1594
-37.5991
-38.5491
-39.0044
-39.4653
-39.9317
-40.4038
-40.8817
-41.9174
-42.4155
-42.9212
-43.4348
-43.9556
-44.4845
-45.6354
-46.1935
-46.7609
-47.3387
-47.9287
-48.5296
-49.8475
-50.4886
-51.1446
-51.8155
-52.5011
-53.2028
-54.7479
-55.5022
-56.2736
-57.0624
-57.8696
-58.6949
-60.5051
-61.3853
-62.2828
-63.1992
-64.1327
-65.0836
-67.1616
-68.1679
-69.1923
-70.2349
-71.2951
-72.3726
-74.7247
-75.8619
-77.0192
-78.1975
-79.3962
-80.6161
-83.2789
-84.5715
-85.8878
-87.2277
-88.593
-89.9858
-93.041
-94.5287
-96.0438
-97.594
-99.1803
-100.803
-104.374
-106.121
-107.909
-109.742
-111.625
-113.562
-117.839
-119.946
-122.116
-124.348
-126.647
-129.017
-134.318
-136.946
-139.658
-142.462
-145.377
-148.403
-155.194
-158.587
-162.133
-165.82
-169.653
-173.639
-182.716
-187.278
-192.028
-197.001
-202.204
-207.63
-219.808
-225.961
-232.317
-238.948
-245.738
-252.746
-268.353
-275.972
-283.722
-291.609
-299.509
-307.295
-323.801
-331.348
-338.591
-345.497
-351.886
-357.534
-367.447
-370.785
-372.973
-374.07
-374.245
-373.095
-366.155
-360.465
-353.575
-345.011
-334.993
-323.524
-294.938
-279.434
-262.043
-243.526
-223.972
-203.12
-156.023
-132.489
-108.34
-83.9305
-59.0068
-33.9184
19.8524
44.8978
69.8528
94.48
118.361
141.678
189.011
209.622
229.109
247.543
264.746
280.748
309.763
321.209
331.179
339.731
346.615
352.163
359.441
360.734
361.004
359.976
357.912
354.807
345.177
339.723
333.751
327.052
320.032
312.921
297.231
289.605
281.988
274.535
267.196
259.938
245.115
238.44
231.9
225.572
219.539
213.689
202.073
196.926
191.969
187.189
182.609
178.214
169.431
165.548
161.811
158.22
154.753
151.421
144.728
141.745
138.865
136.081
133.387
130.771
125.502
123.136
120.834
118.598
116.435
114.327
110.034
108.097
106.208
104.36
102.566
100.816
97.2221
95.5915
93.9994
92.4415
90.9172
89.4254
86.3567
84.959
83.5902
82.2483
80.9331
79.6447
76.9937
75.7828
74.5964
73.4336
72.2952
71.1796
68.8911
67.8493
66.8299
65.8328
64.8591
63.9078
61.9617
61.0787
60.2181
59.3783
58.559
57.7591
56.1222
55.3805
54.6555
53.9448
53.2504
52.5711
51.1732
50.5353
49.9091
49.294
48.6898
48.0959
46.8662
46.3006
45.7432
45.1939
44.6526
44.1185
43.0077
42.495
41.9887
41.4881
40.9935
40.5049
39.4853
39.0133
38.5466
38.0847
37.6276
37.1751
36.2305
35.7924
35.3586
34.929
34.5038
34.0826
33.202
32.7933
32.3882
31.9872
31.5902
31.197
30.3745
29.9929
29.6149
29.2407
28.8702
28.5037
27.738
27.3835
27.0329
26.6862
26.3438
26.0057
25.3019
24.9774
24.658
24.3426
24.0328
23.7281
23.0972
22.8085
22.5252
22.2466
21.9737
21.7061
21.1546
20.9028
20.6559
20.4132
20.1755
19.9419
19.4584
19.2373
19.0196
18.8049
18.5937
18.3855
17.9523
17.7528
17.5557
17.3604
17.1679
16.9775
16.5798
16.3957
16.2135
16.0328
15.8542
15.6771
15.3064
15.1344
14.964
14.7949
14.6275
14.4614
14.1132
13.9515
13.7913
13.632
13.4744
13.318
12.9898
12.8373
12.686
12.5358
12.387
12.2394
11.9298
11.7859
11.6433
11.5016
11.3614
11.2224
10.931
10.7958
10.6619
10.5291
10.3978
10.2679
9.99644
9.87091
9.74686
9.62423
9.50343
9.38425
9.13652
9.0227
8.9107
8.80027
8.69194
8.58548
8.3654
8.26471
8.16585
8.06859
7.9733
7.87966
7.68587
7.59709
7.50958
7.42344
7.33872
7.25521
7.08162
7.00152
6.92244
6.84421
6.76703
6.69071
6.53123
6.45735
6.3842
6.3116
6.23985
6.16882
6.01974
5.95052
5.88188
5.8137
5.74621
5.67927
5.5387
5.47336
5.40852
5.34404
5.28016
5.21676
5.08358
5.02163
4.96014
4.89899
4.8384
4.77824
4.65187
4.59308
4.53475
4.47674
4.4193
4.36233
4.24267
4.1871
4.13201
4.0773
4.02318
3.96955
3.85736
3.80545
3.75422
3.70341
3.65333
3.60392
3.50116
3.45392
3.40748
3.36178
3.31698
3.27307
3.10343
2.98583
2.87524
2.77122
2.67402
2.58245
2.40588
2.32979
2.25773
2.18992
2.12509
2.06311
1.94065
1.88708
1.83599
1.78693
1.73983
1.69462
1.60476
1.5647
1.5258
1.48813
1.45211
1.41807
1.34834
1.31675
1.28614
1.25648
1.22786
1.20028
