-2.20847
-2.35025
-2.4968
-2.64973
-2.81472
-3.00908
-3.24389
-3.50481
-3.77811
-4.06107
-4.35367
-4.65677
-4.97082
-5.29694
-5.63509
-5.98507
-6.34816
-6.72742
-7.13792
-7.62344
-8.21648
-8.88157
-9.58162
-10.3075
-11.0581
-11.8371
-12.6449
-13.4856
-14.3598
-15.2643
-16.2049
-17.1876
-18.2558
-19.5177
-21.0775
-22.8412
-24.7095
-26.6528
-28.6695
-30.7712
-32.9627
-35.2596
-37.6659
-40.1821
-42.8285
-45.6333
-48.7301
-52.4382
-57.1217
-62.55
-68.4786
-74.8704
-81.8145
-89.449
-97.9678
-107.623
-118.747
-131.847
-147.729
-167.78
-194.829
-234.799
-293.66
-374.308
-469.09
-528.284
-510.657
-411.158
-226.5
-7.03551
211.886
397.117
496.283
512.075
452.044
358.879
283.22
229.848
192.521
165.75
145.365
129.144
115.734
104.357
94.4926
85.7739
77.9438
70.8148
64.3504
58.784
54.3667
50.7608
47.5322
44.5219
41.6783
38.9761
36.4058
33.9569
31.6206
29.3816
27.2309
25.1673
23.2063
21.4573
20.0325
18.8441
17.7549
16.7174
15.7187
14.7567
13.8294
12.9373
12.0787
11.2501
10.45
9.67808
8.94056
8.27474
7.72408
7.26155
6.83574
6.42818
6.03399
5.65295
5.28454
4.92849
4.58342
4.24886
3.92418
3.61027
3.31569
2.97303
2.37957
1.99446
1.70713
1.48067
1.29623
1.14206
1.01002
0.896076
-2.20936
-2.34933
-2.35117
-2.49585
-2.49776
-2.64872
-2.65073
-2.8136
-2.81585
-3.0077
-3.01046
-3.24228
-3.24549
-3.50309
-3.50653
-3.77634
-3.77988
-4.05926
-4.06289
-4.35177
-4.35556
-4.6548
-4.65874
-4.96876
-4.97289
-5.2948
-5.29908
-5.63292
-5.63725
-5.9828
-5.98735
-6.3458
-6.35052
-6.72487
-6.72994
-7.13516
-7.14069
-7.62001
-7.62687
-8.21241
-8.22055
-8.87712
-8.88601
-9.57706
-9.58617
-10.3028
-10.3122
-11.0533
-11.063
-11.832
-11.8422
-12.6395
-12.6502
-13.4801
-13.4911
-14.3541
-14.3655
-15.2585
-15.2702
-16.1988
-16.211
-17.1811
-17.1942
-18.2487
-18.2629
-19.5087
-19.5267
-21.0669
-21.0882
-22.8295
-22.8528
-24.6973
-24.7218
-26.6401
-26.6654
-28.6564
-28.6826
-30.7575
-30.7849
-32.9484
-32.977
-35.2445
-35.2746
-37.6501
-37.6818
-40.1659
-40.1986
-42.8111
-42.8459
-45.6147
-45.652
-48.7089
-48.7514
-52.4115
-52.465
-57.089
-57.1542
-62.5136
-62.5864
-68.4393
-68.5179
-74.828
-74.9129
-81.768
-81.8606
-89.3974
-89.5006
-97.9101
-98.0256
-107.557
-107.689
-118.671
-118.824
-131.756
-131.94
-147.615
-147.842
-167.634
-167.926
-194.63
-195.028
-234.489
-235.11
-293.217
-294.105
-373.724
-374.893
-468.537
-469.642
-528.137
-528.404
-511.032
-510.279
-412.02
-410.292
-227.862
-225.137
-8.45036
-5.62039
210.528
213.241
396.189
398.041
495.908
496.66
512.203
511.927
452.621
451.443
359.445
358.315
283.637
282.802
230.126
229.568
192.719
192.324
165.898
165.602
145.481
145.25
129.237
129.051
115.812
115.656
104.424
104.29
94.5519
94.4335
85.8267
85.7212
77.9913
77.896
70.8585
70.7711
64.3892
64.3117
58.8159
58.7522
54.3918
54.342
50.7823
50.7388
47.552
47.5124
44.5406
44.5032
41.6957
41.6608
38.9931
38.9592
36.4219
36.3896
33.9722
33.9416
31.6352
31.606
29.3954
29.3677
27.2444
27.2175
25.1802
25.1543
23.2183
23.1943
21.4675
21.4471
20.0406
20.0243
18.8513
18.8369
17.7617
17.7482
16.724
16.7109
15.7249
15.7125
14.7627
14.7507
13.8352
13.8236
12.9429
12.9317
12.0841
12.0733
11.2553
11.2449
10.455
10.445
9.68289
9.67327
8.94515
8.93596
8.27866
8.27084
7.72724
7.72092
7.26435
7.25875
6.8384
6.83307
6.43078
6.42559
6.03647
6.03152
5.65534
5.65057
5.28682
5.28226
4.93074
4.92625
4.5856
4.58125
4.25097
4.24676
3.92622
3.92214
3.6122
3.60834
3.31746
3.31392
2.97833
2.96776
2.38252
2.37663
1.99655
1.99237
1.70873
1.70552
1.48198
1.47937
1.29731
1.29516
1.14296
1.14115
1.01082
1.00923
0.896741
-2.21561
-2.3429
-2.3577
-2.48915
-2.50448
-2.64167
-2.65778
-2.80577
-2.82376
-2.99812
-3.02016
-3.23109
-3.25677
-3.49096
-3.51853
-3.76391
-3.7923
-4.04657
-4.07574
-4.3385
-4.3689
-4.64102
-4.67256
-4.95431
-4.98726
-5.27983
-5.31397
-5.61776
-5.65248
-5.9669
-6.00329
-6.32927
-6.36706
-6.70709
-6.74744
-7.11597
-7.1603
-7.59609
-7.65105
-8.18404
-8.24913
-8.84609
-8.91714
-9.54511
-9.61808
-10.2698
-10.3448
-11.0192
-11.0972
-11.7966
-11.8777
-12.6026
-12.6875
-13.4418
-13.5298
-14.3143
-14.4047
-15.2173
-15.3115
-16.1559
-16.254
-17.1358
-17.2406
-18.1984
-18.3132
-19.4458
-19.5902
-20.9932
-21.1638
-22.7481
-22.9357
-24.6119
-24.8073
-26.5513
-26.754
-28.5657
-28.7745
-30.662
-30.8811
-32.8482
-33.0777
-35.1393
-35.3801
-37.5395
-37.7922
-40.0525
-40.3139
-42.6899
-42.9677
-45.4847
-45.783
-48.5611
-48.8999
-52.2257
-52.6535
-56.8606
-57.3809
-62.2593
-62.8419
-68.1646
-68.7938
-74.5289
-75.2107
-81.4433
-82.1848
-89.0375
-89.8623
-97.5072
-98.4313
-107.098
-108.151
-118.135
-119.357
-131.12
-132.588
-146.825
-148.642
-166.617
-168.958
-193.242
-196.485
-232.34
-237.309
-290.155
-297.24
-369.654
-379.006
-464.524
-473.456
-527.023
-528.925
-513.569
-507.865
-418.539
-404.083
-237.254
-215.571
-18.3512
4.28335
201.001
222.667
389.59
404.402
493.258
499.189
512.625
510.788
456.591
447.018
363.439
354.393
286.561
279.976
232.082
227.601
194.113
190.944
166.941
164.575
146.306
144.446
129.892
128.402
116.359
115.111
104.896
103.821
94.9675
94.0205
86.1979
85.3535
78.324
77.5623
71.1645
70.4658
64.6621
64.0415
59.0404
58.5308
54.5692
54.1701
50.9338
50.5855
47.6911
47.3736
44.6718
44.3725
41.8187
41.5383
39.1107
38.8408
36.5342
36.2764
34.0795
33.8346
31.7375
31.504
29.4933
29.2712
27.3386
27.1244
25.2706
25.0631
23.3028
23.1106
21.5392
21.3763
20.0981
19.9671
18.9017
18.7867
17.8095
17.7008
16.7701
16.6654
15.7688
15.6692
14.8049
14.7086
13.8758
13.783
12.9827
12.8924
12.1218
12.0357
11.2917
11.2086
10.4902
10.4099
9.71639
9.63948
8.97744
8.90421
8.30624
8.24365
7.74957
7.69887
7.28357
7.23919
6.85706
6.81446
6.44894
6.4075
6.05381
6.01424
5.67208
5.63387
5.30286
5.26619
4.94643
4.91029
4.60082
4.56606
4.26575
4.23202
3.94053
3.90787
3.62593
3.59477
3.32992
3.30149
3.01652
2.93228
2.40326
2.35621
2.01133
1.97785
1.72007
1.69439
1.49118
1.47026
1.30487
1.28766
1.14934
1.13483
1.01637
1.00369
0.901414
-2.23076
-2.25003
-2.26916
-2.28847
-2.30802
-2.32739
-2.37341
-2.39304
-2.41291
-2.43295
-2.45302
-2.47309
-2.5206
-2.54106
-2.56179
-2.58254
-2.60343
-2.62458
-2.67463
-2.69647
-2.71886
-2.74095
-2.76373
-2.78705
-2.84316
-2.86822
-2.89379
-2.92015
-2.94743
-2.9754
-3.04401
-3.07481
-3.10614
-3.1382
-3.17107
-3.20452
-3.28442
-3.31907
-3.35432
-3.3901
-3.42581
-3.46194
-3.54733
-3.58423
-3.62163
-3.65866
-3.69615
-3.73389
-3.82236
-3.86066
-3.89931
-3.93772
-3.97642
-4.01557
-4.10695
-4.14681
-4.18624
-4.22604
-4.26646
-4.30667
-4.40134
-4.4422
-4.48336
-4.52462
-4.5663
-4.60787
-4.70608
-4.74817
-4.79074
-4.83374
-4.87668
-4.91982
-5.02171
-5.06572
-5.11029
-5.1546
-5.19907
-5.24402
-5.34996
-5.3957
-5.44162
-5.48753
-5.53387
-5.58056
-5.68979
-5.73746
-5.78479
-5.83227
-5.88064
-5.92885
-6.04229
-6.09106
-6.14013
-6.18953
-6.23964
-6.28948
-6.40739
-6.45816
-6.5093
-6.5613
-6.61326
-6.66512
-6.78969
-6.84366
-6.89943
-6.95467
-7.01104
-7.06967
-7.20845
-7.27118
-7.33537
-7.40081
-7.4688
-7.539
-7.71061
-7.78838
-7.86765
-7.94838
-8.03134
-8.11662
-8.31931
-8.40829
-8.49768
-8.58898
-8.68077
-8.77251
-8.99129
-9.08517
-9.1805
-9.27623
-9.37168
-9.46817
-9.69508
-9.79301
-9.89197
-9.99092
-10.0899
-10.1898
-10.4246
-10.5266
-10.6287
-10.7303
-10.8337
-10.9377
-11.1805
-11.2856
-11.3912
-11.4972
-11.6042
-11.7117
-11.9637
-12.0727
-12.1817
-12.2919
-12.4033
-12.514
-12.7772
-12.8898
-13.0042
-13.1195
-13.2337
-13.3494
-13.6228
-13.7408
-13.8595
-13.9781
-14.0977
-14.218
-14.5005
-14.6232
-14.7467
-14.8689
-14.9932
-15.119
-15.4118
-15.5395
-15.6659
-15.7936
-15.9229
-16.053
-16.358
-16.491
-16.6226
-16.7565
-16.8932
-17.0272
-17.3511
-17.4905
-17.6339
-17.7799
-17.9251
-18.0758
-18.4379
-18.6002
-18.7677
-18.9381
-19.1145
-19.2967
-19.7457
-19.9491
-20.1584
-20.3703
-20.5889
-20.8133
-21.3481
-21.5858
-21.8223
-22.0629
-22.3082
-22.5522
-23.1353
-23.3849
-23.638
-23.8945
-24.149
-24.4066
-25.0135
-25.2749
-25.5388
-25.8045
-26.0696
-26.337
-26.9669
-27.2393
-27.515
-27.7877
-28.0643
-28.3445
-28.9975
-29.2821
-29.5664
-29.853
-30.1414
-30.4323
-31.1141
-31.4101
-31.7046
-32.0035
-32.3061
-32.6074
-33.3233
-33.6305
-33.9414
-34.2572
-34.5703
-34.8865
-35.6365
-35.9597
-36.2853
-36.6127
-36.9422
-37.2741
-38.0563
-38.3952
-38.7389
-39.0795
-39.4248
-39.7751
-40.5939
-40.9525
-41.3077
-41.6675
-42.031
-42.399
-43.263
-43.64
-44.0163
-44.3981
-44.7878
-45.1752
-46.1046
-46.5073
-46.9197
-47.3443
-47.7675
-48.2027
-49.2624
-49.736
-50.2263
-50.7294
-51.2473
-51.7859
-53.1172
-53.7197
-54.345
-54.9835
-55.6393
-56.3123
-57.941
-58.6643
-59.3944
-60.1342
-60.8908
-61.6519
-63.4673
-64.2566
-65.0553
-65.8646
-66.6815
-67.5047
-69.4637
-70.316
-71.1773
-72.05
-72.9302
-73.818
-75.9354
-76.8586
-77.7953
-78.74
-79.6965
-80.6666
-82.9787
-83.9908
-85.016
-86.0558
-87.1116
-88.1805
-90.7411
-91.8629
-93.0038
-94.1647
-95.3437
-96.5423
-99.4196
-100.687
-101.979
-103.291
-104.627
-105.996
-109.28
-110.737
-112.218
-113.729
-115.281
-116.862
-120.681
-122.389
-124.128
-125.905
-127.742
-129.609
-134.174
-136.208
-138.303
-140.469
-142.694
-144.968
-150.59
-153.116
-155.733
-158.469
-161.277
-164.178
-171.496
-174.84
-178.359
-181.997
-185.811
-189.891
-200.154
-205.024
-210.093
-215.444
-221.208
-227.304
-242.783
-250.136
-257.665
-265.646
-274.183
-282.994
-305.155
-315.162
-325.503
-336.841
-348.213
-359.821
-388.863
-401.43
-415.1
-428.318
-440.775
-454.335
-482.342
-493.341
-503.161
-511.15
-517.549
-523.742
-530.124
-531.78
-530.811
-527.398
-525.058
-519.803
-501.812
-491.697
-479.35
-466.013
-450.804
-433.615
-387.737
-364.815
-339.784
-314.928
-287.922
-259.486
-192.227
-162.28
-132.639
-102.575
-72.2889
-42.2659
28.202
58.2555
88.2792
118.14
148.037
177.802
244.932
273.489
300.398
325.536
350.539
373.296
419.601
436.647
450.652
465.019
477.129
486.968
504.281
509.21
512.025
515.081
515.461
513.715
507.292
501.151
494.573
486.154
475.777
465.686
436.938
424.649
411.616
398.273
385.555
373.235
345.118
333.954
323.096
312.646
303.007
293.714
273.477
265.485
257.662
250.585
243.728
237.076
222.983
217.268
212.058
207.028
202.106
197.557
187.668
183.731
179.983
176.338
172.81
169.486
162.143
159.203
156.335
153.521
150.882
148.316
142.568
140.244
137.964
135.745
133.608
131.523
126.854
124.931
123.042
121.236
119.458
117.71
113.805
112.182
110.605
109.058
107.534
106.048
102.696
101.3
99.9354
98.5914
97.2726
95.9798
93.0327
91.8114
90.6054
89.4173
88.2484
87.099
84.475
83.3797
82.2967
81.2303
80.1781
79.1391
76.7651
75.7682
74.784
73.8127
72.8519
71.9063
69.7369
68.8329
67.937
67.0519
66.1864
65.3315
63.3992
62.5951
61.8134
61.0539
60.3148
59.594
58.0064
57.3631
56.7412
56.1444
55.5655
55.0019
53.7571
53.2407
52.7435
52.2554
51.7708
51.3007
50.2241
49.777
49.3346
48.8925
48.4594
48.0321
47.0405
46.6242
46.2097
45.7991
45.3934
44.9915
44.0602
43.6673
43.2747
42.8893
42.5052
42.1198
41.2393
40.8634
40.4922
40.1242
39.7597
39.3963
38.5569
38.2014
37.8497
37.5001
37.1499
36.8042
36.0059
35.6684
35.3342
34.9987
34.6678
34.3414
33.5774
33.2556
32.936
32.6173
32.3006
31.9857
31.2586
30.9506
30.6416
30.3369
30.0356
29.7313
29.0351
28.737
28.4426
28.1514
27.8577
27.5671
26.8968
26.6118
26.3283
26.0478
25.7657
25.4878
24.8439
24.5719
24.3033
24.0344
23.7698
23.5102
22.9122
22.6626
22.4162
22.1773
21.9443
21.7157
21.2085
21.0026
20.8018
20.6092
20.4227
20.2392
19.8333
19.6639
19.4994
19.3403
19.1794
19.0227
18.6647
18.5139
18.3668
18.217
18.0697
17.9253
17.5868
17.4443
17.3019
17.1601
17.0196
16.8807
16.5558
16.4194
16.2813
16.1455
16.0114
15.8751
15.5645
15.4308
15.2984
15.1681
15.0372
14.9073
14.6075
14.4789
14.3519
14.2261
14.099
13.9737
13.6844
13.5613
13.44
13.3178
13.1968
13.0774
12.7981
12.68
12.5629
12.4458
12.3293
12.2133
11.945
11.8315
11.7172
11.6044
11.4926
11.3802
11.1217
11.011
10.9012
10.7929
10.6838
10.5754
10.3256
10.2189
10.113
10.0081
9.90277
9.79823
9.55714
9.45474
9.35393
9.25304
9.15298
9.05516
8.82848
8.73483
8.64103
8.54991
8.46101
8.37392
8.1791
8.09985
8.02253
7.9476
7.87535
7.80494
7.64664
7.58171
7.51698
7.45491
7.39271
7.33115
7.19177
7.1326
7.07465
7.01652
6.95865
6.90194
6.7697
6.71359
6.65772
6.60204
6.54676
6.49215
6.36444
6.31049
6.25647
6.20252
6.14922
6.09611
5.973
5.9203
5.86786
5.81626
5.76444
5.71271
5.59361
5.5427
5.49216
5.44232
5.39218
5.34214
5.22709
5.17783
5.12917
5.08075
5.03208
4.98405
4.87249
4.82514
4.77798
4.73096
4.68418
4.63764
4.52947
4.48349
4.43775
4.39203
4.34672
4.30174
4.19676
4.15215
4.10751
4.06348
4.01949
3.97523
3.87357
3.83024
3.78715
3.7444
3.70183
3.65924
3.56181
3.5203
3.47958
3.43938
3.39934
3.36022
3.27221
3.2364
3.20197
3.17064
3.14073
3.11402
2.85281
2.75997
2.6751
2.59634
2.52322
2.45463
2.3087
2.25135
2.1969
2.1453
2.09557
2.04782
1.94362
1.9022
1.86192
1.82277
1.78472
1.74806
1.66803
1.63543
1.60364
1.57289
1.54288
1.51372
1.44859
1.42186
1.39583
1.37083
1.34688
1.32332
1.26977
1.24757
1.2259
1.20523
1.18487
1.16489
1.11973
1.10098
1.08261
1.06465
1.04702
1.02976
0.990497
0.974201
0.958302
0.942809
0.927649
0.912859
