-1.72083
-1.85389
-1.99296
-2.1385
-2.2913
-2.45271
-2.62495
-2.81169
-3.01774
-3.24688
-3.49935
-3.7724
-4.06286
-4.36903
-4.69047
-5.02768
-5.38182
-5.75465
-6.14921
-6.57072
-7.02768
-7.53211
-8.09587
-8.72285
-9.407
-10.1397
-10.9155
-11.7321
-12.5905
-13.4937
-14.4458
-15.4543
-16.5314
-17.6975
-18.9848
-20.4271
-22.0444
-23.8279
-25.7557
-27.811
-29.9879
-32.2904
-34.7295
-37.3206
-40.0903
-43.0781
-46.3491
-50.0035
-54.167
-58.9513
-64.3935
-70.4934
-77.2706
-84.812
-93.2676
-102.876
-113.984
-127.077
-142.902
-162.577
-187.707
-220.176
-261.139
-308.241
-352.438
-374.106
-353.341
-279.434
-156.73
-6.99213
142.386
264.746
339.494
361.025
340.248
298.158
253.073
214.04
183.023
158.654
139.3
123.566
110.457
99.3113
89.6523
81.173
73.6813
67.078
61.3202
56.3535
52.0476
48.2407
44.8014
41.641
38.7035
35.9531
33.3661
30.9265
28.6269
26.4694
24.4678
22.6461
21.0181
19.5686
18.2614
17.0589
15.9362
14.8777
13.8746
12.9214
12.0143
11.1519
10.3354
9.56998
8.8644
8.22625
7.65415
7.13631
6.65903
6.2123
5.78964
5.38748
5.00346
4.63634
4.28568
3.95219
3.6387
3.34991
2.85038
2.31486
1.93126
1.6401
1.41024
1.22218
1.06857
0.937681
0.828878
0.731993
0.645169
0.567325
-1.72161
-1.85307
-1.85471
-1.9921
-1.99382
-2.1376
-2.1394
-2.29035
-2.29224
-2.4517
-2.45371
-2.62387
-2.62603
-2.81051
-2.81287
-3.01643
-3.01906
-3.24543
-3.24834
-3.49776
-3.50094
-3.77069
-3.7741
-4.06106
-4.06467
-4.36713
-4.37093
-4.68849
-4.69246
-5.0256
-5.02977
-5.37963
-5.38402
-5.75233
-5.75696
-6.14675
-6.15167
-6.56808
-6.57336
-7.02479
-7.03057
-7.52889
-7.53532
-8.09228
-8.09947
-8.71888
-8.72681
-9.40272
-9.41129
-10.1352
-10.1443
-10.9107
-10.9203
-11.727
-11.7371
-12.5852
-12.5958
-13.4881
-13.4993
-14.4399
-14.4517
-15.448
-15.4606
-16.5247
-16.5382
-17.6901
-17.7049
-18.9766
-18.993
-20.4179
-20.4363
-22.0341
-22.0548
-23.8167
-23.8392
-25.7436
-25.7677
-27.7982
-27.8238
-29.9744
-30.0014
-32.2762
-32.3048
-34.7143
-34.7446
-37.3045
-37.3368
-40.073
-40.1076
-43.0592
-43.0969
-46.3283
-46.3699
-49.9801
-50.027
-54.1401
-54.194
-58.9204
-58.9822
-64.3587
-64.4284
-70.4545
-70.5323
-77.2274
-77.3137
-84.7639
-84.8603
-93.2131
-93.322
-102.814
-102.938
-113.911
-114.056
-126.991
-127.164
-142.796
-143.008
-162.444
-162.711
-187.535
-187.878
-219.955
-220.398
-260.867
-261.411
-307.957
-308.524
-352.218
-352.657
-374.085
-374.127
-353.622
-353.058
-280.021
-278.845
-157.576
-155.882
-7.92625
-6.05813
141.537
143.235
264.134
265.357
339.208
339.779
361.035
361.013
340.456
340.039
298.435
297.88
253.331
252.815
214.251
213.829
183.189
182.857
158.785
158.524
139.405
139.195
123.652
123.48
110.53
110.384
99.3741
99.2486
89.7068
89.5977
81.2211
81.125
73.7238
73.6387
67.1153
67.0407
61.3526
61.2879
56.3813
56.3256
52.072
52.0233
48.2625
48.219
44.8212
44.7815
41.6594
41.6226
38.7207
38.6864
35.9692
35.937
33.3812
33.3509
30.9408
30.9121
28.6404
28.6134
26.482
26.4568
24.4794
24.4563
22.6566
22.6357
21.0274
21.0089
19.5769
19.5604
18.269
18.2539
17.0659
17.0519
15.9428
15.9296
14.8839
14.8715
13.8805
13.8687
12.927
12.9158
12.0197
12.009
11.157
11.1469
10.3402
10.3306
9.57443
9.56553
8.86846
8.86033
8.2299
8.2226
7.65743
7.65087
7.1393
7.13332
6.66182
6.65625
6.21492
6.20968
5.79213
5.78715
5.38986
5.3851
5.00573
5.00119
4.63851
4.63418
4.28774
4.28361
3.95415
3.95023
3.64053
3.63688
3.35157
3.34825
2.85428
2.8465
2.31756
2.31217
1.93327
1.92926
1.64164
1.63856
1.41147
1.40901
1.22321
1.22116
1.06942
1.06771
0.938405
0.936957
0.829491
0.828264
0.732549
0.731437
0.645673
0.644666
0.567758
-1.72713
-1.84732
-1.86047
-1.98609
-1.99984
-2.13131
-2.14571
-2.28373
-2.29889
-2.44468
-2.46077
-2.61633
-2.63361
-2.80226
-2.82115
-3.00728
-3.02827
-3.23526
-3.25856
-3.48665
-3.5121
-3.75878
-3.78605
-4.04846
-4.07731
-4.35388
-4.38422
-4.67458
-4.70641
-5.011
-5.0444
-5.36428
-5.39941
-5.73616
-5.77319
-6.12958
-6.16891
-6.54964
-6.59189
-7.00461
-7.05086
-7.50644
-7.55792
-8.06716
-8.12475
-8.69119
-8.75463
-9.37275
-9.44137
-10.1033
-10.1763
-10.8771
-10.954
-11.6917
-11.7726
-12.548
-12.6331
-13.4489
-13.5385
-14.3985
-14.4932
-15.404
-15.5047
-16.4775
-16.5855
-17.6387
-17.7566
-18.9192
-19.0507
-20.3534
-20.5012
-21.9622
-22.1271
-23.7382
-23.918
-25.6595
-25.8522
-27.7088
-27.9134
-29.8799
-30.0962
-32.1762
-32.4051
-34.6083
-34.851
-37.1916
-37.4501
-39.9518
-40.2293
-42.9275
-43.2291
-46.1831
-46.5159
-49.8163
-50.1918
-53.9521
-54.3835
-58.7052
-59.1994
-64.1154
-64.6731
-70.1833
-70.8051
-76.9263
-77.6166
-84.4276
-85.1985
-92.833
-93.7044
-102.381
-103.375
-113.406
-114.566
-126.39
-127.771
-142.06
-143.753
-161.516
-163.653
-186.34
-189.089
-218.414
-221.972
-258.971
-263.316
-305.974
-310.517
-350.653
-354.162
-373.902
-374.262
-355.531
-350.97
-284.087
-274.592
-163.454
-149.91
-14.4679
0.47192
135.571
149.153
259.805
269.586
337.138
341.701
361.059
360.88
341.876
338.567
300.379
295.932
255.143
251.018
215.739
212.363
184.357
181.704
159.703
157.616
140.142
138.466
124.259
122.879
111.041
109.878
99.8133
98.8109
90.0899
89.2172
81.5589
80.7895
74.0227
73.342
67.3776
66.7804
61.5798
61.0626
56.5772
56.1314
52.2428
51.8531
48.4153
48.067
44.9606
44.6427
41.7883
41.4942
38.8409
38.5666
36.0821
35.8245
33.4876
33.2449
31.0411
30.8121
28.7348
28.5193
26.5703
26.3688
24.5607
24.3754
22.7297
22.563
21.0925
20.9442
19.6351
19.5025
18.322
18.2011
17.1151
17.003
15.9889
15.8837
14.9275
14.828
13.9219
13.8275
12.9664
12.8765
12.0572
11.9716
11.1926
11.1114
10.3738
10.2972
9.60567
9.53442
8.897
8.83195
8.25552
8.19714
7.68044
7.62799
7.16029
7.11241
6.68134
6.6368
6.23328
6.19137
5.80958
5.76976
5.4065
5.36851
5.02163
4.98534
4.65372
4.61901
4.30225
4.26914
3.96788
3.93654
3.65333
3.62414
3.3632
3.33669
2.88175
2.81955
2.33662
2.29345
1.94747
1.91535
1.65253
1.62783
1.42012
1.40043
1.23045
1.214
1.07545
1.06174
0.943498
0.931916
0.833796
0.823981
0.736449
0.72756
0.649156
0.641156
0.570796
-1.74107
-1.75921
-1.77747
-1.79581
-1.81428
-1.83288
-1.87505
-1.89402
-1.91309
-1.93225
-1.95157
-1.971
-2.01509
-2.03493
-2.0549
-2.07494
-2.09516
-2.1155
-2.16168
-2.18249
-2.20343
-2.22447
-2.24572
-2.26711
-2.31572
-2.33764
-2.35975
-2.38198
-2.40442
-2.42705
-2.47864
-2.50193
-2.52546
-2.54915
-2.57315
-2.59742
-2.65282
-2.67796
-2.70341
-2.72912
-2.75519
-2.78161
-2.84223
-2.86987
-2.89789
-2.92625
-2.9551
-2.98439
-3.05169
-3.08241
-3.11359
-3.14516
-3.17725
-3.2098
-3.28453
-3.31855
-3.35302
-3.38784
-3.42313
-3.4588
-3.54042
-3.57741
-3.61476
-3.65241
-3.69048
-3.72889
-3.81633
-3.85581
-3.89562
-3.93565
-3.97607
-4.0168
-4.10933
-4.15103
-4.193
-4.23517
-4.27773
-4.32058
-4.41785
-4.46164
-4.50572
-4.55
-4.59467
-4.63964
-4.7417
-4.78764
-4.83386
-4.8803
-4.92716
-4.97434
-5.08143
-5.12966
-5.17821
-5.22697
-5.2762
-5.32576
-5.43834
-5.48904
-5.54009
-5.59148
-5.64332
-5.69554
-5.81428
-5.86784
-5.92185
-5.97618
-6.03107
-6.08647
-6.21258
-6.26961
-6.32724
-6.3853
-6.44404
-6.50338
-6.63889
-6.70039
-6.76272
-6.8256
-6.88936
-6.95408
-7.10238
-7.17002
-7.23856
-7.30794
-7.3786
-7.45032
-7.61537
-7.69078
-7.7674
-7.84514
-7.92412
-8.00436
-8.18901
-8.27325
-8.35866
-8.44513
-8.53288
-8.62176
-8.82531
-8.91773
-9.01125
-9.10555
-9.20105
-9.29756
-9.51758
-9.61702
-9.71736
-9.81834
-9.92037
-10.0233
-10.2572
-10.3628
-10.4691
-10.576
-10.6839
-10.7926
-11.0394
-11.1505
-11.2625
-11.375
-11.4885
-11.6028
-11.8624
-11.9793
-12.097
-12.2153
-12.3345
-12.4547
-12.7275
-12.8504
-12.9742
-13.0986
-13.2242
-13.3506
-13.6378
-13.7673
-13.8978
-14.0289
-14.1613
-14.2947
-14.5981
-14.7351
-14.873
-15.0118
-15.1522
-15.2937
-15.6164
-15.7621
-15.9092
-16.0575
-16.2076
-16.3592
-16.7055
-16.8626
-17.0216
-17.1822
-17.3451
-17.5099
-17.8884
-18.0608
-18.2356
-18.4126
-18.5928
-18.7758
-19.1973
-19.3899
-19.5856
-19.7842
-19.9866
-20.1924
-20.6661
-20.8827
-21.1027
-21.3256
-21.5523
-21.7823
-22.3107
-22.5509
-22.7941
-23.0398
-23.2892
-23.5415
-24.1179
-24.3791
-24.6427
-24.9083
-25.177
-25.4483
-26.0662
-26.3453
-26.6267
-26.9099
-27.196
-27.4844
-28.1406
-28.4363
-28.7343
-29.0345
-29.3373
-29.6423
-30.3365
-30.6492
-30.9645
-31.282
-31.6022
-31.925
-32.6593
-32.9903
-33.324
-33.6605
-33.9996
-34.3416
-35.1207
-35.472
-35.8263
-36.1837
-36.5446
-36.9081
-37.738
-38.1127
-38.4908
-38.8726
-39.2582
-39.6478
-40.538
-40.9408
-41.3481
-41.7598
-42.1762
-42.5977
-43.5651
-44.004
-44.4486
-44.8989
-45.3556
-45.8188
-46.8877
-47.3744
-47.8703
-48.3737
-48.8854
-49.4067
-50.6121
-51.1651
-51.7283
-52.3017
-52.8866
-53.4828
-54.8674
-55.5022
-56.1495
-56.8087
-57.4811
-58.1662
-59.7527
-60.4783
-61.2165
-61.9671
-62.731
-63.5064
-65.296
-66.1122
-66.9414
-67.7829
-68.637
-69.504
-71.4984
-72.4061
-73.3275
-74.2625
-75.2106
-76.1724
-78.3872
-79.3962
-80.4198
-81.4602
-82.5146
-83.5856
-86.0591
-87.1862
-88.3314
-89.4951
-90.6801
-91.8851
-94.6758
-95.95
-97.2487
-98.5724
-99.9225
-101.299
-104.491
-105.958
-107.455
-108.984
-110.544
-112.142
-115.866
-117.585
-119.345
-121.151
-122.998
-124.892
-129.329
-131.392
-133.513
-135.692
-137.934
-140.235
-145.67
-148.215
-150.835
-153.538
-156.322
-159.207
-166.073
-169.295
-172.622
-176.068
-179.656
-183.377
-192.208
-196.38
-200.711
-205.212
-209.84
-214.602
-225.999
-231.323
-236.861
-242.491
-248.294
-254.239
-268.168
-274.554
-281.051
-287.618
-294.279
-300.911
-315.573
-322.129
-328.578
-334.749
-340.749
-346.481
-357.733
-362.075
-365.864
-369.027
-371.506
-373.155
-374.242
-373.34
-371.529
-368.738
-364.941
-359.9
-345.239
-336.939
-327.523
-317.491
-306.269
-294.106
-263.044
-247.56
-231.443
-214.397
-196.527
-178.025
-134.543
-114.284
-93.8768
-73.0949
-52.0834
-30.9805
16.9227
37.9854
59.0208
79.8886
100.387
120.39
163.892
182.431
200.169
217.041
232.97
248.527
279.901
292.269
303.528
313.88
323.137
331.409
346.081
350.923
354.823
357.756
359.713
360.729
360.154
358.57
356.269
353.296
349.61
345.37
334.676
329.177
323.322
317.372
311.377
305.292
290.973
284.54
278.214
272.013
265.849
259.762
246.537
240.894
235.319
229.897
224.621
219.575
208.744
204.188
199.783
195.506
191.375
187.361
178.849
175.265
171.789
168.442
165.197
162.058
155.36
152.529
149.792
147.131
144.542
142.033
136.655
134.368
132.14
129.971
127.865
125.812
121.381
119.479
117.635
115.835
114.072
112.347
108.616
107.013
105.44
103.905
102.403
100.933
97.7213
96.3368
94.9816
93.6524
92.3472
91.0651
88.2651
87.0541
85.8644
84.6967
83.5486
82.4197
79.9505
78.8826
77.832
76.7991
75.7828
74.784
72.6002
71.656
70.7277
69.8177
68.9235
68.0456
66.1302
65.3044
64.4945
63.7004
62.9228
62.1598
60.5008
59.7879
59.0894
58.4055
57.7348
57.0774
55.6467
55.0318
54.4272
53.8329
53.2504
52.6785
51.4274
50.886
50.3536
49.8292
49.3128
48.8039
47.6861
47.1997
46.7197
46.2456
45.7772
45.3145
44.2947
43.8491
43.4087
42.973
42.5419
42.1154
41.1719
40.7589
40.3501
39.9451
39.5436
39.1459
38.2655
37.8794
37.4967
37.1172
36.7413
36.3685
35.5418
35.1788
34.819
34.4623
34.1084
33.7572
32.9785
32.6363
32.2968
31.9604
31.6266
31.2955
30.5608
30.2383
29.9183
29.601
29.2864
28.9743
28.2829
27.9795
27.679
27.3814
27.0864
26.7942
26.1482
25.8657
25.5861
25.3103
25.0367
24.7667
24.1732
23.9144
23.6592
23.4081
23.1601
22.9158
22.3811
22.1492
21.9206
21.6964
21.4753
21.258
20.7826
20.5764
20.3734
20.1742
19.9773
19.7832
19.3578
19.1729
18.9901
18.8103
18.6324
18.4565
18.0689
17.8996
17.732
17.5665
17.4021
17.2396
16.8802
16.7225
16.5662
16.4115
16.258
16.1057
15.7682
15.6198
15.4725
15.3267
15.1818
15.0379
14.7188
14.5784
14.4389
14.3007
14.1632
14.0267
13.7238
13.5904
13.4579
13.3266
13.1959
13.0661
12.7778
12.6509
12.5248
12.3998
12.2754
12.152
11.8777
11.7569
11.637
11.5182
11.4
11.2826
11.0223
10.9077
10.7941
10.6816
10.5697
10.4588
10.2133
10.1055
9.99876
9.89323
9.78849
9.68489
9.45648
9.35662
9.25796
9.16066
9.06441
8.96949
8.76094
8.67023
8.58082
8.49299
8.40614
8.32068
8.13348
8.05213
7.97208
7.89334
7.81561
7.73887
7.57068
7.49729
7.42501
7.35377
7.2832
7.21355
7.05999
6.99273
6.9262
6.86053
6.79535
6.73081
6.58803
6.52535
6.46318
6.40165
6.34046
6.27982
6.1454
6.08618
6.02742
5.9692
5.91126
5.85373
5.72606
5.66982
5.61394
5.55853
5.50338
5.44858
5.32681
5.27313
5.21979
5.16689
5.11421
5.06185
4.94549
4.89418
4.84318
4.79261
4.74222
4.69217
4.58091
4.53186
4.48312
4.43481
4.38673
4.33895
4.23281
4.18608
4.13969
4.09374
4.04804
4.00268
3.90219
3.85804
3.8143
3.77114
3.72827
3.68581
3.59217
3.55123
3.51082
3.47098
3.43157
3.39277
3.30777
3.27091
3.23463
3.15166
3.04995
2.95311
2.75355
2.67228
2.59494
2.52167
2.45218
2.38587
2.24758
2.19077
2.13599
2.08334
2.03259
1.98387
1.88096
1.83811
1.7967
1.7567
1.71795
1.68052
1.60135
1.56761
1.53471
1.50279
1.47172
1.44218
1.37906
1.35172
1.32497
1.29898
1.27364
1.249
1.19634
1.17428
1.153
1.13196
1.11106
1.09081
1.04685
1.02794
1.00945
0.99142
0.973761
0.956518
0.91938
0.903527
0.888108
0.873494
0.859021
0.844722
0.813252
0.799517
0.785955
0.772591
0.759381
0.746367
0.717866
0.70549
0.69331
0.681353
0.669565
0.657974
0.6324
0.621265
0.610358
0.5997
0.589045
0.57851
