-2.58523
-2.7986
-3.03964
-3.31567
-3.62426
-3.95807
-4.31269
-4.68708
-5.08191
-5.49899
-5.94115
-6.41399
-6.92902
-7.50802
-8.17535
-8.93476
-9.76821
-10.6603
-11.6055
-12.6047
-13.6618
-14.7836
-15.9821
-17.2818
-18.7322
-20.4044
-22.3373
-24.4976
-26.8381
-29.3378
-31.9987
-34.8356
-37.8738
-41.1521
-44.7429
-48.7838
-53.5048
-59.1311
-65.7065
-73.1863
-81.6246
-91.225
-102.337
-115.515
-131.616
-152.035
-179.208
-216.999
-269.703
-336.24
-399.58
-417.756
-355.41
-207.095
-7.06723
192.807
341.122
403.957
386.559
325.326
261.719
211.722
175.33
148.642
128.287
112.104
98.8126
87.5944
77.9368
69.5714
62.4225
56.4631
51.4838
47.1774
43.3229
39.7955
36.5291
33.4836
30.633
27.9636
25.4827
23.228
21.2518
19.5503
18.0516
16.6865
15.4165
14.223
13.0959
12.0298
11.0215
10.0728
9.19522
8.40918
7.72424
7.12191
6.57469
6.06495
5.58414
5.12801
4.69407
4.28116
3.89023
3.52604
3.19735
2.45989
1.97724
1.63256
1.37212
1.16536
-2.58628
-2.79743
-2.79976
-3.03831
-3.04097
-3.31415
-3.31719
-3.62259
-3.62592
-3.95629
-3.95985
-4.31081
-4.31458
-4.68509
-4.68906
-5.07982
-5.08401
-5.49677
-5.5012
-5.93879
-5.94351
-6.41145
-6.41653
-6.92621
-6.93183
-7.50482
-7.51122
-8.17166
-8.17905
-8.93063
-8.9389
-9.76374
-9.77268
-10.6556
-10.6651
-11.6005
-11.6106
-12.5994
-12.61
-13.6562
-13.6674
-14.7777
-14.7896
-15.9757
-15.9885
-17.2747
-17.2888
-18.7242
-18.7402
-20.3951
-20.4137
-22.3267
-22.3479
-24.4859
-24.5093
-26.8256
-26.8506
-29.3245
-29.3512
-31.9846
-32.0129
-34.8205
-34.8508
-37.8575
-37.8901
-41.1344
-41.1698
-44.7234
-44.7625
-48.7614
-48.8062
-53.4781
-53.5314
-59.0995
-59.1626
-65.6702
-65.7429
-73.1453
-73.2273
-81.5782
-81.671
-91.1718
-91.2783
-102.275
-102.399
-115.44
-115.59
-131.523
-131.709
-151.914
-152.157
-179.044
-179.372
-216.768
-217.23
-269.387
-270.019
-335.881
-336.595
-399.327
-399.832
-417.85
-417.66
-355.966
-354.852
-208.041
-206.147
-8.14758
-5.98668
191.859
193.754
340.564
341.678
403.854
404.058
386.8
386.316
325.675
324.978
262.014
261.424
211.942
211.502
175.49
175.169
148.762
148.523
128.38
128.193
112.179
112.028
98.8753
98.7499
87.6481
87.5408
77.9832
77.8904
69.6115
69.5312
62.4562
62.3887
56.4911
56.4351
51.5075
51.4601
47.1984
47.1565
43.3419
43.3039
39.813
39.778
36.5454
36.5128
33.4989
33.4684
30.6473
30.6187
27.977
27.9503
25.495
25.4704
23.239
23.217
21.2613
21.2423
19.5585
19.5421
18.0589
18.0443
16.6933
16.6797
15.4228
15.4101
14.229
14.217
13.1016
13.0903
12.0351
12.0244
11.0265
11.0164
10.0776
10.0681
9.19954
9.1909
8.41297
8.40539
7.72754
7.72094
7.12486
7.11897
6.57741
6.57197
6.0675
6.06239
5.58656
5.58172
5.13031
5.12572
4.69625
4.69188
4.28324
4.27908
3.89219
3.88827
3.52783
3.52424
3.19894
3.19576
2.46292
2.45688
1.97931
1.97518
1.63408
1.63103
1.3733
1.37094
1.16629
-2.59416
-2.78872
-2.80853
-3.02835
-3.05099
-3.30282
-3.3286
-3.61012
-3.63844
-3.94295
-3.97323
-4.2967
-4.32872
-4.67021
-4.70398
-5.06411
-5.09975
-5.48016
-5.51786
-5.92114
-5.96122
-6.39245
-6.4356
-6.90524
-6.95294
-7.48088
-7.53532
-8.14403
-8.20688
-8.8997
-8.96998
-9.73029
-9.80624
-10.62
-10.7007
-11.5629
-11.6483
-12.5596
-12.6498
-13.614
-13.7096
-14.7329
-14.8345
-15.9276
-16.0368
-17.222
-17.3418
-18.6644
-18.8004
-20.3256
-20.4839
-22.2472
-22.4278
-24.3987
-24.5969
-26.7319
-26.9446
-29.2247
-29.4513
-31.8783
-32.1195
-34.707
-34.9646
-37.7357
-38.0124
-41.0023
-41.3026
-44.5771
-44.9096
-48.5941
-48.9748
-53.2791
-53.7326
-58.8638
-59.4002
-65.3985
-66.0164
-72.8385
-73.5358
-81.2313
-82.02
-90.7739
-91.6784
-101.811
-102.867
-114.881
-116.153
-130.832
-132.408
-151.016
-153.067
-177.825
-180.608
-215.047
-218.979
-267.025
-272.381
-333.173
-339.259
-397.36
-401.668
-418.487
-416.879
-360.053
-350.602
-215.08
-198.98
-16.2443
2.12335
184.711
200.805
336.299
345.767
402.987
404.737
388.612
384.45
328.287
322.372
264.24
259.222
213.603
209.866
176.698
173.985
149.661
147.635
129.083
127.497
112.748
111.465
99.3475
98.2815
88.0515
87.1403
78.3327
77.5436
69.9134
69.2313
62.7107
62.1364
56.7019
56.2261
51.6861
51.2827
47.3559
46.9999
43.4846
43.1618
39.9446
39.647
36.6677
36.3909
33.6131
33.3545
30.7544
30.5119
28.0771
27.8505
25.5873
25.3785
23.3215
23.135
21.3326
21.1715
19.6201
19.4808
18.1142
17.9893
16.7442
16.6289
15.4706
15.3625
14.2739
14.1721
13.1441
13.0478
12.0754
11.9843
11.0645
10.9785
10.1131
10.0327
9.23203
9.1586
8.44153
8.37702
7.75235
7.69628
7.14702
7.0969
6.59785
6.5516
6.08668
6.04328
5.60473
5.5636
5.14756
5.10851
4.71268
4.67549
4.29885
4.26351
3.90689
3.87363
3.54135
3.51078
3.21091
3.16576
2.48581
2.43448
1.99494
1.95981
1.64559
1.61971
1.38217
1.36214
1.17334
-2.61567
-2.64471
-2.67417
-2.7041
-2.73444
-2.76528
-2.83252
-2.86506
-2.89817
-2.93199
-2.96641
-3.00156
-3.0785
-3.11578
-3.15383
-3.1927
-3.23217
-3.27231
-3.35981
-3.40199
-3.44476
-3.48816
-3.53205
-3.57648
-3.67259
-3.71854
-3.76497
-3.81192
-3.85921
-3.90692
-4.00968
-4.05865
-4.10803
-4.15788
-4.20804
-4.25857
-4.36725
-4.419
-4.47113
-4.52375
-4.57667
-4.62998
-4.74461
-4.79917
-4.85414
-4.90962
-4.96543
-5.02168
-5.14262
-5.20021
-5.25825
-5.31687
-5.37585
-5.43528
-5.56323
-5.62421
-5.68569
-5.74783
-5.81036
-5.87346
-6.00952
-6.07448
-6.14008
-6.20647
-6.27346
-6.34119
-6.4877
-6.55794
-6.62916
-6.70141
-6.7746
-6.84884
-7.01067
-7.08879
-7.16833
-7.24959
-7.33222
-7.41658
-7.60141
-7.69131
-7.7831
-7.8769
-7.97241
-8.06977
-8.2831
-8.38627
-8.49126
-8.59816
-8.70645
-8.81632
-9.05484
-9.1692
-9.28497
-9.40221
-9.52048
-9.63999
-9.89773
-10.0208
-10.1449
-10.2703
-10.3966
-10.5239
-10.7979
-10.9284
-11.06
-11.1929
-11.3265
-11.4612
-11.751
-11.8891
-12.0281
-12.1685
-12.3098
-12.4522
-12.7585
-12.9044
-13.0515
-13.2001
-13.3495
-13.5003
-13.8247
-13.9794
-14.1354
-14.2931
-14.4518
-14.6119
-14.957
-15.1218
-15.2881
-15.4565
-15.6262
-15.7978
-16.1686
-16.3462
-16.5259
-16.7083
-16.8928
-17.08
-17.4868
-17.6831
-17.8825
-18.0862
-18.2929
-18.5035
-18.9657
-19.1903
-19.4197
-19.6547
-19.894
-20.1388
-20.6762
-20.9375
-21.2038
-21.4757
-21.7519
-22.0332
-22.6463
-22.9415
-23.2408
-23.5448
-23.8522
-24.1632
-24.8361
-25.158
-25.4832
-25.8124
-26.144
-26.4789
-27.2009
-27.5454
-27.8933
-28.2442
-28.5982
-28.9553
-29.7239
-30.0908
-30.4611
-30.8346
-31.2115
-31.5916
-32.4098
-32.8007
-33.1951
-33.5934
-33.9953
-34.4009
-35.2748
-35.6928
-36.1149
-36.5412
-36.972
-37.407
-38.3458
-38.7956
-39.2502
-39.71
-40.1752
-40.6462
-41.665
-42.1547
-42.651
-43.1546
-43.6655
-44.1836
-45.3124
-45.858
-46.4135
-46.9794
-47.5561
-48.1455
-49.4373
-50.0684
-50.7139
-51.376
-52.0537
-52.7479
-54.2834
-55.0349
-55.8054
-56.5943
-57.4033
-58.2315
-60.0519
-60.9389
-61.8444
-62.7682
-63.7098
-64.6691
-66.7643
-67.7786
-68.8109
-69.8608
-70.9279
-72.0137
-74.3795
-75.5233
-76.687
-77.8711
-79.0748
-80.2997
-82.9757
-84.2714
-85.5909
-86.9366
-88.3088
-89.7075
-92.7738
-94.2651
-95.789
-97.3468
-98.9375
-100.566
-104.154
-105.909
-107.708
-109.555
-111.446
-113.391
-117.705
-119.827
-122.011
-124.265
-126.587
-128.982
-134.338
-136.996
-139.749
-142.609
-145.567
-148.639
-155.575
-159.059
-162.695
-166.499
-170.46
-174.592
-184.043
-188.838
-193.864
-199.138
-204.682
-210.494
-223.836
-230.613
-237.683
-245.095
-252.779
-260.799
-278.902
-287.837
-296.982
-306.431
-316.077
-325.839
-346.555
-356.255
-365.733
-374.986
-383.594
-391.647
-406.236
-411.557
-415.655
-418.515
-419.928
-419.643
-414.163
-408.908
-401.905
-393.186
-382.755
-370.433
-338.515
-320.628
-301.158
-280.072
-257.486
-233.651
-179.151
-152.097
-124.278
-96.0017
-67.2056
-38.1141
23.9585
53.0636
81.8495
110.122
137.973
165.057
219.48
243.237
265.774
286.822
306.295
324.181
356.171
368.602
379.165
387.904
394.829
400.093
405.912
406.138
404.828
402.2
398.299
393.145
379.01
371.147
362.751
353.824
344.618
335.3
315.305
305.877
296.739
287.744
278.971
270.448
253.344
245.72
238.384
231.352
224.65
218.212
205.517
199.941
194.611
189.518
184.656
180.04
170.835
166.785
162.905
159.177
155.599
152.152
145.274
142.215
139.266
136.42
133.67
131.014
125.646
123.24
120.907
118.64
116.443
114.309
109.964
108.005
106.093
104.234
102.42
100.646
97.0257
95.3805
93.7729
92.2012
90.6633
89.1572
86.0656
84.6548
83.2736
81.9194
80.5914
79.2901
76.6128
75.39
74.1917
73.0174
71.8675
70.7409
68.4275
67.3756
66.348
65.3446
64.3653
63.4104
61.4617
60.5811
59.7226
58.887
58.0731
57.2808
55.6661
54.9344
54.2212
53.5239
52.8423
52.1754
50.8063
50.1806
49.5664
48.9628
48.37
47.7869
46.5784
46.0227
45.4748
44.9341
44.4008
43.8743
42.7787
42.2719
41.7714
41.2764
40.7871
40.3032
39.2936
38.8257
38.3624
37.904
37.4503
37.0011
36.0621
35.6264
35.1948
34.7674
34.3439
33.9245
33.047
32.6394
32.2357
31.8355
31.439
31.0462
30.2238
29.842
29.4637
29.0888
28.7176
28.3499
27.5815
27.2253
26.8728
26.5243
26.1798
25.8396
25.1308
24.8044
24.4828
24.1654
23.8537
23.5474
22.9148
22.6259
22.3429
22.0651
21.7939
21.5282
20.982
20.7335
20.4904
20.2515
20.0181
19.7891
19.3159
19.0992
18.886
18.6758
18.4691
18.2651
17.8409
17.645
17.4515
17.2599
17.0707
16.8833
16.4918
16.3103
16.1306
15.9521
15.7756
15.6007
15.234
15.0637
14.8949
14.7272
14.5612
14.3965
14.0509
13.8902
13.7309
13.5725
13.4156
13.26
12.9332
12.7813
12.6306
12.4807
12.3323
12.185
11.8758
11.732
11.5894
11.4477
11.3073
11.1681
10.8761
10.7405
10.6061
10.4727
10.3408
10.2102
9.9371
9.81076
9.68597
9.56245
9.4408
9.32086
9.07169
8.95741
8.84509
8.73455
8.62619
8.51988
8.30077
8.2008
8.10291
8.00679
7.91269
7.82036
7.62995
7.54279
7.45711
7.37257
7.28951
7.20762
7.0374
6.95884
6.88128
6.80445
6.72862
6.65358
6.49658
6.42379
6.35168
6.28009
6.20921
6.13896
5.99156
5.92308
5.85512
5.78756
5.72063
5.6542
5.51465
5.44974
5.38529
5.32119
5.25766
5.19455
5.06194
5.00021
4.9389
4.87791
4.81745
4.75741
4.63119
4.57243
4.51407
4.45602
4.3985
4.34139
4.22141
4.16565
4.11034
4.05536
4.00094
3.94698
3.83408
3.78178
3.73004
3.67879
3.62825
3.57832
3.47452
3.4268
3.37988
3.3336
3.28824
3.24371
3.07201
2.95327
2.84191
2.73792
2.64089
2.55008
2.37522
2.3001
2.22927
2.16253
2.09906
2.03847
1.91885
1.86622
1.81596
1.76789
1.72177
1.67753
1.58955
1.55028
1.51226
1.47544
1.43997
1.40654
1.33853
1.30776
1.27776
1.24838
1.22005
1.19289
