-2.58052
-2.792
-3.03166
-3.30814
-3.61848
-3.95374
-4.30914
-4.68371
-5.07822
-5.49415
-5.93428
-6.40366
-6.91322
-7.4875
-8.1544
-8.91785
-9.75537
-10.6503
-11.5965
-12.5949
-13.6494
-14.7666
-15.9567
-17.2434
-18.6786
-20.3424
-22.2807
-24.4518
-26.799
-29.2986
-31.9551
-34.7805
-37.7987
-41.0457
-44.5877
-48.5607
-53.2165
-58.8072
-65.3501
-72.7716
-81.1123
-90.5506
-101.432
-114.242
-129.817
-149.491
-175.579
-212.043
-263.102
-328.037
-389.708
-407.472
-346.645
-202.19
-7.07172
187.953
332.142
393.117
375.988
316.294
254.951
206.792
171.872
146.247
126.561
110.844
97.8941
86.9031
77.3801
69.0934
62.0036
56.1267
51.2403
47.0098
43.2044
39.7101
36.4645
33.4314
30.5843
27.913
25.4231
23.1595
21.1844
19.4978
18.016
16.6635
15.4006
14.2109
13.0853
12.019
11.0089
10.0568
9.17439
8.38607
7.70418
7.10792
6.56554
6.05861
5.57903
5.1232
4.68863
4.2743
3.88043
3.51184
3.18167
2.45344
1.97261
1.62915
1.36916
1.16418
-2.58156
-2.79084
-2.79315
-3.03034
-3.03299
-3.30663
-3.30965
-3.6168
-3.62015
-3.95196
-3.95553
-4.30725
-4.31102
-4.68172
-4.6857
-5.07613
-5.08032
-5.49194
-5.49636
-5.93194
-5.93662
-6.40114
-6.40617
-6.91045
-6.916
-7.48431
-7.49068
-8.15069
-8.15811
-8.91369
-8.922
-9.75088
-9.75985
-10.6456
-10.6551
-11.5915
-11.6016
-12.5896
-12.6002
-13.6438
-13.655
-14.7607
-14.7726
-15.9503
-15.9631
-17.2364
-17.2503
-18.6707
-18.6866
-20.3332
-20.3518
-22.27
-22.2914
-24.4401
-24.4635
-26.7865
-26.8115
-29.2853
-29.312
-31.941
-31.9693
-34.7654
-34.7956
-37.7825
-37.815
-41.0282
-41.0631
-44.5684
-44.6069
-48.5386
-48.5828
-53.1902
-53.2428
-58.7757
-58.8387
-65.3141
-65.3862
-72.731
-72.8122
-81.0666
-81.158
-90.4986
-90.6026
-101.372
-101.493
-114.169
-114.315
-129.728
-129.907
-149.376
-149.607
-175.421
-175.738
-211.819
-212.267
-262.798
-263.406
-327.691
-328.383
-389.462
-389.951
-407.559
-407.383
-347.183
-346.105
-203.112
-201.266
-8.12444
-6.01891
187.029
188.876
331.599
332.686
393.028
393.219
376.243
375.734
316.626
315.963
255.237
254.666
207.004
206.579
172.025
171.719
146.362
146.132
126.651
126.472
110.917
110.771
97.9554
97.8329
86.9556
86.8505
77.4262
77.334
69.1329
69.054
62.0371
61.9701
56.1542
56.0992
51.2636
51.2171
47.0305
46.9891
43.2231
43.1856
39.7275
39.6927
36.4807
36.4483
33.4465
33.4162
30.5985
30.57
27.9264
27.8997
25.4355
25.4108
23.1706
23.1485
21.1938
21.175
19.5059
19.4897
18.0233
18.0087
16.6703
16.6568
15.4069
15.3943
14.2169
14.2049
13.091
13.0797
12.0244
12.0137
11.014
11.0038
10.0615
10.052
9.17873
9.17005
8.38987
8.38228
7.70746
7.70091
7.11083
7.105
6.56824
6.56284
6.06116
6.05606
5.58144
5.57661
5.12549
5.1209
4.69082
4.68644
4.27639
4.27222
3.8824
3.87845
3.51366
3.51002
3.18326
3.18008
2.45645
2.45044
1.97467
1.97055
1.63068
1.62762
1.37033
1.36799
1.16511
-2.58937
-2.78221
-2.80184
-3.0204
-3.043
-3.29532
-3.32105
-3.60426
-3.63274
-3.93858
-3.96896
-4.29314
-4.32517
-4.6668
-4.70064
-5.06046
-5.09603
-5.47536
-5.51297
-5.91438
-5.95423
-6.38232
-6.42506
-6.88972
-6.93685
-7.46053
-7.51467
-8.12294
-8.18602
-8.88255
-8.95324
-9.71729
-9.79357
-10.61
-10.6908
-11.5539
-11.6393
-12.5499
-12.64
-13.6018
-13.6971
-14.7162
-14.8173
-15.9026
-16.0112
-17.1844
-17.3027
-18.6112
-18.7464
-20.2639
-20.4219
-22.1901
-22.3718
-24.3526
-24.5514
-26.6926
-26.9056
-29.1857
-29.412
-31.8351
-32.0756
-34.6525
-34.9089
-37.661
-37.9367
-40.8976
-41.1944
-44.4246
-44.7515
-48.3736
-48.7489
-52.9938
-53.4419
-58.5406
-59.0758
-65.0449
-65.6579
-72.4272
-73.1179
-80.7248
-81.5018
-90.1097
-90.994
-100.918
-101.948
-113.625
-114.864
-129.06
-130.586
-148.516
-150.48
-174.24
-176.937
-210.157
-213.952
-260.542
-265.703
-325.102
-330.985
-387.577
-391.735
-408.148
-406.627
-351.16
-341.998
-209.975
-194.283
-16.0168
1.88017
180.062
195.733
327.455
336.7
392.229
393.818
378.002
373.83
319.116
313.446
257.388
252.528
208.61
204.999
173.182
170.576
147.227
145.278
127.324
125.802
111.473
110.225
98.4165
97.3753
87.3512
86.4572
77.7716
76.9911
69.4319
68.7588
62.2894
61.722
56.3608
55.8941
51.4384
51.0435
47.1859
46.8345
43.3644
43.0447
39.8583
39.5626
36.6022
36.3272
33.5604
33.3026
30.7056
30.4633
28.0269
27.7998
25.5283
25.3184
23.2536
23.0662
21.2645
21.1047
19.5669
19.4291
18.078
17.9544
16.7208
16.6065
15.4543
15.3471
14.2617
14.1601
13.1335
13.0373
12.0647
11.9736
11.0521
10.9658
10.0973
10.0163
9.21138
9.13757
8.41839
8.35397
7.73209
7.67645
7.13277
7.08318
6.58852
6.54262
6.0802
6.03703
5.59961
5.55853
5.14275
5.10369
4.70727
4.67004
4.29211
4.25655
3.89727
3.86363
3.52738
3.49638
3.19516
3.15046
2.47921
2.42817
1.99025
1.95519
1.6422
1.61621
1.3791
1.35929
1.17213
-2.61072
-2.63949
-2.66862
-2.69835
-2.72845
-2.759
-2.82561
-2.85782
-2.89075
-2.92447
-2.95869
-2.99367
-3.07046
-3.10774
-3.14581
-3.18472
-3.22429
-3.26463
-3.35245
-3.3949
-3.43794
-3.48166
-3.52579
-3.57045
-3.66706
-3.71322
-3.75985
-3.80704
-3.85453
-3.90242
-4.00552
-4.05464
-4.10414
-4.15408
-4.20438
-4.25499
-4.36375
-4.41552
-4.4677
-4.52039
-4.57335
-4.62662
-4.74128
-4.79579
-4.85069
-4.90614
-4.9619
-5.01807
-5.13878
-5.19627
-5.25421
-5.31258
-5.37135
-5.43067
-5.55805
-5.61889
-5.68021
-5.74205
-5.80427
-5.867
-6.00222
-6.06675
-6.13189
-6.19784
-6.26442
-6.33152
-6.47665
-6.54623
-6.61662
-6.68822
-6.76055
-6.83396
-6.99405
-7.07151
-7.15028
-7.23088
-7.31307
-7.39672
-7.58047
-7.67003
-7.76174
-7.85547
-7.9509
-8.04851
-8.26264
-8.36643
-8.47177
-8.57916
-8.68804
-8.79862
-9.03849
-9.1533
-9.26979
-9.38765
-9.50645
-9.62654
-9.88544
-10.0089
-10.1335
-10.2593
-10.3861
-10.5138
-10.7882
-10.9188
-11.0504
-11.1835
-11.3171
-11.4522
-11.7421
-11.88
-12.019
-12.1593
-12.3004
-12.4425
-12.7484
-12.8943
-13.041
-13.1891
-13.3383
-13.4885
-13.8118
-13.9659
-14.1214
-14.2781
-14.4364
-14.5959
-14.9391
-15.1028
-15.2681
-15.4352
-15.6037
-15.7738
-16.1418
-16.318
-16.496
-16.6769
-16.8592
-17.0443
-17.4463
-17.6401
-17.8372
-18.0391
-18.2437
-18.4522
-18.91
-19.1326
-19.3604
-19.5941
-19.8335
-20.0777
-20.6143
-20.8759
-21.1429
-21.4159
-21.6933
-21.9749
-22.5917
-22.8888
-23.1895
-23.4951
-23.8037
-24.1162
-24.7914
-25.1147
-25.441
-25.771
-26.1035
-26.4391
-27.1622
-27.5069
-27.8553
-28.2062
-28.5599
-28.9167
-29.6844
-30.0512
-30.4211
-30.7937
-31.1694
-31.5492
-32.3647
-32.7544
-33.1477
-33.5444
-33.9448
-34.3484
-35.2177
-35.6326
-36.0519
-36.4759
-36.9037
-37.3353
-38.268
-38.714
-39.1641
-39.6193
-40.0796
-40.5453
-41.5524
-42.0362
-42.5275
-43.0237
-43.5269
-44.0373
-45.1468
-45.6844
-46.2302
-46.7862
-47.3529
-47.9323
-49.2032
-49.8246
-50.4625
-51.1145
-51.7819
-52.4681
-53.9885
-54.7334
-55.4956
-56.2807
-57.0844
-57.9105
-59.7231
-60.6051
-61.5058
-62.4261
-63.3657
-64.3213
-66.4017
-67.4102
-68.4343
-69.4763
-70.5353
-71.6107
-73.9537
-75.0854
-76.2388
-77.4103
-78.5944
-79.8061
-82.444
-83.7207
-85.0165
-86.3434
-87.6922
-89.0658
-92.0682
-93.5288
-95.0226
-96.5457
-98.1036
-99.6977
-103.198
-104.897
-106.645
-108.444
-110.282
-112.175
-116.367
-118.422
-120.552
-122.729
-124.968
-127.278
-132.441
-135.009
-137.66
-140.407
-143.261
-146.232
-152.894
-156.276
-159.748
-163.381
-167.176
-171.14
-180.237
-184.854
-189.712
-194.787
-200.128
-205.753
-218.643
-225.172
-232.015
-239.155
-246.656
-254.442
-272.066
-280.803
-289.863
-299.03
-308.346
-317.839
-338.151
-347.552
-356.85
-365.749
-374.206
-382.1
-396.215
-401.429
-405.402
-408.038
-409.346
-409.192
-403.806
-398.796
-392.078
-383.586
-373.377
-361.319
-330.16
-312.848
-293.936
-273.152
-251.191
-228.054
-174.932
-148.678
-121.411
-93.653
-65.6166
-37.1639
23.2853
51.6291
79.6792
107.398
134.562
160.846
213.832
237.108
259.073
279.585
298.396
315.61
346.793
358.691
369.022
377.482
384.379
389.454
394.88
395.075
393.802
391.145
387.468
382.468
368.501
360.793
352.708
344.011
335.08
325.92
306.681
297.675
288.72
280.023
271.547
263.366
246.78
239.44
232.392
225.654
219.218
213.05
200.82
195.492
190.411
185.553
180.857
176.375
167.536
163.692
159.913
156.372
152.957
149.634
142.998
140.036
137.197
134.414
131.759
129.184
124.008
121.663
119.399
117.205
115.08
113.003
108.761
106.851
104.992
103.191
101.422
99.6868
96.147
94.5375
92.9618
91.4221
89.9144
88.4379
85.3986
84.0086
82.6465
81.3105
80.0009
78.717
76.0703
74.8579
73.6722
72.5108
71.3714
70.2535
67.9655
66.9202
65.8989
64.9032
63.9314
62.9826
61.0563
60.186
59.3387
58.5121
57.71
56.9293
55.3457
54.6214
53.9214
53.238
52.5707
51.9173
50.5758
49.9597
49.3563
48.7642
48.1815
47.6092
46.418
45.87
45.3294
44.796
44.2712
43.7498
42.6656
42.1662
41.6708
41.1796
40.6951
40.215
39.2114
38.7471
38.2883
37.8318
37.3803
36.9338
36
35.5659
35.1358
34.7099
34.288
33.8701
32.9957
32.5886
32.1852
31.7864
31.3904
30.9975
30.1754
29.7928
29.4153
29.0405
28.6684
28.3003
27.5301
27.1729
26.8196
26.4699
26.1236
25.7816
25.0697
24.7419
24.4196
24.101
23.7877
23.4804
22.8451
22.5557
22.2726
21.9956
21.7248
21.4591
20.9162
20.6695
20.4286
20.1919
19.9598
19.7336
19.2663
19.0525
18.8413
18.6335
18.4292
18.2274
17.8076
17.6138
17.422
17.2321
17.0446
16.8588
16.4702
16.2898
16.111
15.9334
15.7579
15.5838
15.2192
15.0496
14.8807
14.7135
14.5481
14.3838
14.039
13.8785
13.7195
13.5615
13.4049
13.2494
12.9225
12.7707
12.6202
12.4704
12.3219
12.1745
11.8651
11.7211
11.5782
11.4362
11.2955
11.156
10.8632
10.7273
10.5925
10.4586
10.3261
10.1949
9.92015
9.79311
9.66773
9.54344
9.42108
9.30071
9.05016
8.93549
8.82258
8.71146
8.60286
8.49655
8.27777
8.17793
8.08051
7.98489
7.89153
7.79969
7.61073
7.52437
7.43967
7.35614
7.27388
7.19276
7.02443
6.94671
6.86966
6.7934
6.7183
6.64379
6.48792
6.41566
6.34393
6.27264
6.2021
6.13216
5.9853
5.91703
5.84938
5.78199
5.71525
5.64914
5.50966
5.4448
5.38051
5.31645
5.25284
5.18972
5.05712
4.99538
4.93405
4.87298
4.81241
4.75219
4.62567
4.5668
4.50827
4.44999
4.39227
4.3349
4.21418
4.15806
4.10236
4.04699
3.99215
3.93775
3.82366
3.77074
3.71839
3.66648
3.61531
3.56481
3.45975
3.41167
3.36434
3.31768
3.27208
3.22764
3.05792
2.94125
2.83157
2.72882
2.63327
2.54296
2.36975
2.29567
2.225
2.15774
2.09436
2.03379
1.91439
1.86192
1.81169
1.76362
1.71788
1.67397
1.58574
1.54624
1.50822
1.47165
1.43665
1.40321
1.33594
1.30544
1.27565
1.24672
1.21877
1.19176
