-2.23112
-2.37723
-2.53062
-2.69407
-2.87301
-3.07485
-3.30326
-3.5543
-3.82198
-4.10284
-4.39563
-4.7005
-5.01804
-5.34898
-5.69441
-6.05596
-6.43673
-6.84367
-7.29098
-7.79822
-8.37616
-9.01517
-9.69934
-10.4189
-11.1705
-11.9544
-12.7723
-13.6262
-14.5191
-15.4556
-16.4438
-17.5027
-18.6696
-19.9988
-21.5228
-23.2189
-25.0439
-26.9722
-28.9956
-31.1166
-33.3434
-35.6853
-38.1559
-40.7747
-43.5744
-46.618
-50.03
-53.9894
-58.6278
-63.927
-69.8118
-76.2724
-83.3801
-91.268
-100.14
-110.283
-122.099
-136.17
-153.443
-175.463
-204.8
-245.126
-298.996
-365.224
-431.504
-466.751
-443.122
-350.249
-194.424
-7.11882
180.218
335.684
428.198
452.151
417.786
353.2
289.779
238.893
200.628
172.18
150.401
133.078
118.872
106.915
96.6338
87.6335
79.6394
72.4913
66.135
60.6112
55.9305
51.942
48.426
45.2259
42.2558
39.4704
36.8427
34.3538
31.99
29.7407
27.6007
25.5748
23.6888
21.9878
20.5015
19.201
18.0257
16.9324
15.8979
14.912
13.9694
13.0668
12.2015
11.3717
10.5769
9.81972
9.10967
8.46376
7.89386
7.39078
6.93363
6.50585
6.09912
5.70967
5.33556
4.97555
4.62877
4.2946
3.97324
3.6669
3.38091
3.04211
2.45304
2.04991
1.74815
1.51126
1.31957
1.15868
1.02201
0.906292
-2.23204
-2.37628
-2.37819
-2.52961
-2.53162
-2.69298
-2.69516
-2.8718
-2.87421
-3.07348
-3.07623
-3.30172
-3.3048
-3.55264
-3.55596
-3.82022
-3.82373
-4.101
-4.10467
-4.39372
-4.39754
-4.69851
-4.70249
-5.01597
-5.02011
-5.34682
-5.35114
-5.69215
-5.69667
-6.0536
-6.05833
-6.43422
-6.43923
-6.84097
-6.84638
-7.28795
-7.29401
-7.79476
-7.80169
-8.37226
-8.38007
-9.01093
-9.01941
-9.69485
-9.70383
-10.4142
-10.4236
-11.1656
-11.1754
-11.9493
-11.9596
-12.767
-12.7776
-13.6206
-13.6318
-14.5133
-14.5249
-15.4494
-15.4617
-16.4373
-16.4504
-17.4957
-17.5098
-18.6617
-18.6775
-19.9897
-20.0079
-21.5125
-21.5331
-23.2076
-23.2301
-25.0319
-25.0559
-26.9596
-26.9848
-28.9824
-29.0089
-31.1028
-31.1305
-33.3288
-33.3579
-35.6699
-35.7006
-38.1397
-38.1721
-40.7575
-40.792
-43.5558
-43.593
-46.5976
-46.6385
-50.0067
-50.0534
-53.9619
-54.0168
-58.596
-58.6597
-63.8912
-63.9627
-69.7724
-69.8512
-76.2292
-76.3156
-83.3324
-83.4279
-91.2147
-91.3213
-100.079
-100.2
-110.214
-110.353
-122.017
-122.181
-136.071
-136.269
-153.319
-153.566
-175.302
-175.623
-204.583
-205.018
-244.827
-245.426
-298.606
-299.386
-364.782
-365.666
-431.138
-431.869
-466.694
-466.805
-443.492
-442.75
-351.067
-349.425
-195.555
-193.292
-8.34687
-5.89058
179.081
181.353
334.872
336.494
427.822
428.57
452.203
452.096
418.153
417.418
353.629
352.771
290.146
289.412
239.177
238.608
200.837
200.418
172.338
172.023
150.524
150.277
133.178
132.979
118.955
118.789
106.986
106.845
96.6951
96.5726
87.6876
87.5795
79.6877
79.5913
72.5345
72.4482
66.1731
66.097
60.6437
60.5786
55.9579
55.903
51.9657
51.9182
48.4473
48.4046
45.2455
45.2062
42.2742
42.2374
39.4877
39.4532
36.859
36.8264
34.3693
34.3383
32.0048
31.9753
29.7548
29.7267
27.614
27.5874
25.5873
25.5622
23.7003
23.6773
21.998
21.9777
20.5104
20.4927
19.2089
19.1932
18.0329
18.0185
16.9392
16.9256
15.9043
15.8915
14.9182
14.9059
13.9753
13.9635
13.0724
13.0611
12.207
12.1961
11.3769
11.3665
10.5818
10.5719
9.82442
9.81501
9.11402
9.10532
8.46765
8.45988
7.89727
7.89046
7.39382
7.38774
6.93644
6.93082
6.50852
6.50319
6.10167
6.09658
5.71211
5.70723
5.33791
5.33322
4.97781
4.9733
4.63095
4.6266
4.29669
4.2925
3.97525
3.97123
3.6688
3.665
3.38266
3.37916
3.0467
3.03753
2.45609
2.45
2.05211
2.04771
1.74984
1.74645
1.51263
1.50989
1.32068
1.31846
1.1596
1.15776
1.02282
1.02121
0.906969
-2.23844
-2.3696
-2.38489
-2.52257
-2.53869
-2.6854
-2.70278
-2.86337
-2.8827
-3.06387
-3.0859
-3.29099
-3.31559
-3.54102
-3.56762
-3.80795
-3.83603
-4.08818
-4.1175
-4.38038
-4.41092
-4.68461
-4.71642
-5.00149
-5.03463
-5.33173
-5.36628
-5.67638
-5.71248
-6.03706
-6.07491
-6.41672
-6.45678
-6.82205
-6.8654
-7.26682
-7.31531
-7.77058
-7.82606
-8.34503
-8.40748
-8.98128
-9.04916
-9.66345
-9.7353
-10.3813
-10.4565
-11.1313
-11.2098
-11.9136
-11.9954
-12.7297
-12.8151
-13.5816
-13.6709
-14.4725
-14.5659
-15.4065
-15.5047
-16.3918
-16.496
-17.4463
-17.5593
-18.6064
-18.7331
-19.9262
-20.0719
-21.4404
-21.6057
-23.1287
-23.3093
-24.948
-25.1401
-26.8713
-27.0734
-28.8899
-29.1016
-31.0057
-31.2279
-33.2268
-33.4601
-35.5626
-35.8082
-38.0262
-38.2859
-40.6369
-40.9131
-43.426
-43.7233
-46.4548
-46.7822
-49.8438
-50.2176
-53.7708
-54.2093
-58.3738
-58.8835
-63.6413
-64.2141
-69.4973
-70.1277
-75.9276
-76.6189
-82.9991
-83.7626
-90.8426
-91.696
-99.6585
-100.624
-109.729
-110.843
-121.446
-122.758
-135.383
-136.964
-152.461
-154.435
-174.187
-176.756
-203.077
-206.556
-242.743
-247.537
-295.89
-302.127
-361.69
-368.774
-428.544
-434.392
-466.221
-467.105
-446.012
-440.109
-356.609
-343.596
-203.439
-185.354
-16.9384
2.70127
171.086
189.263
329.078
342.079
425.162
431.083
452.496
451.642
420.632
414.831
356.656
349.714
292.736
286.857
241.177
236.634
202.316
198.965
173.447
170.931
151.394
149.417
133.879
132.286
119.538
118.212
107.482
106.353
97.1253
96.1456
88.0671
87.2022
80.0263
79.2551
72.8376
72.1471
66.4402
65.832
60.8727
60.3519
56.1509
55.712
52.1326
51.7525
48.597
48.2557
45.3833
45.0689
42.4029
42.1092
39.6088
39.3324
36.9735
36.7122
34.4779
34.2301
32.1081
31.8723
29.8531
29.6287
27.7074
27.4942
25.6753
25.4747
23.7811
23.5969
22.0697
21.9066
20.5725
20.4311
19.2639
19.1384
18.0835
17.9681
16.9867
16.8782
15.9495
15.8464
14.9613
14.8628
14.0166
13.9223
13.112
13.0217
12.2449
12.1583
11.4133
11.3303
10.6166
10.5372
9.8574
9.78214
9.14455
9.07494
8.49496
8.43275
7.9212
7.8667
7.41519
7.3665
6.95618
6.91115
6.52716
6.48459
6.11948
6.07881
5.72919
5.69019
5.35433
5.31683
4.99363
4.95751
4.6462
4.61138
4.31137
4.27784
3.98933
3.95719
3.68212
3.65173
3.39491
3.36695
3.07901
3.00567
2.47765
2.42895
2.06762
2.03244
1.76175
1.73466
1.52224
1.50039
1.32852
1.31069
1.16611
1.15134
1.02846
1.01562
0.911726
-2.25395
-2.27364
-2.29344
-2.31331
-2.33337
-2.35354
-2.40111
-2.42173
-2.44248
-2.46335
-2.48441
-2.50564
-2.55584
-2.5777
-2.59975
-2.62196
-2.64446
-2.6672
-2.72133
-2.74502
-2.76904
-2.79336
-2.81808
-2.8432
-2.90342
-2.92997
-2.95698
-2.98442
-3.01241
-3.04093
-3.10945
-3.13966
-3.17035
-3.20145
-3.23313
-3.26526
-3.34185
-3.37538
-3.4093
-3.44351
-3.47815
-3.51312
-3.5959
-3.63189
-3.66814
-3.70459
-3.74139
-3.77845
-3.86583
-3.90369
-3.94179
-3.98002
-4.01857
-4.05733
-4.14861
-4.18813
-4.22784
-4.26769
-4.30786
-4.34825
-4.44331
-4.48442
-4.52578
-4.56726
-4.60908
-4.65115
-4.75015
-4.79298
-4.83605
-4.87927
-4.92284
-4.96665
-5.06977
-5.11441
-5.15929
-5.20433
-5.24973
-5.29541
-5.40295
-5.44953
-5.49636
-5.54337
-5.59076
-5.63843
-5.75081
-5.79949
-5.84847
-5.89766
-5.9473
-5.99727
-6.11512
-6.16625
-6.21775
-6.26953
-6.32187
-6.37465
-6.49939
-6.55373
-6.60865
-6.66397
-6.72003
-6.77668
-6.91169
-6.97083
-7.0309
-7.09167
-7.15347
-7.21629
-7.36722
-7.43383
-7.5017
-7.57071
-7.64109
-7.71283
-7.8855
-7.96172
-8.03934
-8.11807
-8.1982
-8.2797
-8.47418
-8.55941
-8.64568
-8.73274
-8.82097
-8.91009
-9.12137
-9.21326
-9.3059
-9.39905
-9.49315
-9.58793
-9.81159
-9.90854
-10.0061
-10.104
-10.2028
-10.3022
-10.5363
-10.6377
-10.7396
-10.8419
-10.945
-11.0488
-11.293
-11.3987
-11.505
-11.6117
-11.7193
-11.8275
-12.0823
-12.1925
-12.3034
-12.4147
-12.5269
-12.6398
-12.9057
-13.0208
-13.1366
-13.2528
-13.37
-13.4879
-13.7656
-13.8859
-14.007
-14.1285
-14.251
-14.3743
-14.665
-14.791
-14.9179
-15.0453
-15.1739
-15.3034
-15.609
-15.7416
-15.8753
-16.0097
-16.1455
-16.2825
-16.6069
-16.7482
-16.8909
-17.0348
-17.1806
-17.3282
-17.6797
-17.834
-17.9904
-18.149
-18.3105
-18.4746
-18.8689
-19.0433
-19.221
-19.4016
-19.5863
-19.7745
-20.2282
-20.4289
-20.6333
-20.8408
-21.0524
-21.2676
-21.7821
-22.008
-22.2368
-22.468
-22.7024
-22.9394
-23.5015
-23.7463
-23.9934
-24.2419
-24.493
-24.7462
-25.3442
-25.6037
-25.865
-26.1275
-26.3924
-26.6591
-27.288
-27.5603
-27.8344
-28.1101
-28.3877
-28.6671
-29.3266
-29.6119
-29.899
-30.188
-30.479
-30.772
-31.4639
-31.7633
-32.0647
-32.3681
-32.6737
-32.9813
-33.7081
-34.0229
-34.3398
-34.6589
-34.9804
-35.3042
-36.0694
-36.4013
-36.7355
-37.0721
-37.4115
-37.7533
-38.5622
-38.9133
-39.2672
-39.6239
-39.9837
-40.3468
-41.207
-41.581
-41.9586
-42.3397
-42.7248
-43.1143
-44.04
-44.4437
-44.8529
-45.2675
-45.6874
-46.1132
-47.1325
-47.5809
-48.0366
-48.5013
-48.9739
-49.4553
-50.619
-51.1351
-51.662
-52.201
-52.7523
-53.3152
-54.6808
-55.2873
-55.9066
-56.539
-57.1844
-57.8424
-59.4293
-60.129
-60.8404
-61.5631
-62.2974
-63.0426
-64.8262
-65.6077
-66.3994
-67.2016
-68.0142
-68.8373
-70.8009
-71.6595
-72.5291
-73.4093
-74.3007
-75.2039
-77.3576
-78.3004
-79.2562
-80.2243
-81.2061
-82.2004
-84.5788
-85.6211
-86.6795
-87.7531
-88.8435
-89.9518
-92.6088
-93.7774
-94.965
-96.1728
-97.4022
-98.6519
-101.661
-102.99
-104.343
-105.723
-107.133
-108.569
-112.039
-113.576
-115.149
-116.758
-118.401
-120.083
-124.167
-125.987
-127.849
-129.767
-131.731
-133.746
-138.669
-140.882
-143.161
-145.508
-147.927
-150.427
-156.573
-159.355
-162.243
-165.229
-168.323
-171.54
-179.561
-183.216
-187.039
-191.019
-195.177
-199.511
-210.382
-215.406
-220.654
-226.131
-231.848
-237.813
-252.737
-259.549
-266.633
-273.986
-281.591
-289.44
-308.831
-317.508
-326.425
-335.486
-344.721
-354.182
-376.313
-385.842
-395.256
-404.473
-413.409
-422.047
-440.148
-446.733
-452.584
-457.497
-461.532
-464.597
-467.324
-466.727
-464.68
-461.492
-457.036
-451.391
-433.15
-423.166
-411.648
-399.021
-384.929
-369.608
-329.08
-309.598
-289.273
-267.75
-245.385
-222.276
-165.826
-140.823
-115.32
-89.5255
-63.6177
-37.6658
23.3717
49.4855
75.3682
101.028
126.489
151.495
208.146
231.254
253.498
274.808
295.144
314.521
355.035
370.3
384.292
396.963
408.271
418.166
436.417
442.115
446.651
450.012
452.023
452.712
450.028
447.225
443.362
438.463
432.68
426.292
408.467
400.17
391.487
382.43
373.289
364.021
342.501
333.483
324.585
315.903
307.396
299.128
280.791
273.355
266.201
259.257
252.542
246.107
231.991
226.349
220.941
215.75
210.756
205.97
195.529
191.36
187.348
183.493
179.762
176.181
168.348
165.188
162.119
159.155
156.294
153.528
147.377
144.888
142.465
140.109
137.82
135.599
130.634
128.601
126.621
124.689
122.806
120.967
116.836
115.135
113.473
111.848
110.255
108.695
105.179
103.722
102.295
100.897
99.5249
98.1758
95.1248
93.8549
92.6082
91.3832
90.1783
88.9929
86.2984
85.1757
84.0697
82.9809
81.9088
80.8528
78.4482
77.4444
76.4557
75.4813
74.5215
73.5764
71.426
70.5297
69.648
68.7813
67.9293
67.0927
65.1981
64.4132
63.6443
62.8909
62.1535
61.4329
59.8109
59.1431
58.4915
57.8547
57.2322
56.6237
55.2558
54.6903
54.1362
53.5942
53.0622
52.54
51.3555
50.862
50.3768
49.8987
49.4268
48.9613
47.8982
47.4522
47.0114
46.5757
46.1446
45.7181
44.7392
44.327
43.9186
43.514
43.1129
42.7155
41.8007
41.4146
41.0318
40.6523
40.276
39.9027
39.0421
38.6783
38.3175
37.9595
37.6042
37.2514
36.4375
36.0933
35.7517
35.4126
35.0757
34.7413
33.9695
33.6428
33.3184
32.9963
32.6763
32.3585
31.6245
31.3138
31.0051
30.6986
30.394
30.0915
29.3927
29.0969
28.8031
28.5114
28.2217
27.934
27.2701
26.9894
26.7109
26.4346
26.1606
25.8889
25.2644
25.0011
24.7405
24.4836
24.229
23.9777
23.4043
23.1645
22.9284
22.6968
22.4685
22.2442
21.7369
21.5262
21.3197
21.1176
20.9191
20.7242
20.2839
20.1007
19.9205
19.7438
19.5695
19.3979
19.0071
18.8431
18.6811
18.5214
18.3631
18.2064
17.8471
17.6955
17.5451
17.3965
17.2486
17.102
16.7642
16.6211
16.4791
16.3383
16.1982
16.0591
15.7381
15.6019
15.4666
15.3324
15.1987
15.0659
14.7592
14.6292
14.4998
14.3715
14.2437
14.1167
13.8232
13.6987
13.5748
13.452
13.3296
13.2079
12.9267
12.8072
12.6885
12.5708
12.4535
12.3368
12.0672
11.9527
11.8388
11.7259
11.6133
11.5014
11.2429
11.1332
11.0241
10.9159
10.8081
10.701
10.4537
10.3489
10.2448
10.1417
10.0392
9.93739
9.7032
9.60428
9.50634
9.4096
9.31368
9.2188
9.0021
8.91121
8.82175
8.73382
8.64697
8.56157
8.36792
8.28732
8.20819
8.13073
8.05444
7.97954
7.80992
7.73925
7.66966
7.60135
7.53381
7.46717
7.31558
7.25189
7.18888
7.12675
7.06512
7.00407
6.86393
6.80469
6.74589
6.68772
6.62982
6.57236
6.43983
6.38364
6.32783
6.27252
6.21737
6.16261
6.03602
5.98231
5.92892
5.87594
5.8231
5.77057
5.64916
5.59758
5.5463
5.49538
5.4446
5.39411
5.27736
5.22772
5.17835
5.12938
5.08054
5.03193
4.91952
4.87176
4.8242
4.77701
4.72996
4.68312
4.57474
4.52869
4.48286
4.43738
4.39203
4.34693
4.24257
4.19826
4.15416
4.11041
4.06681
4.02346
3.9234
3.88095
3.83881
3.7971
3.75563
3.71445
3.61985
3.57994
3.54045
3.50147
3.46286
3.42475
3.33772
3.30126
3.26524
3.22981
3.19479
3.15907
2.93103
2.84161
2.757
2.67737
2.60232
2.53134
2.37956
2.32002
2.26282
2.20801
2.15561
2.10587
1.99645
1.95258
1.91014
1.86923
1.8295
1.79113
1.70671
1.67243
1.63943
1.6075
1.57626
1.5458
1.47775
1.44992
1.42302
1.39719
1.37218
1.34763
1.29213
1.2691
1.24652
1.22445
1.20289
1.18213
1.13598
1.11614
1.09677
1.07815
1.06001
1.04226
1.00227
0.985746
0.96959
0.953841
0.938423
0.923375
