-2.43508
-2.73028
-3.08313
-3.51954
-4.0154
-4.55282
-5.13172
-5.75672
-6.43798
-7.21155
-8.17084
-9.34255
-10.6508
-12.0673
-13.5983
-15.2602
-17.0933
-19.2454
-21.9787
-25.2426
-28.8569
-32.7997
-37.121
-41.9126
-47.4067
-54.2923
-63.3573
-74.4377
-87.6308
-103.827
-124.809
-154.124
-200.221
-280.778
-401.091
-466.122
-327.233
-7.11882
312.672
451.446
388.153
272.587
196.215
151.083
121.616
100.374
83.9457
70.6653
60.095
52.2045
45.9791
40.6065
35.8009
31.441
27.461
23.8798
20.8938
18.5431
16.5361
14.7159
13.0386
11.4863
10.0523
8.76835
7.7155
6.85948
6.1004
5.40024
4.74811
4.13894
3.57668
2.94797
2.06317
1.55727
1.2167
-2.43605
-2.72917
-2.73139
-3.08175
-3.08451
-3.5179
-3.52119
-4.01359
-4.01721
-4.55087
-4.55477
-5.12962
-5.13383
-5.75445
-5.759
-6.43547
-6.44048
-7.20858
-7.21451
-8.16707
-8.1746
-9.33818
-9.34692
-10.646
-10.6556
-12.0622
-12.0725
-13.5928
-13.6039
-15.2542
-15.2663
-17.0865
-17.1002
-19.2369
-19.2538
-21.9681
-21.9894
-25.2305
-25.2547
-28.8437
-28.8701
-32.7852
-32.8141
-37.1052
-37.1369
-41.8949
-41.9304
-47.3856
-47.4277
-54.2646
-54.32
-63.3219
-63.3927
-74.3955
-74.4798
-87.5802
-87.6814
-103.764
-103.891
-124.724
-124.894
-154
-154.248
-200.013
-200.431
-280.417
-281.139
-400.66
-401.521
-466.21
-466.032
-328.118
-326.346
-8.34687
-5.89058
311.782
313.561
451.357
451.532
388.577
387.728
272.928
272.247
196.417
196.013
151.207
150.958
121.702
121.53
100.439
100.31
83.997
83.8943
70.7071
70.6236
60.127
60.0629
52.2285
52.1805
45.9991
45.9591
40.6242
40.5888
35.8169
35.785
31.4555
31.4264
27.4743
27.4477
23.8914
23.8681
20.903
20.8846
18.5506
18.5356
16.5428
16.5295
14.722
14.7098
13.0442
13.0329
11.4915
11.4811
10.0571
10.0476
8.77247
8.76423
7.71877
7.71224
6.86226
6.8567
6.10294
6.09785
5.4026
5.39788
4.75031
4.74591
4.141
4.13689
3.57854
3.57483
2.95234
2.94361
2.06539
2.06095
1.55869
1.55584
1.21771
-2.44458
-2.71952
-2.74112
-3.0697
-3.09666
-3.50351
-3.53564
-3.99778
-4.03307
-4.53384
-4.57185
-5.11127
-5.15223
-5.73458
-5.77892
-6.4136
-6.46243
-7.18275
-7.24058
-8.13429
-8.20768
-9.30002
-9.38523
-10.6044
-10.6973
-12.0172
-12.1176
-13.5441
-13.6527
-15.2011
-15.3195
-17.027
-17.16
-19.1636
-19.3278
-21.8753
-22.0827
-25.1251
-25.3606
-28.7284
-28.9857
-32.6594
-32.9404
-36.9667
-37.276
-41.7398
-42.0861
-47.2022
-47.6127
-54.0237
-54.5639
-63.0132
-63.7037
-74.0278
-74.85
-87.139
-88.126
-103.21
-104.45
-123.985
-125.643
-152.92
-155.345
-198.206
-202.277
-277.274
-284.312
-396.862
-405.248
-466.846
-465.135
-335.731
-318.446
-19.0849
4.83382
303.896
321.179
450.466
452.141
392.232
384
275.942
269.302
198.195
194.274
152.302
149.877
122.458
120.783
101.005
99.7482
84.4481
83.4467
71.0742
70.2595
60.4084
59.7845
52.4391
51.9717
46.1748
45.7844
40.7795
40.4343
35.9569
35.6455
31.5831
31.2993
27.5907
27.3318
23.9935
23.7667
20.9837
20.8045
18.616
18.4705
16.6011
16.4715
14.7755
14.6565
13.0936
12.9837
11.5373
11.4354
10.0991
10.0057
8.80867
8.72829
7.74748
7.68376
6.88665
6.83241
6.12521
6.07564
5.42328
5.37726
4.76961
4.72666
4.15901
4.11892
3.59485
3.55861
2.99107
2.90597
2.08502
2.04169
1.57121
1.54348
1.22666
-2.47289
-2.51439
-2.55656
-2.59949
-2.6433
-2.68794
-2.77364
-2.82171
-2.87132
-2.92259
-2.97561
-3.03059
-3.13731
-3.19777
-3.25996
-3.32387
-3.3894
-3.45637
-3.58367
-3.6541
-3.72567
-3.79816
-3.87149
-3.94581
-4.08562
-4.16238
-4.23998
-4.31853
-4.39783
-4.47785
-4.62857
-4.71114
-4.79469
-4.87917
-4.9647
-5.05104
-5.21324
-5.30249
-5.39251
-5.48372
-5.57597
-5.66929
-5.84502
-5.9417
-6.03977
-6.1389
-6.23958
-6.34184
-6.53547
-6.643
-6.75272
-6.86513
-6.98018
-7.09871
-7.32784
-7.45784
-7.59268
-7.73241
-7.87736
-8.02744
-8.31828
-8.48192
-8.64975
-8.82138
-8.99652
-9.17486
-9.51241
-9.69867
-9.88737
-10.0785
-10.2719
-10.4676
-10.8356
-11.0378
-11.2423
-11.4489
-11.658
-11.8695
-12.267
-12.4853
-12.7063
-12.9296
-13.1556
-13.3843
-13.8148
-14.0511
-14.2905
-14.5328
-14.7783
-15.027
-15.4961
-15.755
-16.0173
-16.2841
-16.5556
-16.8323
-17.3596
-17.6543
-17.9576
-18.2694
-18.5915
-18.9253
-19.5762
-19.9475
-20.333
-20.7327
-21.1462
-21.573
-22.3939
-22.853
-23.3223
-23.7994
-24.2852
-24.7789
-25.7118
-26.2259
-26.7469
-27.2748
-27.8091
-28.3502
-29.3695
-29.93
-30.4978
-31.0733
-31.6561
-32.2464
-33.3598
-33.9729
-34.5945
-35.2249
-35.8641
-36.5127
-37.7379
-38.4143
-39.1015
-39.7999
-40.5102
-41.2324
-42.6048
-43.3682
-44.1475
-44.9454
-45.7643
-46.6052
-48.2322
-49.1562
-50.1148
-51.1137
-52.1553
-53.2429
-55.3843
-56.6128
-57.8905
-59.2173
-60.5903
-62.0078
-64.7429
-66.2796
-67.8563
-69.4728
-71.13
-72.8288
-76.0837
-77.9067
-79.7784
-81.6995
-83.6726
-85.7011
-89.6143
-91.8235
-94.1025
-96.4565
-98.8909
-101.412
-106.328
-109.135
-112.054
-115.096
-118.274
-121.598
-128.163
-131.976
-135.985
-140.213
-144.698
-149.454
-159.073
-164.798
-170.932
-177.559
-184.691
-192.451
-208.601
-218.485
-229.242
-240.937
-253.582
-267.24
-295.165
-311.627
-328.974
-346.978
-365.5
-384.108
-417.211
-433.273
-446.843
-457.382
-464.421
-467.277
-460.819
-450.561
-435.423
-415.103
-389.781
-359.437
-291.202
-248.425
-202.737
-154.814
-105.029
-54.379
40.1685
90.7764
140.465
188.559
234.305
276.713
344.913
375.118
400.414
420.438
435.595
445.958
452.665
449.863
443.247
432.783
419.535
403.866
371.625
353.468
335.634
318.319
301.818
286.178
259.832
246.91
234.931
223.881
213.689
204.273
188.733
181.209
174.227
167.754
161.691
156.014
146.411
141.652
137.15
132.892
128.848
125.007
118.366
115.007
111.794
108.71
105.752
102.907
97.9235
95.3672
92.8961
90.5084
88.1963
85.9565
81.9899
79.9354
77.9422
76.0067
74.1266
72.3028
69.0758
67.4127
65.8084
64.2633
62.7789
61.3565
58.8854
57.6354
56.4399
55.297
54.1995
53.1457
51.2923
50.3364
49.4075
48.5034
47.6214
46.7597
45.2136
44.4015
43.6045
42.8215
42.052
41.2954
39.9281
39.2056
38.494
37.7933
37.1027
36.4219
35.1879
34.5342
33.8895
33.2535
32.6259
32.0066
30.8821
30.2857
29.6969
29.1159
28.5426
27.9771
26.9517
26.4093
25.8757
25.3513
24.8372
24.3342
23.4355
22.969
22.5174
22.0815
21.66
21.2548
20.5445
20.1806
19.8284
19.4877
19.1567
18.8344
18.2572
17.9545
17.6574
17.3656
17.0777
16.7945
16.2807
16.0084
15.7397
15.4742
15.2121
14.9527
14.4814
14.2309
13.9833
13.7386
13.4966
13.2576
12.8217
12.5901
12.361
12.1345
11.9105
11.6889
11.2855
11.071
10.859
10.6495
10.4426
10.2385
9.8685
9.67298
9.48105
9.29293
9.10901
8.92962
8.61119
8.44668
8.2877
8.13433
7.98635
7.84342
7.59102
7.46006
7.33285
7.20856
7.08698
6.96776
6.75261
6.63888
6.5269
6.41609
6.30689
6.19899
6.00265
5.89829
5.79501
5.69299
5.5918
5.4918
5.30946
5.21231
5.1162
5.02103
4.92693
4.83355
4.66344
4.57269
4.48275
4.39383
4.30581
4.21878
4.05989
3.97555
3.89215
3.80979
3.72878
3.64908
3.50556
3.43043
3.35723
3.28585
3.21622
3.12414
2.78795
2.63276
2.49439
2.36949
2.25626
2.15167
1.98046
1.89692
1.81876
1.74578
1.67734
1.61351
1.50357
1.44851
1.39689
1.34843
1.3017
1.25672
