-1.82571
-2.08245
-2.35868
-2.66083
-3.0191
-3.4781
-4.00715
-4.58122
-5.20062
-5.87194
-6.60586
-7.46198
-8.57288
-9.89836
-11.3501
-12.92
-14.6259
-16.4918
-18.6329
-21.4046
-24.8451
-28.6752
-32.8581
-37.4578
-42.5691
-48.4908
-56.2504
-66.5832
-79.0065
-93.958
-112.772
-138.26
-176.606
-245.015
-360.621
-448.014
-328.709
-7.06233
313.393
432.942
346.99
238.121
173.427
135.265
109.501
90.3462
75.177
62.9223
53.8541
47.0631
41.2916
36.1482
31.5006
27.2618
23.4593
20.3833
18.0176
15.9598
14.0822
12.3533
10.7539
9.29179
8.05657
7.09975
6.27661
5.52163
4.82049
4.16575
3.55918
2.85254
1.97747
1.47559
1.14295
0.900082
0.718353
-1.82653
-2.08158
-2.08332
-2.35773
-2.35962
-2.65974
-2.66191
-3.01777
-3.02044
-3.47645
-3.47975
-4.00535
-4.00896
-4.57925
-4.58319
-5.1985
-5.20273
-5.86965
-5.87425
-6.60331
-6.60841
-7.45882
-7.46517
-8.56878
-8.57697
-9.89379
-9.90293
-11.3452
-11.355
-12.9147
-12.9254
-14.62
-14.6317
-16.4853
-16.4983
-18.6251
-18.6408
-21.3942
-21.415
-24.8331
-24.8571
-28.6619
-28.6884
-32.8437
-32.8724
-37.442
-37.4737
-42.5513
-42.587
-48.469
-48.5126
-56.2205
-56.2804
-66.5457
-66.6207
-78.9621
-79.0509
-93.9034
-94.0125
-112.701
-112.842
-138.161
-138.36
-176.444
-176.769
-244.715
-245.315
-360.188
-361.053
-448.003
-448.024
-329.445
-327.971
-8.24263
-5.88183
312.617
314.198
432.954
432.928
347.402
346.578
238.4
237.843
173.585
173.27
135.366
135.165
109.573
109.429
90.4028
90.2895
75.222
75.132
62.9575
62.8871
53.879
53.8293
47.0833
47.0428
41.3094
41.2738
36.1643
36.1322
31.5151
31.4862
27.275
27.2485
23.4708
23.4477
20.392
20.3746
18.0248
18.0105
15.9662
15.9534
14.0881
14.0763
12.3587
12.348
10.7589
10.7489
9.29631
9.28727
8.06011
8.05304
7.1026
7.09689
6.27919
6.27404
5.52402
5.51924
4.82272
4.81827
4.16782
4.16367
3.56107
3.55729
2.8566
2.84848
1.97955
1.9754
1.47691
1.47428
1.14387
1.14203
0.900753
0.899411
0.718898
-1.83394
-2.07374
-2.09118
-2.34925
-2.36813
-2.65028
-2.67167
-3.00584
-3.03249
-3.46164
-3.49463
-3.98911
-4.02529
-4.56153
-4.60096
-5.17949
-5.22179
-5.84897
-5.89498
-6.58041
-6.63141
-7.43042
-7.49388
-8.53206
-8.6139
-9.85268
-9.94494
-11.3003
-11.3994
-12.8664
-12.9738
-14.5676
-14.6845
-16.4272
-16.5566
-18.5544
-18.7116
-21.3008
-21.5091
-24.7253
-24.9657
-28.5429
-28.8064
-32.7144
-33.002
-37.3008
-37.6168
-42.3907
-42.748
-48.2734
-48.708
-55.9527
-56.5514
-66.2091
-66.9593
-78.5638
-79.4522
-93.4144
-94.5054
-112.068
-113.478
-137.269
-139.265
-175.079
-178.248
-242.049
-248.042
-356.295
-364.88
-447.511
-448.019
-336.021
-321.03
-18.8603
4.73972
305.913
321.548
432.97
432.665
351.103
342.864
240.945
235.371
175.043
171.876
136.28
134.266
110.22
108.788
90.905
89.791
75.6281
74.7296
63.2764
62.5715
54.1038
53.6048
47.2662
46.8611
41.4701
41.1137
36.3087
35.9882
31.645
31.3563
27.3947
27.1292
23.575
23.3443
20.4705
20.2966
18.0892
17.946
16.0241
15.8957
14.1414
14.0232
12.4074
12.2988
10.8044
10.7035
9.33711
9.24668
8.09224
8.02135
7.12824
7.07111
6.30243
6.25088
5.54553
5.4978
4.84271
4.79811
4.18653
4.14498
3.57818
3.54029
2.89352
2.81248
1.99834
1.95689
1.48888
1.46251
1.15218
1.1338
0.906831
0.893414
0.723817
-1.85883
-1.89567
-1.93288
-1.97057
-2.00862
-2.04705
-2.1181
-2.15776
-2.19767
-2.23817
-2.27913
-2.32056
-2.39721
-2.44017
-2.4837
-2.52812
-2.57265
-2.61838
-2.70423
-2.75329
-2.80345
-2.85573
-2.90964
-2.9659
-3.07419
-3.13747
-3.20296
-3.27065
-3.3405
-3.41171
-3.54573
-3.62115
-3.69791
-3.77556
-3.85419
-3.93415
-4.08107
-4.16332
-4.24658
-4.33115
-4.4159
-4.50197
-4.6609
-4.74958
-4.83936
-4.93039
-5.02224
-5.11516
-5.2871
-5.38336
-5.48077
-5.57882
-5.67831
-5.77918
-5.96626
-6.06999
-6.17576
-6.2834
-6.39232
-6.5032
-6.71094
-6.82895
-6.94895
-7.07392
-7.20191
-7.33571
-7.59324
-7.74366
-7.90074
-8.06447
-8.23371
-8.40908
-8.74103
-8.92847
-9.12146
-9.31552
-9.51337
-9.71428
-10.0857
-10.2934
-10.5028
-10.7157
-10.9312
-11.1489
-11.5513
-11.7761
-12.0036
-12.234
-12.4673
-12.7031
-13.1392
-13.3832
-13.6313
-13.8813
-14.1351
-14.3902
-14.865
-15.1312
-15.3998
-15.6731
-15.9498
-16.2315
-16.7562
-17.0527
-17.3558
-17.6689
-17.9878
-18.32
-18.9563
-19.3282
-19.7166
-20.1237
-20.5476
-20.9894
-21.8357
-22.3161
-22.8121
-23.3199
-23.8355
-24.3615
-25.3351
-25.8845
-26.4369
-26.9979
-27.5664
-28.1429
-29.2095
-29.8076
-30.4131
-31.0263
-31.6472
-32.2771
-33.4452
-34.1002
-34.7648
-35.4393
-36.1247
-36.8203
-38.1063
-38.831
-39.5679
-40.32
-41.0769
-41.8516
-43.2988
-44.1186
-44.9585
-45.8243
-46.712
-47.6262
-49.3826
-50.4112
-51.4876
-52.62
-53.8098
-55.0606
-57.4892
-58.9057
-60.3766
-61.8985
-63.4665
-65.0804
-68.1212
-69.8524
-71.6276
-73.4458
-75.3109
-77.2264
-80.8291
-82.8847
-85.0016
-87.1989
-89.4568
-91.779
-96.1989
-98.757
-101.407
-104.152
-107.01
-109.953
-115.68
-119.091
-122.612
-126.305
-130.19
-134.33
-142.438
-147.297
-152.463
-158.026
-163.935
-170.374
-183.509
-191.733
-200.499
-210.523
-221.374
-233.301
-257.705
-272.734
-288.915
-305.23
-324.257
-343.108
-376.879
-395.937
-412.712
-426.768
-437.151
-444.784
-446.813
-440.13
-427.425
-410.652
-387.326
-359.268
-294.655
-252.644
-206.532
-157.411
-106.814
-54.6727
40.5028
92.3156
143.192
192.424
238.176
280.023
345.082
373.545
396.464
413.537
425.271
431.617
430.15
423.004
411.824
397.898
381.34
363.606
330.205
312.242
295.067
278.914
263.9
249.661
227.255
216.152
206.009
196.596
188.062
180.213
167.292
160.964
154.997
149.476
144.265
139.463
131.262
127.095
123.189
119.45
115.879
112.464
106.615
103.589
100.698
97.9157
95.2295
92.6293
88.1331
85.7574
83.4787
81.2648
79.114
77.0254
73.3806
71.4554
69.5916
67.7895
66.0526
64.3772
61.5234
60.056
58.6606
57.3377
56.0831
54.8865
52.8522
51.7955
50.7774
49.7882
48.8321
47.8937
46.2499
45.3722
44.5108
43.6653
42.838
42.0206
40.574
39.7963
39.0307
38.2779
37.5336
36.8027
35.502
34.8011
34.1125
33.43
32.7571
32.0939
30.9124
30.2753
29.6459
29.0235
28.4119
27.804
26.7269
26.147
25.5784
25.0168
24.4693
23.9322
22.9994
22.5089
22.0382
21.5866
21.1555
20.7426
20.0366
19.6715
19.3146
18.9703
18.6367
18.3086
17.73
17.419
17.1153
16.8128
16.5153
16.2223
15.7017
15.4183
15.1394
14.8647
14.5919
14.325
13.8437
13.5838
13.327
13.0736
12.8232
12.5752
12.1318
11.8919
11.655
11.4206
11.1898
10.9599
10.5505
10.3292
10.1112
9.89601
9.68449
9.47674
9.111
8.91624
8.72827
8.54611
8.37111
8.20337
7.9154
7.76603
7.62211
7.48263
7.34753
7.21607
6.98454
6.86047
6.73805
6.61749
6.49886
6.38187
6.17256
6.05943
5.94782
5.83747
5.72752
5.61916
5.4252
5.3202
5.21627
5.11341
5.01168
4.91103
4.73052
4.63267
4.53575
4.43956
4.34453
4.25041
4.08176
3.99037
3.90019
3.8109
3.72302
3.63657
3.4835
3.40157
3.32285
3.24629
3.17335
3.02537
2.69642
2.5433
2.4056
2.28152
2.16847
2.0646
1.89586
1.81211
1.73465
1.66265
1.59451
1.53066
1.42375
1.37055
1.3199
1.27116
1.22478
1.18093
1.10631
1.06713
1.02969
0.994069
0.96022
0.927987
0.873685
0.845776
0.818531
0.791918
0.765999
0.740743
