-2.23825
-2.50582
-2.80619
-3.16355
-3.59107
-4.07225
-4.59528
-5.15986
-5.77115
-6.4407
-7.20058
-8.11655
-9.21808
-10.4597
-11.8127
-13.2778
-14.8705
-16.6251
-18.6365
-21.0889
-24.0523
-27.4055
-31.0863
-35.1169
-39.5683
-44.5868
-50.5301
-58.0573
-67.5156
-78.8518
-92.4307
-109.257
-131.246
-162.196
-210.129
-286.841
-383.29
-414.529
-280.34
-7.06723
266.043
400.471
370.842
278.014
205.167
158.687
127.913
105.793
88.8109
75.1677
64.1169
55.5119
48.7945
43.1712
38.2213
33.766
29.7162
26.0414
22.8114
20.1507
17.9636
16.0493
14.31
12.709
11.2303
9.8734
8.67178
7.67175
6.835
6.0918
5.40933
4.77539
4.18511
3.64215
3.11228
2.179
1.6425
1.28454
1.02447
0.830889
-2.23918
-2.5048
-2.50683
-2.80502
-2.80736
-3.16213
-3.16498
-3.58942
-3.59272
-4.07044
-4.07407
-4.59332
-4.59724
-5.15774
-5.16198
-5.76885
-5.77345
-6.43815
-6.44324
-7.19759
-7.20356
-8.1129
-8.12021
-9.21382
-9.22234
-10.4551
-10.4644
-11.8076
-11.8178
-13.2723
-13.2833
-14.8645
-14.8766
-16.6184
-16.6319
-18.6286
-18.6445
-21.0791
-21.0987
-24.0408
-24.0637
-27.3928
-27.4182
-31.0725
-31.1002
-35.1016
-35.1321
-39.5514
-39.5853
-44.5674
-44.6063
-50.5062
-50.554
-58.0265
-58.088
-67.4781
-67.5531
-78.8073
-78.8963
-92.3768
-92.4848
-109.189
-109.326
-131.154
-131.338
-162.06
-162.332
-209.91
-210.348
-286.51
-287.173
-382.984
-383.594
-414.681
-414.374
-281.144
-279.537
-8.14758
-5.98668
265.237
266.847
400.31
400.629
371.147
370.536
278.332
277.696
205.377
204.957
158.82
158.554
128.006
127.82
105.862
105.724
88.8654
88.7563
75.2121
75.1233
64.1523
64.0816
55.539
55.4847
48.8164
48.7726
43.1902
43.1523
38.2382
38.2044
33.7813
33.7507
29.7302
29.7023
26.054
26.0289
22.8221
22.8007
20.1594
20.1421
17.9709
17.9563
16.0559
16.0428
14.316
14.304
12.7145
12.7034
11.2354
11.2251
9.87805
9.86875
8.67575
8.66781
7.67501
7.66849
6.83783
6.83218
6.09437
6.08924
5.4117
5.40696
4.7776
4.77318
4.18716
4.18306
3.64401
3.6403
3.11688
3.1077
2.18142
2.17659
1.64404
1.64097
1.28564
1.28343
1.02529
1.02366
0.8315
-2.24704
-2.4962
-2.51548
-2.79511
-2.81733
-3.15008
-3.17712
-3.57541
-3.6068
-4.05503
-4.08952
-4.57667
-4.61394
-5.13977
-5.18001
-5.74932
-5.79304
-6.41653
-6.46495
-7.17233
-7.229
-8.08195
-8.15138
-9.17769
-9.25863
-10.4153
-10.5044
-11.7645
-11.861
-13.2256
-13.3302
-14.8136
-14.9277
-16.5616
-16.6891
-18.5613
-18.7122
-20.9959
-21.1825
-23.9434
-24.1615
-27.285
-27.5263
-30.9545
-31.2185
-34.9722
-35.262
-39.4075
-39.7299
-44.4025
-44.7723
-50.3041
-50.758
-57.7666
-58.3499
-67.1604
-67.8729
-78.4299
-79.2763
-91.9194
-92.9458
-108.609
-109.911
-130.373
-132.127
-160.915
-163.496
-208.069
-212.228
-283.717
-290.007
-380.351
-386.152
-415.863
-412.952
-287.886
-272.611
-17.3231
3.20547
258.296
273.588
398.862
401.884
373.682
367.934
281.048
275.015
207.177
203.189
159.964
157.427
128.801
127.037
106.453
105.14
89.331
88.2946
75.5908
74.7474
64.4545
63.7826
55.771
55.2551
49.0032
48.587
43.3514
42.9918
38.3822
38.061
33.9116
33.6208
29.849
29.584
26.1609
25.9225
22.9132
22.7103
20.2328
20.0692
18.0332
17.8943
16.1118
15.9871
14.3672
14.2529
12.7618
12.6563
11.279
11.1816
9.91769
9.82928
8.70981
8.63411
7.70285
7.64082
6.86186
6.80825
6.11619
6.0675
5.43189
5.38683
4.79639
4.75443
4.20463
4.16565
3.65983
3.62455
3.15636
3.06908
2.20216
2.15621
1.65724
1.628
1.29498
1.27409
1.03224
1.01678
0.836707
-2.27303
-2.311
-2.3495
-2.38847
-2.42798
-2.46809
-2.54409
-2.58612
-2.62894
-2.67258
-2.71723
-2.76287
-2.85055
-2.89964
-2.95021
-3.00228
-3.05584
-3.11101
-3.21748
-3.27708
-3.33822
-3.40074
-3.46456
-3.5297
-3.65343
-3.72177
-3.79107
-3.86131
-3.93248
-4.00465
-4.14061
-4.21518
-4.29069
-4.36697
-4.44411
-4.5222
-4.66912
-4.74971
-4.83111
-4.91341
-4.99676
-5.08097
-5.2396
-5.32661
-5.41476
-5.50387
-5.59405
-5.68547
-5.85784
-5.9526
-6.0488
-6.14627
-6.24536
-6.34595
-6.53702
-6.64291
-6.75102
-6.86139
-6.97442
-7.09038
-7.31366
-7.43921
-7.56864
-7.70205
-7.83959
-7.98148
-8.25528
-8.40874
-8.56635
-8.72737
-8.89188
-9.05987
-9.37884
-9.55491
-9.73386
-9.91511
-10.0988
-10.2851
-10.6364
-10.8291
-11.0243
-11.2216
-11.4212
-11.6234
-12.004
-12.2126
-12.424
-12.6376
-12.8538
-13.0727
-13.4852
-13.7116
-13.9411
-14.1733
-14.4084
-14.6469
-15.0971
-15.3449
-15.5967
-15.8522
-16.1118
-16.3762
-16.8788
-17.1584
-17.4435
-17.7357
-18.0352
-18.3433
-18.9379
-19.273
-19.6194
-19.9764
-20.3455
-20.7258
-21.4616
-21.8741
-22.298
-22.7313
-23.1738
-23.6259
-24.4853
-24.9602
-25.4429
-25.9323
-26.4288
-26.9327
-27.8842
-28.4073
-28.9372
-29.4741
-30.018
-30.569
-31.6098
-32.1818
-32.7615
-33.3493
-33.9452
-34.5493
-35.6922
-36.3217
-36.9606
-37.6095
-38.2683
-38.938
-40.209
-40.9122
-41.6284
-42.3586
-43.1041
-43.8656
-45.3249
-46.1403
-46.9784
-47.8412
-48.7307
-49.6496
-51.4407
-52.4573
-53.5125
-54.6096
-55.7469
-56.9262
-59.2246
-60.5243
-61.8655
-63.2469
-64.6676
-66.1275
-68.9373
-70.5084
-72.1196
-73.7717
-75.4649
-77.2021
-80.5413
-82.4117
-84.3336
-86.3079
-88.3407
-90.433
-94.4852
-96.7719
-99.1326
-101.577
-104.109
-106.734
-111.869
-114.798
-117.856
-121.041
-124.374
-127.858
-134.784
-138.796
-143.033
-147.5
-152.233
-157.248
-167.451
-173.464
-179.913
-186.816
-194.235
-202.215
-218.618
-228.434
-238.918
-250.122
-261.996
-274.618
-299.474
-313.722
-328.231
-342.733
-357.177
-371.187
-394.304
-404.508
-412.451
-417.767
-419.969
-418.672
-407.042
-395.324
-379.635
-359.941
-336.456
-308.958
-248.867
-212.394
-173.273
-132.512
-90.4343
-47.3174
33.2028
76.268
118.319
159.197
198.112
234.709
294.641
322.104
345.656
365.437
381.282
392.94
404.93
406.215
404.131
399.179
391.442
381.591
359.066
345.516
331.608
317.613
303.649
290.141
266.358
254.487
243.178
232.522
222.581
213.26
197.566
189.879
182.72
176.019
169.732
163.836
153.809
148.836
144.141
139.688
135.47
131.459
124.519
121.016
117.665
114.46
111.382
108.43
103.252
100.6
98.0459
95.5777
93.1929
90.8853
86.7971
84.6869
82.6411
80.6538
78.7253
76.8538
73.5276
71.8099
70.1445
68.5305
66.9709
65.465
62.8144
61.4603
60.1579
58.906
57.7021
56.5461
54.5135
53.4722
52.4649
51.4907
50.5448
49.6253
47.9835
47.1277
46.2919
45.4739
44.6723
43.8863
42.4679
41.7217
40.9884
40.267
39.5577
38.8593
37.5924
36.9236
36.2647
35.6151
34.9747
34.3433
33.196
32.5891
31.9904
31.3997
30.817
30.242
29.1971
28.6446
28.1
27.5634
27.035
26.5153
25.5756
25.0818
24.5989
24.1266
23.6653
23.2165
22.4174
22.0042
21.6047
21.2168
20.8413
20.478
19.8326
19.4984
19.1722
18.8546
18.5438
18.2398
17.692
17.4037
17.1207
16.8418
16.5675
16.2967
15.8051
15.5447
15.2879
15.0344
14.7838
14.5365
14.0859
13.8467
13.6105
13.3771
13.1461
12.9181
12.5021
12.2812
12.063
11.8474
11.634
11.4233
11.0394
10.8358
10.635
10.4369
10.2413
10.049
9.7006
9.51723
9.33776
9.16204
8.99023
8.82297
8.52454
8.36986
8.21977
8.07427
7.93283
7.79551
7.55091
7.42354
7.29924
7.17761
7.0584
6.94147
6.73015
6.61862
6.50885
6.40061
6.29372
6.18832
5.99638
5.89462
5.79387
5.69439
5.59588
5.49859
5.32096
5.22646
5.13307
5.04063
4.94904
4.85849
4.69308
4.60517
4.51803
4.43192
4.34673
4.26237
4.10871
4.02714
3.94668
3.86739
3.78916
3.71226
3.57321
3.50023
3.42889
3.35929
3.29138
3.22528
2.94714
2.78464
2.63813
2.50536
2.38439
2.27338
2.0912
2.00253
1.91994
1.8424
1.76997
1.70191
1.58647
1.52863
1.47351
1.42165
1.37312
1.3263
1.24404
1.20248
1.16368
1.12654
1.09022
1.0555
0.994658
0.96384
0.934311
0.906143
0.879485
0.853999
