-2.11906
-2.39316
-2.69729
-3.05632
-3.496
-4.00183
-4.55566
-5.15609
-5.80873
-6.52815
-7.35782
-8.38157
-9.60912
-10.9798
-12.4735
-14.0996
-15.8843
-17.9022
-20.3503
-23.3954
-26.9151
-30.8054
-35.0855
-39.8351
-45.2357
-51.7666
-60.2489
-70.9165
-83.7571
-99.4712
-119.666
-147.583
-190.289
-261.505
-362.609
-415.531
-292.409
-7.06052
278.27
401.441
350.418
253.752
186.127
144.246
116.305
95.9243
80.0625
67.3313
57.433
49.9307
43.8154
38.4945
33.7356
29.4312
25.5496
22.1961
19.503
17.2847
15.3238
13.5378
11.8969
10.39
9.03842
7.90693
6.98487
6.18137
5.44861
4.77073
4.14154
3.56638
2.8638
2.00604
1.5048
1.16921
0.924817
-2.11995
-2.39219
-2.39413
-2.69619
-2.69839
-3.05498
-3.05767
-3.49438
-3.49761
-4.00003
-4.00363
-4.55371
-4.55761
-5.15398
-5.15821
-5.80643
-5.81104
-6.52557
-6.53073
-7.35474
-7.36091
-8.37773
-8.38541
-9.6047
-9.61354
-10.975
-10.9847
-12.4682
-12.4788
-14.0938
-14.1053
-15.8779
-15.8907
-17.8948
-17.9096
-20.341
-20.3596
-23.3841
-23.4066
-26.9025
-26.9276
-30.7916
-30.8192
-35.0703
-35.1007
-39.8181
-39.8522
-45.2159
-45.2554
-51.7416
-51.7916
-60.2164
-60.2814
-70.8768
-70.9561
-83.7094
-83.8048
-99.4116
-99.5307
-119.587
-119.745
-147.47
-147.697
-190.106
-190.472
-261.2
-261.81
-362.265
-362.952
-415.604
-415.456
-293.169
-291.648
-8.13204
-5.98898
277.516
279.023
401.364
401.516
350.743
350.093
254.038
253.467
186.304
185.951
144.359
144.133
116.384
116.225
95.9844
95.8642
80.1105
80.0145
67.3696
67.293
57.4619
57.404
49.9532
49.9082
43.8345
43.7962
38.5115
38.4776
33.7508
33.7203
29.4451
29.4174
25.562
25.5372
22.2063
22.1859
19.5111
19.4948
17.2917
17.2777
15.3302
15.3175
13.5436
13.532
11.9022
11.8915
10.3949
10.3852
9.04265
9.03419
7.91036
7.9035
6.98775
6.98199
6.18396
6.17878
5.45099
5.44623
4.77294
4.76852
4.14359
4.13949
3.5682
3.56455
2.86782
2.85978
2.00816
2.00392
1.50617
1.50343
1.17015
1.16827
0.925519
-2.12796
-2.38348
-2.40287
-2.68629
-2.70835
-3.0429
-3.06985
-3.47989
-3.51219
-3.98389
-4.01983
-4.53618
-4.5752
-5.13497
-5.17728
-5.78569
-5.83186
-6.50239
-6.55404
-7.32705
-7.3888
-8.34327
-8.42011
-9.56497
-9.65341
-10.9315
-11.0284
-12.4209
-12.5262
-14.0422
-14.1572
-15.8207
-15.9482
-17.8284
-17.9766
-20.2576
-20.4436
-23.2834
-23.5078
-26.7898
-27.0408
-30.6677
-30.9436
-34.9336
-35.2379
-39.6653
-40.0057
-45.0386
-45.4338
-51.5178
-52.0177
-59.9251
-60.5751
-70.5215
-71.314
-83.2816
-84.2356
-98.878
-100.069
-118.882
-120.46
-146.454
-148.726
-188.476
-192.136
-258.477
-264.574
-359.142
-366.013
-416.138
-414.686
-299.882
-284.709
-17.7747
3.64517
270.636
285.712
400.564
402.09
353.697
347.14
256.629
250.919
187.909
184.374
145.381
143.125
117.103
115.514
96.5279
95.3253
80.5439
79.5846
67.7156
66.9501
57.7234
57.1449
50.1565
49.7062
44.0073
43.6243
38.6646
38.3251
33.8888
33.5828
29.5701
29.2928
25.6735
25.4263
22.2989
22.0942
19.5847
19.4218
17.3548
17.2149
15.387
15.2608
13.5957
13.48
11.9502
11.8437
10.4387
10.3415
9.08091
8.99621
7.94138
7.87278
7.01372
6.95614
6.20727
6.15555
5.47244
5.42483
4.79287
4.74865
4.16203
4.12111
3.58469
3.54815
2.90453
2.82413
2.02744
1.98503
1.5186
1.49119
1.17868
1.15988
0.931872
-2.15469
-2.1937
-2.23319
-2.27321
-2.31371
-2.35476
-2.43209
-2.47487
-2.51837
-2.5627
-2.60781
-2.65384
-2.74175
-2.79105
-2.84175
-2.89402
-2.94786
-3.00344
-3.11079
-3.17158
-3.23419
-3.29861
-3.36465
-3.43226
-3.56098
-3.63256
-3.70537
-3.77946
-3.85451
-3.93062
-4.07386
-4.15282
-4.23271
-4.31369
-4.39551
-4.47832
-4.63383
-4.71945
-4.80607
-4.8938
-4.98248
-5.07225
-5.24087
-5.33375
-5.42778
-5.52313
-5.6196
-5.71732
-5.90135
-6.00301
-6.10617
-6.2111
-6.31769
-6.42614
-6.63198
-6.74675
-6.86436
-6.98499
-7.10886
-7.23645
-7.4828
-7.62262
-7.76718
-7.91677
-8.07117
-8.23042
-8.53657
-8.70851
-8.88444
-9.0644
-9.24759
-9.43406
-9.78653
-9.98143
-10.1791
-10.3795
-10.5824
-10.7878
-11.174
-11.3868
-11.6022
-11.8205
-12.0413
-12.2647
-12.6847
-12.9161
-13.1505
-13.3881
-13.6284
-13.8719
-14.3302
-14.5831
-14.8395
-15.1001
-15.3643
-15.6326
-16.14
-16.4218
-16.7093
-17.0031
-17.3032
-17.6109
-18.2014
-18.5346
-18.8792
-19.2356
-19.604
-19.9855
-20.7265
-21.1467
-21.5799
-22.0264
-22.4841
-22.9528
-23.8462
-24.3434
-24.8498
-25.3648
-25.8875
-26.4182
-27.4184
-27.971
-28.5315
-29.0996
-29.6755
-30.2595
-31.3585
-31.9658
-32.5816
-33.2065
-33.8403
-34.4835
-35.6958
-36.367
-37.0488
-37.7419
-38.4462
-39.1627
-40.5189
-41.2736
-42.0432
-42.8302
-43.6337
-44.4575
-46.0331
-46.9226
-47.8398
-48.7875
-49.7702
-50.7903
-52.7806
-53.9234
-55.1131
-56.3516
-57.6387
-58.9739
-61.5643
-63.0329
-64.5473
-66.1068
-67.7098
-69.3566
-72.514
-74.2889
-76.1105
-77.983
-79.9057
-81.8828
-85.6832
-87.8294
-90.0454
-92.3315
-94.6941
-97.1371
-101.882
-104.591
-107.413
-110.343
-113.398
-116.589
-122.881
-126.527
-130.357
-134.393
-138.659
-143.174
-152.235
-157.619
-163.379
-169.527
-176.13
-183.248
-197.886
-206.796
-216.381
-226.693
-237.742
-249.75
-273.922
-287.984
-302.611
-317.875
-333.388
-348.776
-375.92
-388.901
-400.144
-408.841
-414.566
-416.726
-410.912
-401.756
-388.159
-370.126
-347.726
-320.931
-260.659
-222.957
-182.545
-139.497
-95.144
-49.57
35.3603
81.0869
125.498
168.271
208.818
246.54
306.55
333.471
355.905
374.069
387.356
396.582
402.794
400.718
395.086
386.561
375.852
363.229
337.038
322.079
307.399
292.854
278.804
265.368
242.697
231.425
220.866
211.046
201.927
193.434
179.307
172.386
165.913
159.884
154.202
148.867
139.867
135.367
131.102
127.054
123.212
119.54
113.207
109.991
106.909
103.946
101.099
98.3595
93.5662
91.096
88.7076
86.399
84.1653
82.0008
78.1787
76.1991
74.2805
72.4212
70.6218
68.8825
65.8322
64.2672
62.7619
61.3159
59.9327
58.6069
56.3023
55.1258
53.9963
52.9082
51.8572
50.8407
49.0448
48.1091
47.1976
46.3074
45.4371
44.5855
43.0591
42.2546
41.465
40.6886
39.9256
39.1756
37.823
37.1068
36.4016
35.7072
35.0232
34.3491
33.1303
32.4836
31.8462
31.2175
30.5978
29.9872
28.8827
28.2969
27.72
27.1525
26.5944
26.0462
25.0621
24.5455
24.0412
23.5498
23.0731
22.6105
21.7948
21.3751
20.9698
20.5774
20.1986
19.8318
19.1825
18.8442
18.5142
18.1913
17.8756
17.5658
17.0082
16.7135
16.4231
16.1369
15.8551
15.577
15.0737
14.8063
14.5423
14.2814
14.0239
13.7697
13.3085
13.063
12.8205
12.5808
12.3441
12.1103
11.6858
11.4601
11.2371
11.0166
10.7994
10.5852
10.1976
9.99243
9.79075
9.59269
9.3988
9.20933
8.87169
8.69599
8.52541
8.36001
8.20023
8.04559
7.77237
7.63095
7.49333
7.35921
7.22845
7.10062
6.87118
6.75024
6.63129
6.51408
6.39876
6.28502
6.07898
5.96938
5.86108
5.75407
5.64846
5.54401
5.35419
5.25309
5.15306
5.05396
4.95607
4.85924
4.68306
4.58913
4.49625
4.40428
4.31339
4.22357
4.06047
3.97379
3.88835
3.80403
3.72124
3.63995
3.49435
3.41806
3.34391
3.27177
3.20188
3.03189
2.71179
2.56307
2.42896
2.30746
2.19567
2.09363
1.92422
1.84134
1.76414
1.69197
1.62457
1.56084
1.45178
1.39831
1.34774
1.29897
1.25215
1.20775
1.13199
1.09251
1.05523
1.01975
0.985829
0.953413
