-1.79616
-1.9867
-2.18745
-2.39925
-2.62551
-2.87961
-3.19273
-3.56495
-3.97006
-4.39867
-4.85174
-5.33145
-5.83978
-6.38008
-6.96971
-7.66957
-8.54515
-9.54318
-10.612
-11.7438
-12.9434
-14.2177
-15.5722
-17.0279
-18.6746
-20.7342
-23.2431
-26.0113
-28.9663
-32.1197
-35.4982
-39.1322
-43.0727
-47.4759
-52.8481
-59.8491
-68.2592
-77.8311
-88.812
-101.764
-117.564
-137.743
-165.282
-207.312
-278.261
-387.574
-499.97
-491.321
-309.69
-7.08553
294.975
475.912
484.656
374.352
270.18
203.74
162.743
134.944
114.421
98.3215
85.1282
73.9388
64.4017
56.7961
51.0113
46.1809
41.8455
37.8659
34.1834
30.7571
27.5513
24.5681
21.9237
19.8082
18.0768
16.5129
15.0512
13.6759
12.3798
11.1559
10.0009
8.93186
8.01922
7.28721
6.64869
6.05502
5.49363
4.96117
4.45529
3.97388
3.52197
3.11458
2.27144
1.77952
1.43988
1.18776
0.988707
0.832998
0.701799
0.588907
-1.79697
-1.98585
-1.98755
-2.18656
-2.18834
-2.39831
-2.4002
-2.62449
-2.62654
-2.8784
-2.88082
-3.19122
-3.19424
-3.56325
-3.56665
-3.96826
-3.97187
-4.39676
-4.40059
-4.84972
-4.85376
-5.32931
-5.33359
-5.83751
-5.84206
-6.37765
-6.38251
-6.96699
-6.97244
-7.66615
-7.67298
-8.54103
-8.54927
-9.53868
-9.54768
-10.6073
-10.6168
-11.7387
-11.7488
-12.938
-12.9488
-14.212
-14.2234
-15.5661
-15.5782
-17.0213
-17.0345
-18.6667
-18.6824
-20.7241
-20.7442
-23.2316
-23.2547
-25.9988
-26.0237
-28.953
-28.9795
-32.1055
-32.1338
-35.4831
-35.5134
-39.1158
-39.1487
-43.0548
-43.0907
-47.4552
-47.4965
-52.8215
-52.8747
-59.8153
-59.8829
-68.2202
-68.2982
-77.7868
-77.8755
-88.7606
-88.8635
-101.703
-101.826
-117.488
-117.641
-137.642
-137.844
-165.137
-165.426
-207.079
-207.545
-277.874
-278.649
-387.017
-388.132
-499.67
-500.268
-491.704
-490.933
-310.834
-308.542
-8.4576
-5.71372
293.814
296.134
475.516
476.304
484.926
484.381
374.89
373.814
270.546
269.815
203.962
203.519
162.887
162.601
135.046
134.842
114.499
114.343
98.3843
98.2588
85.1808
85.0757
73.9837
73.8939
64.4392
64.3642
56.8245
56.7677
51.0338
50.9889
46.2007
46.1612
41.8635
41.8274
37.8824
37.8493
34.1987
34.168
30.7715
30.7427
27.5647
27.5378
24.5804
24.5557
21.934
21.9133
19.8164
19.8001
18.0838
18.0697
16.5195
16.5064
15.0573
15.045
13.6817
13.6701
12.3853
12.3743
11.161
11.1507
10.0057
9.996
8.93622
8.9275
8.02275
8.0157
7.29012
7.2843
6.65134
6.64604
6.05752
6.05252
5.49601
5.49126
4.96342
4.95892
4.45743
4.45315
3.97591
3.97185
3.52384
3.5201
3.1193
3.10986
2.27408
2.26881
1.78126
1.77778
1.44114
1.43863
1.18872
1.1868
0.989473
0.987941
0.833605
0.83239
0.70233
0.701268
0.58935
-1.80343
-1.97907
-1.99434
-2.17943
-2.19548
-2.39075
-2.40777
-2.6163
-2.63474
-2.86876
-2.89054
-3.17921
-3.20636
-3.54968
-3.58028
-3.95378
-3.98636
-4.38148
-4.41591
-4.83357
-4.86994
-5.31219
-5.35075
-5.81932
-5.86023
-6.35824
-6.40197
-6.9453
-6.99431
-7.63908
-7.70044
-8.50815
-8.58236
-9.50285
-9.58373
-10.5692
-10.6551
-11.6984
-11.7893
-12.8952
-12.9917
-14.1666
-14.2689
-15.5176
-15.6267
-16.9683
-17.0876
-18.6043
-18.7455
-20.644
-20.825
-23.1394
-23.3472
-25.8993
-26.1234
-28.8473
-29.0856
-31.9926
-32.2471
-35.362
-35.6349
-38.9847
-39.2803
-42.9118
-43.2346
-47.2905
-47.6624
-52.6099
-53.0889
-59.5457
-60.1547
-67.9089
-68.6111
-77.4335
-78.2312
-88.3507
-89.2765
-101.212
-102.321
-116.879
-118.256
-136.84
-138.657
-164.002
-166.59
-205.238
-209.432
-274.799
-281.789
-382.597
-392.604
-497.187
-502.584
-494.704
-487.688
-319.889
-299.261
-19.4434
5.26865
284.601
305.318
472.23
479.328
487.024
481.969
379.206
369.562
273.505
266.928
205.749
201.762
164.037
161.466
135.87
134.03
115.126
113.722
98.8883
97.7595
85.6027
84.6566
74.3441
73.5358
64.7409
64.0653
57.0533
56.542
51.2141
50.8097
46.3587
46.0038
42.0081
41.6835
38.0154
37.7169
34.322
34.0451
30.8865
30.6278
27.6725
27.4303
24.6797
24.457
22.0174
21.831
19.8819
19.7354
18.1404
18.0131
16.572
16.4542
15.1064
14.9959
13.7281
13.6238
12.429
12.3305
11.2024
11.1095
10.0446
9.95725
8.97118
8.89272
8.05107
7.98766
7.31351
7.26107
6.6726
6.62483
6.07754
6.03253
5.51501
5.47228
4.98144
4.94095
4.47457
4.43605
3.99219
3.95561
3.53885
3.50516
3.13919
3.07258
2.29535
2.24788
1.79531
1.76398
1.45128
1.42865
1.19649
1.17914
0.995632
0.981847
0.838479
0.827543
0.70659
0.697035
0.592908
-1.82263
-1.84948
-1.87656
-1.90384
-1.93132
-1.95901
-2.01461
-2.04293
-2.07141
-2.10016
-2.12909
-2.15832
-2.21679
-2.24663
-2.2767
-2.30703
-2.33759
-2.36843
-2.43039
-2.46208
-2.49419
-2.52637
-2.55906
-2.59217
-2.65927
-2.69403
-2.72935
-2.76547
-2.80253
-2.84062
-2.91977
-2.96173
-3.00507
-3.04991
-3.09621
-3.14397
-3.24269
-3.29419
-3.34678
-3.40022
-3.45463
-3.50963
-3.62101
-3.6779
-3.73544
-3.79342
-3.85201
-3.91094
-4.02949
-4.08996
-4.15078
-4.21212
-4.27396
-4.33629
-4.46159
-4.52552
-4.58974
-4.65468
-4.71996
-4.78583
-4.9182
-4.98575
-5.05384
-5.12251
-5.19184
-5.26168
-5.40191
-5.4735
-5.54564
-5.61829
-5.69155
-5.76552
-5.91424
-5.99019
-6.06681
-6.14419
-6.22217
-6.3009
-6.46
-6.54167
-6.62443
-6.70857
-6.79402
-6.88131
-7.06004
-7.15375
-7.25018
-7.35002
-7.45302
-7.55995
-7.78328
-7.90171
-8.02398
-8.14985
-8.27889
-8.41113
-8.68132
-8.82104
-8.96224
-9.10532
-9.25041
-9.39655
-9.69128
-9.84191
-9.99352
-10.1468
-10.3009
-10.4566
-10.7692
-10.9283
-11.0889
-11.2509
-11.4144
-11.5791
-11.9101
-12.0787
-12.2489
-12.4206
-12.5938
-12.7685
-13.1198
-13.2993
-13.4801
-13.6623
-13.8464
-14.032
-14.4048
-14.595
-14.7873
-14.9817
-15.1766
-15.3744
-15.7716
-15.9753
-16.1804
-16.3884
-16.5988
-16.8125
-17.2462
-17.4703
-17.6997
-17.9334
-18.1733
-18.4209
-18.9364
-19.2098
-19.494
-19.7884
-20.0939
-20.4101
-21.068
-21.4126
-21.7661
-22.1271
-22.4941
-22.868
-23.6238
-24.0126
-24.4048
-24.8011
-25.2022
-25.6061
-26.4201
-26.8353
-27.2549
-27.6773
-28.104
-28.5347
-29.4019
-29.8456
-30.2928
-30.7434
-31.1995
-31.6587
-32.585
-33.0589
-33.5375
-34.021
-34.5095
-35.0039
-35.9981
-36.5076
-37.0224
-37.542
-38.0671
-38.5984
-39.6725
-40.2212
-40.7785
-41.3419
-41.9131
-42.4908
-43.6641
-44.2686
-44.8841
-45.5119
-46.1523
-46.8076
-48.1607
-48.8721
-49.6083
-50.3733
-51.1666
-51.9933
-53.7369
-54.6699
-55.6398
-56.6451
-57.6845
-58.7556
-60.9703
-62.1263
-63.3082
-64.513
-65.7417
-66.994
-69.547
-70.8678
-72.2124
-73.58
-74.9741
-76.3939
-79.2951
-80.8006
-82.3397
-83.9088
-85.5105
-87.1463
-90.5145
-92.2742
-94.0774
-95.9269
-97.8245
-99.7743
-103.809
-105.928
-108.108
-110.364
-112.689
-115.096
-120.117
-122.792
-125.558
-128.416
-131.412
-134.528
-141.117
-144.654
-148.38
-152.298
-156.421
-160.743
-170.123
-175.292
-180.842
-186.772
-193.123
-199.996
-215.254
-223.907
-233.263
-243.342
-254.241
-265.893
-291.462
-305.577
-320.632
-336.33
-352.851
-369.959
-405.909
-424.184
-442.084
-459.15
-474.985
-488.88
-508.183
-513.504
-515.548
-514.666
-510.189
-502.554
-476.543
-457.885
-435.491
-409.244
-379.432
-346.141
-270.553
-228.81
-186.153
-141.983
-97.0937
-52.0134
37.8314
82.8508
127.259
171.384
214.461
256.248
331.304
364.924
394.733
420.692
442.764
461.172
487.069
495.124
499.51
500.337
498.192
492.793
473.558
459.81
444.563
427.616
410.047
392.106
357.181
340.66
324.825
309.844
295.727
282.454
258.626
247.747
237.64
228.197
219.406
211.227
196.718
190.137
183.955
178.161
172.675
167.539
158.179
153.794
149.658
145.734
141.962
138.365
131.674
128.51
125.467
122.545
119.728
117.02
111.91
109.466
107.095
104.793
102.565
100.404
96.2952
94.3133
92.3772
90.4941
88.6573
86.8649
83.431
81.7594
80.1226
78.5223
76.9582
75.426
72.4828
71.0484
69.6464
68.2803
66.9479
65.65
63.1933
62.0166
60.8824
59.7934
58.7487
57.7483
55.8831
54.9998
54.1474
53.3261
52.5311
51.7571
50.2828
49.5673
48.8628
48.174
47.4969
46.8308
45.5392
44.9027
44.2738
43.6542
43.0426
42.4394
41.2597
40.6771
40.1009
39.5316
38.9688
38.4122
37.3259
36.7872
36.2544
35.7273
35.206
34.6901
33.6826
33.1818
32.6867
32.196
31.7102
31.2288
30.2878
29.8209
29.357
28.8992
28.4436
27.9935
27.1124
26.6752
26.2424
25.8151
25.3925
24.9764
24.1668
23.7691
23.3789
22.9991
22.6292
22.2695
21.59
21.2652
20.9522
20.6507
20.3599
20.079
19.5457
19.2883
19.0362
18.7901
18.5473
18.3091
17.8466
17.6177
17.3922
17.1686
16.9474
16.7285
16.2999
16.0866
15.8759
15.6661
15.4586
15.2531
14.8507
14.6504
14.452
14.2547
14.0599
13.866
13.4868
13.2982
13.1109
12.9257
12.7418
12.5593
12.2015
12.0236
11.8467
11.6716
11.4981
11.3259
10.9878
10.8195
10.6526
10.4873
10.3233
10.1607
9.84292
9.68542
9.52986
9.37624
9.22533
9.07654
8.79057
8.65175
8.51676
8.38589
8.25909
8.13654
7.9057
7.7952
7.68804
7.58431
7.48267
7.38365
7.19273
7.09882
7.00642
6.9151
6.82519
6.73611
6.56208
6.47564
6.38997
6.305
6.22078
6.1372
5.97339
5.89192
5.81077
5.73053
5.65072
5.57157
5.41615
5.33877
5.262
5.18587
5.11017
5.03512
4.88781
4.81434
4.74142
4.66892
4.59712
4.52568
4.38542
4.31545
4.24603
4.17708
4.10867
4.04072
3.90757
3.84135
3.77578
3.71089
3.64681
3.58375
3.46144
3.4018
3.34377
3.28748
3.23263
3.17776
2.96035
2.8145
2.68393
2.56618
2.45919
2.36108
2.18762
2.10861
2.03503
1.96627
1.90072
1.83821
1.72421
1.67146
1.62133
1.5731
1.52671
1.48215
1.3998
1.36154
1.32454
1.28864
1.25382
1.22009
1.15689
1.12676
1.0971
1.06829
1.04081
1.01422
0.964061
0.940107
0.917036
0.894849
0.873661
0.853072
0.81328
0.793772
0.774627
0.755844
0.737422
0.719363
0.684591
0.667613
0.650997
0.634743
0.618891
0.603624
