-2.18625
-2.38773
-2.59995
-2.83312
-3.12364
-3.4789
-3.86494
-4.27114
-4.69785
-5.14792
-5.62258
-6.1228
-6.65241
-7.24081
-7.98575
-8.8995
-9.89263
-10.939
-12.0415
-13.2055
-14.4365
-15.7369
-17.1191
-18.6702
-20.6649
-23.1133
-25.7737
-28.5977
-31.5882
-34.7722
-38.1763
-41.8236
-45.7779
-50.3562
-56.4254
-64.042
-72.6579
-82.3136
-93.3728
-106.408
-122.282
-142.484
-170.034
-212.865
-285.006
-394.766
-497.938
-474.749
-293.699
-7.01392
279.364
459.096
479.869
379.567
275
208.961
167.961
139.926
119.288
103.129
89.7859
78.4682
68.6045
60.214
53.8873
48.9634
44.6143
40.6223
36.913
33.4511
30.2131
27.1621
24.293
21.732
19.7374
18.1164
16.6293
15.2297
13.9036
12.6475
11.4594
10.3292
9.26012
8.30345
7.54984
6.92427
6.3443
5.79344
5.26889
4.76909
4.29221
3.83525
3.40411
2.89738
2.18401
1.7366
1.41936
1.18123
0.9913
0.839811
-2.18714
-2.3868
-2.38867
-2.59896
-2.60094
-2.83197
-2.83426
-3.12215
-3.12514
-3.47721
-3.48059
-3.86315
-3.86673
-4.26925
-4.27303
-4.69587
-4.69986
-5.14583
-5.15001
-5.62038
-5.62478
-6.12048
-6.12512
-6.64994
-6.65488
-7.2379
-7.24372
-7.98192
-7.98958
-8.89515
-8.90386
-9.88801
-9.89725
-10.9343
-10.9437
-12.0364
-12.0467
-13.2001
-13.2109
-14.4308
-14.4422
-15.7309
-15.743
-17.1126
-17.1256
-18.6625
-18.6779
-20.6547
-20.6751
-23.1016
-23.1249
-25.7613
-25.7861
-28.5843
-28.6111
-31.5743
-31.6021
-34.7573
-34.7871
-38.1604
-38.1922
-41.8065
-41.8407
-45.759
-45.7967
-50.333
-50.3795
-56.3941
-56.4567
-64.005
-64.079
-72.6167
-72.6992
-82.2671
-82.3602
-93.3188
-93.4268
-106.343
-106.473
-122.202
-122.362
-142.38
-142.589
-169.884
-170.183
-212.579
-213.132
-284.633
-285.409
-394.197
-395.336
-497.694
-498.179
-475.165
-474.328
-294.87
-292.525
-8.35987
-5.66791
278.194
280.533
458.663
459.526
480.117
479.618
380.213
378.923
275.37
274.63
209.194
208.728
168.111
167.811
140.033
139.819
119.37
119.207
103.195
103.062
89.8411
89.7307
78.516
78.4205
68.6463
68.5628
60.2473
60.1806
53.912
53.8627
48.984
48.9428
44.6331
44.5955
40.6397
40.6048
36.9292
36.8968
33.4662
33.436
30.2278
30.1983
27.1756
27.1487
24.3055
24.2806
21.7423
21.7217
19.7454
19.7295
18.1234
18.1095
16.6358
16.6227
15.2359
15.2236
13.9094
13.8977
12.653
12.6419
11.4647
11.4542
10.3342
10.3243
9.26477
9.25547
8.30732
8.29959
7.55286
7.54682
6.92694
6.92159
6.34687
6.34173
5.79595
5.7909
5.27121
5.26658
4.77129
4.76689
4.29433
4.29009
3.83726
3.83323
3.40596
3.40226
2.90163
2.89314
2.18646
2.18156
1.73827
1.73493
1.42059
1.41813
1.18218
1.18029
0.992075
0.990525
0.840425
-2.19407
-2.37956
-2.39587
-2.5913
-2.60864
-2.82315
-2.84318
-3.11058
-3.13675
-3.46411
-3.49373
-3.84927
-3.88065
-4.25463
-4.28762
-4.68055
-4.71544
-5.12965
-5.16623
-5.60324
-5.64188
-6.10248
-6.14314
-6.63086
-6.6741
-7.21551
-7.26639
-7.95229
-8.01934
-8.8615
-8.93763
-9.85226
-9.93168
-10.8968
-10.9816
-11.9962
-12.0864
-13.1582
-13.2528
-14.3865
-14.4866
-15.6841
-15.7899
-17.0625
-17.176
-18.603
-18.7381
-20.5757
-20.7545
-23.0115
-23.2125
-25.669
-25.8828
-28.4821
-28.7126
-31.4664
-31.7102
-34.6421
-34.9027
-38.0372
-38.3159
-41.6741
-41.9734
-45.6135
-45.9434
-50.154
-50.5601
-56.1523
-56.7039
-63.7217
-64.3679
-72.2989
-73.0195
-81.9072
-82.722
-92.9019
-93.8468
-105.845
-106.975
-121.583
-122.988
-141.573
-143.406
-168.735
-171.351
-210.468
-215.045
-281.56
-288.591
-391.082
-399.74
-495.702
-499.951
-478.248
-470.927
-303.873
-283.356
-18.7889
4.76571
269.047
289.514
455.184
462.735
481.914
479.437
384.714
374.223
278.441
271.782
211.02
206.938
169.28
166.659
140.864
138.996
120.009
118.575
103.709
102.552
90.2705
89.3106
78.8873
78.0515
68.9689
68.2405
60.509
59.9241
54.1043
53.6728
49.1442
48.7834
44.779
44.45
40.7751
40.47
37.055
36.7713
33.5836
33.3191
30.3393
30.0895
27.2803
27.0452
24.3995
24.1842
21.823
21.6421
19.8072
19.6683
18.1772
18.0559
16.6864
16.5722
15.2838
15.1758
13.9546
13.8513
12.697
12.6
11.5055
11.4136
10.3728
10.2858
9.30093
9.21951
8.33747
8.26984
7.57642
7.52351
6.94774
6.9009
6.36676
6.32189
5.81476
5.77189
5.28915
5.24868
4.78806
4.74984
4.31081
4.27366
3.85288
3.81764
3.42035
3.38796
2.93488
2.86057
2.20562
2.16273
1.75131
1.72213
1.43019
1.40868
1.18954
1.17298
0.998116
0.984552
0.845201
-2.21438
-2.24279
-2.27138
-2.30018
-2.32911
-2.35835
-2.41722
-2.44685
-2.47704
-2.50737
-2.53799
-2.56881
-2.6315
-2.66342
-2.69603
-2.72886
-2.76294
-2.79764
-2.86982
-2.90827
-2.94832
-2.99003
-3.03275
-3.07709
-3.17113
-3.2202
-3.27022
-3.32123
-3.37323
-3.42576
-3.53212
-3.5869
-3.64167
-3.69694
-3.7526
-3.80863
-3.92127
-3.9784
-4.03609
-4.0946
-4.15322
-4.21185
-4.3307
-4.39061
-4.45086
-4.51202
-4.57343
-4.63564
-4.76083
-4.82402
-4.88797
-4.95224
-5.01692
-5.08225
-5.21407
-5.2809
-5.34769
-5.41568
-5.48436
-5.55317
-5.69239
-5.76273
-5.8336
-5.90505
-5.97708
-6.04957
-6.19635
-6.27027
-6.34551
-6.42083
-6.49718
-6.57436
-6.73122
-6.81142
-6.89341
-6.97693
-7.06235
-7.15067
-7.3339
-7.43239
-7.53533
-7.64093
-7.75112
-7.86581
-8.10849
-8.2343
-8.36291
-8.49421
-8.62795
-8.76299
-9.03776
-9.17739
-9.31754
-9.46041
-9.60255
-9.74759
-10.0375
-10.1845
-10.3342
-10.4841
-10.6348
-10.7863
-11.0926
-11.2475
-11.403
-11.5608
-11.7202
-11.8801
-12.2036
-12.367
-12.5325
-12.6987
-12.8662
-13.0353
-13.3769
-13.5482
-13.7234
-13.8996
-14.0777
-14.2562
-14.6179
-14.8004
-14.9846
-15.169
-15.3577
-15.5463
-15.9284
-16.1214
-16.3173
-16.5141
-16.7132
-16.9146
-17.3257
-17.5362
-17.7522
-17.9714
-18.1982
-18.4313
-18.9191
-19.1828
-19.4574
-19.7402
-20.0366
-20.345
-20.9947
-21.3307
-21.6747
-22.028
-22.3867
-22.7476
-23.4837
-23.8582
-24.2353
-24.6168
-25.0009
-25.3876
-26.1672
-26.563
-26.9661
-27.3699
-27.7759
-28.1852
-29.0125
-29.4295
-29.8541
-30.2818
-30.7145
-31.1488
-32.0296
-32.4766
-32.9277
-33.3823
-33.8416
-34.3053
-35.2444
-35.7183
-36.2001
-36.687
-37.1802
-37.6759
-38.6816
-39.1913
-39.7065
-40.2283
-40.7539
-41.2856
-42.3654
-42.9158
-43.4727
-44.0354
-44.6078
-45.1909
-46.3751
-46.9947
-47.6246
-48.2736
-48.9484
-49.6386
-51.1108
-51.9042
-52.7293
-53.5969
-54.5012
-55.4486
-57.4401
-58.48
-59.5466
-60.642
-61.7562
-62.8913
-65.2182
-66.4121
-67.6228
-68.8526
-70.1023
-71.3708
-73.9683
-75.3003
-76.651
-78.0307
-79.4318
-80.8603
-83.7955
-85.3155
-86.8645
-88.4432
-90.0422
-91.69
-95.0961
-96.8613
-98.6736
-100.53
-102.437
-104.396
-108.471
-110.635
-112.83
-115.054
-117.393
-119.796
-124.859
-127.526
-130.286
-133.157
-136.152
-139.249
-145.865
-149.399
-153.115
-157.007
-161.122
-165.443
-174.912
-180.117
-185.693
-191.665
-198.282
-205.074
-220.759
-229.576
-239.171
-249.527
-260.99
-272.428
-298.531
-312.684
-327.721
-343.553
-360.061
-377.325
-412.592
-431.223
-447.051
-463.151
-476.325
-487.818
-504.149
-505.587
-505.141
-501.737
-496.139
-486.511
-459.462
-441.373
-418.499
-391.633
-362.313
-329.599
-255.629
-215.976
-175
-133.609
-91.4424
-49.4382
35.462
77.7195
119.828
160.982
202.086
241.383
314.863
347.738
378.41
402.847
425.242
443.709
471.502
480.228
486.42
489.224
489.15
485.917
471.384
459.468
446.095
430.124
413.418
396.337
361.655
344.838
329.416
314.451
300.48
287.279
263.583
253.132
242.798
233.37
224.653
216.52
201.836
195.236
189.049
183.23
177.781
172.805
163.352
158.845
154.673
150.737
146.972
143.388
136.655
133.453
130.397
127.529
124.707
121.919
116.748
114.287
111.909
109.604
107.365
105.241
101.071
99.0685
97.1087
95.1997
93.3526
91.546
88.0671
86.3803
84.7321
83.1196
81.5446
79.9883
76.9801
75.5169
74.0804
72.6713
71.2912
69.9315
67.3053
66.0338
64.7942
63.5959
62.4244
61.2949
59.1869
58.2004
57.2482
56.349
55.4941
54.6724
53.1249
52.3865
51.6722
50.9736
50.2899
49.6187
48.3181
47.6799
47.0513
46.4326
45.8199
45.2104
44.0246
43.4454
42.8695
42.2976
41.7343
41.1757
40.0749
39.5354
38.9991
38.4684
37.9421
37.4265
36.4056
35.9014
35.4018
34.9078
34.4169
33.9305
32.9768
32.5055
32.0411
31.5786
31.1193
30.6649
29.7679
29.3243
28.8849
28.449
28.0173
27.5879
26.742
26.3236
25.9086
25.4984
25.0919
24.6894
23.9032
23.5175
23.1418
22.7745
22.4142
22.0637
21.4131
21.1038
20.8069
20.522
20.2524
19.9899
19.4917
19.2512
19.0176
18.7868
18.5598
18.3365
17.8962
17.6825
17.4685
17.2568
17.0464
16.8358
16.4265
16.2235
16.0226
15.8214
15.6233
15.4256
15.0359
14.8435
14.6528
14.4629
14.2735
14.0884
13.7202
13.5378
13.3572
13.1778
12.9998
12.8234
12.4747
12.3021
12.1313
11.9613
11.7927
11.6255
11.2945
11.1294
10.9682
10.8066
10.6467
10.4874
10.1729
10.0169
9.86279
9.70959
9.55815
9.40824
9.11468
8.97069
8.83041
8.69298
8.55801
8.42717
8.18419
8.06735
7.95576
7.84876
7.74625
7.64684
7.45491
7.36336
7.27305
7.18403
7.09592
7.00941
6.83898
6.75423
6.67124
6.58899
6.50679
6.4253
6.26424
6.18426
6.105
6.02629
5.9478
5.87041
5.717
5.6409
5.56566
5.49058
5.41616
5.34233
5.19618
5.12359
5.05189
4.98065
4.90954
4.83909
4.69983
4.63047
4.56222
4.49393
4.42616
4.35904
4.22558
4.15938
4.09388
4.02874
3.96366
3.89921
3.77186
3.70882
3.64638
3.58456
3.52339
3.46285
3.34634
3.28985
3.2356
3.18366
3.13405
3.03861
2.76824
2.65068
2.54205
2.4422
2.34991
2.26406
2.10896
2.03821
1.97119
1.90826
1.84798
1.79078
1.68556
1.6364
1.58942
1.5442
1.50095
1.45931
1.38159
1.34554
1.31039
1.27616
1.24308
1.21149
1.15178
1.1231
1.09527
1.06822
1.04202
1.0162
0.967287
0.944044
0.921647
0.900023
0.879287
0.859367
