-1.70636
-1.83882
-1.97661
-2.12015
-2.26994
-2.42693
-2.59306
-2.77247
-2.97259
-3.20068
-3.45629
-3.7329
-4.02532
-4.33158
-4.65145
-4.98554
-5.33479
-5.70041
-6.08445
-6.49091
-6.92883
-7.41543
-7.97212
-8.6049
-9.29897
-10.0384
-10.8154
-11.6289
-12.48
-13.371
-14.3053
-15.2878
-16.3275
-17.444
-18.6785
-20.0904
-21.7147
-23.5243
-25.473
-27.5353
-29.706
-31.9904
-34.3987
-36.9448
-39.6479
-42.5388
-45.6769
-49.1779
-53.2331
-58.0167
-63.545
-69.739
-76.5853
-84.1695
-92.6606
-102.307
-113.469
-126.668
-142.708
-162.896
-189.509
-226.259
-277.269
-343.567
-417.558
-468
-457.095
-368.723
-207.043
-7.22599
192.701
354.308
442.632
453.999
404.7
332.934
269.5
221.109
185.842
159.746
139.606
123.463
110.124
98.8211
89.0461
80.4517
72.8279
66.0991
60.3008
55.4241
51.2803
47.6252
44.2998
41.2178
38.3338
35.6194
33.0547
30.625
28.3211
26.1434
24.1129
22.2762
20.6728
19.2786
18.0278
16.8693
15.7775
14.7404
13.7518
12.8077
11.9053
11.0427
10.2205
9.4449
8.73107
8.09749
7.54306
7.04623
6.58641
6.15199
5.73789
5.3414
4.96101
4.59564
4.24468
3.9086
3.59018
3.29492
2.78337
2.25785
1.88951
1.61008
1.38891
1.20786
1.05718
0.929272
0.822819
0.72736
0.641368
0.564388
-1.70714
-1.838
-1.83963
-1.97576
-1.97746
-2.11926
-2.12103
-2.26902
-2.27087
-2.42596
-2.4279
-2.59202
-2.5941
-2.77133
-2.77361
-2.97131
-2.97388
-3.19921
-3.20214
-3.45468
-3.45791
-3.73118
-3.73462
-4.02351
-4.02713
-4.32969
-4.33347
-4.64948
-4.65343
-4.98348
-4.98761
-5.33263
-5.33695
-5.69815
-5.70267
-6.08207
-6.08683
-6.48837
-6.49345
-6.92605
-6.93161
-7.4123
-7.41856
-7.96852
-7.97572
-8.60087
-8.60893
-9.29463
-9.30332
-10.0338
-10.0429
-10.8106
-10.8202
-11.6239
-11.6339
-12.4747
-12.4852
-13.3655
-13.3766
-14.2995
-14.3111
-15.2817
-15.2939
-16.321
-16.334
-17.437
-17.4511
-18.6706
-18.6864
-20.0812
-20.0995
-21.7042
-21.7251
-23.5129
-23.5357
-25.4608
-25.4851
-27.5225
-27.5481
-29.6926
-29.7195
-31.9763
-32.0046
-34.3837
-34.4136
-36.929
-36.9606
-39.631
-39.6647
-42.5206
-42.5569
-45.657
-45.6968
-49.1554
-49.2006
-53.2065
-53.2597
-57.9854
-58.0479
-63.5096
-63.5805
-69.6997
-69.7783
-76.5418
-76.6288
-84.1211
-84.2179
-92.6061
-92.7151
-102.245
-102.369
-113.396
-113.542
-126.581
-126.755
-142.6
-142.815
-162.758
-163.034
-189.323
-189.696
-225.999
-226.519
-276.914
-277.626
-343.125
-344.009
-417.132
-417.982
-467.85
-468.148
-457.385
-456.802
-369.483
-367.961
-208.179
-205.905
-8.46888
-5.98315
191.556
193.846
353.53
355.084
442.337
442.925
454.14
453.855
405.117
404.281
333.355
332.513
269.839
269.162
221.358
220.86
186.025
185.659
159.884
159.608
139.714
139.498
123.551
123.375
110.198
110.05
98.8843
98.7578
89.1013
88.9909
80.5006
80.4029
72.8713
72.7846
66.137
66.0612
60.333
60.2687
55.4511
55.3972
51.3037
51.257
47.6461
47.6042
44.3191
44.2805
41.2357
41.1998
38.3507
38.3169
35.6353
35.6034
33.0698
33.0397
30.6393
30.6107
28.3346
28.3075
26.1561
26.1306
24.1246
24.1012
22.2866
22.2657
20.6818
20.6638
19.2865
19.2707
18.0351
18.0206
16.8761
16.8626
15.7839
15.7711
14.7465
14.7343
13.7576
13.7459
12.8133
12.8021
11.9106
11.9
11.0478
11.0376
10.2254
10.2157
9.44942
9.44038
8.73516
8.72699
8.10107
8.09392
7.54621
7.53991
7.04911
7.04335
6.5891
6.58372
6.15455
6.14943
5.74033
5.73544
5.34374
5.33905
4.96326
4.95876
4.5978
4.59347
4.24676
4.24261
3.91058
3.90662
3.59204
3.58832
3.29663
3.29322
2.78727
2.77948
2.26046
2.25524
1.89144
1.8876
1.61157
1.6086
1.3901
1.38773
1.20886
1.20686
1.05802
1.05633
0.929977
0.928568
0.823424
0.822215
0.72791
0.726811
0.641856
0.640879
0.564822
-1.71264
-1.8323
-1.84535
-1.96982
-1.98341
-2.11307
-2.12724
-2.26255
-2.27736
-2.41915
-2.43473
-2.58476
-2.60138
-2.76339
-2.7816
-2.96233
-2.98293
-3.18898
-3.21243
-3.4434
-3.46924
-3.71914
-3.7467
-4.01086
-4.03982
-4.31647
-4.34672
-4.63567
-4.66727
-4.96905
-5.00207
-5.31754
-5.35207
-5.68234
-5.71853
-6.06542
-6.10353
-6.47065
-6.51126
-6.9067
-6.95107
-7.39045
-7.44056
-7.9434
-8.00103
-8.57276
-8.6372
-9.26428
-9.33378
-10.0017
-10.0751
-10.7771
-10.8539
-11.5887
-11.6692
-12.4379
-12.5221
-13.327
-13.4152
-14.2591
-14.3516
-15.2391
-15.3366
-16.2756
-16.3795
-17.3878
-17.5005
-18.6153
-18.7421
-20.0172
-20.1639
-21.6315
-21.7983
-23.4334
-23.6157
-25.3761
-25.5701
-27.4331
-27.6377
-29.5985
-29.8138
-31.8772
-32.1039
-34.2792
-34.5185
-36.8183
-37.0717
-39.5131
-39.783
-42.394
-42.6841
-45.5182
-45.8366
-48.9978
-49.3593
-53.0211
-53.4469
-57.7676
-58.2674
-63.262
-63.8296
-69.425
-70.0545
-76.2384
-76.9341
-83.7836
-84.5576
-92.2261
-93.0978
-101.809
-102.808
-112.887
-114.055
-125.972
-127.37
-141.85
-143.574
-161.797
-164.009
-188.027
-191.013
-224.19
-228.366
-274.442
-280.139
-340.043
-347.119
-414.112
-420.908
-466.741
-469.119
-459.331
-454.661
-374.902
-362.534
-216.111
-197.918
-17.1143
2.71561
183.513
201.784
348.025
360.445
440.195
444.923
455.1
452.792
407.995
401.316
336.314
329.568
272.23
266.81
223.117
219.13
187.312
184.393
160.847
158.646
140.474
138.746
124.172
122.76
110.717
109.536
99.3286
98.3165
89.4892
88.6057
80.8436
80.0621
73.1758
72.4821
66.4036
65.7968
60.5591
60.0449
55.641
55.2093
51.4678
51.094
47.7934
47.4577
44.4544
44.1456
41.3619
41.0741
38.4691
38.1989
35.747
35.4921
33.1755
32.9343
30.7395
30.5108
28.4296
28.2128
26.2455
26.0416
24.207
24.0192
22.3597
22.1932
20.7451
20.601
19.3422
19.2153
18.0859
17.97
16.9237
16.8152
15.829
15.7262
14.7894
14.6915
13.7985
13.7051
12.8524
12.7631
11.948
11.8627
11.0835
11.002
10.2593
10.1819
9.48113
9.40881
8.76386
8.69849
8.12619
8.06898
7.56832
7.51792
7.06928
7.02328
6.60799
6.56488
6.1725
6.13154
5.75748
5.71833
5.36018
5.32264
4.97904
4.94301
4.61296
4.57834
4.26131
4.22808
3.92447
3.89277
3.60509
3.57532
3.30858
3.28134
2.81494
2.75258
2.27889
2.23718
1.90497
1.87426
1.622
1.59828
1.39841
1.37949
1.21591
1.1999
1.06394
1.05046
0.934933
0.923663
0.827664
0.817995
0.731765
0.722977
0.645286
0.637473
0.56786
-1.72655
-1.74464
-1.76283
-1.78108
-1.79946
-1.81795
-1.85981
-1.87863
-1.89755
-1.91653
-1.93566
-1.95489
-1.99847
-2.01807
-2.03777
-2.05754
-2.07747
-2.09751
-2.14293
-2.16336
-2.18391
-2.20455
-2.22535
-2.24629
-2.29377
-2.31514
-2.33666
-2.35827
-2.38009
-2.40207
-2.45201
-2.47453
-2.49725
-2.52012
-2.54324
-2.56657
-2.61985
-2.64399
-2.66841
-2.69309
-2.71815
-2.74354
-2.80191
-2.82857
-2.8557
-2.88323
-2.91131
-2.93991
-3.00601
-3.03638
-3.06735
-3.09877
-3.13081
-3.16342
-3.23864
-3.27301
-3.30786
-3.3431
-3.37888
-3.41513
-3.49796
-3.53548
-3.57335
-3.61147
-3.65002
-3.6889
-3.77726
-3.81709
-3.8572
-3.8975
-3.93816
-3.97907
-4.07191
-4.11368
-4.15572
-4.19791
-4.24044
-4.28324
-4.38025
-4.42389
-4.46779
-4.51186
-4.55628
-4.60097
-4.70229
-4.74785
-4.79369
-4.83972
-4.88611
-4.9328
-5.03865
-5.08627
-5.13418
-5.18229
-5.23081
-5.27962
-5.39034
-5.44017
-5.49031
-5.54067
-5.59146
-5.6426
-5.75867
-5.81093
-5.86357
-5.91645
-5.96984
-6.0236
-6.14583
-6.20097
-6.25656
-6.31253
-6.36911
-6.4262
-6.55639
-6.61543
-6.67507
-6.73529
-6.79639
-6.85831
-7.00052
-7.0654
-7.13129
-7.19819
-7.26647
-7.33589
-7.49667
-7.57058
-7.64594
-7.72259
-7.80088
-7.88069
-8.06546
-8.15006
-8.23617
-8.32344
-8.41225
-8.50236
-8.70896
-8.80284
-8.89776
-8.99346
-9.09034
-9.18812
-9.41092
-9.51148
-9.61281
-9.7147
-9.81757
-9.92118
-10.1564
-10.2623
-10.3689
-10.476
-10.584
-10.6927
-10.9391
-11.05
-11.1616
-11.2737
-11.3867
-11.5004
-11.7583
-11.8743
-11.9911
-12.1083
-12.2265
-12.3455
-12.6154
-12.7368
-12.859
-12.9818
-13.1056
-13.2302
-13.5129
-13.6402
-13.7683
-13.897
-14.0268
-14.1575
-14.4543
-14.588
-14.7226
-14.8579
-14.9945
-15.1321
-15.4448
-15.5859
-15.7281
-15.8712
-16.0159
-16.1619
-16.4948
-16.6454
-16.7976
-16.9513
-17.1069
-17.2647
-17.6263
-17.7912
-17.9585
-18.1281
-18.3011
-18.4771
-18.8842
-19.0712
-19.2619
-19.4561
-19.655
-19.8578
-20.3282
-20.5445
-20.7648
-20.9887
-21.2171
-21.4496
-21.9842
-22.2279
-22.4751
-22.7247
-22.9778
-23.2338
-23.8181
-24.0826
-24.3495
-24.6181
-24.8895
-25.1632
-25.7855
-26.0661
-26.3487
-26.6328
-26.9197
-27.2083
-27.8648
-28.1601
-28.4575
-28.7568
-29.0584
-29.3621
-30.0526
-30.3633
-30.6761
-30.9912
-31.3087
-31.6283
-32.3554
-32.6828
-33.0125
-33.3447
-33.6794
-34.0166
-34.7841
-35.1299
-35.4784
-35.8295
-36.1834
-36.5403
-37.3531
-37.7195
-38.0891
-38.4619
-38.8379
-39.2174
-40.0828
-40.4737
-40.8683
-41.2668
-41.6694
-42.0763
-43.0072
-43.4292
-43.8561
-44.288
-44.726
-45.1704
-46.1919
-46.6579
-47.1318
-47.6137
-48.1046
-48.6044
-49.765
-50.2996
-50.8451
-51.4035
-51.9745
-52.5593
-53.9247
-54.555
-55.2001
-55.8602
-56.5351
-57.2244
-58.8272
-59.5634
-60.3133
-61.0762
-61.8527
-62.6424
-64.4632
-65.2936
-66.136
-66.9905
-67.8574
-68.7364
-70.7568
-71.6755
-72.6068
-73.5512
-74.5084
-75.4786
-77.7099
-78.7256
-79.7564
-80.8019
-81.8625
-82.9393
-85.4228
-86.5557
-87.7059
-88.8753
-90.0656
-91.276
-94.073
-95.3538
-96.6579
-97.9869
-99.3412
-100.722
-103.928
-105.401
-106.906
-108.442
-110.014
-111.62
-115.365
-117.096
-118.869
-120.686
-122.548
-124.46
-128.944
-131.027
-133.171
-135.379
-137.649
-139.99
-145.522
-148.113
-150.796
-153.573
-156.448
-159.42
-166.522
-169.882
-173.38
-177.03
-180.845
-184.833
-194.427
-199.027
-203.848
-208.899
-214.182
-219.72
-233.149
-239.606
-246.348
-253.383
-260.717
-268.35
-286.58
-295.199
-304.157
-313.333
-322.743
-332.387
-355.03
-365.313
-375.71
-386.061
-396.329
-406.384
-428.005
-436.652
-444.766
-451.988
-458.305
-463.623
-471.048
-472.376
-472.279
-470.968
-468.064
-463.711
-448.653
-439.529
-428.867
-416.764
-403.065
-387.748
-348.052
-328.143
-306.814
-284.305
-260.543
-235.803
-177.494
-150.467
-123.038
-95.1826
-67.1292
-38.941
24.6603
52.824
80.851
108.66
136.113
163.013
221.405
246.013
269.65
292.236
313.562
333.578
373.167
388.483
402.234
414.372
425.024
434.166
449.261
453.547
456.507
457.959
458.06
456.914
449.645
444.432
438.257
431.192
423.352
414.926
393.74
383.896
373.892
363.895
353.86
343.879
322.198
312.837
303.807
295.029
286.518
278.361
260.991
253.753
246.821
240.158
233.793
227.668
214.87
209.573
204.517
199.691
195.055
190.62
181.282
177.407
173.689
170.108
166.656
163.332
156.292
153.337
150.477
147.705
145.024
142.429
136.88
134.528
132.241
130.02
127.862
125.761
121.232
119.302
117.421
115.586
113.793
112.042
108.252
106.626
105.036
103.479
101.956
100.464
97.2147
95.8164
94.4435
93.0968
91.7751
90.4775
87.6428
86.4173
85.2118
84.0275
82.863
81.7174
79.2095
78.1232
77.0544
76.0032
74.9688
73.9513
71.7259
70.7631
69.8173
68.8887
67.9772
67.0834
65.1372
64.3004
63.4818
62.6823
61.9007
61.1376
59.4872
58.7816
58.0933
57.4222
56.7672
56.1262
54.7412
54.1465
53.5639
52.9939
52.4346
51.8856
50.6863
50.1673
49.6565
49.1529
48.6569
48.1677
47.0908
46.6216
46.1581
45.6995
45.2462
44.7978
43.8074
43.3742
42.9448
42.5198
42.0989
41.6819
40.7585
40.3537
39.9524
39.5547
39.1603
38.7693
37.9023
37.5217
37.1442
36.7698
36.3985
36.0301
35.2122
34.853
34.4965
34.1428
33.7917
33.4432
32.6694
32.3293
31.9916
31.6565
31.3237
30.9934
30.2596
29.937
29.6168
29.2989
28.9834
28.6703
27.9748
27.6693
27.3662
27.0657
26.7677
26.4723
25.8179
25.5316
25.2478
24.9677
24.6905
24.4164
23.8142
23.5522
23.2942
23.0408
22.7912
22.5461
22.0122
21.7819
21.556
21.3353
21.1186
20.9062
20.4445
20.2454
20.0498
19.8581
19.6692
19.4836
19.0769
18.9001
18.7255
18.5534
18.3829
18.2147
17.8431
17.6803
17.519
17.3596
17.2012
17.044
16.6962
16.5432
16.3913
16.241
16.0914
15.9429
15.6134
15.4683
15.3242
15.1813
15.0391
14.8979
14.5841
14.4459
14.3085
14.1723
14.0367
13.902
13.6026
13.4706
13.3395
13.2094
13.0799
12.9512
12.6652
12.5391
12.4137
12.2894
12.1656
12.0425
11.769
11.6485
11.5286
11.4098
11.2914
11.1738
10.9126
10.7974
10.6831
10.5698
10.457
10.3452
10.097
9.9879
9.87972
9.7728
9.66665
9.56155
9.32972
9.22837
9.12839
9.02996
8.93271
8.8369
8.62734
8.53662
8.44755
8.36028
8.27446
8.19019
8.00678
7.92753
7.84979
7.77352
7.69841
7.62453
7.46288
7.39251
7.32317
7.25488
7.18729
7.12043
6.97296
6.90838
6.84435
6.78107
6.71816
6.6558
6.5176
6.45678
6.39641
6.33659
6.27706
6.21791
6.08658
6.02871
5.97119
5.91415
5.85733
5.80086
5.67533
5.61995
5.5649
5.51028
5.45586
5.40176
5.28142
5.22832
5.1755
5.1231
5.07088
5.01895
4.90343
4.85242
4.8017
4.75137
4.7012
4.65131
4.54031
4.49131
4.44258
4.39423
4.34605
4.29813
4.19159
4.14458
4.09788
4.05155
4.00544
3.95963
3.85798
3.81325
3.76887
3.72497
3.68137
3.63815
3.54274
3.50097
3.45966
3.41898
3.37872
3.33895
3.2516
3.21365
3.17624
3.09088
2.98619
2.88733
2.68693
2.60667
2.53063
2.45882
2.39116
2.32665
2.19289
2.13811
2.08546
2.03494
1.98634
1.9398
1.84134
1.80008
1.76024
1.72182
1.68464
1.64879
1.57263
1.54025
1.50877
1.47825
1.44854
1.41967
1.35892
1.33275
1.30717
1.28224
1.25787
1.23397
1.18264
1.16092
1.1399
1.11933
1.09898
1.07905
1.03582
1.01724
0.999182
0.981592
0.964387
0.947605
0.911472
0.896065
0.881188
0.866783
0.852519
0.838429
0.807428
0.793901
0.780548
0.767397
0.754391
0.741558
0.713381
0.701111
0.689016
0.677163
0.665491
0.654015
0.628967
0.618129
0.607487
0.596826
0.58625
0.575658
