-2.40582
-2.68288
-3.01738
-3.46858
-3.97324
-4.51025
-5.08281
-5.69554
-6.34934
-7.06526
-8.00308
-9.21838
-10.54
-11.9489
-13.4582
-15.0773
-16.8118
-18.7906
-21.5553
-24.9111
-28.5333
-32.4301
-36.6602
-41.2646
-46.3528
-52.7348
-61.9698
-73.0648
-85.9371
-101.487
-121.288
-148.356
-190.56
-273.267
-423.506
-531.622
-385.564
-7.03551
371.142
515.481
406.663
264.653
188.32
146.008
118.331
98.0878
82.1748
68.9694
58.2809
50.9989
45.2388
40.0803
35.3826
31.0769
27.0908
23.4071
20.3988
18.2371
16.3371
14.5646
12.9092
11.3648
9.91639
8.5856
7.55929
6.76547
6.03523
5.34818
4.70223
4.09215
3.51693
2.87082
2.00708
1.52468
1.19794
-2.40675
-2.68186
-2.6839
-3.01599
-3.01877
-3.46687
-3.47028
-3.97142
-3.97505
-4.50831
-4.51219
-5.08071
-5.0849
-5.69333
-5.69775
-6.34698
-6.3517
-7.06245
-7.06803
-7.99919
-8.00698
-9.21386
-9.2229
-10.5351
-10.5448
-11.9438
-11.954
-13.4527
-13.4637
-15.0715
-15.0832
-16.8053
-16.8183
-18.7827
-18.7986
-21.5443
-21.5664
-24.8989
-24.9232
-28.5202
-28.5464
-32.4159
-32.4442
-36.6448
-36.6756
-41.2481
-41.2811
-46.3338
-46.3718
-52.7077
-52.762
-61.9337
-62.0059
-73.0234
-73.1062
-85.8881
-85.9863
-101.426
-101.548
-121.208
-121.368
-148.241
-148.47
-190.363
-190.756
-272.861
-273.674
-422.881
-424.131
-531.653
-531.588
-386.609
-384.515
-8.45036
-5.62039
370.103
372.178
515.471
515.488
407.29
406.036
265.022
264.283
188.512
188.129
146.127
145.889
118.413
118.249
98.1499
98.0258
82.2252
82.1244
69.0114
68.9275
58.312
58.2499
51.0206
50.9772
45.2578
45.2199
40.0972
40.0634
35.3983
35.3669
31.0914
31.0625
27.1043
27.0773
23.4194
23.3948
20.4075
20.3902
18.2441
18.2302
16.3436
16.3305
14.5706
14.5585
12.9148
12.9036
11.3701
11.3595
9.92134
9.91143
8.58987
8.58133
7.56236
7.55621
6.76811
6.76283
6.0377
6.03276
5.35051
5.34586
4.70442
4.70004
4.09423
4.09008
3.51886
3.51501
2.87548
2.86617
2.0092
2.00497
1.52604
1.52332
1.1989
-2.41493
-2.67295
-2.69287
-3.00393
-3.03103
-3.45201
-3.48532
-3.95553
-3.99098
-4.49138
-4.5292
-5.06262
-5.10325
-5.67398
-5.71726
-6.32632
-6.37238
-7.03809
-7.09201
-7.96522
-8.04122
-9.17442
-9.26214
-10.4929
-10.5867
-11.8993
-11.9989
-13.4048
-13.5118
-15.02
-15.1345
-16.7493
-16.8742
-18.7135
-18.8683
-21.4471
-21.6637
-24.792
-25.0299
-28.4056
-28.6596
-32.292
-32.5675
-36.5105
-36.8106
-41.1031
-41.4282
-46.1677
-46.5358
-52.4717
-53.002
-61.6223
-62.3228
-72.6607
-73.4699
-85.4597
-86.4173
-100.898
-102.081
-120.509
-122.067
-147.247
-149.471
-188.662
-192.491
-269.34
-277.246
-417.402
-429.384
-531.79
-531.155
-395.502
-375.205
-20.8259
6.75871
360.865
380.899
515.266
515.429
412.763
400.542
268.279
261.048
190.208
186.47
147.17
144.876
119.129
117.534
98.6954
97.4874
82.6678
81.6857
69.3808
68.5587
58.5859
57.9809
51.2114
50.7877
45.4214
45.0544
40.2475
39.9138
35.5357
35.2289
31.2177
30.9361
27.2208
26.9595
23.5267
23.2877
20.4835
20.3147
18.3062
18.1696
16.4002
16.2739
14.6234
14.5058
12.9642
12.8547
11.4165
11.3139
9.96464
9.86821
8.62743
8.54423
7.58942
7.52993
6.79125
6.73979
6.0594
6.01116
5.37095
5.32551
4.7236
4.68091
4.11239
4.07197
3.53571
3.49824
2.91684
2.8265
2.02792
1.98664
1.53804
1.5115
1.2073
-2.44209
-2.48138
-2.52127
-2.56154
-2.60235
-2.64406
-2.72306
-2.76709
-2.81315
-2.86124
-2.91162
-2.96523
-3.07242
-3.1344
-3.19905
-3.26557
-3.33362
-3.40344
-3.53489
-3.60713
-3.68016
-3.75396
-3.82808
-3.90337
-4.04401
-4.12078
-4.19834
-4.27712
-4.35585
-4.43568
-4.58564
-4.66732
-4.74985
-4.83364
-4.9179
-5.00348
-5.16325
-5.251
-5.3397
-5.42927
-5.51941
-5.61084
-5.78151
-5.87522
-5.96951
-6.0652
-6.16092
-6.25852
-6.4413
-6.54138
-6.64301
-6.74719
-6.85226
-6.96101
-7.17188
-7.29391
-7.42188
-7.5583
-7.70237
-7.85552
-8.1566
-8.32743
-8.50192
-8.6812
-8.86202
-9.04576
-9.39129
-9.58093
-9.77159
-9.96515
-10.1593
-10.3558
-10.7241
-10.9268
-11.1294
-11.3354
-11.5432
-11.7529
-12.1457
-12.3622
-12.5795
-12.8004
-13.0231
-13.2478
-13.6711
-13.9026
-14.1362
-14.3732
-14.6106
-14.8512
-15.3032
-15.5522
-15.8008
-16.0545
-16.3098
-16.5682
-17.056
-17.3278
-17.6035
-17.8877
-18.1847
-18.49
-19.1049
-19.4669
-19.8514
-20.2598
-20.6857
-21.1297
-21.9857
-22.4638
-22.9493
-23.4392
-23.9388
-24.4398
-25.3841
-25.9035
-26.425
-26.9536
-27.4898
-28.0269
-29.0405
-29.5971
-30.1601
-30.7284
-31.3041
-31.8836
-32.9788
-33.5816
-34.1933
-34.809
-35.4349
-36.0682
-37.2591
-37.9153
-38.5785
-39.2483
-39.9316
-40.6181
-41.9177
-42.6359
-43.363
-44.101
-44.8588
-45.6217
-47.0979
-47.9313
-48.8072
-49.7162
-50.6868
-51.7165
-53.8173
-55.0581
-56.362
-57.7232
-59.139
-60.5906
-63.3823
-64.9344
-66.5238
-68.1401
-69.7907
-71.4737
-74.6837
-76.4729
-78.3056
-80.178
-82.0973
-84.0683
-87.8541
-89.985
-92.1732
-94.4372
-96.7718
-99.1827
-103.861
-106.535
-109.294
-112.168
-115.161
-118.278
-124.418
-127.97
-131.676
-135.599
-139.721
-144.086
-152.862
-158.078
-163.624
-169.684
-176.206
-183.291
-198.433
-207.999
-218.558
-230.495
-243.699
-258.311
-289.364
-308.403
-328.645
-350.878
-374.674
-398.936
-446.845
-471.763
-493.528
-510.965
-523.42
-529.301
-527.208
-518.87
-503.955
-482.974
-456.06
-421.947
-342.005
-291.619
-236.431
-178.893
-120.614
-61.5338
47.4934
106.2
164.69
221.827
277.173
327.845
407.801
441.521
468.711
489.121
503.548
511.576
512.89
506.941
494.377
475.957
454.834
430.211
383.313
359.232
336.593
315.517
296.754
279.23
251.152
237.896
225.907
214.875
205.017
195.958
181.278
174.181
167.673
161.587
155.933
150.627
141.668
137.198
132.981
128.969
125.166
121.532
115.257
112.06
109.007
106.062
103.245
100.521
95.7374
93.2686
90.8846
88.5667
86.3239
84.1416
80.2577
78.2341
76.2632
74.3369
72.4562
70.6238
67.3517
65.66
64.0175
62.4424
60.9415
59.518
57.116
55.9407
54.8338
53.7944
52.799
51.8463
50.1666
49.2974
48.4418
47.6042
46.7824
45.9723
44.5103
43.7385
42.9743
42.222
41.4831
40.7477
39.4211
38.7168
38.0215
37.3357
36.6605
35.9907
34.7778
34.1353
33.4986
32.8716
32.2508
31.637
30.5193
29.9264
29.3384
28.756
28.1829
27.6107
26.5736
26.0221
25.4743
24.9339
24.4036
23.879
22.9439
22.4584
21.9941
21.551
21.1331
20.7392
20.0722
19.7386
19.4171
19.1046
18.8035
18.5059
17.9721
17.688
17.4084
17.1307
16.8575
16.585
16.0904
15.8259
15.5661
15.3058
15.0504
14.7965
14.3338
14.0862
13.8431
13.6007
13.3626
13.1261
12.6944
12.465
12.2375
12.012
11.7895
11.5675
11.1643
10.9484
10.7357
10.5233
10.3143
10.1065
9.72763
9.5258
9.32766
9.13141
8.93987
8.75399
8.42454
8.2576
8.10021
7.95105
7.81138
7.67728
7.44559
7.32462
7.20811
7.09263
6.9791
6.86796
6.66423
6.5554
6.44868
6.34152
6.23585
6.13147
5.94043
5.83791
5.73672
5.63661
5.53699
5.43882
5.25891
5.16258
5.06752
4.97336
4.87986
4.78729
4.61804
4.52742
4.43764
4.34851
4.26015
4.17292
4.01244
3.92653
3.8417
3.75741
3.67403
3.59204
3.44363
3.36601
3.29166
3.22155
3.15888
3.07165
2.70586
2.55287
2.41924
2.2991
2.19072
2.09181
1.92852
1.84933
1.77445
1.70488
1.64012
1.57867
1.47331
1.4205
1.37054
1.32409
1.279
1.23565
