-2.43288
-2.72635
-3.07807
-3.51566
-4.01274
-4.5506
-5.12904
-5.75293
-6.43124
-7.1995
-8.15756
-9.33351
-10.6443
-12.0608
-13.5904
-15.2472
-17.0702
-19.2076
-21.9431
-25.2164
-28.832
-32.7701
-37.0782
-41.8429
-47.2835
-54.1091
-63.1555
-74.1871
-87.2664
-103.257
-123.85
-152.484
-197.392
-276.109
-394.006
-456.601
-320.621
-7.05782
306.114
441.742
380.157
267.837
193.521
149.543
120.684
99.7927
83.5677
70.3783
59.8563
52.0484
45.8876
40.5515
35.7627
31.4103
27.4297
23.839
20.8518
18.5173
16.5224
14.7072
13.0314
11.4789
10.0423
8.7537
7.70266
6.85213
6.09617
5.39716
4.74493
4.1347
3.57004
2.94399
2.06118
1.55547
1.216
-2.43385
-2.72525
-2.72745
-3.07669
-3.07945
-3.514
-3.51731
-4.01093
-4.01456
-4.54865
-4.55254
-5.12694
-5.13114
-5.75067
-5.7552
-6.42875
-6.43372
-7.19655
-7.20245
-8.15378
-8.16134
-9.32913
-9.3379
-10.6395
-10.649
-12.0557
-12.066
-13.5848
-13.596
-15.2412
-15.2533
-17.0634
-17.077
-19.1992
-19.216
-21.9325
-21.9538
-25.2043
-25.2284
-28.8188
-28.8452
-32.7557
-32.7845
-37.0624
-37.094
-41.8253
-41.8606
-47.2628
-47.3043
-54.0816
-54.1367
-63.1202
-63.1908
-74.1452
-74.229
-87.2162
-87.3166
-103.195
-103.32
-123.767
-123.933
-152.363
-152.606
-197.19
-197.594
-275.754
-276.464
-393.584
-394.427
-456.688
-456.512
-321.495
-319.744
-8.26114
-5.85476
305.249
306.976
441.652
441.83
380.571
379.743
268.169
267.505
193.717
193.327
149.664
149.421
120.768
120.6
99.8563
99.7292
83.6186
83.5168
70.4199
70.3368
59.888
59.8246
52.0721
52.0248
45.9074
45.8677
40.5692
40.5339
35.7786
35.7467
31.4249
31.3958
27.4429
27.4164
23.8506
23.8274
20.861
20.8427
18.5247
18.5099
16.5291
16.5158
14.7133
14.7011
13.037
13.0258
11.4841
11.4737
10.0471
10.0375
8.75784
8.74957
7.70591
7.69941
6.8549
6.84936
6.0987
6.09364
5.39952
5.3948
4.74715
4.74271
4.13677
4.13264
3.5719
3.56818
2.94834
2.93964
2.06337
2.059
1.5569
1.55404
1.217
-2.44233
-2.71566
-2.73709
-3.06464
-3.09159
-3.49955
-3.53181
-3.9951
-4.03045
-4.53165
-4.56958
-5.1086
-5.14953
-5.73088
-5.77506
-6.40693
-6.4555
-7.1709
-7.22837
-8.12087
-8.19454
-9.29084
-9.37633
-10.5978
-10.6909
-12.0108
-12.111
-13.5363
-13.6446
-15.1883
-15.3063
-17.0044
-17.1364
-19.1261
-19.2897
-21.8394
-22.0474
-25.0987
-25.3344
-28.7036
-28.9608
-32.6301
-32.9105
-36.9248
-37.2326
-41.6713
-42.0152
-47.0817
-47.487
-53.842
-54.3794
-62.8125
-63.5014
-73.779
-74.5962
-86.7789
-87.7571
-102.65
-103.87
-123.045
-124.671
-151.311
-153.682
-195.437
-199.383
-272.671
-279.604
-389.857
-398.071
-457.335
-455.641
-329.053
-311.978
-18.8012
4.66096
297.596
314.361
440.767
442.492
384.127
376.111
271.09
264.637
195.448
191.637
150.734
148.365
121.506
119.869
100.415
99.1761
84.0657
83.0732
70.7853
69.9737
60.1668
59.5486
52.2799
51.8185
46.0816
45.6945
40.7236
40.3801
35.9183
35.6075
31.5523
31.2687
27.5594
27.3003
23.953
23.7259
20.9415
20.763
18.5896
18.4452
16.5871
16.458
14.7667
14.6478
13.0864
12.9765
11.5299
11.4278
10.0893
9.99553
8.79412
8.71353
7.73447
7.67104
6.87916
6.82516
6.12089
6.07152
5.42017
5.37418
4.7665
4.72343
4.15484
4.11464
3.58822
3.55193
2.98686
2.90202
2.08277
2.03981
1.56949
1.54161
1.22584
-2.47051
-2.51177
-2.55376
-2.59643
-2.63996
-2.68431
-2.76941
-2.81722
-2.8665
-2.91767
-2.97056
-3.02548
-3.13217
-3.19276
-3.2551
-3.31921
-3.38499
-3.45228
-3.57998
-3.65067
-3.72255
-3.79509
-3.86854
-3.94304
-4.08309
-4.15992
-4.23754
-4.31606
-4.39544
-4.47551
-4.62613
-4.70872
-4.79226
-4.87671
-4.96215
-5.04842
-5.21046
-5.29966
-5.38948
-5.48049
-5.57262
-5.66577
-5.84088
-5.93712
-6.03487
-6.13364
-6.23386
-6.33556
-6.52804
-6.63484
-6.7439
-6.85544
-6.96958
-7.08736
-7.31512
-7.44453
-7.5788
-7.71844
-7.86341
-8.01376
-8.30545
-8.46964
-8.63811
-8.81067
-8.98619
-9.16519
-9.50386
-9.69047
-9.87953
-10.0711
-10.2649
-10.4609
-10.8293
-11.0313
-11.2358
-11.4425
-11.6518
-11.8631
-12.2604
-12.4786
-12.6993
-12.9224
-13.1481
-13.3767
-13.8063
-14.0419
-14.281
-14.5229
-14.7675
-15.0151
-15.4822
-15.7403
-16.0011
-16.2664
-16.5365
-16.8109
-17.3345
-17.6272
-17.928
-18.2377
-18.5573
-18.8889
-19.5373
-19.908
-20.2937
-20.6937
-21.1082
-21.536
-22.3598
-22.8209
-23.2915
-23.77
-24.2573
-24.752
-25.6862
-26.2015
-26.7226
-27.2509
-27.7852
-28.3258
-29.3446
-29.9047
-30.4725
-31.0463
-31.6284
-32.2179
-33.3289
-33.9407
-34.5607
-35.1898
-35.8269
-36.4727
-37.6934
-38.3668
-39.0503
-39.7439
-40.4494
-41.1674
-42.5297
-43.286
-44.0587
-44.8487
-45.6587
-46.4919
-48.0999
-49.0139
-49.963
-50.9527
-51.9848
-53.0656
-55.1971
-56.4218
-57.6975
-59.0217
-60.3915
-61.8075
-64.5363
-66.069
-67.6399
-69.2493
-70.8979
-72.5871
-75.8215
-77.6323
-79.4891
-81.3946
-83.3517
-85.3587
-89.2277
-91.4109
-93.6595
-95.9862
-98.3899
-100.878
-105.715
-108.476
-111.35
-114.336
-117.462
-120.711
-127.146
-130.879
-134.801
-138.931
-143.298
-147.934
-157.335
-162.893
-168.868
-175.317
-182.238
-189.81
-205.566
-215.157
-225.621
-237.107
-249.483
-262.826
-290.284
-306.568
-323.374
-340.872
-359.138
-377.373
-409.677
-425.171
-438.416
-448.466
-455.149
-458.046
-451.38
-441.566
-426.594
-406.418
-381.151
-352.203
-285.143
-243.658
-198.803
-151.909
-103.231
-53.4492
39.1787
88.931
137.586
184.608
229.29
270.87
337.665
367.255
391.822
411.522
426.504
436.541
443.162
440.547
433.876
423.874
410.923
395.628
364.096
346.499
329.02
312.154
296.101
280.978
255.341
242.771
231.113
220.368
210.509
201.371
186.245
178.903
172.103
165.787
159.866
154.342
144.985
140.32
135.904
131.738
127.781
124.006
117.498
114.197
111.042
108.013
105.097
102.293
97.3811
94.8588
92.4193
90.0605
87.7762
85.5583
81.6283
79.5908
77.6127
75.6902
73.8218
72.0078
68.794
67.1377
65.5403
64.0009
62.523
61.1097
58.6566
57.416
56.2331
55.1028
54.0189
52.9764
51.1477
50.2
49.2824
48.3884
47.5156
46.6616
45.1286
44.3229
43.5319
42.7534
41.989
41.2364
39.8759
39.156
38.4471
37.7487
37.0604
36.3819
35.1509
34.4989
33.8554
33.2207
32.5938
31.9758
30.8522
30.2558
29.6663
29.0857
28.5123
27.9465
26.92
26.376
25.8411
25.3144
24.7997
24.2946
23.3933
22.9254
22.4729
22.0363
21.6155
21.2116
20.5044
20.1427
19.7929
19.4545
19.1267
18.8062
18.2338
17.9331
17.6376
17.3473
17.0613
16.7795
16.2679
15.9964
15.7281
15.4634
15.2019
14.9436
14.4726
14.2224
13.9752
13.7306
13.4888
13.25
12.8147
12.5831
12.3538
12.1274
11.9034
11.6817
11.2777
11.063
10.8509
10.641
10.4337
10.2291
9.8579
9.66175
9.46909
9.28017
9.09572
8.91558
8.59621
8.43151
8.27276
8.11972
7.97219
7.82995
7.57874
7.44919
7.3227
7.1992
7.07832
6.95976
6.74582
6.63277
6.52127
6.41093
6.30213
6.19449
5.99875
5.89438
5.79135
5.68956
5.58853
5.4886
5.3064
5.20935
5.11321
5.01804
4.924
4.83048
4.6602
4.56945
4.47938
4.3903
4.30208
4.21479
4.05543
3.97079
3.88704
3.80431
3.72278
3.64269
3.49866
3.42333
3.35019
3.27912
3.21018
3.1191
2.78427
2.62982
2.49169
2.36712
2.25446
2.14993
1.97853
1.89475
1.81647
1.74349
1.67578
1.61199
1.50154
1.44671
1.3953
1.34701
1.30047
1.25569
