-1.68407
-1.85354
-2.03185
-2.21988
-2.41915
-2.63339
-2.87213
-3.15144
-3.47654
-3.83549
-4.219
-4.62484
-5.05393
-5.50828
-5.99097
-6.50871
-7.07973
-7.74249
-8.5288
-9.41904
-10.3813
-11.4041
-12.4878
-13.6374
-14.86
-16.1693
-17.6002
-19.2379
-21.197
-23.4788
-25.9922
-28.6889
-31.5675
-34.6461
-37.9538
-41.5367
-45.4885
-50.0291
-55.55
-62.3007
-70.1733
-79.1299
-89.3853
-101.377
-115.803
-133.809
-157.414
-190.54
-240.621
-315.105
-408.648
-471.076
-428.267
-258.41
-7.22599
243.892
413.792
456.941
395.969
305.499
234.753
186.853
154.296
130.662
112.486
97.8777
85.7284
75.3744
66.5183
59.1812
53.2962
48.4097
44.1168
40.2215
36.634
33.3041
30.1982
27.298
24.6182
22.2346
20.2282
18.532
17.0191
15.6207
14.3106
13.0771
11.9133
10.815
9.78518
8.8446
8.0301
7.34083
6.73189
6.16993
5.64172
5.1418
4.66733
4.21669
3.79087
3.39715
2.83303
2.17257
1.74466
1.43579
1.1999
1.01245
0.862489
0.737301
0.627605
0.5321
-1.68485
-1.85272
-1.85436
-2.03099
-2.03272
-2.21897
-2.22079
-2.41818
-2.42012
-2.63233
-2.63445
-2.87092
-2.87334
-3.15001
-3.15287
-3.47492
-3.47817
-3.83374
-3.83725
-4.21714
-4.22087
-4.62287
-4.62681
-5.05185
-5.05601
-5.50607
-5.51048
-5.98862
-5.99332
-6.50616
-6.51126
-7.07686
-7.0826
-7.73908
-7.7459
-8.52482
-8.53279
-9.41465
-9.42342
-10.3766
-10.386
-11.3991
-11.4091
-12.4826
-12.4931
-13.6318
-13.643
-14.854
-14.8659
-16.1629
-16.1757
-17.5931
-17.6074
-19.2295
-19.2463
-21.1869
-21.2071
-23.4674
-23.4902
-25.9799
-26.0045
-28.6758
-28.7021
-31.5534
-31.5815
-34.6311
-34.6611
-37.9376
-37.9701
-41.519
-41.5544
-45.4688
-45.5083
-50.0058
-50.0525
-55.5211
-55.579
-62.2661
-62.3354
-70.1337
-70.2129
-79.0849
-79.175
-89.3333
-89.4374
-101.315
-101.438
-115.728
-115.879
-133.713
-133.905
-157.285
-157.544
-190.352
-190.729
-240.331
-240.912
-314.696
-315.516
-408.21
-409.086
-470.991
-471.159
-428.782
-427.75
-259.478
-257.341
-8.46888
-5.98315
242.831
244.952
413.292
414.29
457.02
456.86
396.399
395.538
305.89
305.107
235.027
234.479
187.036
186.668
154.424
154.167
130.758
130.565
112.562
112.41
97.9402
97.8153
85.7812
85.6757
75.4197
75.3292
66.5566
66.48
59.2122
59.1503
53.3212
53.2712
48.4312
48.3883
44.136
44.0975
40.2391
40.2039
36.6503
36.6177
33.3193
33.289
30.2124
30.1841
27.3112
27.2848
24.6302
24.6061
22.245
22.2242
20.2368
20.2195
18.5395
18.5245
17.0259
17.0123
15.6271
15.6143
14.3166
14.3046
13.0827
13.0715
11.9186
11.908
10.82
10.81
9.78986
9.78051
8.84877
8.84044
8.03362
8.02659
7.34385
7.33781
6.73464
6.72914
6.1725
6.16737
5.64414
5.6393
5.1441
5.1395
4.66951
4.66515
4.21876
4.21462
3.79281
3.78893
3.39891
3.39539
2.83709
2.82899
2.17498
2.17016
1.74636
1.74297
1.43706
1.43453
1.20089
1.19891
1.01325
1.01166
0.863115
0.861863
0.737856
0.736746
0.628082
0.627127
0.532525
-1.6909
-1.84637
-1.86071
-2.02431
-2.03941
-2.21191
-2.22786
-2.41067
-2.42766
-2.62416
-2.64266
-2.86158
-2.88274
-3.13896
-3.164
-3.46236
-3.49078
-3.82016
-3.85087
-4.20273
-4.23531
-4.60764
-4.64208
-5.03574
-5.07217
-5.48899
-5.52761
-5.97043
-6.01156
-6.48647
-6.53103
-7.05467
-7.10492
-7.71276
-7.77244
-8.49403
-8.56375
-9.38071
-9.45747
-10.3404
-10.4224
-11.3607
-11.4476
-12.4419
-12.534
-13.5886
-13.6863
-14.8079
-14.9122
-16.1132
-16.2256
-17.5378
-17.6629
-19.1646
-19.3118
-21.1091
-21.2854
-23.3795
-23.5785
-25.8847
-26.1
-28.5741
-28.804
-31.4449
-31.6904
-34.5147
-34.7779
-37.8123
-38.0959
-41.3824
-41.6916
-45.3159
-45.662
-49.825
-50.2346
-55.2979
-55.8043
-61.9987
-62.6046
-69.8276
-70.5208
-78.7368
-79.5256
-88.9314
-89.8424
-100.839
-101.918
-115.147
-116.466
-132.973
-134.655
-156.288
-158.553
-188.904
-192.205
-238.096
-243.187
-311.537
-318.707
-404.811
-412.475
-470.232
-471.719
-432.556
-423.787
-267.679
-249.002
-18.037
3.6475
234.548
253.122
409.287
418.061
457.538
456.133
399.719
392.186
308.944
302.094
237.172
232.356
188.47
185.25
155.428
153.177
131.512
129.821
113.156
111.822
98.4266
97.3333
86.1915
85.2686
75.7714
74.98
66.8546
66.1845
59.4533
58.9117
53.5156
53.0784
48.5976
48.2228
44.2853
43.949
40.3757
40.0677
36.7766
36.4917
33.4369
33.1717
30.3223
30.0745
27.4137
27.1827
24.7237
24.5132
22.3257
22.1442
20.3039
20.1529
18.5977
18.4666
17.079
16.9594
15.6766
15.565
14.3631
14.2582
13.1266
13.0277
11.96
11.8667
10.8591
10.7711
9.82613
9.74436
8.88117
8.80824
8.06099
7.99944
7.36736
7.31444
6.75596
6.70789
6.19241
6.14752
5.66294
5.62055
5.16191
5.12173
4.68644
4.64826
4.23482
4.1986
3.80789
3.7739
3.4126
3.38178
2.86893
2.79807
2.19387
2.15168
1.75956
1.72996
1.44695
1.42478
1.20861
1.19129
1.01946
1.00553
0.867977
0.857026
0.742172
0.732455
0.631798
0.623441
0.535826
-1.70816
-1.73185
-1.75573
-1.77979
-1.80398
-1.82839
-1.87888
-1.90382
-1.92891
-1.95422
-1.97967
-2.00536
-2.05854
-2.08478
-2.11126
-2.13795
-2.1648
-2.19191
-2.24808
-2.27583
-2.30385
-2.33213
-2.36061
-2.38941
-2.44921
-2.47884
-2.50886
-2.53922
-2.56991
-2.60107
-2.66621
-2.69877
-2.73193
-2.76571
-2.80017
-2.83529
-2.90983
-2.94749
-2.98611
-3.02575
-3.06632
-3.10789
-3.19599
-3.24043
-3.28584
-3.33208
-3.37904
-3.42687
-3.52691
-3.57676
-3.62712
-3.67816
-3.72963
-3.7817
-3.88979
-3.94324
-3.99724
-4.05171
-4.10653
-4.1619
-4.27657
-4.33319
-4.39035
-4.44797
-4.50595
-4.56447
-4.6857
-4.74555
-4.80598
-4.86689
-4.92819
-4.99008
-5.11831
-5.18166
-5.24562
-5.31012
-5.37514
-5.44061
-5.57653
-5.64373
-5.71162
-5.78013
-5.84913
-5.91889
-6.06376
-6.13562
-6.20812
-6.28152
-6.35569
-6.43085
-6.58772
-6.66602
-6.74539
-6.82623
-6.90836
-6.99221
-7.16913
-7.25849
-7.35002
-7.44388
-7.54
-7.63878
-7.84889
-7.9554
-8.06472
-8.17646
-8.29055
-8.40716
-8.65259
-8.77542
-8.90026
-9.02685
-9.15486
-9.28465
-9.55486
-9.68871
-9.82412
-9.96083
-10.0985
-10.2377
-10.5262
-10.6688
-10.8128
-10.958
-11.1042
-11.2518
-11.5577
-11.7087
-11.8613
-12.0152
-12.17
-12.3265
-12.6506
-12.8108
-12.9726
-13.1358
-13.3001
-13.4661
-13.8103
-13.9804
-14.1524
-14.3259
-14.5007
-14.6774
-15.0443
-15.226
-15.4098
-15.5955
-15.7829
-15.9727
-16.3684
-16.5652
-16.7649
-16.9675
-17.1731
-17.3822
-17.8225
-18.044
-18.2702
-18.502
-18.7389
-18.9823
-19.5006
-19.7641
-20.035
-20.3132
-20.5981
-20.8905
-21.5106
-21.8229
-22.1416
-22.4664
-22.7959
-23.131
-23.8314
-24.1798
-24.533
-24.8901
-25.2505
-25.6152
-26.3729
-26.748
-27.1276
-27.5103
-27.8965
-28.2863
-29.0954
-29.4963
-29.901
-30.3092
-30.7214
-31.1375
-32.0016
-32.4299
-32.8624
-33.2991
-33.7401
-34.1855
-35.1115
-35.571
-36.0352
-36.5043
-36.9785
-37.4578
-38.4557
-38.9518
-39.4537
-39.9616
-40.4759
-40.9966
-42.0845
-42.6272
-43.1784
-43.7379
-44.3063
-44.885
-46.1036
-46.7172
-47.3445
-47.9864
-48.644
-49.3186
-50.7597
-51.4953
-52.2535
-53.0354
-53.8418
-54.6729
-56.4543
-57.3631
-58.2976
-59.2567
-60.2401
-61.2466
-63.3782
-64.4527
-65.549
-66.6662
-67.8048
-68.9646
-71.4042
-72.629
-73.8765
-75.146
-76.4388
-77.756
-80.5314
-81.9269
-83.3502
-84.8034
-86.2875
-87.8012
-91.0069
-92.6265
-94.2843
-95.9813
-97.7207
-99.5037
-103.3
-105.23
-107.215
-109.255
-111.356
-113.521
-118.161
-120.542
-123.001
-125.544
-128.179
-130.908
-136.825
-139.89
-143.081
-146.407
-149.879
-153.517
-161.495
-165.692
-170.102
-174.752
-179.681
-184.9
-196.539
-202.782
-209.419
-216.473
-223.966
-231.927
-249.838
-259.374
-269.416
-279.973
-291.036
-302.72
-327.906
-340.866
-354.265
-367.82
-381.523
-395.088
-421.85
-433.723
-444.473
-453.843
-461.652
-467.261
-472.509
-471.547
-468.071
-462.031
-453.491
-442.407
-411.487
-392.23
-370.27
-346.045
-319.312
-290.298
-224.743
-190.587
-155.303
-119.139
-82.3523
-45.2883
31.0112
68.0218
104.769
140.916
176.149
210.415
275.649
304.744
331.551
355.89
377.644
396.902
427.86
439.035
447.619
453.553
457.123
458.205
453.293
447.713
440.075
430.904
420.418
408.92
382.69
369.502
356.288
343.141
330.357
317.827
293.657
282.597
272.072
262.007
252.478
243.471
226.504
218.915
211.759
205.015
198.667
192.66
181.347
176.273
171.459
166.873
162.509
158.349
150.421
146.789
143.315
139.98
136.779
133.699
127.742
124.989
122.328
119.759
117.275
114.871
110.177
107.986
105.858
103.792
101.783
99.8272
95.9808
94.1737
92.411
90.6916
89.0116
87.3704
84.124
82.5917
81.0918
79.6245
78.1881
76.7822
73.9975
72.6818
71.3953
70.1383
68.9104
67.7127
65.3554
64.2506
63.1776
62.137
61.128
60.1498
58.2438
57.3582
56.5001
55.6671
54.8608
54.0768
52.537
51.8133
51.1065
50.4153
49.739
49.0754
47.7556
47.1278
46.5102
45.9022
45.303
44.7125
43.5294
42.9627
42.4034
41.8512
41.3055
40.7666
39.6828
39.1624
38.648
38.1393
37.636
37.138
36.1354
35.6532
35.176
34.7038
34.2362
33.7732
32.8398
32.3905
31.9456
31.505
31.0686
30.6363
29.7644
29.3446
28.929
28.5174
28.1099
27.7065
26.8941
26.504
26.1184
25.7377
25.3617
24.9916
24.2507
23.8981
23.5527
23.2137
22.8819
22.5583
21.9194
21.6193
21.3276
21.0433
20.7664
20.497
19.9657
19.7152
19.4707
19.2307
18.9953
18.7647
18.3031
18.083
17.866
17.6516
17.4401
17.231
16.8097
16.6073
16.4072
16.2089
16.0123
15.818
15.4253
15.236
15.0487
14.8628
14.6784
14.496
14.1268
13.9488
13.7725
13.5974
13.4238
13.2518
12.9038
12.7359
12.5696
12.4044
12.2406
12.0783
11.7497
11.5912
11.4342
11.2783
11.1236
10.9705
10.6609
10.5117
10.3642
10.2179
10.073
9.93002
9.64218
9.50431
9.36862
9.23476
9.10322
8.97425
8.71761
8.5964
8.47816
8.36256
8.24979
8.13989
7.92307
7.82101
7.72145
7.62389
7.52844
7.43489
7.24848
7.1597
7.07231
6.98603
6.90093
6.81694
6.64778
6.56649
6.48613
6.40642
6.32757
6.24932
6.09128
6.01509
5.93962
5.86464
5.7904
5.71662
5.56742
5.49536
5.42397
5.35301
5.28258
5.2128
5.07134
5.0031
4.93526
4.86791
4.80104
4.73476
4.6004
4.53547
4.47112
4.40714
4.34363
4.2807
4.1532
4.09166
4.03072
3.97023
3.91029
3.85101
3.7314
3.67397
3.61732
3.56134
3.50615
3.45186
3.34336
3.29169
3.24107
3.19139
3.10052
2.96318
2.71396
2.60701
2.50783
2.41575
2.32996
2.24954
2.10034
2.03331
1.96996
1.90975
1.85242
1.79796
1.69379
1.64648
1.60129
1.55778
1.51585
1.47554
1.39805
1.36268
1.32828
1.29485
1.26246
1.23102
1.17006
1.14212
1.11502
1.08842
1.06254
1.03743
0.98837
0.965578
0.943557
0.922234
0.901646
0.881919
0.843373
0.824997
0.806951
0.789177
0.771733
0.754561
0.720357
0.704102
0.688175
0.672594
0.65736
0.642491
0.613075
0.599055
0.585104
0.57132
0.558271
0.545282
