-1.74697
-2.04257
-2.36708
-2.73403
-3.18594
-3.7513
-4.39647
-5.10864
-5.89586
-6.78594
-7.87523
-9.26904
-10.8928
-12.6961
-14.6956
-16.9527
-19.6867
-23.2444
-27.5032
-32.3001
-37.696
-43.8988
-51.5425
-61.9399
-75.4652
-92.4211
-114.748
-147.073
-201.045
-298.924
-409.848
-333.972
-7.06052
319.667
396.057
289.328
196.449
143.739
111.352
88.7982
71.7823
58.9442
49.7286
42.5138
36.3556
30.9341
26.1302
22.0588
18.9179
16.3741
14.1369
12.1219
10.3028
8.71608
7.45624
6.43732
5.53835
4.72111
3.97478
3.31635
2.2207
1.55101
1.14409
0.867151
0.664293
-1.74777
-2.0417
-2.04344
-2.36612
-2.36804
-2.73291
-2.73516
-3.1845
-3.18738
-3.74958
-3.75302
-4.39456
-4.39837
-5.10654
-5.11074
-5.89352
-5.89819
-6.78323
-6.78866
-7.87174
-7.87872
-9.26475
-9.27334
-10.888
-10.8977
-12.6908
-12.7015
-14.6896
-14.7015
-16.9458
-16.9595
-19.678
-19.6955
-23.2333
-23.2556
-27.4905
-27.516
-32.2858
-32.3143
-37.6799
-37.7122
-43.8798
-43.9178
-51.5178
-51.5673
-61.9062
-61.9737
-75.4229
-75.5076
-92.3673
-92.475
-114.674
-114.822
-146.96
-147.186
-200.84
-201.25
-298.582
-299.267
-409.689
-410.005
-334.593
-333.348
-8.13204
-5.98898
319.038
320.294
396.212
395.903
289.657
288.998
196.644
196.254
143.852
143.627
111.426
111.278
88.8527
88.7438
71.8242
71.7404
58.9745
58.9139
49.751
49.7062
42.5324
42.4953
36.3718
36.3395
30.9485
30.9198
26.1428
26.1176
22.0689
22.0487
18.9257
18.9101
16.3808
16.3674
14.1428
14.1309
12.1273
12.1165
10.3076
10.298
8.72011
8.71206
7.45935
7.45312
6.43999
6.43466
5.54076
5.53594
4.72331
4.71892
3.97678
3.97279
3.31803
3.31468
2.22324
2.21817
1.55244
1.54958
1.14504
1.14314
0.867781
0.866521
0.664805
-1.75553
-2.03324
-2.05192
-2.35677
-2.37744
-2.722
-2.74615
-3.17051
-3.20148
-3.73286
-3.7698
-4.37599
-4.41701
-5.08607
-5.13128
-5.87077
-5.92102
-6.75685
-6.81521
-7.8379
-7.9129
-9.22298
-9.31528
-10.8411
-10.9447
-12.6389
-12.7535
-14.6318
-14.7595
-16.8792
-17.0265
-19.5931
-19.7813
-23.1249
-23.3645
-27.3665
-27.6404
-32.1469
-32.4538
-37.5226
-37.8701
-43.6951
-44.1037
-51.2777
-51.8103
-61.5782
-62.3041
-75.0114
-75.9219
-91.8444
-93.0026
-113.961
-115.544
-145.867
-148.296
-198.867
-203.262
-295.264
-302.641
-408.05
-411.459
-340.54
-327.14
-18.5782
4.44501
312.783
326.279
397.639
394.319
292.882
285.808
198.565
194.371
144.954
142.543
112.155
110.558
89.3861
88.2155
72.2344
71.3338
59.2722
58.6193
49.9701
49.4886
42.714
42.3147
36.5301
36.1819
31.0888
30.78
26.2661
25.9949
22.168
21.9504
19.0019
18.8345
16.4458
16.3026
14.2011
14.0729
12.1799
12.0641
10.3548
10.251
8.75952
8.67301
7.48987
7.42274
6.46604
6.40872
5.56425
5.51252
4.74479
4.69752
3.99627
3.95337
3.33442
3.29841
2.24825
2.19381
1.56647
1.53575
1.15413
1.13396
0.87394
0.860401
0.669811
-1.78386
-1.82649
-1.86968
-1.91348
-1.95782
-2.00274
-2.08288
-2.12952
-2.17683
-2.22486
-2.27358
-2.32308
-2.41175
-2.46365
-2.51659
-2.57074
-2.6261
-2.6829
-2.78654
-2.84845
-2.91261
-2.97934
-3.04859
-3.12059
-3.25332
-3.3327
-3.41449
-3.49858
-3.58473
-3.67274
-3.83108
-3.9237
-4.01785
-4.11355
-4.21058
-4.30907
-4.48498
-4.58744
-4.69136
-4.79689
-4.90381
-5.01231
-5.20618
-5.31914
-5.43379
-5.5504
-5.6687
-5.78891
-6.00444
-6.13053
-6.2592
-6.39056
-6.52492
-6.66245
-6.91273
-7.06181
-7.21626
-7.37669
-7.54348
-7.71723
-8.03895
-8.23267
-8.43327
-8.6407
-8.854
-9.07303
-9.46877
-9.70116
-9.93783
-10.1788
-10.4235
-10.6721
-11.1165
-11.3756
-11.6387
-11.9059
-12.1769
-12.4519
-12.9437
-13.2305
-13.5217
-13.8177
-14.1183
-14.4238
-14.9714
-15.2919
-15.6185
-15.952
-16.2922
-16.6405
-17.2723
-17.6478
-18.0357
-18.4377
-18.8557
-19.2907
-20.0981
-20.5872
-21.0964
-21.6253
-22.1725
-22.7369
-23.7635
-24.3696
-24.989
-25.6212
-26.2648
-26.9201
-28.0948
-28.7817
-29.48
-30.1904
-30.9124
-31.647
-32.9631
-33.7331
-34.5173
-35.3156
-36.1287
-36.9573
-38.4476
-39.3234
-40.2184
-41.1343
-42.0718
-43.0348
-44.7859
-45.8293
-46.9104
-48.0328
-49.202
-50.4252
-52.7094
-54.1064
-55.5736
-57.1135
-58.7254
-60.4089
-63.5217
-65.3941
-67.3315
-69.3342
-71.4038
-73.5398
-77.4463
-79.7817
-82.1968
-84.6972
-87.2888
-89.9803
-94.9494
-97.955
-101.092
-104.372
-107.819
-111.431
-118.227
-122.422
-126.867
-131.588
-136.629
-142.026
-152.445
-159.084
-166.278
-174.101
-182.665
-192.027
-210.841
-222.999
-236.268
-250.878
-266.668
-283.487
-315.111
-334.021
-352.715
-370.759
-387.129
-400.873
-415.288
-416.566
-412.2
-401.47
-384.188
-360.237
-302.745
-261.554
-215.242
-165.013
-111.413
-56.1737
42.0196
97.4882
150.783
201.146
247.447
288.578
346.019
370.032
387.074
397.903
402.575
401.473
387.277
374.132
358.246
340.89
322.683
304.768
274.5
258.596
243.761
230.021
217.351
205.78
187.804
178.741
170.402
162.735
155.649
149.077
138.724
133.334
128.289
123.553
119.077
114.856
108.006
104.356
100.879
97.5608
94.391
91.3543
86.3333
83.6202
81.0085
78.4941
76.075
73.7468
69.8858
67.8025
65.8108
63.9101
62.0981
60.3776
57.5754
56.083
54.665
53.3134
52.0192
50.777
48.7114
47.584
46.4896
45.4254
44.389
43.3787
41.6664
40.7169
39.7872
38.8766
37.9838
37.1082
35.6155
34.7838
33.967
33.1643
32.3759
31.6012
30.2772
29.5388
28.8133
28.1009
27.4023
26.7175
25.5545
24.9123
24.288
23.6821
23.0977
22.5342
21.601
21.0988
20.6172
20.1547
19.7103
19.2818
18.5638
18.1699
17.7859
17.4104
17.0433
16.6836
16.0696
15.7273
15.3908
15.0597
14.734
14.4136
13.8639
13.5566
13.2539
12.9553
12.6614
12.3719
11.875
11.5971
11.3233
11.0535
10.7882
10.5273
10.0819
9.83437
9.59246
9.35627
9.12689
8.90463
8.5334
8.33225
8.13907
7.95316
7.77437
7.60221
7.31418
7.15629
7.00245
6.85211
6.70519
6.56123
6.3153
6.17814
6.04317
5.90997
5.77899
5.64993
5.42815
5.3039
5.18135
5.06023
4.94085
4.82305
4.62037
4.50674
4.39464
4.28393
4.17487
4.06745
3.88353
3.78104
3.68073
3.58267
3.48738
3.39478
3.24029
3.09656
2.87024
2.67133
2.49704
2.34282
2.10978
1.99391
1.88788
1.79042
1.70106
1.61868
1.48701
1.41906
1.35668
1.29703
1.2403
1.18741
1.10141
1.05557
1.01251
0.97167
0.933115
0.896808
0.838474
0.806586
0.775621
0.745549
0.716427
0.688228
