-2.04448
-2.384
-2.75877
-3.26429
-3.91486
-4.62886
-5.40856
-6.26294
-7.2321
-8.61578
-10.3215
-12.1905
-14.2424
-16.4997
-19.165
-23.09
-27.7517
-32.9032
-38.6568
-45.164
-53.5607
-66.3692
-82.2671
-102.383
-130.223
-174.825
-272.249
-462.96
-441.457
-7.01392
425.323
445.96
263.42
172.739
127.465
99.0138
78.4205
62.3834
51.6434
43.9975
37.4013
31.5537
26.299
21.7113
18.5448
16.0079
13.706
11.6121
9.69656
8.05707
6.91624
5.94039
5.04442
4.21833
3.45618
2.43101
1.63052
1.17745
0.876652
0.660793
-2.04534
-2.38307
-2.38494
-2.75769
-2.75985
-3.26269
-3.26589
-3.91306
-3.91667
-4.6269
-4.63082
-5.4064
-5.41071
-6.26058
-6.2653
-7.22921
-7.235
-8.61151
-8.62005
-10.3168
-10.3262
-12.1853
-12.1956
-14.2367
-14.248
-16.4935
-16.506
-19.1565
-19.1735
-23.0784
-23.1016
-27.7389
-27.7646
-32.8889
-32.9175
-38.6407
-38.6729
-45.1457
-45.1824
-53.5326
-53.5887
-66.3312
-66.4073
-82.2205
-82.3136
-102.322
-102.445
-130.134
-130.311
-174.666
-174.985
-271.861
-272.638
-462.305
-463.619
-442.124
-440.786
-8.35987
-5.66791
424.674
425.968
446.426
445.491
263.774
263.067
172.854
172.578
127.556
127.374
99.0764
98.9512
78.4682
78.3727
62.4198
62.3471
51.6657
51.6211
44.0161
43.9793
37.4176
37.385
31.5682
31.5391
26.3121
26.2858
21.7217
21.701
18.5519
18.5377
16.0143
16.0014
13.7118
13.7002
11.6174
11.6068
9.70138
9.69173
8.06067
8.05347
6.91892
6.91357
5.94276
5.93802
5.04668
5.04215
4.22043
4.21623
3.45804
3.45436
2.43403
2.428
1.63205
1.629
1.1784
1.17651
0.877286
0.876018
0.661294
-2.05396
-2.3737
-2.39424
-2.74694
-2.77072
-3.24677
-3.28197
-3.89523
-3.93473
-4.60729
-4.65048
-5.38486
-5.4323
-6.23726
-6.28906
-7.20046
-7.26419
-8.56897
-8.66175
-10.2684
-10.3735
-12.1339
-12.2472
-14.1801
-14.3049
-16.4311
-16.5688
-19.0723
-19.2591
-22.9621
-23.2154
-27.6107
-27.8935
-32.7459
-33.061
-38.48
-38.8339
-44.9568
-45.3669
-53.2544
-53.8713
-65.9517
-66.7869
-81.7628
-82.7805
-101.714
-103.059
-129.252
-131.278
-173.237
-176.602
-268.035
-276.585
-457.309
-467.414
-448.601
-433.89
-21.816
7.79551
417.971
432.278
451.198
440.668
267.343
259.558
174.299
171.004
128.469
126.472
99.7052
98.3284
78.9473
77.898
62.786
61.9859
51.8897
51.3996
44.2022
43.7972
37.5813
37.2218
31.7142
31.3936
26.4442
26.1535
21.8257
21.5988
18.6234
18.4665
16.0779
15.9374
13.7698
13.6423
11.6702
11.5542
9.74972
9.64422
8.09696
8.01777
6.94572
6.88689
5.96782
5.91333
5.06934
5.01957
4.24146
4.19529
3.47734
3.43575
2.46457
2.39832
1.64737
1.61403
1.18788
1.16713
0.883685
0.869695
0.66632
-2.08617
-2.13568
-2.18561
-2.23606
-2.28721
-2.339
-2.42939
-2.4829
-2.53746
-2.59273
-2.6493
-2.70735
-2.81202
-2.8773
-2.9478
-3.02285
-3.10291
-3.18823
-3.34276
-3.43658
-3.5317
-3.62958
-3.72835
-3.82838
-4.00268
-4.10671
-4.21157
-4.31776
-4.42485
-4.53388
-4.72482
-4.83761
-4.95224
-5.06826
-5.1858
-5.30455
-5.51391
-5.63768
-5.76318
-5.89008
-6.01886
-6.14966
-6.37832
-6.51433
-6.65316
-6.79506
-6.9418
-7.09493
-7.37692
-7.55926
-7.75273
-7.96165
-8.18228
-8.41163
-8.82339
-9.06994
-9.32034
-9.5753
-9.83315
-10.0933
-10.5517
-10.822
-11.0963
-11.3731
-11.6552
-11.9416
-12.4422
-12.7387
-13.0399
-13.345
-13.6534
-13.9693
-14.5194
-14.8454
-15.1753
-15.5119
-15.8527
-16.1985
-16.8061
-17.1701
-17.5443
-17.9321
-18.3391
-18.7678
-19.5868
-20.1128
-20.6782
-21.2724
-21.8912
-22.5303
-23.66
-24.3336
-25.0188
-25.7118
-26.4121
-27.1297
-28.3815
-29.1228
-29.8755
-30.6438
-31.4227
-32.2129
-33.6022
-34.4291
-35.2708
-36.1235
-36.9971
-37.8833
-39.4408
-40.3706
-41.3174
-42.2823
-43.268
-44.2746
-46.071
-47.1685
-48.3155
-49.5332
-50.8317
-52.2524
-54.9617
-56.708
-58.5525
-60.4817
-62.4819
-64.5458
-68.2344
-70.4618
-72.7524
-75.1126
-77.5401
-80.0465
-84.5536
-87.3194
-90.1669
-93.1415
-96.2426
-99.4814
-105.41
-109.125
-113.011
-117.08
-121.415
-126.028
-134.677
-140.201
-146.163
-152.635
-159.697
-167.462
-182.929
-193.555
-205.729
-219.731
-235.835
-254.439
-291.928
-317.743
-345.085
-375.24
-406.737
-438.036
-482.754
-500.194
-505.684
-502.22
-489.964
-468.221
-404.956
-352.357
-289.828
-220.351
-147.133
-71.781
58.0663
133.22
206.48
275.503
337.699
389.388
452.444
474.645
486.878
489.318
482.156
466.103
421.484
390.521
359.622
330.878
305.174
281.394
247.228
230.43
215.579
202.456
190.886
180.56
165.381
157.403
150.254
143.741
137.59
131.948
123.174
118.403
113.969
109.79
105.876
102.108
96.0241
92.7195
89.5494
86.5081
83.5847
80.7656
76.1468
73.5793
71.0993
68.7002
66.3929
64.1882
60.6732
58.8299
57.1146
55.5512
54.1074
52.744
50.5789
49.3804
48.218
47.0909
45.9888
44.9057
43.1103
42.0898
41.0905
40.1058
39.1453
38.197
36.6147
35.715
34.8301
33.9573
33.1029
32.2619
30.8517
30.046
29.2518
28.4707
27.7008
26.9414
25.6646
24.938
24.227
23.5344
22.8697
22.2284
21.2276
20.696
20.207
19.7478
19.3113
18.8948
18.2036
17.8134
17.429
17.0543
16.6805
16.317
15.701
15.348
15.0008
14.6588
14.3206
13.988
13.4261
13.1067
12.7908
12.4794
12.1721
11.8691
11.3576
11.065
10.776
10.4912
10.2095
9.93176
9.46499
9.20033
8.94299
8.69558
8.45669
8.23645
7.88776
7.70491
7.53085
7.36466
7.20408
7.04701
6.7855
6.63723
6.48991
6.34507
6.20207
6.06042
5.82157
5.68478
5.54994
5.41663
5.28474
5.15481
4.93515
4.80924
4.68507
4.56222
4.44061
4.32075
4.11718
4.00069
3.88523
3.77156
3.65928
3.54913
3.36653
3.26597
3.17261
3.03741
2.79369
2.58615
2.29336
2.15037
2.02263
1.90748
1.80196
1.70621
1.5595
1.48228
1.41044
1.34492
1.28276
1.2241
1.13272
1.08301
1.03587
0.990757
0.948395
0.908651
0.846313
0.81198
0.778675
0.746458
0.715335
0.685453
