-2.22557
-2.48765
-2.77891
-3.13131
-3.56389
-4.04911
-4.57202
-5.13324
-5.73709
-6.39138
-7.12659
-8.03083
-9.1464
-10.3979
-11.7497
-13.2047
-14.7758
-16.487
-18.4288
-20.8524
-23.8529
-27.2271
-30.8959
-34.8889
-39.2631
-44.1311
-49.8442
-57.2602
-66.7651
-78.0559
-91.4441
-107.914
-129.302
-159.339
-206.977
-289.291
-405.073
-454.642
-312.65
-7.05782
298.258
439.778
391.057
280.059
202.723
156.327
126.187
104.526
87.8098
74.2478
63.1744
54.7313
48.2802
42.8252
37.9631
33.5521
29.5143
25.8173
22.5493
19.9267
17.8151
15.9472
14.2308
12.6407
11.1625
9.79484
8.5788
7.59343
6.78312
6.05575
5.38066
4.74937
4.15742
3.60745
3.0742
2.14849
1.62453
1.27414
1.01752
0.826542
-2.22648
-2.48666
-2.48863
-2.77777
-2.78004
-3.12989
-3.13274
-3.56221
-3.56556
-4.04729
-4.05094
-4.57007
-4.57396
-5.13114
-5.13534
-5.73483
-5.73935
-6.3889
-6.39387
-7.1237
-7.12948
-8.02716
-8.03451
-9.14208
-9.15072
-10.3932
-10.4026
-11.7447
-11.7548
-13.1993
-13.2102
-14.7699
-14.7817
-16.4804
-16.4935
-18.4212
-18.4365
-20.8425
-20.8623
-23.8413
-23.8645
-27.2144
-27.2398
-30.8821
-30.9097
-34.8738
-34.904
-39.2465
-39.2797
-44.1124
-44.1499
-49.8211
-49.8673
-57.2295
-57.291
-66.7276
-66.8027
-78.0118
-78.1
-91.391
-91.4971
-107.847
-107.981
-129.213
-129.392
-159.208
-159.471
-206.754
-207.2
-288.914
-289.669
-404.672
-405.473
-454.775
-454.506
-313.544
-311.753
-8.26114
-5.85476
297.374
299.139
439.646
439.907
391.458
390.656
280.409
279.71
202.937
202.51
156.458
156.197
126.278
126.096
104.594
104.458
87.8636
87.756
74.2923
74.2034
63.2098
63.1391
54.7575
54.7052
48.3013
48.2592
42.8437
42.8066
37.9798
37.9465
33.5673
33.537
29.5282
29.5003
25.83
25.8046
22.56
22.5386
19.9351
19.9184
17.8221
17.808
15.9537
15.9408
14.2367
14.2248
12.6462
12.6351
11.1676
11.1573
9.79955
9.79013
8.5828
8.5748
7.59659
7.59027
6.78586
6.78038
6.05827
6.05323
5.38301
5.3783
4.75158
4.74715
4.15949
4.15535
3.60934
3.60556
3.07884
3.06958
2.1509
2.1461
1.62603
1.62302
1.27521
1.27307
1.01832
1.01672
0.827148
-2.23422
-2.47828
-2.49704
-2.76811
-2.78974
-3.11786
-3.1449
-3.54802
-3.57981
-4.03182
-4.06645
-4.55352
-4.59054
-5.11331
-5.15321
-5.71564
-5.7586
-6.3679
-6.41503
-7.09924
-7.15413
-7.99604
-8.06592
-9.10546
-9.18747
-10.3533
-10.4427
-11.7017
-11.7979
-13.153
-13.2566
-14.7198
-14.8319
-16.4252
-16.5488
-18.3562
-18.502
-20.7588
-20.9467
-23.7428
-23.9634
-27.1065
-27.348
-30.765
-31.0272
-34.746
-35.0323
-39.106
-39.4207
-43.954
-44.3096
-49.6256
-50.0649
-56.9695
-57.5537
-66.4091
-67.1231
-77.6378
-78.4762
-90.9418
-91.9499
-107.281
-108.552
-128.454
-130.161
-158.096
-160.599
-204.881
-209.115
-285.734
-292.901
-401.243
-408.842
-455.773
-453.257
-321.058
-304.041
-18.4998
4.36079
289.737
306.545
438.423
440.901
394.8
387.221
283.405
276.766
204.767
200.713
157.581
155.094
127.056
125.327
105.174
103.883
88.3231
87.3001
74.6713
73.8273
63.5121
62.8405
54.9806
54.4844
48.4811
48.0804
43.0015
42.6495
38.1219
37.8048
33.6967
33.4081
29.6471
29.3818
25.9383
25.6968
22.6515
22.4479
20.0064
19.8478
17.8825
17.7478
16.0087
15.886
14.2873
14.1743
12.6933
12.5881
11.2114
11.1137
9.83967
9.75018
8.61691
8.54094
7.62363
7.56346
6.80927
6.75714
6.07973
6.0318
5.40306
5.35831
4.77036
4.72838
4.17709
4.1378
3.62541
3.58962
3.11863
3.03065
2.17151
2.12593
1.63893
1.61027
1.28434
1.26403
1.02515
1.00997
0.832314
-2.25983
-2.29717
-2.33495
-2.37315
-2.41176
-2.4509
-2.52487
-2.5657
-2.6073
-2.64951
-2.69271
-2.73687
-2.82199
-2.86981
-2.91948
-2.97069
-3.02374
-3.07883
-3.18548
-3.24565
-3.30749
-3.37084
-3.43566
-3.50169
-3.62702
-3.69621
-3.7661
-3.8369
-3.90859
-3.98122
-4.11767
-4.19236
-4.26787
-4.34408
-4.42119
-4.49909
-4.64545
-4.72576
-4.80676
-4.88861
-4.97141
-5.05497
-5.21227
-5.29848
-5.38558
-5.4736
-5.5626
-5.65276
-5.82224
-5.91509
-6.00937
-6.10472
-6.20145
-6.29934
-6.48479
-6.58733
-6.69183
-6.79855
-6.90758
-7.01979
-7.2364
-7.35877
-7.48566
-7.61711
-7.75349
-7.89524
-8.17061
-8.32587
-8.48538
-8.64875
-8.8159
-8.98598
-9.30921
-9.48721
-9.66777
-9.85041
-10.0354
-10.2227
-10.575
-10.768
-10.963
-11.1601
-11.3593
-11.5612
-11.9401
-12.1476
-12.3578
-12.57
-12.7844
-13.0016
-13.4103
-13.634
-13.8606
-14.0894
-14.3214
-14.5562
-14.9978
-15.2402
-15.4865
-15.7359
-15.9885
-16.2453
-16.7321
-17.002
-17.2772
-17.559
-17.8472
-18.145
-18.7213
-19.0483
-19.388
-19.7405
-20.1075
-20.4877
-21.2284
-21.6454
-22.0748
-22.5146
-22.9633
-23.4215
-24.2908
-24.7699
-25.2563
-25.7487
-26.2481
-26.7535
-27.7059
-28.2282
-28.7567
-29.2924
-29.8339
-30.3828
-31.4162
-31.984
-32.559
-33.1412
-33.7309
-34.3283
-35.4571
-36.0771
-36.7058
-37.3431
-37.9905
-38.6467
-39.8879
-40.5732
-41.2701
-41.9791
-42.7005
-43.4357
-44.8408
-45.6244
-46.4296
-47.2567
-48.1106
-48.9953
-50.7258
-51.7147
-52.7474
-53.8272
-54.9537
-56.1285
-58.4319
-59.7381
-61.0868
-62.478
-63.9061
-65.3727
-68.1879
-69.7586
-71.3662
-73.0114
-74.6962
-76.4195
-79.7296
-81.5798
-83.4781
-85.4238
-87.4237
-89.4811
-93.4593
-95.7038
-98.0199
-100.415
-102.891
-105.45
-110.466
-113.322
-116.298
-119.398
-122.626
-126.016
-132.744
-136.63
-140.718
-145.054
-149.64
-154.527
-164.441
-170.336
-176.672
-183.478
-190.927
-198.926
-215.66
-225.817
-236.94
-248.895
-261.758
-275.591
-303.811
-320.015
-336.833
-354.326
-372.002
-389.552
-419.468
-433.228
-444.353
-452.454
-457.208
-457.814
-447.948
-436.667
-420.252
-399.2
-373.518
-344.432
-277.542
-236.837
-193.07
-147.502
-100.268
-52.0542
37.7998
85.9613
133.193
178.895
222.497
263.325
329.647
359.551
384.8
405.397
421.507
433.085
442.976
442.399
437.822
429.765
419.002
405.306
375.815
359.035
341.922
325.077
308.889
293.571
267.353
254.324
242.217
230.957
220.552
210.983
195.003
187.296
180.105
173.436
167.219
161.403
151.572
146.693
142.089
137.714
133.581
129.659
122.863
119.443
116.16
113.022
110.008
107.116
102.024
99.4205
96.912
94.4828
92.1327
89.8569
85.8161
83.7269
81.6945
79.719
77.7997
75.9327
72.6056
70.885
69.2128
67.5968
66.0328
64.5223
61.8775
60.5354
59.2505
58.0234
56.8493
55.728
53.7697
52.7693
51.8058
50.8704
49.961
49.0784
47.4983
46.6717
45.862
45.0687
44.2895
43.5241
42.1377
41.4064
40.6875
39.9787
39.2801
38.5921
37.3421
36.6814
36.0296
35.3862
34.7516
34.1254
32.9856
32.3819
31.786
31.1969
30.6157
30.0409
28.9949
28.4408
27.8938
27.3539
26.8217
26.2964
25.345
24.8456
24.3556
23.8774
23.4104
22.9569
22.1539
21.7422
21.3463
20.9651
20.5976
20.2441
19.6188
19.2967
18.9824
18.6759
18.3762
18.0826
17.5515
17.2713
16.9963
16.724
16.4557
16.1903
15.7071
15.4508
15.1975
14.9479
14.7002
14.4552
14.0088
13.7714
13.537
13.3053
13.0756
12.8487
12.4342
12.2138
11.9962
11.7807
11.5672
11.3559
10.971
10.7664
10.5642
10.3646
10.1671
9.97256
9.61966
9.43372
9.25175
9.07371
8.89966
8.73081
8.43131
8.27742
8.12908
7.9859
7.84757
7.71389
7.47657
7.35344
7.23316
7.11558
6.99994
6.88667
6.6812
6.57244
6.46514
6.35917
6.2543
6.15065
5.96162
5.86105
5.76156
5.66326
5.56569
5.46923
5.29286
5.19897
5.106
5.01396
4.92276
4.83238
4.66708
4.57924
4.49192
4.40563
4.32008
4.23522
4.08038
3.99798
3.91662
3.8362
3.75681
3.67869
3.53766
3.46366
3.39167
3.32165
3.25378
3.18773
2.90757
2.74464
2.59918
2.46823
2.34951
2.24166
2.06238
1.97584
1.89495
1.8191
1.74813
1.68221
1.5692
1.51219
1.4583
1.40782
1.36042
1.31489
1.23483
1.19432
1.15591
1.11863
1.08251
1.048
0.988183
0.957808
0.928721
0.900996
0.874759
0.84947
