-2.36444
-2.69322
-3.09942
-3.6309
-4.22847
-4.87602
-5.57913
-6.34491
-7.21693
-8.3778
-9.82022
-11.4057
-13.1292
-15.0097
-17.081
-19.5933
-23.0303
-27.0606
-31.4877
-36.3719
-41.8132
-48.113
-56.6684
-68.4154
-82.6811
-100.393
-123.932
-158.59
-220.492
-347.848
-506.889
-411.963
-7.08553
397.438
491.41
335.905
216.149
155.992
120.891
96.9235
78.8706
64.5521
54.1665
46.7858
40.5762
35.0687
30.1138
25.6192
21.7339
18.8735
16.5654
14.4805
12.5689
10.8106
9.20378
7.87775
6.88432
6.01881
5.22096
4.48101
3.79312
3.18722
2.11382
1.52568
1.15299
-2.36538
-2.69215
-2.69429
-3.09799
-3.10085
-3.62918
-3.63263
-4.2266
-4.23034
-4.87399
-4.87805
-5.57693
-5.58133
-6.34249
-6.34733
-7.21399
-7.21986
-8.37377
-8.38183
-9.81565
-9.82479
-11.4007
-11.4106
-13.1238
-13.1346
-15.0038
-15.0156
-17.0743
-17.0876
-19.5844
-19.6021
-23.0189
-23.0417
-27.0479
-27.0734
-31.4738
-31.5016
-36.3565
-36.3874
-41.7958
-41.8305
-48.0919
-48.1342
-56.6374
-56.6994
-68.3763
-68.4545
-82.6338
-82.7284
-100.332
-100.453
-123.849
-124.016
-158.459
-158.721
-220.228
-220.756
-347.342
-348.356
-506.669
-507.106
-412.792
-411.131
-8.4576
-5.71372
396.609
398.263
491.635
491.183
336.39
335.421
216.4
215.898
156.125
155.859
120.976
120.806
96.9851
96.8619
78.9187
78.8224
64.5898
64.5144
54.1919
54.1411
46.8058
46.7659
40.5937
40.5586
35.0844
35.0531
30.128
30.0997
25.6321
25.6064
21.7441
21.7237
18.8809
18.866
16.572
16.5588
14.4865
14.4745
12.5744
12.5634
10.8157
10.8055
9.20831
9.19925
7.88113
7.87437
6.88705
6.88159
6.0213
6.01631
5.22327
5.21866
4.48316
4.47886
3.7951
3.79113
3.18887
3.18557
2.11615
2.1115
1.52706
1.5243
1.1539
-2.37429
-2.68203
-2.70446
-3.08449
-3.11451
-3.61284
-3.64897
-4.20885
-4.24813
-4.85477
-4.89733
-5.55606
-5.60228
-6.31954
-6.37036
-7.18627
-7.24794
-8.33566
-8.42026
-9.77227
-9.86815
-11.3534
-11.458
-13.0725
-13.1862
-14.9478
-15.0715
-17.0113
-17.1509
-19.5006
-19.687
-22.9106
-23.1509
-26.9273
-27.1943
-31.3416
-31.6342
-36.2097
-36.5348
-41.631
-41.9959
-47.892
-48.3361
-56.3442
-56.9957
-68.006
-68.8267
-82.1869
-83.1793
-99.7593
-101.029
-123.06
-124.815
-157.224
-159.976
-217.746
-223.296
-342.598
-353.236
-504.51
-508.982
-420.498
-403.038
-21.5068
7.33057
388.558
405.949
493.681
488.852
341.028
330.837
218.824
213.55
157.399
154.607
121.79
120
97.5732
96.28
79.3782
78.3668
64.9497
64.1585
54.4348
53.9019
46.9962
46.5767
40.7607
40.3924
35.2335
34.9044
30.2629
29.9654
25.754
25.485
21.8413
21.6277
18.9518
18.7957
16.6345
16.4966
14.5436
14.4175
12.6268
12.5113
10.864
10.7573
9.25148
9.15631
7.91338
7.84249
6.91304
6.85572
6.04502
5.99265
5.24521
5.19681
4.50357
4.4585
3.81396
3.77232
3.205
3.16998
2.1385
2.0897
1.54023
1.51132
1.16268
-2.40564
-2.45242
-2.50001
-2.54812
-2.59721
-2.64735
-2.74021
-2.79459
-2.85122
-2.91045
-2.97274
-3.03821
-3.16318
-3.2373
-3.31398
-3.39288
-3.47377
-3.55603
-3.70661
-3.79254
-3.87959
-3.96781
-4.05691
-4.14708
-4.31072
-4.40393
-4.49835
-4.59365
-4.69023
-4.78783
-4.96524
-5.06629
-5.16864
-5.27228
-5.3771
-5.48331
-5.67593
-5.78586
-5.89711
-6.0099
-6.12418
-6.23996
-6.45142
-6.57285
-6.69702
-6.82419
-6.95548
-7.09097
-7.34849
-7.50284
-7.66531
-7.83664
-8.01646
-8.20424
-8.5565
-8.76151
-8.97086
-9.18429
-9.40102
-9.621
-10.0213
-10.2494
-10.4802
-10.7139
-10.9501
-11.1893
-11.6242
-11.8719
-12.1224
-12.3762
-12.6334
-12.8938
-13.3677
-13.6373
-13.9109
-14.1878
-14.4679
-14.7521
-15.2692
-15.5646
-15.8641
-16.1679
-16.4773
-16.7929
-17.3747
-17.7137
-18.0632
-18.4285
-18.8113
-19.214
-19.9909
-20.4589
-20.9496
-21.4604
-21.9896
-22.5334
-23.5362
-24.1131
-24.6988
-25.2938
-25.8962
-26.5079
-27.6194
-28.2537
-28.8968
-29.5492
-30.2113
-30.8814
-32.102
-32.7997
-33.5083
-34.2276
-34.9587
-35.6997
-37.0538
-37.8278
-38.6146
-39.4166
-40.2296
-41.0592
-42.579
-43.4557
-44.352
-45.2724
-46.221
-47.2031
-49.0598
-50.1726
-51.3511
-52.6033
-53.9319
-55.342
-58.0538
-59.6719
-61.3525
-63.0917
-64.8828
-66.7268
-70.1445
-72.1303
-74.1684
-76.2636
-78.421
-80.6392
-84.7782
-87.1966
-89.7051
-92.3012
-94.9963
-97.7953
-103.084
-106.222
-109.501
-112.94
-116.557
-120.355
-127.669
-132.113
-136.815
-141.858
-147.23
-153.032
-164.531
-171.808
-179.804
-188.649
-198.505
-209.491
-232.672
-247.869
-264.804
-283.484
-304.032
-326.484
-370.477
-397.243
-424.455
-450.895
-474.755
-494.336
-514.004
-515.287
-509.524
-496.252
-474.98
-445.492
-372.113
-320.169
-261.828
-199.11
-133.858
-67.0981
52.8553
119.226
184.587
247.486
305.602
357.525
430.473
459.65
480.849
494.479
500.256
498.656
479.232
459.592
436.226
410.317
383.672
357.698
315.437
294.277
275.089
257.605
241.843
227.652
205.806
195.279
185.788
177.144
169.214
161.996
150.39
144.575
139.116
134.005
129.219
124.704
117.262
113.394
109.722
106.217
102.863
99.6665
94.2836
91.4287
88.6848
86.0394
83.4821
81.012
76.7941
74.5364
72.3509
70.237
68.1985
66.2355
62.94
61.2211
59.6004
58.0771
56.6475
55.3033
53.0826
51.9193
50.8041
49.7286
48.6843
47.6704
45.9201
44.9699
44.038
43.1255
42.2302
41.3486
39.8155
38.9773
38.1529
37.3423
36.5441
35.759
34.3876
33.6369
32.8963
32.1664
31.4468
30.7391
29.4974
28.8164
28.143
27.4807
26.8271
26.1838
25.0644
24.4539
23.8589
23.2803
22.7238
22.1891
21.2993
20.8367
20.3989
19.9832
19.5853
19.2036
18.551
18.1989
17.8535
17.5148
17.1822
16.8544
16.2805
15.9651
15.6535
15.3463
15.0435
14.7443
14.2191
13.9303
13.6455
13.3638
13.0855
12.8113
12.3291
12.064
11.8015
11.5426
11.2868
11.0339
10.5899
10.3456
10.1043
9.86689
9.63339
9.40404
9.00761
8.79483
8.58996
8.39371
8.20664
8.02892
7.73314
7.57805
7.42849
7.28357
7.14264
7.00503
6.76571
6.63477
6.50566
6.37833
6.25261
6.12839
5.91038
5.78999
5.67123
5.5537
5.43738
5.32243
5.12045
5.0091
4.89897
4.78995
4.68207
4.57546
4.38755
4.28383
4.18124
4.07979
3.97947
3.8804
3.70697
3.61228
3.51964
3.42964
3.3429
3.25999
3.08997
2.86339
2.6671
2.49867
2.35119
2.22025
2.01696
1.91731
1.82447
1.73907
1.66061
1.58752
1.46706
1.40578
1.34908
1.29508
1.24348
1.19429
