-2.06214
-2.35832
-2.68936
-3.08485
-3.57459
-4.13887
-4.75994
-5.43935
-6.18847
-7.04115
-8.08741
-9.38338
-10.8634
-12.4935
-14.2852
-16.2773
-18.5889
-21.4924
-25.0688
-29.1384
-33.6622
-38.7208
-44.5091
-51.5654
-60.8894
-72.8181
-87.4723
-106.007
-131.062
-168.471
-231.765
-335.158
-419.487
-315.39
-7.06723
301.094
405.818
324.281
225.739
164.836
127.727
102.519
83.8128
69.2114
58.0288
49.7386
43.0956
37.3756
32.3048
27.7643
23.7686
20.505
17.9198
15.7078
13.723
11.9176
10.2757
8.82726
7.6457
6.68292
5.83681
5.06617
4.35744
3.71047
3.06683
2.04864
1.49403
1.1351
0.881461
0.692537
-2.06301
-2.35736
-2.35929
-2.68826
-2.69046
-3.08348
-3.08621
-3.57294
-3.57623
-4.13703
-4.1407
-4.75793
-4.76194
-5.43715
-5.44155
-6.18603
-6.19092
-7.03828
-7.04402
-8.08377
-8.09104
-9.37906
-9.38771
-10.8586
-10.8682
-12.4883
-12.4988
-14.2794
-14.291
-16.2707
-16.2838
-18.581
-18.5969
-21.4823
-21.5025
-25.0569
-25.0807
-29.1251
-29.1517
-33.6474
-33.6769
-38.7042
-38.7374
-44.4897
-44.5285
-51.5407
-51.5903
-60.8565
-60.9224
-72.7773
-72.8589
-87.4218
-87.5227
-105.942
-106.073
-130.97
-131.154
-168.326
-168.617
-231.508
-232.022
-334.797
-335.519
-419.441
-419.536
-316.093
-314.685
-8.14758
-5.98668
300.39
301.795
405.857
405.778
324.629
323.932
225.983
225.497
164.979
164.693
127.82
127.635
102.585
102.453
83.8635
83.762
69.2512
69.1715
58.0583
57.9993
49.7611
49.7161
43.1145
43.0767
37.3922
37.359
32.3196
32.29
27.7776
27.7511
23.7799
23.7572
20.5139
20.4962
17.9271
17.9125
15.7143
15.7014
13.7288
13.7171
11.9229
11.9122
10.2805
10.2708
8.83135
8.82318
7.64895
7.64245
6.68568
6.68016
5.8393
5.83432
5.06845
5.06389
4.35954
4.35534
3.71235
3.70858
3.07133
3.06234
2.05084
2.04645
1.49539
1.49268
1.13604
1.13417
0.882099
0.880823
0.693066
-2.07112
-2.34849
-2.36819
-2.6781
-2.70067
-3.07088
-3.0989
-3.55776
-3.59148
-4.12009
-4.1577
-4.7394
-4.78053
-5.41684
-5.46194
-6.16344
-6.21359
-7.01181
-7.07068
-8.05023
-8.12478
-9.33914
-9.4278
-10.8142
-10.9128
-12.4395
-12.5477
-14.2257
-14.3449
-16.2103
-16.3446
-18.5082
-18.6703
-21.3892
-21.5962
-24.9472
-25.1908
-29.0027
-29.2746
-33.5112
-33.8136
-38.5508
-38.8914
-44.3107
-44.7087
-51.3124
-51.821
-60.5529
-61.2285
-72.4011
-73.2376
-86.9574
-87.9908
-105.339
-106.681
-130.122
-132.011
-166.989
-169.978
-229.157
-234.415
-331.465
-338.813
-418.962
-419.919
-322.541
-308.088
-18.1321
4.0172
293.763
308.168
406.133
405.261
327.855
320.726
228.252
223.269
166.311
163.384
128.684
126.786
103.199
101.844
84.3347
83.2945
69.6215
68.8046
58.3326
57.7276
49.9703
49.5085
43.2897
42.9023
37.546
37.2058
32.4569
32.1531
27.9004
27.6288
23.885
23.6529
20.5964
20.4143
17.9947
17.8452
15.774
15.6418
13.783
13.6632
11.9723
11.863
10.325
10.2264
8.86933
8.78553
7.6791
7.61247
6.71128
6.65467
5.86236
5.81134
5.0896
5.0428
4.379
4.33594
3.72985
3.69117
3.11343
3.0213
2.07136
2.02633
1.508
1.48024
1.14453
1.12557
0.888023
0.874941
0.697978
-2.09961
-2.14205
-2.18505
-2.22866
-2.27285
-2.31768
-2.39956
-2.4464
-2.49408
-2.5427
-2.59232
-2.64299
-2.7368
-2.79133
-2.84749
-2.90551
-2.96544
-3.02755
-3.14387
-3.21209
-3.28239
-3.3548
-3.42909
-3.50515
-3.6453
-3.72578
-3.80767
-3.89097
-3.97547
-4.06119
-4.2175
-4.30658
-4.39684
-4.4884
-4.58107
-4.67497
-4.84592
-4.94328
-5.04198
-5.14209
-5.24346
-5.34624
-5.53366
-5.64057
-5.74909
-5.85935
-5.97128
-6.08507
-6.2936
-6.41336
-6.53559
-6.66078
-6.78888
-6.92033
-7.16522
-7.30846
-7.45674
-7.61042
-7.76981
-7.93491
-8.24459
-8.4257
-8.61222
-8.8039
-9.00013
-9.20063
-9.5692
-9.7805
-9.99529
-10.2137
-10.4351
-10.6598
-11.0695
-11.3031
-11.5399
-11.7802
-12.0235
-12.2701
-12.7197
-12.9761
-13.236
-13.5
-13.7675
-14.039
-14.5347
-14.818
-15.1059
-15.3991
-15.6972
-16.0007
-16.5589
-16.8808
-17.2108
-17.5497
-17.8981
-18.2576
-18.9309
-19.327
-19.7383
-20.1657
-20.6088
-21.0683
-21.9285
-22.4305
-22.9459
-23.4746
-24.015
-24.5665
-25.5791
-26.1594
-26.7493
-27.3494
-27.9587
-28.5775
-29.7071
-30.3529
-31.0088
-31.6748
-32.3514
-33.0386
-34.2948
-35.014
-35.7456
-36.49
-37.2478
-38.0192
-39.4343
-40.2485
-41.08
-41.9301
-42.8001
-43.6923
-45.3474
-46.3121
-47.3086
-48.3415
-49.4124
-50.5281
-52.6425
-53.901
-55.2154
-56.587
-58.0189
-59.5089
-62.3155
-63.964
-65.6671
-67.4251
-69.2372
-71.1031
-74.5781
-76.6044
-78.6923
-80.8443
-83.0663
-85.3584
-89.6514
-92.1746
-94.7895
-97.5063
-100.329
-103.271
-108.853
-112.174
-115.658
-119.32
-123.171
-127.233
-135.087
-139.861
-144.95
-150.376
-156.193
-162.456
-174.892
-182.662
-191.107
-200.292
-210.293
-221.207
-243.088
-256.646
-271.25
-286.704
-302.879
-319.836
-350.432
-367.149
-382.805
-396.705
-407.879
-415.816
-419.44
-414.94
-405.155
-390.045
-369.412
-343.358
-283.474
-243.328
-199.541
-152.517
-103.443
-52.8063
38.7124
89.2914
138.396
185.267
229.237
269.178
328.933
355.145
375.895
391.077
400.902
405.707
402.348
394.753
383.836
370.357
355.192
338.968
309.44
293.38
277.882
263.174
249.416
236.475
215.717
205.325
195.72
186.844
178.699
171.127
158.943
152.764
147
141.6
136.532
131.762
123.89
119.806
115.934
112.248
108.738
105.386
99.7541
96.7863
93.9339
91.1924
88.5523
86.0089
81.6853
79.381
77.1567
75.0087
72.9355
70.9361
67.5449
65.7509
64.0317
62.3858
60.8139
59.3123
56.7984
55.4779
54.2147
53.0021
51.8357
50.7115
48.7926
47.7638
46.7627
45.7881
44.8371
43.908
42.2981
41.4232
40.5653
39.7241
38.8985
38.0877
36.6745
35.9026
35.1435
34.397
33.6627
32.9404
31.6781
30.9874
30.3074
29.6384
28.9803
28.3331
27.2046
26.5892
25.9861
25.3956
24.8193
24.2576
23.2928
22.7768
22.2785
21.7979
21.335
20.8894
20.1327
19.7299
19.3397
18.9606
18.5925
18.2335
17.612
17.2746
16.9435
16.6181
16.2987
15.9845
15.4349
15.1341
14.8377
14.5453
14.2574
13.9735
13.4755
13.2024
12.9329
12.6668
12.4046
12.1459
11.692
11.443
11.1975
10.9553
10.7169
10.4823
10.0724
9.84899
9.63015
9.41591
9.20711
9.00386
8.65551
8.4693
8.28943
8.1156
7.94801
7.78598
7.50917
7.36056
7.21586
7.07462
6.9366
6.8015
6.56626
6.4378
6.31146
6.1869
6.06431
5.94346
5.73144
5.61504
5.50014
5.38659
5.27458
5.16392
4.96944
4.8625
4.75686
4.65239
4.54927
4.44741
4.26849
4.17025
4.0734
3.97782
3.88388
3.79156
3.63084
3.54361
3.45853
3.37568
3.29528
3.21749
2.88437
2.70174
2.53959
2.39463
2.26369
2.14577
1.95858
1.8648
1.77825
1.69775
1.62309
1.55327
1.43793
1.3801
1.32477
1.27179
1.22134
1.17438
1.09641
1.05533
1.01606
0.978741
0.943331
0.909763
0.854592
0.825252
0.796667
0.768809
0.741735
0.715416
