-1.81879
-2.07423
-2.34808
-2.64554
-2.99807
-3.4592
-3.98998
-4.56295
-5.1797
-5.84546
-6.56848
-7.40806
-8.52047
-9.85217
-11.3014
-12.8658
-14.5588
-16.3995
-18.4958
-21.2576
-24.7198
-28.5511
-32.7244
-37.3014
-42.3633
-48.1872
-55.9177
-66.3939
-78.9695
-94.1189
-113.318
-139.474
-179.503
-254.327
-392.324
-514.963
-387.244
-7.08553
372.82
499.743
378.936
247.826
176.85
136.702
110.106
90.5363
75.0939
62.6259
53.5539
46.8558
41.1313
36.0101
31.3704
27.1291
23.3006
20.2332
17.9146
15.8871
14.0231
12.3004
10.7042
9.23555
7.99817
7.05877
6.24815
5.49957
4.80158
4.14851
3.5426
2.82605
1.95563
1.46478
1.13697
0.896995
0.716794
-1.8196
-2.07337
-2.0751
-2.34714
-2.34901
-2.64451
-2.64658
-2.99675
-2.9994
-3.45753
-3.46086
-3.98817
-3.9918
-4.561
-4.56489
-5.17759
-5.18181
-5.84319
-5.84774
-6.56598
-6.57097
-7.40494
-7.41119
-8.51637
-8.52458
-9.84761
-9.85673
-11.2965
-11.3064
-12.8604
-12.8711
-14.553
-14.5646
-16.3931
-16.4058
-18.488
-18.5035
-21.2471
-21.268
-24.7078
-24.7318
-28.538
-28.5642
-32.7101
-32.7388
-37.2856
-37.3171
-42.3457
-42.3808
-48.166
-48.2084
-55.8875
-55.9479
-66.356
-66.4319
-78.9247
-79.0143
-94.0635
-94.1743
-113.246
-113.391
-139.372
-139.577
-179.332
-179.675
-253.985
-254.67
-391.764
-392.884
-514.905
-515.019
-388.174
-386.309
-8.4576
-5.71372
371.875
373.761
499.81
499.673
379.476
378.395
248.143
247.509
177.018
176.682
136.806
136.597
110.18
110.033
90.5926
90.4801
75.1396
75.0482
62.6616
62.5903
53.5786
53.5291
46.8759
46.8358
41.149
41.1137
36.0261
35.9941
31.385
31.3559
27.1424
27.1157
23.3122
23.289
20.2417
20.2247
17.9216
17.9076
15.8934
15.8807
14.029
14.0173
12.3059
12.295
10.7093
10.6992
9.2401
9.23101
8.00167
7.99466
7.06157
7.05596
6.2507
6.2456
5.50195
5.49719
4.8038
4.79936
4.15058
4.14643
3.54448
3.54072
2.83027
2.82184
1.95765
1.95361
1.46608
1.46349
1.13788
1.13606
0.897657
0.896334
0.717334
-1.82688
-2.06557
-2.08294
-2.33875
-2.35742
-2.63526
-2.65589
-2.98485
-3.01143
-3.4426
-3.47584
-3.97187
-4.00813
-4.5435
-4.58243
-5.15865
-5.20082
-5.82273
-5.86816
-6.54354
-6.59353
-7.37697
-7.43952
-8.47939
-8.56167
-9.80651
-9.89789
-11.2521
-11.351
-12.8124
-12.9193
-14.501
-14.6168
-16.3362
-16.4629
-18.419
-18.5732
-21.1535
-21.3624
-24.5997
-24.8404
-28.4202
-28.6824
-32.5814
-32.868
-37.1441
-37.4591
-42.1881
-42.5393
-47.976
-48.4003
-55.6173
-56.2216
-66.0152
-66.7744
-78.5217
-79.4192
-93.5677
-94.6748
-112.599
-114.045
-138.453
-140.512
-177.807
-181.233
-250.935
-257.785
-386.74
-397.943
-514.227
-515.426
-396.401
-377.743
-20.8184
6.64336
363.217
381.976
500.203
498.888
384.351
373.546
251.036
244.688
178.546
175.171
137.754
135.663
110.845
109.375
91.1014
89.9759
75.5524
74.6384
62.9851
62.2715
53.8021
53.3077
47.0565
46.6562
41.3086
40.9546
36.1701
35.8505
31.5161
31.2252
27.2627
26.996
23.4168
23.1851
20.3189
20.1483
17.9849
17.8449
15.9507
15.8234
14.082
13.9642
12.3551
12.2461
10.7548
10.6538
9.28113
9.19019
8.03334
7.96328
7.08685
7.0308
6.27367
6.22269
5.52333
5.47584
4.82378
4.77945
4.16927
4.12779
3.56145
3.52384
2.8688
2.78459
1.97596
1.93559
1.47786
1.45192
1.14613
1.12789
0.903651
0.890419
0.722212
-1.85181
-1.88852
-1.9256
-1.9631
-2.00094
-2.03919
-2.10965
-2.14899
-2.1887
-2.22884
-2.26939
-2.3104
-2.38613
-2.42848
-2.47146
-2.51495
-2.55906
-2.60396
-2.68799
-2.73586
-2.78517
-2.83636
-2.88962
-2.94523
-3.05316
-3.11632
-3.18205
-3.25017
-3.32035
-3.39231
-3.52705
-3.60296
-3.6799
-3.75792
-3.83689
-3.9166
-4.06397
-4.14615
-4.22922
-4.31327
-4.3982
-4.48413
-4.64255
-4.73089
-4.82028
-4.91076
-5.0022
-5.09467
-5.2656
-5.36096
-5.45751
-5.55518
-5.65371
-5.75348
-5.93796
-6.04124
-6.14572
-6.2515
-6.35884
-6.46775
-6.67107
-6.78618
-6.90455
-7.02625
-7.15231
-7.28364
-7.53816
-7.68754
-7.84435
-8.00839
-8.17893
-8.35529
-8.68909
-8.8786
-9.07108
-9.26739
-9.46589
-9.66698
-10.0392
-10.2471
-10.4573
-10.6699
-10.8849
-11.1018
-11.5034
-11.7273
-11.9542
-12.1835
-12.4154
-12.6501
-13.0838
-13.3267
-13.5717
-13.8203
-14.0716
-14.3255
-14.7952
-15.0583
-15.3241
-15.594
-15.8672
-16.1438
-16.6589
-16.9502
-17.2473
-17.5523
-17.8657
-18.1892
-18.8141
-19.1802
-19.5658
-19.9709
-20.3955
-20.8391
-21.6888
-22.1767
-22.6764
-23.1866
-23.7059
-24.2335
-25.2125
-25.7601
-26.3157
-26.8778
-27.4463
-28.0218
-29.0867
-29.6837
-30.2883
-30.8998
-31.5191
-32.1468
-33.3097
-33.9621
-34.6238
-35.2953
-35.9751
-36.6657
-37.9447
-38.6632
-39.3945
-40.1347
-40.889
-41.6555
-43.0832
-43.8917
-44.7185
-45.5665
-46.4383
-47.3401
-49.0672
-50.0791
-51.1462
-52.2727
-53.4617
-54.718
-57.1712
-58.6077
-60.1008
-61.6441
-63.2359
-64.8703
-67.951
-69.7059
-71.503
-73.3436
-75.2304
-77.1658
-80.8161
-82.906
-85.054
-87.2638
-89.549
-91.906
-96.4014
-98.9996
-101.698
-104.499
-107.405
-110.445
-116.318
-119.761
-123.384
-127.176
-131.179
-135.411
-143.766
-148.786
-154.168
-159.921
-166.115
-172.845
-186.741
-195.46
-205.105
-215.844
-227.785
-241.038
-268.783
-286.114
-304.986
-325.467
-347.216
-370.303
-415.105
-439.349
-462.433
-482.972
-499.14
-509.88
-515.153
-509.621
-497.94
-479.66
-454.397
-422.158
-346.847
-296.618
-241.411
-183.729
-123.656
-62.7575
48.5192
109.215
168.947
227.041
281.988
332.004
407.597
439.332
464.251
482.507
494.577
500.086
494.65
483.89
467.622
447.832
425.012
401.015
357.524
335.3
314.462
295.173
277.538
261.323
235.475
223.093
211.776
201.635
192.38
183.925
170.242
163.569
157.343
151.53
146.143
141.056
132.575
128.275
124.2
120.331
116.658
113.151
107.177
104.074
101.106
98.2535
95.5086
92.8623
88.2818
85.8806
83.5504
81.2937
79.0998
76.9739
73.2645
71.3066
69.4091
67.5761
65.8054
64.1057
61.2097
59.7289
58.329
57.0077
55.7603
54.5789
52.5707
51.527
50.5222
49.5494
48.6005
47.6773
46.0513
45.1817
44.3275
43.4897
42.6672
41.856
40.4171
39.6432
38.8813
38.1306
37.3916
36.6628
35.366
34.6668
33.9775
33.2977
32.627
31.9649
30.7846
30.1457
29.5162
28.8946
28.2793
27.6736
26.5918
26.0087
25.4352
24.8717
24.3191
23.7792
22.8373
22.3449
21.8731
21.4228
20.9942
20.5869
19.8934
19.5339
19.1871
18.8504
18.5218
18.2013
17.6325
17.3278
17.0264
16.7295
16.4363
16.1468
15.6292
15.3494
15.0732
14.7998
14.5301
14.2627
13.7854
13.527
13.2718
13.0188
12.7696
12.5228
12.081
11.8414
11.6048
11.371
11.1391
10.9104
10.5005
10.2789
10.0597
9.84364
9.63103
9.4219
9.05268
8.85705
8.66778
8.48519
8.31046
8.14328
7.85889
7.71207
7.57134
7.43494
7.30256
7.17363
6.9458
6.82384
6.70352
6.5849
6.46783
6.35214
6.14514
6.03315
5.92233
5.81237
5.70388
5.5963
5.40357
5.29914
5.1959
5.0934
4.99215
4.89194
4.71207
4.61445
4.51779
4.42196
4.32707
4.23314
4.06465
3.97337
3.88311
3.79391
3.70599
3.61963
3.46721
3.38671
3.30914
3.23453
3.16061
3.00866
2.6658
2.51157
2.37495
2.25283
2.14147
2.04009
1.87599
1.79399
1.71826
1.64787
1.58173
1.51895
1.41381
1.36154
1.31174
1.26389
1.21808
1.17449
1.10035
1.06154
1.02487
0.98978
0.956344
0.924524
0.870926
0.84322
0.816178
0.789769
0.764052
0.738999
