-2.70112
-2.90389
-3.13577
-3.39945
-3.68831
-3.99553
-4.31836
-4.65639
-5.01034
-5.38133
-5.77088
-6.18163
-6.61933
-7.09699
-7.63812
-8.26339
-8.96753
-9.72974
-10.5366
-11.3842
-12.2733
-13.2064
-14.1871
-15.2208
-16.3177
-17.5005
-18.8183
-20.3408
-22.0995
-24.0535
-26.1524
-28.3748
-30.7197
-33.1965
-35.8192
-38.607
-41.5897
-44.8227
-48.4209
-52.5895
-57.5511
-63.3503
-69.8966
-77.1749
-85.2917
-94.454
-104.978
-117.326
-132.193
-150.696
-174.746
-207.849
-254.913
-319.22
-396.773
-460.908
-464.318
-383.007
-217.805
-7.22599
203.476
368.487
449.868
447.002
384.324
309.44
248.265
203.513
171.452
147.605
129.036
114.026
101.528
90.8636
81.5849
73.4162
66.2511
60.1246
55.0229
50.713
46.9189
43.4687
40.2743
37.2899
34.4862
31.8421
29.3429
26.9828
24.7751
22.7642
21.0065
19.4945
18.1551
16.9237
15.7679
14.6732
13.6325
12.6411
11.6959
10.7949
9.94044
9.14297
8.42383
7.79728
7.24789
6.7484
6.28095
5.83752
5.4144
5.00955
4.62164
4.24987
3.89474
3.55959
3.25102
2.65172
2.14635
1.78949
1.5188
1.30479
-2.70221
-2.90266
-2.90513
-3.13435
-3.13719
-3.39786
-3.40104
-3.6866
-3.69001
-3.99373
-3.99733
-4.31647
-4.32024
-4.65442
-4.65837
-5.00827
-5.01241
-5.37915
-5.3835
-5.76859
-5.77316
-6.17921
-6.18404
-6.61673
-6.62192
-7.0941
-7.09987
-7.63479
-7.64144
-8.25958
-8.26721
-8.96333
-8.97174
-9.72525
-9.73423
-10.5319
-10.5414
-11.3793
-11.3892
-12.2681
-12.2785
-13.2009
-13.2119
-14.1814
-14.1929
-15.2148
-15.2269
-16.3112
-16.3242
-17.4935
-17.5076
-18.8102
-18.8263
-20.3314
-20.3502
-22.0888
-22.1101
-24.0419
-24.0651
-26.14
-26.1648
-28.3617
-28.3878
-30.7059
-30.7335
-33.1819
-33.211
-35.8038
-35.8346
-38.5905
-38.6234
-41.572
-41.6074
-44.8033
-44.8421
-48.399
-48.4429
-52.5636
-52.6155
-57.5203
-57.5819
-63.315
-63.3856
-69.8571
-69.936
-77.1311
-77.2187
-85.2425
-85.3409
-94.3981
-94.5099
-104.914
-105.043
-117.249
-117.403
-132.099
-132.287
-150.577
-150.816
-174.587
-174.905
-207.625
-208.074
-254.595
-255.231
-318.809
-319.632
-396.329
-397.216
-460.667
-461.148
-464.527
-464.106
-383.726
-382.286
-218.934
-216.676
-8.46888
-5.98315
202.348
204.599
367.773
369.199
449.655
450.078
447.233
446.769
384.752
383.896
309.838
309.043
248.565
247.965
203.728
203.299
171.609
171.296
147.724
147.486
129.131
128.941
114.104
113.949
101.594
101.462
90.9202
90.807
81.6345
81.5352
73.46
73.3724
66.2891
66.213
60.1565
60.0927
55.0495
54.9964
50.736
50.6901
46.9395
46.8983
43.4876
43.4498
40.2919
40.2567
37.3064
37.2734
34.5017
34.4706
31.8568
31.8274
29.3568
29.329
26.9958
26.9697
24.7872
24.763
22.775
22.7534
21.0158
20.9972
19.5025
19.4864
18.1624
18.1478
16.9305
16.9169
15.7743
15.7615
14.6793
14.6671
13.6383
13.6267
12.6466
12.6356
11.7011
11.6906
10.8
10.7899
9.94517
9.9357
9.14733
9.13861
8.42768
8.41999
7.80061
7.79395
7.25086
7.24492
6.75115
6.74564
6.28355
6.27835
5.83999
5.83505
5.41676
5.41203
5.01182
5.00729
4.62381
4.61946
4.25195
4.2478
3.89672
3.89277
3.56144
3.55774
3.25269
3.24934
2.65524
2.64821
2.14872
2.14399
1.79125
1.78774
1.52017
1.51743
1.30589
-2.71017
-2.89374
-2.91411
-3.1241
-3.14751
-3.38638
-3.41257
-3.67424
-3.70241
-3.98069
-4.01041
-4.3028
-4.33394
-4.64011
-4.67272
-4.99328
-5.02744
-5.36343
-5.39926
-5.75206
-5.78973
-6.16171
-6.20158
-6.59794
-6.6408
-7.07328
-7.12084
-7.6108
-7.66565
-8.23199
-8.29496
-8.93291
-9.00232
-9.69274
-9.76683
-10.4977
-10.5757
-11.3434
-11.4252
-12.2304
-12.3163
-13.1614
-13.2515
-14.1398
-14.2346
-15.1708
-15.271
-16.2643
-16.3713
-17.4423
-17.5592
-18.7521
-18.885
-20.2637
-20.4185
-22.0118
-22.1877
-23.9579
-24.1495
-26.0507
-26.2544
-28.2673
-28.4825
-30.6063
-30.8334
-33.0765
-33.3167
-35.692
-35.9467
-38.4715
-38.7429
-41.4441
-41.7359
-44.6633
-44.9832
-48.2405
-48.6025
-52.3764
-52.8044
-57.2981
-57.8064
-63.0595
-63.6427
-69.572
-70.2228
-76.814
-77.5372
-84.887
-85.6984
-93.9945
-94.9165
-104.446
-105.515
-116.694
-117.964
-131.422
-132.973
-149.717
-151.689
-173.445
-176.068
-206.015
-209.712
-252.311
-257.549
-315.824
-322.638
-393.093
-400.413
-458.867
-462.812
-465.983
-462.463
-388.857
-376.986
-227.011
-208.463
-17.4219
3.02624
194.131
212.681
362.496
374.262
448.043
451.521
448.818
444.996
387.852
380.73
312.736
306.184
250.756
245.809
205.296
201.762
172.749
170.172
148.596
146.626
129.821
128.259
114.671
113.387
102.071
100.988
91.3322
90.3979
81.9959
81.1762
73.7786
73.056
66.5662
65.9382
60.3893
59.8622
55.2427
54.8048
50.9029
50.5243
47.089
46.7495
43.625
43.3128
40.4199
40.1292
37.4263
37.1538
34.6146
34.3581
31.9634
31.7211
29.4576
29.2285
27.0908
26.8751
24.8752
24.6754
22.8536
22.6754
21.0835
20.9301
19.5612
19.4281
18.2154
18.095
16.9798
16.8676
15.8209
15.715
14.7236
14.623
13.6804
13.5846
12.6868
12.5955
11.7394
11.6524
10.8364
10.7536
9.97958
9.90142
9.17897
9.10712
8.45568
8.39225
7.82487
7.76988
7.27246
7.22342
6.77113
6.72571
6.30241
6.25955
5.85795
5.81714
5.43392
5.39491
5.02825
4.9909
4.63956
4.60375
4.26704
4.23275
3.91108
3.87845
3.57485
3.54439
3.26487
3.23724
2.68111
2.62298
2.16597
2.127
1.80408
1.77508
1.53016
1.50755
1.31394
-2.73071
-2.75785
-2.78544
-2.81352
-2.84205
-2.87104
-2.93739
-2.96829
-2.9997
-3.03182
-3.06462
-3.098
-3.17425
-3.20964
-3.24567
-3.28226
-3.31948
-3.35714
-3.44235
-3.48158
-3.52132
-3.56129
-3.60174
-3.64258
-3.73445
-3.77631
-3.81858
-3.86117
-3.90407
-3.94735
-4.04408
-4.08824
-4.13269
-4.17752
-4.22254
-4.26776
-4.36922
-4.41556
-4.46201
-4.50885
-4.55598
-4.60342
-4.70965
-4.75806
-4.80679
-4.85583
-4.90529
-4.95496
-5.06612
-5.11684
-5.16802
-5.21942
-5.27106
-5.32314
-5.43995
-5.49306
-5.54665
-5.60061
-5.65496
-5.70981
-5.83242
-5.88846
-5.94491
-6.0019
-6.05925
-6.11692
-6.2468
-6.30637
-6.36625
-6.42683
-6.48799
-6.54985
-6.68954
-6.75378
-6.81892
-6.88498
-6.95219
-7.02028
-7.17516
-7.24723
-7.32059
-7.39543
-7.47176
-7.54974
-7.72836
-7.81162
-7.89659
-7.9833
-8.07171
-8.16165
-8.36679
-8.46179
-8.55814
-8.65583
-8.75486
-8.85506
-9.08119
-9.1849
-9.28964
-9.39537
-9.50198
-9.60948
-9.85082
-9.96106
-10.0721
-10.1839
-10.2965
-10.4099
-10.6641
-10.7799
-10.8966
-11.014
-11.1323
-11.2513
-11.5179
-11.6395
-11.7618
-11.885
-12.009
-12.1341
-12.4135
-12.5411
-12.6695
-12.7988
-12.9289
-13.06
-13.3537
-13.4877
-13.6226
-13.7585
-13.8953
-14.0331
-14.3421
-14.4832
-14.6253
-14.7685
-14.9128
-15.0582
-15.3846
-15.5339
-15.6844
-15.8363
-15.9895
-16.1443
-16.4929
-16.6527
-16.8144
-16.978
-17.1438
-17.312
-17.6925
-17.8685
-18.0474
-18.2296
-18.4151
-18.6042
-19.0369
-19.2387
-19.4449
-19.6558
-19.8712
-20.0913
-20.5957
-20.8307
-21.0701
-21.3144
-21.5632
-21.8151
-22.3882
-22.6527
-22.9205
-23.1916
-23.4657
-23.7428
-24.3671
-24.653
-24.9415
-25.2324
-25.5258
-25.8222
-26.4855
-26.7888
-27.0948
-27.4028
-27.7131
-28.0257
-28.7267
-29.0468
-29.3693
-29.6942
-30.0216
-30.3513
-31.0912
-31.4291
-31.7696
-32.1127
-32.4585
-32.8071
-33.5893
-33.9468
-34.3072
-34.6706
-35.0369
-35.4062
-36.236
-36.6155
-36.9983
-37.3844
-37.7739
-38.1671
-39.0515
-39.4565
-39.8655
-40.2785
-40.6957
-41.1173
-42.0681
-42.5048
-42.9468
-43.3944
-43.8474
-44.3063
-45.3479
-45.8291
-46.3179
-46.8154
-47.3216
-47.8376
-49.0175
-49.5679
-50.1317
-50.7076
-51.2976
-51.9018
-53.2964
-53.9509
-54.6214
-55.3086
-56.0129
-56.7338
-58.3895
-59.1626
-59.9518
-60.7558
-61.5749
-62.409
-64.3085
-65.1883
-66.0817
-66.989
-67.9099
-68.8447
-70.9653
-71.9444
-72.9379
-73.9462
-74.9688
-76.0064
-78.3625
-79.4519
-80.5582
-81.6815
-82.8225
-83.9823
-86.6245
-87.8477
-89.0932
-90.3619
-91.6532
-92.9677
-95.9719
-97.3703
-98.7971
-100.253
-101.74
-103.258
-106.742
-108.372
-110.04
-111.747
-113.496
-115.287
-119.425
-121.371
-123.369
-125.423
-127.536
-129.71
-134.764
-137.159
-139.631
-142.184
-144.823
-147.553
-153.971
-157.042
-160.224
-163.538
-166.986
-170.581
-179.134
-183.296
-187.637
-192.181
-196.96
-201.983
-214.034
-219.916
-226.096
-232.588
-239.426
-246.586
-263.644
-271.875
-280.456
-289.349
-298.651
-308.257
-330.486
-340.976
-351.763
-362.655
-373.675
-384.689
-408.593
-419.088
-428.874
-438.002
-446.431
-453.868
-466.216
-469.761
-471.89
-472.498
-471.609
-469.113
-457.565
-449.755
-440.231
-428.97
-416.08
-401.385
-362.632
-342.561
-320.937
-297.793
-273.295
-247.514
-187.123
-158.68
-129.622
-100.129
-70.3578
-40.4387
26.1608
56.0481
85.7934
115.263
144.267
172.67
233.067
258.707
283.146
306.364
328.033
348.124
386.816
401.544
414.476
425.717
435.278
443.106
454.579
457.196
458.133
457.675
455.678
452.283
440.098
432.825
424.644
415.756
406.205
395.915
372.56
361.922
351.276
340.736
330.462
320.341
298.964
289.79
280.999
272.531
264.359
256.528
240.384
233.621
227.133
220.953
215.057
209.431
197.899
193.064
188.447
184.012
179.786
175.742
167.343
163.791
160.381
157.091
153.927
150.874
144.464
141.728
139.081
136.519
134.035
131.623
126.533
124.339
122.205
120.131
118.112
116.148
111.964
110.152
108.381
106.652
104.964
103.313
99.7845
98.2458
96.7393
95.2646
93.8186
92.4015
89.3573
88.025
86.7174
85.4325
84.1711
82.9326
80.2627
79.0916
77.9407
76.8092
75.6975
74.6048
72.2509
71.2194
70.2071
69.2136
68.2399
67.2859
65.2406
64.3503
63.4804
62.6317
61.8036
60.9961
59.2781
58.5347
57.8109
57.106
56.4183
55.7467
54.3178
53.6957
53.0877
52.4923
51.9085
51.3359
50.1026
49.5613
49.0282
48.5036
47.9863
47.476
46.3697
45.8804
45.397
44.9193
44.4471
43.9801
42.9627
42.5113
42.0645
41.6221
41.1841
40.7503
39.8032
39.3822
38.9651
38.5518
38.1421
37.736
36.8481
36.4532
36.0616
35.6732
35.2879
34.9059
34.0702
33.698
33.3287
32.9625
32.5991
32.2384
31.4491
31.0974
30.7485
30.4022
30.0586
29.7176
28.9714
28.639
28.3092
27.9821
27.6576
27.336
26.6331
26.3208
26.0114
25.7052
25.4021
25.1025
24.4522
24.164
23.8807
23.6018
23.3272
23.0573
22.4766
22.2227
21.9741
21.7306
21.4921
21.2589
20.7596
20.5422
20.3286
20.1196
19.9145
19.7132
19.2794
19.0886
18.9009
18.7156
18.5327
18.3522
17.9599
17.7859
17.6137
17.4433
17.2745
17.1072
16.7419
16.5789
16.4175
16.2575
16.0986
15.941
15.5959
15.442
15.2893
15.1376
14.9871
14.8376
14.5099
14.3637
14.2185
14.0743
13.9311
13.7889
13.477
13.3378
13.1995
13.0621
12.9257
12.7901
12.4929
12.3602
12.2284
12.0974
11.9672
11.838
11.5548
11.428
11.3023
11.1774
11.0534
10.9303
10.6604
10.5401
10.4207
10.3023
10.1848
10.0682
9.81372
9.70068
9.58881
9.47818
9.36884
9.26083
9.02674
8.92364
8.82214
8.72229
8.62434
8.52816
8.32158
8.23133
8.14278
8.05603
7.97104
7.88773
7.70852
7.62999
7.55283
7.47686
7.402
7.3283
7.16849
7.09777
7.02786
6.95878
6.89039
6.82264
6.67484
6.60907
6.54368
6.47895
6.41473
6.35098
6.21133
6.14905
6.08722
6.02581
5.96492
5.90417
5.77123
5.71199
5.65299
5.59425
5.536
5.47809
5.35114
5.29424
5.23782
5.18173
5.12597
5.07065
4.94886
4.89448
4.84052
4.78677
4.73323
4.6801
4.56356
4.51143
4.4595
4.40799
4.35677
4.30587
4.19417
4.14428
4.09472
4.04548
3.99669
3.94806
3.84179
3.79456
3.74764
3.70106
3.65503
3.60947
3.51034
3.46631
3.42298
3.38021
3.338
3.29646
3.2064
3.16685
3.05712
2.94831
2.84564
2.75011
2.5601
2.48213
2.40892
2.33967
2.27386
2.21149
2.08422
2.0306
1.97931
1.93023
1.8831
1.83768
1.74314
1.70302
1.66431
1.62703
1.5911
1.55622
1.48261
1.45092
1.42023
1.3911
1.36268
1.3349
