-2.10869
-2.37914
-2.6759
-3.02763
-3.47045
-3.98023
-4.53408
-5.13114
-5.77677
-6.48115
-7.28755
-8.307
-9.5479
-10.9228
-12.4112
-14.0229
-15.7782
-17.7386
-20.1385
-23.2104
-26.7528
-30.6346
-34.8814
-39.5621
-44.8223
-51.1496
-59.5949
-70.3161
-83.109
-98.6465
-118.527
-145.863
-188.148
-263.032
-381.799
-457.797
-328.839
-7.05782
314.155
442.96
368.265
255.537
184.625
142.904
115.275
95.1196
79.3449
66.5728
56.7256
49.4588
43.5062
38.2642
33.5445
29.2499
25.3444
21.9633
19.3231
17.1678
15.24
13.4695
11.8349
10.3239
8.9578
7.83129
6.93423
6.14695
5.42194
4.74715
4.1172
3.53665
2.82864
1.98185
1.49094
1.16176
0.920209
-2.10957
-2.37819
-2.38009
-2.67483
-2.67697
-3.02629
-3.02897
-3.46881
-3.47208
-3.97843
-3.98203
-4.53214
-4.53602
-5.12904
-5.13324
-5.7745
-5.77904
-6.47864
-6.48366
-7.28454
-7.29057
-8.30312
-8.31088
-9.54344
-9.55235
-10.9179
-10.9276
-12.4059
-12.4164
-14.0173
-14.0286
-15.772
-15.7844
-17.7314
-17.7457
-20.1292
-20.1478
-23.1991
-23.2218
-26.7403
-26.7654
-30.6209
-30.6483
-34.8663
-34.8964
-39.5455
-39.5788
-44.803
-44.8415
-51.1253
-51.174
-59.5622
-59.6276
-70.2764
-70.3557
-83.0617
-83.1564
-98.5877
-98.7053
-118.449
-118.604
-145.751
-145.974
-187.962
-188.334
-262.703
-263.363
-381.362
-382.235
-457.832
-457.76
-329.692
-327.983
-8.26114
-5.85476
313.332
314.976
442.925
442.993
368.686
367.845
255.851
255.223
184.807
184.44
143.016
142.793
115.353
115.197
95.1793
95.0599
79.3928
79.297
66.6112
66.5344
56.7538
56.6974
49.4806
49.437
43.5249
43.4876
38.281
38.2475
33.5597
33.5294
29.2637
29.236
25.3568
25.3319
21.9734
21.9531
19.3309
19.3152
17.1747
17.161
15.2462
15.2337
13.4753
13.4638
11.8402
11.8296
10.3288
10.319
8.96209
8.95352
7.83464
7.82795
6.93704
6.93144
6.1495
6.1444
5.42431
5.41958
4.74937
4.74493
4.11926
4.11515
3.5385
3.5348
2.83268
2.8246
1.98393
1.97978
1.49229
1.4896
1.1627
1.16083
0.920902
-2.11749
-2.36962
-2.38867
-2.66523
-2.68662
-3.01428
-3.04109
-3.45415
-3.48681
-3.96224
-3.99826
-4.51458
-4.55352
-5.11017
-5.15216
-5.75407
-5.79954
-6.45612
-6.50631
-7.25747
-7.31786
-8.2683
-8.34596
-9.50341
-9.59251
-10.8745
-10.9712
-12.3589
-12.4636
-13.9663
-14.0797
-15.716
-15.8406
-17.6673
-17.8103
-20.0462
-20.2317
-23.0973
-23.324
-26.6272
-26.8788
-30.498
-30.7719
-34.731
-35.0323
-39.3958
-39.7292
-44.6313
-45.015
-50.9074
-51.3949
-59.2687
-59.923
-69.9209
-70.7134
-82.6374
-83.5831
-98.0612
-99.2364
-117.758
-119.303
-144.756
-146.983
-186.31
-190.027
-259.762
-266.385
-377.427
-386.159
-458.024
-457.287
-337.228
-320.183
-19.1026
4.96112
305.682
322.327
442.443
443.171
372.464
364.146
258.708
252.427
186.45
182.837
144.03
141.787
116.063
114.496
95.7185
94.5249
79.8255
78.8675
66.9579
66.19
57.0093
56.4451
49.6773
49.2418
43.6941
43.3187
38.4324
38.0968
33.6967
33.393
29.3887
29.1116
25.4697
25.22
22.0656
21.8618
19.402
19.2446
17.2363
17.0996
15.3025
15.1776
13.5272
13.4121
11.8882
11.7818
10.3729
10.2749
9.00083
8.91516
7.86492
7.79795
6.96228
6.9063
6.17248
6.12152
5.44563
5.39834
4.76926
4.72508
4.1378
4.09669
3.55518
3.5182
2.86954
2.78878
2.00278
1.96124
1.50446
1.47763
1.17116
1.1525
0.927177
-2.14396
-2.18256
-2.22161
-2.26112
-2.30103
-2.34139
-2.41729
-2.45915
-2.50165
-2.54491
-2.58886
-2.63366
-2.71905
-2.76698
-2.81641
-2.8674
-2.92035
-2.97515
-3.08201
-3.14275
-3.20569
-3.27069
-3.33742
-3.40588
-3.53613
-3.60847
-3.68197
-3.75661
-3.83214
-3.90868
-4.05249
-4.13156
-4.21152
-4.2924
-4.37415
-4.45682
-4.61179
-4.69708
-4.78331
-4.87061
-4.95876
-5.0479
-5.21524
-5.30738
-5.40044
-5.49472
-5.59017
-5.68666
-5.86783
-5.96773
-6.06907
-6.17192
-6.27608
-6.38185
-6.58221
-6.69366
-6.80777
-6.92469
-7.04509
-7.16914
-7.40992
-7.54747
-7.69059
-7.83959
-7.99422
-8.15435
-8.46368
-8.6377
-8.81611
-8.99789
-9.18314
-9.37149
-9.72649
-9.92248
-10.1212
-10.3221
-10.5254
-10.7312
-11.1168
-11.3291
-11.5442
-11.7616
-11.9813
-12.2035
-12.621
-12.8507
-13.0833
-13.3188
-13.5571
-13.7978
-14.2508
-14.5005
-14.7531
-15.0091
-15.2684
-15.5316
-16.0279
-16.3027
-16.5824
-16.8676
-17.1585
-17.4567
-18.0291
-18.3524
-18.6872
-19.0359
-19.3983
-19.7757
-20.5146
-20.9367
-21.3737
-21.8245
-22.2878
-22.763
-23.666
-24.168
-24.6781
-25.1964
-25.7217
-26.2549
-27.2568
-27.8093
-28.3687
-28.9355
-29.5101
-30.092
-31.1845
-31.7883
-32.4
-33.02
-33.6484
-34.2856
-35.4857
-36.1485
-36.8214
-37.5047
-38.1985
-38.9028
-40.2319
-40.9706
-41.7225
-42.4885
-43.27
-44.0688
-45.5941
-46.454
-47.339
-48.2555
-49.2067
-50.1975
-52.1421
-53.268
-54.4468
-55.681
-56.9695
-58.3115
-60.919
-62.4009
-63.9254
-65.494
-67.1042
-68.7551
-71.9132
-73.6851
-75.5029
-77.3672
-79.2808
-81.2462
-85.0162
-87.141
-89.3328
-91.5946
-93.9265
-96.343
-101.027
-103.697
-106.468
-109.355
-112.366
-115.5
-121.669
-125.244
-129.003
-132.969
-137.137
-141.542
-150.429
-155.721
-161.359
-167.432
-173.982
-181.043
-195.853
-204.881
-214.747
-225.545
-237.427
-250.265
-276.762
-292.71
-309.667
-327.165
-345.515
-364.39
-398.724
-415.757
-430.931
-443.268
-452.175
-457.277
-454.248
-445.936
-432.621
-413.473
-389.025
-360.018
-293.038
-250.807
-204.815
-156.54
-106.336
-54.8935
40.6178
92.0446
142.23
190.598
236.346
278.734
345.78
374.893
398.786
417.429
430.979
439.398
442.471
437.553
428.61
416.73
401.62
384.756
351.651
333.429
315.812
299.009
283.227
268.447
243.508
231.416
220.297
210.122
200.713
192.037
177.737
170.8
164.369
158.338
152.75
147.481
138.548
134.093
129.884
125.884
122.083
118.472
112.22
109.039
105.99
103.058
100.239
97.5322
92.7815
90.332
87.9626
85.6652
83.4406
81.2807
77.463
75.4806
73.5559
71.6896
69.8808
68.1322
65.0648
63.4942
61.9895
60.5531
59.1819
57.8767
55.6252
54.4844
53.3888
52.3375
51.3233
50.339
48.6013
47.6943
46.8079
45.9405
45.0922
44.2601
42.7634
41.9731
41.1956
40.4313
39.6786
38.9378
37.6
36.891
36.192
35.503
34.8238
34.1543
32.9423
32.2986
31.6632
31.0362
30.4177
29.8063
28.7008
28.1135
27.5339
26.9632
26.4003
25.847
24.8523
24.3292
23.8198
23.3228
22.8419
22.3773
21.5644
21.1492
20.7504
20.3669
19.998
19.6416
19.0129
18.6849
18.3652
18.0516
17.7443
17.4425
16.8977
16.6087
16.3237
16.0421
15.7642
15.4902
14.9932
14.7285
14.4666
14.2079
13.9525
13.7
13.2415
12.9976
12.7563
12.5171
12.2811
12.048
11.624
11.3978
11.1745
10.9537
10.7358
10.5203
10.1298
9.92273
9.719
9.51857
9.32223
9.13065
8.78954
8.61288
8.44216
8.27761
8.11936
7.96699
7.69989
7.56189
7.42864
7.29817
7.17119
7.04683
6.8235
6.70544
6.58916
6.47425
6.36099
6.24913
6.04604
5.93771
5.83067
5.72479
5.62021
5.51661
5.32816
5.2276
5.12811
5.0295
4.93209
4.8355
4.65965
4.56586
4.47295
4.38084
4.28978
4.19961
4.03565
3.94834
3.86206
3.77694
3.69317
3.61094
3.46376
3.38693
3.31236
3.24018
3.1702
2.99845
2.67612
2.5288
2.39659
2.27736
2.16785
2.06743
1.90165
1.82037
1.74475
1.67468
1.60878
1.546
1.43911
1.38665
1.33711
1.28937
1.24356
1.19995
1.12489
1.08615
1.04916
1.01406
0.980503
0.94846
