-1.67039
-1.83944
-2.01622
-2.20141
-2.39517
-2.59896
-2.82174
-3.09536
-3.43171
-3.79896
-4.18494
-4.58967
-5.01516
-5.46294
-5.9338
-6.42976
-6.96218
-7.59291
-8.39688
-9.31426
-10.2875
-11.3099
-12.3873
-13.5206
-14.7188
-15.9799
-17.3222
-18.8413
-20.7981
-23.1592
-25.7153
-28.4148
-31.2668
-34.2985
-37.5268
-40.9741
-44.6831
-48.8423
-54.1001
-60.9482
-68.8412
-77.6223
-87.525
-98.9233
-112.499
-129.077
-150.425
-180.096
-226.965
-304.508
-415.09
-503.433
-466.538
-283.058
-7.01392
268.75
450.75
485.272
398.8
292.76
222.234
177.76
148.017
126.293
109.266
95.4546
83.7948
73.6632
64.783
57.5053
52.0703
47.5826
43.521
39.7591
36.2541
32.9699
29.8885
26.9753
24.2307
21.7735
19.8414
18.2696
16.8322
15.4785
14.1916
12.9711
11.8135
10.7118
9.66355
8.68994
7.87574
7.2326
6.65784
6.11428
5.5958
5.10115
4.62862
4.17647
3.74296
3.33637
2.78216
2.13825
1.72008
1.41813
1.18883
1.00461
0.855903
0.731242
0.622913
0.529152
-1.67117
-1.83863
-1.84025
-2.01537
-2.01708
-2.20052
-2.2023
-2.39424
-2.3961
-2.59797
-2.59995
-2.82061
-2.82287
-3.09388
-3.09683
-3.43003
-3.43339
-3.79718
-3.80073
-4.18308
-4.1868
-4.58772
-4.59163
-5.01311
-5.01722
-5.46064
-5.46518
-5.93138
-5.93623
-6.42735
-6.43217
-6.95938
-6.965
-7.58961
-7.59621
-8.39273
-8.40104
-9.30964
-9.31894
-10.2826
-10.2925
-11.3049
-11.3149
-12.3821
-12.3925
-13.5155
-13.5259
-14.7131
-14.7246
-15.9739
-15.986
-17.3156
-17.3285
-18.8332
-18.8495
-20.7879
-20.8084
-23.1479
-23.1704
-25.7031
-25.7268
-28.4017
-28.428
-31.253
-31.2806
-34.2838
-34.3133
-37.5111
-37.5425
-40.9573
-40.9909
-44.6649
-44.7014
-48.8207
-48.864
-54.0714
-54.1288
-60.913
-60.9835
-68.8021
-68.8804
-77.5784
-77.6662
-87.4751
-87.5749
-98.865
-98.9816
-112.429
-112.569
-128.99
-129.165
-150.309
-150.542
-179.926
-180.266
-226.682
-227.249
-304.061
-304.955
-414.53
-415.649
-503.268
-503.596
-467.03
-466.042
-284.249
-281.865
-8.35987
-5.66791
267.559
269.938
450.253
451.244
485.42
485.119
399.35
398.249
293.176
292.346
222.497
221.973
177.928
177.592
148.136
147.899
126.383
126.204
109.338
109.194
95.5141
95.3951
83.8458
83.7439
73.708
73.6184
64.8217
64.7445
57.5351
57.4756
52.0929
52.0476
47.6025
47.5626
43.5394
43.5027
39.7762
39.742
36.2701
36.2381
32.9849
32.9549
29.9026
29.8744
26.9886
26.962
24.2432
24.2183
21.7839
21.7631
19.8495
19.8333
18.2766
18.2626
16.8388
16.8256
15.4847
15.4722
14.1975
14.1857
12.9767
12.9655
11.8188
11.8082
10.7169
10.7068
9.6683
9.65872
8.69428
8.68561
7.87899
7.8725
7.23541
7.22978
6.66047
6.65521
6.11678
6.11177
5.59808
5.59352
5.10342
5.09888
4.6308
4.62649
4.17856
4.17438
3.74495
3.74096
3.3382
3.33458
2.78612
2.77822
2.14061
2.13589
1.72172
1.71845
1.41936
1.4169
1.18978
1.18788
1.0054
1.00382
0.856526
0.85528
0.731794
0.730689
0.623384
0.622442
0.529551
-1.67722
-1.83235
-1.84656
-2.00878
-2.02369
-2.19363
-2.2092
-2.38703
-2.40334
-2.59032
-2.60765
-2.81179
-2.83169
-3.08265
-3.10835
-3.4171
-3.44642
-3.78317
-3.81449
-4.16873
-4.20122
-4.57216
-4.6068
-4.9972
-5.03321
-5.44362
-5.48197
-5.91366
-5.95404
-6.40889
-6.45089
-6.93957
-6.98609
-7.56398
-7.62209
-8.36111
-8.43329
-9.2758
-9.35419
-10.2461
-10.3297
-11.2677
-11.3535
-12.3418
-12.4333
-13.4739
-13.5684
-14.6682
-14.7694
-15.9266
-16.0329
-17.2645
-17.3775
-18.7733
-18.9124
-20.7084
-20.8909
-23.058
-23.26
-25.6071
-25.8204
-28.3
-28.5272
-31.1459
-31.3896
-34.1697
-34.4273
-37.3895
-37.6647
-40.8272
-41.1214
-44.5235
-44.8434
-48.6537
-49.0329
-53.85
-54.3529
-60.6406
-61.2567
-68.4992
-69.1845
-77.2395
-78.0069
-87.0896
-87.9626
-98.415
-99.4351
-111.888
-113.114
-128.314
-129.847
-149.414
-151.451
-178.624
-181.592
-224.51
-229.468
-300.613
-308.436
-410.184
-419.973
-501.885
-504.759
-470.699
-462.054
-293.406
-272.543
-18.7889
4.76571
258.259
279.072
446.275
454.952
486.448
483.814
403.583
393.952
296.438
289.173
224.552
219.968
179.239
176.303
149.058
146.986
127.08
125.513
109.896
108.642
95.9768
94.9356
84.2421
83.3497
74.0561
73.2723
65.1225
64.4469
57.7677
57.247
52.2693
51.8728
47.7573
47.4081
43.682
43.3606
39.9087
39.6099
36.3942
36.1144
33.101
32.839
30.0123
29.765
27.0919
26.8588
24.3399
24.1222
21.865
21.683
19.9123
19.7712
18.3309
18.2085
16.8897
16.7748
15.5334
15.4237
14.2432
14.1398
13.0197
12.9221
11.8601
11.7669
10.7559
10.6675
9.705
9.62131
8.72761
8.65217
7.90516
7.84727
7.25685
7.20801
6.67979
6.63487
6.13612
6.09236
5.61642
5.57508
5.12108
5.08127
4.6481
4.60989
4.19477
4.15804
3.76045
3.72542
3.35233
3.32061
2.81734
2.74822
2.15911
2.11775
1.73452
1.70589
1.42895
1.40747
1.1972
1.18052
1.01156
0.997725
0.861369
0.850462
0.736091
0.726423
0.627048
0.618806
0.532651
-1.69451
-1.71815
-1.74202
-1.76593
-1.79014
-1.81444
-1.86465
-1.8895
-1.9143
-1.93941
-1.96463
-1.9901
-2.04259
-2.06834
-2.09443
-2.12075
-2.1473
-2.1739
-2.22895
-2.25608
-2.28343
-2.31094
-2.33859
-2.36646
-2.42405
-2.45238
-2.48109
-2.51003
-2.5392
-2.56856
-2.62974
-2.65989
-2.69111
-2.72261
-2.75462
-2.78745
-2.85718
-2.89303
-2.93069
-2.96968
-3.0098
-3.05131
-3.14133
-3.18713
-3.23406
-3.28205
-3.33071
-3.38038
-3.48364
-3.53456
-3.58664
-3.63891
-3.69132
-3.7443
-3.85383
-3.90733
-3.9618
-4.01653
-4.07208
-4.12775
-4.24249
-4.29886
-4.35607
-4.41345
-4.47095
-4.52931
-4.65009
-4.70966
-4.76961
-4.82995
-4.8908
-4.95204
-5.07882
-5.14133
-5.20439
-5.26802
-5.3315
-5.39606
-5.52992
-5.59571
-5.66222
-5.72915
-5.79629
-5.86406
-6.00441
-6.07368
-6.14361
-6.21391
-6.28454
-6.35624
-6.50435
-6.57792
-6.65229
-6.72743
-6.80374
-6.88161
-7.04569
-7.12948
-7.21465
-7.30283
-7.39452
-7.49078
-7.6979
-7.80532
-7.91688
-8.03204
-8.15055
-8.27105
-8.5258
-8.65327
-8.78237
-8.91278
-9.04459
-9.17784
-9.45363
-9.5895
-9.72702
-9.86516
-10.0029
-10.1429
-10.4342
-10.5775
-10.7213
-10.8666
-11.0127
-11.1593
-11.4633
-11.6137
-11.7661
-11.9187
-12.0728
-12.2276
-12.5487
-12.7069
-12.8668
-13.0278
-13.1898
-13.3531
-13.6906
-13.8579
-14.0277
-14.1973
-14.3685
-14.5409
-14.8976
-15.0735
-15.2516
-15.4303
-15.6105
-15.7926
-16.1691
-16.3555
-16.5433
-16.7335
-16.9254
-17.1204
-17.5274
-17.7328
-17.9409
-18.1558
-18.3769
-18.6026
-19.0958
-19.3532
-19.6184
-19.896
-20.1828
-20.4838
-21.1239
-21.4474
-21.7781
-22.1154
-22.4569
-22.8024
-23.5221
-23.8791
-24.2384
-24.6017
-24.9655
-25.3354
-26.0953
-26.4718
-26.8548
-27.2385
-27.6251
-28.0128
-28.8181
-29.2156
-29.6151
-30.0208
-30.4286
-30.8425
-31.6968
-32.1188
-32.5458
-32.9754
-33.4089
-33.8465
-34.7542
-35.2043
-35.6551
-36.1133
-36.5751
-37.0451
-38.014
-38.494
-38.9781
-39.4666
-39.9579
-40.4592
-41.4961
-42.0099
-42.5275
-43.055
-43.5862
-44.1241
-45.2521
-45.8132
-46.3837
-46.9733
-47.5745
-48.1886
-49.5129
-50.1913
-50.901
-51.6468
-52.4258
-53.2326
-55.0015
-55.9233
-56.8728
-57.8479
-58.8488
-59.8737
-62.039
-63.1241
-64.227
-65.3496
-66.4875
-67.6422
-70.059
-71.2663
-72.4917
-73.7384
-75.0031
-76.2838
-78.9814
-80.3332
-81.717
-83.1109
-84.5376
-86.0027
-89.0639
-90.612
-92.1925
-93.8082
-95.4611
-97.1501
-100.739
-102.56
-104.428
-106.346
-108.312
-110.367
-114.654
-116.868
-119.142
-121.487
-123.916
-126.423
-131.818
-134.622
-137.523
-140.523
-143.658
-146.926
-154.09
-157.847
-161.806
-165.951
-170.352
-175.019
-185.56
-191.194
-197.438
-203.833
-210.926
-218.536
-236.047
-245.7
-256.113
-266.923
-278.648
-290.951
-318.667
-333.259
-348.561
-364.459
-381.055
-397.731
-432.323
-448.166
-463.593
-475.979
-487.077
-496.997
-505.828
-505.504
-502.823
-498.353
-490.297
-479.755
-450.68
-430.401
-407.039
-380.185
-351.089
-318.726
-245.327
-207.3
-168.095
-128.615
-88.4295
-48.4301
34.4391
74.7086
114.843
154.066
193.374
231.089
304.367
336.42
365.713
391.467
414.561
433.829
464.49
474.934
482.412
487.431
489.462
488.501
479.694
470.607
459.112
446.407
431.297
415.345
382.66
365.293
349.118
334.154
319.653
306.529
280.539
269.191
258.53
248.624
239.326
230.618
214.519
207.368
200.659
194.448
188.592
183.064
172.876
168.279
163.863
159.534
155.527
151.794
144.446
141.121
137.921
134.852
131.891
129.09
123.579
120.956
118.477
116.078
113.753
111.506
107.093
105.077
103.065
101.104
99.1939
97.3298
93.6425
91.9181
90.231
88.5809
86.9641
85.3917
82.238
80.7492
79.2862
77.849
76.4405
75.055
72.2965
70.9873
69.6978
68.4358
67.2001
65.9909
63.6146
62.4973
61.418
60.3802
59.3918
58.4473
56.6147
55.7849
54.9953
54.2333
53.4938
52.7767
51.3822
50.7216
50.074
49.4394
48.8167
48.1981
46.9704
46.3821
45.799
45.2184
44.6495
44.0865
42.9587
42.4131
41.8745
41.3419
40.8123
40.2886
39.2356
38.7271
38.2233
37.7264
37.2361
36.7477
35.7639
35.2893
34.8197
34.3512
33.8898
33.4328
32.5105
32.068
31.6272
31.1877
30.7558
30.3257
29.455
29.0355
28.6187
28.2026
27.7959
27.3887
26.5662
26.1683
25.775
25.3843
24.9988
24.6169
23.8512
23.4853
23.1271
22.7774
22.4339
22.0998
21.4602
21.1638
20.8784
20.604
20.3433
20.0906
19.5976
19.3661
19.1409
18.9203
18.7013
18.4864
18.0556
17.8475
17.6431
17.4375
17.238
17.0378
16.6306
16.4371
16.244
16.0521
15.8603
15.6713
15.2866
15.1007
14.9176
14.7347
14.5537
14.3739
14.0099
13.8335
13.66
13.4867
13.3147
13.1445
12.7992
12.6315
12.467
12.3026
12.1397
11.9779
11.6501
11.4916
11.3341
11.1777
11.0225
10.8683
10.5561
10.4047
10.2551
10.1062
9.95814
9.81176
9.51563
9.37209
9.23248
9.09415
8.95716
8.82385
8.55843
8.43335
8.31526
8.20087
8.08912
7.98185
7.77547
7.67953
7.58651
7.49579
7.40698
7.32009
7.1463
7.06197
6.98092
6.9001
6.81851
6.7381
6.57727
6.4987
6.42145
6.34417
6.26792
6.19171
6.03744
5.9629
5.88882
5.81524
5.74229
5.66961
5.52259
5.45135
5.38091
5.31059
5.24084
5.17169
5.0313
4.96372
4.89598
4.82887
4.76216
4.69622
4.562
4.49695
4.43247
4.36836
4.30464
4.24104
4.11231
4.05
3.98822
3.92651
3.86519
3.80467
3.68168
3.62242
3.56386
3.50585
3.4486
3.39266
3.28164
3.23023
3.18105
3.13382
3.04506
2.90931
2.66623
2.56132
2.46472
2.37501
2.29148
2.21325
2.06755
2.00218
1.94039
1.88166
1.82541
1.77198
1.67099
1.62472
1.58033
1.5376
1.49659
1.45705
1.3813
1.34695
1.31341
1.28071
1.24896
1.21856
1.15987
1.13231
1.10554
1.07946
1.05412
1.02938
0.980689
0.958106
0.936287
0.915164
0.894777
0.875257
0.836864
0.818563
0.800593
0.782893
0.765524
0.748427
0.714416
0.698344
0.682662
0.667304
0.652268
0.637597
0.608585
0.59495
0.581086
0.567476
0.554122
0.541513
