-2.44962
-2.75198
-3.11025
-3.54346
-4.03605
-4.57374
-5.15563
-5.78727
-6.48165
-7.27573
-8.24235
-9.40286
-10.7055
-12.1253
-13.6674
-15.352
-17.2291
-19.4356
-22.168
-25.4033
-29.0126
-32.9745
-37.34
-42.2182
-47.8692
-54.8951
-63.9201
-74.9524
-88.1814
-104.484
-125.638
-155.159
-200.679
-275.085
-374.707
-416.879
-287.493
-7.06723
273.196
402.987
362.478
266.805
196.092
151.739
122.287
100.979
84.5265
71.3047
60.7736
52.7183
46.3183
40.8498
35.995
31.6136
27.6387
24.0885
21.1014
18.69
16.6357
14.7908
13.1016
11.5458
10.1179
8.8457
7.78397
6.90588
6.13291
5.42595
4.77097
4.16258
3.60518
2.98321
2.08995
1.57254
1.22468
-2.45061
-2.75084
-2.75311
-3.10887
-3.11163
-3.54183
-3.54509
-4.03425
-4.03786
-4.57178
-4.57569
-5.15351
-5.15774
-5.78497
-5.78958
-6.47908
-6.48422
-7.2727
-7.27876
-8.23861
-8.24609
-9.39853
-9.40719
-10.7007
-10.7103
-12.1202
-12.1305
-13.6618
-13.673
-15.3458
-15.3582
-17.222
-17.2361
-19.427
-19.4442
-22.1575
-22.1786
-25.3913
-25.4153
-28.9994
-29.0258
-32.9599
-32.989
-37.324
-37.3561
-42.2001
-42.2364
-47.8475
-47.8909
-54.8673
-54.923
-63.885
-63.9553
-74.9104
-74.9946
-88.1305
-88.2323
-104.42
-104.549
-125.553
-125.724
-155.034
-155.283
-200.476
-200.881
-274.765
-275.405
-374.373
-375.041
-416.989
-416.766
-288.277
-286.707
-8.14758
-5.98668
272.41
273.98
402.854
403.117
362.805
362.151
267.111
266.499
196.286
195.897
151.863
151.616
122.373
122.201
101.044
100.915
84.5777
84.4753
71.3462
71.2632
60.8058
60.7415
52.743
52.6936
46.3388
46.2979
40.8677
40.8319
36.0111
35.9789
31.6282
31.599
27.6519
27.6255
24.1001
24.077
21.1107
21.0921
18.6977
18.6824
16.6424
16.6289
14.797
14.7847
13.1073
13.0959
11.551
11.5406
10.1226
10.1131
8.84981
8.8416
7.78731
7.78063
6.90873
6.90303
6.13549
6.13033
5.42832
5.42357
4.77318
4.76877
4.16462
4.16053
3.60702
3.60334
2.98752
2.9789
2.09222
2.08768
1.57399
1.57109
1.22571
-2.45931
-2.74092
-2.7631
-3.09684
-3.12376
-3.52758
-3.5594
-4.01848
-4.05367
-4.55469
-4.59283
-5.13502
-5.17629
-5.76482
-5.80979
-6.45664
-6.50675
-7.24628
-7.30541
-8.20595
-8.27896
-9.3607
-9.44518
-10.6591
-10.752
-12.075
-12.1758
-13.6126
-13.7223
-15.2918
-15.4124
-17.1608
-17.2976
-19.3525
-19.5194
-22.0657
-22.271
-25.2864
-25.5206
-28.8839
-29.1417
-32.8332
-33.1162
-37.1837
-37.4971
-42.0415
-42.3958
-47.6582
-48.0817
-54.6245
-55.1684
-63.5787
-64.2638
-74.5432
-75.3642
-87.6869
-88.6794
-103.862
-105.112
-124.808
-126.478
-153.953
-156.383
-198.722
-202.668
-271.986
-278.226
-371.428
-377.891
-417.873
-415.702
-295.048
-279.737
-17.5928
3.47604
265.439
280.729
401.71
404.083
365.592
359.294
269.803
263.868
198.001
194.212
152.952
150.542
123.131
121.452
101.615
100.351
85.0284
84.0288
71.7106
70.9017
61.0889
60.4612
52.9606
52.4781
46.5184
46.1193
41.0251
40.6753
36.1522
35.8384
31.7561
31.4717
27.7676
27.5102
24.2013
23.9764
21.1927
21.0107
18.7651
18.6154
16.7017
16.5698
14.851
14.7309
13.1569
13.0464
11.5968
11.495
10.1643
10.0716
8.88582
8.80585
7.81665
7.75152
6.93373
6.87816
6.15805
6.10784
5.44914
5.40281
4.79252
4.74948
4.18255
4.14267
3.62316
3.58728
3.0257
2.94166
2.11226
2.06801
1.58676
1.55849
1.2348
-2.48822
-2.53064
-2.57382
-2.6178
-2.66273
-2.70854
-2.79644
-2.84564
-2.89626
-2.94838
-3.00215
-3.05759
-3.16441
-3.2247
-3.28643
-3.3498
-3.41469
-3.48094
-3.60697
-3.6768
-3.74782
-3.81981
-3.89273
-3.96672
-4.10611
-4.18277
-4.26035
-4.33892
-4.41833
-4.49855
-4.64973
-4.7326
-4.81653
-4.90144
-4.98744
-5.07437
-5.23778
-5.3278
-5.41871
-5.51086
-5.60416
-5.69867
-5.87685
-5.97507
-6.07484
-6.17589
-6.27867
-6.38322
-6.58168
-6.69206
-6.80483
-6.92033
-7.03857
-7.16005
-7.39454
-7.52679
-7.66325
-7.80432
-7.94973
-8.09959
-8.38857
-8.5508
-8.7169
-8.88674
-9.06008
-9.23663
-9.5714
-9.75638
-9.94405
-10.1343
-10.3271
-10.5225
-10.8903
-11.0926
-11.2974
-11.5046
-11.7144
-11.9266
-12.326
-12.5456
-12.7678
-12.9929
-13.2206
-13.4513
-13.8861
-14.1251
-14.3674
-14.6131
-14.8621
-15.1148
-15.5923
-15.8567
-16.1248
-16.398
-16.6763
-16.9604
-17.503
-17.8064
-18.1187
-18.4387
-18.769
-19.1099
-19.7708
-20.1452
-20.5318
-20.9312
-21.3427
-21.7658
-22.5789
-23.0331
-23.4976
-23.9703
-24.4522
-24.9424
-25.8702
-26.3824
-26.902
-27.4293
-27.9636
-28.5051
-29.5265
-30.0892
-30.6595
-31.2376
-31.8235
-32.4176
-33.5388
-34.1572
-34.7845
-35.4211
-36.0675
-36.7237
-37.9655
-38.6523
-39.3505
-40.0613
-40.7852
-41.5227
-42.9275
-43.7105
-44.5115
-45.3332
-46.1761
-47.0433
-48.7195
-49.6689
-50.6528
-51.6742
-52.7339
-53.837
-55.9914
-57.2194
-58.4933
-59.8116
-61.1746
-62.5812
-65.2948
-66.8213
-68.3892
-69.9989
-71.6504
-73.3454
-76.5989
-78.4243
-80.2979
-82.2243
-84.2053
-86.2418
-90.1747
-92.397
-94.6895
-97.0599
-99.5098
-102.051
-107.004
-109.833
-112.774
-115.843
-119.049
-122.397
-129.023
-132.866
-136.909
-141.18
-145.692
-150.469
-160.132
-165.862
-171.98
-178.534
-185.569
-193.15
-208.742
-218.131
-228.246
-239.075
-250.667
-262.983
-287.712
-301.875
-316.655
-331.69
-346.66
-361.488
-386.787
-398.653
-408.157
-415.216
-419.239
-419.688
-410.806
-400.28
-385.582
-366.613
-343.533
-316.18
-255.663
-218.445
-178.372
-136.453
-93.0672
-48.5674
34.4567
78.9074
122.257
164.282
204.182
241.43
301.883
329.11
352.338
371.471
386.258
396.727
405.958
405.554
401.781
395.03
385.67
374.302
349.681
335.399
320.943
306.431
292.427
278.851
255.416
243.699
232.671
222.402
212.798
203.836
188.824
181.516
174.673
168.276
162.28
156.656
147.092
142.34
137.844
133.583
129.542
125.687
119.027
115.661
112.435
109.342
106.374
103.525
98.5232
95.9591
93.4835
91.0915
88.7768
86.5371
82.5745
80.5249
78.5375
76.611
74.7419
72.9302
69.727
68.0747
66.4806
64.9438
63.4639
62.0402
59.5529
58.2842
57.0671
55.8978
54.7722
53.6881
51.7788
50.7938
49.8373
48.907
48.0014
47.1173
45.5357
44.7066
43.8943
43.098
42.3159
41.5483
40.1625
39.4316
38.7123
38.0041
37.3072
36.6208
35.3777
34.7198
34.0713
33.4323
32.8021
32.1808
31.054
30.4569
29.8682
29.2879
28.7159
28.1524
27.1324
26.594
26.065
25.5454
25.0365
24.5388
23.6484
23.1853
22.7353
22.2996
21.8767
21.4678
20.7457
20.3734
20.0125
19.6623
19.3216
18.9896
18.3963
18.0854
17.7807
17.482
17.1879
16.8987
16.3759
16.0993
15.8265
15.5575
15.2923
15.03
14.5542
14.3016
14.052
13.8055
13.562
13.3217
12.8839
12.6513
12.4215
12.1945
11.9701
11.7484
11.3452
11.1311
10.9198
10.7112
10.5055
10.3026
9.93569
9.74207
9.55209
9.36595
9.18379
9.00597
8.68915
8.52473
8.36516
8.21027
8.06028
7.91475
7.6566
7.52246
7.39172
7.26404
7.13918
7.01691
6.79659
6.68044
6.56626
6.45345
6.34243
6.23292
6.03399
5.92836
5.82401
5.721
5.61892
5.51812
5.33459
5.23692
5.14031
5.04473
4.95028
4.85659
4.6862
4.59543
4.50551
4.41667
4.32882
4.24207
4.084
4.00024
3.9175
3.83592
3.7557
3.67683
3.53477
3.4603
3.38769
3.3168
3.24778
3.15683
2.82416
2.66908
2.5292
2.40246
2.28646
2.18045
2.00528
1.91974
1.8397
1.76521
1.69523
1.62974
1.51779
1.46156
1.40896
1.35933
1.31151
1.26549
