-2.05017
-2.34172
-2.66191
-3.04599
-3.54304
-4.11299
-4.73311
-5.40663
-6.14035
-6.96017
-7.98459
-9.30409
-10.7945
-12.4186
-14.1899
-16.1308
-18.3434
-21.2135
-24.8511
-28.9308
-33.4148
-38.3792
-43.9565
-50.6531
-59.8639
-71.7719
-86.103
-103.959
-127.663
-162.603
-223.759
-336.058
-445.13
-342.953
-7.06233
328.892
430.456
323.518
218.394
159.643
124.553
100.503
82.37
67.932
56.8974
49.0502
42.6769
37.0782
32.0631
27.5215
23.465
20.2234
17.7518
15.5999
13.64
11.8425
10.191
8.71748
7.55479
6.62844
5.80064
5.03608
4.32709
3.67001
3.01825
2.01962
1.47691
1.12654
0.875964
0.688391
-2.05104
-2.34078
-2.34266
-2.66083
-2.66299
-3.04464
-3.04735
-3.54137
-3.54472
-4.11116
-4.11483
-4.73111
-4.7351
-5.40447
-5.4088
-6.13798
-6.14272
-6.95743
-6.96291
-7.98093
-7.98826
-9.29969
-9.30849
-10.7897
-10.7993
-12.4134
-12.4239
-14.1843
-14.1956
-16.1245
-16.1372
-18.3359
-18.351
-21.2033
-21.2238
-24.8391
-24.8631
-28.9176
-28.9439
-33.4003
-33.4294
-38.363
-38.3953
-43.938
-43.975
-50.6293
-50.6768
-59.8309
-59.897
-71.7317
-71.8122
-86.0538
-86.1523
-103.896
-104.021
-127.577
-127.749
-162.468
-162.738
-223.498
-224.02
-335.63
-336.487
-444.998
-445.261
-343.711
-342.192
-8.24263
-5.88183
328.079
329.704
430.572
430.338
323.923
323.114
218.639
218.15
159.777
159.509
124.638
124.469
100.566
100.44
82.4193
82.3208
67.9718
67.8922
56.9257
56.8691
49.0713
49.0291
42.6954
42.6584
37.0945
37.0619
32.0779
32.0484
27.5348
27.5081
23.4766
23.4535
20.232
20.2149
17.7588
17.7448
15.6063
15.5935
13.6458
13.6342
11.8478
11.8372
10.1958
10.1861
8.72163
8.71334
7.55794
7.55163
6.63111
6.62577
5.80312
5.79815
5.03835
5.03381
4.3292
4.32498
3.67194
3.66807
3.0227
3.01382
2.02178
2.01746
1.47824
1.47559
1.12744
1.12563
0.876598
0.87533
0.688914
-2.05911
-2.33211
-2.35137
-2.65106
-2.67303
-3.03215
-3.05996
-3.52588
-3.56042
-4.09417
-4.13186
-4.7127
-4.75358
-5.38444
-5.42891
-6.11606
-6.16469
-6.93217
-6.98833
-7.94716
-8.02231
-9.25908
-9.34929
-10.7452
-10.844
-12.3649
-12.4725
-14.1323
-14.2484
-16.0662
-16.1957
-18.2663
-18.4212
-21.1092
-21.3189
-24.7283
-24.9748
-28.7966
-29.0657
-33.2659
-33.5643
-38.2136
-38.5452
-43.7675
-44.1465
-50.4112
-50.8979
-59.5262
-60.2041
-71.3602
-72.1854
-85.6
-86.6097
-103.32
-104.604
-126.785
-128.552
-161.232
-164.004
-221.12
-226.462
-331.693
-340.456
-443.688
-446.383
-350.858
-335.066
-19.1558
5.03104
320.525
337.04
431.596
429.21
327.683
319.403
220.918
215.913
161.033
158.275
125.436
123.677
101.154
99.8574
82.8783
81.8684
68.3416
67.5257
57.1893
56.609
49.2667
48.8321
42.8655
42.4875
37.2458
36.9111
32.2144
31.9124
27.6586
27.3847
23.5837
23.3472
20.3118
20.136
17.8239
17.6802
15.6655
15.5347
13.6995
13.581
11.8972
11.7879
10.241
10.1411
8.76014
8.67515
7.58677
7.52258
6.65594
6.60109
5.82605
5.77522
5.05936
5.01281
4.34876
4.30544
3.68986
3.65022
3.06422
2.97321
2.04186
1.99781
1.49055
1.46349
1.13585
1.11731
0.882476
0.869486
0.69378
-2.08734
-2.12934
-2.17162
-2.21456
-2.258
-2.30191
-2.38196
-2.4276
-2.47405
-2.52108
-2.56862
-2.61735
-2.70747
-2.76003
-2.81386
-2.86997
-2.9283
-2.98925
-3.10508
-3.17385
-3.24504
-3.31925
-3.39451
-3.47217
-3.61491
-3.69678
-3.77965
-3.86369
-3.94911
-4.03512
-4.19181
-4.28108
-4.37131
-4.46287
-4.55515
-4.64873
-4.81854
-4.91538
-5.01324
-5.11244
-5.21279
-5.31484
-5.49993
-5.60468
-5.71119
-5.81944
-5.9295
-6.03982
-6.2422
-6.35797
-6.4757
-6.59592
-6.71896
-6.84568
-7.07952
-7.21676
-7.36017
-7.51025
-7.66704
-7.83157
-8.14356
-8.32725
-8.5175
-8.7142
-8.91352
-9.11927
-9.49263
-9.70684
-9.92346
-10.1436
-10.3655
-10.5906
-11.0016
-11.2342
-11.4706
-11.7097
-11.9517
-12.1967
-12.6432
-12.8972
-13.1545
-13.4154
-13.6805
-13.9482
-14.4347
-14.7124
-14.9944
-15.2815
-15.5696
-15.8634
-16.402
-16.7113
-17.0268
-17.3503
-17.6842
-18.0253
-18.6731
-19.0559
-19.4581
-19.88
-20.3218
-20.7844
-21.659
-22.1685
-22.6943
-23.234
-23.7829
-24.3438
-25.3655
-25.9522
-26.5428
-27.1434
-27.7526
-28.3709
-29.4974
-30.1379
-30.7917
-31.4492
-32.1187
-32.7994
-34.0387
-34.7473
-35.4672
-36.1992
-36.9437
-37.6952
-39.0746
-39.8655
-40.6694
-41.4888
-42.3239
-43.1778
-44.753
-45.67
-46.613
-47.5881
-48.6049
-49.6603
-51.6905
-52.9118
-54.201
-55.558
-56.9857
-58.4765
-61.2973
-62.9527
-64.6605
-66.4178
-68.2235
-70.0752
-73.5077
-75.5018
-77.552
-79.6575
-81.8124
-84.0537
-88.225
-90.6717
-93.1938
-95.8076
-98.5241
-101.347
-106.674
-109.806
-113.12
-116.572
-120.253
-124.083
-131.38
-135.932
-140.698
-145.767
-151.199
-157.048
-168.627
-175.869
-183.917
-192.75
-202.339
-213.184
-235.305
-249.348
-264.703
-281.415
-299.076
-318.296
-354.385
-373.38
-394.439
-412.224
-427.385
-437.984
-448.041
-445.637
-436.714
-420.943
-400.137
-373.578
-309.586
-266.387
-218.052
-166.392
-112.596
-57.0024
42.8547
98.0224
152.203
204.167
251.515
294.958
359.271
386.57
407.39
422.054
430.462
432.98
423.369
412.405
397.427
379.63
360.632
341.038
306.631
288.702
271.97
255.845
242.147
229.105
208.487
198.218
189.05
180.606
172.687
165.553
153.974
148.223
142.794
137.7
132.916
128.36
120.937
117.055
113.366
109.854
106.462
103.249
97.8544
94.9941
92.2307
89.5667
86.9984
84.5235
80.2949
78.0298
75.8359
73.709
71.6466
69.6536
66.2681
64.4755
62.767
61.1378
59.5953
58.1336
55.7211
54.4653
53.2707
52.1269
51.029
49.9668
48.1494
47.1696
46.2136
45.2782
44.361
43.4632
41.9007
41.0472
40.2095
39.3863
38.5771
37.779
36.3878
35.6262
34.8764
34.1408
33.4123
32.6951
31.4418
30.7522
30.0741
29.4083
28.7461
28.0943
26.9564
26.3343
25.723
25.1225
24.5366
23.9619
22.9827
22.4606
21.961
21.4833
21.0281
20.5948
19.8678
19.4811
19.1091
18.7487
18.3969
18.0541
17.4545
17.13
16.8075
16.4898
16.1777
15.8707
15.3323
15.0353
14.7432
14.4546
14.1696
13.8895
13.3945
13.1242
12.8555
12.5906
12.3303
12.0708
11.617
11.3678
11.1212
10.8775
10.637
10.4
9.98457
9.75759
9.53451
9.31624
9.10376
8.89634
8.54411
8.35771
8.17962
8.00876
7.84571
7.68892
7.42331
7.28086
7.14268
7.00697
6.87434
6.74349
6.51511
6.39008
6.26656
6.14452
6.02428
5.90545
5.69627
5.58096
5.46714
5.35452
5.24329
5.13336
4.93975
4.8333
4.72765
4.62313
4.52008
4.41753
4.23743
4.13825
4.0401
3.9431
3.84738
3.75314
3.58858
3.49886
3.41127
3.32686
3.2452
3.16744
2.83798
2.65811
2.49976
2.35794
2.23064
2.11461
1.93141
1.83955
1.75485
1.67692
1.60342
1.53484
1.42252
1.36593
1.31214
1.26056
1.21175
1.1658
1.08856
1.04762
1.00873
0.9719
0.936955
0.903851
0.849271
0.820129
0.791742
0.764081
0.737205
0.711083
