-2.34493
-2.65855
-3.03139
-3.5031
-4.04805
-4.64306
-5.28876
-5.99234
-6.77375
-7.71249
-8.91386
-10.3111
-11.8422
-13.5095
-15.3332
-17.3693
-19.8361
-23.0277
-26.7707
-30.9089
-35.4707
-40.5509
-46.3736
-53.6894
-63.5702
-75.8846
-90.8426
-109.798
-135.579
-174.663
-243.931
-363.898
-466.635
-351.067
-7.11882
336.494
452.038
351.914
237.759
171.398
132.483
106.423
87.2022
72.1042
60.2874
51.6817
44.9907
39.2464
34.1375
29.5309
25.3749
21.8159
19.0605
16.8039
14.7892
12.9486
11.2579
9.71205
8.37135
7.31528
6.43692
5.64407
4.91257
4.23404
3.61028
2.90492
1.9817
1.46708
1.12747
0.883195
-2.34587
-2.65748
-2.65961
-3.03005
-3.03273
-3.50146
-3.50474
-4.04623
-4.04987
-4.64109
-4.64503
-5.28662
-5.2909
-5.98999
-5.99469
-6.77108
-6.77642
-7.7091
-7.71589
-8.90967
-8.91806
-10.3064
-10.3158
-11.8372
-11.8473
-13.5039
-13.515
-15.3271
-15.3393
-17.3624
-17.3763
-19.8272
-19.8451
-23.0165
-23.0389
-26.7582
-26.7833
-30.8951
-30.9227
-35.4555
-35.486
-40.5338
-40.5681
-46.3533
-46.3939
-53.6623
-53.7165
-63.5346
-63.6057
-75.8417
-75.9276
-90.7896
-90.8956
-109.729
-109.867
-135.481
-135.677
-174.504
-174.823
-243.633
-244.229
-363.457
-364.34
-466.573
-466.694
-351.865
-350.249
-8.34687
-5.89058
335.684
337.301
452.096
451.978
352.342
351.478
238.041
237.477
171.554
171.242
132.582
132.384
106.494
106.353
87.256
87.1484
72.1471
72.0614
60.3196
60.2553
51.7052
51.6581
45.0102
44.9712
39.2636
39.2292
34.1529
34.1221
29.5449
29.517
25.3874
25.3625
21.826
21.8059
19.0683
19.0528
16.8107
16.7972
14.7953
14.7831
12.9542
12.9429
11.2631
11.2527
9.71671
9.70739
8.37516
8.36754
7.31828
7.31228
6.43956
6.43428
5.64649
5.64165
4.91481
4.91033
4.23612
4.23196
3.61216
3.60841
2.90914
2.90071
1.98377
1.97964
1.46839
1.46577
1.1284
1.12654
0.883832
-2.35463
-2.64765
-2.66951
-3.01771
-3.04518
-3.48631
-3.51996
-4.02944
-4.06671
-4.62286
-4.66331
-5.26682
-5.31075
-5.96833
-6.01643
-6.74648
-6.80119
-7.67788
-7.74744
-8.87095
-8.957
-10.2633
-10.359
-11.7902
-11.8944
-13.4527
-13.5664
-15.2709
-15.3958
-17.298
-17.4411
-19.7447
-19.9285
-22.9132
-23.1428
-26.6421
-26.8997
-30.7674
-31.0507
-35.3143
-35.6277
-40.3753
-40.7273
-46.1667
-46.5822
-53.4132
-53.9688
-63.207
-63.9359
-75.4455
-76.3264
-90.3015
-91.3881
-109.092
-110.51
-134.581
-136.591
-173.043
-176.309
-240.9
-247.007
-359.357
-368.439
-465.868
-467.114
-359.146
-342.544
-19.6981
5.44307
328.008
344.621
452.504
451.306
356.33
347.442
240.675
234.897
173.01
169.815
133.503
131.475
107.145
105.708
87.7552
86.6529
72.5453
71.6665
60.6193
59.9588
51.9242
51.4412
45.1915
44.791
39.4229
39.0706
34.2958
33.9797
29.6742
29.3881
25.5028
25.2476
21.9193
21.7135
19.1403
18.9813
16.8732
16.735
14.8521
14.7266
13.0062
12.8911
11.3108
11.2051
9.75989
9.6644
8.41058
8.33247
7.3461
7.28461
6.46404
6.40991
5.66893
5.61928
4.93557
4.88963
4.25539
4.21276
3.62954
3.59112
2.94906
2.86211
2.00305
1.96069
1.4806
1.45377
1.13706
1.11798
0.889811
-2.38469
-2.4291
-2.47423
-2.52011
-2.56677
-2.61443
-2.70366
-2.75472
-2.80727
-2.86163
-2.91791
-2.97638
-3.08839
-3.15346
-3.22075
-3.2903
-3.36175
-3.43513
-3.5723
-3.64994
-3.72878
-3.80892
-3.8901
-3.97246
-4.12447
-4.20977
-4.29598
-4.38333
-4.47158
-4.56101
-4.72599
-4.81847
-4.912
-5.00676
-5.10258
-5.19966
-5.37884
-5.47943
-5.58119
-5.68437
-5.78886
-5.89488
-6.09106
-6.20154
-6.31375
-6.42809
-6.5444
-6.66345
-6.88671
-7.01476
-7.14677
-7.28356
-7.42549
-7.57333
-7.85691
-8.02196
-8.19328
-8.37051
-8.55279
-8.74015
-9.09097
-9.28958
-9.49182
-9.69732
-9.90558
-10.117
-10.5075
-10.7265
-10.9484
-11.1732
-11.4004
-11.6308
-12.056
-12.2943
-12.5359
-12.7806
-13.0281
-13.2791
-13.7425
-14.0027
-14.2666
-14.534
-14.8053
-15.0801
-15.5898
-15.8769
-16.1692
-16.467
-16.7705
-17.0811
-17.6647
-17.9997
-18.3464
-18.7057
-19.0792
-19.4687
-20.2179
-20.655
-21.1095
-21.5803
-22.0651
-22.5642
-23.5004
-24.0317
-24.5722
-25.1227
-25.6812
-26.2489
-27.2991
-27.8897
-28.4884
-29.0955
-29.7109
-30.335
-31.4901
-32.1398
-32.7991
-33.468
-34.1471
-34.8363
-36.114
-36.8345
-37.5667
-38.311
-39.0683
-39.8393
-41.2746
-42.0884
-42.9197
-43.7707
-44.6421
-45.5384
-47.2344
-48.2159
-49.237
-50.3011
-51.4146
-52.5821
-54.8466
-56.1804
-57.5748
-59.0292
-60.5402
-62.1057
-65.0769
-66.785
-68.5419
-70.3475
-72.2033
-74.11
-77.7041
-79.7671
-81.8901
-84.0773
-86.3323
-88.6614
-93.0921
-95.6586
-98.3205
-101.084
-103.963
-106.963
-112.747
-116.148
-119.715
-123.466
-127.411
-131.588
-139.788
-144.726
-149.996
-155.635
-161.697
-168.243
-181.578
-189.875
-198.968
-208.922
-219.913
-231.974
-256.809
-272.231
-288.831
-306.688
-325.601
-345.362
-382.506
-402.753
-421.799
-438.725
-452.339
-461.937
-467.069
-462.016
-451.281
-434.609
-411.624
-382.533
-314.716
-269.85
-220.754
-168.587
-114.074
-58.2168
44.0401
99.7793
154.268
206.628
255.59
300.197
367.913
396.94
419.623
436.308
447.191
452.364
447.601
438.221
424.875
408.229
389.794
370.084
334.096
315.111
297.076
280.217
264.541
249.956
226.469
215.046
204.579
195.007
186.24
178.155
165.109
158.617
152.591
146.949
141.68
136.723
128.456
124.247
120.256
116.464
112.856
109.413
103.55
100.511
97.5917
94.7876
92.0864
89.4835
84.9912
82.6293
80.3446
78.1348
75.9952
73.9236
70.3409
68.4617
66.6529
64.9157
63.2523
61.6634
58.9723
57.5916
56.2769
55.0259
53.8291
52.6829
50.7125
49.6776
48.6729
47.6963
46.7444
45.8151
44.1822
43.3075
42.4497
41.608
40.7817
39.9703
38.5335
37.76
36.9987
36.2496
35.5124
34.7862
33.4974
32.8016
32.116
31.4404
30.7744
30.118
28.9515
28.3216
27.7013
27.0906
26.49
25.8999
24.8597
24.3044
23.7644
23.2393
22.7325
22.2432
21.4043
20.9685
20.5507
20.1493
19.7623
19.3892
18.74
18.3953
18.0586
17.7288
17.4052
17.0876
16.5242
16.2201
15.9208
15.6255
15.334
15.0467
14.5349
14.258
13.9845
13.7144
13.4477
13.1846
12.7151
12.4609
12.2099
11.9618
11.7167
11.4748
11.0435
10.8098
10.5796
10.3524
10.1285
9.90846
9.51913
9.31077
9.10771
8.90995
8.71846
8.53347
8.2148
8.04861
7.88893
7.73498
7.58625
7.44219
7.19123
7.05751
6.92674
6.79833
6.67222
6.54799
6.32731
6.20798
6.09036
5.97404
5.85933
5.74582
5.54342
5.43358
5.32514
5.21775
5.11174
5.00675
4.81931
4.71754
4.61692
4.51729
4.41887
4.32146
4.14758
4.05328
3.9603
3.86848
3.77822
3.68937
3.53272
3.44915
3.36791
3.2889
3.2122
3.09208
2.73711
2.57315
2.42761
2.29753
2.17896
2.07164
1.89808
1.81198
1.73224
1.65786
1.58882
1.52335
1.41416
1.35988
1.30798
1.25815
1.21049
1.16593
1.08956
1.05028
1.01287
0.977149
0.94315
0.910908
