-1.66697
-1.83581
-2.01209
-2.19647
-2.38911
-2.59094
-2.8108
-3.08317
-3.42124
-3.78963
-4.17592
-4.58048
-5.00472
-5.45107
-5.91965
-6.41123
-6.93692
-7.5588
-8.36764
-9.28998
-10.2651
-11.2868
-12.3604
-13.4911
-14.6827
-15.9335
-17.2603
-18.7589
-20.7109
-23.0896
-25.6501
-28.35
-31.1982
-34.2212
-37.4371
-40.8638
-44.535
-48.6349
-53.8572
-60.7571
-68.6951
-77.5045
-87.4228
-98.8684
-112.457
-129.162
-150.658
-180.64
-228.749
-310.103
-429.529
-526.678
-492.136
-299.754
-7.03551
285.279
477.526
510.429
412.919
298.327
224.305
178.62
148.386
126.393
109.304
95.4151
83.6991
73.5146
64.5644
57.252
51.8771
47.4429
43.413
39.6701
36.1718
32.8997
29.8173
26.9024
24.1464
21.6746
19.7575
18.2094
16.7899
15.4417
14.16
12.9429
11.7876
10.6851
9.63464
8.65446
7.84322
7.20853
6.63959
6.10009
5.58383
5.0908
4.61935
4.16739
3.73323
3.32724
2.74863
2.10875
1.70153
1.40623
1.18087
0.999368
0.852151
0.728274
0.620603
0.528022
-1.66774
-1.83501
-1.83662
-2.01124
-2.01294
-2.19559
-2.19736
-2.38818
-2.39003
-2.58996
-2.59191
-2.80968
-2.81192
-3.08171
-3.08463
-3.41958
-3.4229
-3.78786
-3.79141
-4.17409
-4.17777
-4.57854
-4.58243
-5.00266
-5.00675
-5.44892
-5.45322
-5.91739
-5.92192
-6.40883
-6.41363
-6.93435
-6.93948
-7.55543
-7.56218
-8.36348
-8.37181
-9.28559
-9.29438
-10.2604
-10.2698
-11.2819
-11.2917
-12.3552
-12.3656
-13.4856
-13.4966
-14.677
-14.6885
-15.9274
-15.9396
-17.2538
-17.2668
-18.751
-18.7669
-20.7004
-20.7215
-23.0778
-23.1014
-25.6375
-25.6627
-28.3369
-28.3631
-31.1844
-31.212
-34.2063
-34.2361
-37.4213
-37.4528
-40.8469
-40.8807
-44.5169
-44.5531
-48.6138
-48.656
-53.8282
-53.8863
-60.721
-60.7932
-68.6557
-68.7346
-77.4604
-77.5486
-87.3729
-87.4727
-98.8101
-98.9268
-112.387
-112.528
-129.074
-129.25
-150.542
-150.775
-180.468
-180.813
-228.454
-229.044
-309.634
-310.573
-428.949
-430.108
-526.502
-526.852
-492.716
-491.55
-301.022
-298.484
-8.45036
-5.62039
284.013
286.542
476.997
478.051
510.61
510.245
413.543
412.294
298.759
297.897
224.576
224.035
178.792
178.448
148.505
148.267
126.484
126.302
109.376
109.232
95.475
95.3553
83.7503
83.6479
73.5598
73.4694
64.6035
64.5254
57.2815
57.2225
51.8995
51.8547
47.4628
47.4231
43.4313
43.3948
39.6871
39.653
36.1878
36.1559
32.9147
32.8847
29.8316
29.803
26.9158
26.889
24.1592
24.1336
21.6851
21.6641
19.7654
19.7497
18.2163
18.2025
16.7964
16.7833
15.4479
15.4354
14.166
14.1541
12.9485
12.9373
11.7929
11.7823
10.6902
10.6799
9.63948
9.62981
8.65883
8.65012
7.84648
7.83996
7.21134
7.20569
6.6422
6.63697
6.10258
6.0976
5.58622
5.58144
5.09307
5.08852
4.62153
4.61717
4.16947
4.16529
3.73522
3.73123
3.32903
3.32546
2.75274
2.74454
2.11106
2.10645
1.70312
1.69994
1.40745
1.40501
1.18181
1.17993
1.00015
0.998585
0.852771
0.851532
0.728823
0.727725
0.62107
0.620135
0.528421
-1.67378
-1.82876
-1.84287
-2.00467
-2.01953
-2.18872
-2.20424
-2.38106
-2.39721
-2.58239
-2.5995
-2.80105
-2.82064
-3.07047
-3.09601
-3.40663
-3.43591
-3.77412
-3.80518
-4.15981
-4.19209
-4.56336
-4.59748
-4.98675
-5.02242
-5.43229
-5.46993
-5.89985
-5.93921
-6.39026
-6.43217
-6.91412
-6.95945
-7.52949
-7.58844
-8.33118
-8.40416
-9.25096
-9.3289
-10.2238
-10.3063
-11.2437
-11.33
-12.3147
-12.4059
-13.4431
-13.5395
-14.632
-14.7332
-15.8804
-15.9874
-17.2025
-17.3174
-18.6899
-18.8284
-20.6199
-20.8042
-22.9861
-23.1921
-25.5407
-25.7592
-28.2352
-28.4647
-31.0773
-31.3198
-34.0913
-34.351
-37.3001
-37.5751
-40.7164
-41.0113
-44.3771
-44.6956
-48.4482
-48.8205
-53.6047
-54.1133
-60.4446
-61.0686
-68.3509
-69.0408
-77.1204
-77.8909
-86.9872
-87.8604
-98.3587
-99.3806
-111.845
-113.073
-128.394
-129.931
-149.643
-151.687
-179.146
-182.141
-226.188
-231.357
-306.009
-314.231
-424.287
-434.552
-525.035
-528.099
-496.593
-486.966
-310.774
-288.566
-19.4118
5.34425
274.131
296.259
472.779
481.768
511.889
508.688
418.321
407.447
302.13
294.51
226.699
221.961
180.127
177.126
149.434
147.347
127.187
125.603
109.937
108.675
95.9399
94.8931
84.148
83.2522
73.9108
73.1207
64.9075
64.2246
57.5125
56.9957
52.0755
51.6816
47.6166
47.2697
43.5746
43.2535
39.8195
39.521
36.3128
36.0324
33.0312
32.7689
29.9425
29.6937
27.02
26.7851
24.2573
24.0362
21.7672
21.5831
19.8265
19.6876
18.2707
18.1489
16.847
16.7322
15.497
15.3873
14.2122
14.1079
12.9926
12.8938
11.8342
11.7406
10.7301
10.6405
9.67688
9.59204
8.69292
8.61667
7.87202
7.81436
7.23292
7.18371
6.66263
6.61676
6.12187
6.07813
5.60469
5.56294
5.11069
5.07074
4.63841
4.60028
4.18562
4.14898
3.75069
3.71578
3.34292
3.31171
2.7852
2.71336
2.12911
2.08875
1.71559
1.6877
1.41693
1.39565
1.18913
1.17266
1.00626
0.992549
0.857585
0.846743
0.733091
0.723482
0.624709
0.616526
0.531512
-1.69105
-1.71471
-1.73854
-1.76259
-1.78655
-1.8108
-1.86092
-1.88564
-1.91042
-1.93547
-1.96061
-1.98596
-2.03837
-2.06426
-2.09019
-2.11643
-2.14265
-2.1692
-2.22394
-2.25102
-2.27808
-2.30556
-2.3329
-2.3607
-2.4178
-2.44608
-2.47436
-2.50309
-2.53179
-2.56091
-2.6213
-2.65159
-2.68181
-2.71307
-2.74438
-2.77672
-2.84595
-2.88142
-2.91832
-2.95692
-2.9969
-3.03874
-3.12893
-3.17517
-3.22227
-3.27081
-3.31964
-3.36956
-3.47334
-3.5252
-3.57678
-3.62944
-3.68183
-3.73495
-3.84457
-3.89886
-3.95317
-4.0081
-4.06307
-4.11863
-4.23337
-4.29026
-4.34693
-4.40449
-4.46212
-4.52034
-4.64063
-4.70002
-4.75947
-4.81982
-4.88038
-4.94138
-5.06789
-5.13073
-5.19321
-5.25661
-5.32066
-5.38486
-5.51767
-5.58332
-5.64907
-5.71568
-5.78261
-5.84979
-5.98917
-6.05846
-6.1271
-6.19688
-6.26726
-6.33801
-6.48446
-6.55757
-6.6305
-6.70469
-6.78031
-6.85637
-7.0179
-7.10055
-7.18424
-7.27207
-7.36275
-7.45734
-7.66428
-7.77217
-7.88396
-7.99939
-8.11863
-8.23972
-8.49641
-8.62528
-8.7545
-8.88623
-9.01815
-9.15171
-9.42827
-9.56498
-9.70215
-9.84057
-9.98024
-10.12
-10.4099
-10.5537
-10.6969
-10.8425
-10.9883
-11.1348
-11.4394
-11.5896
-11.7409
-11.8932
-12.0466
-12.2003
-12.5203
-12.6787
-12.8377
-12.9985
-13.1606
-13.3228
-13.6609
-13.8274
-13.9951
-14.1641
-14.3348
-14.505
-14.8596
-15.0355
-15.2112
-15.3887
-15.5681
-15.7473
-16.1211
-16.3052
-16.4922
-16.6788
-16.8701
-17.0598
-17.461
-17.6636
-17.8679
-18.0791
-18.2959
-18.5192
-19.0067
-19.2599
-19.5263
-19.8034
-20.0945
-20.3935
-21.0384
-21.3641
-21.6989
-22.0362
-22.3811
-22.7272
-23.4505
-23.8095
-24.1695
-24.5334
-24.9001
-25.2681
-26.0331
-26.4093
-26.7912
-27.1726
-27.5605
-27.9468
-28.752
-29.1509
-29.5513
-29.9558
-30.3644
-30.7741
-31.6245
-32.0451
-32.4721
-32.8988
-33.3335
-33.7681
-34.6744
-35.1225
-35.5768
-36.0326
-36.4933
-36.9571
-37.9217
-38.3972
-38.8812
-39.3645
-39.8577
-40.3504
-41.3784
-41.8878
-42.4054
-42.9249
-43.4514
-43.9833
-45.0979
-45.6497
-46.2191
-46.7923
-47.3882
-47.9891
-49.2924
-49.9668
-50.671
-51.4043
-52.1763
-52.9871
-54.7687
-55.6901
-56.6486
-57.6292
-58.6431
-59.6736
-61.8547
-62.9472
-64.0619
-65.1856
-66.3319
-67.4901
-69.9171
-71.1282
-72.3595
-73.6071
-74.8757
-76.1629
-78.8679
-80.2234
-81.6035
-83.0082
-84.4389
-85.8984
-88.9755
-90.5302
-92.1113
-93.7341
-95.3924
-97.09
-100.69
-102.518
-104.384
-106.317
-108.292
-110.321
-114.659
-116.884
-119.163
-121.53
-123.967
-126.488
-131.92
-134.74
-137.633
-140.689
-143.845
-147.13
-154.326
-158.142
-162.11
-166.335
-170.773
-175.48
-186.101
-191.918
-198.068
-204.858
-212.065
-219.95
-238.196
-248.252
-258.884
-270.456
-282.8
-295.761
-324.843
-340.791
-356.954
-374.331
-391.753
-410.457
-448.254
-466.517
-482.626
-497.842
-510.012
-519.156
-529.782
-531.708
-528.417
-524.897
-516.259
-505.841
-474.272
-453.684
-429.391
-402.225
-371.547
-336.841
-259.209
-219.164
-177.361
-135.511
-93.0456
-50.5447
36.4882
78.8616
120.995
163.174
204.579
244.656
322.424
357.232
387.631
415.456
439.333
459.462
491.016
501.659
509.049
513.105
515.493
513.317
502.731
493.364
480.326
465.967
449.173
431.458
393.785
376.259
358.902
342.382
326.879
312.042
285.187
273.307
262.086
251.653
242.029
232.886
216.115
208.899
201.944
195.619
189.648
184.007
173.452
168.77
164.289
160.042
155.999
152.1
144.756
141.422
138.189
135.072
132.104
129.217
123.644
121.072
118.579
116.16
113.827
111.551
107.105
105.04
103.024
101.055
99.1425
97.2751
93.5943
91.861
90.1641
88.5036
86.883
85.2901
82.135
80.6382
79.1694
77.7271
76.31
74.9158
72.1382
70.8203
69.5211
68.2526
67.0022
65.7867
63.3849
62.2584
61.1755
60.1342
59.1333
58.1816
56.3691
55.5487
54.7613
54.0101
53.2793
52.5802
51.1996
50.5447
49.9069
49.2833
48.6637
48.0597
46.8377
46.2525
45.6741
45.1055
44.5383
43.9812
42.8558
42.3123
41.7752
41.246
40.7172
40.1965
39.1479
38.6413
38.14
37.6465
37.1519
36.667
35.6834
35.211
34.7416
34.2805
33.8174
33.3616
32.4408
31.9961
31.5556
31.1198
30.6841
30.2558
29.3845
28.9655
28.5473
28.136
27.7229
27.3156
26.4916
26.0944
25.6976
25.3086
24.9178
24.535
23.7631
23.396
23.0341
22.6827
22.3363
22.0044
21.3582
21.0634
20.7801
20.5113
20.2515
20.0022
19.5169
19.2916
19.0676
18.8509
18.6346
18.425
17.9981
17.7928
17.5898
17.389
17.1886
16.9904
16.5888
16.396
16.2025
16.0126
15.8212
15.6342
15.2514
15.0669
14.884
14.7023
14.5214
14.3424
13.9783
13.8039
13.6293
13.4573
13.2851
13.1158
12.7709
12.6051
12.4401
12.276
12.1129
11.9514
11.6234
11.4656
11.3076
11.1519
10.996
10.842
10.5289
10.378
10.2279
10.0785
9.93051
9.78315
9.48554
9.34304
9.20097
9.06225
8.92391
8.78993
8.52304
8.39907
8.27885
8.16349
8.05294
7.94657
7.74215
7.64816
7.55636
7.46727
7.37984
7.29411
7.12283
7.04127
6.95946
6.87954
6.79946
6.72027
6.55952
6.48253
6.40505
6.32852
6.25261
6.17666
6.02337
5.94964
5.87555
5.80254
5.7296
5.65725
5.51056
5.43999
5.3693
5.29927
5.22999
5.16075
5.02067
4.95347
4.88578
4.81898
4.75244
4.68648
4.5524
4.48746
4.42297
4.35876
4.29529
4.2316
4.10294
4.04091
3.97863
3.91694
3.85584
3.795
3.67173
3.6124
3.55391
3.49575
3.43891
3.38286
3.27323
3.22309
3.177
3.13506
3.03862
2.88392
2.62942
2.52438
2.42893
2.3403
2.25818
2.18188
2.03973
1.97599
1.91622
1.85923
1.80433
1.75211
1.65358
1.60843
1.56501
1.52325
1.48309
1.44441
1.3698
1.33626
1.3033
1.27119
1.23999
1.21024
1.15226
1.12506
1.09864
1.07291
1.04792
1.02371
0.975671
0.953316
0.931731
0.910844
0.890692
0.871392
0.833226
0.815036
0.797176
0.779588
0.762329
0.745343
0.71154
0.695556
0.679962
0.664687
0.649752
0.635183
0.606379
0.592846
0.579352
0.565805
0.552515
0.540348
