-2.1622
-2.32833
-2.50128
-2.68392
-2.88701
-3.13713
-3.43171
-3.74924
-4.08112
-4.42649
-4.7877
-5.16466
-5.55874
-5.97057
-6.40114
-6.85761
-7.37235
-8.01261
-8.76967
-9.58572
-10.4399
-11.3298
-12.2628
-13.2379
-14.2594
-15.3289
-16.4499
-17.6442
-19.0058
-20.7161
-22.7424
-24.9264
-27.2251
-29.6291
-32.1629
-34.8318
-37.6528
-40.639
-43.8148
-47.2708
-51.3197
-56.5194
-62.8023
-69.789
-77.4471
-85.9434
-95.5098
-106.537
-119.529
-135.3
-155.217
-182.153
-222.512
-285.409
-374.846
-472.083
-503.686
-433.89
-248.825
-7.01392
234.589
417.971
488.127
455.771
359.238
275.37
218.129
179.794
152.889
132.583
116.474
103.261
91.9677
82.1773
73.4842
65.7217
59.1089
53.9614
49.7964
46.088
42.6432
39.4185
36.3822
33.5116
30.8008
28.2173
25.7615
23.4478
21.4087
19.7772
18.4074
17.1519
15.9566
14.814
13.7234
12.6819
11.686
10.732
9.81759
8.95333
8.18992
7.57109
7.0434
6.55334
6.08423
5.63406
5.20205
4.78639
4.38758
4.00254
3.63203
3.28653
2.78216
2.20625
1.81661
1.528
1.30349
1.12234
0.970699
0.845973
-2.16309
-2.3274
-2.32925
-2.50031
-2.50224
-2.68289
-2.68495
-2.88584
-2.8882
-3.13563
-3.13863
-3.43003
-3.43339
-3.74748
-3.75101
-4.07927
-4.08296
-4.42466
-4.42831
-4.7857
-4.7897
-5.16258
-5.16675
-5.55656
-5.56093
-5.96829
-5.97285
-6.39875
-6.40353
-6.85501
-6.86021
-7.3692
-7.3755
-8.00877
-8.01645
-8.76536
-8.77397
-9.58119
-9.59015
-10.4351
-10.4447
-11.3248
-11.3348
-12.2576
-12.2679
-13.2325
-13.2433
-14.2537
-14.265
-15.3229
-15.3348
-16.4436
-16.4561
-17.6373
-17.651
-18.9975
-19.014
-20.7058
-20.7263
-22.7308
-22.7539
-24.9142
-24.9386
-27.2123
-27.2379
-29.6156
-29.6425
-32.1488
-32.177
-34.8169
-34.8467
-37.6369
-37.6686
-40.6223
-40.6557
-43.7969
-43.8327
-47.2508
-47.2909
-51.2948
-51.3445
-56.4881
-56.5508
-62.7661
-62.8385
-69.7493
-69.8287
-77.4034
-77.4909
-85.8945
-85.9924
-95.4542
-95.5654
-106.473
-106.602
-119.452
-119.606
-135.204
-135.395
-155.094
-155.341
-181.98
-182.326
-222.239
-222.786
-285.006
-285.815
-374.292
-375.401
-471.636
-472.527
-503.799
-503.569
-434.595
-433.181
-250.075
-247.573
-8.35987
-5.66791
233.337
235.838
417.279
418.659
488.036
488.216
455.934
455.61
359.779
358.698
275.746
275
218.38
217.878
179.965
179.623
152.993
152.787
132.681
132.486
116.553
116.395
103.327
103.195
92.0244
91.911
82.2274
82.1272
73.5289
73.4396
65.7613
65.6821
59.1405
59.0772
53.9862
53.9367
49.8176
49.7752
46.1074
46.0686
42.6612
42.6259
39.4355
39.4016
36.3982
36.3662
33.5268
33.4965
30.8152
30.7864
28.2318
28.2031
25.7745
25.7485
23.4599
23.4358
21.4186
21.3988
19.7852
19.7692
18.4149
18.4
17.1586
17.1453
15.9629
15.9502
14.8201
14.808
13.7292
13.7176
12.6874
12.6761
11.6913
11.6807
10.737
10.727
9.82245
9.81274
8.95783
8.94883
8.19363
8.18622
7.57414
7.56804
7.04589
7.04066
6.55594
6.55075
6.08673
6.08173
5.63646
5.63166
5.20435
5.19975
4.78861
4.78417
4.3897
4.38545
4.00461
4.00048
3.634
3.63007
3.28828
3.28478
2.78612
2.77822
2.20874
2.20376
1.81842
1.8148
1.52938
1.52663
1.30458
1.3024
1.12323
1.12144
0.971451
0.969948
0.846591
-2.16951
-2.32072
-2.33595
-2.49334
-2.50926
-2.67543
-2.69245
-2.87718
-2.89731
-3.12477
-3.14953
-3.41792
-3.44558
-3.7347
-3.7638
-4.06591
-4.09635
-4.41096
-4.44227
-4.7712
-4.80423
-5.1474
-5.18192
-5.54072
-5.5768
-5.95177
-5.98942
-6.38143
-6.42071
-6.83624
-6.87912
-7.3467
-7.39812
-7.98096
-8.04437
-8.73419
-8.80524
-9.54836
-9.62237
-10.4007
-10.4791
-11.2893
-11.3709
-12.2201
-12.3055
-13.1933
-13.2826
-14.2126
-14.3063
-15.28
-15.3779
-16.3984
-16.5012
-17.588
-17.7008
-18.9375
-19.0744
-20.6317
-20.8007
-22.6474
-22.8376
-24.8282
-25.0303
-27.1196
-27.3309
-29.5182
-29.7401
-32.0467
-32.2795
-34.709
-34.955
-37.5229
-37.7836
-40.5014
-40.7769
-43.6672
-43.9628
-47.1063
-47.4367
-51.116
-51.5259
-56.2613
-56.7852
-62.5044
-63.1014
-69.462
-70.1172
-77.087
-77.8089
-85.5405
-86.3483
-95.0525
-95.9705
-106.005
-107.073
-118.898
-120.168
-134.515
-136.091
-154.205
-156.245
-180.734
-183.676
-220.277
-224.789
-282.18
-288.806
-370.297
-379.442
-468.302
-475.649
-504.527
-502.667
-439.604
-427.937
-259.086
-238.742
-18.1162
4.09246
224.265
244.833
412.146
423.529
487.288
488.776
458.773
452.978
363.72
354.804
278.642
272.331
220.224
216.079
181.216
178.391
153.897
151.944
133.392
131.783
117.129
115.826
103.809
102.716
92.4365
91.5014
82.5916
81.7764
73.8538
73.1165
66.0487
65.3964
59.3717
58.8494
54.1667
53.7583
49.9718
49.623
46.2482
45.9284
42.7952
42.4967
39.5588
39.2786
36.5145
36.2501
33.6367
33.3869
30.9197
30.6822
28.3329
28.1071
25.8689
25.6543
23.5454
23.3487
21.4906
21.3278
19.8434
19.7117
18.4683
18.3519
17.207
17.0971
16.0095
15.9041
14.8641
14.764
13.7713
13.6756
12.7274
12.635
11.7298
11.6424
10.7737
10.6903
9.85769
9.77757
8.99061
8.91636
8.22066
8.15899
7.59633
7.54606
7.06519
7.02085
6.57479
6.53195
6.10488
6.06365
5.65386
5.61392
5.22104
5.18307
4.80514
4.76854
4.40514
4.37006
4.01957
3.98554
3.64825
3.61586
3.30103
3.27218
2.8153
2.75013
2.22702
2.18585
1.83163
1.80178
1.5394
1.51671
1.31253
1.29452
1.12974
1.11499
0.976924
0.964523
0.851083
-2.18683
-2.20974
-2.23282
-2.25608
-2.27952
-2.30297
-2.35386
-2.37776
-2.40184
-2.42599
-2.45011
-2.47481
-2.5281
-2.55305
-2.57831
-2.60382
-2.62959
-2.65531
-2.71265
-2.73991
-2.76756
-2.79595
-2.82469
-2.85438
-2.9214
-2.95435
-2.98845
-3.02312
-3.05895
-3.09587
-3.17893
-3.21903
-3.25965
-3.3008
-3.34309
-3.3857
-3.47823
-3.52176
-3.56627
-3.61072
-3.65509
-3.70054
-3.79825
-3.84408
-3.89028
-3.93627
-3.98303
-4.02986
-4.1322
-4.18011
-4.22804
-4.27653
-4.32512
-4.37403
-4.47965
-4.5296
-4.57992
-4.63063
-4.68125
-4.73257
-4.84325
-4.89537
-4.94775
-5.00048
-5.05356
-5.10706
-5.22261
-5.27717
-5.3315
-5.38669
-5.44223
-5.49847
-5.61949
-5.6764
-5.73373
-5.79124
-5.84927
-5.90743
-6.0338
-6.0933
-6.15327
-6.21344
-6.27384
-6.33513
-6.46746
-6.53006
-6.59279
-6.65711
-6.72126
-6.7862
-6.93027
-6.99838
-7.06857
-7.14049
-7.21364
-7.28884
-7.45963
-7.54417
-7.63005
-7.71915
-7.81153
-7.907
-8.1207
-8.22325
-8.32772
-8.43371
-8.54186
-8.65129
-8.88907
-9.0009
-9.11526
-9.22974
-9.3445
-9.46063
-9.71173
-9.8297
-9.94722
-10.0668
-10.1869
-10.3092
-10.5715
-10.6945
-10.8184
-10.943
-11.0685
-11.1944
-11.4673
-11.5962
-11.7265
-11.8567
-11.9877
-12.1203
-12.4061
-12.5411
-12.6766
-12.813
-12.9504
-13.0886
-13.3881
-13.528
-13.67
-13.8133
-13.9577
-14.103
-14.4171
-14.5648
-14.7137
-14.8629
-15.0133
-15.163
-15.4933
-15.6485
-15.8041
-15.9608
-16.1183
-16.2779
-16.623
-16.7863
-16.9527
-17.1181
-17.2865
-17.4572
-17.8323
-18.0141
-18.2
-18.3899
-18.5831
-18.7818
-19.2384
-19.4631
-19.6925
-19.9319
-20.1778
-20.4347
-21.0057
-21.2794
-21.559
-21.8443
-22.1329
-22.426
-23.0621
-23.3636
-23.6677
-23.9748
-24.2823
-24.5938
-25.2673
-25.5836
-25.8996
-26.221
-26.5441
-26.8728
-27.5801
-27.9113
-28.2461
-28.5826
-28.9213
-29.2621
-30.0016
-30.3509
-30.7042
-31.0579
-31.4158
-31.7749
-32.5552
-32.9229
-33.293
-33.6665
-34.0429
-34.4218
-35.2457
-35.631
-36.0229
-36.4175
-36.8183
-37.2193
-38.0908
-38.5021
-38.9162
-39.3335
-39.7543
-40.1801
-41.1025
-41.54
-41.9798
-42.4225
-42.8719
-43.3254
-44.3123
-44.7815
-45.2583
-45.7379
-46.2245
-46.7245
-47.8274
-48.3592
-48.9103
-49.4707
-50.048
-50.6464
-52.0203
-52.694
-53.3966
-54.1252
-54.8777
-55.6609
-57.4105
-58.2552
-59.1167
-60.0004
-60.8998
-61.8097
-63.8085
-64.7632
-65.7295
-66.7056
-67.697
-68.6994
-70.8932
-71.9358
-72.9936
-74.0661
-75.1514
-76.2478
-78.6632
-79.8136
-80.9821
-82.1682
-83.3739
-84.5974
-87.307
-88.5935
-89.9004
-91.2386
-92.6009
-93.9896
-97.0599
-98.5381
-100.045
-101.585
-103.16
-104.77
-108.345
-110.105
-111.88
-113.689
-115.518
-117.43
-121.693
-123.772
-125.908
-128.109
-130.367
-132.701
-137.987
-140.558
-143.234
-146.009
-148.885
-151.88
-158.718
-162.134
-165.679
-169.419
-173.474
-177.483
-187.141
-192.074
-197.481
-202.889
-208.871
-215.395
-230.3
-238.119
-246.446
-255.276
-264.542
-274.352
-297.247
-308.718
-320.584
-333.259
-346.279
-359.793
-391.299
-404.622
-419.068
-433.37
-447.007
-459.954
-483.173
-493.113
-499.371
-504.199
-505.861
-505.662
-500.091
-494.452
-486.432
-476.837
-465.226
-452.281
-413.025
-390.681
-366.929
-341.031
-312.603
-282.611
-214.052
-180.679
-147.133
-112.833
-78.3777
-44.1735
30.1452
64.6616
99.0877
133.22
166.673
200.153
268.304
298.221
326.26
352.386
377.445
397.422
435.244
449.436
461.261
471.29
478.646
484.215
489.547
488.471
485.961
481.33
475.091
466.538
443.291
430.077
416.503
402.7
388.404
374.433
344.579
332.021
319.653
308.521
296.705
286.121
265.329
256.315
247.964
240.005
232.415
225.325
211.406
205.43
199.763
194.481
189.446
184.661
175.173
171.255
167.345
163.59
159.864
156.411
149.492
146.445
143.558
140.69
137.956
135.321
129.932
127.613
125.302
123.052
120.81
118.687
114.326
112.377
110.485
108.633
106.838
105.111
101.452
99.8078
98.1967
96.6002
95.0613
93.5503
90.4164
89.011
87.6054
86.235
84.8911
83.572
80.8105
79.556
78.3191
77.1047
75.9082
74.7287
72.2598
71.139
70.031
68.9429
67.8746
66.8254
64.6434
63.6674
62.7078
61.7757
60.8729
60.0024
58.247
57.4644
56.7181
56.0023
55.3169
54.6489
53.2895
52.6778
52.0901
51.5129
50.9445
50.3867
49.2193
48.6885
48.1589
47.6449
47.1323
46.6259
45.5558
45.0602
44.5743
44.0927
43.6198
43.1483
42.148
41.6901
41.2347
40.7816
40.3334
39.8894
38.9504
38.5172
38.0874
37.6654
37.2442
36.8259
35.9412
35.5331
35.1288
34.7279
34.3268
33.9318
33.0954
32.7103
32.3274
31.9504
31.5737
31.1973
30.4052
30.0389
29.6751
29.3138
28.9555
28.5992
27.8435
27.4944
27.147
26.804
26.4624
26.1224
25.4031
25.0726
24.7439
24.4164
24.0987
23.7836
23.1195
22.8202
22.5245
22.2355
21.9539
21.6866
21.1371
20.8928
20.6583
20.4304
20.2125
19.9982
19.5601
19.3623
19.1691
18.9797
18.7915
18.6063
18.2162
18.038
17.8594
17.6842
17.5096
17.3367
16.9662
16.7968
16.6283
16.4621
16.2972
16.1326
15.7814
15.6202
15.4587
15.2984
15.138
14.9819
14.647
14.4922
14.3385
14.1863
14.0343
13.8834
13.5636
13.4155
13.2692
13.1236
12.979
12.8348
12.529
12.388
12.2467
12.1087
11.9701
11.8327
11.5403
11.4049
11.2706
11.1359
11.0045
10.8724
10.5921
10.4625
10.3335
10.2058
10.0785
9.95203
9.68417
9.56054
9.43799
9.31661
9.19686
9.07891
8.83063
8.71843
8.6077
8.49955
8.39515
8.29419
8.0873
7.99517
7.90551
7.82057
7.73746
7.65615
7.48809
7.4121
7.33743
7.26365
7.19146
7.11955
6.96822
6.89917
6.82928
6.76023
6.69179
6.62544
6.48128
6.41516
6.34918
6.28366
6.21838
6.15336
6.01553
5.9515
5.88833
5.82534
5.76291
5.70046
5.56816
5.50705
5.44605
5.38571
5.32552
5.26565
5.13851
5.07979
5.02149
4.96372
4.90561
4.8481
4.72601
4.66957
4.61337
4.55745
4.5018
4.44661
4.32899
4.2744
4.22022
4.16613
4.11263
4.05931
3.94583
3.8932
3.84099
3.78921
3.73777
3.68643
3.57805
3.5283
3.47895
3.43033
3.38264
3.33565
3.23905
3.19618
3.15555
3.11628
3.00941
2.89568
2.67792
2.58683
2.5017
2.42231
2.3478
2.27758
2.13908
2.07966
2.02306
1.96871
1.91734
1.86768
1.76783
1.72434
1.68303
1.64291
1.60425
1.56671
1.49058
1.45686
1.42417
1.39292
1.36309
1.33401
1.27365
1.24664
1.22057
1.19566
1.1712
1.14733
1.09793
1.0758
1.05412
1.0329
1.01204
0.991804
0.950216
0.931699
0.913718
0.896309
0.879414
0.863155
