-2.23892
-2.50699
-2.80805
-3.1658
-3.59267
-4.07323
-4.59596
-5.16072
-5.77268
-6.44368
-7.20575
-8.12233
-9.2222
-10.4622
-11.8146
-13.2804
-14.8753
-16.6342
-18.6516
-21.1055
-24.0647
-27.4147
-31.0951
-35.1297
-39.5895
-44.6235
-50.5876
-58.1211
-67.5697
-78.8953
-92.4631
-109.266
-131.188
-161.97
-209.544
-285.297
-380.655
-411.562
-278.155
-7.08849
264.048
397.785
368.451
276.611
204.415
158.388
127.821
105.792
88.8431
75.2249
64.1899
55.5764
48.8365
43.1956
38.2366
33.7774
29.7274
26.0562
22.8305
20.1672
17.9733
16.0545
14.3127
12.7112
11.2331
9.87806
8.67819
7.6772
6.83833
6.09373
5.41078
4.77716
4.188
3.64646
3.11696
2.18276
1.64506
1.28555
1.02593
0.831411
-2.23985
-2.50597
-2.508
-2.80688
-2.80923
-3.16438
-3.16721
-3.59102
-3.59432
-4.07141
-4.07504
-4.594
-4.59792
-5.1586
-5.16284
-5.77038
-5.77499
-6.44112
-6.44624
-7.20276
-7.20874
-8.11868
-8.12599
-9.21795
-9.22646
-10.4575
-10.4669
-11.8095
-11.8197
-13.2749
-13.2859
-14.8692
-14.8813
-16.6275
-16.641
-18.6437
-18.6596
-21.0956
-21.1153
-24.0533
-24.0762
-27.402
-27.4274
-31.0812
-31.109
-35.1144
-35.145
-39.5725
-39.6065
-44.6039
-44.643
-50.5637
-50.6115
-58.0905
-58.1518
-67.5323
-67.6072
-78.8508
-78.9399
-92.4092
-92.5171
-109.197
-109.334
-131.097
-131.28
-161.835
-162.104
-209.327
-209.762
-284.967
-285.627
-380.343
-380.965
-411.715
-411.407
-278.926
-277.38
-8.15893
-6.01829
263.244
264.85
397.626
397.942
368.758
368.143
276.926
276.296
204.623
204.207
158.521
158.256
127.913
127.729
105.861
105.724
88.8976
88.7887
75.2692
75.1806
64.2253
64.1545
55.6036
55.5492
48.8585
48.8146
43.2146
43.1766
38.2535
38.2197
33.7928
33.7621
29.7413
29.7134
26.0687
26.0437
22.8412
22.8198
20.1758
20.1585
17.9806
17.9659
16.061
16.0479
14.3187
14.3067
12.7167
12.7056
11.2383
11.228
9.8827
9.87341
8.68218
8.67421
7.68047
7.67393
6.84116
6.8355
6.0963
6.09117
5.41315
5.4084
4.77936
4.77495
4.19005
4.18595
3.64831
3.64461
3.12157
3.11236
2.18519
2.18034
1.6466
1.64352
1.28665
1.28445
1.02674
1.02512
0.832024
-2.24772
-2.49735
-2.51667
-2.79694
-2.81925
-3.15234
-3.17933
-3.57704
-3.60837
-4.05602
-4.09048
-4.57736
-4.61462
-5.14061
-5.1809
-5.75082
-5.79462
-6.41943
-6.46805
-7.17746
-7.23423
-8.08776
-8.15714
-9.18189
-9.26268
-10.4178
-10.5068
-11.7664
-11.8629
-13.2281
-13.3329
-14.8182
-14.9326
-16.5705
-16.6984
-18.5763
-18.7275
-21.0125
-21.199
-23.9561
-24.1737
-27.2943
-27.5355
-30.9633
-31.2273
-34.9848
-35.275
-39.4282
-39.7514
-44.4384
-44.8095
-50.3611
-50.8158
-57.8311
-58.4136
-67.2149
-67.9267
-78.4737
-79.3195
-91.9523
-92.9773
-108.62
-109.918
-130.32
-132.067
-160.702
-163.257
-207.496
-211.63
-282.171
-288.445
-377.678
-383.594
-412.932
-410.008
-285.623
-270.513
-17.2458
3.0691
256.334
271.591
396.181
399.189
371.342
365.521
279.615
273.633
206.409
202.455
159.657
157.135
128.7
126.951
106.449
105.14
89.3622
88.3281
75.6474
74.8053
64.5273
63.8554
55.8359
55.319
49.0459
48.6284
43.3765
43.0157
38.3977
38.076
33.9232
33.6321
29.86
29.5952
26.1755
25.9374
22.9322
22.7295
20.2495
20.0854
18.0431
17.9037
16.117
15.9921
14.37
14.2556
12.764
12.6585
11.2819
11.1846
9.92228
9.83401
8.71612
8.64048
7.70838
7.6462
6.86524
6.81152
6.11814
6.06939
5.43333
5.38827
4.79814
4.75623
4.20748
4.16858
3.66409
3.62891
3.16114
3.07368
2.20596
2.15991
1.65981
1.63055
1.29605
1.27516
1.0337
1.01824
0.837246
-2.27375
-2.31177
-2.35033
-2.38939
-2.42896
-2.46919
-2.54537
-2.58745
-2.63041
-2.67418
-2.71892
-2.76468
-2.85253
-2.90176
-2.9524
-3.0045
-3.05805
-3.11326
-3.21963
-3.27918
-3.34023
-3.40261
-3.46635
-3.5314
-3.6549
-3.72316
-3.79234
-3.86249
-3.93359
-4.0057
-4.14151
-4.21603
-4.29149
-4.36774
-4.44484
-4.5229
-4.66978
-4.75038
-4.83181
-4.91415
-4.99753
-5.08177
-5.24055
-5.32761
-5.41584
-5.50503
-5.59531
-5.68686
-5.85955
-5.95449
-6.0509
-6.14859
-6.24792
-6.34868
-6.54032
-6.64642
-6.7549
-6.86563
-6.97894
-7.09527
-7.31907
-7.44482
-7.57448
-7.70789
-7.84541
-7.98728
-8.26087
-8.41418
-8.57158
-8.73235
-8.89655
-9.06425
-9.38265
-9.55846
-9.73718
-9.91818
-10.1017
-10.2878
-10.6387
-10.8313
-11.0264
-11.2237
-11.4232
-11.6253
-12.0059
-12.2146
-12.4261
-12.6398
-12.856
-13.0751
-13.488
-13.7146
-13.9443
-14.1767
-14.4122
-14.6512
-15.1022
-15.3505
-15.6029
-15.8589
-16.1192
-16.3844
-16.8887
-17.1691
-17.4551
-17.7482
-18.0487
-18.3577
-18.9538
-19.2893
-19.636
-19.9933
-20.3626
-20.7429
-21.478
-21.8899
-22.313
-22.7457
-23.1877
-23.6392
-24.4973
-24.9714
-25.4536
-25.9426
-26.4388
-26.9423
-27.8932
-28.416
-28.9459
-29.4829
-30.0267
-30.5777
-31.6188
-32.1913
-32.7716
-33.3598
-33.9563
-34.5612
-35.7056
-36.336
-36.976
-37.6259
-38.2861
-38.9574
-40.2318
-40.9369
-41.6551
-42.3878
-43.1351
-43.8989
-45.3635
-46.1823
-47.0235
-47.8894
-48.7822
-49.7045
-51.5
-52.5193
-53.5762
-54.6727
-55.8108
-56.9907
-59.288
-60.5867
-61.9263
-63.3061
-64.7255
-66.1836
-68.9898
-70.5595
-72.1689
-73.8193
-75.5114
-77.2469
-80.5834
-82.4526
-84.3732
-86.347
-88.3767
-90.4684
-94.5162
-96.8002
-99.1594
-101.599
-104.127
-106.749
-111.874
-114.797
-117.845
-121.022
-124.342
-127.818
-134.71
-138.708
-142.922
-147.369
-152.067
-157.057
-167.166
-173.144
-179.55
-186.402
-193.763
-201.682
-217.924
-227.589
-237.936
-249.004
-260.774
-273.18
-297.811
-311.817
-326.155
-340.644
-354.852
-368.697
-391.608
-401.744
-409.626
-414.953
-417.074
-415.809
-404.102
-392.429
-376.889
-357.33
-333.852
-306.459
-247.051
-210.766
-172.162
-131.695
-89.7237
-47.0802
32.8747
75.5544
117.287
158.016
196.615
232.958
292.523
319.528
342.981
362.663
378.438
390.318
402.24
403.361
401.279
396.356
388.738
379.124
356.743
343.579
329.634
315.697
301.978
288.642
265.054
253.273
242.094
231.599
221.729
212.477
196.9
189.313
182.229
175.579
169.349
163.497
153.547
148.616
143.956
139.535
135.339
131.347
124.442
120.957
117.622
114.425
111.359
108.417
103.254
100.609
98.0602
95.5986
93.2176
90.9141
86.8339
84.7292
82.6855
80.7024
78.7773
76.9084
73.5876
71.8725
70.2101
68.5993
67.0414
65.5371
62.8879
61.5328
60.2299
58.9774
57.7716
56.6128
54.5745
53.5302
52.5206
51.542
50.5925
49.6699
48.0228
47.1644
46.326
45.5048
44.7011
43.913
42.4907
41.743
41.0082
40.2857
39.5747
38.8752
37.6067
36.9372
36.2775
35.6273
34.9866
34.355
33.207
32.5999
32.0011
31.4103
30.8277
30.253
29.2086
28.6565
28.1124
27.5764
27.0486
26.5295
25.5911
25.0981
24.6159
24.1444
23.6837
23.2354
22.4364
22.023
21.623
21.2353
20.859
20.4951
19.8478
19.5126
19.1858
18.867
18.5552
18.2503
17.7009
17.4119
17.128
16.8486
16.5735
16.3022
15.8098
15.5489
15.2918
15.038
14.787
14.5395
14.0885
13.8491
13.6128
13.3794
13.1483
12.9203
12.5044
12.2835
12.0654
11.8498
11.6365
11.426
11.0425
10.839
10.6384
10.4406
10.2455
10.0533
9.70556
9.52246
9.34331
9.16788
8.99636
8.82918
8.53092
8.3762
8.22614
8.0805
7.93881
7.80129
7.55606
7.42843
7.30379
7.18186
7.0622
6.94507
6.73324
6.62142
6.51143
6.40298
6.29592
6.19037
5.99817
5.89628
5.79548
5.69595
5.59742
5.50007
5.32239
5.22791
5.13455
5.04217
4.95064
4.86018
4.69494
4.60714
4.52017
4.43423
4.34921
4.26505
4.11177
4.03041
3.95022
3.87115
3.7931
3.71639
3.57772
3.50484
3.4336
3.36399
3.29621
3.23007
2.95149
2.78882
2.64211
2.50923
2.38821
2.27711
2.09471
2.00567
1.92262
1.84509
1.77266
1.70452
1.58872
1.53064
1.47535
1.42361
1.37469
1.32767
1.24532
1.20398
1.16489
1.12775
1.09168
1.05696
0.996018
0.965002
0.935295
0.906966
0.880144
0.854587
