-2.41917
-2.70553
-3.05025
-3.49248
-3.9927
-4.52989
-5.10529
-5.72342
-6.3898
-7.13582
-8.08556
-9.27576
-10.5906
-12.0032
-13.5227
-15.1603
-16.9419
-19.016
-21.7579
-25.0647
-28.6824
-32.6028
-36.8776
-41.5704
-46.8629
-53.5369
-62.6696
-73.7789
-86.8581
-102.819
-123.349
-151.843
-196.969
-281.59
-423.259
-515.277
-369.389
-7.08553
354.756
500.246
409.105
273.32
193.817
149.205
120.296
99.3956
83.1371
69.8461
59.2259
51.5901
45.5927
40.3313
35.5806
31.247
27.2627
23.635
20.644
18.379
16.4282
14.6338
12.969
11.421
9.97904
8.67571
7.63494
6.80826
6.06502
5.37212
4.72328
4.11331
3.54542
2.9132
2.03556
1.54162
1.20834
-2.42013
-2.70446
-2.7066
-3.04887
-3.05164
-3.49081
-3.49414
-3.99089
-3.99452
-4.52795
-4.53184
-5.10321
-5.10738
-5.72118
-5.72566
-6.38737
-6.39223
-7.13296
-7.13868
-8.08175
-8.08937
-9.27135
-9.28017
-10.5858
-10.5953
-11.9981
-12.0083
-13.5172
-13.5282
-15.1543
-15.1662
-16.9353
-16.9485
-19.0078
-19.0242
-21.7471
-21.7688
-25.0526
-25.0769
-28.6693
-28.6956
-32.5885
-32.6171
-36.8619
-36.8932
-41.5531
-41.5877
-46.8427
-46.883
-53.5095
-53.5643
-62.6338
-62.7055
-73.737
-73.8209
-86.8081
-86.9081
-102.756
-102.881
-123.266
-123.432
-151.722
-151.963
-196.764
-197.175
-281.195
-281.987
-422.733
-423.785
-515.316
-515.238
-370.382
-368.395
-8.4576
-5.71372
353.742
355.767
500.207
500.283
409.643
408.566
273.691
272.947
194.016
193.617
149.325
149.084
120.381
120.212
99.4593
99.332
83.1881
83.086
69.8882
69.804
59.2575
59.1943
51.6131
51.5671
45.6122
45.5733
40.3487
40.3139
35.5964
35.5648
31.2615
31.2324
27.2761
27.2494
23.6468
23.6231
20.6529
20.635
18.3862
18.3718
16.4347
16.4216
14.6398
14.6278
12.9746
12.9634
11.4263
11.4158
9.98388
9.97419
8.67989
8.67153
7.63809
7.63179
6.81097
6.80555
6.06753
6.06252
5.37446
5.36977
4.72547
4.72108
4.11538
4.11125
3.54731
3.54354
2.91775
2.90867
2.03771
2.03342
1.54302
1.54023
1.20934
-2.42848
-2.6951
-2.71593
-3.03684
-3.06379
-3.47626
-3.50879
-3.97504
-4.0104
-4.51096
-4.54885
-5.08499
-5.12565
-5.7016
-5.74528
-6.36612
-6.41354
-7.108
-7.16383
-8.04853
-8.12287
-9.23275
-9.31883
-10.5442
-10.6371
-11.9534
-12.0531
-13.4691
-13.5764
-15.1025
-15.2183
-16.8779
-17.0064
-18.9364
-19.0965
-21.6528
-21.8639
-24.9463
-25.1838
-28.5544
-28.8109
-32.4637
-32.7423
-36.7254
-37.0302
-41.4022
-41.7394
-46.6673
-47.06
-53.2712
-53.8064
-62.3217
-63.0198
-73.3713
-74.1895
-86.3728
-87.3477
-102.212
-103.43
-122.545
-124.162
-150.674
-153.032
-194.945
-199.035
-277.778
-285.504
-418.007
-428.5
-515.54
-514.838
-378.951
-359.612
-20.4742
6.29972
344.777
364.438
499.7
500.439
414.295
403.837
276.97
269.724
195.791
191.889
150.39
148.036
121.126
119.477
100.019
98.7777
83.6356
82.6413
70.2582
69.4369
59.5362
58.9197
51.8149
51.3672
45.7829
45.4035
40.5016
40.1616
35.7352
35.4265
31.3886
31.1057
27.3934
27.1324
23.7511
23.5197
20.7317
20.5571
18.4493
18.3091
16.4917
16.3647
14.6927
14.5751
13.0236
12.9145
11.4719
11.3702
10.0264
9.93186
8.7166
8.63518
7.66577
7.60447
6.83468
6.7819
6.08945
6.04065
5.39499
5.34929
4.74472
4.70184
4.13348
4.09318
3.56382
3.52712
2.95804
2.86989
2.05675
2.01485
1.55531
1.52809
1.21808
-2.45612
-2.49671
-2.53757
-2.57919
-2.62157
-2.66458
-2.74719
-2.79357
-2.84162
-2.89157
-2.94357
-2.99794
-3.10458
-3.16563
-3.22864
-3.29356
-3.36024
-3.42829
-3.55747
-3.62892
-3.7012
-3.77428
-3.84818
-3.92281
-4.06306
-4.13987
-4.21744
-4.2959
-4.37509
-4.45503
-4.60519
-4.68747
-4.7705
-4.85446
-4.93944
-5.02519
-5.18624
-5.27472
-5.36386
-5.45415
-5.54531
-5.63732
-5.81046
-5.90531
-6.00155
-6.0986
-6.19697
-6.29634
-6.48425
-6.58812
-6.69408
-6.80227
-6.91315
-7.02694
-7.24824
-7.37496
-7.50722
-7.64533
-7.78981
-7.94062
-8.23494
-8.4014
-8.57242
-8.74711
-8.92507
-9.10576
-9.4473
-9.63503
-9.82525
-10.0172
-10.2113
-10.4074
-10.7757
-10.9772
-11.1812
-11.3875
-11.5959
-11.8063
-12.2016
-12.4185
-12.6379
-12.8596
-13.0838
-13.3108
-13.7369
-13.9705
-14.2069
-14.4455
-14.6871
-14.9321
-15.3915
-15.6443
-15.9002
-16.1591
-16.4223
-16.6896
-17.1983
-17.4814
-17.7729
-18.0712
-18.3818
-18.7048
-19.3408
-19.7082
-20.0924
-20.4942
-20.9123
-21.3451
-22.1805
-22.6475
-23.1238
-23.6074
-24.0995
-24.5979
-25.5369
-26.053
-26.575
-27.1036
-27.6371
-28.1772
-29.1936
-29.7528
-30.3183
-30.89
-31.4685
-32.0543
-33.1582
-33.7658
-34.3813
-35.0058
-35.6368
-36.2772
-37.4847
-38.1491
-38.8236
-39.5095
-40.2023
-40.9081
-42.2427
-42.981
-43.7346
-44.503
-45.2891
-46.096
-47.6546
-48.5373
-49.4587
-50.4236
-51.4347
-52.5016
-54.6231
-55.8536
-57.141
-58.4806
-59.8703
-61.3046
-64.068
-65.6148
-67.1999
-68.8218
-70.4802
-72.1765
-75.4177
-77.23
-79.0872
-80.9913
-82.9476
-84.9546
-88.8185
-90.9963
-93.2457
-95.5661
-97.963
-100.445
-105.272
-108.015
-110.878
-113.854
-116.964
-120.206
-126.619
-130.317
-134.228
-138.339
-142.697
-147.301
-156.661
-162.18
-168.152
-174.585
-181.604
-189.243
-205.38
-215.412
-226.488
-238.708
-252.157
-266.854
-297.512
-316.082
-335.782
-356.773
-378.59
-401.789
-444.204
-465.391
-484.201
-499.179
-509.36
-514.867
-511.363
-501.933
-486.783
-465.627
-438.539
-405.308
-328.813
-280.286
-227.682
-173.342
-117.007
-60.0716
45.835
102.682
158.568
213.335
265.858
314.159
390.823
423.634
450.44
471.317
486.452
496.25
499.627
494.107
483.926
468.844
450.707
429.661
388.093
365.693
344.416
324.302
305.523
288.12
259.525
245.818
233.282
221.863
211.373
201.899
186.368
178.91
171.973
165.584
159.635
154.037
144.648
139.968
135.547
131.37
127.4
123.628
117.11
113.809
110.65
107.618
104.698
101.896
96.9774
94.4543
92.0091
89.6479
87.3547
85.1348
81.1923
79.1421
77.1519
75.2139
73.3295
71.4956
68.2445
66.5658
64.9449
63.3891
61.8986
60.4768
58.0358
56.8138
55.655
54.554
53.5014
52.4925
50.7176
49.8015
48.9076
48.0372
47.185
46.3513
44.8476
44.0545
43.2755
42.5101
41.7531
41.0098
39.6626
38.9497
38.2469
37.554
36.8706
36.1962
34.9728
34.3239
33.6845
33.0519
32.4278
31.8112
30.6907
30.0944
29.5062
28.9251
28.3494
27.782
26.7495
26.2017
25.6625
25.1316
24.6096
24.0982
23.1834
22.711
22.2544
21.8171
21.3977
20.9975
20.3047
19.9529
19.614
19.2871
18.9694
18.6596
18.104
17.8108
17.5223
17.239
16.9581
16.6813
16.1775
15.91
15.6446
15.3827
15.1242
14.8681
14.4016
14.1533
13.9075
13.6649
13.4243
13.1869
12.7534
12.5228
12.2942
12.0686
11.8446
11.6233
11.2197
11.0049
10.792
10.5816
10.3734
10.1673
9.79312
9.59494
9.39987
9.20876
9.02135
8.83918
8.51716
8.35223
8.19402
8.04255
7.89755
7.75867
7.51491
7.38916
7.26643
7.14648
7.02899
6.91331
6.70419
6.59335
6.48385
6.37536
6.26817
6.16206
5.96868
5.86573
5.76352
5.66254
5.56227
5.46304
5.28194
5.18553
5.08987
4.9952
4.90154
4.80846
4.63869
4.54819
4.45818
4.36916
4.28089
4.19353
4.03376
3.94882
3.86465
3.78143
3.69935
3.61867
3.47353
3.39797
3.32502
3.25484
3.18532
3.09393
2.74989
2.59466
2.45795
2.33539
2.22446
2.12222
1.95543
1.87352
1.79682
1.7256
1.65923
1.59684
1.48893
1.43506
1.38462
1.33714
1.29143
1.24745
