-2.21496
-2.42492
-2.65271
-2.90812
-3.20447
-3.54514
-3.92103
-4.32479
-4.75459
-5.21179
-5.69928
-6.22285
-6.7949
-7.44213
-8.19959
-9.0745
-10.0419
-11.0833
-12.1946
-13.3799
-14.6479
-16.015
-17.5176
-19.2317
-21.2535
-23.5992
-26.2033
-29.0214
-32.0507
-35.3133
-38.848
-42.7241
-47.0808
-52.1906
-58.3981
-65.836
-74.4545
-84.3592
-95.8942
-109.677
-126.723
-148.767
-179.013
-222.996
-286.289
-363.433
-415.802
-379.59
-230.703
-7.08849
216.597
365.383
402.055
351.748
277.557
217.334
175.056
145.347
123.343
106.206
92.304
80.6884
70.8329
62.5631
55.8222
50.2958
45.5593
41.3392
37.4976
33.9617
30.6866
27.6516
24.8688
22.3996
20.2975
18.503
16.9084
15.446
14.0852
12.8114
11.6163
10.4976
9.46399
8.54044
7.7464
7.05971
6.44225
5.87088
5.3352
4.83027
4.35361
3.90564
3.4922
2.98756
2.24993
1.78165
1.44952
1.19991
1.00504
0.84994
-2.21588
-2.42393
-2.4259
-2.65163
-2.6538
-2.90689
-2.90936
-3.20302
-3.20591
-3.54351
-3.54677
-3.91926
-3.9228
-4.3229
-4.32667
-4.75259
-4.7566
-5.20965
-5.21392
-5.697
-5.70157
-6.22039
-6.22532
-6.79217
-6.79764
-7.43898
-7.44529
-8.19589
-8.2033
-9.07032
-9.07869
-10.0374
-10.0465
-11.0785
-11.0882
-12.1894
-12.1998
-13.3744
-13.3855
-14.6419
-14.6538
-16.0085
-16.0215
-17.5104
-17.5249
-19.2233
-19.2401
-21.2436
-21.2634
-23.588
-23.6105
-26.191
-26.2156
-29.0081
-29.0346
-32.0365
-32.0649
-35.298
-35.3286
-38.8313
-38.8647
-42.7057
-42.7426
-47.0597
-47.102
-52.1652
-52.216
-58.3672
-58.429
-65.7997
-65.8723
-74.4128
-74.4962
-84.3111
-84.4074
-95.8375
-95.9509
-109.608
-109.746
-126.637
-126.81
-148.652
-148.882
-178.851
-179.176
-222.757
-223.236
-285.958
-286.62
-363.091
-363.775
-415.715
-415.888
-380.01
-379.168
-231.599
-229.812
-8.15893
-6.01829
215.698
217.495
364.957
365.805
402.127
401.981
352.069
351.426
277.872
277.241
217.564
217.105
175.215
174.896
145.461
145.233
123.43
123.256
106.276
106.137
92.3612
92.2469
80.7367
80.6401
70.874
70.792
62.597
62.5293
55.8496
55.7948
50.3188
50.2729
45.5795
45.5392
41.3574
41.321
37.5143
37.481
33.9771
33.9463
30.7009
30.6723
27.6648
27.6384
24.8808
24.8569
22.4099
22.3892
20.3062
20.2887
18.5106
18.4954
16.9153
16.9015
15.4524
15.4396
14.0912
14.0793
12.817
12.8058
11.6216
11.6111
10.5025
10.4927
9.46844
9.45955
8.54433
8.53655
7.74972
7.74308
7.06264
7.05679
6.44493
6.43957
5.87338
5.86838
5.33755
5.33285
4.83249
4.82805
4.3557
4.35151
3.9076
3.90369
3.49398
3.49042
2.99189
2.98325
2.2525
2.24736
1.7834
1.7799
1.45081
1.44823
1.2009
1.19892
1.00584
1.00425
0.850563
-2.22301
-2.41631
-2.43355
-2.64326
-2.66222
-2.89733
-2.919
-3.19186
-3.21715
-3.53091
-3.55942
-3.90559
-3.93652
-4.30831
-4.34131
-4.73707
-4.77216
-5.19314
-5.23049
-5.67934
-5.71928
-6.20132
-6.24445
-6.77105
-6.81887
-7.41461
-7.46985
-8.16727
-8.2321
-9.03792
-9.11122
-10.0021
-10.0818
-11.0408
-11.126
-12.1492
-12.2401
-13.3315
-13.4285
-14.5959
-14.7
-15.9586
-16.0716
-17.4548
-17.5809
-19.1585
-19.3054
-21.167
-21.3406
-23.501
-23.6978
-26.096
-26.311
-28.9058
-29.1372
-31.9265
-32.1753
-35.1793
-35.4477
-38.7021
-38.9944
-42.5628
-42.8861
-46.8962
-47.2666
-51.9694
-52.4134
-58.1288
-58.6695
-65.5191
-66.1548
-74.0903
-74.8207
-83.9392
-84.7817
-95.4
-96.3919
-109.078
-110.281
-125.968
-127.486
-147.769
-149.779
-177.601
-180.447
-220.915
-225.103
-283.401
-289.193
-360.43
-366.418
-415.002
-416.448
-383.174
-375.817
-238.486
-222.86
-16.4458
2.26795
208.684
224.403
361.576
368.988
402.606
401.33
354.572
348.914
280.33
274.806
219.355
215.341
176.452
173.678
146.351
144.355
124.108
122.585
106.815
105.603
92.8061
91.8056
81.1125
80.2668
71.1928
70.4755
62.8609
62.268
56.063
55.5832
50.4972
50.0957
45.7358
45.3836
41.4984
41.1805
37.6436
37.3522
34.0965
33.8273
30.8116
30.5619
27.7672
27.5364
24.9736
24.7646
22.4905
22.3093
20.3741
20.2213
18.5697
18.4367
16.9688
16.8483
15.5019
15.3903
14.1374
14.0332
12.8603
12.7626
11.6622
11.5706
10.5404
10.455
9.50299
9.42512
8.57456
8.50653
7.77552
7.71745
7.08537
7.03416
6.46574
6.41885
5.89278
5.84903
5.35579
5.31464
4.84971
4.81086
4.37195
4.33531
3.92278
3.88857
3.50779
3.47669
3.02578
2.95022
2.27265
2.22766
1.79707
1.76642
1.4609
1.43842
1.20862
1.19131
1.01201
0.998137
0.8554
-2.24406
-2.27347
-2.30312
-2.3331
-2.36336
-2.39401
-2.4562
-2.4879
-2.51994
-2.55245
-2.58535
-2.6188
-2.68719
-2.72223
-2.75799
-2.79438
-2.8315
-2.86943
-2.94764
-2.98807
-3.02949
-3.07181
-3.11514
-3.15934
-3.25056
-3.29752
-3.34543
-3.3942
-3.4438
-3.49411
-3.59688
-3.6493
-3.70246
-3.75625
-3.81066
-3.86555
-3.97708
-4.03364
-4.09084
-4.14858
-4.20685
-4.26555
-4.38455
-4.44484
-4.50575
-4.56719
-4.62918
-4.69161
-4.81814
-4.88225
-4.94702
-5.01237
-5.07821
-5.14474
-5.27942
-5.34769
-5.41672
-5.48639
-5.55662
-5.62765
-5.77165
-5.84475
-5.91874
-5.99353
-6.06905
-6.14554
-6.30109
-6.38035
-6.46086
-6.54253
-6.62524
-6.70944
-6.88188
-6.97043
-7.06087
-7.15321
-7.24733
-7.34368
-7.54287
-7.64597
-7.75168
-7.85996
-7.97057
-8.08395
-8.31773
-8.43825
-8.56135
-8.68661
-8.81383
-8.94327
-9.20754
-9.34235
-9.47916
-9.6176
-9.75742
-9.89902
-10.1863
-10.3321
-10.4796
-10.6285
-10.7786
-10.9304
-11.2377
-11.3937
-11.5509
-11.7097
-11.8698
-12.0315
-12.3591
-12.5252
-12.693
-12.8625
-13.0332
-13.2059
-13.5555
-13.7329
-13.9124
-14.0936
-14.2763
-14.4613
-14.8365
-15.027
-15.22
-15.4153
-15.6126
-15.8127
-16.2199
-16.4278
-16.639
-16.8535
-17.0709
-17.2926
-17.7471
-17.981
-18.2203
-18.4647
-18.7142
-18.9702
-19.4998
-19.7744
-20.0563
-20.3454
-20.641
-20.944
-21.5699
-21.8925
-22.2223
-22.5581
-22.9
-23.2469
-23.9567
-24.3191
-24.6871
-25.0597
-25.4362
-25.8179
-26.593
-26.9868
-27.3856
-27.7883
-28.1953
-28.6065
-29.4405
-29.8645
-30.2928
-30.7256
-31.1629
-31.6047
-32.5014
-32.9575
-33.4185
-33.8846
-34.3557
-34.8322
-35.7999
-36.2928
-36.7916
-37.2963
-37.8073
-38.3246
-39.3781
-39.9161
-40.4614
-41.0147
-41.576
-42.1461
-43.3115
-43.9101
-44.5203
-45.1409
-45.7742
-46.4209
-47.7556
-48.4477
-49.1571
-49.885
-50.6325
-51.4011
-53.0027
-53.8393
-54.7003
-55.5871
-56.4995
-57.4367
-59.3854
-60.3993
-61.4383
-62.5018
-63.5895
-64.7018
-66.9935
-68.177
-69.3843
-70.6152
-71.8706
-73.151
-75.7839
-77.142
-78.5273
-79.9397
-81.3826
-82.8564
-85.8943
-87.4657
-89.0726
-90.7181
-92.4024
-94.1277
-97.7057
-99.566
-101.476
-103.441
-105.46
-107.542
-111.879
-114.154
-116.503
-118.93
-121.437
-124.033
-129.509
-132.404
-135.411
-138.546
-141.816
-145.218
-152.476
-156.371
-160.466
-164.745
-169.257
-173.999
-184.284
-189.873
-195.781
-202.038
-208.65
-215.633
-230.753
-238.955
-247.591
-256.644
-266.159
-276.014
-296.821
-307.724
-318.803
-330.111
-341.415
-352.539
-373.868
-383.786
-392.784
-400.687
-407.291
-412.352
-417.08
-416.279
-413.554
-408.598
-401.16
-391.564
-365.174
-348.264
-328.961
-307.346
-283.756
-258.088
-201.701
-171.346
-139.775
-107.322
-74.2238
-40.7767
26.5623
60.0529
93.0595
125.448
157.194
187.574
243.878
269.721
293.416
314.717
333.886
350.818
377.546
387.388
394.715
399.821
402.787
403.369
398.873
394.157
387.737
380.209
371.529
361.804
341.328
330.38
319.468
308.674
298.068
287.685
267.766
258.395
249.384
240.758
232.568
224.767
210.272
203.56
197.239
191.249
185.571
180.185
170.186
165.54
161.12
156.9
152.87
149.022
141.822
138.433
135.178
132.048
129.038
126.139
120.649
118.04
115.516
113.075
110.712
108.423
104.053
101.955
99.9167
97.9365
96.0092
94.1308
90.5222
88.7819
87.0855
85.4293
83.8119
82.2303
79.1812
77.707
76.2661
74.8586
73.4837
72.1413
69.5565
68.3095
67.095
65.9138
64.7643
63.647
61.5109
60.4889
59.4985
58.5371
57.604
56.6997
54.9694
54.139
53.3319
52.5451
51.7774
51.0276
49.5799
48.8778
48.1897
47.5141
46.8511
46.1996
44.9297
44.309
43.6979
43.0953
42.5016
41.916
40.77
40.2075
39.6518
39.1032
38.5615
38.0261
36.9756
36.4589
35.9479
35.4428
34.9433
34.4495
33.479
33.0008
32.5278
32.06
31.597
31.139
30.2389
29.7954
29.3568
28.9231
28.4941
28.0701
27.238
26.8291
26.4256
26.0275
25.6348
25.2487
24.4953
24.1277
23.7677
23.4142
23.0682
22.7301
22.0769
21.762
21.4543
21.1543
20.8613
20.5761
20.025
19.7581
19.4975
19.2418
18.9908
18.7448
18.2653
18.031
17.8004
17.5727
17.3482
17.1269
16.6925
16.4789
16.2679
16.0591
15.8524
15.6481
15.246
15.0477
14.8516
14.6571
14.4644
14.2739
13.8983
13.7128
13.5293
13.3472
13.1668
12.9883
12.6361
12.4621
12.29
12.1191
11.9498
11.7823
11.4519
11.2888
11.1275
10.9675
10.8093
10.6525
10.3445
10.1929
10.0432
9.89526
9.74928
9.60555
9.32468
9.18745
9.05295
8.92074
8.79111
8.66446
8.41916
8.30049
8.18463
8.07127
7.96042
7.85225
7.64278
7.54107
7.44155
7.34357
7.24734
7.1528
6.9681
6.8776
6.78847
6.70031
6.61319
6.52726
6.3582
6.27491
6.19258
6.11094
6.03008
5.95011
5.79239
5.71447
5.63736
5.56078
5.48486
5.40971
5.26132
5.18792
5.11526
5.04308
4.97149
4.90059
4.76052
4.69123
4.62261
4.55445
4.48687
4.41996
4.28784
4.22268
4.15797
4.09387
4.03041
3.9677
3.84429
3.78363
3.72365
3.66446
3.60611
3.54872
3.43665
3.38209
3.3285
3.27606
3.22468
3.12874
2.85653
2.73545
2.62363
2.51993
2.42369
2.33396
2.17178
2.09779
2.02755
1.96087
1.89804
1.83817
1.72766
1.67613
1.62722
1.58013
1.53479
1.49125
1.4103
1.37232
1.33556
1.29962
1.26506
1.23179
1.16937
1.14012
1.11154
1.08371
1.05671
1.03046
0.980424
0.956559
0.933576
0.911366
0.889999
0.869748
