-1.80402
-1.99555
-2.19789
-2.41263
-2.64401
-2.90543
-3.2196
-3.58738
-3.99014
-4.41908
-4.87396
-5.35686
-5.87047
-6.42126
-7.02812
-7.74286
-8.61118
-9.59922
-10.6657
-11.8004
-13.0067
-14.292
-15.6664
-17.1585
-18.8577
-20.9317
-23.4095
-26.1596
-29.1166
-32.2837
-35.687
-39.3626
-43.3799
-47.9152
-53.4151
-60.3707
-68.6906
-78.2326
-89.2213
-102.201
-118.064
-138.337
-166.011
-207.423
-273.108
-366.267
-448.994
-431.16
-268.722
-7.05782
254.475
415.97
434.41
353.548
265.043
203.151
162.967
135.304
114.807
98.721
85.5518
74.4259
65.003
57.3978
51.4506
46.4876
42.0823
38.0633
34.3576
30.9186
27.7163
24.7588
22.143
19.9938
18.2059
16.6087
15.1279
13.7417
12.4394
11.2139
10.064
9.00731
8.09605
7.34415
6.68918
6.08605
5.51935
4.98383
4.47648
3.99575
3.54683
3.13997
2.30223
1.79877
1.45162
1.19519
0.993542
0.83628
0.704203
0.590562
-1.80483
-1.9947
-1.9964
-2.19699
-2.1988
-2.41166
-2.41359
-2.64296
-2.64507
-2.9042
-2.90667
-3.21811
-3.22109
-3.58569
-3.58906
-3.98834
-3.99195
-4.41716
-4.421
-4.87193
-4.876
-5.35471
-5.35902
-5.86817
-5.87277
-6.41877
-6.42376
-7.02529
-7.03094
-7.73944
-7.74629
-8.60711
-8.61526
-9.59475
-9.60369
-10.6609
-10.6705
-11.7953
-11.8055
-13.0013
-13.0121
-14.2862
-14.2978
-15.6602
-15.6726
-17.1517
-17.1653
-18.8497
-18.8658
-20.9218
-20.9417
-23.398
-23.4209
-26.1471
-26.1721
-29.1033
-29.1299
-32.2694
-32.2979
-35.6717
-35.7023
-39.346
-39.3792
-43.3615
-43.3982
-47.8939
-47.9366
-53.3883
-53.442
-60.3373
-60.404
-68.6519
-68.7293
-78.1884
-78.2768
-89.1698
-89.2728
-102.139
-102.263
-117.988
-118.141
-138.236
-138.438
-165.867
-166.154
-207.2
-207.647
-272.758
-273.459
-365.834
-366.699
-448.794
-449.191
-431.546
-430.771
-269.674
-267.769
-8.26114
-5.85476
253.488
255.46
415.583
416.354
434.611
434.208
353.967
353.129
265.369
264.718
203.365
202.937
163.108
162.826
135.406
135.202
114.885
114.729
98.7836
98.6584
85.6041
85.4995
74.4705
74.3813
65.0401
64.9659
57.427
57.3688
51.4738
51.4274
46.5077
46.4675
42.1005
42.0641
38.08
38.0466
34.3731
34.3421
30.933
30.9043
27.7297
27.7029
24.771
24.7466
22.1534
22.1327
20.0022
19.9854
18.2131
18.1986
16.6153
16.602
15.1341
15.1218
13.7475
13.7358
12.4449
12.4339
11.2191
11.2088
10.0688
10.0591
9.01163
9.00299
8.09963
8.09247
7.34715
7.34116
6.69188
6.68647
6.08858
6.08352
5.52174
5.51697
4.9861
4.98157
4.47863
4.47434
3.99777
3.99372
3.54868
3.54498
3.14474
3.13521
2.30491
2.29955
1.80055
1.79699
1.4529
1.45034
1.19617
1.19422
0.994316
0.992768
0.836892
0.835669
0.704737
0.703668
0.591023
-1.81129
-1.98788
-2.00324
-2.18977
-2.20604
-2.40398
-2.42129
-2.63455
-2.65353
-2.89432
-2.91661
-3.20621
-3.23308
-3.57226
-3.60255
-3.97393
-4.00639
-4.40184
-4.43635
-4.85569
-4.89228
-5.33746
-5.37627
-5.84981
-5.8912
-6.39884
-6.44367
-7.00277
-7.0536
-7.71214
-7.77384
-8.57464
-8.64793
-9.55904
-9.63951
-10.6228
-10.7089
-11.7548
-11.8461
-12.9582
-13.0554
-14.2401
-14.3439
-15.6108
-15.7223
-17.0973
-17.2201
-18.7854
-18.9307
-20.8425
-21.0216
-23.3069
-23.5124
-26.0481
-26.2717
-28.9972
-29.2363
-32.1558
-32.4119
-35.5493
-35.825
-39.2134
-39.5122
-43.2152
-43.5455
-47.7238
-48.108
-53.1748
-53.6581
-60.0716
-60.6719
-68.3432
-69.0399
-77.8356
-78.6316
-88.7596
-89.6859
-101.648
-102.759
-117.376
-118.759
-137.435
-139.25
-164.729
-167.31
-205.429
-209.457
-269.976
-276.287
-362.367
-370.19
-447.129
-450.703
-434.518
-427.502
-277.501
-260.064
-17.897
3.76038
245.496
263.285
412.396
419.336
436.135
432.552
357.313
349.601
268.003
262.104
205.093
201.239
164.249
161.693
136.225
134.394
115.51
114.11
99.2864
98.1601
86.0249
85.0826
74.8278
74.0261
65.3384
64.6706
57.661
57.1381
51.6602
51.2425
46.6692
46.3067
42.2464
41.9185
38.2139
37.9131
34.497
34.2185
31.0483
30.7893
27.8372
27.5961
24.8688
24.6493
22.2368
22.0502
20.0697
19.9184
18.2713
18.1407
16.6686
16.5489
15.1838
15.0725
13.7941
13.6893
12.4888
12.3901
11.2604
11.1676
10.1073
10.0207
9.04632
8.96853
8.12836
8.06395
7.37137
7.31716
6.71358
6.66485
6.10884
6.06332
5.54087
5.49789
5.00421
4.96355
4.49579
4.45722
4.014
3.97755
3.56353
3.53018
3.16463
3.09748
2.32654
2.27829
1.81493
1.78286
1.46322
1.44018
1.20404
1.18645
1.00054
0.98661
0.841796
0.830792
0.709028
0.699404
0.594723
-1.83055
-1.85757
-1.8848
-1.91223
-1.93985
-1.9677
-2.02365
-2.05215
-2.08083
-2.10979
-2.13898
-2.1684
-2.22762
-2.25781
-2.28826
-2.31897
-2.34996
-2.38128
-2.44428
-2.47655
-2.50919
-2.54228
-2.5758
-2.60985
-2.67885
-2.71456
-2.75099
-2.78831
-2.82643
-2.86548
-2.94646
-2.98892
-3.03266
-3.07772
-3.12386
-3.1713
-3.26901
-3.31983
-3.37171
-3.42458
-3.47821
-3.53264
-3.64283
-3.69941
-3.75644
-3.81411
-3.87236
-3.93121
-4.04957
-4.10996
-4.17084
-4.23222
-4.29409
-4.35653
-4.48207
-4.54622
-4.61062
-4.67573
-4.74143
-4.80767
-4.9408
-5.00872
-5.07725
-5.14637
-5.21609
-5.28649
-5.42785
-5.49998
-5.57295
-5.64649
-5.72072
-5.79555
-5.94618
-6.02334
-6.10128
-6.18007
-6.25969
-6.34022
-6.50316
-6.58708
-6.67215
-6.75882
-6.84695
-6.93679
-7.12153
-7.21798
-7.3171
-7.41901
-7.524
-7.63223
-7.85687
-7.97512
-8.0966
-8.22125
-8.3489
-8.4792
-8.74572
-8.88356
-9.02302
-9.16475
-9.30833
-9.4535
-9.74634
-9.8962
-10.0476
-10.2004
-10.3544
-10.5101
-10.8228
-10.9822
-11.1432
-11.3056
-11.4695
-11.635
-11.9672
-12.1368
-12.308
-12.4807
-12.6549
-12.8307
-13.1843
-13.3651
-13.5474
-13.7311
-13.9168
-14.1039
-14.4816
-14.6743
-14.8689
-15.0652
-15.2638
-15.4647
-15.8703
-16.0779
-16.2883
-16.5016
-16.7176
-16.9372
-17.3842
-17.6158
-17.8519
-18.0943
-18.343
-18.5975
-19.1261
-19.4047
-19.6922
-19.989
-20.2951
-20.6101
-21.262
-21.6026
-21.9511
-22.3069
-22.6698
-23.0381
-23.7862
-24.1709
-24.5611
-24.9544
-25.3525
-25.7555
-26.5676
-26.983
-27.4021
-27.8254
-28.2526
-28.6839
-29.5535
-29.9979
-30.4469
-30.8993
-31.3574
-31.82
-32.7521
-33.2289
-33.7107
-34.1978
-34.6898
-35.1879
-36.191
-36.7052
-37.2247
-37.7514
-38.2836
-38.8221
-39.9096
-40.4686
-41.0354
-41.6098
-42.1925
-42.7839
-43.9865
-44.6076
-45.2417
-45.8882
-46.5501
-47.2264
-48.6244
-49.3588
-50.1175
-50.9013
-51.7116
-52.5509
-54.3098
-55.2439
-56.209
-57.2064
-58.235
-59.293
-61.4772
-62.6193
-63.7852
-64.9772
-66.1946
-67.4356
-69.9702
-71.2841
-72.6229
-73.9883
-75.3788
-76.7966
-79.6976
-81.2039
-82.7434
-84.3119
-85.9146
-87.5558
-90.9286
-92.6883
-94.493
-96.3479
-98.2509
-100.206
-104.249
-106.375
-108.569
-110.834
-113.169
-115.581
-120.622
-123.292
-126.077
-128.966
-131.973
-135.102
-141.709
-145.28
-149.014
-152.94
-157.094
-161.438
-170.848
-176.021
-181.484
-187.362
-193.657
-200.321
-215.007
-223.197
-232.034
-241.412
-251.378
-261.963
-284.9
-297.434
-310.5
-323.835
-337.673
-351.927
-380.598
-394.742
-408.152
-420.682
-431.921
-441.405
-454.273
-457.584
-457.853
-455.363
-450.114
-442.171
-416.713
-399.176
-378.4
-355.648
-329.479
-300.125
-235.387
-199.769
-162.916
-124.842
-85.8207
-46.4205
32.2363
71.5458
110.577
148.61
185.571
221.05
285.815
314.771
341.212
364.524
384.777
401.96
427.127
435.27
440.485
443.017
442.78
439.776
426.7
417.712
406.495
394.118
380.882
367.109
339.616
325.879
312.6
299.796
287.616
275.994
254.519
244.553
235.165
226.319
218.084
210.368
196.348
189.925
183.849
178.168
172.793
167.721
158.417
154.103
149.999
146.067
142.318
138.717
132.042
128.886
125.846
122.925
120.119
117.407
112.301
109.853
107.49
105.191
102.964
100.801
96.7012
94.7176
92.7864
90.9058
89.0731
87.2868
83.861
82.1939
80.5652
78.9746
77.4203
75.9004
72.9836
71.5658
70.1809
68.8293
67.5162
66.2378
63.8073
62.6401
61.5135
60.4254
59.3763
58.3657
56.4661
55.5601
54.6857
53.8381
53.0162
52.2204
50.6981
49.9583
49.2363
48.5288
47.8347
47.1529
45.833
45.1846
44.5461
43.9164
43.2953
42.6818
41.4894
40.9006
40.3187
39.7436
39.1753
38.6139
37.5187
36.9766
36.4404
35.9103
35.3856
34.8667
33.8535
33.3514
32.8534
32.3616
31.8747
31.3921
30.4498
29.9814
29.5177
29.0598
28.6062
28.1575
27.2805
26.8462
26.4165
25.9925
25.5735
25.1612
24.3622
23.9707
23.5871
23.2112
22.8446
22.4878
21.8089
21.4823
21.1657
20.8587
20.5611
20.2725
19.7223
19.4557
19.1959
18.9406
18.6905
18.4452
17.9698
17.7355
17.504
17.2757
17.0505
16.8275
16.3921
16.1761
15.9618
15.7498
15.5401
15.3323
14.926
14.7239
14.5233
14.3247
14.1283
13.9334
13.5517
13.362
13.174
12.9877
12.803
12.6199
12.2607
12.0824
11.9055
11.7301
11.5562
11.3835
11.0459
10.8782
10.7119
10.5471
10.384
10.2225
9.90727
9.75136
9.59741
9.44581
9.29642
9.1499
8.86751
8.72999
8.59581
8.46514
8.33821
8.2149
7.98052
7.86745
7.75744
7.65008
7.54542
7.44355
7.24654
7.15014
7.05512
6.96158
6.86945
6.77833
6.60094
6.51291
6.42576
6.33951
6.25404
6.16929
6.00353
5.92086
5.83905
5.75801
5.67768
5.59791
5.44148
5.3636
5.28633
5.2097
5.13362
5.05815
4.91019
4.83639
4.76319
4.69051
4.61853
4.54694
4.40658
4.33663
4.26722
4.19836
4.13006
4.06238
3.92975
3.86385
3.79871
3.73423
3.67065
3.60792
3.48662
3.42716
3.36902
3.31219
3.25684
3.20273
2.98909
2.84794
2.71878
2.60105
2.49294
2.3934
2.21691
2.13597
2.06063
1.98966
1.92249
1.85875
1.74206
1.68824
1.63703
1.5877
1.5402
1.49464
1.41079
1.37182
1.33418
1.29763
1.26218
1.22788
1.16387
1.13327
1.10322
1.07415
1.04618
1.01932
0.968632
0.944412
0.921076
0.898622
0.877194
0.85648
0.816438
0.796804
0.777533
0.758624
0.740077
0.721892
0.68687
0.669766
0.653024
0.636683
0.620891
0.605539
