-2.56034
-2.84404
-3.20571
-3.64718
-4.1263
-4.63665
-5.18059
-5.76156
-6.38312
-7.06909
-7.92855
-9.02344
-10.2358
-11.5302
-12.9132
-14.3942
-15.9814
-17.719
-19.8422
-22.6398
-25.8293
-29.2649
-32.9642
-36.9695
-41.3324
-46.1727
-52.0642
-60.1691
-70.1167
-81.5912
-95.1668
-111.841
-133.505
-164.088
-214.051
-305.828
-443.8
-503.233
-345.693
-7.15485
330.749
487.668
428.025
295.291
210.142
161.66
130.706
108.627
91.6008
77.7569
66.1351
56.9756
50.3801
44.9591
40.1089
35.6815
31.6155
27.85
24.3692
21.3576
19.0887
17.2041
15.4727
13.8584
12.3495
10.937
9.61384
8.42968
7.50488
6.75201
6.06164
5.41338
4.80322
4.2264
3.68227
3.19997
2.3073
1.73889
1.3667
1.09827
-2.56133
-2.84287
-2.84521
-3.20417
-3.20725
-3.64544
-3.64891
-4.12445
-4.12815
-4.63467
-4.63864
-5.17849
-5.18269
-5.75932
-5.7638
-6.38071
-6.38554
-7.06631
-7.07188
-7.92484
-7.93225
-9.01906
-9.02781
-10.2311
-10.2404
-11.5252
-11.5352
-12.9079
-12.9186
-14.3885
-14.3999
-15.9753
-15.9876
-17.712
-17.7259
-19.833
-19.8515
-22.6284
-22.6512
-25.8169
-25.8417
-29.2516
-29.2782
-32.9499
-32.9786
-36.9539
-36.9852
-41.3154
-41.3495
-46.1533
-46.1921
-52.0387
-52.0896
-60.1347
-60.2035
-70.0769
-70.1565
-81.5449
-81.6375
-95.1113
-95.2224
-111.77
-111.911
-133.411
-133.599
-163.949
-164.227
-213.797
-214.305
-305.397
-306.26
-443.267
-444.332
-503.393
-503.07
-346.715
-344.669
-8.49265
-5.81633
329.725
331.771
487.522
487.812
428.535
427.514
295.718
294.865
210.381
209.904
161.8
161.52
130.802
130.611
108.699
108.555
91.6578
91.5438
77.8044
77.7094
66.1745
66.0958
57.0043
56.947
50.4021
50.3581
44.9781
44.9401
40.1261
40.0916
35.6974
35.6657
31.6302
31.6008
27.8636
27.8364
24.3815
24.3568
21.3675
21.3478
19.0962
19.0813
17.2109
17.1974
15.4789
15.4665
13.8642
13.8525
12.355
12.3441
10.9421
10.9319
9.61857
9.6091
8.43368
8.4257
7.5079
7.50186
6.75468
6.74934
6.06413
6.05915
5.41573
5.41103
4.80544
4.80101
4.2285
4.22431
3.68423
3.68031
3.20148
3.19846
2.31003
2.30457
1.74055
1.73723
1.36783
1.36557
1.09915
-2.56974
-2.83293
-2.8552
-3.19113
-3.2204
-3.6307
-3.66368
-4.10874
-4.14389
-4.61779
-4.65536
-5.16065
-5.20057
-5.74026
-5.7829
-6.3602
-6.40608
-7.04276
-7.09564
-7.89348
-7.96387
-8.98195
-9.06503
-10.1913
-10.2803
-11.4828
-11.5778
-12.8625
-12.9641
-14.3399
-14.4486
-15.923
-16.04
-17.6532
-17.7852
-19.7548
-19.9305
-22.5317
-22.7481
-25.7119
-25.947
-29.1388
-29.3914
-32.8279
-33.1009
-36.8214
-37.1188
-41.1708
-41.4945
-45.9901
-46.3573
-51.823
-52.3086
-59.8441
-60.4969
-69.739
-70.496
-81.1524
-82.0324
-94.6413
-95.6966
-111.176
-112.511
-132.618
-134.421
-162.778
-165.421
-211.668
-216.494
-301.749
-309.997
-438.72
-448.728
-504.62
-501.554
-355.232
-335.809
-19.867
5.57794
320.927
340.154
486.141
488.894
432.957
423.134
299.375
291.331
212.42
207.873
162.999
160.331
131.62
129.803
109.313
107.937
92.14
91.0615
78.2079
77.3075
66.5106
65.7621
57.2493
56.7047
50.5894
50.1734
45.1405
44.7787
40.2732
39.945
35.8322
35.5313
31.7545
31.4761
27.979
27.7206
24.487
24.2517
21.4512
21.2651
19.1599
19.0179
17.2681
17.1402
15.5319
15.4138
13.9138
13.8031
12.4017
12.2978
10.9858
10.8885
9.659
9.5689
8.46779
8.39196
7.53362
7.47631
6.77743
6.72665
6.08538
6.03806
5.43574
5.39106
4.82429
4.7822
4.24634
4.2065
3.70088
3.66379
3.21451
3.18548
2.33347
2.28162
1.75484
1.72322
1.37755
1.3559
1.1066
-2.59676
-2.63621
-2.6761
-2.71703
-2.75905
-2.80199
-2.88763
-2.93594
-2.98632
-3.03886
-3.09332
-3.15014
-3.26267
-3.32454
-3.38788
-3.45226
-3.51754
-3.58387
-3.71101
-3.77929
-3.84827
-3.91771
-3.98796
-4.05891
-4.19435
-4.26709
-4.34052
-4.41458
-4.48929
-4.56458
-4.709
-4.78649
-4.86482
-4.94369
-5.02341
-5.10388
-5.25805
-5.34083
-5.42423
-5.50849
-5.59369
-5.67962
-5.84429
-5.93263
-6.02195
-6.11196
-6.20294
-6.29508
-6.47207
-6.56786
-6.66529
-6.76407
-6.86505
-6.96864
-7.17263
-7.2863
-7.4049
-7.52861
-7.65894
-7.79505
-8.067
-8.21909
-8.37511
-8.53519
-8.69852
-8.86441
-9.18472
-9.35741
-9.53158
-9.70753
-9.88529
-10.0646
-10.4082
-10.5925
-10.7788
-10.9664
-11.1566
-11.3477
-11.7143
-11.9111
-12.1099
-12.3105
-12.5135
-12.7182
-13.1102
-13.321
-13.5343
-13.7491
-13.9657
-14.1857
-14.6051
-14.8309
-15.0592
-15.2893
-15.5222
-15.7571
-16.2084
-16.452
-16.6991
-16.95
-17.2055
-17.4675
-17.9775
-18.2601
-18.5528
-18.8569
-19.1762
-19.5106
-20.1876
-20.5683
-20.9652
-21.3745
-21.794
-22.2251
-23.0601
-23.5126
-23.9719
-24.4352
-24.9039
-25.378
-26.2854
-26.7744
-27.2673
-27.7659
-28.2699
-28.7785
-29.7548
-30.2789
-30.8108
-31.3478
-31.8905
-32.44
-33.494
-34.0613
-34.6361
-35.2178
-35.8061
-36.4009
-37.5462
-38.1626
-38.7874
-39.4205
-40.061
-40.7115
-41.9614
-42.6383
-43.327
-44.0266
-44.7403
-45.4699
-46.8914
-47.6791
-48.4925
-49.3375
-50.2194
-51.1464
-53.0316
-54.1089
-55.2384
-56.4185
-57.6528
-58.9273
-61.4424
-62.8256
-64.2377
-65.6874
-67.1639
-68.6682
-71.5924
-73.1861
-74.8161
-76.481
-78.1817
-79.9205
-83.3161
-85.1739
-87.0947
-89.0566
-91.0791
-93.1568
-97.2339
-99.5075
-101.838
-104.251
-106.742
-109.313
-114.453
-117.355
-120.372
-123.493
-126.741
-130.136
-137.072
-140.983
-145.152
-149.542
-154.177
-159.142
-169.384
-175.415
-181.934
-189.022
-196.757
-205.159
-223.668
-234.827
-246.986
-260.378
-274.839
-290.239
-322.573
-341.456
-361.576
-381.973
-402.989
-423.984
-461.82
-478.438
-491.752
-501.053
-506.122
-506.975
-495.01
-482.284
-464.258
-441.825
-414.347
-380.949
-305.709
-259.222
-210.285
-159.98
-108.519
-56.3905
42.1961
94.1534
145.674
195.743
244.673
291.167
366.232
399.173
427.142
449.97
467.248
480.111
491.36
490.531
485.132
475.721
462.583
445.859
408.979
388.706
367.986
347.938
328.883
311.134
280.551
266.044
252.779
240.665
229.47
219.095
201.786
193.779
186.347
179.354
172.924
166.944
156.586
151.6
146.91
142.498
138.295
134.308
127.268
123.798
120.483
117.305
114.231
111.3
106.035
103.404
100.864
98.4071
96.0259
93.7081
89.5453
87.4285
85.3603
83.3595
81.4044
79.5109
76.0423
74.2669
72.5357
70.8443
69.2022
67.6022
64.7124
63.2554
61.8608
60.5271
59.2563
58.053
55.9475
54.9127
53.9296
52.9789
52.0698
51.1914
49.5919
48.7741
47.9749
47.1917
46.4212
45.6639
44.2663
43.5413
42.8277
42.1251
41.4296
40.7463
39.4785
38.8182
38.1679
37.5265
36.8919
36.2658
35.1039
34.4992
33.9015
33.312
32.7295
32.1537
31.0819
30.5251
29.973
29.4252
28.8853
28.3498
27.3545
26.8358
26.3229
25.8172
25.3175
24.8262
23.9194
23.4534
22.9996
22.5597
22.1337
21.7263
21.0064
20.6499
20.3091
19.9845
19.6696
19.3669
18.8174
18.5344
18.258
17.9863
17.7174
17.4517
16.9589
16.7022
16.4485
16.1971
15.9485
15.7023
15.2452
15.0061
14.7694
14.5351
14.3025
14.0734
13.6459
13.4224
13.2012
12.9823
12.7655
12.5509
12.1507
11.9417
11.7346
11.5298
11.3268
11.1252
10.7503
10.5539
10.3597
10.1677
9.97731
9.78925
9.4418
9.26133
9.08418
8.91121
8.74253
8.57902
8.2861
8.14072
8.00159
7.8684
7.74032
7.61746
7.39587
7.2823
7.1715
7.06319
6.95609
6.85045
6.65446
6.55212
6.45098
6.35099
6.25184
6.15355
5.97069
5.8749
5.77966
5.68595
5.59259
5.49987
5.32756
5.23733
5.14796
5.05954
4.97182
4.88473
4.72231
4.63711
4.55279
4.46911
4.38596
4.30357
4.14983
4.06937
3.9895
3.91047
3.83216
3.75452
3.61108
3.53667
3.46373
3.39273
3.32389
3.25829
3.14359
2.99475
2.82187
2.66868
2.53302
2.41136
2.21144
2.11752
2.03051
1.94965
1.87352
1.802
1.67986
1.6199
1.56316
1.5094
1.45806
1.40959
1.32549
1.28326
1.24254
1.20357
1.1665
1.13081
