-2.82916
-3.42095
-4.15784
-4.98864
-5.92076
-6.99868
-8.42205
-10.2623
-12.362
-14.7264
-17.4511
-21.002
-25.7714
-31.3366
-37.7115
-45.2226
-55.2048
-69.7587
-88.9184
-115.241
-156.64
-239.317
-407.334
-429.03
-7.22599
414.538
394.676
233.518
153.528
111.916
85.2555
66.1181
52.998
43.8582
36.3904
29.9652
24.4027
20.0612
16.8761
14.1762
11.7857
9.66665
7.93613
6.65403
5.56935
4.59888
3.72718
2.70029
1.68544
1.16373
-2.83034
-3.41935
-3.42255
-4.15599
-4.15968
-4.98657
-4.9907
-5.91843
-5.92309
-6.99587
-7.0015
-8.41812
-8.42597
-10.2577
-10.267
-12.3567
-12.3672
-14.7205
-14.7324
-17.444
-17.4581
-20.9921
-21.012
-25.7592
-25.7836
-31.3226
-31.3505
-37.6953
-37.7276
-45.203
-45.2423
-55.1762
-55.2334
-69.7193
-69.798
-88.8667
-88.9702
-115.166
-115.315
-156.512
-156.769
-239.029
-239.606
-406.895
-407.772
-429.509
-428.525
-8.46888
-5.98315
414.041
415.032
395.107
394.244
233.793
233.244
153.656
153.4
111.992
111.841
85.3079
85.2032
66.156
66.0801
53.0227
52.9732
43.8773
43.8391
36.4066
36.3742
29.9793
29.9511
24.4146
24.3908
20.0697
20.0528
16.8829
16.8693
14.1821
14.1702
11.791
11.7804
9.67128
9.66203
7.93957
7.93269
6.65675
6.65131
5.57175
5.56694
4.60105
4.59672
3.72909
3.72526
2.70397
2.69662
1.68704
1.68384
1.16467
-2.84306
-3.40223
-3.43978
-4.13619
-4.17956
-4.96442
-5.01293
-5.89344
-5.94818
-6.96572
-7.0319
-8.37613
-8.46831
-10.2078
-10.3171
-12.3006
-12.4235
-14.6571
-14.7961
-17.3685
-17.5343
-20.8861
-21.1191
-25.628
-25.9154
-31.1729
-31.5009
-37.5226
-37.9012
-44.993
-45.4539
-54.871
-55.5428
-69.2978
-70.2228
-88.3136
-89.5286
-114.368
-116.124
-155.145
-158.161
-235.966
-242.744
-402.174
-412.475
-434.687
-422.998
-21.7262
7.37481
408.497
420.183
399.719
389.582
236.754
230.336
155.038
152.042
112.81
111.034
85.8736
84.643
66.5662
65.6746
53.2899
52.7088
44.0831
43.6345
36.5811
36.2005
30.131
29.8
24.5431
24.2631
20.1615
19.9619
16.956
16.7966
14.2462
14.1063
11.8481
11.7236
9.72111
9.61247
7.97678
7.89589
6.68602
6.62217
5.59763
5.54115
4.62435
4.57349
3.74976
3.70469
2.74406
2.65789
1.7044
1.66682
1.17486
-2.89356
-2.97356
-3.05787
-3.14658
-3.23954
-3.3365
-3.50769
-3.61332
-3.72154
-3.83216
-3.94485
-4.05962
-4.25745
-4.37759
-4.49975
-4.62405
-4.75035
-4.87879
-5.10007
-5.23454
-5.37134
-5.5107
-5.65249
-5.79695
-6.04667
-6.19916
-6.3552
-6.51534
-6.68006
-6.85027
-7.15243
-7.34325
-7.54422
-7.7565
-7.98023
-8.21551
-8.63558
-8.89734
-9.16686
-9.44362
-9.72637
-10.015
-10.5135
-10.8166
-11.1252
-11.4394
-11.7588
-12.0838
-12.6442
-12.985
-13.332
-13.6855
-14.0454
-14.4121
-15.0461
-15.4331
-15.8287
-16.2343
-16.6504
-17.0789
-17.8357
-18.3106
-18.8094
-19.3359
-19.8928
-20.4816
-21.5446
-22.2145
-22.91
-23.6282
-24.3659
-25.1217
-26.4326
-27.2326
-28.0488
-28.881
-29.7296
-30.5948
-32.0909
-33.004
-33.9363
-34.8886
-35.8617
-36.8564
-38.5837
-39.6436
-40.731
-41.8486
-42.9996
-44.1881
-46.2916
-47.6155
-49.0072
-50.4796
-52.0442
-53.714
-56.7777
-58.7501
-60.8325
-63.0186
-65.3027
-67.6823
-71.9021
-74.54
-77.2807
-80.1325
-83.1017
-86.2024
-91.7451
-95.2548
-98.9481
-102.845
-106.967
-111.341
-119.362
-124.58
-130.192
-136.257
-142.842
-150.032
-163.811
-173.211
-183.785
-195.698
-209.258
-224.683
-255.575
-277.002
-300.83
-326.765
-354.62
-383.464
-429.739
-451.865
-466.727
-472.502
-467.694
-451.571
-398.152
-350.498
-292.08
-224.419
-150.767
-73.3808
59.0676
136.411
210.09
277.435
336.046
383.585
437.108
453.189
458.195
452.779
438.137
416.579
371.373
343.483
316.722
291.857
269.246
248.891
219.601
204.861
191.849
180.263
169.941
160.652
146.941
139.741
133.127
127.019
121.354
116.084
107.971
103.541
99.3659
95.4178
91.6748
88.1181
82.5056
79.3735
76.381
73.522
70.7944
68.1985
64.1345
61.9092
59.8253
57.8784
56.0593
54.3557
51.7016
50.2294
48.8209
47.4664
46.1599
44.894
42.8467
41.6743
40.532
39.4175
38.3296
37.2665
35.5304
34.529
33.5486
32.5885
31.6479
30.7264
29.2169
28.3448
27.491
26.6563
25.8421
25.0503
23.7744
23.0562
22.3712
21.7211
21.1069
20.5262
19.6152
19.1073
18.6192
18.1471
17.6891
17.2434
16.5159
16.0963
15.6852
15.2818
14.8862
14.4978
13.8594
13.4893
13.1257
12.7681
12.417
12.0718
11.5038
11.1743
10.8507
10.5329
10.2217
9.91725
9.42187
9.1397
8.86798
8.60757
8.3599
8.12475
7.7555
7.55015
7.35324
7.16351
6.97978
6.80113
6.50972
6.34156
6.17661
6.01458
5.85547
5.69906
5.44139
5.29168
5.14433
4.99915
4.85632
4.71566
4.48361
4.34867
4.21586
4.08515
3.95684
3.83103
3.62547
3.50779
3.39381
3.28371
3.17802
2.91253
2.51694
2.3283
2.16441
2.01994
1.89095
1.77482
1.60328
1.51299
1.4296
1.35378
1.28267
1.21601
