-2.0779
-2.43268
-2.84505
-3.36008
-3.98851
-4.70342
-5.50241
-6.40669
-7.4841
-8.85491
-10.5142
-12.3975
-14.5139
-16.939
-19.902
-23.7159
-28.3
-33.5398
-39.5479
-46.6942
-55.9545
-68.4676
-84.5715
-105.603
-135.386
-183.238
-267.018
-365.587
-306.01
-6.99213
292.01
353.027
258.672
178.716
131.836
102.047
80.9331
65.1436
53.6569
45.1305
38.1665
32.1762
26.9517
22.5423
19.0966
16.3317
13.9427
11.8203
9.93777
8.34803
7.09157
6.04885
5.12802
4.29914
3.56371
2.53629
1.68431
1.20192
0.890332
0.670077
-2.07878
-2.43168
-2.43368
-2.84385
-2.84626
-3.35856
-3.36161
-3.98673
-3.99029
-4.70143
-4.70541
-5.50018
-5.50464
-6.40412
-6.40926
-7.48092
-7.48728
-8.85088
-8.85895
-10.5096
-10.5189
-12.3923
-12.4028
-14.508
-14.5199
-16.932
-16.9459
-19.8931
-19.9109
-23.7047
-23.727
-28.287
-28.313
-33.5251
-33.5546
-39.5308
-39.565
-46.6732
-46.7153
-55.9261
-55.983
-68.4301
-68.5053
-84.5235
-84.6196
-105.538
-105.667
-135.289
-135.482
-183.073
-183.404
-266.742
-267.294
-365.435
-365.739
-306.527
-305.49
-7.92625
-6.05813
291.491
292.527
353.174
352.878
258.933
258.411
178.875
178.557
131.932
131.74
102.111
101.982
80.981
80.8852
65.1793
65.1079
53.6826
53.6312
45.1505
45.1104
38.1834
38.1496
32.1909
32.1614
26.9645
26.9389
22.5526
22.5319
19.1046
19.0886
16.3384
16.325
13.9486
13.9367
11.8256
11.815
9.9424
9.93315
8.35176
8.3443
7.09454
7.0886
6.05142
6.04628
5.13032
5.12572
4.30121
4.29706
3.5655
3.56193
2.53946
2.53313
1.68593
1.6827
1.20291
1.20093
0.891001
0.889664
0.670589
-2.08762
-2.42174
-2.44367
-2.83186
-2.85833
-3.34339
-3.37687
-3.96897
-4.00812
-4.68153
-4.72538
-5.47791
-5.52698
-6.37852
-6.435
-7.44922
-7.51925
-8.81064
-8.89944
-10.4628
-10.5659
-12.3398
-12.4555
-14.4487
-14.5794
-16.8626
-17.0157
-19.8048
-20.0001
-23.5932
-23.8392
-28.1578
-28.4428
-33.3779
-33.7024
-39.3602
-39.7364
-46.4637
-46.9265
-55.6429
-56.2688
-68.0559
-68.8825
-84.045
-85.1017
-104.895
-106.316
-134.333
-136.455
-181.432
-185.073
-263.999
-270.063
-363.844
-367.192
-311.578
-300.252
-17.2731
3.26647
286.181
297.578
354.568
351.305
261.563
255.794
180.482
176.978
132.899
130.787
102.762
101.338
81.4621
80.4082
65.5378
64.7529
53.9406
53.3768
45.3514
44.9108
38.3533
37.9805
32.3388
32.0142
27.0929
26.8112
22.6566
22.4288
19.1849
19.0088
16.4058
16.258
14.0079
13.8776
11.8785
11.7622
9.98877
9.88701
8.38921
8.30714
7.12435
7.05895
6.07716
6.02063
5.15337
5.10273
4.32198
4.27637
3.58344
3.54412
2.57153
2.50197
1.70223
1.66671
1.21298
1.1911
0.897737
0.883185
0.675731
-2.12095
-2.17186
-2.22369
-2.27637
-2.33004
-2.38482
-2.48148
-2.53946
-2.59896
-2.65999
-2.72283
-2.78767
-2.9042
-2.97537
-3.04922
-3.1258
-3.20514
-3.28734
-3.43471
-3.52394
-3.6155
-3.70927
-3.80516
-3.90297
-4.07541
-4.17827
-4.28297
-4.38936
-4.4975
-4.60753
-4.80065
-4.91554
-5.03249
-5.1513
-5.2721
-5.39512
-5.61142
-5.74043
-5.87208
-6.00627
-6.14331
-6.28355
-6.53244
-6.68253
-6.83712
-6.99656
-7.16152
-7.33224
-7.64098
-7.83036
-8.02722
-8.23143
-8.44303
-8.66181
-9.0529
-9.28908
-9.53124
-9.77861
-10.0312
-10.289
-10.743
-11.0137
-11.2893
-11.5695
-11.8545
-12.1446
-12.6542
-12.9579
-13.2672
-13.5818
-13.9021
-14.2286
-14.8041
-15.1482
-15.5003
-15.8598
-16.2281
-16.6062
-17.2803
-17.689
-18.1126
-18.5508
-19.0062
-19.4799
-20.3392
-20.8669
-21.4159
-21.9848
-22.5732
-23.1802
-24.2639
-24.9165
-25.5851
-26.2681
-26.9654
-27.6775
-28.9329
-29.6831
-30.4475
-31.2268
-32.0214
-32.8311
-34.2609
-35.1162
-35.9896
-36.8822
-37.7947
-38.7279
-40.3856
-41.3848
-42.4116
-43.4705
-44.5624
-45.6904
-47.7311
-48.9844
-50.2933
-51.6631
-53.0974
-54.6025
-57.3612
-59.0713
-60.8577
-62.7212
-64.6599
-66.6751
-70.3172
-72.5414
-74.8474
-77.2365
-79.7139
-82.2841
-86.936
-89.7895
-92.7676
-95.8774
-99.1286
-102.537
-108.801
-112.714
-116.848
-121.235
-125.889
-130.85
-140.197
-146.19
-152.657
-159.644
-167.255
-175.512
-191.545
-202.082
-213.534
-226.01
-239.508
-253.897
-280.658
-297.005
-313.174
-329.228
-344.068
-356.808
-371.592
-374.275
-372.151
-364.03
-349.525
-328.523
-279.164
-241.752
-199.473
-153.153
-103.466
-52.0451
37.947
89.5956
138.807
185.372
227.388
264.466
314.862
335.707
349.987
358.383
361.054
358.644
344.47
332.403
317.994
302.986
287.167
271.641
246.211
232.443
219.585
207.728
196.81
186.724
171.25
163.209
155.787
148.925
142.545
136.617
127.324
122.377
117.719
113.333
109.188
105.256
98.9694
95.5397
92.2741
89.1516
86.1599
83.2979
78.6529
76.0982
73.6477
71.2998
69.0546
66.9089
63.4501
61.5676
59.7789
58.0795
56.4616
54.9241
52.4403
51.0775
49.7694
48.5092
47.2924
46.1143
44.1714
43.083
42.0234
40.9897
39.9811
38.9953
37.3529
36.4248
35.5159
34.6253
33.7527
32.8977
31.4674
30.6572
29.8632
29.0851
28.3234
27.5782
26.338
25.6403
24.962
24.3041
23.667
23.0522
22.0492
21.4954
20.9645
20.4543
19.9632
19.4897
18.7142
18.2811
17.8605
17.4509
17.0509
16.6604
16.0091
15.6398
15.2781
14.9231
14.5744
14.232
13.6577
13.3309
13.0098
12.6941
12.3835
12.0783
11.566
11.2747
10.9889
10.7084
10.4332
10.1641
9.71604
9.46418
9.21963
8.9825
8.75294
8.53172
8.17018
7.97017
7.77747
7.59158
7.41152
7.23723
6.94912
6.78727
6.62904
6.47443
6.32288
6.17429
5.9253
5.78367
5.64459
5.50771
5.3729
5.24029
5.01719
4.88992
4.76467
4.64134
4.51978
4.40027
4.19944
4.08522
3.97319
3.86342
3.75609
3.6514
3.47828
3.38184
3.28892
3.15372
2.9113
2.69832
2.39128
2.23937
2.10353
1.98002
1.86762
1.76553
1.60907
1.52686
1.45046
1.3808
1.31429
1.25199
1.15566
1.10401
1.05513
1.00878
0.964918
0.923684
0.859367
0.824378
0.790416
0.757547
0.725849
0.695322
