-2.38057
-2.72036
-3.13577
-3.6585
-4.25259
-4.90243
-5.61268
-6.39653
-7.3043
-8.46732
-9.88778
-11.4713
-13.2064
-15.1148
-17.2553
-19.8591
-23.2524
-27.2485
-31.6939
-36.6371
-42.2138
-48.8079
-57.5511
-69.2098
-83.5914
-101.655
-125.886
-161.865
-224.705
-341.581
-467.543
-369.861
-7.22599
355.472
453.562
331.042
219.622
158.713
122.673
98.1595
79.8681
65.5902
55.0229
47.2806
40.8952
35.3097
30.3258
25.8579
22.029
19.0781
16.6871
14.5668
12.6411
10.883
9.29698
7.97591
6.94364
6.05653
5.25036
4.50843
3.82594
3.2219
2.14635
1.54305
1.16139
-2.38153
-2.71925
-2.72146
-3.13435
-3.13719
-3.65681
-3.6602
-4.25072
-4.25446
-4.90039
-4.90447
-5.61044
-5.61492
-6.39403
-6.39903
-7.30126
-7.30734
-8.46337
-8.47127
-9.88324
-9.89232
-11.4663
-11.4762
-13.2009
-13.2119
-15.1088
-15.1209
-17.2484
-17.2623
-19.8502
-19.8681
-23.2411
-23.2637
-27.2358
-27.2612
-31.6799
-31.708
-36.6214
-36.6529
-42.1958
-42.2318
-48.7857
-48.8302
-57.5203
-57.5819
-69.1708
-69.2489
-83.5435
-83.6394
-101.593
-101.716
-125.8
-125.972
-161.729
-162.002
-224.447
-224.963
-341.141
-342.021
-467.386
-467.698
-370.618
-369.103
-8.46888
-5.98315
354.697
356.244
453.71
453.413
331.463
330.62
219.869
219.376
158.85
158.579
122.76
122.586
98.2222
98.0968
79.9166
79.8197
65.6277
65.5528
55.0495
54.9964
47.3014
47.2599
40.913
40.8773
35.3255
35.2938
30.34
30.3116
25.8705
25.8453
22.0392
22.0188
19.0859
19.0703
16.6938
16.6804
14.5729
14.5608
12.6466
12.6356
10.8881
10.878
9.30143
9.29254
7.97939
7.97243
6.94647
6.94081
6.05906
6.054
5.25268
5.24803
4.51057
4.50629
3.8279
3.82399
3.22355
3.22025
2.14872
2.14399
1.54445
1.54165
1.16233
-2.39066
-2.70879
-2.73199
-3.12093
-3.15072
-3.64071
-3.67637
-4.23298
-4.27226
-4.88102
-4.92389
-5.58923
-5.6362
-6.37036
-6.42281
-7.2725
-7.33635
-8.42597
-8.50891
-9.84018
-9.93553
-11.419
-11.5237
-13.1491
-13.2639
-15.0515
-15.1784
-17.1827
-17.3283
-19.7654
-19.9537
-23.1343
-23.371
-27.1154
-27.3821
-31.5464
-31.8419
-36.4723
-36.8025
-42.0256
-42.403
-48.5749
-49.0428
-57.2294
-57.8764
-68.801
-69.621
-83.0898
-84.0969
-101.008
-102.307
-124.984
-126.799
-160.442
-163.312
-222.021
-227.439
-336.983
-346.229
-465.816
-469.054
-377.909
-361.741
-20.1894
5.82181
347.232
363.419
455.044
451.883
335.467
326.636
222.234
217.061
160.158
157.307
123.595
121.762
98.8211
97.5039
80.3785
79.3615
65.9855
65.1989
55.303
54.7455
47.4995
47.0632
41.0831
40.708
35.4762
35.1438
30.4752
30.177
25.9908
25.7256
22.1365
21.9224
19.1602
18.9965
16.7578
16.6167
14.6306
14.5032
12.6993
12.5831
10.9361
10.8301
9.34378
9.25043
8.01255
7.93957
6.97339
6.91401
6.08315
6.02997
5.27478
5.226
4.53096
4.48597
3.84649
3.80545
3.23932
3.20459
2.17137
2.12177
1.55785
1.52843
1.17129
-2.4228
-2.47082
-2.51972
-2.56955
-2.62048
-2.67261
-2.76934
-2.82592
-2.88457
-2.94547
-3.00878
-3.07476
-3.19884
-3.27187
-3.34715
-3.42455
-3.50384
-3.58485
-3.73333
-3.81841
-3.90478
-3.99238
-4.08121
-4.17123
-4.33489
-4.4282
-4.52272
-4.61845
-4.71542
-4.81364
-4.99225
-5.09411
-5.19734
-5.30195
-5.40797
-5.51545
-5.71117
-5.82299
-5.9365
-6.05177
-6.16895
-6.28815
-6.5068
-6.63298
-6.76219
-6.89501
-7.0319
-7.17339
-7.43978
-7.59762
-7.76215
-7.93356
-8.11195
-8.29688
-8.64225
-8.84322
-9.04889
-9.25887
-9.47288
-9.6905
-10.0877
-10.3147
-10.5449
-10.7783
-11.0148
-11.2545
-11.6906
-11.9394
-12.1915
-12.4471
-12.7062
-12.9688
-13.447
-13.72
-13.9969
-14.2779
-14.563
-14.8525
-15.381
-15.6838
-15.9921
-16.3064
-16.6272
-16.9553
-17.5628
-17.9173
-18.2839
-18.6646
-19.0608
-19.4742
-20.259
-20.725
-21.2096
-21.7121
-22.2306
-22.7644
-23.7503
-24.319
-24.8985
-25.4881
-26.0876
-26.6967
-27.8079
-28.4433
-29.0882
-29.743
-30.4077
-31.0825
-32.3138
-33.0185
-33.7345
-34.4623
-35.2022
-35.9544
-37.3305
-38.1203
-38.9249
-39.745
-40.5814
-41.4352
-43.0088
-43.9204
-44.8567
-45.8216
-46.818
-47.851
-49.8018
-50.9642
-52.1842
-53.467
-54.8145
-56.2303
-58.9258
-60.5263
-62.1883
-63.9099
-65.6886
-67.5237
-70.9402
-72.9327
-74.9847
-77.0982
-79.2766
-81.5241
-85.7231
-88.1857
-90.739
-93.3862
-96.1362
-98.9978
-104.414
-107.637
-111.012
-114.553
-118.275
-122.198
-129.766
-134.364
-139.257
-144.478
-150.071
-156.097
-168.061
-175.585
-183.844
-192.881
-202.862
-213.885
-236.532
-251.064
-266.961
-284.221
-302.933
-322.847
-361.135
-383.39
-405.25
-426.059
-444.234
-458.743
-472.077
-471.344
-463.946
-449.889
-428.91
-400.982
-333.737
-287.259
-235.343
-179.73
-121.317
-61.2807
46.9789
106.943
165.251
220.947
272.595
319.165
386.417
414.414
435.413
449.493
456.897
457.824
444.872
430.671
413.045
392.62
371.302
349.793
312.937
293.861
276.116
259.671
244.63
230.871
209.29
198.744
189.125
180.321
172.275
164.856
152.987
146.981
141.382
136.143
131.22
126.59
118.948
114.986
111.221
107.637
104.219
100.956
95.4683
92.568
89.7814
87.0992
84.5134
82.0209
77.7822
75.5216
73.3396
71.2352
69.2086
67.2616
63.9845
62.2663
60.6322
59.0808
57.6092
56.212
53.8834
52.6599
51.4854
50.3538
49.2607
48.2015
46.3824
45.3995
44.4398
43.5018
42.5832
41.6834
40.1204
39.2679
38.431
37.609
36.8011
36.0073
34.6224
33.8646
33.1188
32.385
31.6625
30.9514
29.7089
29.0282
28.3583
27.6993
27.0515
26.4154
25.3109
24.7116
24.1276
23.5607
23.0122
22.4835
21.5913
21.121
20.6705
20.239
19.824
19.4241
18.7414
18.3737
18.0152
17.6643
17.3206
16.9833
16.3953
16.0735
15.7567
15.4445
15.137
14.8339
14.3031
14.0116
13.7241
13.4404
13.1606
12.8845
12.4006
12.1346
11.872
11.613
11.3574
11.1052
10.6637
10.4215
10.1831
9.94873
9.71878
9.49362
9.10495
8.89585
8.69342
8.49841
8.31088
8.13069
7.82655
7.66513
7.50931
7.35825
7.2116
7.06856
6.82097
6.68602
6.55347
6.42304
6.2946
6.16801
5.94638
5.82454
5.7043
5.58558
5.46833
5.35255
5.14926
5.03733
4.92673
4.81743
4.70942
4.60267
4.4152
4.31194
4.20997
4.1093
4.00996
3.91207
3.7411
3.64776
3.55636
3.46703
3.38003
3.29535
3.12348
2.90253
2.70859
2.53908
2.389
2.25459
2.04672
1.94401
1.84945
1.76213
1.68105
1.60601
1.4834
1.42042
1.36227
1.30672
1.25392
1.20362
