-1.72698
-2.01921
-2.3348
-2.67826
-3.11021
-3.69553
-4.34479
-5.04922
-5.81627
-6.65365
-7.67078
-9.1126
-10.7552
-12.5419
-14.4938
-16.6287
-19.1396
-22.7828
-27.11
-31.8606
-37.1198
-42.9927
-49.9201
-60.2651
-73.8621
-90.333
-111.593
-141.496
-191.413
-301.612
-482.224
-424.778
-7.01392
409.042
465.553
290.087
188.804
138.916
108.34
86.6783
69.8235
56.9354
48.5735
41.8117
35.8399
30.4926
25.6446
21.4433
18.5234
16.1383
13.9619
11.9709
10.141
8.49706
7.29787
6.34558
5.47236
4.66499
3.91437
3.23426
2.16212
1.52046
1.12862
0.858086
0.657798
-1.72777
-2.01836
-2.02006
-2.33387
-2.33572
-2.67723
-2.67929
-3.10872
-3.1117
-3.69378
-3.69729
-4.3429
-4.34669
-5.04715
-5.05129
-5.81403
-5.81852
-6.65118
-6.65612
-7.66733
-7.67424
-9.10818
-9.11703
-10.7504
-10.76
-12.5367
-12.5472
-14.4881
-14.4995
-16.6224
-16.635
-19.1311
-19.148
-22.7712
-22.7943
-27.0973
-27.1228
-31.8466
-31.8746
-37.1042
-37.1354
-42.9751
-43.0103
-49.8975
-49.9428
-60.2303
-60.2999
-73.8203
-73.9039
-90.2812
-90.3848
-111.524
-111.662
-141.392
-141.599
-191.219
-191.609
-301.168
-302.056
-481.856
-482.588
-425.527
-424.026
-8.35987
-5.66791
408.301
409.779
465.931
465.172
290.495
289.68
188.994
188.615
139.022
138.811
108.411
108.27
86.7314
86.6252
69.866
69.781
56.9641
56.9067
48.5939
48.553
41.8295
41.794
35.8557
35.824
30.5068
30.4783
25.6576
25.6316
21.4532
21.4334
18.5305
18.5163
16.1447
16.1319
13.9678
13.9561
11.9763
11.9656
10.1459
10.136
8.50121
8.49292
7.30071
7.29503
6.34815
6.34301
5.47473
5.47
4.66717
4.66281
3.91641
3.91233
3.23594
3.23258
2.16454
2.15971
1.52183
1.5191
1.12952
1.12772
0.858711
0.857462
0.658296
-1.73551
-2.01005
-2.02839
-2.32486
-2.34474
-2.66725
-2.68934
-3.09425
-3.12626
-3.67665
-3.71444
-4.32446
-4.36519
-5.02702
-5.07147
-5.79214
-5.84047
-6.62718
-6.68032
-7.63395
-7.70823
-9.06509
-9.16028
-10.7036
-10.807
-12.4856
-12.5984
-14.4322
-14.5556
-16.5609
-16.6967
-19.0493
-19.2311
-22.6589
-22.9071
-26.9729
-27.2476
-31.7102
-32.0115
-36.9523
-37.2877
-42.8039
-43.182
-49.6784
-50.1654
-59.8923
-60.6406
-73.4138
-74.3126
-89.7782
-90.892
-110.85
-112.342
-140.392
-142.615
-189.338
-193.531
-296.862
-306.412
-478.106
-485.975
-432.647
-416.507
-21.4797
7.45885
400.875
416.757
469.454
461.3
294.535
285.775
190.862
186.791
140.059
137.786
109.105
107.584
87.2507
86.1097
70.2821
69.3683
57.247
56.6299
48.7936
48.3544
42.0028
41.6218
36.0108
35.6695
30.6464
30.3393
25.7843
25.5054
21.5508
21.3376
18.6002
18.4468
16.2069
16.0699
14.0249
13.8992
12.0287
11.9133
10.1942
10.0879
8.54185
8.4523
7.32854
7.26703
6.37318
6.31808
5.4978
5.44699
4.68846
4.64136
3.93631
3.89248
3.25244
3.21655
2.18831
2.13648
1.53524
1.50586
1.13834
1.11899
0.864818
0.851393
0.663174
-1.76361
-1.80598
-1.84873
-1.89213
-1.93578
-1.98009
-2.05873
-2.10428
-2.15064
-2.19749
-2.24468
-2.2925
-2.37752
-2.42684
-2.47675
-2.52762
-2.57896
-2.63135
-2.72616
-2.78308
-2.84219
-2.90517
-2.97256
-3.04388
-3.17964
-3.26229
-3.34761
-3.43524
-3.52406
-3.61515
-3.77649
-3.87077
-3.96533
-4.06196
-4.15944
-4.25774
-4.43233
-4.53427
-4.6375
-4.74201
-4.84747
-4.95449
-5.14499
-5.25571
-5.36744
-5.48165
-5.59659
-5.7132
-5.91982
-6.04105
-6.16329
-6.28692
-6.41242
-6.53995
-6.76827
-6.90539
-7.04597
-7.19362
-7.3482
-7.51609
-7.83483
-8.03474
-8.24356
-8.45982
-8.68206
-8.90995
-9.31707
-9.55515
-9.79547
-10.0377
-10.2838
-10.5347
-10.9783
-11.2357
-11.4963
-11.7618
-12.0299
-12.3011
-12.7851
-13.0665
-13.3515
-13.6395
-13.9326
-14.2305
-14.7598
-15.067
-15.3788
-15.6952
-16.0147
-16.3402
-16.922
-17.2645
-17.6162
-17.9805
-18.3628
-18.7627
-19.5394
-20.026
-20.5467
-21.0953
-21.6638
-22.2555
-23.3195
-23.9436
-24.5757
-25.2177
-25.8642
-26.5227
-27.7014
-28.3853
-29.077
-29.7783
-30.4934
-31.2172
-32.512
-33.266
-34.0325
-34.8107
-35.5988
-36.4027
-37.8445
-38.685
-39.538
-40.4072
-41.2907
-42.1911
-43.8074
-44.7609
-45.7386
-46.7482
-47.7984
-48.9057
-51.0019
-52.3368
-53.7696
-55.3148
-56.9633
-58.6909
-61.8886
-63.7948
-65.7593
-67.773
-69.8386
-71.9578
-75.8058
-78.0951
-80.4485
-82.8783
-85.3945
-87.9959
-92.7592
-95.635
-98.6275
-101.749
-105.015
-108.43
-114.821
-118.746
-122.88
-127.265
-131.906
-136.882
-146.416
-152.46
-159.015
-166.172
-174.07
-182.834
-200.929
-213.567
-227.367
-243.468
-261.862
-282.041
-322.755
-349.248
-377.579
-406.997
-436.273
-463.563
-497.468
-506.506
-504.467
-496.572
-479.557
-454.894
-386.049
-334.203
-273.552
-207.675
-138.988
-68.7111
54.8779
125.173
193.751
259.266
319.441
371.74
438.739
464.253
480.645
488.731
487.809
479.609
446.386
420.023
390.779
361.902
334.792
310.178
272.208
254.353
237.294
222.606
209.604
198.222
180.466
171.977
164.085
156.713
150.078
144
134.2
129.177
124.44
119.899
115.67
111.676
105.198
101.703
98.3647
95.1526
92.0953
89.173
84.2761
81.6279
79.0476
76.5585
74.1462
71.8084
67.8968
65.7712
63.7407
61.8038
59.99
58.3158
55.6601
54.3018
53.0216
51.8091
50.6484
49.5255
47.6408
46.5995
45.579
44.5751
43.5991
42.636
40.9973
40.0798
39.1827
38.2963
37.4299
36.5754
35.1138
34.2941
33.4902
32.6997
31.9229
31.1536
29.8378
29.0986
28.3718
27.6539
26.9453
26.2475
25.0507
24.3819
23.7344
23.1019
22.4949
21.9153
20.9941
20.5135
20.0681
19.646
19.243
18.8549
18.1991
17.8348
17.4774
17.1247
16.7748
16.4339
15.8448
15.5145
15.1872
14.865
14.5471
14.2338
13.6938
13.3911
13.0927
12.7975
12.5065
12.2195
11.7252
11.4476
11.1733
10.9021
10.6346
10.3695
9.91444
9.65993
9.40848
9.16255
8.92306
8.69254
8.31274
8.11437
7.9275
7.75361
7.58866
7.43118
7.16781
7.02222
6.88021
6.73837
6.60086
6.46393
6.22863
6.09611
5.96549
5.83581
5.70806
5.58189
5.36418
5.24177
5.12074
5.00132
4.883
4.76601
4.5646
4.45111
4.33906
4.22757
4.1176
4.00894
3.82096
3.71548
3.61165
3.50958
3.41013
3.31408
3.15955
3.01594
2.7905
2.59622
2.42725
2.27878
2.05577
1.94477
1.84334
1.74987
1.66481
1.58549
1.45912
1.39369
1.33345
1.27584
1.22145
1.17097
1.088
1.04373
1.00114
0.960918
0.923008
0.887346
0.829654
0.798046
0.767359
0.737566
0.708795
0.681143
