-1.82668
-2.08367
-2.3606
-2.66469
-3.02562
-3.48271
-4.01002
-4.58371
-5.20389
-5.87622
-6.61462
-7.47832
-8.5868
-9.90648
-11.3563
-12.9286
-14.6377
-16.513
-18.6742
-21.4494
-24.8734
-28.7003
-32.8925
-37.5074
-42.6533
-48.6518
-56.4855
-66.8404
-79.3708
-94.5347
-113.8
-140.068
-180.173
-251.456
-369.97
-458.057
-336.406
-7.05782
321.495
443.178
357.104
244.626
176.881
137.055
110.494
90.948
75.5711
63.2452
54.0731
47.1785
41.3594
36.1946
31.5341
27.297
23.5094
20.431
18.0398
15.9731
14.0912
12.36
10.7634
9.30648
8.07462
7.10895
6.28181
5.52533
4.82358
4.16984
3.56725
2.85922
1.97874
1.47697
1.14374
0.900795
0.719304
-1.8275
-2.0828
-2.08455
-2.35965
-2.36155
-2.66363
-2.66576
-3.02428
-3.02696
-3.48107
-3.48435
-4.00821
-4.01183
-4.58176
-4.58567
-5.20177
-5.20601
-5.87392
-5.87852
-6.61205
-6.61719
-7.47514
-7.48151
-8.58274
-8.59086
-9.90191
-9.91105
-11.3514
-11.3613
-12.9232
-12.9339
-14.6318
-14.6436
-16.5065
-16.5195
-18.6663
-18.6821
-21.4391
-21.4598
-24.8615
-24.8854
-28.6872
-28.7135
-32.8781
-32.9069
-37.4914
-37.5234
-42.6353
-42.6713
-48.6299
-48.6738
-56.4555
-56.5156
-66.8027
-66.878
-79.3257
-79.4158
-94.4791
-94.5903
-113.728
-113.873
-139.965
-140.171
-180.005
-180.341
-251.144
-251.768
-369.532
-370.409
-458.051
-458.061
-337.228
-335.582
-8.26114
-5.85476
320.66
322.327
443.185
443.169
357.522
356.686
244.919
244.334
177.046
176.716
137.159
136.951
110.568
110.42
91.0042
90.8918
75.6164
75.5258
63.2807
63.2098
54.0987
54.0476
47.199
47.158
41.3773
41.3415
36.2107
36.1786
31.5487
31.5195
27.3103
27.2838
23.5209
23.4979
20.4398
20.4223
18.0469
18.0326
15.9796
15.9666
14.0972
14.0853
12.3655
12.3546
10.7684
10.7584
9.31098
9.302
8.07818
8.07106
7.11183
7.10607
6.2844
6.27923
5.52772
5.52294
4.82581
4.82135
4.17191
4.16777
3.56911
3.56539
2.86334
2.85511
1.98081
1.97667
1.47829
1.47565
1.14467
1.1428
0.901465
0.900125
0.719848
-1.83483
-2.07495
-2.09243
-2.35114
-2.3701
-2.65406
-2.67537
-3.01228
-3.03907
-3.46637
-3.49914
-3.99195
-4.02818
-4.56422
-4.60326
-5.18272
-5.22515
-5.85325
-5.89927
-6.58899
-6.64039
-7.44659
-7.51032
-8.54635
-8.62749
-9.86083
-9.95224
-11.3069
-11.4059
-12.8749
-12.9824
-14.5792
-14.6963
-16.4479
-16.5782
-18.5956
-18.7535
-21.3465
-21.5531
-24.7538
-24.9934
-28.5691
-28.832
-32.7485
-33.0369
-37.3477
-37.6674
-42.4735
-42.8336
-48.433
-48.8723
-56.1867
-56.7872
-66.4652
-67.2177
-78.9219
-79.8219
-93.9814
-95.0932
-113.08
-114.528
-139.046
-141.105
-178.507
-181.871
-248.373
-254.605
-365.618
-374.361
-457.893
-457.993
-344.464
-327.983
-19.1026
4.96112
313.332
329.68
443.147
443.009
361.276
352.907
247.578
241.724
178.545
175.247
138.106
136.02
111.237
109.762
91.513
90.3878
76.0257
75.1196
63.6013
62.893
54.3297
53.8192
47.384
46.974
41.5388
41.1807
36.3557
36.0343
31.6802
31.3885
27.4297
27.1649
23.6247
23.395
20.519
20.3439
18.1118
17.9681
16.0379
15.9086
14.1505
14.0321
12.4147
12.3055
10.8138
10.7132
9.35156
9.26195
8.11039
8.03916
7.13783
7.08019
6.3077
6.25598
5.54925
5.50146
4.84587
4.80133
4.19057
4.14915
3.58589
3.54868
2.90095
2.81857
1.99962
1.95818
1.49027
1.46387
1.15296
1.13443
0.907532
0.894139
0.724761
-1.85991
-1.89683
-1.9341
-1.97181
-2.00989
-2.04839
-2.11934
-2.15901
-2.19916
-2.2398
-2.28086
-2.32238
-2.39929
-2.44233
-2.48607
-2.53055
-2.5758
-2.62194
-2.70839
-2.7577
-2.80859
-2.86111
-2.91568
-2.97224
-3.08097
-3.14382
-3.20903
-3.27641
-3.34566
-3.41675
-3.54986
-3.62498
-3.7014
-3.77883
-3.85736
-3.93685
-4.08401
-4.16621
-4.24932
-4.33346
-4.4186
-4.50464
-4.66355
-4.75243
-4.84231
-4.93333
-5.02528
-5.11834
-5.29045
-5.38655
-5.48388
-5.58262
-5.68239
-5.78337
-5.97029
-6.07522
-6.18163
-6.28971
-6.39946
-6.51111
-6.72012
-6.83887
-6.96069
-7.08665
-7.21649
-7.35123
-7.61014
-7.76089
-7.91796
-8.08114
-8.25001
-8.42424
-8.7534
-8.94019
-9.13087
-9.32519
-9.5223
-9.72221
-10.0931
-10.3006
-10.5108
-10.7237
-10.9385
-11.1562
-11.559
-11.7839
-12.0115
-12.2422
-12.4754
-12.7115
-13.1481
-13.3927
-13.6399
-13.8905
-14.1439
-14.4012
-14.8769
-15.1431
-15.4137
-15.6887
-15.9674
-16.2508
-16.7794
-17.0787
-17.3852
-17.7
-18.0246
-18.3593
-19.001
-19.3747
-19.7645
-20.1719
-20.5956
-21.0357
-21.875
-22.356
-22.8493
-23.3536
-23.8674
-24.3909
-25.363
-25.9092
-26.4632
-27.0254
-27.5941
-28.1703
-29.2374
-29.8356
-30.4423
-31.0561
-31.6793
-32.3109
-33.4813
-34.1385
-34.8049
-35.4819
-36.1678
-36.8646
-38.1594
-38.8878
-39.6275
-40.3806
-41.1479
-41.9297
-43.3906
-44.2202
-45.0711
-45.9444
-46.8454
-47.7749
-49.5592
-50.6011
-51.6908
-52.8338
-54.0335
-55.2919
-57.7274
-59.147
-60.6187
-62.143
-63.7141
-65.3313
-68.385
-70.1281
-71.9164
-73.7512
-75.6345
-77.5683
-81.2194
-83.3103
-85.4582
-87.6733
-89.9583
-92.3203
-96.8236
-99.4291
-102.134
-104.939
-107.864
-110.915
-116.814
-120.265
-123.885
-127.711
-131.742
-135.994
-144.381
-149.421
-154.824
-160.611
-166.839
-173.575
-187.331
-195.936
-205.3
-215.569
-226.834
-239.27
-264.559
-280.146
-296.915
-314.662
-332.988
-352.219
-387.625
-406.17
-423.094
-437.574
-448.44
-455.5
-456.269
-449.505
-437.666
-419.649
-395.936
-366.855
-300.742
-257.761
-210.554
-160.825
-108.993
-55.7898
41.5105
94.7065
146.533
196.317
243.216
286.432
352.781
381.619
404.813
422.521
434.657
441.408
440.852
433.851
423.121
408.841
392.158
373.96
339.898
321.406
303.73
287.134
271.591
256.983
233.153
221.509
210.898
201.116
192.117
183.82
170.401
163.783
157.592
151.867
146.474
141.41
132.941
128.652
124.576
120.719
117.045
113.54
107.572
104.475
101.504
98.6531
95.9141
93.269
88.6993
86.3029
83.9804
81.7294
79.5488
77.4359
73.7574
71.821
69.9462
68.1354
66.3907
64.7106
61.8394
60.3604
58.9532
57.6146
56.3407
55.1283
53.0571
51.9834
50.9459
49.9398
48.9664
48.0194
46.3552
45.4684
44.6007
43.7491
42.9132
42.093
40.6382
39.8563
39.087
38.33
37.5849
36.8516
35.5466
34.8433
34.1505
33.4674
32.7935
32.1299
30.9462
30.3074
29.6763
29.0552
28.4425
27.8383
26.7633
26.1842
25.6158
25.0581
24.5129
23.9809
23.0506
22.5627
22.0924
21.6407
21.2083
20.7934
20.0815
19.71
19.3514
19.0032
18.6643
18.3341
17.7507
17.4383
17.131
16.8285
16.5307
16.2369
15.7125
15.4297
15.1501
14.8747
14.6022
14.3328
13.8521
13.5921
13.3357
13.0816
12.8308
12.5831
12.1398
11.9002
11.6632
11.4286
11.1972
10.9687
10.5603
10.3398
10.1223
9.90799
9.69746
9.49083
9.12649
8.93325
8.74586
8.56442
8.38972
8.22172
7.93266
7.7822
7.63675
7.49611
7.35988
7.227
6.99301
6.86806
6.74514
6.62416
6.50495
6.38737
6.17734
6.06395
5.95173
5.84066
5.73112
5.62286
5.4288
5.32371
5.21973
5.11676
5.01498
4.91434
4.73366
4.63587
4.53906
4.44313
4.34824
4.25435
4.08622
3.99524
3.90541
3.81672
3.72938
3.64364
3.49236
3.41205
3.33416
3.25875
3.1858
3.03565
2.70077
2.54589
2.40756
2.28331
2.16968
2.06578
1.89728
1.81357
1.73594
1.66417
1.59653
1.53225
1.42506
1.37182
1.32116
1.27243
1.22584
1.18173
1.1065
1.06725
1.03008
0.994626
0.96083
0.928651
0.874443
0.846567
0.819354
0.792774
0.766888
0.741664
