-1.72856
-1.93895
-2.16132
-2.39657
-2.64716
-2.93522
-3.31423
-3.75542
-4.22597
-4.72492
-5.25518
-5.81965
-6.42011
-7.07802
-7.90947
-8.97495
-10.1467
-11.392
-12.7183
-14.1321
-15.6404
-17.2595
-19.148
-21.6954
-24.71
-27.9517
-31.421
-35.1536
-39.1893
-43.5753
-48.5204
-55.0231
-63.7492
-73.883
-85.504
-99.2446
-116.209
-138.266
-169.438
-221.288
-317.167
-454.069
-498.761
-336.103
-7.01392
321.327
482.833
437.4
304.216
217.005
167.363
135.616
113.081
95.7825
81.7403
69.8447
59.9488
52.7942
47.2838
42.4019
37.9401
33.8383
30.0442
26.5038
23.2326
20.538
18.5305
16.7699
15.1297
13.5933
12.1513
10.7954
9.51944
8.3719
7.49001
6.76931
6.10425
5.47591
4.88245
4.32085
3.787
3.29266
2.52795
1.88848
1.47951
1.19026
0.969948
0.800267
0.658795
0.540183
-1.72936
-1.9381
-1.93979
-2.16044
-2.1622
-2.39564
-2.3975
-2.64614
-2.64818
-2.93394
-2.93649
-3.3126
-3.31586
-3.75365
-3.75718
-4.2241
-4.22785
-4.72293
-4.72691
-5.25306
-5.2573
-5.8174
-5.8219
-6.41772
-6.42252
-7.07524
-7.08081
-7.90567
-7.91327
-8.97076
-8.97915
-10.142
-10.1513
-11.3871
-11.397
-12.713
-12.7236
-14.1264
-14.1377
-15.6344
-15.6464
-17.253
-17.2661
-19.1396
-19.1565
-21.6839
-21.7067
-24.6979
-24.7221
-27.9388
-27.9647
-31.407
-31.4349
-35.1386
-35.1686
-39.1731
-39.2055
-43.5575
-43.5928
-48.4991
-48.5416
-54.9928
-55.0534
-63.7125
-63.7857
-73.8412
-73.9248
-85.4553
-85.5527
-99.1861
-99.3031
-116.135
-116.283
-138.17
-138.362
-169.289
-169.586
-221.018
-221.559
-316.831
-317.472
-453.567
-454.57
-498.955
-498.563
-337.186
-335.018
-8.35987
-5.66791
320.251
322.4
482.628
483.036
437.91
436.888
304.726
303.708
217.253
216.757
167.512
167.214
135.728
135.509
113.156
113.005
95.8422
95.7228
81.7881
81.6905
69.8872
69.8022
59.9817
59.9158
52.8187
52.7696
47.3037
47.2639
42.4199
42.3838
37.9567
37.9235
33.8536
33.8231
30.0584
30.03
26.517
26.4905
23.2445
23.2208
20.5469
20.5291
18.5377
18.5234
16.7764
16.7633
15.1359
15.1237
13.5991
13.5875
12.1567
12.1459
10.8005
10.7903
9.52421
9.51468
8.37586
8.36795
7.49297
7.48706
6.77198
6.76664
6.10676
6.10174
5.47827
5.47354
4.88468
4.88021
4.32297
4.31874
3.78901
3.785
3.29442
3.29091
2.53121
2.5247
1.8904
1.88655
1.48083
1.47819
1.19121
1.18931
0.970699
0.969197
0.800859
0.799674
0.659294
0.658296
0.540586
-1.7359
-1.93119
-1.94669
-2.15316
-2.16951
-2.38797
-2.40521
-2.63777
-2.65618
-2.92348
-2.94709
-3.29894
-3.32932
-3.7391
-3.77147
-4.20868
-4.24333
-4.70644
-4.7433
-5.23559
-5.27483
-5.79887
-5.84047
-6.39815
-6.44244
-7.05242
-7.10392
-7.87446
-7.94467
-8.93545
-9.01663
-10.1035
-10.1899
-11.346
-11.4381
-12.6695
-12.7674
-14.08
-14.1843
-15.5839
-15.6962
-17.1989
-17.3206
-19.0702
-19.2268
-21.5909
-21.7981
-24.598
-24.8222
-27.8322
-28.0717
-31.291
-31.55
-35.0149
-35.2928
-39.0394
-39.3396
-43.4115
-43.7387
-48.3251
-48.7181
-54.7488
-55.3046
-63.4109
-64.0882
-73.497
-74.2706
-85.0577
-85.9557
-98.705
-99.7878
-115.527
-116.897
-137.354
-139.178
-168.075
-170.822
-218.811
-223.818
-312.057
-320.645
-449.383
-458.666
-500.392
-496.77
-345.841
-325.952
-19.4616
5.43897
311.374
331.12
480.836
484.503
442.019
432.571
308.58
299.881
219.33
214.764
168.75
165.996
136.594
134.681
113.781
112.387
96.3368
95.2318
82.1899
81.2716
70.2393
69.4527
60.2557
59.6461
53.0137
52.5785
47.4679
47.1001
42.5692
42.2354
38.0936
37.7871
33.9796
33.6975
30.1731
29.9132
26.6264
26.3813
23.3427
23.1236
20.6205
20.4573
18.5966
18.4647
16.8306
16.7093
15.1881
15.0743
13.6467
13.5401
12.2014
12.1014
10.8425
10.7482
9.56366
9.47543
8.40849
8.33551
7.51752
7.46167
6.79407
6.74463
6.12738
6.08111
5.4978
5.45406
4.90315
4.8618
4.34044
4.30124
3.80558
3.76846
3.30901
3.27651
2.55848
2.49821
1.90641
1.8708
1.49177
1.46737
1.19912
1.18147
0.976924
0.963034
0.805764
0.794797
0.663425
0.654197
0.543915
-1.7568
-1.78684
-1.81712
-1.84759
-1.87845
-1.90937
-1.96876
-2.00051
-2.03246
-2.06457
-2.09709
-2.13008
-2.19296
-2.22644
-2.26032
-2.29442
-2.32879
-2.36349
-2.42991
-2.46547
-2.50128
-2.53765
-2.57427
-2.61138
-2.6834
-2.72255
-2.76256
-2.80351
-2.84636
-2.89071
-2.98157
-3.0322
-3.08515
-3.14088
-3.19833
-3.2571
-3.37257
-3.43507
-3.49839
-3.56257
-3.62749
-3.6929
-3.81849
-3.8856
-3.95283
-4.021
-4.09035
-4.1599
-4.29264
-4.36376
-4.43501
-4.50756
-4.58073
-4.65442
-4.79571
-4.87136
-4.94755
-5.02444
-5.10207
-5.18035
-5.33011
-5.41071
-5.49228
-5.57406
-5.6568
-5.74021
-5.89983
-5.98541
-6.07161
-6.15886
-6.24657
-6.33549
-6.50605
-6.59738
-6.69092
-6.78523
-6.88239
-6.98144
-7.17774
-7.28632
-7.40048
-7.52138
-7.64673
-7.77863
-8.04534
-8.19383
-8.34579
-8.50136
-8.65978
-8.82144
-9.13254
-9.29847
-9.46809
-9.63777
-9.8097
-9.98155
-10.3144
-10.4922
-10.6713
-10.8518
-11.034
-11.2172
-11.5694
-11.7588
-11.949
-12.1416
-12.3353
-12.5314
-12.9071
-13.1082
-13.3112
-13.5155
-13.7222
-13.9312
-14.3336
-14.5484
-14.765
-14.9835
-15.2046
-15.427
-15.8551
-16.0837
-16.316
-16.5499
-16.7873
-17.0287
-17.4951
-17.7508
-18.0116
-18.2844
-18.563
-18.8536
-19.4557
-19.7928
-20.1472
-20.5223
-20.9095
-21.308
-22.0923
-22.5183
-22.9505
-23.3889
-23.8331
-24.2811
-25.1431
-25.604
-26.0666
-26.5365
-27.0143
-27.4949
-28.4148
-28.9065
-29.4024
-29.9053
-30.4133
-30.9289
-31.9167
-32.4459
-32.982
-33.5228
-34.0705
-34.6236
-35.686
-36.2582
-36.8397
-37.4248
-38.0173
-38.6166
-39.7687
-40.3892
-41.0161
-41.6528
-42.296
-42.9487
-44.2106
-44.8934
-45.5902
-46.2955
-47.0318
-47.7826
-49.2874
-50.1253
-51.012
-51.9525
-52.939
-53.9854
-56.1134
-57.3094
-58.5428
-59.8147
-61.1248
-62.4594
-65.0668
-66.4828
-67.9249
-69.3927
-70.8882
-72.4115
-75.3789
-76.989
-78.6357
-80.3162
-82.0347
-83.7936
-87.251
-89.1255
-91.0618
-93.0496
-95.0939
-97.195
-101.351
-103.648
-106.021
-108.469
-111.04
-113.662
-118.879
-121.802
-124.856
-128.033
-131.396
-134.823
-141.858
-145.86
-150.077
-154.541
-159.287
-164.324
-174.905
-181.119
-187.868
-195.184
-203.256
-212.295
-231.284
-242.952
-255.727
-269.363
-284.26
-300.281
-333.571
-352.754
-372.91
-393.627
-414.81
-435.601
-470.277
-485.22
-497.446
-504.724
-505.785
-503.743
-489.155
-475.577
-457.248
-434.595
-405.757
-371.827
-296.039
-250.7
-203.268
-154.639
-104.652
-54.7777
40.6712
90.9165
140.105
189.327
236.462
281.699
357.315
390.188
418.659
441.527
459.952
473.947
488.172
489.527
486.418
479.612
468.667
455.035
419.237
398.525
378.281
357.351
338.143
319.947
288.87
274.261
260.781
248.32
236.823
226.239
208.495
200.112
192.471
185.367
178.772
172.801
162.226
156.988
152.294
147.663
143.383
139.287
132.097
128.606
125.225
121.916
118.798
115.807
110.457
107.777
105.238
102.733
100.307
97.9571
93.6885
91.5437
89.4553
87.4246
85.4506
83.5148
79.9864
78.1821
76.4231
74.7003
73.0165
71.3728
68.3544
66.8204
65.3277
63.8876
62.4927
61.1534
58.8104
57.6548
56.5668
55.5435
54.5687
53.6423
51.9798
51.1469
50.3302
49.5342
48.7577
47.9926
46.585
45.856
45.1337
44.4266
43.7326
43.0458
41.7675
41.1044
40.4483
39.8018
39.1643
38.5319
37.3605
36.7511
36.1503
35.5548
34.9669
34.3832
33.3004
32.7382
32.1824
31.6339
31.0895
30.5497
29.5433
29.0199
28.5011
27.9883
27.4792
26.9753
26.0355
25.5474
25.0649
24.5879
24.1191
23.6601
22.819
22.3905
21.9766
21.5887
21.2171
20.8594
20.2347
19.9261
19.6272
19.3389
19.0594
18.7854
18.2801
18.0197
17.7617
17.5072
17.2554
17.0061
16.5381
16.2981
16.0588
15.8201
15.5838
15.3505
14.9143
14.6863
14.4617
14.239
14.0176
13.7989
13.3897
13.1766
12.9655
12.7565
12.5491
12.3438
11.9602
11.7603
11.5621
11.3652
11.1702
10.977
10.6156
10.4269
10.24
10.0547
9.87107
9.68932
9.35016
9.17681
9.00538
8.83786
8.67479
8.51575
8.23475
8.09513
7.96165
7.83496
7.71409
7.5971
7.38554
7.27804
7.17228
7.06736
6.96592
6.86476
6.67546
6.57805
6.48037
6.38409
6.28849
6.19348
6.01591
5.92321
5.83118
5.74011
5.64966
5.56018
5.3925
5.30488
5.21816
5.13196
5.04668
4.96226
4.80348
4.72075
4.63853
4.55723
4.4759
4.39609
4.24567
4.16698
4.08912
4.01183
3.93478
3.85843
3.71597
3.64186
3.56861
3.49639
3.42547
3.35642
3.23174
3.17071
3.11327
2.94686
2.7901
2.64924
2.41753
2.31084
2.2125
2.12182
2.03734
1.95826
1.82205
1.75599
1.69431
1.63586
1.58026
1.52731
1.43366
1.38808
1.34514
1.30349
1.26322
1.22464
1.1569
1.12279
1.08981
1.05799
1.02709
0.997138
0.943792
0.917271
0.891892
0.867805
0.844429
0.821522
0.77943
0.757875
0.736787
0.716201
0.696183
0.676732
0.641324
0.623384
0.605973
0.588862
0.571766
0.555068
