-2.21211
-2.42062
-2.64589
-2.89857
-3.19435
-3.53728
-3.91545
-4.32045
-4.75059
-5.2069
-5.69234
-6.21165
-6.77668
-7.41651
-8.17298
-9.05384
-10.0272
-11.0716
-12.1834
-13.366
-14.6275
-15.9823
-17.465
-19.1574
-21.1761
-23.5363
-26.1527
-28.9739
-31.9976
-35.2431
-38.7469
-42.57
-46.8413
-51.8567
-58.0131
-65.4224
-73.9812
-83.768
-95.0964
-108.555
-125.136
-146.49
-175.738
-218.564
-280.803
-356.962
-408.088
-372.969
-226.891
-7.07172
212.663
358.279
393.847
344.12
271.547
212.976
172.025
143.259
121.833
105.105
91.497
80.0486
70.2806
62.0706
55.4349
50.0273
45.3822
41.2216
37.4133
33.8956
30.6271
27.5874
24.7899
22.3103
20.221
18.4516
16.8768
15.4259
14.0708
12.7986
11.6026
10.4799
9.43899
8.51067
7.72058
7.04273
6.43158
5.86347
5.32902
4.82353
4.3447
3.89231
3.47293
2.97054
2.24199
1.77464
1.44425
1.19731
1.00174
0.84802
-2.21303
-2.41964
-2.42159
-2.64482
-2.64696
-2.89734
-2.8998
-3.1929
-3.19581
-3.53564
-3.53893
-3.91368
-3.91723
-4.31856
-4.32234
-4.74858
-4.75259
-5.20477
-5.20903
-5.69007
-5.69461
-6.2092
-6.2141
-6.77399
-6.77937
-7.41338
-7.41964
-8.16926
-8.1767
-9.04963
-9.05805
-10.0227
-10.0318
-11.0668
-11.0765
-12.1782
-12.1886
-13.3604
-13.3715
-14.6216
-14.6334
-15.9759
-15.9887
-17.458
-17.4721
-19.1491
-19.1658
-21.1662
-21.1861
-23.525
-23.5475
-26.1404
-26.165
-28.9607
-28.9872
-31.9835
-32.0118
-35.2279
-35.2584
-38.7304
-38.7634
-42.5518
-42.5882
-46.8206
-46.862
-51.8317
-51.8817
-57.9823
-58.0439
-65.3862
-65.4585
-73.9398
-74.0225
-83.7207
-83.8152
-95.0411
-95.1517
-108.488
-108.622
-125.052
-125.219
-146.379
-146.6
-175.579
-175.897
-218.328
-218.8
-280.476
-281.131
-356.628
-357.295
-408.013
-408.16
-373.377
-372.559
-227.763
-226.017
-8.12444
-6.01891
211.785
213.54
357.866
358.691
393.913
393.779
344.447
343.794
271.853
271.242
213.198
212.755
172.179
171.872
143.37
143.147
121.918
121.748
105.173
105.037
91.5532
91.4409
80.0964
80.0009
70.3214
70.2399
62.1042
62.0371
55.4617
55.4081
50.0499
50.0048
45.402
45.3624
41.2396
41.2036
37.4298
37.3968
33.9109
33.8803
30.6413
30.6128
27.6006
27.5742
24.8019
24.7779
22.3206
22.2999
20.2298
20.2123
18.4591
18.4441
16.8836
16.87
15.4322
15.4196
14.0767
14.0649
12.8042
12.793
11.6079
11.5974
10.4848
10.475
9.44347
9.43451
8.51456
8.50679
7.72387
7.7173
7.04562
7.03985
6.43424
6.42893
5.86596
5.86097
5.33137
5.32667
4.82576
4.82131
4.34681
4.34259
3.89429
3.89033
3.47472
3.47113
2.97476
2.96633
2.24457
2.23942
1.77639
1.7729
1.44553
1.44298
1.19829
1.19632
1.00252
1.00095
0.84864
-2.22012
-2.4121
-2.42916
-2.63656
-2.65526
-2.88781
-2.90938
-3.18169
-3.20709
-3.52292
-3.55167
-3.89994
-3.93101
-4.30396
-4.337
-4.73307
-4.76813
-5.1883
-5.22557
-5.6725
-5.71222
-6.19028
-6.23309
-6.75318
-6.80029
-7.38928
-7.44398
-8.1405
-8.2057
-9.01708
-9.09073
-9.98725
-10.0673
-11.029
-11.1144
-12.1381
-12.2288
-13.3176
-13.4143
-14.5759
-14.6792
-15.9265
-16.0384
-17.4031
-17.5273
-19.085
-19.2304
-21.0894
-21.2636
-23.4376
-23.6354
-26.0451
-26.2607
-28.8585
-29.0897
-31.8739
-32.1217
-35.11
-35.3762
-38.6028
-38.8915
-42.4109
-42.7293
-46.6608
-47.023
-51.6391
-52.0765
-57.7439
-58.2836
-65.1076
-65.7397
-73.6202
-74.3438
-83.3551
-84.1829
-94.6126
-95.5822
-107.975
-109.143
-124.407
-125.872
-145.531
-147.467
-174.357
-177.139
-216.518
-220.643
-277.957
-283.686
-354.017
-359.862
-407.38
-408.665
-376.46
-369.305
-234.487
-219.203
-16.2798
2.14357
204.93
220.272
354.588
361.817
394.361
393.173
346.96
341.265
274.241
268.892
214.928
211.052
173.376
170.69
144.236
142.284
122.583
121.094
105.699
104.515
91.99
91.0074
80.4674
79.6322
70.6383
69.9252
62.3655
61.7798
55.6703
55.2003
50.2251
49.8306
45.5558
45.2092
41.3792
41.0647
37.5581
37.2689
34.0299
33.762
30.7521
30.5024
27.7034
27.4717
24.8953
24.685
22.4011
22.2203
20.2971
20.145
18.5173
18.3862
16.9366
16.8173
15.4813
15.3707
14.1228
14.0189
12.8475
12.7499
11.6486
11.5567
10.523
10.437
9.47832
9.3999
8.54481
8.4769
7.74942
7.69193
7.06796
7.01753
6.45486
6.40837
5.88528
5.84165
5.3496
5.30848
4.84303
4.80408
4.36317
4.32627
3.90967
3.87499
3.48868
3.45725
3.00792
2.93398
2.26467
2.21967
1.79003
1.75948
1.45548
1.43319
1.20597
1.18874
1.00864
0.994896
0.853456
-2.24105
-2.27031
-2.29978
-2.32956
-2.35958
-2.38998
-2.45154
-2.4829
-2.51458
-2.54675
-2.57933
-2.61241
-2.67991
-2.71463
-2.75
-2.786
-2.82267
-2.86016
-2.93788
-2.97805
-3.01935
-3.06157
-3.10484
-3.14907
-3.24062
-3.28792
-3.33598
-3.38515
-3.43515
-3.48587
-3.58935
-3.64216
-3.69566
-3.74976
-3.80451
-3.85971
-3.97174
-4.02855
-4.08596
-4.14386
-4.20234
-4.26116
-4.3803
-4.44065
-4.50164
-4.56318
-4.62515
-4.68759
-4.81406
-4.87806
-4.94278
-5.00799
-5.07373
-5.14004
-5.27431
-5.34229
-5.41105
-5.48044
-5.55028
-5.62103
-5.76421
-5.83678
-5.91017
-5.98438
-6.05923
-6.13503
-6.28918
-6.36755
-6.44708
-6.52771
-6.6093
-6.69245
-6.86237
-6.94972
-7.03906
-7.13025
-7.2234
-7.31903
-7.51643
-7.61901
-7.72448
-7.83279
-7.94326
-8.05687
-8.29188
-8.41321
-8.53687
-8.66303
-8.79124
-8.92179
-9.1877
-9.3236
-9.46124
-9.60056
-9.74124
-9.88363
-10.1723
-10.3186
-10.4669
-10.6162
-10.7666
-10.9185
-11.2262
-11.3824
-11.5399
-11.6988
-11.8588
-12.0206
-12.3476
-12.5134
-12.6809
-12.8501
-13.0204
-13.1924
-13.5407
-13.7173
-13.896
-14.0764
-14.2578
-14.442
-14.8146
-15.0037
-15.1951
-15.3886
-15.584
-15.782
-16.1852
-16.3905
-16.5993
-16.8106
-17.025
-17.243
-17.691
-17.9216
-18.1582
-18.3992
-18.6457
-18.8987
-19.4235
-19.6973
-19.9785
-20.2666
-20.562
-20.8657
-21.4942
-21.8175
-22.1497
-22.4883
-22.8327
-23.1817
-23.896
-24.2606
-24.6302
-25.0048
-25.383
-25.7661
-26.5435
-26.9383
-27.3377
-27.741
-28.1484
-28.5594
-29.3925
-29.8161
-30.2443
-30.6763
-31.112
-31.5533
-32.4462
-32.9005
-33.3594
-33.8235
-34.2919
-34.7648
-35.7255
-36.2146
-36.7096
-37.21
-37.7156
-38.2292
-39.2705
-39.8013
-40.3397
-40.8852
-41.4383
-41.9996
-43.1472
-43.735
-44.3329
-44.9413
-45.5626
-46.1957
-47.5016
-48.1802
-48.8759
-49.5893
-50.3252
-51.0813
-52.6574
-53.4852
-54.3395
-55.2153
-56.1214
-57.0532
-58.9978
-60.0063
-61.0411
-62.1004
-63.1869
-64.2964
-66.5751
-67.7523
-68.9515
-70.1744
-71.4198
-72.6888
-75.2973
-76.6445
-78.0117
-79.4088
-80.8328
-82.2868
-85.2772
-86.8268
-88.4088
-90.0213
-91.6723
-93.3639
-96.8701
-98.6927
-100.569
-102.486
-104.449
-106.469
-110.697
-112.917
-115.208
-117.568
-120.017
-122.536
-127.832
-130.642
-133.551
-136.589
-139.744
-143.042
-150.076
-153.852
-157.817
-161.95
-166.306
-170.887
-180.85
-186.29
-192.026
-198.109
-204.527
-211.365
-226.162
-234.205
-242.683
-251.558
-260.953
-270.684
-291.33
-302.022
-312.945
-324.167
-335.169
-346.144
-367.25
-376.941
-385.801
-393.504
-399.973
-404.942
-409.406
-408.807
-406.164
-401.221
-394.191
-384.739
-358.747
-342.205
-323.413
-302.433
-278.949
-253.689
-198.445
-168.412
-137.516
-105.495
-73.0553
-39.9876
26.108
59.0173
91.5321
123.486
154.321
184.212
239.632
264.842
288.005
308.907
327.665
344.238
370.175
379.635
386.887
391.779
394.488
395.164
390.723
386.155
379.717
372.102
363.434
354.171
333.727
323.08
312.528
302.067
291.575
281.402
262.057
252.921
244.064
235.703
227.702
220.162
206.148
199.66
193.559
187.764
182.25
176.972
167.286
162.84
158.522
154.479
150.58
146.828
139.819
136.527
133.335
130.3
127.38
124.567
119.205
116.668
114.216
111.827
109.51
107.271
103.015
100.965
98.9606
97.0237
95.1337
93.2896
89.7476
88.0371
86.3676
84.733
83.1339
81.5729
78.5591
77.0995
75.6724
74.2741
72.9126
71.5814
69.0129
67.7798
66.5712
65.3966
64.2554
63.1449
61.0335
60.0244
59.0459
58.097
57.179
56.293
54.5943
53.7827
52.9938
52.2252
51.4764
50.7448
49.3261
48.6392
47.9653
47.3044
46.6517
46.0111
44.763
44.1528
43.5495
42.9553
42.3701
41.7927
40.6589
40.1013
39.5503
39.0061
38.4706
37.9386
36.8949
36.3816
35.8738
35.3705
34.8734
34.3815
33.4156
32.9387
32.4663
31.9992
31.5376
31.0798
30.1796
29.735
29.2971
28.8625
28.4326
28.0073
27.1724
26.762
26.3564
25.9556
25.5605
25.1721
24.4149
24.0452
23.6826
23.3281
22.98
22.6408
21.9886
21.6745
21.3673
21.0693
20.7789
20.4964
19.951
19.6883
19.4315
19.1796
18.9324
18.6897
18.2171
17.9859
17.7585
17.5337
17.3118
17.0931
16.6632
16.4515
16.2422
16.0347
15.8294
15.6266
15.2274
15.03
14.8342
14.6405
14.4487
14.259
13.8841
13.6991
13.5161
13.3342
13.154
12.9754
12.6235
12.4496
12.2774
12.1062
11.9369
11.769
11.4377
11.2741
11.1123
10.9517
10.7929
10.6356
10.3258
10.1733
10.0225
9.87344
9.72646
9.58169
9.29895
9.16073
9.02534
8.89245
8.76208
8.63484
8.38968
8.27107
8.1555
8.04283
7.93285
7.82561
7.61811
7.51759
7.41961
7.32276
7.22774
7.13438
6.95226
6.8626
6.77435
6.68717
6.60099
6.5158
6.34814
6.26534
6.1835
6.10235
6.02202
5.94224
5.7852
5.7076
5.63073
5.55419
5.47845
5.40343
5.25506
5.18162
5.10897
5.03669
4.96507
4.89405
4.75351
4.68392
4.61513
4.5467
4.47874
4.41147
4.27837
4.21262
4.14736
4.08266
4.01855
3.95514
3.83013
3.76861
3.70775
3.64763
3.58844
3.53022
3.41685
3.36183
3.30781
3.25503
3.20402
3.10931
2.84176
2.72245
2.61211
2.50924
2.41383
2.32541
2.16328
2.08961
2.0196
1.95356
1.89082
1.83122
1.72109
1.67003
1.62122
1.57403
1.52869
1.48545
1.40512
1.36782
1.33157
1.29625
1.26202
1.22901
1.16693
1.13714
1.10824
1.08018
1.05307
1.02693
0.977357
0.953746
0.93098
0.908988
0.887838
0.86774
