-2.17618
-2.34501
-2.523
-2.7133
-2.92672
-3.17716
-3.46493
-3.77805
-4.1084
-4.455
-4.81733
-5.19745
-5.59634
-6.01548
-6.45853
-6.93694
-7.4779
-8.11854
-8.85746
-9.66287
-10.5128
-11.4068
-12.3427
-13.3269
-14.362
-15.452
-16.6085
-17.8632
-19.2963
-21.0055
-22.9823
-25.142
-27.4287
-29.8445
-32.3922
-35.0891
-37.9524
-41.0039
-44.2908
-47.9315
-52.193
-57.3938
-63.5468
-70.4739
-78.1458
-86.6965
-96.3911
-107.581
-120.821
-136.975
-157.57
-185.261
-225.334
-283.024
-357.81
-427.736
-445.033
-374.776
-216.405
-7.06233
202.488
360.501
429.896
412.839
344.309
273.463
219.867
181.889
154.516
133.969
117.634
104.17
92.822
82.9661
74.3076
66.6555
60.1281
54.8065
50.4067
46.5404
43.0082
39.723
36.6474
33.7585
31.0287
28.4499
26.0088
23.7449
21.7369
20.05
18.6093
17.3006
16.0757
14.917
13.8145
12.7663
11.7653
10.812
9.90602
9.06062
8.30734
7.66778
7.11403
6.60575
6.12698
5.67116
5.23459
4.81715
4.41625
4.03171
3.66517
3.32529
2.82037
2.23638
1.83723
1.54239
1.31424
1.12971
0.975749
0.850263
-2.17708
-2.34407
-2.34595
-2.52199
-2.52401
-2.71222
-2.71439
-2.92546
-2.92798
-3.17569
-3.17864
-3.46328
-3.46657
-3.77627
-3.77982
-4.10656
-4.11024
-4.45308
-4.45692
-4.81531
-4.81934
-5.19533
-5.19956
-5.59412
-5.59856
-6.01315
-6.01782
-6.45604
-6.46101
-6.93421
-6.93966
-7.47471
-7.48109
-8.11477
-8.12233
-8.85325
-8.86168
-9.65837
-9.66738
-10.508
-10.5175
-11.4018
-11.4117
-12.3375
-12.3479
-13.3214
-13.3324
-14.3562
-14.3677
-15.446
-15.4581
-16.602
-16.615
-17.8561
-17.8704
-19.2879
-19.3048
-20.9955
-21.0156
-22.971
-22.9936
-25.1299
-25.1541
-27.4159
-27.4415
-29.8311
-29.858
-32.3779
-32.4064
-35.074
-35.1042
-37.9364
-37.9684
-40.9868
-41.0211
-44.2722
-44.3095
-47.9104
-47.9525
-52.1675
-52.2186
-57.3629
-57.4247
-63.5111
-63.5826
-70.4342
-70.5136
-78.1019
-78.1897
-86.6469
-86.7462
-96.3347
-96.4475
-107.516
-107.646
-120.742
-120.899
-136.877
-137.073
-157.442
-157.697
-185.083
-185.44
-225.07
-225.598
-282.658
-283.391
-357.377
-358.242
-427.457
-428.013
-445.166
-444.896
-375.398
-374.151
-217.446
-215.363
-8.24263
-5.88183
201.425
203.549
359.861
361.136
429.769
430.019
413.144
412.492
344.722
343.896
273.797
273.125
220.114
219.621
182.06
181.719
154.65
154.383
134.068
133.87
117.714
117.554
104.237
104.104
92.8775
92.7666
83.0163
82.9159
74.3519
74.2634
66.6943
66.6168
60.1602
60.096
54.8324
54.7806
50.429
50.3845
46.5603
46.5204
43.0267
42.9898
39.7402
39.7057
36.6635
36.6312
33.7738
33.7433
31.0431
31.0143
28.4637
28.4361
26.0217
25.996
23.7565
23.7332
21.7469
21.7268
20.0583
20.0416
18.6166
18.6021
17.3074
17.2937
16.0821
16.0692
14.9231
14.911
13.8205
13.8087
12.7719
12.7607
11.7707
11.76
10.8171
10.807
9.91078
9.90125
9.06505
9.05621
8.31112
8.30356
7.67097
7.66458
7.1169
7.11118
6.60842
6.60309
6.12951
6.12444
5.67359
5.66874
5.23691
5.23226
4.81938
4.81492
4.41838
4.41411
4.03376
4.02967
3.66711
3.66324
3.32703
3.32354
2.82435
2.81642
2.23894
2.23383
1.83908
1.83539
1.54379
1.54098
1.31535
1.31313
1.13062
1.1288
0.976506
0.974993
0.850883
-2.18359
-2.33726
-2.35278
-2.51467
-2.53127
-2.7044
-2.72225
-2.91644
-2.93709
-3.16505
-3.18935
-3.45138
-3.47852
-3.7636
-3.79271
-4.09326
-4.12357
-4.43917
-4.47084
-4.8007
-4.83399
-5.18002
-5.2149
-5.57804
-5.61468
-5.9964
-6.03478
-6.43802
-6.47907
-6.9145
-6.95948
-7.4517
-7.5043
-8.08748
-8.14983
-8.8227
-8.89232
-9.62545
-9.70007
-10.4738
-10.5518
-11.3661
-11.4476
-12.2997
-12.3858
-13.2818
-13.3722
-14.3144
-14.4096
-15.4019
-15.5023
-16.555
-16.6623
-17.8041
-17.9227
-19.2267
-19.3666
-20.9225
-21.0889
-22.8892
-23.0759
-25.0421
-25.241
-27.3234
-27.5343
-29.7338
-29.9555
-32.2748
-32.51
-34.9649
-35.2137
-37.8204
-38.0848
-40.8627
-41.1456
-44.1372
-44.4454
-47.7584
-48.1059
-51.9835
-52.4045
-57.1396
-57.6496
-63.2533
-63.8422
-70.1475
-70.8017
-77.7845
-78.5087
-86.2879
-87.1074
-95.9284
-96.8575
-107.042
-108.123
-120.175
-121.473
-136.173
-137.788
-156.518
-158.623
-183.8
-186.74
-223.173
-227.532
-280.031
-286.075
-354.24
-361.378
-424.806
-429.993
-446.036
-443.819
-379.749
-369.477
-224.944
-207.762
-16.7939
2.68261
193.678
211.141
355.11
365.634
428.77
430.844
415.031
409.954
347.711
340.899
276.251
270.679
221.912
217.845
183.307
180.495
155.63
153.428
134.789
133.159
118.297
116.975
104.722
103.622
93.2833
92.3538
83.3847
82.5551
74.6739
73.9435
66.9763
66.3382
60.394
59.8645
55.022
54.5935
50.5906
50.2239
46.7054
46.3759
43.1605
42.8564
39.8654
39.5813
36.781
36.514
33.8847
33.6327
31.1479
30.9101
28.5633
28.3359
26.1148
25.9032
23.8409
23.6477
21.8199
21.6545
20.1192
19.9812
18.6696
18.5493
17.3571
17.2443
16.129
16.0225
14.9675
14.8669
13.8636
13.7664
12.8122
12.7203
11.8092
11.7217
10.8539
10.7703
9.9454
9.86674
9.09718
9.02451
8.33863
8.27629
7.69423
7.64153
7.13743
7.09047
6.62777
6.5838
6.14796
6.10606
5.69112
5.65116
5.25375
5.21546
4.83553
4.79866
4.43388
4.39866
4.04861
4.01484
3.68114
3.64927
3.33974
3.31094
2.85355
2.78829
2.25761
2.21546
1.85259
1.82209
1.55401
1.53087
1.32341
1.30514
1.13722
1.12225
0.982021
0.969533
0.855389
-2.20105
-2.22429
-2.24779
-2.2714
-2.29518
-2.31911
-2.37106
-2.39553
-2.42028
-2.44521
-2.47038
-2.49543
-2.55046
-2.57629
-2.60262
-2.62927
-2.65622
-2.68383
-2.7435
-2.77235
-2.80139
-2.83148
-2.86164
-2.89265
-2.96167
-2.9951
-3.02927
-3.06428
-3.10013
-3.13689
-3.21827
-3.2572
-3.29717
-3.33754
-3.3783
-3.41981
-3.5106
-3.55379
-3.59743
-3.64099
-3.68532
-3.72981
-3.82657
-3.87214
-3.91842
-3.96455
-4.01104
-4.05775
-4.15934
-4.20727
-4.2554
-4.30408
-4.35279
-4.40184
-4.50815
-4.55829
-4.60902
-4.65952
-4.71041
-4.76178
-4.87337
-4.9258
-4.97859
-5.03177
-5.0853
-5.13927
-5.25604
-5.31152
-5.36696
-5.42258
-5.47901
-5.53546
-5.65783
-5.71558
-5.77396
-5.83259
-5.89186
-5.9519
-6.08024
-6.1413
-6.20252
-6.26459
-6.32709
-6.39011
-6.52758
-6.59274
-6.65874
-6.72578
-6.79336
-6.86287
-7.01319
-7.08583
-7.15934
-7.23496
-7.31205
-7.39088
-7.567
-7.65224
-7.7397
-7.82963
-7.92127
-8.01529
-8.22354
-8.32371
-8.42586
-8.52943
-8.6349
-8.74206
-8.97489
-9.08628
-9.19711
-9.31002
-9.42398
-9.53838
-9.78708
-9.90453
-10.0234
-10.1424
-10.2623
-10.3826
-10.644
-10.7673
-10.8916
-11.0176
-11.1426
-11.2694
-11.5437
-11.6731
-11.8033
-11.9343
-12.0662
-12.199
-12.4875
-12.6233
-12.76
-12.8978
-13.0363
-13.176
-13.479
-13.623
-13.7662
-13.911
-14.0575
-14.2032
-14.5217
-14.6718
-14.8236
-14.9763
-15.1303
-15.286
-15.6208
-15.7794
-15.9394
-16.1015
-16.2646
-16.4294
-16.789
-16.9594
-17.133
-17.3074
-17.4851
-17.6671
-18.064
-18.2558
-18.4506
-18.6514
-18.856
-19.0649
-19.5334
-19.7607
-19.9939
-20.2333
-20.4783
-20.7295
-21.2863
-21.5548
-21.8305
-22.1049
-22.3859
-22.6714
-23.2969
-23.5958
-23.8923
-24.1948
-24.5001
-24.8079
-25.4759
-25.7923
-26.1107
-26.43
-26.7524
-27.0774
-27.7831
-28.1164
-28.4523
-28.7917
-29.1304
-29.4743
-30.2176
-30.5709
-30.9242
-31.2795
-31.6384
-32.0004
-32.7881
-33.1591
-33.5332
-33.9105
-34.2906
-34.6744
-35.5089
-35.9036
-36.3003
-36.7018
-37.1076
-37.5114
-38.3974
-38.8166
-39.2399
-39.6671
-40.1009
-40.5344
-41.4809
-41.9297
-42.384
-42.8442
-43.3086
-43.779
-44.8106
-45.302
-45.8057
-46.3116
-46.8326
-47.3562
-48.5262
-49.0888
-49.6651
-50.2622
-50.8709
-51.499
-52.9085
-53.5957
-54.3046
-55.0307
-55.7792
-56.5477
-58.2598
-59.0885
-59.9342
-60.7966
-61.676
-62.5705
-64.5411
-65.4827
-66.438
-67.4081
-68.3915
-69.3887
-71.5758
-72.6171
-73.6747
-74.7481
-75.838
-76.9436
-79.3684
-80.525
-81.6926
-82.8906
-84.1112
-85.3377
-88.0755
-89.3862
-90.7173
-92.0678
-93.4483
-94.8556
-97.9664
-99.4671
-100.998
-102.559
-104.155
-105.79
-109.391
-111.153
-112.957
-114.79
-116.69
-118.676
-123.036
-125.157
-127.33
-129.578
-131.84
-134.326
-139.736
-142.416
-145.17
-148.049
-151.009
-154.094
-161.149
-164.647
-168.338
-172.171
-176.154
-180.477
-190.285
-195.343
-200.442
-206.141
-212.053
-218.27
-232.805
-240.106
-247.775
-255.873
-264.27
-273.13
-293.308
-302.462
-313.161
-324.099
-334.825
-345.891
-368.896
-380.137
-390.981
-400.71
-410.582
-419.225
-435.023
-439.303
-443.744
-446.815
-448.039
-447.477
-440.262
-433.961
-424.971
-415.992
-404.544
-390.449
-355.832
-336.119
-316.34
-293.943
-270.292
-244.911
-186.83
-158.208
-129.26
-99.7099
-69.6059
-39.5832
25.3212
55.506
85.3037
114.64
144.001
172.601
230.654
255.471
279.314
301.691
321.651
341.772
376.886
390.382
401.826
411.493
419.323
425.395
432.436
432.975
432.009
429.257
424.752
419.842
404.82
395.839
386.135
376.363
366.159
355.667
332.86
322.356
312.094
302.096
292.4
283.094
264.266
255.443
248.121
240.696
233.583
226.797
213.234
207.432
201.564
196.539
191.562
186.764
177.228
172.978
169.057
165.268
161.668
158.191
151.02
148.034
144.991
142.195
139.441
136.755
131.258
128.827
126.479
124.227
122.022
119.878
115.462
113.483
111.557
109.689
107.863
106.033
102.353
100.701
99.0805
97.5004
95.9481
94.418
91.2607
89.8254
88.4274
87.0456
85.6865
84.3726
81.6056
80.3532
79.1199
77.9073
76.7167
75.5433
73.0954
71.9828
70.8907
69.8202
68.7682
67.7383
65.6008
64.6375
63.7019
62.786
61.8953
61.0286
59.2546
58.4649
57.6993
56.9576
56.2376
55.5381
54.1006
53.4579
52.8272
52.2143
51.6136
51.0262
49.7982
49.2428
48.6959
48.1537
47.6217
47.096
45.9933
45.4867
44.987
44.4923
44.0032
43.5198
42.4989
42.0304
41.567
41.1071
40.6524
40.2015
39.2486
38.811
38.3778
37.9459
37.5191
37.0966
36.2024
35.791
35.3829
34.9785
34.5785
34.1826
33.3384
32.9498
32.5653
32.183
31.8041
31.4304
30.6323
30.2664
29.9019
29.5428
29.1831
28.8264
28.0712
27.724
27.3797
27.0383
26.7003
26.365
25.6573
25.3333
25.0099
24.6928
24.3788
24.0698
23.4236
23.1301
22.8431
22.5611
22.2863
22.0176
21.4633
21.2157
20.9738
20.7381
20.5086
20.2845
19.8233
19.6129
19.4069
19.2055
19.0079
18.8136
18.4052
18.2187
18.0344
17.8511
17.6706
17.4908
17.1136
16.9389
16.7655
16.594
16.4236
16.2549
15.8979
15.7345
15.5702
15.4079
15.2479
15.0869
14.7478
14.591
14.4364
14.2826
14.1287
13.9771
13.6537
13.5059
13.357
13.2101
13.0651
12.9196
12.6124
12.4706
12.3308
12.1896
12.0506
11.9125
11.6194
11.4843
11.3502
11.2176
11.0839
10.9522
10.6726
10.544
10.4161
10.2892
10.1635
10.0386
9.77486
9.65326
9.53335
9.41537
9.2979
9.18207
8.94035
8.83092
8.72308
8.61735
8.51407
8.41302
8.20429
8.11065
8.01908
7.92976
7.8427
7.75725
7.58088
7.50024
7.42165
7.34407
7.26792
7.19297
7.03497
6.96272
6.89125
6.82014
6.74962
6.67993
6.53223
6.46423
6.39699
6.32988
6.26335
6.19734
6.05717
5.99288
5.92844
5.86473
5.80163
5.73812
5.60408
5.5423
5.4808
5.41976
5.3591
5.29882
5.17071
5.11158
5.05277
4.99442
4.93627
4.87854
4.75589
4.69912
4.6428
4.58658
4.53096
4.47544
4.35745
4.30301
4.24894
4.19506
4.14156
4.08835
3.97543
3.92334
3.87159
3.82021
3.76946
3.71881
3.6123
3.56325
3.51472
3.46722
3.41991
3.37379
3.27764
3.2342
3.1925
3.15075
3.04662
2.93385
2.7148
2.62283
2.53716
2.45636
2.38036
2.30894
2.1675
2.1065
2.04873
1.9933
1.94035
1.88946
1.78741
1.74301
1.70079
1.65981
1.62014
1.58177
1.50421
1.46988
1.43684
1.40509
1.37473
1.34518
1.28401
1.25656
1.22995
1.20423
1.17927
1.15506
1.10494
1.0822
1.05995
1.03834
1.01732
0.996986
0.955133
0.936491
0.918387
0.900854
0.883815
0.867502
