-2.60397
-2.90936
-3.27419
-3.70127
-4.1747
-4.68674
-5.23851
-5.83521
-6.48866
-7.22972
-8.11685
-9.17554
-10.3665
-11.6628
-13.064
-14.5826
-16.2458
-18.1235
-20.3658
-23.0874
-26.2095
-29.6475
-33.4007
-37.5173
-42.0922
-47.3359
-53.7153
-61.7821
-71.6152
-83.2603
-97.2396
-114.659
-137.56
-170.011
-220.268
-297.995
-389.052
-408.272
-270.513
-7.08849
256.334
394.376
376.753
288.819
214.721
166.278
134.194
111.22
93.6607
79.5858
68.0618
58.8472
51.6665
45.8016
40.717
36.1689
32.0421
28.277
24.8748
21.9317
19.5155
17.4822
15.6736
14.0198
12.4931
11.0803
9.78324
8.63454
7.67229
6.86099
6.13875
5.47506
4.85806
4.28276
3.75052
3.2749
2.37865
1.7834
1.39339
1.11396
-2.60503
-2.90812
-2.9106
-3.27271
-3.27568
-3.69958
-3.70296
-4.17285
-4.17654
-4.68475
-4.68873
-5.23637
-5.24066
-5.83288
-5.83753
-6.48608
-6.49124
-7.22672
-7.23273
-8.11321
-8.12051
-9.17131
-9.17977
-10.3618
-10.3712
-11.6578
-11.6678
-13.0585
-13.0694
-14.5766
-14.5885
-16.2392
-16.2523
-18.1159
-18.1311
-20.3566
-20.3751
-23.0764
-23.0984
-26.1972
-26.2218
-29.6341
-29.6609
-33.3861
-33.4154
-37.5012
-37.5335
-42.0741
-42.1104
-47.3145
-47.3572
-53.6886
-53.7421
-61.7486
-61.8157
-71.5753
-71.6552
-83.2129
-83.3077
-97.1818
-97.2974
-114.586
-114.733
-137.46
-137.66
-169.863
-170.158
-220.033
-220.503
-297.655
-298.335
-388.76
-389.342
-408.463
-408.078
-271.332
-269.693
-8.15893
-6.01829
255.514
257.153
394.174
394.575
377.024
376.482
289.146
288.491
214.946
214.496
166.423
166.134
134.294
134.094
111.294
111.146
93.719
93.6024
79.6333
79.5383
68.1005
68.023
58.8775
58.8169
51.6905
51.6426
45.8218
45.7813
40.7349
40.6991
36.1851
36.1528
32.0569
32.0274
28.2904
28.2636
24.8867
24.8629
21.9417
21.9217
19.5237
19.5073
17.4893
17.4751
15.68
15.6671
14.0258
14.0139
12.4986
12.4876
11.0853
11.0752
9.78785
9.77864
8.6385
8.63059
7.67556
7.66902
6.86383
6.85815
6.14133
6.13617
5.47745
5.47267
4.86029
4.85583
4.28483
4.28068
3.75242
3.74862
3.27655
3.27326
2.3815
2.37581
1.78515
1.78165
1.3946
1.39219
1.11485
-2.61406
-2.89764
-2.92118
-3.26009
-3.28837
-3.68522
-3.71738
-4.15721
-4.19223
-4.6679
-4.70563
-5.2182
-5.25888
-5.81315
-5.85734
-6.4642
-6.51321
-7.20127
-7.25836
-8.08232
-8.15163
-9.13542
-9.21583
-10.3223
-10.4108
-11.615
-11.7107
-13.0123
-13.1158
-14.5264
-14.639
-16.1837
-16.3082
-18.0517
-18.1958
-20.278
-20.4541
-22.9831
-23.1922
-26.0929
-26.3264
-29.5202
-29.7752
-33.2616
-33.5403
-37.3641
-37.6712
-41.92
-42.2652
-47.1338
-47.5392
-53.4621
-53.9707
-61.4646
-62.102
-71.2366
-71.9961
-82.8111
-83.7122
-96.6925
-97.7906
-113.962
-115.363
-136.615
-138.517
-168.621
-171.424
-218.049
-222.518
-294.795
-301.241
-386.423
-391.759
-410.008
-406.224
-278.155
-262.649
-17.2458
3.0691
248.469
264.048
392.387
396.181
379.262
374.113
291.936
285.715
216.876
212.597
167.665
164.914
135.149
133.252
111.927
110.519
94.2165
93.1091
80.039
79.1359
68.4314
67.695
59.1362
58.5608
51.8947
51.4399
45.9946
45.6097
40.8874
40.5472
36.3228
36.0157
32.1823
31.9024
28.4048
28.1497
24.9886
24.7616
22.027
21.8372
19.5935
19.438
17.5499
17.4147
15.7349
15.6124
14.0763
13.9636
12.5453
12.441
11.1285
11.0321
9.82708
9.73966
8.67221
8.5971
7.70344
7.64132
6.88799
6.83409
6.16329
6.11428
5.49779
5.45238
4.87925
4.83693
4.30249
4.26308
3.76855
3.73252
3.29058
3.25933
2.40591
2.35186
1.80018
1.76685
1.40488
1.38201
1.1225
-2.64315
-2.68548
-2.72868
-2.77283
-2.81807
-2.86446
-2.95538
-3.00555
-3.05704
-3.10994
-3.16438
-3.22021
-3.32933
-3.38907
-3.45005
-3.51214
-3.5754
-3.6397
-3.7637
-3.83077
-3.89872
-3.96744
-4.03707
-4.1075
-4.2426
-4.31536
-4.38893
-4.4632
-4.53835
-4.61433
-4.75991
-4.8383
-4.91753
-4.99753
-5.07853
-5.1604
-5.31743
-5.40202
-5.48761
-5.57409
-5.66173
-5.75047
-5.92097
-6.01308
-6.10646
-6.20107
-6.29723
-6.39491
-6.58392
-6.68679
-6.79176
-6.89887
-7.00857
-7.12099
-7.34121
-7.4627
-7.58768
-7.71612
-7.84852
-7.98479
-8.25226
-8.39941
-8.55015
-8.70403
-8.86133
-9.02166
-9.33182
-9.50009
-9.67083
-9.84372
-10.0192
-10.1968
-10.5381
-10.7221
-10.9082
-11.0962
-11.2867
-11.4792
-11.8484
-12.0472
-12.2484
-12.4516
-12.6573
-12.8655
-13.2647
-13.4799
-13.6977
-13.9178
-14.1409
-14.3668
-14.8011
-15.0355
-15.2733
-15.5141
-15.759
-16.0076
-16.488
-16.7493
-17.0154
-17.2869
-17.5647
-17.8488
-18.405
-18.7115
-19.0268
-19.3511
-19.6857
-20.0306
-20.7104
-21.0858
-21.472
-21.8672
-22.2729
-22.6878
-23.4943
-23.9333
-24.3799
-24.8333
-25.2943
-25.762
-26.6626
-27.1491
-27.6418
-28.1408
-28.6463
-29.1582
-30.1425
-30.6734
-31.211
-31.7556
-32.3073
-32.8663
-33.9421
-34.5229
-35.1119
-35.7088
-36.3144
-36.9289
-38.1142
-38.7562
-39.4085
-40.0714
-40.7459
-41.4324
-42.7641
-43.4897
-44.2317
-44.99
-45.7666
-46.5636
-48.1287
-48.9935
-49.886
-50.8077
-51.7623
-52.7503
-54.7129
-55.8072
-56.9401
-58.1108
-59.3208
-60.569
-63.0282
-64.3838
-65.7756
-67.2024
-68.6662
-70.1659
-73.0981
-74.7054
-76.3523
-78.0394
-79.7687
-81.5424
-85.0201
-86.9334
-88.899
-90.9231
-93.0045
-95.1519
-99.3896
-101.74
-104.173
-106.692
-109.3
-112.007
-117.413
-120.445
-123.605
-126.911
-130.366
-133.979
-141.32
-145.499
-149.905
-154.567
-159.508
-164.751
-175.59
-181.901
-188.648
-195.869
-203.619
-211.924
-229.151
-239.188
-249.893
-261.238
-273.167
-285.738
-310.697
-324.444
-338.371
-352.087
-365.482
-378.099
-398.828
-407.128
-413.206
-416.669
-416.897
-413.964
-399.295
-386.556
-370.107
-349.889
-326.129
-299.029
-239.441
-204.097
-166.717
-127.628
-87.2273
-46.2375
32.0314
73.0611
113.236
152.533
189.963
225.363
285.032
311.947
335.567
355.786
372.414
385.466
400.236
403.256
402.841
399.666
394.002
385.921
365.934
353.688
340.887
327.432
314.058
300.901
277.031
265.042
253.711
242.935
232.79
223.245
206.692
198.742
191.333
184.39
177.872
171.735
161.126
155.962
151.089
146.476
142.101
137.94
130.616
126.997
123.532
120.22
117.042
113.992
108.551
105.827
103.196
100.655
98.2022
95.8311
91.5554
89.3897
87.2915
85.2546
83.2754
81.3519
77.8669
76.0954
74.3741
72.7025
71.0795
69.5047
66.6628
65.2289
63.8437
62.5068
61.2178
59.9768
57.7558
56.6421
55.5673
54.5297
53.527
52.5563
50.8006
49.9082
49.0385
48.1907
47.3616
46.5515
45.0661
44.3017
43.5517
42.8147
42.0905
41.3785
40.0654
39.3854
38.7159
38.0564
37.4061
36.7656
35.5802
34.965
34.3582
33.7596
33.1686
32.5856
31.5054
30.9442
30.3903
29.8437
29.3045
28.7726
27.7882
27.2777
26.7751
26.2805
25.7943
25.3168
24.4414
23.9917
23.5526
23.1252
22.7084
22.3031
21.571
21.1994
20.8389
20.4898
20.1499
19.8192
19.219
18.9116
18.611
18.3169
18.0284
17.745
17.2234
16.9532
16.6871
16.4252
16.1665
15.9113
15.4387
15.1928
14.9498
14.7101
14.4729
14.2385
13.8036
13.5768
13.3527
13.1313
12.9121
12.6954
12.293
12.0831
11.8755
11.6706
11.4678
11.2672
10.8953
10.7017
10.5106
10.3223
10.1364
9.95334
9.61595
9.44177
9.27099
9.104
8.94065
8.78118
8.49148
8.3439
8.20042
8.06116
7.92555
7.79358
7.55383
7.43124
7.31127
7.19397
7.07876
6.96579
6.7578
6.65002
6.5438
6.43917
6.33585
6.23384
6.04474
5.9462
5.84878
5.75261
5.65734
5.56308
5.38792
5.29648
5.20598
5.11652
5.02785
4.94007
4.77683
4.69155
4.60714
4.5237
4.44101
4.35916
4.20717
4.12788
4.04952
3.97225
3.89588
3.82055
3.68151
3.6096
3.53899
3.4698
3.40203
3.33581
3.21547
3.06918
2.90192
2.7501
2.61245
2.48699
2.27817
2.18034
2.08925
2.00406
1.9242
1.8495
1.72083
1.65824
1.59922
1.54291
1.48916
1.43829
1.35005
1.30556
1.26292
1.22236
1.18377
1.14722
