-2.5648
-2.85211
-3.21397
-3.65241
-4.13092
-4.64137
-5.18603
-5.76834
-6.39345
-7.08743
-7.95225
-9.03894
-10.2482
-11.5429
-12.9273
-14.4119
-16.0078
-17.7647
-19.9098
-22.6889
-25.8684
-29.3051
-33.012
-37.0342
-41.4237
-46.3245
-52.3223
-60.4279
-70.3949
-81.9756
-95.7145
-112.707
-134.937
-166.516
-218.527
-313.177
-453.065
-511.634
-350.614
-7.08553
335.742
496.509
438.407
302.788
214.281
163.964
132.09
109.484
92.1605
78.152
66.4818
57.2847
50.5647
45.0709
40.1834
35.7392
31.6625
27.8952
24.4262
21.4336
19.1366
17.2313
15.4915
13.8733
12.3634
10.9507
9.63221
8.45567
7.52454
6.76234
6.06878
5.41909
4.80824
4.23189
3.68989
3.20829
2.30882
1.74032
1.36809
1.09866
-2.5658
-2.85093
-2.8533
-3.21245
-3.2155
-3.65069
-3.65414
-4.12908
-4.13277
-4.6394
-4.64334
-5.18392
-5.18814
-5.76608
-5.77059
-6.39102
-6.39588
-7.08461
-7.09026
-7.94855
-7.95594
-9.0346
-9.04327
-10.2436
-10.2529
-11.5379
-11.5479
-12.9219
-12.9327
-14.4062
-14.4177
-16.0016
-16.014
-17.7577
-17.7718
-19.9005
-19.919
-22.6776
-22.7003
-25.856
-25.8807
-29.2918
-29.3185
-32.9976
-33.0264
-37.0185
-37.0499
-41.4065
-41.4409
-46.3048
-46.3443
-52.2964
-52.3483
-60.3937
-60.4622
-70.3548
-70.435
-81.9287
-82.0225
-95.6579
-95.7711
-112.635
-112.778
-134.841
-135.033
-166.37
-166.663
-218.266
-218.788
-312.713
-313.639
-452.557
-453.571
-511.798
-511.468
-351.657
-349.568
-8.4576
-5.71372
334.702
336.783
496.351
496.665
438.916
437.896
303.213
302.361
214.527
214.037
164.109
163.82
132.189
131.992
109.557
109.411
92.2182
92.1028
78.1997
78.1044
66.5213
66.4423
57.3139
57.2556
50.5869
50.5425
45.0902
45.0517
40.2007
40.166
35.7551
35.7233
31.6772
31.6478
27.9087
27.8817
24.4385
24.414
21.4435
21.4238
19.1442
19.1289
17.238
17.2245
15.4978
15.4853
13.8792
13.8675
12.3688
12.3579
10.9558
10.9456
9.63693
9.62748
8.45965
8.45171
7.5276
7.52148
6.76503
6.75965
6.07128
6.06627
5.42145
5.41674
4.81046
4.80602
4.23398
4.22979
3.69184
3.68794
3.20993
3.20664
2.31157
2.30609
1.74199
1.73866
1.36924
1.36695
1.09955
-2.57432
-2.84092
-2.86339
-3.19953
-3.22849
-3.63606
-3.66882
-4.11343
-4.14847
-4.62262
-4.66011
-5.16601
-5.2061
-5.74697
-5.78982
-6.37036
-6.41659
-7.06074
-7.1144
-7.91727
-7.98747
-8.99782
-9.08024
-10.2038
-10.2927
-11.4954
-11.5904
-12.8765
-12.9783
-14.3575
-14.4664
-15.949
-16.0667
-17.6979
-17.8319
-19.8225
-19.9979
-22.5814
-22.7969
-25.7508
-25.9864
-29.1786
-29.432
-32.8751
-33.1492
-36.8854
-37.1834
-41.2603
-41.5877
-46.1376
-46.5128
-52.0767
-52.5704
-60.1036
-60.7544
-70.0147
-70.777
-81.5313
-82.422
-95.1787
-96.2539
-112.029
-113.391
-134.025
-135.857
-165.137
-167.912
-216.076
-221.021
-308.824
-317.515
-448.168
-457.806
-513.087
-509.955
-360.371
-340.52
-20.1306
5.95606
325.731
345.544
494.899
497.888
443.197
433.534
306.878
298.758
216.652
211.992
165.346
162.601
133.029
131.164
110.18
108.794
92.7114
91.6144
78.6062
77.7006
66.8583
66.108
57.5635
57.0102
50.7762
50.3543
45.254
44.8883
40.3487
40.0186
35.8904
35.5885
31.802
31.5234
28.024
27.7669
24.5433
24.31
21.5276
21.3406
19.2094
19.0645
17.2956
17.1669
15.5511
15.4321
13.9289
13.8179
12.4154
12.3113
10.9993
10.9022
9.67713
9.58741
8.49361
8.41816
7.5539
7.49557
6.78798
6.73678
6.09258
6.04502
5.44151
5.39676
4.82934
4.78718
4.2518
4.21201
3.70844
3.67144
3.22395
3.19221
2.33511
2.28335
1.75631
1.72462
1.379
1.35728
1.10715
-2.60168
-2.64143
-2.68187
-2.7233
-2.76575
-2.80949
-2.8962
-2.94472
-2.99522
-3.0477
-3.10229
-3.15888
-3.27047
-3.33194
-3.39467
-3.45861
-3.52351
-3.5894
-3.71603
-3.78415
-3.85308
-3.92245
-3.9927
-4.06351
-4.19888
-4.27161
-4.34502
-4.41907
-4.494
-4.56947
-4.71381
-4.79134
-4.86964
-4.94864
-5.0285
-5.10915
-5.26358
-5.34646
-5.43027
-5.51476
-5.60007
-5.68619
-5.85149
-5.94003
-6.02987
-6.12042
-6.2121
-6.30475
-6.48314
-6.57972
-6.67809
-6.7781
-6.88064
-6.98568
-7.19252
-7.3081
-7.42799
-7.55305
-7.68325
-7.81911
-8.08995
-8.24043
-8.39534
-8.55402
-8.71603
-8.88116
-9.19925
-9.37093
-9.54475
-9.72051
-9.89789
-10.0775
-10.4206
-10.6049
-10.7914
-10.9787
-11.1684
-11.3602
-11.7268
-11.9241
-12.1229
-12.3237
-12.5267
-12.7319
-13.1246
-13.3363
-13.5494
-13.7647
-13.9827
-14.2026
-14.6235
-14.8505
-15.0795
-15.3106
-15.5449
-15.7814
-16.2362
-16.482
-16.7317
-16.9858
-17.2446
-17.509
-18.0262
-18.3131
-18.6109
-18.9194
-19.2417
-19.5786
-20.2543
-20.6341
-21.0277
-21.4327
-21.8503
-22.2773
-23.1066
-23.5566
-24.0138
-24.4755
-24.9433
-25.4174
-26.325
-26.8132
-27.3069
-27.8051
-28.3091
-28.8187
-29.7972
-30.3234
-30.8549
-31.3925
-31.9362
-32.4863
-33.5435
-34.1132
-34.6899
-35.2739
-35.8639
-36.4623
-37.6119
-38.2312
-38.8596
-39.4977
-40.1417
-40.797
-42.0599
-42.7428
-43.4391
-44.147
-44.87
-45.6098
-47.0583
-47.8606
-48.6881
-49.5498
-50.4502
-51.3903
-53.296
-54.3764
-55.5079
-56.689
-57.9168
-59.1888
-61.6996
-63.0827
-64.4977
-65.946
-67.4257
-68.9381
-71.8808
-73.486
-75.1271
-76.8043
-78.5217
-80.2758
-83.7127
-85.5963
-87.5289
-89.5186
-91.5622
-93.6685
-97.8195
-100.12
-102.497
-104.952
-107.488
-110.127
-115.388
-118.333
-121.408
-124.618
-127.953
-131.466
-138.572
-142.63
-146.898
-151.442
-156.261
-161.359
-172.026
-178.312
-185.129
-192.51
-200.589
-209.392
-228.47
-239.978
-252.567
-266.227
-280.997
-296.963
-330.252
-349.375
-369.486
-390.46
-412.233
-433.376
-471.003
-487.824
-500.957
-509.925
-514.875
-515.264
-503.84
-490.737
-472.548
-449.238
-420.498
-386.932
-310.072
-263.391
-213.866
-162.934
-110.364
-57.3846
43.1666
96.0799
148.161
199.484
249.057
295.362
372.505
405.949
434.21
457.319
475.316
488.35
500.233
499.636
494.697
485.543
472.478
456.052
419.203
398.222
377.135
356.708
337.362
319.028
287.601
272.761
258.939
246.197
234.476
223.74
205.712
197.29
189.543
182.352
175.675
169.431
158.805
153.633
148.805
144.238
139.9
135.783
128.565
124.995
121.589
118.328
115.205
112.205
106.854
104.16
101.569
99.0677
96.6468
94.3083
90.0785
87.931
85.8496
83.8196
81.8471
79.9225
76.4244
74.6384
72.8983
71.2026
69.552
67.9506
65.0577
63.604
62.2068
60.8684
59.5923
58.3771
56.2442
55.1906
54.1833
53.218
52.2885
51.3881
49.7628
48.9314
48.1206
47.3258
46.5469
45.7813
44.3701
43.6402
42.9217
42.2136
41.5134
40.8252
39.5502
38.8883
38.235
37.5904
36.9541
36.3253
35.1602
34.5541
33.9558
33.3646
32.7802
32.2022
31.1286
30.5703
30.0171
29.4705
28.9302
28.3945
27.4012
26.8833
26.3719
25.8678
25.3703
24.8811
23.9804
23.5167
23.0664
22.6303
22.2078
21.8017
21.0797
20.7204
20.3763
20.0465
19.7274
19.4194
18.8612
18.5747
18.2941
18.0191
17.7476
17.4799
16.9847
16.7269
16.4715
16.2196
15.9699
15.7226
15.263
15.0235
14.7862
14.5517
14.3186
14.0888
13.6606
13.4366
13.2153
12.9962
12.7793
12.5643
12.1643
11.9551
11.7478
11.5431
11.3403
11.1386
10.7642
10.5686
10.3748
10.1833
9.99358
9.80654
9.46026
9.28113
9.10525
8.93338
8.76618
8.60392
8.31276
8.16682
8.0268
7.89247
7.76323
7.63856
7.41381
7.29891
7.18669
7.07658
6.96823
6.86157
6.66422
6.56142
6.45976
6.35922
6.25963
6.16092
5.97737
5.88146
5.78609
5.69202
5.59845
5.50587
5.33316
5.2429
5.15341
5.06484
4.97693
4.88982
4.72734
4.64218
4.55792
4.47425
4.39127
4.30891
4.15546
4.07515
3.99555
3.91685
3.83885
3.76176
3.61915
3.54542
3.47316
3.40287
3.33467
3.26898
3.14781
2.99878
2.82457
2.6712
2.53529
2.4132
2.2129
2.11848
2.0316
1.9513
1.87523
1.80357
1.68111
1.6217
1.5651
1.51111
1.45961
1.41108
1.32686
1.28462
1.24389
1.20472
1.16734
1.13165
