-2.21331
-2.42242
-2.64883
-2.90282
-3.19894
-3.54071
-3.91794
-4.32246
-4.75245
-5.20917
-5.69535
-6.21637
-6.78458
-7.42788
-8.18511
-9.06293
-10.0338
-11.077
-12.1886
-13.3723
-14.6363
-15.9962
-17.4876
-19.1908
-21.2111
-23.5642
-26.1755
-28.9959
-32.0225
-35.2761
-38.7932
-42.6403
-46.9541
-52.0177
-58.205
-65.6388
-74.2472
-84.1158
-95.5895
-109.289
-126.224
-148.153
-178.302
-222.33
-285.989
-363.466
-415.42
-379.214
-230.628
-7.06052
216.476
365.016
401.61
351.23
276.893
216.719
174.493
144.812
122.908
105.844
92.0015
80.4232
70.5809
62.3256
55.624
50.1565
45.4671
41.2779
37.4539
33.9272
30.6549
27.6163
24.8252
22.3506
20.2548
18.4738
16.8904
15.4346
14.0773
12.8046
11.6089
10.4876
9.45004
8.52405
7.73212
7.04997
6.43599
5.86645
5.33145
4.82616
4.34802
3.89749
3.48159
2.97809
2.24373
1.77654
1.4458
1.19802
1.00254
0.848719
-2.21423
-2.42144
-2.4234
-2.64776
-2.64991
-2.90159
-2.90406
-3.19749
-3.20039
-3.53908
-3.54235
-3.91616
-3.91971
-4.32057
-4.32434
-4.75045
-4.75446
-5.20704
-5.2113
-5.69308
-5.69762
-6.21392
-6.21882
-6.78187
-6.7873
-7.42474
-7.43103
-8.18139
-8.18882
-9.05873
-9.06714
-10.0293
-10.0384
-11.0722
-11.0819
-12.1834
-12.1937
-13.3668
-13.3779
-14.6303
-14.6422
-15.9897
-16.0026
-17.4804
-17.4947
-19.1824
-19.1991
-21.2012
-21.2211
-23.5529
-23.5755
-26.1632
-26.1878
-28.9827
-29.0091
-32.0084
-32.0367
-35.2608
-35.2914
-38.7766
-38.8098
-42.622
-42.6587
-46.9331
-46.975
-51.9924
-52.0429
-58.1742
-58.2359
-65.6025
-65.6751
-74.2056
-74.2889
-84.0678
-84.1637
-95.5332
-95.6459
-109.22
-109.357
-126.138
-126.311
-148.039
-148.267
-178.14
-178.465
-222.087
-222.572
-285.658
-286.321
-363.124
-363.808
-415.352
-415.485
-379.636
-378.789
-231.523
-229.732
-8.13204
-5.98898
215.58
217.371
364.59
365.439
401.678
401.54
351.553
350.905
277.211
276.576
216.948
216.49
174.651
174.335
144.925
144.698
122.994
122.821
105.913
105.775
92.0585
91.9446
80.4714
80.375
70.6218
70.5399
62.3595
62.2918
55.6512
55.5968
50.1792
50.1339
45.487
45.4471
41.296
41.2598
37.4705
37.4373
33.9426
33.9118
30.6691
30.6406
27.6295
27.6031
24.8372
24.8132
22.361
22.3403
20.2635
20.2461
18.4813
18.4663
16.8973
16.8836
15.4409
15.4282
14.0833
14.0714
12.8102
12.799
11.6141
11.6036
10.4925
10.4827
9.45452
9.44558
8.52794
8.52016
7.73541
7.72882
7.05288
7.04706
6.43866
6.43333
5.86894
5.86395
5.33381
5.3291
4.82838
4.82394
4.35012
4.34591
3.89946
3.89552
3.48337
3.4798
2.98238
2.9738
2.24631
2.24115
1.77829
1.7748
1.44708
1.44452
1.199
1.19704
1.00333
1.00176
0.849339
-2.22133
-2.41385
-2.43101
-2.63945
-2.65826
-2.89206
-2.91366
-3.1863
-3.21164
-3.52643
-3.55507
-3.90245
-3.93346
-4.30596
-4.33899
-4.73493
-4.77001
-5.19055
-5.22783
-5.67549
-5.71527
-6.19495
-6.23788
-6.7609
-6.80838
-7.40048
-7.45548
-8.1527
-8.2177
-9.02618
-9.0998
-9.99395
-10.0738
-11.0344
-11.1197
-12.1432
-12.234
-13.324
-13.4208
-14.5845
-14.6881
-15.9402
-16.0523
-17.4252
-17.5503
-19.118
-19.2641
-21.1245
-21.2984
-23.4656
-23.6631
-26.068
-26.2834
-28.8804
-29.1117
-31.8986
-32.1469
-35.1426
-35.41
-38.6483
-38.9387
-42.4804
-42.801
-46.7712
-47.138
-51.7978
-52.2392
-57.936
-58.4759
-65.3218
-65.9574
-73.884
-74.6125
-83.6975
-84.536
-95.0983
-96.0845
-108.694
-109.888
-125.472
-126.984
-147.158
-149.158
-176.889
-179.733
-220.239
-224.456
-283.105
-288.903
-360.45
-366.435
-414.761
-415.91
-382.814
-375.412
-238.386
-222.729
-16.4355
2.30763
208.591
224.267
361.211
368.636
402.132
400.922
354.103
348.375
279.684
274.136
218.738
214.73
175.887
173.122
145.811
143.823
123.67
122.153
106.45
105.241
92.5018
91.5048
80.8465
80.0026
70.9405
70.2237
62.6225
62.031
55.8628
55.3872
50.3556
49.9588
45.6421
45.2927
41.4363
41.1201
37.5992
37.309
34.0619
33.793
30.78
30.5302
27.7322
27.5009
24.9304
24.7206
22.4416
22.2602
20.331
20.1792
18.5399
18.408
16.9504
16.8306
15.4902
15.3791
14.1294
14.0254
12.8535
12.7558
11.6548
11.5631
10.5305
10.4448
9.48926
9.41102
8.55823
8.49011
7.76107
7.70335
7.07547
7.02457
6.45935
6.4127
5.88831
5.84465
5.35207
5.31092
4.84564
4.80672
4.36644
4.32964
3.91474
3.88029
3.49722
3.46602
3.01602
2.94095
2.26649
2.22134
1.79193
1.76138
1.45708
1.43468
1.20666
1.18949
1.00945
0.995696
0.854156
-2.24232
-2.27162
-2.30116
-2.33105
-2.36118
-2.39166
-2.45352
-2.48503
-2.5169
-2.54922
-2.58193
-2.61516
-2.68306
-2.71792
-2.75346
-2.78966
-2.82655
-2.86433
-2.94222
-2.98257
-3.02389
-3.06619
-3.10947
-3.1537
-3.2451
-3.2922
-3.34029
-3.38923
-3.439
-3.48946
-3.59267
-3.6453
-3.69866
-3.75268
-3.80724
-3.86231
-3.97413
-4.03084
-4.08816
-4.14601
-4.20437
-4.26316
-4.38227
-4.4426
-4.50356
-4.56503
-4.62703
-4.68947
-4.81597
-4.88001
-4.94475
-5.01002
-5.07581
-5.14225
-5.27668
-5.3448
-5.41366
-5.48314
-5.55318
-5.62399
-5.76741
-5.8402
-5.91387
-5.98831
-6.06346
-6.13948
-6.29421
-6.37296
-6.45297
-6.53409
-6.61623
-6.69975
-6.87098
-6.9589
-7.04872
-7.14041
-7.23405
-7.32996
-7.5283
-7.63119
-7.73681
-7.845
-7.95567
-8.06917
-8.30351
-8.42437
-8.5478
-8.67353
-8.8012
-8.93115
-9.19651
-9.33189
-9.4692
-9.60824
-9.74847
-9.89053
-10.1786
-10.3247
-10.4725
-10.6217
-10.772
-10.924
-11.2314
-11.3876
-11.5449
-11.7038
-11.8638
-12.0256
-12.353
-12.5188
-12.6865
-12.8558
-13.0263
-13.1987
-13.5476
-13.7245
-13.9034
-14.0841
-14.2663
-14.4505
-14.824
-15.0137
-15.2058
-15.4001
-15.5963
-15.7951
-16.1997
-16.406
-16.6157
-16.8286
-17.0444
-17.2642
-17.7154
-17.9475
-18.185
-18.4276
-18.6757
-18.9305
-19.4578
-19.7314
-20.013
-20.302
-20.5977
-20.9012
-21.5281
-21.8518
-22.1825
-22.5195
-22.8624
-23.2104
-23.9228
-24.2865
-24.6557
-25.0295
-25.4069
-25.7894
-26.5659
-26.9603
-27.3596
-27.7626
-28.1698
-28.5811
-29.4149
-29.8387
-30.2669
-30.6992
-31.136
-31.5774
-32.4723
-32.9274
-33.3872
-33.852
-34.3218
-34.7968
-35.7607
-36.2516
-36.7478
-37.2503
-37.7587
-38.2732
-39.3199
-39.8543
-40.3957
-40.9449
-41.5014
-42.0666
-43.2227
-43.8158
-44.4198
-45.0345
-45.661
-46.3006
-47.6222
-48.3069
-49.009
-49.7306
-50.4719
-51.2339
-52.8249
-53.6577
-54.516
-55.3992
-56.3089
-57.2447
-59.1911
-60.2042
-61.2428
-62.3055
-63.3925
-64.5044
-66.7962
-67.9785
-69.1845
-70.4148
-71.6688
-72.9467
-75.5728
-76.9265
-78.308
-79.716
-81.1531
-82.6198
-85.6442
-87.2075
-88.8069
-90.4443
-92.1188
-93.834
-97.3896
-99.2407
-101.14
-103.088
-105.099
-107.166
-111.475
-113.733
-116.065
-118.476
-120.97
-123.554
-128.995
-131.87
-134.863
-137.981
-141.231
-144.619
-151.839
-155.716
-159.809
-164.087
-168.579
-173.308
-183.569
-189.129
-195.024
-201.31
-207.953
-214.962
-230.135
-238.306
-247.047
-256.179
-265.773
-275.708
-296.549
-307.501
-318.724
-330.062
-341.388
-352.558
-374.045
-383.891
-392.835
-400.734
-407.263
-412.251
-416.718
-416.082
-413.344
-408.296
-400.993
-391.243
-364.732
-347.937
-328.779
-307.32
-283.634
-258.049
-201.682
-171.395
-139.624
-107.254
-74.2898
-40.8347
26.5167
60.1344
93.297
125.625
157.121
187.556
243.911
269.566
293.095
314.434
333.685
350.515
377.114
386.607
393.936
399.099
402.027
402.789
398.404
393.545
387.14
379.645
370.928
361.41
340.735
329.848
318.917
308.206
297.516
287.043
267.086
257.756
248.765
240.157
231.962
224.154
209.694
203.028
196.701
190.69
185.007
179.618
169.622
164.985
160.58
156.359
152.325
148.475
141.304
137.93
134.685
131.572
128.571
125.686
120.219
117.617
115.106
112.679
110.329
108.051
103.697
101.611
99.5808
97.6097
95.6918
93.8214
90.2273
88.4927
86.801
85.1507
83.5382
81.9615
78.9192
77.4473
76.0093
74.6041
73.2303
71.8888
69.305
68.0594
66.8474
65.6681
64.5215
63.4065
61.2764
60.2598
59.2734
58.3189
57.3932
56.494
54.7801
53.9589
53.1598
52.3816
51.6217
50.8803
49.4488
48.7541
48.0726
47.4044
46.7472
46.1016
44.8425
44.2267
43.6203
43.0223
42.4327
41.8511
40.7117
40.1519
39.599
39.0531
38.5136
37.9803
36.9336
36.4185
35.9091
35.4056
34.9072
34.4143
33.4452
32.9678
32.4953
32.0281
31.5654
31.1074
30.2072
29.7636
29.3245
28.8902
28.4605
28.0357
27.202
26.792
26.3874
25.9881
25.5941
25.2066
24.4505
24.0817
23.7205
23.3665
23.0199
22.6813
22.0279
21.7135
21.4067
21.1077
20.8161
20.532
19.9843
19.7194
19.4607
19.2068
18.9577
18.7136
18.2379
18.0055
17.7765
17.5505
17.3274
17.1076
16.6758
16.4632
16.2533
16.0453
15.8395
15.636
15.2353
15.0376
14.842
14.648
14.4559
14.2658
13.8907
13.7054
13.5221
13.3402
13.1599
12.9814
12.6294
12.4554
12.2831
12.1122
11.9427
11.775
11.4442
11.2808
11.1191
10.9587
10.8002
10.643
10.334
10.1818
10.0316
9.88307
9.73647
9.59223
9.31023
9.17253
9.03757
8.90505
8.77516
8.64828
8.40276
8.28423
8.16863
8.05566
7.94519
7.83737
7.62917
7.52801
7.42912
7.33184
7.23626
7.1424
6.95886
6.86891
6.78034
6.69264
6.60605
6.52054
6.35229
6.26934
6.18732
6.10596
6.02536
5.94554
5.78812
5.71034
5.63338
5.5569
5.48104
5.40597
5.25763
5.18424
5.11152
5.03926
4.96758
4.89657
4.75626
4.68679
4.61798
4.54959
4.48182
4.41466
4.28194
4.21643
4.15137
4.08691
4.02306
3.95993
3.83571
3.77459
3.71421
3.65462
3.59591
3.53827
3.42584
3.37129
3.31769
3.26528
3.21398
3.11851
2.8476
2.72733
2.61562
2.51249
2.41643
2.32756
2.16508
2.09147
2.02162
1.95555
1.89272
1.83311
1.7228
1.67149
1.62276
1.57584
1.53061
1.48721
1.40663
1.36919
1.33281
1.29737
1.26297
1.2297
1.16775
1.13828
1.10904
1.08073
1.05381
1.02775
0.978144
0.954514
0.93173
0.909719
0.888551
0.868443
