-2.93685
-3.13198
-3.34743
-3.58115
-3.8299
-4.09139
-4.36451
-4.64911
-4.94558
-5.25459
-5.57712
-5.91474
-6.26985
-6.64682
-7.05308
-7.49933
-7.99602
-8.54682
-9.14596
-9.78486
-10.4575
-11.1614
-11.896
-12.6627
-13.4632
-14.3005
-15.1789
-16.1056
-17.0928
-18.1615
-19.3414
-20.6614
-22.1309
-23.7346
-25.45
-27.2626
-29.167
-31.1646
-33.2616
-35.4669
-37.793
-40.2584
-42.8907
-45.7362
-48.8693
-52.3943
-56.4154
-60.9844
-66.0909
-71.7152
-77.8782
-84.6487
-92.1401
-100.52
-110.022
-120.965
-133.804
-149.228
-168.26
-192.426
-223.716
-263.756
-312.21
-364.117
-405.585
-415.566
-379.168
-291.417
-160.608
-7.08849
146.375
277.4
364.957
401.945
392.508
352.39
302.357
256.1
218.024
188.028
164.559
145.804
130.442
117.564
106.553
96.9714
88.5174
80.9789
74.2142
68.1587
62.8011
58.1284
54.0646
50.4799
47.2457
44.2725
41.503
38.9016
36.4447
34.1158
31.9024
29.7971
27.797
25.9062
24.141
22.5244
21.0729
19.7761
18.6022
17.5178
16.5
15.5355
14.6161
13.7371
12.8953
12.0885
11.3153
10.576
9.87341
9.21397
8.60693
8.05814
7.5639
7.11264
6.69283
6.29632
5.9185
5.55668
5.20911
4.87478
4.55295
4.24347
3.94687
3.66502
3.40117
3.08498
2.52405
2.12571
1.8226
1.5835
-2.93811
-3.13058
-3.13338
-3.34589
-3.34896
-3.5795
-3.58279
-3.82816
-3.83164
-4.08957
-4.09321
-4.36261
-4.36641
-4.64713
-4.65108
-4.94352
-4.94764
-5.25245
-5.25674
-5.57488
-5.57936
-5.91238
-5.91709
-6.26737
-6.27234
-6.64417
-6.64947
-7.05019
-7.05596
-7.49613
-7.50253
-7.99245
-7.99959
-8.54289
-8.55074
-9.14175
-9.15018
-9.78039
-9.78933
-10.4529
-10.4622
-11.1565
-11.1663
-11.8909
-11.9011
-12.6573
-12.668
-13.4576
-13.4688
-14.2947
-14.3063
-15.1728
-15.1851
-16.0991
-16.1121
-17.0859
-17.0998
-18.1539
-18.1691
-19.3329
-19.3498
-20.6519
-20.6709
-22.1204
-22.1414
-23.7233
-23.7459
-25.438
-25.4621
-27.25
-27.2753
-29.1538
-29.1803
-31.1507
-31.1785
-33.247
-33.2762
-35.4515
-35.4823
-37.7768
-37.8093
-40.2411
-40.2757
-42.8722
-42.9093
-45.7159
-45.7565
-48.8468
-48.8919
-52.3687
-52.4198
-56.3862
-56.4447
-60.9515
-61.0174
-66.0544
-66.1274
-71.6752
-71.7553
-77.8344
-77.9222
-84.6004
-84.697
-92.0864
-92.1938
-100.459
-100.58
-109.953
-110.091
-120.885
-121.045
-133.709
-133.899
-149.113
-149.344
-168.115
-168.404
-192.24
-192.613
-223.476
-223.957
-263.452
-264.06
-311.861
-312.559
-363.775
-364.458
-405.386
-405.783
-415.64
-415.491
-379.59
-378.743
-292.178
-290.653
-161.602
-159.612
-8.15893
-6.01829
145.371
147.378
276.634
278.162
364.528
365.383
401.854
402.033
392.703
392.311
352.714
352.069
302.695
302.02
256.39
255.812
218.255
217.794
188.207
187.849
164.701
164.418
145.919
145.69
130.537
130.346
117.645
117.484
106.623
106.484
97.0324
96.9104
88.5715
88.4632
81.0274
80.9304
74.2578
74.1707
68.1976
68.1199
62.8353
62.767
58.158
58.0988
54.0905
54.0388
50.503
50.4568
47.2668
47.2247
44.292
44.253
41.5212
41.4848
38.9188
38.8844
36.461
36.4284
34.1312
34.1003
31.9171
31.8878
29.8111
29.7832
27.8102
27.7837
25.9187
25.8938
24.1525
24.1294
22.5348
22.5139
21.0822
21.0635
19.7845
19.7677
18.6099
18.5945
17.5249
17.5106
16.5068
16.4933
15.5419
15.5291
14.6222
14.61
13.7429
13.7312
12.9009
12.8897
12.0938
12.0831
11.3204
11.3101
10.5809
10.571
9.87806
9.86877
9.21829
9.20965
8.61087
8.603
8.06169
8.0546
7.5671
7.5607
7.11559
7.10968
6.6956
6.69006
6.29895
6.29369
5.92101
5.91599
5.55909
5.55427
5.21143
5.2068
4.87701
4.87255
4.5551
4.5508
4.24553
4.24141
3.94884
3.9449
3.66688
3.66316
3.40289
3.39944
3.08951
3.08045
2.52723
2.52088
2.12804
2.12338
1.82441
1.82079
1.58497
-2.94663
-3.12117
-3.14284
-3.33558
-3.35932
-3.56842
-3.59391
-3.81646
-3.84338
-4.07731
-4.1055
-4.34982
-4.37923
-4.63381
-4.66443
-4.92964
-4.96155
-5.23798
-5.27124
-5.55976
-5.59452
-5.89653
-5.93299
-6.25064
-6.28913
-6.6263
-6.66741
-7.03078
-7.0755
-7.47462
-7.52417
-7.96844
-8.02375
-8.51647
-8.57729
-9.11332
-9.17871
-9.7503
-9.81951
-10.4213
-10.4939
-11.1236
-11.1994
-11.8565
-11.9356
-12.6214
-12.704
-13.4201
-13.5064
-14.2554
-14.3458
-15.1315
-15.2265
-16.0554
-16.156
-17.039
-17.147
-18.1027
-18.2206
-19.2758
-19.4073
-20.5879
-20.7352
-22.0499
-22.2123
-23.6471
-23.8224
-25.3571
-25.5433
-27.1648
-27.3608
-29.0643
-29.27
-31.0569
-31.2726
-33.1485
-33.3751
-35.3478
-35.5864
-37.6671
-37.9193
-40.1246
-40.3927
-42.7472
-43.0348
-45.5798
-45.8936
-48.6954
-49.0445
-52.1969
-52.5932
-56.1897
-56.6426
-60.7298
-61.2404
-65.8088
-66.3744
-71.4057
-72.0263
-77.5392
-78.2195
-84.275
-85.0243
-91.7248
-92.5576
-100.052
-100.99
-109.488
-110.559
-120.346
-121.589
-133.072
-134.545
-148.338
-150.128
-167.135
-169.386
-190.991
-193.882
-221.863
-225.592
-261.414
-266.121
-309.508
-314.92
-361.462
-366.758
-404.001
-407.081
-416.066
-414.902
-382.373
-375.817
-297.245
-285.427
-168.277
-152.854
-15.3791
1.19953
138.577
154.104
271.395
283.241
361.576
368.18
401.186
402.538
393.957
390.934
354.892
349.89
304.955
299.767
258.359
253.877
219.82
216.249
189.426
186.649
165.665
163.467
146.698
144.92
131.183
129.706
118.192
116.942
107.094
106.016
97.4457
96.5001
88.9384
88.099
81.3561
80.6039
74.5529
73.8775
68.4607
67.8587
63.0665
62.5377
58.3589
57.8998
54.2657
53.865
50.6592
50.3016
47.4091
47.0832
44.4238
44.1218
41.6446
41.3619
39.0349
38.7688
36.5709
36.3187
34.2355
33.9963
32.0164
31.7888
29.9055
29.6891
27.8998
27.6945
26.003
25.8098
24.2306
24.0518
22.6056
22.4436
21.1454
21.0008
19.8411
19.7115
18.6616
18.543
17.5731
17.4626
16.5523
16.448
15.5851
15.4859
14.6635
14.5688
13.7825
13.6918
12.9388
12.8519
12.1302
12.0469
11.3552
11.2754
10.614
10.538
9.90946
9.83749
9.24752
9.18056
8.63751
8.57652
8.08566
8.03077
7.58876
7.53916
7.13557
7.08978
6.71433
6.67139
6.31672
6.27596
5.93801
5.89904
5.5754
5.53801
5.2271
5.19116
4.89209
4.8575
4.56961
4.53633
4.25947
4.22752
3.96216
3.93162
3.67946
3.65063
3.41457
3.38783
3.12042
3.05015
2.54886
2.49969
2.14389
2.10776
1.8367
1.80865
1.59492
-2.96693
-2.99262
-3.01874
-3.04511
-3.07188
-3.09914
-3.16537
-3.1938
-3.22269
-3.25188
-3.28142
-3.31137
-3.38395
-3.41505
-3.44641
-3.47808
-3.51004
-3.54237
-3.62031
-3.65356
-3.68699
-3.72069
-3.75462
-3.78889
-3.87124
-3.9062
-3.94148
-3.9769
-4.01252
-4.04843
-4.13464
-4.1712
-4.20806
-4.24502
-4.2823
-4.3197
-4.40962
-4.44772
-4.48614
-4.52465
-4.56348
-4.60244
-4.69608
-4.73577
-4.77578
-4.81592
-4.85627
-4.89695
-4.99452
-5.03589
-5.07758
-5.1194
-5.16146
-5.2039
-5.30564
-5.34878
-5.39228
-5.43594
-5.47986
-5.52415
-5.63048
-5.6757
-5.72111
-5.76681
-5.8128
-5.8592
-5.97071
-6.01821
-6.06592
-6.11397
-6.16237
-6.21127
-6.32898
-6.37908
-6.42975
-6.4808
-6.53227
-6.58431
-6.71011
-6.76385
-6.81832
-6.87326
-6.92896
-6.98519
-7.12202
-7.18073
-7.2404
-7.30073
-7.36194
-7.42418
-7.57578
-7.64101
-7.70739
-7.77458
-7.84281
-7.91229
-8.08123
-8.15384
-8.22763
-8.30223
-8.37779
-8.45447
-8.64037
-8.71989
-8.80043
-8.88159
-8.96353
-9.04648
-9.24647
-9.3316
-9.41768
-9.50423
-9.59141
-9.67946
-9.89113
-9.98104
-10.0718
-10.1628
-10.2545
-10.347
-10.569
-10.6631
-10.7581
-10.8533
-10.9492
-11.0459
-11.2778
-11.3761
-11.4752
-11.5746
-11.6746
-11.7755
-12.0174
-12.12
-12.2234
-12.3272
-12.4316
-12.5368
-12.7894
-12.8965
-13.0044
-13.1128
-13.2218
-13.3318
-13.5956
-13.7078
-13.8204
-13.9338
-14.0478
-14.1629
-14.4392
-14.5565
-14.675
-14.7939
-14.9136
-15.0343
-15.3248
-15.4483
-15.573
-15.6984
-15.8248
-15.9525
-16.2602
-16.3913
-16.524
-16.6575
-16.7929
-16.9289
-17.259
-17.4001
-17.5433
-17.6878
-17.834
-17.9825
-18.3434
-18.4984
-18.656
-18.8155
-18.9776
-19.1422
-19.5441
-19.7172
-19.8936
-20.0721
-20.2536
-20.4383
-20.8884
-21.0819
-21.2789
-21.478
-21.6796
-21.8842
-22.3809
-22.5936
-22.8091
-23.0264
-23.2458
-23.468
-24.0041
-24.2325
-24.4635
-24.6959
-24.93
-25.1667
-25.736
-25.978
-26.2224
-26.4678
-26.7149
-26.9642
-27.5636
-27.8183
-28.0746
-28.3326
-28.5923
-28.8537
-29.4829
-29.75
-30.0188
-30.2894
-30.5617
-30.8359
-31.4958
-31.7762
-32.0584
-32.3425
-32.6285
-32.9164
-33.6097
-33.9044
-34.2009
-34.4997
-34.8006
-35.1036
-35.8335
-36.1439
-36.4566
-36.7717
-37.0892
-37.409
-38.1806
-38.5091
-38.8403
-39.1743
-39.5109
-39.8504
-40.6709
-41.0206
-41.3737
-41.73
-42.09
-42.4534
-43.3335
-43.71
-44.0909
-44.4765
-44.866
-45.2603
-46.22
-46.6321
-47.0499
-47.474
-47.9039
-48.3407
-49.4086
-49.8694
-50.3383
-50.8148
-51.3005
-51.7945
-53.0071
-53.5319
-54.0663
-54.6105
-55.1653
-55.7296
-57.1147
-57.7134
-58.3222
-58.9417
-59.5708
-60.2101
-61.7724
-62.4451
-63.1274
-63.8193
-64.5211
-65.2323
-66.9628
-67.7057
-68.4583
-69.2204
-69.9918
-70.7729
-72.6718
-73.486
-74.3102
-75.145
-75.9901
-76.846
-78.927
-79.8194
-80.7241
-81.6408
-82.5699
-83.5116
-85.8043
-86.79
-87.789
-88.8028
-89.8317
-90.8767
-93.4255
-94.5254
-95.6419
-96.7763
-97.929
-99.1002
-101.969
-103.211
-104.473
-105.759
-107.07
-108.403
-111.679
-113.1
-114.552
-116.033
-117.544
-119.087
-122.891
-124.553
-126.251
-127.987
-129.765
-131.584
-136.094
-138.074
-140.109
-142.195
-144.33
-146.536
-152.017
-154.438
-156.93
-159.503
-162.155
-164.884
-171.755
-174.797
-177.968
-181.227
-184.6
-188.103
-196.942
-200.889
-204.975
-209.21
-213.592
-218.116
-229.538
-234.617
-239.867
-245.289
-250.906
-256.644
-271.048
-277.348
-283.825
-290.429
-297.104
-303.946
-320.592
-327.713
-334.864
-341.978
-348.997
-355.952
-372.034
-378.348
-384.526
-390.193
-395.625
-400.468
-409.855
-412.783
-415.029
-416.576
-417.078
-416.949
-413.038
-409.987
-405.985
-401.004
-395.191
-388.474
-368.508
-358.444
-347.479
-335.536
-322.511
-308.757
-272.794
-256.279
-239.111
-221.303
-202.802
-183.827
-136.761
-116.317
-95.5795
-74.6632
-53.6353
-32.4103
18.2221
39.4299
60.4923
81.4089
101.988
122.393
169.724
188.672
207.127
225.031
242.066
258.616
294.835
308.439
321.191
333.074
344.091
354.171
374.381
381.263
387.226
392.166
396.158
399.297
403.294
403.366
402.741
401.357
399.278
396.568
387.516
382.9
377.816
372.243
366.178
359.977
344.638
337.87
330.927
324.026
317.182
310.375
294.497
287.959
281.513
275.21
269.044
263.047
249.384
243.894
238.579
233.435
228.437
223.612
212.661
208.303
204.095
200.039
196.144
192.362
183.865
180.491
177.213
174.035
170.967
167.991
161.257
158.571
155.957
153.422
150.962
148.567
143.127
140.942
138.811
136.735
134.707
132.731
128.217
126.395
124.611
122.869
121.167
119.503
115.674
114.123
112.601
111.112
109.652
108.221
104.921
103.577
102.255
100.958
99.684
98.4329
95.5388
94.3562
93.1936
92.0495
90.9234
89.8142
87.2449
86.1936
85.1578
84.1375
83.131
82.1399
79.8377
78.8946
77.9653
77.049
76.1461
75.2563
73.1904
72.3447
71.5117
70.6913
69.884
69.0889
67.247
66.4956
65.7572
65.0312
64.3183
63.6181
62.0017
61.3443
60.6994
60.067
59.4471
58.8384
57.4349
56.8649
56.3047
55.7548
55.2146
54.6845
53.4583
52.9578
52.4653
51.9802
51.5024
51.0316
49.9374
49.4882
49.045
48.6075
48.1754
47.7481
46.7507
46.3396
45.9327
45.5299
45.1315
44.7372
43.8133
43.4314
43.0527
42.6777
42.306
41.9376
41.0728
40.7147
40.3597
40.0073
39.6577
39.3109
38.4962
38.1583
37.8229
37.49
37.1597
36.8319
36.0606
35.7407
35.4229
35.1074
34.7942
34.4832
33.7512
33.4473
33.1454
32.8455
32.5477
32.2519
31.5557
31.2666
30.9795
30.6943
30.411
30.1296
29.4674
29.1925
28.9196
28.6486
28.3795
28.1124
27.4843
27.2239
26.9656
26.7093
26.4552
26.2033
25.6126
25.368
25.1264
24.8873
24.6502
24.4162
23.8697
23.6444
23.4225
23.2037
22.987
22.7741
22.279
22.0759
21.8764
21.6801
21.4861
21.2959
20.854
20.6729
20.4951
20.3197
20.1465
19.976
19.5795
19.4165
19.2558
19.0971
18.9398
18.7846
18.4219
18.272
18.124
17.9773
17.8316
17.6876
17.3496
17.2094
17.0706
16.9329
16.7959
16.6602
16.3412
16.2089
16.0771
15.9466
15.8166
15.6878
15.3843
15.258
15.1328
15.0084
14.8844
14.7615
14.4717
14.351
14.2313
14.1123
13.9938
13.8762
13.5989
13.4834
13.3688
13.2548
13.1415
13.0286
12.7629
12.6521
12.5423
12.4331
12.3242
12.2163
11.9615
11.8554
11.7501
11.6454
11.5411
11.4377
11.1938
11.0922
10.9914
10.8913
10.7916
10.6928
10.4601
10.3633
10.2675
10.1724
10.0777
9.984
9.76395
9.67271
9.58251
9.49316
9.40453
9.31702
9.1123
9.02785
8.9446
8.86235
8.78097
8.70093
8.51445
8.43781
8.36246
8.28826
8.2148
8.14274
7.97499
7.90616
7.83836
7.77152
7.70542
7.64034
7.48865
7.42609
7.36434
7.30333
7.24281
7.18305
7.04306
6.98513
6.92785
6.87107
6.81462
6.75877
6.62746
6.57304
6.51887
6.46521
6.41177
6.35887
6.23423
6.18233
6.13089
6.07976
6.0288
5.97828
5.85914
5.80949
5.76025
5.71128
5.66258
5.61403
5.49971
5.45202
5.40473
5.35768
5.31089
5.26423
5.15434
5.10849
5.06301
5.01775
4.97261
4.92783
4.82206
4.77793
4.73414
4.69057
4.64712
4.60401
4.50222
4.45977
4.41764
4.37573
4.33396
4.29251
4.19476
4.1541
4.11359
4.07342
4.03341
3.99376
3.90037
3.86164
3.82305
3.78487
3.74691
3.70933
3.62117
3.58464
3.54854
3.51279
3.47731
3.44232
3.36059
3.3269
3.29381
3.26105
3.22878
3.19518
2.98023
2.89659
2.81716
2.74155
2.66977
2.60135
2.45098
2.39251
2.33644
2.28265
2.23106
2.18204
2.07156
2.02766
1.98524
1.94428
1.90481
1.86659
1.78042
1.74611
1.71273
1.68043
1.64908
1.61875
