-2.24309
-2.39162
-2.54852
-2.71652
-2.9001
-3.10423
-3.33138
-3.5795
-3.84469
-4.12421
-4.41688
-4.72258
-5.04193
-5.37579
-5.72558
-6.09353
-6.48351
-6.90264
-7.36241
-7.87629
-8.45138
-9.08289
-9.76032
-10.4763
-11.2276
-12.0138
-12.8366
-13.6985
-14.6033
-15.557
-16.5705
-17.6626
-18.8645
-20.2137
-21.7321
-23.4088
-25.2167
-27.1365
-29.1604
-31.29
-33.533
-35.9002
-38.4078
-41.0802
-43.9556
-47.102
-50.6235
-54.653
-59.2892
-64.5433
-70.3877
-76.8334
-83.9512
-91.8719
-100.792
-110.995
-122.874
-137.011
-154.3
-176.122
-204.551
-241.877
-289.443
-344.296
-394.611
-417.126
-390.176
-305.421
-169.997
-7.08849
155.837
291.478
376.12
403.459
381.931
333.197
280.569
235.345
199.632
172.246
150.825
133.647
119.486
107.534
97.2464
88.2471
80.2788
73.178
66.8759
61.3647
56.614
52.5031
48.8695
45.5795
42.546
39.7167
37.0586
34.55
32.1749
29.923
27.7903
25.7819
23.9175
22.2247
20.7195
19.3812
18.1688
17.0466
15.9921
14.9925
14.0406
13.1322
12.2639
11.434
10.6424
9.892
9.19025
8.54822
7.97221
7.45627
6.98556
6.54747
6.1336
5.73942
5.36228
5.00064
4.65342
4.32019
4.00131
3.69863
3.41587
3.08045
2.49116
2.07987
1.77032
1.52763
1.33118
1.16706
1.0296
0.911573
-2.24401
-2.39065
-2.3926
-2.54748
-2.54955
-2.7154
-2.71764
-2.89887
-2.90133
-3.10285
-3.1056
-3.32986
-3.33291
-3.57786
-3.58115
-3.84295
-3.84643
-4.12238
-4.12604
-4.41497
-4.41879
-4.72058
-4.72457
-5.03985
-5.04402
-5.37361
-5.37797
-5.72329
-5.72787
-6.09111
-6.09594
-6.48093
-6.48608
-6.89985
-6.90544
-7.35931
-7.36552
-7.87281
-7.87977
-8.44751
-8.45525
-9.07869
-9.08708
-9.75586
-9.76478
-10.4716
-10.481
-11.2227
-11.2325
-12.0087
-12.019
-12.8313
-12.842
-13.6929
-13.7041
-14.5974
-14.6093
-15.5508
-15.5633
-16.5638
-16.5772
-17.6553
-17.6699
-18.8564
-18.8727
-20.2045
-20.2228
-21.7219
-21.7424
-23.3976
-23.4199
-25.2048
-25.2286
-27.1239
-27.1491
-29.1471
-29.1737
-31.2761
-31.304
-33.5183
-33.5477
-35.8847
-35.9158
-38.3913
-38.4243
-41.0625
-41.0979
-43.9364
-43.9748
-47.0808
-47.1232
-50.5996
-50.6475
-54.6254
-54.6807
-59.2576
-59.3208
-64.5078
-64.5788
-70.3485
-70.4269
-76.7902
-76.8767
-83.9033
-83.9991
-91.8184
-91.9255
-100.732
-100.853
-110.925
-111.066
-122.791
-122.956
-136.912
-137.111
-154.177
-154.423
-175.962
-176.282
-204.343
-204.759
-241.606
-242.148
-289.11
-289.776
-343.944
-344.645
-394.346
-394.875
-417.123
-417.128
-390.523
-389.825
-306.133
-304.706
-170.978
-169.015
-8.15893
-6.01829
154.847
156.824
290.757
292.195
375.762
376.477
403.472
403.446
382.187
381.673
333.549
332.844
280.887
280.25
235.602
235.088
199.832
199.433
172.4
172.092
150.947
150.704
133.746
133.548
119.568
119.403
107.604
107.463
97.3077
97.1852
88.3011
88.1932
80.3269
80.2308
73.2208
73.1352
66.9137
66.8382
61.3974
61.332
56.6421
56.5858
52.5277
52.4786
48.8915
48.8475
45.5996
45.5593
42.5647
42.5273
39.7342
39.6992
37.0751
37.0421
34.5656
34.5344
32.1897
32.1601
29.937
29.909
27.8036
27.7771
25.7943
25.7695
23.9289
23.9061
22.2349
22.2145
20.7285
20.7104
19.3893
19.3731
18.1762
18.1614
17.0535
17.0397
15.9987
15.9855
14.9987
14.9862
14.0466
14.0347
13.1378
13.1265
12.2694
12.2585
11.4392
11.4289
10.6473
10.6374
9.89665
9.88735
9.19455
9.18594
8.55211
8.54433
7.97569
7.96874
7.4594
7.45313
6.98845
6.98267
6.55018
6.54475
6.13617
6.13102
5.74189
5.73696
5.36464
5.35992
5.0029
4.99838
4.6556
4.65125
4.32227
4.3181
4.0033
3.99932
3.70051
3.69676
3.4176
3.41414
3.08498
3.07594
2.49426
2.48807
2.08212
2.07762
1.77205
1.76858
1.52903
1.52623
1.33234
1.33003
1.168
1.16611
1.03042
1.02878
0.912263
-2.2505
-2.38385
-2.39942
-2.54026
-2.5568
-2.7076
-2.72548
-2.89024
-2.90998
-3.09323
-3.11527
-3.31923
-3.3436
-3.56638
-3.59267
-3.83077
-3.85865
-4.1096
-4.13885
-4.4016
-4.43219
-4.70663
-4.73857
-5.02526
-5.05864
-5.35835
-5.39327
-5.70728
-5.74392
-6.07423
-6.11288
-6.46292
-6.50416
-6.88035
-6.92503
-7.33766
-7.38727
-7.84852
-7.90423
-8.42053
-8.48239
-9.0494
-9.11648
-9.72472
-9.79603
-10.4388
-10.5139
-11.1884
-11.2669
-11.9728
-12.055
-12.7937
-12.8797
-13.6534
-13.7437
-14.5559
-14.6509
-15.5069
-15.6073
-16.517
-16.6242
-17.6045
-17.721
-18.7998
-18.9297
-20.1406
-20.2872
-21.6506
-21.8142
-23.3196
-23.4982
-25.1215
-25.3122
-27.0358
-27.2374
-29.0544
-29.2667
-31.1785
-31.4018
-33.4154
-33.6509
-35.776
-36.0248
-38.2758
-38.5402
-40.9391
-41.2219
-43.8028
-44.1094
-46.9331
-47.2719
-50.4325
-50.8158
-54.4329
-54.8749
-59.0371
-59.5429
-64.2601
-64.828
-70.0747
-70.7023
-76.4884
-77.18
-83.5692
-84.3352
-91.4448
-92.3014
-100.308
-101.279
-110.437
-111.558
-122.218
-123.536
-136.221
-137.81
-153.32
-155.291
-174.855
-177.401
-202.899
-206.224
-239.722
-244.058
-286.786
-292.112
-341.459
-347.093
-392.451
-396.683
-417.05
-417.082
-392.882
-387.301
-311.153
-299.64
-177.806
-162.099
-15.6458
1.46666
147.879
163.695
285.649
297.151
373.176
378.906
403.438
403.321
383.901
379.901
336.002
330.423
283.128
278.03
237.415
233.298
201.237
198.058
173.483
171.024
151.804
149.856
134.444
132.858
120.15
118.826
108.099
106.972
97.7382
96.7582
88.68
87.817
80.6643
79.8955
73.5213
72.8369
67.1789
66.5752
61.6274
61.104
56.8401
56.3895
52.7002
52.3072
49.0459
48.694
45.7409
45.4187
42.6957
42.3967
39.8571
39.5769
37.1907
36.927
34.6749
34.4255
32.2932
32.0569
30.0352
29.8111
27.8964
27.6846
25.8813
25.6829
24.0089
23.8266
22.3067
22.1432
20.792
20.6473
19.4462
19.3166
18.2283
18.1095
17.1022
16.9912
16.0446
15.9397
15.0424
14.9427
14.0882
13.9932
13.1776
13.0868
12.3074
12.2206
11.4755
11.3926
10.6819
10.603
9.92928
9.85485
9.22477
9.15586
8.57945
8.51716
8.00009
7.9445
7.4814
7.43124
7.00873
6.96248
6.56923
6.52577
6.15424
6.113
5.75914
5.71975
5.38117
5.34343
5.01877
4.98255
4.67083
4.63605
4.33688
4.30353
4.01723
3.98542
3.71366
3.68366
3.42977
3.40203
3.11696
3.04459
2.51614
2.46666
2.09802
2.06197
1.78428
1.75652
1.53887
1.5165
1.34039
1.32199
1.17465
1.15955
1.03616
1.02309
0.917121
-2.26623
-2.28621
-2.30633
-2.32653
-2.34692
-2.36746
-2.41597
-2.43701
-2.45825
-2.47958
-2.50115
-2.5229
-2.5744
-2.59683
-2.61949
-2.64234
-2.66548
-2.68889
-2.74456
-2.76892
-2.79357
-2.81854
-2.8439
-2.86961
-2.93107
-2.95806
-2.98548
-3.01329
-3.0415
-3.07019
-3.13884
-3.16899
-3.19956
-3.2305
-3.26194
-3.29377
-3.36956
-3.40269
-3.43621
-3.47002
-3.50424
-3.53879
-3.62064
-3.65624
-3.69214
-3.72826
-3.76473
-3.80149
-3.88825
-3.92589
-3.96379
-4.00185
-4.04022
-4.07885
-4.16991
-4.20935
-4.24903
-4.28886
-4.32903
-4.36944
-4.46464
-4.50585
-4.5473
-4.5889
-4.63085
-4.67305
-4.77246
-4.81551
-4.85881
-4.90227
-4.94609
-4.99017
-5.09405
-5.13903
-5.1843
-5.22974
-5.27555
-5.32165
-5.43034
-5.47742
-5.52482
-5.57241
-5.62043
-5.66877
-5.78284
-5.8323
-5.88211
-5.93216
-5.98271
-6.03364
-6.15395
-6.20623
-6.25894
-6.31196
-6.36557
-6.41969
-6.548
-6.60388
-6.66036
-6.71738
-6.77513
-6.83358
-6.9727
-7.03365
-7.09541
-7.15793
-7.22146
-7.28596
-7.44024
-7.50813
-7.57709
-7.64696
-7.71813
-7.79043
-7.96365
-8.03991
-8.11722
-8.19552
-8.27512
-8.35587
-8.54839
-8.63263
-8.71787
-8.80388
-8.89101
-8.97906
-9.18782
-9.27869
-9.37035
-9.46261
-9.55583
-9.64982
-9.87179
-9.96813
-10.0651
-10.1626
-10.261
-10.36
-10.5935
-10.6947
-10.7965
-10.8988
-11.0019
-11.1057
-11.3504
-11.4563
-11.5629
-11.6699
-11.7778
-11.8863
-12.1422
-12.2531
-12.3646
-12.4766
-12.5896
-12.7032
-12.9711
-13.0871
-13.2039
-13.3213
-13.4396
-13.5586
-13.8395
-13.9612
-14.0838
-14.2069
-14.3311
-14.4563
-14.7516
-14.8798
-15.0088
-15.1386
-15.2696
-15.4016
-15.7139
-15.8497
-15.9866
-16.1244
-16.2638
-16.4046
-16.7384
-16.8839
-17.031
-17.1796
-17.3301
-17.4824
-17.8454
-18.0046
-18.1661
-18.3294
-18.4956
-18.6644
-19.0685
-19.2464
-19.4273
-19.6108
-19.7978
-19.9879
-20.4438
-20.6448
-20.8488
-21.0555
-21.2659
-21.4795
-21.9889
-22.2123
-22.4383
-22.6667
-22.8984
-23.1326
-23.6882
-23.9305
-24.1749
-24.4211
-24.6701
-24.9212
-25.515
-25.7729
-26.0329
-26.2944
-26.5583
-26.824
-27.4517
-27.7238
-27.9978
-28.2736
-28.5514
-28.8312
-29.4923
-29.7786
-30.0668
-30.357
-30.6493
-30.9437
-31.6393
-31.9407
-32.2442
-32.5499
-32.8578
-33.1679
-33.9012
-34.219
-34.5392
-34.8619
-35.187
-35.5145
-36.2895
-36.6258
-36.9647
-37.3064
-37.6509
-37.9983
-38.8215
-39.1792
-39.5399
-39.9039
-40.2714
-40.6424
-41.5231
-41.9065
-42.2941
-42.6856
-43.0814
-43.4819
-44.4368
-44.8537
-45.2761
-45.7041
-46.1387
-46.5792
-47.6342
-48.0977
-48.569
-49.0482
-49.536
-50.0324
-51.2279
-51.756
-52.2944
-52.8432
-53.4025
-53.9729
-55.3498
-55.9581
-56.579
-57.2104
-57.8539
-58.5091
-60.0849
-60.7789
-61.484
-62.2006
-62.928
-63.6665
-65.4348
-66.2096
-66.9952
-67.7918
-68.5994
-69.4181
-71.3725
-72.2278
-73.0948
-73.9727
-74.8627
-75.7645
-77.9184
-78.862
-79.8176
-80.787
-81.7702
-82.768
-85.1539
-86.2006
-87.2628
-88.3405
-89.436
-90.5495
-93.2178
-94.3933
-95.588
-96.8025
-98.0385
-99.2956
-102.323
-103.66
-105.022
-106.411
-107.828
-109.272
-112.762
-114.31
-115.892
-117.509
-119.162
-120.852
-124.958
-126.789
-128.662
-130.585
-132.556
-134.577
-139.531
-141.75
-144.028
-146.382
-148.796
-151.287
-157.423
-160.201
-163.064
-166.023
-169.093
-172.264
-180.145
-183.72
-187.443
-191.297
-195.309
-199.477
-209.853
-214.57
-219.466
-224.537
-229.799
-235.256
-248.778
-254.875
-261.214
-267.714
-274.355
-281.218
-297.796
-305.153
-312.589
-320.127
-327.758
-335.419
-353.046
-360.43
-367.713
-374.63
-381.353
-387.692
-400.716
-405.336
-409.264
-412.483
-414.957
-416.603
-416.364
-414.852
-412.222
-408.669
-403.906
-398.168
-380.669
-371.313
-360.832
-349.205
-336.606
-322.71
-286.859
-269.898
-252.107
-233.461
-214.132
-194.163
-145.115
-123.421
-101.286
-78.9269
-56.4211
-33.7024
19.5086
42.2146
64.7506
87.0769
109.05
130.823
179.974
199.973
219.36
237.937
255.719
272.83
308.631
322.248
334.859
346.469
357.005
366.467
384.31
390.126
394.789
398.463
401.133
402.853
402.77
401.283
398.996
396.019
392.261
387.765
375.404
369.142
362.545
355.795
348.914
341.821
324.563
317.225
309.935
302.724
295.636
288.627
272.725
266.174
259.875
253.688
247.712
241.881
229.047
223.86
218.813
213.953
209.247
204.71
194.795
190.796
186.943
183.23
179.638
176.158
168.489
165.379
162.375
159.467
156.644
153.909
147.844
145.376
142.974
140.64
138.368
136.157
131.215
129.19
127.217
125.29
123.408
121.573
117.45
115.749
114.088
112.459
110.869
109.311
105.798
104.342
102.913
101.512
100.137
98.7891
95.7362
94.4667
93.2199
91.9951
90.7902
89.6049
86.9156
85.7951
84.6928
83.6074
82.5383
81.4863
79.0927
78.0947
77.1119
76.1443
75.1916
74.2541
72.1222
71.2341
70.3603
69.5016
68.6566
67.8265
65.9461
65.1654
64.3996
63.6486
62.9121
62.1897
60.5594
59.8856
59.2254
58.5783
57.9439
57.3231
55.9206
55.3393
54.7692
54.2094
53.6605
53.1213
51.8967
51.3865
50.8842
50.3897
49.9025
49.4219
48.3258
47.8665
47.4126
46.9648
46.5223
46.0846
45.081
44.6592
44.2416
43.8286
43.4194
43.0141
42.0829
41.6903
41.3013
40.9159
40.5338
40.1551
39.2827
38.9145
38.5494
38.1873
37.8278
37.4713
36.6497
36.3025
35.9579
35.6161
35.2768
34.94
34.1634
33.8349
33.5088
33.185
32.8636
32.5446
31.8084
31.4969
31.1877
30.8809
30.5762
30.2735
29.5755
29.2803
28.9873
28.6967
28.4081
28.1218
27.462
27.1832
26.9069
26.6331
26.3617
26.0927
25.475
25.2148
24.9574
24.7035
24.4519
24.2033
23.636
23.3982
23.1639
22.9332
22.7057
22.4816
21.9727
21.7606
21.552
21.3472
21.1454
20.9468
20.4965
20.3084
20.1232
19.9412
19.7615
19.5844
19.181
19.0117
18.8444
18.6797
18.5163
18.3548
17.985
17.829
17.6746
17.522
17.3705
17.2202
16.8747
16.7286
16.5837
16.4403
16.2975
16.1559
15.8296
15.6913
15.554
15.418
15.2826
15.1481
14.838
14.7065
14.5758
14.4462
14.3172
14.1891
13.8933
13.7678
13.6431
13.5195
13.3963
13.274
12.9914
12.8715
12.7523
12.6342
12.5165
12.3995
12.1294
12.0147
11.9008
11.7878
11.6753
11.5635
11.3055
11.1961
11.0874
10.9795
10.8722
10.7657
10.5201
10.4161
10.3129
10.2108
10.1091
10.0084
9.7768
9.67909
9.58228
9.48669
9.39194
9.29823
9.08384
8.99384
8.90501
8.81755
8.73116
8.64602
8.45214
8.37111
8.29141
8.21298
8.13573
8.05956
7.88647
7.81406
7.74275
7.67262
7.60326
7.53486
7.3787
7.3131
7.24824
7.18425
7.12076
7.05796
6.91397
6.85319
6.79296
6.73338
6.67416
6.61539
6.48013
6.42286
6.36602
6.30974
6.2537
6.19803
6.06965
6.01519
5.96109
5.90745
5.85402
5.80093
5.67833
5.6263
5.57455
5.52322
5.47207
5.42122
5.30374
5.25386
5.20425
5.15503
5.10597
5.05719
4.94446
4.89657
4.84893
4.80168
4.75457
4.70773
4.59947
4.55349
4.50777
4.46242
4.41721
4.37227
4.26846
4.22443
4.18063
4.13722
4.09398
4.05103
3.95199
3.91005
3.86843
3.8272
3.78621
3.74559
3.6522
3.61281
3.57381
3.5353
3.49709
3.45932
3.37303
3.33682
3.30119
3.26604
3.23136
3.19613
2.9708
2.88191
2.79763
2.71786
2.64228
2.57051
2.41637
2.35536
2.29688
2.24122
2.18823
2.13718
2.02496
1.97959
1.93594
1.89421
1.85344
1.8143
1.72791
1.69281
1.65887
1.62616
1.59418
1.56299
1.49335
1.46484
1.43736
1.41109
1.38529
1.36002
1.30286
1.27925
1.25625
1.23391
1.21213
1.19097
1.14398
1.12454
1.1054
1.08666
1.06825
1.05019
1.0095
0.992655
0.976175
0.960096
0.944365
0.929012
