-2.10894
-2.33957
-2.59118
-2.87413
-3.20357
-3.58555
-4.0117
-4.47416
-4.97155
-5.50687
-6.08683
-6.72626
-7.45554
-8.31425
-9.31094
-10.4208
-11.6262
-12.9262
-14.3308
-15.8618
-17.5655
-19.5352
-21.8753
-24.5923
-27.6198
-30.9252
-34.5251
-38.4686
-42.8525
-47.8739
-53.8853
-61.2708
-70.1446
-80.5633
-92.8601
-107.765
-126.561
-151.558
-186.936
-238.745
-307.39
-367.192
-353.762
-223.601
-6.99213
209.254
339.92
354.568
297.325
231.702
182.279
147.843
123.05
104.216
89.2443
76.9413
66.7433
58.4549
51.7926
46.249
41.421
37.0951
33.1618
29.5619
26.2812
23.3607
20.8662
18.7645
16.9333
15.28
13.7598
12.3516
11.0457
9.84565
8.77356
7.85292
7.06487
6.36584
5.72643
5.13262
4.578
4.061
3.58704
3.07179
2.23661
1.7238
1.37205
1.11286
0.914235
0.759668
-2.10983
-2.33861
-2.34054
-2.59012
-2.59225
-2.87291
-2.87536
-3.20214
-3.205
-3.58393
-3.58718
-4.00991
-4.01349
-4.47223
-4.47608
-4.96948
-4.97362
-5.50464
-5.5091
-6.0844
-6.08927
-6.72353
-6.72898
-7.45238
-7.4587
-8.31053
-8.31798
-9.30669
-9.31519
-10.4162
-10.4255
-11.6211
-11.6312
-12.9207
-12.9316
-14.325
-14.3367
-15.8553
-15.8682
-17.5582
-17.5728
-19.5266
-19.5438
-21.8651
-21.8855
-24.5808
-24.6039
-27.607
-27.6325
-30.9113
-30.939
-34.51
-34.5402
-38.4519
-38.4852
-42.8338
-42.8712
-47.8521
-47.8958
-53.8586
-53.912
-61.2382
-61.3035
-70.106
-70.1833
-80.5179
-80.6086
-92.806
-92.9143
-107.698
-107.832
-126.475
-126.647
-151.441
-151.676
-186.765
-187.107
-238.5
-238.989
-307.107
-307.672
-367.052
-367.331
-354.039
-353.481
-224.343
-222.857
-7.92625
-6.05813
208.516
209.99
339.637
340.2
354.699
354.435
297.602
297.046
231.939
231.466
182.444
182.115
147.958
147.727
123.136
122.964
104.282
104.149
89.2986
89.1901
76.9863
76.8963
66.7804
66.7063
58.4846
58.4252
51.8168
51.7684
46.2696
46.2283
41.4393
41.4027
37.1117
37.0786
33.1769
33.1467
29.5757
29.548
26.2937
26.2687
23.3716
23.3498
20.8753
20.857
18.7724
18.7567
16.9403
16.9264
15.2863
15.2736
13.7657
13.754
12.357
12.3461
11.0508
11.0407
9.85024
9.84106
8.77757
8.76955
7.85632
7.84952
7.06783
7.06191
6.36852
6.36316
5.7289
5.72396
5.13493
5.13032
4.58015
4.57585
4.063
4.05901
3.58884
3.58524
3.07618
3.0674
2.23912
2.2341
1.72548
1.72212
1.37325
1.37086
1.11375
1.11196
0.914932
0.913538
0.760242
-2.1172
-2.33067
-2.34852
-2.58136
-2.60105
-2.86288
-2.88546
-3.19037
-3.21684
-3.57051
-3.60066
-3.99519
-4.02826
-4.45636
-4.492
-4.95241
-4.99073
-5.48625
-5.52754
-6.06434
-6.1094
-6.70106
-6.7515
-7.42635
-7.4849
-8.27976
-8.34887
-9.27171
-9.35033
-10.3778
-10.464
-11.5797
-11.6727
-12.8761
-12.9764
-14.2765
-14.3853
-15.8022
-15.9215
-17.4983
-17.6332
-19.4559
-19.615
-21.7812
-21.9699
-24.4855
-24.6996
-27.5024
-27.7375
-30.7973
-31.0534
-34.3855
-34.6651
-38.315
-38.6228
-42.6798
-43.0263
-47.6721
-48.077
-53.6392
-54.1334
-60.9698
-61.5739
-69.7882
-70.5031
-80.1454
-80.984
-92.3617
-93.3629
-107.152
-108.383
-125.772
-127.359
-150.476
-152.653
-185.367
-188.525
-236.47
-241.015
-304.767
-310.017
-365.852
-368.457
-356.254
-351.047
-230.411
-216.63
-15.6366
1.63606
202.369
216.01
337.213
342.424
355.729
353.284
299.889
294.745
233.901
229.526
183.813
180.766
148.92
146.777
123.847
122.261
104.836
103.601
89.7478
88.7441
77.3587
76.5266
67.0873
66.402
58.7306
58.1813
52.0172
51.5693
46.4404
46.0586
41.5905
41.2522
37.2484
36.9425
33.3017
33.0223
29.6899
29.4342
26.3971
26.1659
23.4618
23.2601
20.9511
20.7817
18.837
18.6925
16.9978
16.8691
15.3388
15.2213
13.8142
13.7056
12.402
12.3012
11.0924
10.9992
9.88816
9.80331
8.81075
8.73659
7.88444
7.82154
7.09231
7.03755
6.39064
6.34113
5.7493
5.70362
5.15395
5.11134
4.59793
4.55812
4.0795
4.04256
3.60374
3.57042
3.11282
3.03158
2.26002
2.21352
1.73941
1.70841
1.38315
1.36095
1.12123
1.10459
0.920718
0.907821
0.764994
-2.14003
-2.17255
-2.20546
-2.23868
-2.27228
-2.30631
-2.37323
-2.40847
-2.44422
-2.48046
-2.5172
-2.55454
-2.62841
-2.66758
-2.70756
-2.74826
-2.78983
-2.83222
-2.91694
-2.96224
-3.00865
-3.0561
-3.10467
-3.15445
-3.25374
-3.30681
-3.36092
-3.41607
-3.47218
-3.5294
-3.64255
-3.70238
-3.76312
-3.8246
-3.88697
-3.95003
-4.07406
-4.13933
-4.20536
-4.27203
-4.33943
-4.40764
-4.54133
-4.61166
-4.68262
-4.75434
-4.82676
-4.90005
-5.04377
-5.11929
-5.19571
-5.27285
-5.35094
-5.42984
-5.58481
-5.66634
-5.74898
-5.83252
-5.91711
-6.00291
-6.17187
-6.26121
-6.35186
-6.44391
-6.53742
-6.63261
-6.82157
-6.92213
-7.02493
-7.12978
-7.2372
-7.34691
-7.56666
-7.68447
-7.8054
-7.92918
-8.05589
-8.18589
-8.44532
-8.58367
-8.72503
-8.86885
-9.01537
-9.16456
-9.45945
-9.61527
-9.77352
-9.93361
-10.0958
-10.2602
-10.5833
-10.7532
-10.9254
-11.0991
-11.2748
-11.4527
-11.8015
-11.9849
-12.1706
-12.3579
-12.5472
-12.739
-13.1153
-13.3132
-13.5135
-13.7159
-13.9207
-14.1282
-14.5359
-14.7507
-14.9685
-15.1889
-15.4125
-15.6396
-16.0873
-16.3243
-16.5655
-16.8105
-17.0605
-17.315
-17.8214
-18.092
-18.3689
-18.6521
-18.9425
-19.2404
-19.8374
-20.159
-20.4877
-20.825
-21.1708
-21.5253
-22.233
-22.6103
-22.9954
-23.3877
-23.7869
-24.1937
-24.9968
-25.4214
-25.8528
-26.2895
-26.732
-27.1809
-28.0638
-28.529
-28.9999
-29.4767
-29.9592
-30.4475
-31.4086
-31.915
-32.4272
-32.946
-33.4717
-34.0039
-35.0525
-35.6055
-36.166
-36.7346
-37.3105
-37.8956
-39.0502
-39.6613
-40.2823
-40.9135
-41.5557
-42.2091
-43.5087
-44.2004
-44.9064
-45.6278
-46.3673
-47.1239
-48.6425
-49.4595
-50.2992
-51.1641
-52.0545
-52.9718
-54.8272
-55.8302
-56.8634
-57.9285
-59.0248
-60.1524
-62.4182
-63.6364
-64.8852
-66.1648
-67.476
-68.8178
-71.5002
-72.9341
-74.4018
-75.9025
-77.438
-79.0095
-82.153
-83.8366
-85.5647
-87.3335
-89.1469
-91.0098
-94.7612
-96.779
-98.8585
-101.003
-103.211
-105.493
-110.111
-112.625
-115.229
-117.925
-120.729
-123.639
-129.601
-132.881
-136.312
-139.891
-143.632
-147.572
-155.731
-160.283
-165.09
-170.152
-175.487
-181.154
-193.029
-199.707
-206.794
-214.204
-222.057
-230.327
-247.45
-256.847
-266.616
-276.671
-286.949
-297.416
-317.306
-327.549
-337.244
-346.389
-354.548
-361.581
-371.342
-373.687
-374.302
-372.779
-368.851
-362.415
-342.608
-328.487
-312.296
-293.478
-272.42
-248.388
-196.759
-167.498
-136.848
-104.954
-72.4441
-39.3594
25.2663
58.3691
91.095
122.665
153.253
182.663
233.784
257.689
279.262
298.296
314.826
328.77
348.412
354.941
359.081
360.842
360.677
358.431
349.13
342.252
334.59
325.738
316.406
306.913
287.565
277.587
267.859
258.29
249.01
240.102
223.665
215.819
208.366
201.28
194.547
188.151
176.711
171.225
166.035
161.1
156.412
151.948
143.908
140.023
136.313
132.756
129.346
126.083
120.121
117.215
114.414
111.706
109.099
106.578
101.936
99.6483
97.4232
95.2686
93.1802
91.151
87.3854
85.5148
83.6963
81.9249
80.2006
78.5222
75.3998
73.8464
72.335
70.8638
69.4355
68.0473
65.4763
64.2045
62.972
61.7771
60.6206
59.502
57.4393
56.4197
55.4334
54.4764
53.5451
52.6424
50.9634
50.1278
49.3119
48.5147
47.7352
46.9721
45.5392
44.8188
44.1112
43.4159
42.7324
42.0605
40.7911
40.1494
39.5167
38.8932
38.2789
37.673
36.5253
35.9431
35.3685
34.8014
34.2418
33.689
32.6407
32.108
31.5824
31.0633
30.5508
30.0448
29.0851
28.5983
28.1181
27.6446
27.1782
26.7185
25.8509
25.4128
24.9827
24.5613
24.1475
23.7432
22.9865
22.6081
22.2395
21.88
21.5291
21.1879
20.5522
20.235
19.9257
19.6231
19.3277
19.0383
18.4959
18.2226
17.9546
17.6912
17.4315
17.1763
16.6937
16.449
16.2075
15.9695
15.734
15.5018
15.0608
14.8364
14.6149
14.3958
14.1788
13.9646
13.5573
13.3496
13.1444
12.9413
12.7402
12.5415
12.1635
11.9708
11.7804
11.5921
11.4057
11.2216
10.8718
10.6939
10.5184
10.3452
10.1743
10.006
9.68782
9.52711
9.36944
9.21472
9.06273
8.91418
8.63603
8.49681
8.36091
8.22826
8.09863
7.97226
7.73604
7.61772
7.50192
7.38866
7.27737
7.16841
6.96294
6.85924
6.757
6.65639
6.55711
6.45925
6.2736
6.17924
6.08605
5.99391
5.9028
5.81258
5.64117
5.55369
5.46725
5.38167
5.29681
5.21293
5.05306
4.97154
4.89071
4.81076
4.73146
4.65306
4.50367
4.42742
4.35209
4.27751
4.20373
4.13069
3.9921
3.92162
3.85217
3.78378
3.71634
3.65003
3.52517
3.4624
3.40087
3.3409
3.2823
3.22528
2.92506
2.78499
2.65658
2.53803
2.42908
2.3276
2.15172
2.0687
1.99079
1.91742
1.84846
1.78348
1.66718
1.61183
1.55881
1.50791
1.45923
1.41418
1.33094
1.29003
1.25092
1.21354
1.17818
1.14488
1.08221
1.05146
1.02179
0.993142
0.965484
0.938913
0.890533
0.867455
0.844909
0.82279
0.801071
0.77981
