-2.87047
-3.46454
-4.19512
-5.03082
-5.9806
-7.10047
-8.54254
-10.3628
-12.4713
-14.877
-17.7049
-21.3389
-26.0522
-31.6304
-38.1045
-45.8733
-56.1542
-70.5128
-89.5381
-115.743
-156.508
-231.086
-347.008
-327.669
-6.99213
314.024
335.17
224.393
152.712
112.223
85.9075
67.0967
53.8372
44.347
36.7331
30.2665
24.7533
20.3853
17.0659
14.3046
11.8945
9.78849
8.06097
6.72898
5.61845
4.6396
3.77331
2.76697
1.71878
1.17713
-2.87169
-3.46297
-3.46611
-4.19327
-4.19696
-5.02873
-5.0329
-5.97821
-5.983
-7.09754
-7.10341
-8.53867
-8.54641
-10.3581
-10.3674
-12.466
-12.4766
-14.8709
-14.883
-17.6975
-17.7123
-21.329
-21.3487
-26.04
-26.0643
-31.6163
-31.6445
-38.0881
-38.1209
-45.8528
-45.8938
-56.1256
-56.1828
-70.474
-70.5517
-89.4867
-89.5895
-115.669
-115.817
-156.384
-156.633
-230.848
-231.323
-346.765
-347.25
-328.106
-327.23
-7.92625
-6.05813
313.593
314.453
335.396
334.942
224.621
224.166
152.835
152.59
112.297
112.148
85.9592
85.8559
67.134
67.0593
53.863
53.8113
44.3666
44.3273
36.7495
36.7167
30.2805
30.2524
24.765
24.7416
20.3941
20.3765
17.073
17.0589
14.3106
14.2985
11.8998
11.8892
9.79305
9.78393
8.06451
8.05743
6.73179
6.72617
5.62089
5.61601
4.64177
4.63743
3.7752
3.77143
2.77067
2.76328
1.72045
1.71712
1.17808
-2.88484
-3.44611
-3.48308
-4.17349
-4.21683
-5.00632
-5.05539
-5.95254
-6.00879
-7.06613
-7.1351
-8.49724
-8.58815
-10.3084
-10.4173
-12.4094
-12.5334
-14.8059
-14.9484
-17.6185
-17.792
-21.2235
-21.4551
-25.9096
-26.1953
-31.4652
-31.7964
-37.9114
-38.2984
-45.6337
-46.1158
-55.8196
-56.4919
-70.0577
-70.9713
-88.9363
-90.1459
-114.877
-116.619
-155.061
-157.983
-228.33
-233.903
-344.1
-349.794
-332.665
-322.631
-17.9745
3.96544
308.82
318.924
337.767
332.433
227.086
221.774
154.16
151.291
113.103
111.353
86.5174
85.3034
67.5375
66.6601
54.1418
53.5355
44.5784
44.1168
36.9261
36.5409
30.4322
30.1014
24.8916
24.616
20.4894
20.2822
17.1485
16.9838
14.3757
14.2338
11.957
11.8322
9.84221
9.73507
8.10273
8.01957
6.76208
6.69603
5.64716
5.58984
4.66513
4.61414
3.7955
3.75121
2.81098
2.72422
1.73856
1.69936
1.18843
-2.93687
-3.01873
-3.10406
-3.193
-3.28542
-3.38132
-3.55002
-3.65423
-3.76116
-3.87075
-3.98273
-4.09706
-4.29476
-4.41517
-4.53783
-4.66288
-4.79016
-4.91975
-5.14366
-5.27998
-5.41902
-5.56087
-5.70564
-5.85351
-6.11025
-6.26773
-6.42958
-6.59614
-6.76793
-6.94568
-7.2605
-7.45791
-7.66392
-7.87937
-8.10398
-8.33816
-8.75303
-9.01084
-9.27657
-9.54991
-9.8299
-10.1165
-10.6134
-10.9167
-11.2259
-11.5415
-11.8629
-12.1906
-12.7567
-13.1019
-13.4539
-13.8135
-14.1802
-14.5549
-15.2053
-15.6043
-16.0134
-16.4345
-16.8678
-17.3157
-18.1073
-18.6027
-19.1203
-19.6614
-20.2278
-20.8197
-21.8764
-22.5377
-23.2223
-23.9304
-24.659
-25.4071
-26.7103
-27.5087
-28.3248
-29.1591
-30.0116
-30.8825
-32.392
-33.3155
-34.2602
-35.2268
-36.2165
-37.2305
-38.9974
-40.086
-41.2062
-42.3617
-43.5572
-44.7949
-46.9919
-48.3755
-49.826
-51.351
-52.9578
-54.6539
-57.7222
-59.6766
-61.7274
-63.876
-66.1212
-68.4645
-72.6302
-75.242
-77.9608
-80.7943
-83.7476
-86.8347
-92.3529
-95.8515
-99.5305
-103.412
-107.516
-111.865
-119.835
-125.011
-130.566
-136.562
-143.034
-150.09
-163.462
-172.461
-182.401
-193.37
-205.529
-218.834
-244.237
-260.935
-278.649
-297.066
-315.31
-333.212
-358.602
-368.975
-373.9
-372.909
-364.511
-347.988
-302.299
-264.98
-220.299
-169.599
-114.507
-56.7793
42.6726
100.608
155.383
205.984
250.429
288.287
334.174
350.482
359.228
360.878
356.22
346.218
321.832
305.046
287.226
269.739
252.879
236.993
212.762
200.083
188.478
177.91
168.286
159.517
146.396
139.431
133.005
127.042
121.5
116.324
108.338
103.966
99.8501
95.9432
92.2481
88.7352
83.1964
80.1119
77.1704
74.3624
71.6868
69.1407
65.1405
62.9312
60.8416
58.8707
57.0085
55.2483
52.4866
50.9507
49.4834
48.076
46.7214
45.4137
43.3081
42.1077
40.9408
39.8054
38.6993
37.6207
35.8633
34.8517
33.8632
32.897
31.9518
31.028
29.5192
28.6505
27.8026
26.9762
26.1721
25.3917
24.1339
23.4233
22.7413
22.0878
21.4633
20.8671
19.921
19.3896
18.8791
18.3859
17.9088
17.4459
16.6944
16.263
15.8417
15.4293
15.026
14.6311
13.9836
13.6093
13.2422
12.8816
12.5281
12.1813
11.6122
11.2831
10.9608
10.645
10.3366
10.0358
9.5473
9.26913
9.00029
8.74117
8.4926
8.25406
7.87471
7.66153
7.45636
7.25841
7.06709
6.88134
6.57991
6.40676
6.23749
6.07175
5.90937
5.75017
5.48872
5.33719
5.18832
5.04188
4.89809
4.75674
4.52416
4.38935
4.25698
4.12706
3.99991
3.87557
3.67334
3.55791
3.44634
3.339
3.23636
2.97785
2.58098
2.38758
2.21811
2.06769
1.93277
1.81186
1.63303
1.53912
1.45223
1.37373
1.29943
1.23056
