-2.05713
-2.4019
-2.79217
-3.30177
-3.94329
-4.65774
-5.44477
-6.3159
-7.33145
-8.70757
-10.3949
-12.2698
-14.3447
-16.6607
-19.4589
-23.3245
-27.9559
-33.1392
-38.9748
-45.7046
-54.4688
-67.0726
-82.9914
-103.366
-131.69
-177.67
-271.244
-420.568
-381.338
-7.06233
367.287
406.381
262.52
174.473
128.676
99.9047
79.221
63.3834
52.3531
44.3943
37.6782
31.784
26.5387
22.0424
18.7494
16.1274
13.797
11.6914
9.78718
8.17378
6.98062
5.98138
5.07589
4.24706
3.49288
2.46524
1.64711
1.18561
0.881044
0.663981
-2.05801
-2.40094
-2.40286
-2.79104
-2.79331
-3.30018
-3.30335
-3.94149
-3.94508
-4.65577
-4.65972
-5.44258
-5.44696
-6.31347
-6.31833
-7.32841
-7.3345
-8.70344
-8.71171
-10.3902
-10.3996
-12.2646
-12.275
-14.3389
-14.3504
-16.6541
-16.6672
-19.4503
-19.4675
-23.313
-23.3359
-27.9429
-27.9688
-33.1247
-33.1536
-38.9583
-38.9912
-45.6848
-45.7244
-54.4408
-54.4968
-67.0348
-67.1103
-82.944
-83.0389
-103.304
-103.428
-131.598
-131.783
-177.505
-177.835
-270.895
-271.594
-420.288
-420.857
-381.91
-380.763
-8.24263
-5.88183
366.689
367.881
406.582
406.178
262.844
262.16
174.636
174.311
128.769
128.584
99.9678
99.8416
79.2686
79.1734
63.4191
63.3477
52.3768
52.3295
44.4134
44.3753
37.6947
37.6616
31.7987
31.7693
26.5518
26.5257
22.0527
22.032
18.7569
18.742
16.1339
16.1209
13.8029
13.7912
11.6966
11.6861
9.79193
9.78244
8.17743
8.17012
6.98342
6.97782
5.98388
5.97888
5.07818
5.07361
4.24915
4.24496
3.49472
3.49104
2.46832
2.46217
1.64867
1.64555
1.18657
1.18465
0.88168
0.880408
0.664485
-2.06678
-2.39137
-2.41245
-2.77972
-2.80471
-3.28439
-3.31909
-3.9236
-3.96302
-4.63624
-4.67949
-5.42074
-5.4689
-6.28921
-6.34269
-7.29818
-7.36509
-8.66134
-8.753
-10.3435
-10.4467
-12.2127
-12.3271
-14.2814
-14.4081
-16.5891
-16.7326
-19.3644
-19.5544
-23.1985
-23.4519
-27.8137
-28.0985
-32.9804
-33.2986
-38.7941
-39.1554
-45.4882
-45.9194
-54.1614
-54.7786
-66.6582
-67.4887
-82.4724
-83.5136
-102.689
-104.053
-130.716
-132.729
-175.907
-179.582
-267.443
-275.124
-417.942
-423.804
-387.461
-374.776
-20.0419
5.90504
360.501
373.689
408.999
402.983
266.109
258.516
176.277
172.726
129.703
127.663
100.598
99.2138
79.7462
78.6992
63.7786
62.9928
52.6146
52.0937
44.6052
44.1853
37.8606
37.4964
31.9454
31.6233
26.6823
26.3958
22.1566
21.9292
18.8315
18.6678
16.1989
16.0563
13.8621
13.733
11.7495
11.6334
9.83942
9.73515
8.21401
8.13378
7.01147
6.94989
6.00877
5.95388
5.10104
5.05084
4.27011
4.22405
3.51315
3.4726
2.49945
2.43189
1.66438
1.63013
1.19625
1.17514
0.888138
0.874064
0.669553
-2.09946
-2.14949
-2.19983
-2.25109
-2.30302
-2.35589
-2.44878
-2.50382
-2.5601
-2.61766
-2.6772
-2.73785
-2.84849
-2.91656
-2.98846
-3.06401
-3.14375
-3.22712
-3.37798
-3.4697
-3.5639
-3.65959
-3.75732
-3.8565
-4.03066
-4.13389
-4.23889
-4.34544
-4.45327
-4.56261
-4.75398
-4.86767
-4.98312
-5.10011
-5.21883
-5.33984
-5.5509
-5.67629
-5.80394
-5.93408
-6.06493
-6.19881
-6.4348
-6.57634
-6.72163
-6.87171
-7.02598
-7.18672
-7.48252
-7.66738
-7.86296
-8.06858
-8.28357
-8.508
-8.9101
-9.15347
-9.40053
-9.65252
-9.90801
-10.1689
-10.6242
-10.8953
-11.1705
-11.4498
-11.7324
-12.0197
-12.5237
-12.8228
-13.1267
-13.4353
-13.7494
-14.0687
-14.6256
-14.9584
-15.2976
-15.6399
-15.9897
-16.3472
-16.9801
-17.3624
-17.7581
-18.1696
-18.5985
-19.0501
-19.8877
-20.4134
-20.9683
-21.5479
-22.1506
-22.7745
-23.8847
-24.5504
-25.2296
-25.9208
-26.6203
-27.3334
-28.5886
-29.333
-30.091
-30.864
-31.6454
-32.4426
-33.8456
-34.6818
-35.5346
-36.4023
-37.2871
-38.1861
-39.777
-40.7283
-41.701
-42.6982
-43.7193
-44.7711
-46.6651
-47.8238
-49.0428
-50.3283
-51.6915
-53.1442
-55.8628
-57.5757
-59.3798
-61.2673
-63.2311
-65.2688
-68.9255
-71.1452
-73.4337
-75.7988
-78.2391
-80.759
-85.2931
-88.0881
-90.9861
-93.9967
-97.1346
-100.424
-106.439
-110.155
-114.102
-118.318
-122.751
-127.451
-136.339
-142.049
-148.21
-154.878
-162.149
-170.17
-186.063
-196.842
-208.943
-222.644
-238.014
-255.128
-288.745
-309.952
-333.828
-358.117
-381.779
-403.941
-434.731
-444.291
-447.993
-443.262
-429.238
-407.503
-348.391
-303.711
-251.088
-192.193
-129.26
-63.8472
49.7502
114.64
178.001
236.67
289.055
334.591
393.295
415.046
428.231
432.948
429.723
419.562
389.027
367.692
344.602
321.414
299.303
278.754
247.433
231.632
217.348
204.361
192.994
182.653
167.091
159.191
151.779
145.152
139.068
133.326
124.346
119.59
115.102
110.857
106.825
103.011
96.9185
93.5594
90.3864
87.3251
84.3853
81.5607
76.9542
74.4018
71.9435
69.5795
67.3141
65.1522
61.697
59.8446
58.1076
56.4845
54.9595
53.5287
51.2283
49.9677
48.7564
47.5789
46.4381
45.3277
43.481
42.4396
41.4202
40.4224
39.4458
38.4883
36.8833
35.9743
35.0815
34.2083
33.346
32.4991
31.0797
30.2735
29.4818
28.6993
27.9291
27.175
25.9133
25.1999
24.5056
23.8299
23.1776
22.5541
21.5535
21.0128
20.5029
20.0191
19.5577
19.1156
18.3916
17.9862
17.5901
17.2014
16.8192
16.444
15.8162
15.4582
15.106
14.7598
14.4186
14.0819
13.5171
13.1932
12.8754
12.5625
12.2539
11.9491
11.4371
11.1447
10.8561
10.5724
10.2929
10.0185
9.55978
9.30129
9.05051
8.80862
8.57597
8.35465
8.00055
7.80856
7.62556
7.4503
7.28115
7.11818
6.84607
6.69208
6.54112
6.39282
6.24677
6.10277
5.86095
5.72228
5.58565
5.45101
5.31809
5.18707
4.96618
4.83963
4.71466
4.59136
4.46944
4.34919
4.14612
4.02987
3.91548
3.80279
3.692
3.58387
3.40392
3.30472
3.21022
3.07353
2.83195
2.62214
2.32503
2.17908
2.04829
1.9302
1.82227
1.72447
1.57441
1.49573
1.42289
1.35623
1.29322
1.23362
1.14024
1.08962
1.04132
0.995934
0.953299
0.913283
0.850604
0.816152
0.782729
0.750394
0.719116
0.688888
