-2.55244
-2.83322
-3.19367
-3.63584
-4.11477
-4.62372
-5.16615
-5.74501
-6.36302
-7.0413
-7.89617
-8.99335
-10.2053
-11.4969
-12.876
-14.3519
-15.9316
-17.6513
-19.7574
-22.5624
-25.7575
-29.1915
-32.8888
-36.895
-41.2575
-46.0862
-51.9691
-60.1651
-70.261
-81.9381
-95.7981
-112.976
-135.428
-167.154
-220.131
-326.502
-513.048
-612.445
-431.259
-7.24227
416.596
597.174
498.587
316.905
216.884
164.993
132.719
109.792
92.265
78.0923
66.2356
56.9421
50.3405
44.9109
40.0466
35.614
31.5444
27.7774
24.2866
21.2691
19.0199
17.1511
15.4279
13.8182
12.314
10.9045
9.58197
8.3948
7.47691
6.73123
6.04485
5.39925
4.79133
4.21729
3.67437
3.1776
2.28085
1.7266
1.36103
1.0951
-2.55343
-2.83206
-2.83438
-3.19213
-3.19521
-3.63411
-3.63758
-4.11293
-4.11662
-4.62176
-4.62568
-5.16405
-5.16824
-5.74278
-5.74725
-6.36063
-6.36542
-7.03856
-7.04405
-7.89245
-7.89989
-8.98898
-8.99772
-10.2006
-10.21
-11.4919
-11.5018
-12.8706
-12.8813
-14.3462
-14.3576
-15.9255
-15.9378
-17.6445
-17.6582
-19.7481
-19.7666
-22.551
-22.5738
-25.7451
-25.7699
-29.1782
-29.2048
-32.8744
-32.9032
-36.8794
-36.9106
-41.2404
-41.2745
-46.0669
-46.1055
-51.9434
-51.995
-60.1303
-60.1999
-70.2205
-70.3015
-81.8909
-81.9853
-95.741
-95.8553
-112.904
-113.049
-135.331
-135.526
-167.008
-167.3
-219.857
-220.406
-325.973
-327.031
-512.257
-513.83
-612.573
-612.313
-432.576
-429.936
-8.86222
-5.62244
415.261
417.921
597.044
597.3
499.37
497.806
317.413
316.4
217.145
216.624
165.14
164.846
132.819
132.619
109.866
109.718
92.3234
92.2067
78.1406
78.044
66.2758
66.1955
56.9709
56.9133
50.3623
50.3188
44.93
44.8918
40.064
40.0293
35.6298
35.5981
31.559
31.5298
27.791
27.7638
24.2991
24.2742
21.2788
21.2593
19.0274
19.0125
17.1577
17.1444
15.4342
15.4217
13.8241
13.8124
12.3195
12.3086
10.9096
10.8994
9.58673
9.57721
8.39879
8.39082
7.4799
7.47392
6.73389
6.72859
6.04733
6.04236
5.40159
5.39691
4.79354
4.78913
4.21937
4.2152
3.67634
3.67241
3.17933
3.17586
2.28351
2.2782
1.72825
1.72495
1.36217
1.3599
1.09595
-2.56177
-2.82229
-2.84426
-3.17912
-3.20835
-3.61939
-3.65234
-4.09726
-4.13232
-4.60509
-4.64239
-5.14627
-5.18607
-5.7238
-5.76627
-6.34031
-6.38581
-7.01529
-7.06747
-7.86102
-7.9317
-8.9519
-9.03493
-10.1609
-10.2498
-11.4495
-11.5443
-12.8254
-12.9267
-14.2977
-14.4062
-15.8736
-15.9898
-17.5863
-17.7168
-19.6703
-19.8455
-22.4541
-22.6712
-25.6399
-25.8754
-29.0653
-29.318
-32.7525
-33.0255
-36.747
-37.0435
-41.0957
-41.4198
-45.9033
-46.2702
-51.7257
-52.2161
-59.8355
-60.4972
-69.8771
-70.6468
-81.491
-82.3879
-95.2574
-96.3429
-112.291
-113.668
-134.506
-136.362
-165.782
-168.549
-217.558
-222.783
-321.519
-331.591
-505.443
-520.517
-613.514
-611.049
-443.595
-418.516
-22.6428
8.15755
403.755
428.828
595.787
598.219
506.024
491.283
321.75
312.163
219.392
214.441
166.401
163.606
133.673
131.777
110.498
109.093
92.8211
91.713
78.5527
77.6347
66.6191
65.8553
57.218
56.6699
50.5481
50.1343
45.0927
44.7297
40.2115
39.8823
35.7648
35.4636
31.6834
31.4058
27.9066
27.6486
24.405
24.1689
21.3627
21.1766
19.0907
18.9497
17.2145
17.0878
15.4871
15.3689
13.8735
13.7631
12.3658
12.2624
10.953
10.856
9.62727
9.53682
8.43284
8.35716
7.5054
7.44863
6.75646
6.70608
6.0685
6.02124
5.42151
5.37703
4.81232
4.77039
4.23714
4.19747
3.69306
3.65574
3.19411
3.16117
2.3063
2.25588
1.74239
1.71103
1.3719
1.35026
1.10323
-2.58861
-2.62751
-2.6671
-2.70747
-2.74891
-2.79159
-2.87643
-2.9242
-2.97421
-3.02649
-3.08118
-3.13813
-3.25084
-3.31295
-3.37635
-3.4408
-3.50628
-3.57259
-3.6997
-3.76803
-3.83699
-3.90646
-3.97665
-4.04743
-4.18267
-4.25526
-4.32849
-4.40228
-4.47685
-4.5521
-4.69597
-4.77326
-4.85128
-4.92995
-5.00945
-5.08972
-5.24325
-5.32575
-5.40902
-5.49298
-5.57783
-5.66348
-5.82726
-5.91525
-6.00408
-6.09365
-6.18423
-6.27576
-6.45129
-6.54605
-6.64224
-6.73994
-6.8398
-6.94209
-7.14365
-7.25641
-7.37408
-7.49723
-7.62672
-7.76253
-8.03501
-8.18714
-8.34378
-8.504
-8.66772
-8.83416
-9.15446
-9.32709
-9.5015
-9.67739
-9.85516
-10.0346
-10.3775
-10.5616
-10.7474
-10.9347
-11.1239
-11.315
-11.6804
-11.8768
-12.075
-12.275
-12.4772
-12.6815
-13.0723
-13.2824
-13.4946
-13.7087
-13.9251
-14.1437
-14.562
-14.7868
-15.0139
-15.2429
-15.4745
-15.7086
-16.157
-16.3988
-16.6438
-16.8921
-17.1448
-17.4026
-17.9065
-18.1854
-18.4752
-18.7771
-19.0942
-19.4273
-20.1027
-20.485
-20.8822
-21.2925
-21.7149
-22.147
-22.9843
-23.4377
-23.8971
-24.3611
-24.8308
-25.3054
-26.214
-26.7025
-27.1958
-27.6941
-28.1975
-28.7063
-29.6817
-30.2064
-30.7369
-31.2733
-31.8159
-32.3648
-33.4186
-33.9863
-34.5607
-35.142
-35.7304
-36.326
-37.4707
-38.0878
-38.7127
-39.3455
-39.9866
-40.6361
-41.8871
-42.5636
-43.2504
-43.9489
-44.66
-45.3858
-46.8038
-47.5865
-48.3964
-49.2386
-50.1208
-51.0473
-52.9404
-54.0256
-55.1672
-56.3644
-57.6118
-58.9057
-61.4587
-62.8619
-64.2977
-65.7645
-67.262
-68.7898
-71.7606
-73.3811
-75.0363
-76.7275
-78.4573
-80.2275
-83.689
-85.59
-87.5415
-89.547
-91.6101
-93.7336
-97.9235
-100.246
-102.646
-105.128
-107.7
-110.366
-115.683
-118.662
-121.766
-125.004
-128.388
-131.928
-139.093
-143.173
-147.475
-152.023
-156.85
-161.983
-172.674
-178.974
-185.808
-193.266
-201.471
-210.573
-230.786
-243.344
-257.328
-272.72
-289.526
-307.794
-346.724
-370.036
-395.402
-422.921
-452.442
-483.425
-541.21
-567.672
-588.463
-603.164
-611.841
-614.749
-605.263
-592.253
-573.454
-548.232
-516.151
-476.18
-379.805
-320.097
-257.265
-193.581
-129.951
-66.6862
52.1997
115.389
178.99
242.689
305.335
364.936
461.333
501.103
533.116
558.217
577.027
589.996
599.47
596.583
588.018
573.291
552.774
526.557
469.507
438.99
410.02
383.236
358.674
336.234
299.173
281.95
266.192
251.813
238.733
226.936
207.766
198.992
190.988
183.642
176.854
170.548
159.768
154.562
149.653
145.017
140.627
136.462
129.145
125.527
122.071
118.765
115.595
112.554
107.129
104.409
101.786
99.2532
96.8048
94.4349
90.1568
87.987
85.8783
83.8273
81.8305
79.8847
76.3415
74.5311
72.7648
71.0425
69.3643
67.7319
64.7856
63.3044
61.8844
60.5306
59.2453
58.0286
55.9113
54.8744
53.8865
52.941
52.0299
51.1491
49.5513
48.7336
47.9328
47.1474
46.3756
45.6165
44.2153
43.4893
42.7737
42.0682
41.3724
40.6861
39.4153
38.7551
38.1036
37.4605
36.8255
36.1986
35.0361
34.4313
33.8338
33.2434
32.6599
32.083
31.0114
30.453
29.9004
29.3539
28.813
28.2777
27.282
26.7627
26.2492
25.7416
25.2404
24.7459
23.8354
23.3672
22.9112
22.47
22.0443
21.6366
20.9186
20.5647
20.2277
19.9053
19.5951
19.2952
18.751
18.4716
18.197
17.927
17.6603
17.3968
16.9078
16.6526
16.3999
16.1501
15.9024
15.6571
15.2009
14.9625
14.7264
14.493
14.2615
14.0324
13.6061
13.3834
13.1629
12.9447
12.7285
12.5142
12.1156
11.9072
11.7006
11.4962
11.2934
11.0924
10.7181
10.5222
10.3281
10.1361
9.94582
9.75754
9.40862
9.22765
9.05001
8.87655
8.70746
8.54368
8.2517
8.10663
7.96816
7.83616
7.70968
7.58805
7.36884
7.25695
7.14738
7.03979
6.93367
6.82894
6.63453
6.53302
6.43246
6.33297
6.23424
6.13638
5.95406
5.85866
5.76409
5.67046
5.57753
5.48541
5.3138
5.22399
5.13495
5.0468
4.95929
4.87252
4.71078
4.62608
4.54206
4.45882
4.37613
4.29409
4.14104
4.06083
3.98126
3.90245
3.82423
3.74674
3.60279
3.52791
3.45417
3.38189
3.31098
3.24164
3.11463
2.95428
2.77998
2.63137
2.5
2.38174
2.1872
2.09525
2.00987
1.93126
1.85743
1.7885
1.66805
1.60989
1.55437
1.50156
1.45133
1.40378
1.31997
1.2781
1.23798
1.19965
1.16261
1.12672
