-2.04186
-2.38096
-2.75705
-3.26169
-3.90979
-4.62176
-5.40074
-6.25483
-7.22841
-8.6063
-10.3061
-12.1709
-14.221
-16.4804
-19.1614
-23.0696
-27.7242
-32.8816
-38.6587
-45.2288
-53.769
-66.7186
-82.9837
-103.86
-133.261
-181.282
-293.395
-546.961
-546.137
-7.24227
531.024
532.275
285.594
179.154
130.506
100.492
79.1627
62.7851
51.8233
44.0586
37.4056
31.5371
26.2799
21.7124
18.5287
15.985
13.6849
11.5943
9.68471
8.05417
6.90794
5.93226
5.03809
4.2152
3.45766
2.40161
1.62091
1.17452
0.87626
0.661699
-2.04272
-2.38003
-2.3819
-2.75596
-2.75813
-3.2601
-3.26328
-3.90799
-3.91159
-4.61979
-4.62372
-5.39859
-5.40289
-6.25246
-6.25719
-7.22548
-7.23134
-8.60208
-8.61053
-10.3014
-10.3108
-12.1658
-12.1761
-14.2154
-14.2267
-16.4741
-16.4867
-19.153
-19.1698
-23.058
-23.0812
-27.7113
-27.7371
-32.8673
-32.896
-38.6425
-38.6749
-45.21
-45.2476
-53.7407
-53.7973
-66.68
-66.7573
-82.9359
-83.0316
-103.797
-103.924
-133.166
-133.356
-181.108
-181.457
-292.937
-293.855
-546.241
-547.677
-546.881
-545.388
-8.86222
-5.62244
530.277
531.766
532.988
531.558
286.027
285.161
179.326
178.981
130.603
130.41
100.558
100.427
79.2117
79.1138
62.8219
62.7483
51.8462
51.8005
44.0774
44.0398
37.4221
37.3892
31.5517
31.5225
26.2931
26.2668
21.7227
21.702
18.5359
18.5216
15.9913
15.9786
13.6907
13.6791
11.5995
11.589
9.68951
9.67992
8.05776
8.05059
6.91065
6.90524
5.93472
5.9298
5.04035
5.03583
4.21729
4.21311
3.45954
3.45577
2.40455
2.39868
1.62239
1.61944
1.17548
1.17356
0.876889
0.87563
0.662199
-2.05131
-2.37071
-2.39125
-2.74513
-2.76907
-3.2443
-3.27921
-3.89003
-3.92961
-4.6002
-4.64337
-5.3771
-5.42444
-6.22887
-6.28085
-7.19632
-7.26085
-8.55995
-8.65286
-10.2545
-10.3579
-12.1143
-12.2277
-14.1587
-14.2835
-16.4113
-16.5497
-19.0692
-19.255
-22.942
-23.1977
-27.5824
-27.8664
-32.7238
-33.0399
-38.4811
-38.837
-45.0226
-45.4362
-53.4596
-54.0831
-66.2945
-67.1452
-82.4591
-83.5121
-103.161
-104.567
-132.223
-134.313
-179.396
-183.216
-288.402
-298.505
-538.889
-554.631
-554.049
-537.661
-25.0718
10.5871
522.563
538.953
539.915
524.278
290.405
280.894
181.073
177.275
131.58
129.447
101.213
99.7787
79.7037
78.6256
63.1924
62.3828
52.076
51.5727
44.2655
43.8525
37.5868
37.2251
31.6981
31.3766
26.4249
26.1354
21.827
21.5992
18.6076
18.4502
16.0551
15.915
13.7486
13.6214
11.6523
11.5364
9.73756
9.63205
8.09389
8.01498
6.93775
6.87825
5.95937
5.90522
5.06298
5.01326
4.23819
4.19226
3.47843
3.43699
2.43442
2.36995
1.63726
1.60478
1.18497
1.16403
0.883201
0.869358
0.667224
-2.08364
-2.13284
-2.18271
-2.23315
-2.28423
-2.336
-2.42645
-2.48011
-2.53466
-2.59015
-2.64689
-2.70527
-2.81083
-2.87667
-2.94683
-3.02174
-3.10158
-3.18607
-3.33965
-3.43285
-3.52804
-3.62492
-3.72337
-3.8231
-3.99744
-4.10067
-4.2053
-4.31118
-4.41844
-4.52723
-4.71739
-4.83012
-4.94452
-5.0604
-5.17788
-5.2971
-5.5056
-5.62921
-5.75463
-5.88164
-6.0104
-6.1411
-6.3701
-6.50661
-6.64586
-6.7886
-6.93623
-7.08985
-7.37439
-7.55545
-7.74986
-7.95697
-8.17561
-8.40407
-8.81303
-9.05841
-9.30834
-9.56183
-9.81888
-10.0796
-10.5352
-10.8051
-11.079
-11.3563
-11.6374
-11.9228
-12.4221
-12.7185
-13.0193
-13.3243
-13.6337
-13.9478
-14.4976
-14.8238
-15.155
-15.4907
-15.8315
-16.1781
-16.7879
-17.1537
-17.5305
-17.921
-18.3301
-18.7644
-19.5839
-20.1094
-20.6704
-21.2609
-21.8762
-22.5116
-23.6374
-24.3094
-24.9927
-25.6857
-26.3888
-27.1028
-28.3536
-29.0968
-29.8517
-30.6186
-31.398
-32.1903
-33.583
-34.4128
-35.257
-36.1162
-36.9907
-37.881
-39.4488
-40.3849
-41.3393
-42.3134
-43.3091
-44.3294
-46.1531
-47.2686
-48.4381
-49.6772
-51.0054
-52.4408
-55.1861
-56.943
-58.8027
-60.7507
-62.7751
-64.8683
-68.6162
-70.8863
-73.2249
-75.6363
-78.1257
-80.6996
-85.3405
-88.183
-91.1423
-94.2279
-97.4519
-100.828
-107.026
-110.895
-114.981
-119.307
-123.901
-128.793
-138.005
-143.918
-150.31
-157.262
-164.874
-173.283
-190.168
-201.887
-215.521
-231.568
-250.412
-272.254
-316.859
-347.418
-382.056
-421.117
-464.403
-509.903
-577.777
-601.993
-613.521
-613.08
-601.085
-577.176
-504.25
-439.904
-360.114
-270.539
-178.056
-85.8955
71.3503
163.463
255.957
345.298
425.203
489.205
561.943
585.817
597.798
598.211
586.895
562.739
495.496
450.729
408.259
370.3
336.902
307.758
265.756
245.352
227.671
212.501
199.397
187.944
171.157
162.689
154.981
147.906
141.386
135.35
125.941
120.944
116.254
111.838
107.669
103.722
97.3988
93.9535
90.6617
87.5088
84.4836
81.5752
76.8246
74.1924
71.6528
69.2063
66.8577
64.6156
61.0525
59.1688
57.43
55.8281
54.3443
52.956
50.7358
49.5149
48.3337
47.1866
46.0687
44.977
43.157
42.1276
41.1188
40.1297
39.1599
38.2086
36.6154
35.7111
34.8231
33.9505
33.0931
32.2501
30.834
30.0274
29.2333
28.4511
27.6808
26.9221
25.647
24.9226
24.2147
23.5262
22.8615
22.2279
21.2256
20.6957
20.2027
19.7397
19.3006
18.8795
18.1858
17.7944
17.4106
17.0333
16.6614
16.2953
15.6785
15.3261
14.979
14.6368
14.2992
13.9667
13.4065
13.0864
12.7712
12.4603
12.1534
11.8509
11.3405
11.0485
10.7604
10.4761
10.1953
9.91879
9.45427
9.19124
8.93572
8.68947
8.45444
8.23304
7.88547
7.70044
7.5256
7.35849
7.19706
7.04007
6.77789
6.62876
6.48165
6.33668
6.19358
6.05219
5.81364
5.67707
5.54234
5.40932
5.27788
5.14819
4.92917
4.8037
4.67985
4.55747
4.43641
4.31684
4.11455
3.99851
3.88397
3.7709
3.65937
3.54986
3.36753
3.26554
3.16669
3.01822
2.76072
2.55398
2.26778
2.12774
2.00268
1.89065
1.78884
1.69481
1.55145
1.47568
1.40563
1.34047
1.279
1.22127
1.12934
1.08066
1.03337
0.988906
0.947056
0.907824
0.846164
0.812113
0.779092
0.747157
0.716281
0.686436
