-2.035
-2.32213
-2.63257
-3.00376
-3.50712
-4.07979
-4.69666
-5.36316
-6.08402
-6.87374
-7.87208
-9.21136
-10.7049
-12.3183
-14.0684
-15.9684
-18.0874
-20.9203
-24.6125
-28.6953
-33.1554
-38.0718
-43.5398
-49.9932
-59.3025
-71.527
-86.1626
-104.47
-129.014
-165.353
-232.898
-385.477
-603.856
-497.144
-7.24227
482.12
588.703
373.601
228.923
163.173
126.167
101.114
82.4164
67.4978
56.2336
48.6192
42.3606
36.8093
31.8154
27.2708
23.1543
19.935
17.5684
15.4653
13.5293
11.7449
10.0926
8.59719
7.45754
6.56688
5.75403
4.99861
4.29483
3.63716
2.95674
1.97554
1.45764
1.11615
0.871237
0.685943
-2.03586
-2.32121
-2.32305
-2.63156
-2.63358
-3.00241
-3.00511
-3.50543
-3.50882
-4.07796
-4.08163
-4.69468
-4.69865
-5.36102
-5.36531
-6.08171
-6.08634
-6.87112
-6.87636
-7.86839
-7.87577
-9.20692
-9.21579
-10.7001
-10.7097
-12.3131
-12.3235
-14.0627
-14.074
-15.9622
-15.9745
-18.0802
-18.0946
-20.9098
-20.9307
-24.6004
-24.6246
-28.6821
-28.7084
-33.141
-33.1699
-38.0558
-38.0878
-43.5218
-43.5577
-49.9701
-50.0164
-59.2683
-59.3367
-71.4858
-71.5682
-86.1127
-86.2126
-104.406
-104.535
-128.924
-129.104
-165.211
-165.496
-232.587
-233.209
-384.818
-386.138
-603.562
-604.147
-498.171
-496.111
-8.86222
-5.62244
481.092
483.142
588.993
588.409
374.241
372.963
229.217
228.63
163.317
163.029
126.259
126.075
101.18
101.049
82.4675
82.3652
67.5391
67.4566
56.2615
56.2058
48.64
48.5984
42.3788
42.3425
36.8255
36.7931
31.8301
31.8008
27.2843
27.2574
23.166
23.1425
19.9432
19.9269
17.5752
17.5616
15.4716
15.4591
13.5351
13.5236
11.7502
11.7396
10.0975
10.0877
8.60139
8.593
7.46051
7.45457
6.56949
6.56427
5.75646
5.75161
5.00087
4.99636
4.29693
4.29273
3.63911
3.63521
2.96167
2.95182
1.97758
1.97351
1.4589
1.45637
1.11702
1.11529
0.871863
0.87061
0.686462
-2.04379
-2.31271
-2.33157
-2.62222
-2.64297
-2.98999
-3.0177
-3.48976
-3.52455
-4.06098
-4.09864
-4.67639
-4.71699
-5.34123
-5.38515
-6.0603
-6.10781
-6.84696
-6.9007
-7.83444
-7.91015
-9.16596
-9.25689
-10.6559
-10.7541
-12.2652
-12.3716
-14.0107
-14.1262
-15.9056
-16.0313
-18.0139
-18.1616
-20.8138
-21.0278
-24.4887
-24.7367
-28.5605
-28.8304
-33.0075
-33.3038
-37.9082
-38.2359
-43.356
-43.7243
-49.7578
-50.2316
-58.9536
-59.6543
-71.1061
-71.9502
-85.652
-86.6767
-103.812
-105.134
-128.099
-129.94
-163.907
-166.827
-229.746
-236.138
-378.778
-392.304
-600.674
-606.646
-507.396
-486.315
-23.8573
9.3723
471.35
492.351
591.469
585.599
380.221
367.138
231.977
225.958
164.662
161.712
127.113
125.231
101.791
100.443
82.9425
81.894
67.9222
67.0771
56.5211
55.9501
48.8327
48.4068
42.547
42.175
36.976
36.6431
31.9663
31.6651
27.4088
27.1332
23.2751
23.0343
20.0193
19.8518
17.6381
17.4988
15.5293
15.4015
13.5883
13.4706
11.7993
11.6906
10.143
10.0423
8.64036
8.55446
7.48813
7.42717
6.59365
6.54017
5.77888
5.72924
5.02172
4.97556
4.31641
4.27329
3.65721
3.61718
3.00785
2.90747
1.99657
1.95485
1.47072
1.44475
1.12505
1.10731
0.877676
0.864832
0.69128
-2.07165
-2.11305
-2.15489
-2.19722
-2.23995
-2.28314
-2.36151
-2.40602
-2.45104
-2.49668
-2.5429
-2.58986
-2.67613
-2.7261
-2.77777
-2.8316
-2.88803
-2.9476
-3.06277
-3.13202
-3.20432
-3.27937
-3.35647
-3.43536
-3.57989
-3.66234
-3.7458
-3.83031
-3.91564
-4.0019
-4.15843
-4.24729
-4.33711
-4.42802
-4.51986
-4.61273
-4.78146
-4.87735
-4.97436
-5.07261
-5.17191
-5.27236
-5.45491
-5.55865
-5.66359
-5.76985
-5.87721
-5.98583
-6.18329
-6.29568
-6.40963
-6.52544
-6.64324
-6.7635
-6.98708
-7.11846
-7.25611
-7.40134
-7.55512
-7.71832
-8.03289
-8.22002
-8.41376
-8.61306
-8.81648
-9.02354
-9.4014
-9.61646
-9.83403
-10.0543
-10.2768
-10.5017
-10.9102
-11.1423
-11.3771
-11.6149
-11.8552
-12.0984
-12.5406
-12.7921
-13.0467
-13.3047
-13.5656
-13.8296
-14.3097
-14.5827
-14.8591
-15.139
-15.4222
-15.7089
-16.2311
-16.5292
-16.8325
-17.1422
-17.4591
-17.7855
-18.4013
-18.77
-19.1606
-19.5762
-20.0175
-20.484
-21.3727
-21.8945
-22.4302
-22.978
-23.5348
-24.1003
-25.1308
-25.7172
-26.3111
-26.9126
-27.5214
-28.1378
-29.2592
-29.8983
-30.5461
-31.2028
-31.8687
-32.5439
-33.7748
-34.4777
-35.191
-35.915
-36.6498
-37.3957
-38.7572
-39.5358
-40.3269
-41.1311
-41.9491
-42.782
-44.3119
-45.1959
-46.1039
-47.0415
-48.0156
-49.0347
-51.0044
-52.2095
-53.4992
-54.8754
-56.3356
-57.8718
-60.7816
-62.4882
-64.2446
-66.0483
-67.8975
-69.7931
-73.3004
-75.3348
-77.4243
-79.573
-81.7848
-84.0645
-88.3225
-90.8195
-93.4058
-96.0892
-98.8762
-101.776
-107.269
-110.535
-113.955
-117.542
-121.311
-125.282
-132.937
-137.582
-142.519
-147.789
-153.434
-159.506
-171.655
-179.354
-187.866
-197.385
-208.115
-220.383
-247.014
-264.849
-284.805
-306.938
-331.456
-358.634
-414.846
-450.678
-488.739
-526.833
-561.145
-587.805
-612.68
-614.387
-607.872
-593.028
-569.446
-536.13
-448.55
-383.377
-309.816
-232.324
-154.078
-76.2953
61.8076
139.503
217.786
295.127
368.505
433.766
521.034
554.223
577.8
592.609
599.109
597.398
572.647
546.318
512.335
474.78
437.253
402.143
347.672
321.622
298.363
277.516
258.831
242.171
217.123
205.411
195.007
185.677
177.233
169.526
157.259
151.088
145.336
139.96
134.918
130.176
122.355
118.3
114.452
110.791
107.301
103.969
98.3663
95.4072
92.5621
89.822
87.179
84.6262
80.269
77.9354
75.672
73.476
71.3459
69.2827
65.7723
63.9167
62.1507
60.4824
58.9173
57.4559
55.0813
53.8638
52.7092
51.6048
50.5427
49.5141
47.7444
46.7863
45.8482
44.9284
44.0257
43.1394
41.5938
40.7491
39.9183
39.1011
38.297
37.5057
36.1225
35.3649
34.6187
33.8835
33.1591
32.445
31.1937
30.5066
29.8286
29.1593
28.4987
27.8465
26.7018
26.0731
25.4536
24.8439
24.2463
23.6624
22.662
22.1333
21.6309
21.1563
20.7106
20.291
19.5943
19.2278
18.8733
18.528
18.1907
17.8597
17.2808
16.9633
16.6499
16.3401
16.0343
15.7323
15.2012
14.9091
14.6205
14.3351
14.0535
13.7752
13.2861
13.017
12.7512
12.4882
12.2285
11.9719
11.5201
11.2714
11.0253
10.7817
10.5411
10.303
9.88453
9.65477
9.4286
9.20644
8.98963
8.77901
8.42239
8.23608
8.05992
7.89344
7.73611
7.58636
7.3327
7.19678
7.0639
6.9334
6.80512
6.67862
6.45632
6.334
6.21301
6.09321
5.9748
5.85768
5.65137
5.53771
5.42527
5.31391
5.20387
5.09498
4.90314
4.7974
4.69274
4.58901
4.48642
4.38483
4.2056
4.10669
4.00873
3.91166
3.81572
3.72089
3.55457
3.46378
3.37498
3.2883
3.20413
3.1219
2.76675
2.58896
2.43472
2.29929
2.17717
2.06628
1.89179
1.80508
1.72429
1.64912
1.5792
1.51324
1.40527
1.34998
1.29739
1.24737
1.20004
1.1547
1.07962
1.03955
1.00147
0.965308
0.931025
0.898584
0.844847
0.816043
0.787995
0.760674
0.734136
0.708353
