-2.57163
-2.86351
-3.22544
-3.65992
-4.1362
-4.64609
-5.19184
-5.77728
-6.40918
-7.11503
-7.98444
-9.06117
-10.2632
-11.5559
-12.9428
-14.4344
-16.0464
-17.8336
-20.0033
-22.7622
-25.9227
-29.3572
-33.0759
-37.1247
-41.5712
-46.577
-52.6976
-60.8229
-70.8049
-82.4833
-96.412
-113.716
-136.407
-168.65
-221.581
-318.1
-465.152
-530.068
-364.029
-7.24458
349.433
515.408
451.71
308.822
217.279
165.835
133.443
110.437
92.8637
78.709
66.995
57.7437
50.865
45.2496
40.2971
35.8191
31.727
27.9615
24.5127
21.5375
19.2105
17.2719
15.5159
13.8901
12.3778
10.9677
9.65743
8.49111
7.55293
6.77887
6.07865
5.4266
4.81581
4.24212
3.70472
3.21575
2.31831
1.74798
1.37335
1.10268
-2.57265
-2.86231
-2.86471
-3.22392
-3.22695
-3.6582
-3.66163
-4.13436
-4.13805
-4.64412
-4.64807
-5.18972
-5.19395
-5.77501
-5.77954
-6.40671
-6.41165
-7.11215
-7.1179
-7.98077
-7.98812
-9.05687
-9.06548
-10.2585
-10.2678
-11.5509
-11.5609
-12.9375
-12.9482
-14.4286
-14.4402
-16.0401
-16.0527
-17.8264
-17.8408
-19.9941
-20.0126
-22.751
-22.7735
-25.9104
-25.9351
-29.3438
-29.3705
-33.0614
-33.0904
-37.1089
-37.1405
-41.5537
-41.5887
-46.5568
-46.5972
-52.6714
-52.7239
-60.7887
-60.8571
-70.7646
-70.8452
-82.4359
-82.5307
-96.3545
-96.4695
-113.643
-113.789
-136.308
-136.506
-168.502
-168.799
-221.317
-221.846
-317.638
-318.564
-464.594
-465.709
-530.226
-529.907
-365.123
-362.933
-8.66084
-5.82826
348.333
350.53
515.252
515.561
452.252
451.167
309.267
308.377
217.531
217.027
165.983
165.688
133.543
133.343
110.511
110.363
92.9221
92.8054
78.757
78.661
67.0345
66.9555
57.7733
57.7141
50.8877
50.8422
45.2692
45.23
40.3146
40.2795
35.835
35.8031
31.7416
31.7123
27.975
27.948
24.5249
24.5006
21.5474
21.5277
19.2182
19.2027
17.2787
17.265
15.5222
15.5096
13.8959
13.8842
12.3833
12.3724
10.9728
10.9626
9.66211
9.65274
8.49507
8.48716
7.55605
7.54982
6.7816
6.77614
6.08117
6.07613
5.42896
5.42425
4.81802
4.8136
4.2442
4.24004
3.70665
3.70279
3.21746
3.21404
2.32103
2.31559
1.74967
1.7463
1.37452
1.37219
1.10354
-2.58128
-2.85217
-2.87492
-3.21113
-3.23984
-3.64365
-3.67622
-4.11871
-4.15373
-4.62739
-4.66484
-5.1718
-5.21192
-5.75575
-5.79886
-6.38576
-6.43269
-7.0879
-7.14241
-7.94966
-8.0195
-9.02035
-9.10213
-10.2189
-10.3075
-11.5084
-11.6035
-12.8918
-12.994
-14.3795
-14.4895
-15.9868
-16.1063
-17.7655
-17.9023
-19.916
-20.0914
-22.6559
-22.869
-25.8056
-26.0401
-29.2306
-29.4842
-32.9385
-33.2137
-36.9746
-37.2752
-41.4053
-41.7378
-46.3855
-46.7698
-52.4496
-52.9485
-60.4992
-61.1489
-70.4228
-71.189
-82.0349
-82.9345
-95.868
-96.9605
-113.025
-114.414
-135.472
-137.352
-167.254
-170.074
-219.099
-224.123
-313.727
-322.526
-459.804
-470.389
-531.438
-528.388
-374.344
-353.475
-20.6965
6.21294
338.872
359.724
513.758
516.738
456.851
446.506
313.088
304.638
219.698
214.912
167.248
164.445
134.399
132.498
111.145
109.736
93.4206
92.311
79.1668
78.2541
67.3718
66.6213
58.0262
57.4642
51.0818
50.6495
45.436
45.064
40.4642
40.1305
35.9711
35.6676
31.8665
31.5879
28.09
27.8333
24.6288
24.3973
21.6319
21.4442
19.2844
19.1369
17.3371
17.207
15.5759
15.4561
13.9458
13.8345
12.4297
12.3261
11.0161
10.9194
9.70201
9.61301
8.52887
8.45368
7.58264
7.52342
6.80481
6.75301
6.10263
6.05473
5.44903
5.40423
4.83684
4.79482
4.26189
4.2224
3.7231
3.6864
3.23204
3.19954
2.34441
2.29271
1.76411
1.73208
1.38447
1.36234
1.11087
-2.60907
-2.64945
-2.69064
-2.73271
-2.77589
-2.82032
-2.90806
-2.95698
-3.00766
-3.06014
-3.11456
-3.17079
-3.2815
-3.34233
-3.40449
-3.46774
-3.53212
-3.59746
-3.7231
-3.79084
-3.85932
-3.92844
-3.99834
-4.06895
-4.20406
-4.27667
-4.35
-4.42394
-4.4987
-4.5742
-4.71867
-4.79635
-4.8748
-4.95393
-5.03397
-5.11482
-5.26961
-5.35287
-5.43698
-5.52187
-5.60775
-5.69454
-5.86086
-5.95042
-6.04099
-6.13252
-6.22531
-6.31929
-6.50035
-6.5985
-6.69845
-6.80025
-6.90446
-7.0114
-7.22172
-7.33859
-7.45979
-7.58544
-7.71612
-7.85187
-8.12115
-8.2705
-8.4239
-8.58077
-8.74119
-8.90458
-9.21997
-9.39053
-9.56322
-9.73772
-9.91439
-10.093
-10.435
-10.6189
-10.8048
-10.9923
-11.1819
-11.3734
-11.7401
-11.9374
-12.1367
-12.3378
-12.5413
-12.7469
-13.1408
-13.3527
-13.567
-13.7832
-14.0022
-14.2234
-14.6476
-14.8762
-15.1073
-15.3408
-15.5776
-15.8174
-16.2786
-16.5284
-16.7822
-17.0402
-17.3038
-17.5732
-18.1009
-18.3928
-18.6947
-19.0074
-19.3329
-19.6712
-20.3475
-20.7253
-21.116
-21.5181
-21.9315
-22.3548
-23.1767
-23.6232
-24.0765
-24.5356
-25.0013
-25.4728
-26.3776
-26.8651
-27.3581
-27.8565
-28.3606
-28.8705
-29.8492
-30.3763
-30.9095
-31.4491
-31.9952
-32.5479
-33.6101
-34.1828
-34.7628
-35.3502
-35.9452
-36.5481
-37.7086
-38.3354
-38.971
-39.6157
-40.27
-40.9343
-42.2181
-42.9148
-43.6244
-44.3484
-45.0878
-45.8447
-47.3288
-48.1498
-48.9987
-49.8796
-50.7969
-51.7543
-53.6813
-54.7701
-55.9062
-57.0883
-58.3161
-59.5865
-62.0936
-63.4748
-64.8908
-66.3407
-67.8244
-69.3415
-72.2989
-73.916
-75.5696
-77.2614
-78.9933
-80.7676
-84.2404
-86.1491
-88.1096
-90.125
-92.1993
-94.3356
-98.5516
-100.889
-103.306
-105.806
-108.397
-111.085
-116.447
-119.453
-122.587
-125.859
-129.28
-132.861
-140.12
-144.259
-148.627
-153.254
-158.162
-163.386
-174.276
-180.679
-187.604
-195.118
-203.316
-212.302
-231.728
-243.458
-256.296
-270.258
-285.357
-301.626
-335.639
-355.466
-376.515
-398.532
-421.3
-444.148
-484.601
-502.64
-517.064
-527.294
-532.743
-533.671
-522.005
-508.707
-490.258
-466.451
-437.09
-402.035
-321.76
-273.127
-221.584
-168.2
-113.939
-59.1277
44.6875
99.4647
153.683
207.1
258.457
307.18
387.385
422.298
451.71
475.5
493.905
507.327
519.023
518.337
512.739
502.8
488.658
470.851
431.044
408.707
386.518
365.106
344.719
325.661
293.077
277.606
263.335
250.144
237.992
226.914
208.406
199.774
191.841
184.516
177.734
171.413
160.592
155.364
150.437
145.783
141.379
137.199
129.853
126.225
122.756
119.44
116.26
113.208
107.766
105.037
102.407
99.8668
97.412
95.0375
90.7532
88.5817
86.4732
84.4246
82.4318
80.4925
76.9696
75.1742
73.4261
71.7252
70.0713
68.4658
65.57
64.1131
62.7116
61.3673
60.081
58.8517
56.6826
55.6069
54.5768
53.5869
52.6325
51.7099
50.0414
49.1912
48.3611
47.5493
46.7535
45.9731
44.5379
43.7964
43.0669
42.3489
41.6419
40.9453
39.6577
38.9898
38.3312
37.6816
37.0407
36.4084
35.2369
34.628
34.0268
33.4332
32.8468
32.2675
31.1926
30.6331
30.0801
29.5336
28.9935
28.4597
27.4691
26.9538
26.4453
25.9439
25.4497
24.9635
24.0706
23.6122
23.1653
22.732
22.3119
21.9065
21.1825
20.8204
20.472
20.1369
19.8126
19.4985
18.9292
18.6374
18.3518
18.0718
17.796
17.5245
17.0225
16.7615
16.5036
16.2491
15.9973
15.7483
15.2859
15.0448
14.8062
14.5704
14.3369
14.1058
13.6764
13.4523
13.2305
13.0112
12.7939
12.5788
12.1788
11.9699
11.7631
11.5586
11.3559
11.1552
10.7821
10.5873
10.3946
10.2044
10.0161
9.83032
9.48709
9.3096
9.13556
8.96554
8.79966
8.63852
8.34836
8.2023
8.06163
7.92615
7.79528
7.66877
7.44004
7.32335
7.20924
7.09747
6.98757
6.87945
6.67956
6.57558
6.47284
6.37139
6.27092
6.1715
5.98668
5.89014
5.79455
5.7
5.60625
5.51339
5.34059
5.25023
5.16072
5.07215
4.98428
4.89722
4.73509
4.65028
4.56622
4.48302
4.40045
4.31863
4.16627
4.0866
4.0077
3.92968
3.8524
3.77596
3.63437
3.56085
3.48845
3.41738
3.34755
3.27906
3.15374
3.00088
2.82942
2.67873
2.54413
2.4225
2.22205
2.12774
2.04014
1.95864
1.88293
1.81165
1.68791
1.62837
1.57147
1.51728
1.46565
1.41685
1.33144
1.2887
1.24764
1.20845
1.17083
1.13464
