-2.04443
-2.33463
-2.65281
-3.0346
-3.5311
-4.10036
-4.71874
-5.38959
-6.12014
-6.93437
-7.95346
-9.27189
-10.7601
-12.3794
-14.1435
-16.0756
-18.2726
-21.1337
-24.7727
-28.8509
-33.334
-38.2997
-43.8846
-50.5958
-59.9066
-72.0183
-86.6951
-105.15
-130.021
-167.23
-234.913
-370.979
-530.475
-422.317
-7.19685
407.445
515.862
359.615
230.033
164.503
127.015
101.753
82.9807
68.1637
56.9348
49.0238
42.6212
37.0102
31.9882
27.4444
23.3822
20.1472
17.6906
15.5493
13.5969
11.805
10.1569
8.68366
7.52622
6.60706
5.78272
5.02218
4.31671
3.66355
2.99973
2.00092
1.47028
1.12267
0.874828
0.68832
-2.04529
-2.3337
-2.33557
-2.65177
-2.65386
-3.03324
-3.03595
-3.52943
-3.53278
-4.09852
-4.1022
-4.71675
-4.72073
-5.38743
-5.39175
-6.11777
-6.1225
-6.93164
-6.9371
-7.9498
-7.95712
-9.2675
-9.27628
-10.7553
-10.7649
-12.3742
-12.3846
-14.1378
-14.1492
-16.0693
-16.0819
-18.2651
-18.2801
-21.1235
-21.144
-24.7607
-24.7847
-28.8377
-28.8641
-33.3194
-33.3485
-38.2835
-38.3159
-43.8661
-43.9032
-50.5718
-50.6197
-59.873
-59.9402
-71.9772
-72.0594
-86.6448
-86.7454
-105.085
-105.215
-129.929
-130.112
-167.084
-167.377
-234.617
-235.21
-370.433
-371.527
-530.282
-530.664
-423.225
-421.406
-8.6236
-5.77018
406.537
408.349
516.044
515.677
360.146
359.084
230.314
229.753
164.649
164.358
127.108
126.923
101.819
101.687
83.0319
82.9296
68.2043
68.1231
56.9635
56.9062
49.0452
49.0023
42.6396
42.6028
37.0266
36.9939
32.003
31.9735
27.4577
27.431
23.3937
23.3706
20.1557
20.1387
17.6976
17.6837
15.5556
15.543
13.6026
13.5911
11.8104
11.7997
10.1618
10.152
8.68779
8.67953
7.52932
7.52312
6.60972
6.60439
5.78516
5.78028
5.02444
5.01991
4.31881
4.31461
3.66548
3.66163
3.0044
2.99507
2.00301
1.99883
1.47157
1.46898
1.12354
1.12179
0.875459
0.874198
0.688843
-2.05328
-2.32507
-2.34422
-2.6421
-2.66359
-3.02076
-3.04855
-3.51397
-3.5483
-4.08156
-4.11921
-4.69837
-4.73915
-5.36747
-5.41178
-6.09595
-6.1444
-6.9065
-6.96244
-7.91612
-7.99112
-9.22697
-9.31696
-10.711
-10.8094
-12.326
-12.433
-14.0852
-14.2019
-16.0113
-16.1401
-18.1958
-18.35
-21.029
-21.2393
-24.6498
-24.896
-28.7158
-28.9864
-33.185
-33.4834
-38.1339
-38.4661
-43.6953
-44.075
-50.352
-50.8422
-59.5635
-60.2526
-71.5982
-72.4408
-86.1814
-87.2126
-104.486
-105.82
-129.09
-130.962
-165.741
-168.744
-231.906
-237.993
-365.423
-376.647
-528.354
-532.281
-431.463
-412.83
-21.8074
7.41659
397.929
416.53
517.653
513.744
365.094
354.198
232.942
227.189
166.009
163.021
127.972
126.071
102.435
101.078
83.5069
82.4583
68.5819
67.749
57.2306
56.6432
49.2443
48.8045
42.8103
42.4328
37.1783
36.8428
32.1395
31.8374
27.5816
27.3076
23.5009
23.2643
20.2345
20.0606
17.7623
17.6193
15.614
15.4848
13.6561
13.5377
11.8596
11.7507
10.2069
10.1071
8.72618
8.64148
7.55805
7.49462
6.6344
6.57978
5.8078
5.7577
5.04539
4.99902
4.33828
4.29519
3.68332
3.64386
3.04836
2.95249
2.02273
1.97971
1.48364
1.45709
1.1318
1.11371
0.881306
0.868385
0.693696
-2.08136
-2.1231
-2.16533
-2.20809
-2.25132
-2.29506
-2.37465
-2.41999
-2.46598
-2.51273
-2.56023
-2.60864
-2.69799
-2.74989
-2.80353
-2.85927
-2.91731
-2.97799
-3.09354
-3.16212
-3.23335
-3.30707
-3.3828
-3.4604
-3.60299
-3.6846
-3.76743
-3.85147
-3.93649
-4.02255
-4.179
-4.26794
-4.35793
-4.44908
-4.54121
-4.63444
-4.80394
-4.90034
-4.99792
-5.0968
-5.19679
-5.29803
-5.48219
-5.58699
-5.69313
-5.80076
-5.90969
-6.0201
-6.22149
-6.33655
-6.45361
-6.57302
-6.69489
-6.81975
-7.05234
-7.189
-7.33148
-7.48057
-7.63667
-7.80053
-8.11217
-8.29619
-8.48626
-8.68194
-8.88204
-9.08626
-9.46018
-9.67374
-9.89024
-10.1098
-10.3319
-10.5568
-10.9657
-11.1984
-11.4338
-11.6725
-11.9139
-12.1583
-12.603
-12.8562
-13.1126
-13.3726
-13.6357
-13.9022
-14.3876
-14.6641
-14.9444
-15.2289
-15.5172
-15.8099
-16.3454
-16.6525
-16.966
-17.2874
-17.6172
-17.9578
-18.599
-18.9801
-19.3799
-19.8007
-20.2421
-20.7041
-21.5778
-22.0899
-22.6161
-23.1552
-23.7049
-24.2645
-25.2879
-25.8721
-26.4645
-27.0656
-27.6746
-28.292
-29.4166
-30.0582
-30.7089
-31.369
-32.0387
-32.7183
-33.9581
-34.6666
-35.3863
-36.1173
-36.86
-37.6148
-38.9951
-39.7862
-40.5916
-41.4124
-42.2494
-43.1042
-44.6824
-45.5987
-46.5434
-47.5211
-48.5378
-49.6007
-51.6383
-52.8671
-54.1676
-55.5414
-56.9861
-58.4999
-61.3618
-63.0435
-64.7786
-66.5652
-68.4016
-70.2887
-73.7899
-75.8255
-77.9188
-80.0743
-82.2948
-84.5852
-88.8689
-91.3825
-93.9879
-96.6921
-99.5029
-102.43
-107.977
-111.28
-114.74
-118.374
-122.197
-126.227
-134.016
-138.749
-143.792
-149.187
-154.971
-161.217
-173.72
-181.628
-190.344
-200.005
-210.789
-222.881
-248.228
-264.717
-282.926
-302.88
-324.646
-348.347
-394.908
-422.791
-450.845
-477.676
-501.097
-519.355
-535.91
-535.336
-527.45
-511.974
-488.786
-457.321
-380.336
-326.309
-266.083
-201.859
-135.382
-67.8315
53.4643
120.946
187.392
251.58
311.823
365.703
442.621
473.894
497.158
512.445
520.481
521.311
504.952
486.99
463.931
437.484
410.039
382.787
337.734
315.042
294.259
275.322
258.133
242.602
218.617
207.086
196.706
187.309
178.763
170.95
158.497
152.232
146.409
140.965
135.863
131.068
123.165
119.074
115.191
111.5
107.983
104.627
98.988
96.0123
93.153
90.4011
87.7504
85.1923
80.8347
78.5067
76.2533
74.0721
71.9621
69.9234
66.464
64.6366
62.8928
61.2353
59.6672
58.1865
55.745
54.4802
53.2755
52.1242
51.0175
49.9496
48.1212
47.1358
46.1742
45.2341
44.3139
43.4121
41.8436
40.9882
40.1478
39.3221
38.5104
37.7122
36.3184
35.5556
34.8048
34.0654
33.3373
32.6201
31.3645
30.6759
29.997
29.3277
28.6679
28.0174
26.879
26.2558
25.6431
25.0419
24.454
23.8808
22.8985
22.3767
21.8773
21.4007
20.9475
20.5159
19.7925
19.4101
19.0408
18.6816
18.3322
17.9904
17.3958
17.0711
16.7514
16.4362
16.1258
15.8196
15.2822
14.9872
14.696
14.4083
14.1245
13.8443
13.3522
13.0817
12.8146
12.5505
12.2899
12.0325
11.58
11.3311
11.0853
10.8422
10.6024
10.3657
9.95078
9.7238
9.50088
9.28241
9.06952
8.86269
8.51066
8.32467
8.14697
7.97736
7.81526
7.66005
7.3964
7.25521
7.11759
6.9829
6.85093
6.72126
6.49432
6.36983
6.247
6.12558
6.00576
5.88737
5.67915
5.56458
5.45131
5.33922
5.2285
5.11903
4.92629
4.82013
4.71512
4.61113
4.50836
4.40668
4.22761
4.12897
4.03147
3.93502
3.8399
3.74614
3.58226
3.49305
3.40582
3.32067
3.2378
3.15713
2.81253
2.63092
2.47302
2.33355
2.20773
2.09434
1.915
1.82587
1.74301
1.6657
1.59431
1.52702
1.41661
1.36038
1.30687
1.25591
1.2076
1.16184
1.0854
1.04499
1.00649
0.969948
0.93529
0.902473
0.848278
0.819296
0.791069
0.763569
0.736853
0.710891
