-2.1594
-2.32535
-2.49851
-2.68172
-2.88652
-3.13537
-3.42801
-3.74422
-4.0752
-4.42017
-4.78026
-5.15673
-5.55044
-5.96202
-6.39302
-6.85152
-7.3699
-8.00759
-8.75951
-9.57225
-10.424
-11.3132
-12.2432
-13.2173
-14.2381
-15.3074
-16.4301
-17.6307
-19.0029
-20.7082
-22.7229
-24.9038
-27.1979
-29.6056
-32.1402
-34.8168
-37.65
-40.6557
-43.8643
-47.3725
-51.4981
-56.7551
-63.1
-70.2003
-78.0305
-86.7648
-96.689
-108.207
-121.902
-138.668
-160.049
-189.307
-234.782
-309.106
-420.597
-561.967
-614.128
-537.661
-307.275
-7.24227
292.6
522.563
598.826
547.119
407.751
300.412
230.701
187.098
157.809
136.028
118.904
104.926
93.1745
83.0326
74.0951
66.1754
59.4558
54.1955
49.94
46.1691
42.6884
39.4352
36.3808
33.5035
30.783
28.2001
25.7438
23.4388
21.4074
19.7693
18.3934
17.1311
15.9341
14.7921
13.7022
12.6621
11.6681
10.7163
9.80507
8.94598
8.18609
7.5661
7.03608
6.54473
6.07598
5.62646
5.19526
4.78141
4.38356
4.00035
3.63228
3.28669
2.74913
2.18266
1.8029
1.52051
1.29944
1.11919
0.969086
0.845827
-2.16028
-2.32443
-2.32627
-2.49755
-2.49948
-2.68068
-2.68275
-2.88531
-2.88773
-3.13388
-3.13686
-3.42634
-3.42968
-3.74245
-3.74598
-4.07337
-4.07704
-4.41825
-4.42208
-4.77826
-4.78226
-5.15463
-5.15882
-5.54825
-5.55263
-5.95973
-5.9643
-6.39062
-6.39543
-6.84891
-6.85413
-7.36681
-7.37299
-8.00376
-8.01141
-8.75522
-8.7638
-9.56772
-9.57677
-10.4193
-10.4287
-11.3083
-11.3182
-12.238
-12.2484
-13.2119
-13.2227
-14.2324
-14.2437
-15.3014
-15.3133
-16.4239
-16.4364
-17.6239
-17.6376
-18.9947
-19.0112
-20.698
-20.7185
-22.7114
-22.7344
-24.8916
-24.9159
-27.1852
-27.2107
-29.5922
-29.619
-32.1261
-32.1544
-34.8019
-34.8318
-37.6341
-37.6658
-40.6389
-40.6726
-43.8462
-43.8824
-47.3522
-47.3928
-51.473
-51.5233
-56.7233
-56.787
-63.0633
-63.1367
-70.1598
-70.2408
-77.9857
-78.0753
-86.7144
-86.8152
-96.6312
-96.7468
-108.139
-108.275
-121.82
-121.984
-138.567
-138.77
-159.916
-160.183
-189.115
-189.499
-234.466
-235.1
-308.613
-309.6
-419.865
-421.329
-561.31
-562.619
-614.193
-614.058
-538.453
-536.864
-308.88
-305.669
-8.86222
-5.62244
291.001
294.196
521.767
523.355
598.756
598.892
547.756
546.478
408.466
407.038
300.879
299.946
231
230.403
187.287
186.909
157.945
157.674
136.132
135.924
118.987
118.82
104.996
104.857
93.2335
93.1155
83.0842
82.9811
74.1409
74.0494
66.2155
66.1353
59.4883
59.4233
54.2207
54.1702
49.9616
49.9186
46.1888
46.1495
42.7067
42.6701
39.4523
39.4181
36.3969
36.3647
33.5187
33.4883
30.7974
30.7686
28.2138
28.1864
25.7568
25.7308
23.4507
23.4268
21.4174
21.3974
19.7773
19.7613
18.4005
18.3863
17.1377
17.1244
15.9404
15.9277
14.7982
14.7861
13.708
13.6965
12.6676
12.6565
11.6734
11.6628
10.7214
10.7112
9.8099
9.80024
8.95045
8.94152
8.18983
8.18235
7.56917
7.56304
7.03883
7.03333
6.54733
6.54212
6.07847
6.07348
5.62885
5.62407
5.19755
5.19296
4.78361
4.77921
4.38568
4.38143
4.00239
3.99831
3.63423
3.63033
3.28848
3.2849
2.75311
2.74515
2.18511
2.18022
1.80464
1.80117
1.52187
1.51916
1.30052
1.29836
1.12005
1.11832
0.96983
0.968344
0.84644
-2.16669
-2.31776
-2.33295
-2.49057
-2.50647
-2.67318
-2.69029
-2.87655
-2.89657
-3.12311
-3.14771
-3.41426
-3.4418
-3.7297
-3.75876
-4.06007
-4.09036
-4.40439
-4.43598
-4.76377
-4.79678
-5.13948
-5.17401
-5.53241
-5.56851
-5.94317
-5.9809
-6.37322
-6.41288
-6.83006
-6.87309
-7.34448
-7.39555
-7.97613
-8.03924
-8.72419
-8.79495
-9.53492
-9.60965
-10.385
-10.4631
-11.2725
-11.354
-12.2006
-12.2859
-13.1726
-13.2621
-14.1913
-14.2849
-15.2583
-15.3565
-16.3785
-16.482
-17.5743
-17.6874
-18.9352
-19.0713
-20.6241
-20.7931
-22.6282
-22.8178
-24.8034
-25.0043
-27.0927
-27.3034
-29.4951
-29.7164
-32.0237
-32.2571
-34.6936
-34.9404
-37.5194
-37.7809
-40.5169
-40.7949
-43.7153
-44.0139
-47.2056
-47.5405
-51.292
-51.7066
-56.4932
-57.0193
-62.7979
-63.4035
-69.867
-70.5349
-77.6617
-78.401
-86.3503
-87.1816
-96.2135
-97.1676
-107.649
-108.769
-121.23
-122.58
-137.833
-139.512
-158.957
-161.157
-187.741
-190.906
-232.199
-237.429
-305.074
-313.2
-414.604
-426.668
-556.487
-567.21
-614.515
-613.442
-544.065
-530.949
-320.497
-294.003
-20.6186
6.12631
279.381
305.732
515.847
528.959
598.149
599.265
552.315
541.744
413.716
401.907
304.298
296.598
233.189
228.265
188.669
185.553
158.93
156.702
136.89
135.175
119.595
118.217
105.5
104.357
93.6631
92.689
83.4592
82.6084
74.4736
73.7185
66.5077
65.8454
59.7252
59.1889
54.4047
53.9883
50.118
49.763
46.3313
46.0076
42.8393
42.5379
39.5767
39.2942
36.5138
36.2481
33.629
33.3783
30.9019
30.6644
28.3132
28.0873
25.8511
25.6367
23.5376
23.3404
21.4901
21.3256
19.8356
19.7036
18.452
18.335
17.1861
17.0761
15.9865
15.8817
14.8422
14.7421
13.75
13.6546
12.7077
12.6165
11.7117
11.6246
10.7581
10.6746
9.84499
9.76525
8.9829
8.90927
8.21712
8.15534
7.59143
7.5409
7.05879
7.01344
6.56623
6.52327
6.09658
6.05542
5.64622
5.60674
5.21421
5.17634
4.79961
4.76324
4.40107
4.36607
4.01722
3.98351
3.6484
3.6162
3.30151
3.27195
2.78245
2.71671
2.20303
2.16266
1.81736
1.78867
1.53173
1.50942
1.30838
1.29058
1.12636
1.11205
0.975243
0.962985
0.850895
-2.18391
-2.20682
-2.22991
-2.25313
-2.27654
-2.29998
-2.35084
-2.37476
-2.39888
-2.42306
-2.44743
-2.47197
-2.52521
-2.55034
-2.57568
-2.60131
-2.62716
-2.65326
-2.71058
-2.73802
-2.76588
-2.79439
-2.82355
-2.85353
-2.92056
-2.95333
-2.98712
-3.02202
-3.05782
-3.09468
-3.17706
-3.21665
-3.25709
-3.2982
-3.33997
-3.3822
-3.47431
-3.51791
-3.56195
-3.60616
-3.65077
-3.69568
-3.79299
-3.83877
-3.88482
-3.93114
-3.97783
-4.02459
-4.12603
-4.17384
-4.22173
-4.27
-4.31855
-4.36749
-4.47319
-4.52296
-4.57304
-4.62352
-4.67412
-4.72513
-4.83576
-4.88768
-4.94003
-4.99271
-5.04572
-5.09917
-5.21467
-5.26908
-5.32393
-5.37893
-5.43436
-5.49015
-5.61102
-5.66791
-5.72514
-5.78274
-5.8408
-5.899
-6.02535
-6.08495
-6.14472
-6.20499
-6.2657
-6.32684
-6.45965
-6.52238
-6.58573
-6.64986
-6.71447
-6.78
-6.92426
-6.99316
-7.0636
-7.1357
-7.20969
-7.28573
-7.45675
-7.54054
-7.62706
-7.71638
-7.80843
-7.90306
-8.11445
-8.21642
-8.32034
-8.42595
-8.53308
-8.64163
-8.87848
-8.99051
-9.1035
-9.21734
-9.332
-9.44744
-9.69767
-9.81544
-9.93393
-10.0531
-10.1731
-10.2939
-10.5549
-10.6779
-10.8015
-10.926
-11.0511
-11.1771
-11.45
-11.5785
-11.7078
-11.8379
-11.9689
-12.1007
-12.3864
-12.521
-12.6564
-12.7927
-12.9299
-13.068
-13.3674
-13.5087
-13.6503
-13.7931
-13.9369
-14.0816
-14.3953
-14.543
-14.6917
-14.8413
-14.9919
-15.1435
-15.4722
-15.6269
-15.7829
-15.9399
-16.0981
-16.2575
-16.6041
-16.7681
-16.934
-17.1012
-17.2709
-17.4429
-17.8218
-18.0039
-18.1897
-18.3806
-18.5772
-18.7787
-19.2344
-19.4582
-19.6895
-19.9284
-20.1747
-20.4283
-20.9946
-21.2679
-21.5463
-21.8297
-22.1161
-22.4069
-23.0417
-23.3421
-23.6451
-23.9506
-24.2584
-24.569
-25.2416
-25.5578
-25.8767
-26.1977
-26.5209
-26.8465
-27.5519
-27.8842
-28.2187
-28.5556
-28.8948
-29.2364
-29.9777
-30.3271
-30.6791
-31.0337
-31.391
-31.751
-32.5326
-32.9014
-33.273
-33.6474
-34.0249
-34.4054
-35.2318
-35.6219
-36.0151
-36.4116
-36.8112
-37.2141
-38.0898
-38.5033
-38.9203
-39.3407
-39.7648
-40.1926
-41.1233
-41.5634
-42.0076
-42.4562
-42.9093
-43.3672
-44.3676
-44.8431
-45.3253
-45.8145
-46.3116
-46.818
-47.94
-48.4825
-49.0393
-49.613
-50.2053
-50.8169
-52.2063
-52.8918
-53.6032
-54.3398
-55.1008
-55.8869
-57.6487
-58.5025
-59.3752
-60.2653
-61.1723
-62.0943
-64.1219
-65.0886
-66.069
-67.0626
-68.0696
-69.09
-71.3265
-72.3912
-73.4708
-74.5656
-75.6761
-76.8028
-79.2782
-80.4603
-81.6612
-82.8821
-84.1233
-85.3857
-88.1702
-89.5056
-90.8662
-92.2527
-93.6665
-95.1088
-98.3046
-99.8445
-101.418
-103.026
-104.672
-106.356
-110.107
-111.924
-113.787
-115.698
-117.661
-119.676
-124.195
-126.399
-128.666
-131.004
-133.415
-135.906
-141.532
-144.3
-147.167
-150.143
-153.235
-156.451
-163.819
-167.501
-171.353
-175.406
-179.672
-184.178
-194.79
-200.236
-206.069
-212.333
-219.072
-226.347
-243.901
-253.051
-262.831
-273.223
-284.237
-295.876
-323.148
-336.984
-351.628
-367.154
-383.585
-400.908
-441.288
-461.433
-482.044
-502.901
-523.356
-542.857
-578.406
-590.949
-600.796
-607.985
-612.553
-614.605
-610.862
-605.339
-597.387
-586.903
-573.852
-557.907
-513.714
-487.799
-458.343
-425.441
-389.42
-350.824
-262.511
-220.342
-178.056
-135.873
-93.8976
-52.014
37.5334
79.3351
121.313
163.463
205.773
247.935
336.001
374.56
410.724
443.537
472.828
498.667
542.805
558.615
571.681
582.124
590.072
595.6
599.347
597.279
592.793
585.725
575.78
563.36
528.19
508.856
488.772
468.136
447.8
428.089
388.577
371.773
355.883
340.944
326.902
313.707
287.929
276.982
266.661
256.947
247.82
239.255
222.759
215.881
209.448
203.441
197.789
192.472
182.028
177.55
173.286
169.223
165.343
161.624
154.157
150.885
147.736
144.703
141.776
138.952
133.207
130.664
128.201
125.812
123.494
121.245
116.631
114.573
112.57
110.619
108.718
106.865
103.038
101.32
99.6416
98.0006
96.3951
94.8238
91.5612
90.0883
88.6438
87.2267
85.836
84.4704
81.6215
80.3292
79.0587
77.809
76.5797
75.3705
72.8417
71.6932
70.5643
69.4549
68.3656
67.2973
65.0799
64.0834
63.1133
62.1702
61.2557
60.3711
58.5748
57.7853
57.0252
56.2929
55.5863
54.9037
53.5097
52.8883
52.2818
51.6892
51.1091
50.5399
49.3504
48.8092
48.2753
47.7486
47.2284
46.7143
45.6303
45.1335
44.6417
44.1549
43.6729
43.1955
42.1863
41.7228
41.2635
40.8084
40.3573
39.9104
38.9645
38.5297
38.0987
37.6714
37.2477
36.8276
35.938
35.5288
35.123
34.7205
34.3211
33.925
33.0856
32.6991
32.3156
31.9349
31.5572
31.1822
30.3868
30.0203
29.6564
29.295
28.9361
28.5797
27.8233
27.4745
27.1282
26.7844
26.443
26.1043
25.3865
25.0562
24.7295
24.4062
24.0867
23.7721
23.112
22.8126
22.5204
22.235
21.9573
21.6875
21.1366
20.893
20.6578
20.429
20.2082
19.9933
19.5509
19.3521
19.1569
18.9652
18.7765
18.5903
18.1984
18.0191
17.8408
17.6644
17.4893
17.3158
16.9475
16.7777
16.6091
16.442
16.2753
16.11
15.7591
15.5972
15.4363
15.2765
15.1178
14.96
14.6251
14.4705
14.317
14.1645
14.013
13.8625
13.5428
13.3954
13.2489
13.1033
12.959
12.8151
12.5099
12.369
12.2291
12.09
11.9518
11.8144
11.5225
11.3877
11.2537
11.1205
10.9881
10.8565
10.5767
10.4476
10.3192
10.1916
10.0649
9.939
9.67225
9.54916
9.42742
9.30692
9.1878
9.07017
8.82374
8.71216
8.60286
8.49616
8.39222
8.29112
8.08427
7.99244
7.90348
7.81711
7.73321
7.65147
7.48244
7.40612
7.33111
7.25724
7.1844
7.11238
6.96044
6.89066
6.82144
6.75274
6.68455
6.61696
6.47298
6.4066
6.34076
6.27505
6.20985
6.14504
6.00723
5.94359
5.88032
5.81742
5.755
5.6927
5.56052
5.49959
5.43878
5.37843
5.31844
5.25881
5.13198
5.07341
5.01518
4.95738
4.89968
4.84243
4.72075
4.66437
4.6084
4.55272
4.49735
4.44238
4.32506
4.27088
4.21708
4.16335
4.11
4.05693
3.94411
3.89184
3.83998
3.78844
3.73731
3.68637
3.57858
3.52915
3.48003
3.43157
3.38373
3.33651
3.23758
3.19255
3.14801
3.10395
2.98825
2.86555
2.64415
2.55465
2.47094
2.39312
2.32085
2.25237
2.11665
2.05849
2.0031
1.95055
1.90026
1.85212
1.75567
1.71282
1.67188
1.63293
1.5952
1.5585
1.4838
1.45089
1.4191
1.38825
1.35859
1.32965
1.27006
1.2435
1.21771
1.19273
1.16816
1.14401
1.0954
1.07341
1.05164
1.03043
1.00988
0.989938
0.948854
0.93057
0.912824
0.895649
0.879
0.86287
