-1.79005
-1.97975
-2.17933
-2.38937
-2.61192
-2.86014
-3.17226
-3.548
-3.954
-4.38196
-4.83344
-5.31083
-5.81566
-6.34987
-6.92652
-7.61309
-8.49503
-9.49992
-10.5688
-11.6972
-12.892
-14.1587
-15.5015
-16.9331
-18.5375
-20.586
-23.122
-25.9003
-28.8535
-31.999
-35.3659
-38.9833
-42.8894
-47.2106
-52.4927
-59.5768
-68.104
-77.7621
-88.8349
-101.906
-117.884
-138.262
-165.925
-208.416
-286.393
-419.135
-586.905
-592.861
-379.31
-7.24227
364.443
577.633
571.762
406.326
279.006
205.7
163.751
135.613
114.8
98.4984
85.1502
73.821
64.1168
56.4576
50.779
46.0124
41.7026
37.7354
34.0612
30.6392
27.4324
24.43
21.7591
19.6739
17.9834
16.441
14.99
13.6214
12.3304
11.1097
9.95313
8.87501
7.96069
7.24558
6.61919
6.03117
5.47326
4.9436
4.43993
3.95957
3.50404
3.07818
2.24422
1.76519
1.43205
1.18308
0.986007
0.831212
0.700605
0.588355
-1.79085
-1.97891
-1.9806
-2.17844
-2.18022
-2.38844
-2.39031
-2.61091
-2.61292
-2.85896
-2.86133
-3.17074
-3.17378
-3.54629
-3.54971
-3.95219
-3.95581
-4.38006
-4.38387
-4.83143
-4.83546
-5.3087
-5.31295
-5.81341
-5.81791
-6.34748
-6.35226
-6.92386
-6.92917
-7.60969
-7.61649
-8.49086
-8.4992
-9.49541
-9.50444
-10.564
-10.5735
-11.6922
-11.7023
-12.8866
-12.8973
-14.1531
-14.1644
-15.4955
-15.5075
-16.9266
-16.9395
-18.5298
-18.5452
-20.5758
-20.5961
-23.1103
-23.1336
-25.8878
-25.9127
-28.8403
-28.8667
-31.9849
-32.0131
-35.3508
-35.3811
-38.967
-38.9996
-42.8717
-42.9071
-47.1905
-47.2308
-52.4662
-52.5193
-59.5425
-59.6113
-68.0647
-68.1434
-77.7175
-77.8067
-88.7831
-88.8868
-101.844
-101.968
-117.806
-117.961
-138.161
-138.364
-165.782
-166.068
-208.175
-208.657
-285.949
-286.838
-418.407
-419.865
-586.426
-587.377
-593.261
-592.457
-380.792
-377.823
-8.86222
-5.62244
362.96
365.922
577.23
578.032
572.227
571.293
407.038
405.615
279.424
278.589
205.932
205.469
163.896
163.606
135.716
135.509
114.879
114.721
98.5619
98.435
85.2032
85.0971
73.8666
73.7754
64.1551
64.0786
56.4858
56.4295
50.8011
50.757
46.032
45.9929
41.7205
41.6847
37.752
37.7189
34.0766
34.0458
30.6536
30.6249
27.4459
27.4189
24.4425
24.4175
21.7695
21.7487
19.6818
19.666
17.9903
17.9765
16.4475
16.4345
14.9961
14.9839
13.6272
13.6156
12.3358
12.3249
11.1149
11.1046
9.958
9.94825
8.87942
8.87059
7.96417
7.95723
7.24842
7.24273
6.62181
6.61656
6.03366
6.02869
5.47562
5.4709
4.94584
4.94136
4.44206
4.43779
3.9616
3.95753
3.50595
3.50214
3.0832
3.07317
2.2468
2.24164
1.76689
1.76348
1.43328
1.43082
1.18402
1.18213
0.986769
0.985247
0.831817
0.830607
0.701133
0.700076
0.58882
-1.79728
-1.97216
-1.98735
-2.17134
-2.18733
-2.38096
-2.3978
-2.6029
-2.62096
-2.84953
-2.87086
-3.15861
-3.18599
-3.53264
-3.56341
-3.93773
-3.9703
-4.36483
-4.39913
-4.81534
-4.85159
-5.29168
-5.33001
-5.79542
-5.83594
-6.32839
-6.37142
-6.90268
-6.95051
-7.58268
-7.64386
-8.4576
-8.53267
-9.45937
-9.54057
-10.5259
-10.6117
-11.652
-11.7426
-12.844
-12.94
-14.1079
-14.2097
-15.4476
-15.5556
-16.875
-16.9914
-18.4687
-18.607
-20.495
-20.6775
-23.0174
-23.2269
-25.7885
-26.0123
-28.7348
-28.9725
-31.8722
-32.1261
-35.23
-35.5023
-38.837
-39.13
-42.7306
-43.0488
-47.0298
-47.3928
-52.2554
-52.7331
-59.2683
-59.8873
-67.7504
-68.4593
-77.3614
-78.165
-88.3696
-89.3031
-101.348
-102.468
-117.19
-118.584
-137.356
-139.179
-164.645
-167.227
-206.274
-210.614
-282.43
-290.43
-412.628
-425.748
-582.51
-591.004
-596.338
-589.093
-392.506
-365.919
-21.8331
7.34576
351.002
377.662
573.86
581.086
575.835
567.415
412.802
399.975
282.8
275.287
207.805
203.639
165.067
162.457
136.549
134.688
115.515
114.092
99.0717
97.9297
85.6289
84.6744
74.2326
73.4117
64.4625
63.7745
56.7126
56.2058
50.9783
50.581
46.1888
45.8368
41.8641
41.5417
37.8846
37.5868
34.1997
33.9231
30.7686
30.5102
27.5539
27.3112
24.5427
24.3177
21.8532
21.6659
19.7453
19.603
18.0459
17.9211
16.4994
16.3827
15.045
14.935
13.6733
13.5696
12.3794
12.2814
11.1562
11.0634
9.99706
9.90931
8.91481
8.83536
7.99209
7.92963
7.2712
7.22006
6.64281
6.59562
6.05355
6.00884
5.4945
5.45206
4.96378
4.92346
4.45914
4.42075
3.9779
3.94127
3.52121
3.48694
3.10544
3.03196
2.26765
2.22123
1.78058
1.74994
1.44319
1.42104
1.19163
1.17452
0.992891
0.97919
0.83667
0.825781
0.705373
0.695863
0.592462
-1.81643
-1.8432
-1.87016
-1.89731
-1.92466
-1.95221
-2.00749
-2.03565
-2.06401
-2.09258
-2.12136
-2.15035
-2.20852
-2.23815
-2.26799
-2.29806
-2.32834
-2.35886
-2.42013
-2.45137
-2.48289
-2.51469
-2.54681
-2.57929
-2.645
-2.67887
-2.71338
-2.74864
-2.7848
-2.822
-2.89964
-2.941
-2.984
-3.0287
-3.07509
-3.12311
-3.22273
-3.27482
-3.32793
-3.38195
-3.43678
-3.4923
-3.60427
-3.66147
-3.71916
-3.77731
-3.83592
-3.89496
-4.01347
-4.07382
-4.13463
-4.19589
-4.2576
-4.31978
-4.44462
-4.50824
-4.57236
-4.63698
-4.70211
-4.76777
-4.89965
-4.96689
-5.03468
-5.10302
-5.17191
-5.24135
-5.38086
-5.45199
-5.52368
-5.59595
-5.66879
-5.74222
-5.88969
-5.96488
-6.04068
-6.11711
-6.19419
-6.27197
-6.42856
-6.50868
-6.58981
-6.67202
-6.75547
-6.84045
-7.01461
-7.10581
-7.19995
-7.29742
-7.39868
-7.50408
-7.72662
-7.84541
-7.96853
-8.09549
-8.22603
-8.35972
-8.63274
-8.77346
-8.91601
-9.06017
-9.20581
-9.35279
-9.64826
-9.79894
-9.95078
-10.1038
-10.258
-10.4134
-10.7253
-10.8843
-11.0446
-11.2061
-11.3689
-11.533
-11.8628
-12.031
-12.2006
-12.3716
-12.544
-12.7179
-13.0675
-13.2458
-13.4256
-13.6069
-13.7898
-13.9742
-14.3448
-14.5338
-14.7244
-14.9166
-15.1104
-15.3059
-15.6989
-15.8995
-16.1021
-16.3067
-16.5135
-16.7227
-17.1465
-17.3651
-17.588
-17.8158
-18.0497
-18.2904
-18.7939
-19.063
-19.3434
-19.6362
-19.9416
-20.2591
-20.9229
-21.2722
-21.6298
-21.9947
-22.366
-22.743
-23.5054
-23.8959
-24.2902
-24.6882
-25.0898
-25.4948
-26.3092
-26.7246
-27.1437
-27.5664
-27.9927
-28.4229
-29.288
-29.7299
-30.1759
-30.626
-31.0804
-31.5392
-32.4632
-32.9355
-33.4126
-33.8945
-34.3812
-34.873
-35.864
-36.371
-36.8833
-37.401
-37.9242
-38.4529
-39.5194
-40.0655
-40.6178
-41.1765
-41.7419
-42.3141
-43.4725
-44.0685
-44.6739
-45.2899
-45.9177
-46.5585
-47.8803
-48.576
-49.296
-50.0453
-50.826
-51.6432
-53.383
-54.3216
-55.3006
-56.3199
-57.3751
-58.4648
-60.7169
-61.8916
-63.0908
-64.3132
-65.5581
-66.8251
-69.4048
-70.7384
-72.0951
-73.476
-74.882
-76.314
-79.2384
-80.7558
-82.3048
-83.8867
-85.5033
-87.1562
-90.5535
-92.3274
-94.1463
-96.0127
-97.9285
-99.8974
-103.972
-106.117
-108.326
-110.605
-112.958
-115.389
-120.464
-123.16
-125.955
-128.857
-131.873
-135.014
-141.651
-145.221
-148.96
-152.883
-157.01
-161.359
-170.762
-175.952
-181.501
-187.46
-193.893
-200.864
-216.695
-225.871
-235.977
-247.072
-259.199
-272.341
-301.474
-317.775
-335.269
-354.054
-374.291
-396.024
-443.701
-469.678
-496.303
-522.672
-547.498
-569.348
-600.177
-609.147
-613.868
-614.496
-611.251
-604.021
-577.596
-557.653
-533.016
-502.968
-467.018
-425.608
-329.246
-276.177
-222.192
-168.008
-114.045
-60.329
45.8439
99.4789
153.42
207.63
261.587
314.433
410.893
452.278
487.925
517.921
542.554
562.365
588.755
595.988
599.246
598.559
593.931
585.09
554.439
532.81
508.173
482.255
455.942
430.439
383.842
362.791
343.278
325.258
308.625
293.195
265.837
253.558
242.226
231.826
222.309
213.618
198.402
191.599
185.276
179.37
173.833
168.627
159.136
154.725
150.527
146.53
142.717
139.073
132.296
129.089
126.006
123.042
120.187
117.435
112.254
109.773
107.373
105.048
102.794
100.606
96.4491
94.44
92.484
90.5784
88.7202
86.9072
83.4333
81.7418
80.087
78.4677
76.8821
75.3298
72.3432
70.8857
69.4603
68.0679
66.7103
65.3892
62.8865
61.6915
60.5447
59.4476
58.3997
57.4016
55.556
54.6866
53.8514
53.0467
52.2672
51.5105
50.064
49.3583
48.666
47.9856
47.3163
46.6573
45.3765
44.7439
44.1196
43.5032
42.8943
42.2927
41.1195
40.5386
39.9644
39.3967
38.8354
38.2803
37.1965
36.6593
36.1278
35.6021
35.0818
34.5669
33.5605
33.0611
32.5666
32.0769
31.5919
31.1115
30.1712
29.7039
29.2408
28.7818
28.3269
27.876
26.9927
26.5538
26.119
25.6886
25.2628
24.842
24.024
23.6219
23.2279
22.8431
22.4688
22.1062
21.4249
21.102
20.7927
20.4961
20.2116
19.9371
19.4185
19.1675
18.9221
18.6815
18.4449
18.2118
17.7577
17.5327
17.31
17.0894
16.8708
16.6542
16.2296
16.0184
15.809
15.6013
15.3953
15.191
14.7906
14.5914
14.3938
14.1979
14.0036
13.811
13.4334
13.2455
13.0592
12.8744
12.6911
12.5093
12.1528
11.9754
11.7993
11.6246
11.4512
11.2791
10.9415
10.7734
10.6065
10.4408
10.2765
10.1135
9.7942
9.63563
9.47881
9.32392
9.17126
9.02111
8.73209
8.59195
8.45606
8.32477
8.19827
8.07667
7.84916
7.74095
7.63631
7.53483
7.43604
7.33949
7.15325
7.06155
6.97107
6.88162
6.7931
6.70542
6.53367
6.44818
6.36339
6.27924
6.19572
6.11284
5.95012
5.86906
5.78859
5.70872
5.62945
5.55077
5.39632
5.31937
5.243
5.16718
5.09191
5.01721
4.87052
4.7974
4.7248
4.65271
4.58112
4.51001
4.3703
4.30062
4.23139
4.16262
4.09431
4.02644
3.89316
3.82674
3.76085
3.69552
3.63081
3.5668
3.44215
3.38078
3.32047
3.26128
3.20325
3.14612
2.91447
2.77018
2.6436
2.53012
2.42612
2.33156
2.16266
2.0857
2.01326
1.94587
1.88206
1.82178
1.71062
1.65874
1.60953
1.56221
1.5168
1.47329
1.39257
1.3545
1.31767
1.28207
1.24773
1.21465
1.15204
1.12201
1.09361
1.06542
1.03791
1.01137
0.961514
0.937713
0.914796
0.892762
0.871706
0.851203
0.811578
0.792156
0.773095
0.754396
0.736059
0.718085
0.683481
0.666594
0.650171
0.634158
0.618555
0.603269
