-2.57127
-2.78084
-3.01885
-3.29501
-3.60533
-3.94017
-4.29465
-4.66796
-5.06097
-5.47533
-5.91335
-6.37975
-6.8854
-7.45474
-8.11922
-8.88251
-9.71974
-10.6125
-11.5556
-12.5506
-13.6012
-14.7133
-15.8969
-17.1737
-18.5963
-20.2522
-22.191
-24.3639
-26.7097
-29.2066
-31.8585
-34.6809
-37.6968
-40.9405
-44.4772
-48.4432
-53.1016
-58.7305
-65.3517
-72.8673
-81.3186
-90.913
-102.007
-115.146
-131.174
-151.506
-178.721
-217.631
-274.836
-352.501
-435.649
-468.826
-405.158
-236.904
-7.165
222.461
390.832
454.544
422.518
341.61
267.154
212.815
175.239
148.356
127.97
111.797
98.5086
87.2772
77.5868
69.1655
61.978
56.0546
51.1598
46.9259
43.1169
39.6186
36.3714
33.3381
30.4934
27.8226
25.3307
23.0626
21.092
19.418
17.948
16.6032
15.3462
14.1611
13.0398
11.9771
10.9697
10.0187
9.13619
8.34901
7.67203
7.08085
6.54222
6.03825
5.56128
5.10784
4.67584
4.26408
3.87297
3.50654
3.17307
2.43331
1.95849
1.62084
1.36417
1.1607
-2.5723
-2.77969
-2.78198
-3.01752
-3.02017
-3.29349
-3.29654
-3.60366
-3.60701
-3.93838
-3.94195
-4.29277
-4.29653
-4.66598
-4.66994
-5.05889
-5.06306
-5.47313
-5.47753
-5.91102
-5.91568
-6.37726
-6.38225
-6.88265
-6.88815
-7.45158
-7.45791
-8.11551
-8.12292
-8.87835
-8.88667
-9.71526
-9.72422
-10.6077
-10.6172
-11.5506
-11.5606
-12.5453
-12.5559
-13.5957
-13.6068
-14.7074
-14.7192
-15.8905
-15.9032
-17.1668
-17.1806
-18.5884
-18.6042
-20.2429
-20.2615
-22.1803
-22.2016
-24.3522
-24.3756
-26.6972
-26.7222
-29.1933
-29.2199
-31.8444
-31.8726
-34.6658
-34.6959
-37.6806
-37.7129
-40.923
-40.9579
-44.458
-44.4964
-48.4212
-48.4652
-53.0752
-53.1281
-58.6988
-58.7622
-65.3152
-65.3883
-72.8262
-72.9085
-81.2722
-81.365
-90.8599
-90.9661
-101.944
-102.069
-115.071
-115.22
-131.082
-131.267
-151.386
-151.626
-178.555
-178.886
-217.387
-217.876
-274.486
-275.187
-352.058
-352.944
-435.284
-436.012
-468.884
-468.764
-405.766
-404.547
-237.998
-235.807
-8.39255
-5.938
221.37
223.55
390.221
391.439
454.481
454.603
422.873
422.162
342.036
341.186
267.489
266.82
213.046
212.583
175.4
175.077
148.476
148.237
128.063
127.877
111.872
111.722
98.5715
98.4458
87.3309
87.2235
77.6335
77.5402
69.2059
69.1252
62.0118
61.9442
56.0823
56.027
51.1831
51.1365
46.9465
46.9052
43.1358
43.0981
39.636
39.6012
36.3876
36.3552
33.3533
33.323
30.5076
30.4792
27.836
27.8093
25.3431
25.3184
23.0737
23.0516
21.1014
21.0827
19.426
19.4099
17.9552
17.9408
16.6099
16.5965
15.3525
15.3399
14.167
14.1551
13.0455
13.0342
11.9825
11.9718
10.9748
10.9646
10.0234
10.0139
9.14053
9.13185
8.35279
8.34523
7.67528
7.66879
7.08375
7.07796
6.5449
6.53953
6.04078
6.03572
5.56368
5.55888
5.11013
5.10555
4.67802
4.67366
4.26616
4.262
3.87493
3.871
3.50835
3.50472
3.17469
3.17145
2.43631
2.43032
1.96052
1.95645
1.62234
1.61934
1.36533
1.363
1.16165
-2.58005
-2.77113
-2.7906
-3.00762
-3.03015
-3.28209
-3.308
-3.59113
-3.61958
-3.92503
-3.95534
-4.27868
-4.31065
-4.65115
-4.6848
-5.04328
-5.07871
-5.45666
-5.49405
-5.89356
-5.93319
-6.35856
-6.40102
-6.86207
-6.90887
-7.42793
-7.48175
-8.08782
-8.15082
-8.84723
-8.91793
-9.68172
-9.75787
-10.5722
-10.6529
-11.5131
-11.5982
-12.5058
-12.5955
-13.5539
-13.6488
-14.6631
-14.7637
-15.8431
-15.9507
-17.1151
-17.2326
-18.5297
-18.6634
-20.1735
-20.3314
-22.1003
-22.282
-24.2645
-24.4636
-26.6034
-26.8162
-29.0937
-29.3197
-31.7386
-31.9788
-34.553
-34.8091
-37.5598
-37.8341
-40.7925
-41.089
-44.3143
-44.6409
-48.2569
-48.6307
-52.8779
-53.3273
-58.4616
-59.0013
-65.0418
-65.6636
-72.5184
-73.2179
-80.9255
-81.7139
-90.4632
-91.3659
-101.481
-102.536
-114.515
-115.781
-130.393
-131.964
-150.493
-152.531
-177.327
-180.139
-215.567
-219.728
-271.877
-277.838
-348.726
-356.264
-432.558
-438.687
-469.234
-468.211
-410.228
-399.856
-246.098
-227.527
-17.6081
3.28292
213.108
231.644
385.543
395.895
453.913
454.95
425.461
419.417
345.251
337.984
270.018
264.337
214.809
210.862
176.619
173.876
149.377
147.347
128.765
127.183
112.439
111.161
99.0448
97.9762
87.7352
86.822
77.9848
77.1914
69.51
68.8234
62.2667
61.6919
56.2903
55.8208
51.3585
50.9623
47.1017
46.7507
43.2771
42.9573
39.7668
39.4711
36.5093
36.2339
33.4673
33.2094
30.6146
30.3725
27.9363
27.7092
25.436
25.2259
23.1565
22.9693
21.1719
21.0127
19.4865
19.3499
18.0096
17.8867
16.6603
16.5463
15.3998
15.2927
14.2117
14.1105
13.0878
12.992
12.0226
11.9317
11.0128
10.9267
10.0591
9.9783
9.17317
9.09942
8.38124
8.31699
7.69971
7.64455
7.10551
7.05628
6.56508
6.51942
6.05978
6.01677
5.58172
5.54089
5.1273
5.08843
4.69439
4.65733
4.28175
4.24645
3.88967
3.8563
3.522
3.49113
3.18688
3.14086
2.459
2.40814
1.97591
1.94135
1.63365
1.60815
1.37411
1.3543
1.16874
-2.60121
-2.62974
-2.65865
-2.68803
-2.71783
-2.7481
-2.8142
-2.84619
-2.87886
-2.91226
-2.9463
-2.98105
-3.05753
-3.09475
-3.13275
-3.17162
-3.21117
-3.25143
-3.33937
-3.38177
-3.42479
-3.46848
-3.51263
-3.55731
-3.65389
-3.70003
-3.74663
-3.79372
-3.84113
-3.88894
-3.99182
-4.04083
-4.0902
-4.14003
-4.19013
-4.24061
-4.3491
-4.40073
-4.45273
-4.5052
-4.55794
-4.61107
-4.72527
-4.77961
-4.83435
-4.88959
-4.94513
-5.00107
-5.12135
-5.17862
-5.23632
-5.29454
-5.35311
-5.41213
-5.53905
-5.59952
-5.66046
-5.722
-5.78396
-5.8464
-5.98092
-6.04508
-6.10986
-6.17537
-6.24139
-6.30809
-6.45223
-6.52128
-6.59116
-6.66211
-6.73388
-6.80674
-6.96551
-7.04218
-7.12028
-7.20014
-7.28144
-7.36446
-7.54718
-7.63629
-7.72742
-7.82077
-7.91606
-8.01345
-8.22724
-8.33091
-8.43637
-8.54384
-8.65277
-8.76334
-9.00329
-9.11835
-9.23468
-9.35248
-9.47123
-9.59113
-9.84957
-9.97281
-10.0971
-10.2226
-10.3489
-10.4762
-10.7499
-10.8803
-11.0116
-11.1441
-11.2775
-11.4118
-11.7006
-11.8381
-11.9766
-12.1165
-12.2571
-12.3988
-12.7036
-12.8487
-12.9949
-13.1426
-13.2912
-13.4409
-13.763
-13.9165
-14.0712
-14.2275
-14.3847
-14.5433
-14.8849
-15.0479
-15.2123
-15.3785
-15.5461
-15.7153
-16.0804
-16.2552
-16.432
-16.6112
-16.7924
-16.9758
-17.3749
-17.5671
-17.7627
-17.9621
-18.1649
-18.3717
-18.826
-19.0475
-19.2741
-19.5065
-19.7441
-19.9874
-20.5235
-20.7849
-21.0519
-21.3246
-21.6023
-21.8851
-22.5019
-22.7991
-23.1004
-23.4063
-23.7153
-24.028
-24.7037
-25.0267
-25.3529
-25.6827
-26.015
-26.3502
-27.0725
-27.4169
-27.7644
-28.115
-28.4685
-28.8249
-29.5917
-29.9576
-30.3266
-30.6988
-31.0743
-31.453
-32.2678
-32.657
-33.0495
-33.4456
-33.8453
-34.2486
-35.1175
-35.5326
-35.9518
-36.3751
-36.8024
-37.2339
-38.1646
-38.61
-39.0603
-39.5154
-39.9754
-40.4408
-41.4469
-41.93
-42.4192
-42.9151
-43.4178
-43.9275
-45.0359
-45.5716
-46.1164
-46.6719
-47.2378
-47.8163
-49.085
-49.7056
-50.3412
-50.9931
-51.6627
-52.3504
-53.8748
-54.6241
-55.3934
-56.1837
-56.9946
-57.8261
-59.657
-60.5498
-61.4614
-62.392
-63.3406
-64.3069
-66.4162
-67.4366
-68.4742
-69.5292
-70.6014
-71.691
-74.0639
-75.2105
-76.3761
-77.5617
-78.7668
-79.9936
-82.6687
-83.9645
-85.285
-86.6306
-88.001
-89.3986
-92.4606
-93.949
-95.4704
-97.0254
-98.6139
-100.239
-103.818
-105.568
-107.363
-109.202
-111.09
-113.029
-117.323
-119.437
-121.614
-123.856
-126.168
-128.556
-133.888
-136.531
-139.27
-142.116
-145.059
-148.119
-155.037
-158.514
-162.151
-165.94
-169.911
-174.075
-183.627
-188.496
-193.629
-199.055
-204.779
-210.82
-224.863
-232.073
-239.686
-247.699
-256.128
-264.976
-285.19
-295.296
-305.906
-316.884
-328.215
-339.818
-365.364
-377.656
-389.879
-401.924
-413.603
-424.768
-445.461
-453.42
-459.943
-464.625
-467.862
-469.371
-465.943
-461.225
-454.494
-445.629
-434.552
-421.421
-386.383
-366.496
-344.63
-320.752
-294.933
-267.557
-204.61
-173.465
-141.519
-108.885
-75.8782
-42.6147
28.2651
61.4901
94.5155
127.236
159.127
190.269
253.124
280.543
306.226
330.169
352.13
371.982
407.115
420.197
431.194
440.03
446.834
451.642
455.218
454.049
451.083
446.229
439.816
432.015
411.761
400.987
389.603
377.798
365.893
354.075
329.399
318.166
307.266
296.752
286.689
277.017
257.755
249.359
241.393
233.773
226.548
219.7
206.31
200.504
194.978
189.759
184.765
180.014
170.69
166.594
162.677
158.923
155.326
151.874
144.975
141.911
138.961
136.11
133.356
130.698
125.332
122.926
120.594
118.332
116.134
113.998
109.659
107.699
105.788
103.927
102.113
100.343
96.7182
95.0727
93.4643
91.89
90.3506
88.8432
85.7448
84.3309
82.9451
81.5862
80.2539
78.9471
76.255
75.0254
73.8192
72.6369
71.4784
70.3439
68.0142
66.9553
65.9207
64.911
63.927
62.9677
61.0173
60.1384
59.2837
58.453
57.6468
56.8632
55.2696
54.5495
53.848
53.1624
52.4935
51.8393
50.4948
49.8804
49.2767
48.6831
48.0994
47.5255
46.3347
45.7863
45.2454
44.7111
44.1838
43.6629
42.5778
42.076
41.5799
41.0889
40.6035
40.1231
39.1199
38.6551
38.1948
37.739
37.2877
36.841
35.9065
35.4728
35.0431
34.6174
34.1957
33.7777
32.9029
32.4964
32.0936
31.6942
31.2984
30.9061
30.0846
29.7029
29.3246
28.9496
28.578
28.2097
27.4394
27.0819
26.7281
26.378
26.0317
25.6897
24.9766
24.6482
24.3243
24.005
23.6916
23.3837
22.7486
22.4594
22.1766
21.8996
21.6294
21.3655
20.8253
20.5803
20.3408
20.1062
19.8768
19.6522
19.1883
18.976
18.7672
18.561
18.3581
18.158
17.7409
17.5483
17.3578
17.1689
16.9823
16.7976
16.4108
16.2313
16.0535
15.8769
15.7021
15.5288
15.1652
14.9963
14.8287
14.6621
14.4972
14.3335
13.99
13.8303
13.6718
13.5142
13.3581
13.2032
12.8778
12.7265
12.5763
12.4269
12.2789
12.132
11.8234
11.68
11.5375
11.3959
11.2556
11.1164
10.8242
10.6884
10.5537
10.42
10.2877
10.1566
9.88223
9.75529
9.62982
9.50559
9.38316
9.26246
9.01215
8.89735
8.78462
8.67378
8.56541
8.45931
8.24125
8.14214
8.04522
7.95029
7.85757
7.76669
7.57942
7.49384
7.40973
7.3268
7.24534
7.16503
6.99783
6.92065
6.84434
6.76874
6.69403
6.62007
6.46514
6.39327
6.32202
6.25119
6.1811
6.11157
5.96554
5.89763
5.83023
5.7632
5.69678
5.63083
5.49224
5.42774
5.36369
5.29996
5.23678
5.17404
5.04211
4.98068
4.91967
4.85895
4.79875
4.73895
4.61318
4.55462
4.49645
4.43858
4.38119
4.3242
4.2044
4.14866
4.09333
4.03834
3.98388
3.92986
3.81662
3.76409
3.71207
3.66053
3.6096
3.5593
3.45452
3.40626
3.35867
3.31173
3.26559
3.22028
3.04538
2.92464
2.81269
2.70862
2.61229
2.52255
2.34996
2.27616
2.20658
2.141
2.07852
2.01879
1.90149
1.85013
1.8007
1.75349
1.70824
1.66488
1.5783
1.5396
1.50219
1.466
1.43129
1.39827
1.33103
1.30073
1.2711
1.2424
1.21474
1.18808
