-1.82079
-2.07648
-2.35149
-2.65177
-3.00774
-3.46632
-3.99462
-4.56702
-5.18466
-5.85293
-6.58288
-7.43262
-8.54157
-9.86556
-11.3129
-12.879
-14.5781
-16.4343
-18.5593
-21.3249
-24.7667
-28.5941
-32.777
-37.3773
-42.4941
-48.4238
-56.2422
-66.7332
-79.4081
-94.7764
-114.375
-141.223
-182.457
-259.609
-403.22
-535.589
-404.398
-7.19685
389.561
521.003
390.919
253.319
179.583
138.364
111.129
91.2033
75.5784
63.0507
53.8599
47.0288
41.2333
36.0785
31.424
27.1845
23.3764
20.3055
17.9542
15.9085
14.0374
12.3131
10.719
9.258
8.02496
7.07465
6.25699
5.50558
4.80739
4.15629
3.55323
2.82735
1.95985
1.46898
1.13894
0.898737
0.718116
-1.8216
-2.07561
-2.07735
-2.35055
-2.35242
-2.65072
-2.65281
-3.00641
-3.00907
-3.46468
-3.46797
-3.99282
-3.99643
-4.56507
-4.56898
-5.18255
-5.18677
-5.85065
-5.85522
-6.58035
-6.58542
-7.42947
-7.43578
-8.53749
-8.54565
-9.861
-9.87013
-11.308
-11.3178
-12.8736
-12.8843
-14.5722
-14.5839
-16.4279
-16.4407
-18.5515
-18.5671
-21.3145
-21.3353
-24.7547
-24.7787
-28.581
-28.6073
-32.7626
-32.7914
-37.3614
-37.3931
-42.4763
-42.512
-48.4021
-48.4455
-56.2119
-56.2725
-66.6951
-66.7713
-79.3626
-79.4536
-94.7201
-94.8327
-114.301
-114.449
-141.117
-141.328
-182.282
-182.633
-259.256
-259.962
-402.64
-403.801
-535.511
-535.665
-405.38
-403.412
-8.6236
-5.77018
388.589
390.529
521.077
520.927
391.489
390.35
253.652
252.987
179.756
179.409
138.471
138.257
111.204
111.054
91.2606
91.1461
75.6244
75.5324
63.0865
63.0148
53.8852
53.8347
47.0491
47.0084
41.2512
41.2155
36.0945
36.0624
31.4386
31.4094
27.1978
27.1712
23.3879
23.3649
20.3141
20.2968
17.9613
17.9471
15.9149
15.9021
14.0433
14.0315
12.3185
12.3076
10.7241
10.714
9.26251
9.25349
8.02848
8.02144
7.07748
7.07181
6.25956
6.25443
5.50796
5.50321
4.80961
4.80518
4.15835
4.15422
3.55511
3.55136
2.83149
2.82322
1.96187
1.95783
1.47028
1.46769
1.13986
1.13801
0.899402
0.898073
0.718657
-1.82891
-2.06779
-2.08519
-2.34211
-2.36088
-2.64132
-2.66227
-2.9945
-3.0211
-3.44988
-3.48283
-3.97655
-4.01275
-4.54754
-4.58656
-5.1636
-5.20577
-5.83011
-5.87581
-6.55761
-6.60827
-7.40123
-7.4643
-8.50085
-8.58248
-9.81996
-9.9113
-11.2635
-11.3624
-12.8255
-12.9326
-14.52
-14.6363
-16.3703
-16.4986
-18.4818
-18.6374
-21.2212
-21.4294
-24.6468
-24.887
-28.463
-28.7256
-32.6334
-32.921
-37.2187
-37.5364
-42.316
-42.673
-48.208
-48.6415
-55.9409
-56.5467
-66.3532
-67.1154
-78.9548
-79.8642
-94.2157
-95.3415
-113.639
-115.119
-140.171
-142.288
-180.719
-184.229
-256.116
-263.175
-397.434
-409.053
-534.675
-536.199
-414.006
-394.431
-21.451
7.06035
379.687
399.103
521.58
520.073
396.657
385.26
256.68
250.027
181.33
177.871
139.441
137.301
111.885
110.382
91.7785
90.6328
76.0404
75.1196
63.4109
62.6941
54.1137
53.6087
47.2329
46.8256
41.4124
41.0549
36.2392
35.9182
31.5699
31.2785
27.3176
27.0519
23.4922
23.2615
20.3922
20.2196
18.0252
17.8836
15.9727
15.8445
14.0964
13.9785
12.3675
12.2587
10.7694
10.6688
9.30325
9.21299
8.06033
7.9899
7.10305
7.04638
6.28267
6.23138
5.52937
5.48185
4.82955
4.78529
4.17696
4.13566
3.57206
3.53449
2.86948
2.78659
1.98022
1.9398
1.482
1.45613
1.14824
1.12974
0.905426
0.892129
0.723546
-1.85386
-1.89057
-1.92767
-1.96519
-2.00306
-2.04133
-2.11197
-2.15141
-2.19127
-2.23161
-2.27237
-2.31359
-2.38981
-2.43247
-2.47572
-2.51965
-2.56426
-2.60967
-2.69477
-2.74327
-2.79326
-2.84503
-2.89875
-2.95476
-3.06279
-3.1258
-3.19119
-3.25891
-3.32856
-3.4
-3.53378
-3.60919
-3.68573
-3.76341
-3.84199
-3.92152
-4.06848
-4.15057
-4.23356
-4.31758
-4.40242
-4.4882
-4.64665
-4.73516
-4.82468
-4.91532
-5.00689
-5.09951
-5.27071
-5.36639
-5.46319
-5.56125
-5.66036
-5.76066
-5.94625
-6.05014
-6.15543
-6.26233
-6.37073
-6.48095
-6.68674
-6.80344
-6.9232
-7.04672
-7.17441
-7.30712
-7.56314
-7.71311
-7.86981
-8.0332
-8.20268
-8.37785
-8.70897
-8.8969
-9.08842
-9.28331
-9.48088
-9.68119
-10.052
-10.2594
-10.4691
-10.6816
-10.8962
-11.1133
-11.5146
-11.7388
-11.9657
-12.1955
-12.4278
-12.6628
-13.0975
-13.3405
-13.5866
-13.8359
-14.088
-14.3432
-14.8157
-15.0801
-15.3481
-15.6202
-15.8959
-16.1758
-16.6971
-16.9917
-17.2929
-17.6021
-17.9204
-18.2493
-18.8812
-19.2507
-19.6377
-20.0435
-20.4674
-20.9089
-21.7534
-22.2375
-22.7338
-23.241
-23.7574
-24.2823
-25.2575
-25.8042
-26.3583
-26.92
-27.4885
-28.0644
-29.1301
-29.7273
-30.3324
-30.9456
-31.567
-32.197
-33.3643
-34.0195
-34.6841
-35.3585
-36.0426
-36.7371
-38.0264
-38.7516
-39.4885
-40.2378
-41.0001
-41.7761
-43.2254
-44.0471
-44.8883
-45.752
-46.6409
-47.5594
-49.3213
-50.352
-51.4341
-52.5731
-53.7738
-55.0383
-57.4974
-58.9351
-60.428
-61.9728
-63.5657
-65.205
-68.2976
-70.0617
-71.8711
-73.7268
-75.6309
-77.5853
-81.2771
-83.3909
-85.5682
-87.8147
-90.1317
-92.5276
-97.0981
-99.7439
-102.493
-105.351
-108.328
-111.433
-117.443
-120.972
-124.68
-128.58
-132.695
-137.043
-145.635
-150.803
-156.324
-162.268
-168.67
-175.615
-189.896
-198.869
-208.813
-219.871
-232.197
-245.894
-274.554
-292.472
-311.939
-333.079
-355.811
-380.09
-427.146
-453.366
-478.382
-500.361
-517.797
-529.971
-536.155
-530.656
-518.575
-499.845
-473.965
-440.999
-361.91
-309.127
-251.545
-190.828
-128.32
-64.9844
50.6183
113.904
176.357
237.01
294.673
347.378
426.092
459.17
484.955
503.7
515.777
521.35
515.366
503.444
486.259
464.629
439.909
414.252
368.426
344.919
323.096
302.877
284.332
267.428
240.4
227.464
215.766
205.195
195.61
186.873
172.824
165.935
159.549
153.593
148.038
142.829
134.135
129.728
125.553
121.594
117.832
114.244
108.139
104.984
101.958
99.0518
96.2574
93.5659
88.9157
86.4777
84.1192
81.8344
79.6205
77.4733
73.7353
71.7665
69.8604
68.0182
66.2425
64.5368
61.6269
60.1348
58.7199
57.3808
56.1112
54.9065
52.8554
51.7911
50.7642
49.77
48.8045
47.864
46.2107
45.3285
44.4639
43.6154
42.7825
41.9645
40.5132
39.7331
38.9656
38.2102
37.4665
36.7343
35.4314
34.7292
34.0372
33.355
32.6823
32.019
30.8363
30.1978
29.5677
28.9459
28.3323
27.7272
26.649
26.0682
25.4972
24.936
24.387
23.8512
22.9153
22.425
21.9544
21.5036
21.0736
20.663
19.9615
19.5969
19.2447
18.9026
18.5695
18.2443
17.669
17.3604
17.0565
16.7568
16.4615
16.1702
15.6498
15.3687
15.0911
14.8165
14.5456
14.278
13.7994
13.5406
13.2849
13.0319
12.7821
12.5351
12.0933
11.8542
11.6179
11.3839
11.1528
10.9244
10.5159
10.2951
10.0772
9.86221
9.6508
9.44316
9.07679
8.88259
8.69441
8.51265
8.33805
8.17068
7.88466
7.73632
7.59355
7.45534
7.3214
7.19082
6.96057
6.83722
6.71587
6.59614
6.47816
6.36166
6.15345
6.04081
5.92945
5.8192
5.71028
5.60254
5.40957
5.30505
5.20163
5.09917
4.99789
4.89765
4.71797
4.62057
4.52414
4.42857
4.33406
4.24052
4.07287
3.98208
3.89234
3.80362
3.71624
3.63017
3.47761
3.39616
3.31662
3.23892
3.16324
3.00721
2.66927
2.51624
2.38048
2.25821
2.14679
2.0452
1.88046
1.79933
1.72302
1.65179
1.58561
1.52292
1.41784
1.36498
1.31457
1.26638
1.22055
1.17686
1.1029
1.06427
1.02723
0.991942
0.958362
0.926398
0.872561
0.844802
0.817707
0.791245
0.765475
0.740369
