-2.40766
-2.68737
-3.02529
-3.47248
-3.97513
-4.51139
-5.08446
-5.69811
-6.35498
-7.08005
-8.02132
-9.22564
-10.5437
-11.9522
-13.4634
-15.0862
-16.8337
-18.8453
-21.5975
-24.936
-28.5559
-32.4631
-36.7122
-41.3565
-46.5311
-53.0578
-62.3168
-73.5337
-86.6731
-102.692
-123.308
-151.83
-196.969
-288.354
-462.054
-601.05
-443.399
-7.18922
428.578
585.548
447.671
280.46
194.649
149.516
120.368
99.3099
82.9343
69.4939
58.7203
51.2444
45.3703
40.1587
35.4322
31.111
27.1233
23.459
20.4596
18.2631
16.3479
14.5697
12.9138
11.37
9.92496
8.60591
7.57556
6.77159
6.03838
5.35052
4.70453
4.09573
3.52393
2.87096
2.01137
1.52944
1.20148
-2.4086
-2.68633
-2.6884
-3.02391
-3.02668
-3.47079
-3.47418
-3.97331
-3.97695
-4.50946
-4.51333
-5.08239
-5.08653
-5.69589
-5.70033
-6.3526
-6.35736
-7.07728
-7.08282
-8.01746
-8.02518
-9.22119
-9.2301
-10.5389
-10.5484
-11.9472
-11.9573
-13.458
-13.4689
-15.0803
-15.092
-16.8273
-16.8401
-18.8372
-18.8533
-21.5865
-21.6085
-24.9238
-24.9482
-28.5428
-28.5691
-32.4489
-32.4774
-36.6967
-36.7277
-41.3395
-41.3736
-46.5116
-46.5506
-53.0304
-53.0853
-62.2805
-62.3531
-73.4915
-73.576
-86.6229
-86.7234
-102.629
-102.754
-123.225
-123.391
-151.71
-151.951
-196.758
-197.18
-287.908
-288.801
-461.289
-462.821
-601.055
-601.041
-444.6
-442.193
-8.77803
-5.60034
427.39
429.761
585.546
585.545
448.432
446.911
280.877
280.044
194.855
194.443
149.639
149.393
120.453
120.283
99.374
99.2459
82.9857
82.8828
69.5367
69.4512
58.7519
58.6888
51.2667
51.2222
45.3895
45.3511
40.1761
40.1414
35.448
35.4164
31.1255
31.0965
27.1367
27.1099
23.471
23.447
20.4683
20.4508
18.2701
18.2561
16.3544
16.3415
14.5757
14.5637
12.9194
12.9082
11.3752
11.3648
9.92984
9.92008
8.61013
8.60169
7.57862
7.5725
6.77425
6.76894
6.04086
6.0359
5.35285
5.34819
4.70672
4.70234
4.0978
4.09366
3.52583
3.52202
2.87555
2.86639
2.01346
2.00929
1.5308
1.52807
1.20246
-2.41681
-2.67729
-2.6975
-3.01188
-3.03885
-3.45603
-3.489
-3.95744
-3.99286
-4.49253
-4.5303
-5.06427
-5.1047
-5.6765
-5.71977
-6.33179
-6.37825
-7.05312
-7.10723
-7.98386
-8.0591
-9.1823
-9.2691
-10.4973
-10.5901
-11.9026
-12.002
-13.4101
-13.5169
-15.0289
-15.1435
-16.7715
-16.8961
-18.7673
-18.9242
-21.4908
-21.7048
-24.8172
-25.0551
-28.4281
-28.6841
-32.3246
-32.602
-36.5611
-36.8636
-41.1909
-41.5228
-46.3414
-46.7221
-52.7923
-53.3275
-61.9639
-62.6718
-73.1232
-73.9464
-86.1849
-87.1645
-102.083
-103.306
-122.501
-124.123
-150.664
-153.015
-194.937
-199.054
-284.043
-292.751
-454.598
-469.55
-600.952
-600.824
-454.837
-431.47
-22.6769
8.30629
416.794
439.917
585.38
585.412
455.082
440.292
284.565
276.44
196.676
192.665
150.721
148.327
121.201
119.543
99.9372
98.6883
83.4375
82.4341
69.9124
69.0784
59.0301
58.4149
51.4627
51.0279
45.5579
45.1834
40.3279
39.9901
35.5862
35.2787
31.2525
30.9699
27.2543
26.9926
23.5764
23.3422
20.5454
20.3747
18.3315
18.1949
16.4108
16.2852
14.6282
14.5113
12.9684
12.8594
11.4209
11.3191
9.9726
9.87743
8.64721
8.56499
7.6055
7.54588
6.7975
6.74577
6.06261
6.01421
5.37327
5.32783
4.7259
4.6832
4.11592
4.07558
3.54256
3.50538
2.91675
2.82731
2.0318
1.99122
1.54281
1.51622
1.21107
-2.444
-2.48369
-2.52386
-2.56452
-2.60583
-2.64774
-2.72791
-2.77294
-2.81964
-2.86832
-2.91938
-2.97312
-3.07982
-3.1414
-3.20516
-3.27106
-3.3386
-3.40759
-3.53816
-3.61005
-3.68284
-3.75628
-3.83036
-3.90521
-4.04555
-4.12236
-4.19989
-4.27825
-4.35724
-4.43689
-4.58658
-4.66847
-4.75127
-4.83491
-4.91947
-5.0048
-5.16486
-5.25277
-5.34136
-5.43093
-5.52139
-5.61275
-5.78415
-5.87808
-5.97306
-6.06877
-6.16556
-6.26341
-6.44749
-6.54892
-6.65198
-6.75708
-6.86427
-6.97462
-7.18925
-7.31255
-7.44216
-7.57899
-7.72321
-7.87483
-8.17273
-8.3417
-8.51496
-8.69191
-8.87194
-9.05456
-9.39834
-9.58703
-9.77762
-9.97004
-10.1643
-10.3604
-10.7283
-10.9298
-11.1333
-11.3388
-11.5464
-11.7562
-12.1499
-12.3659
-12.5842
-12.8047
-13.0276
-13.2528
-13.6761
-13.9079
-14.1423
-14.3791
-14.6184
-14.8601
-15.3141
-15.5634
-15.8149
-16.0694
-16.3272
-16.5884
-17.0826
-17.3572
-17.6389
-17.9283
-18.2284
-18.5415
-19.1639
-19.5276
-19.9117
-20.3161
-20.7391
-21.1784
-22.0261
-22.4994
-22.9816
-23.4699
-23.9653
-24.4668
-25.4094
-25.9266
-26.4494
-26.978
-27.5117
-28.0514
-29.0657
-29.6226
-30.186
-30.7561
-31.3329
-31.9167
-33.0159
-33.6205
-34.2327
-34.8526
-35.4805
-36.1165
-37.315
-37.9748
-38.6433
-39.3207
-40.0074
-40.7035
-42.0183
-42.7445
-43.4828
-44.2345
-45.0018
-45.7864
-47.2967
-48.1537
-49.0471
-49.9851
-50.9756
-52.0267
-54.1476
-55.3902
-56.6957
-58.0584
-59.4724
-60.931
-63.7348
-65.302
-66.9038
-68.5403
-70.212
-71.92
-75.1814
-77.0027
-78.8687
-80.7803
-82.7424
-84.7578
-88.6394
-90.8264
-93.0817
-95.4109
-97.8175
-100.308
-105.157
-107.92
-110.792
-113.785
-116.903
-120.161
-126.593
-130.311
-134.222
-138.344
-142.696
-147.306
-156.627
-162.163
-168.111
-174.541
-181.531
-189.18
-205.563
-215.916
-227.569
-240.712
-255.442
-271.797
-306.326
-327.449
-350.6
-375.819
-403.306
-433.048
-491.948
-523.338
-551.5
-573.883
-589.544
-598.471
-598.217
-589.299
-574.136
-552.23
-523.021
-485.725
-393.759
-333.52
-268.412
-202.031
-135.213
-68.6091
54.2166
120.753
187.551
253.996
318.75
379.015
470.654
507.926
537.048
558.842
573.972
582.839
582.927
573.941
558.324
536.145
508.341
477.086
419.094
390.056
363.423
339.235
317.268
297.297
265.05
249.869
236.173
223.872
212.863
202.961
187.031
179.463
172.483
166.026
160.007
154.395
144.904
140.193
135.743
131.53
127.53
123.724
117.152
113.823
110.637
107.582
104.649
101.826
96.8764
94.3324
91.8733
89.4928
87.186
84.9481
80.9722
78.9066
76.8954
74.9367
73.0276
71.1688
67.864
66.1547
64.5046
62.9204
61.4087
59.9749
57.5355
56.3307
55.1958
54.1212
53.0991
52.1192
50.395
49.5015
48.6291
47.7756
46.9391
46.1176
44.6345
43.8508
43.0793
42.3193
41.5704
40.8323
39.494
38.7852
38.0861
37.3966
36.7164
36.0452
34.8266
34.1801
33.5418
32.9115
32.2888
31.6736
30.5544
29.9594
29.3711
28.7892
28.2137
27.6444
26.6077
26.0565
25.5123
24.9752
24.4469
23.9283
23.0005
22.5207
22.0596
21.6198
21.2015
20.806
20.1291
19.7877
19.4604
19.1437
18.8362
18.5357
17.9943
17.7081
17.4256
17.1469
16.8706
16.5977
16.1002
15.8353
15.5731
15.3135
15.0569
14.8024
14.3389
14.0921
13.8479
13.6063
13.3672
13.1308
12.6989
12.4691
12.2416
12.0163
11.7932
11.5723
11.1691
10.9541
10.7411
10.5301
10.3212
10.1143
9.73735
9.53716
9.33989
9.14615
8.95639
8.77152
8.4459
8.28029
8.12266
7.97311
7.83106
7.69564
7.45925
7.33724
7.21833
7.10186
6.98736
6.87458
6.66956
6.5605
6.45263
6.34552
6.23957
6.13459
5.94287
5.8406
5.73928
5.639
5.5394
5.44085
5.26085
5.16485
5.06972
4.97545
4.88212
4.78941
4.6203
4.52996
4.44026
4.35141
4.26329
4.17599
4.01607
3.93083
3.84631
3.76255
3.67981
3.59819
3.45097
3.37399
3.29947
3.22751
3.15817
3.06272
2.7073
2.55589
2.42248
2.30327
2.19495
2.09545
1.93313
1.85345
1.77936
1.70962
1.64449
1.58341
1.47802
1.4252
1.3754
1.32852
1.28341
1.24003
