-2.65755
-2.84724
-3.07463
-3.34581
-3.64243
-3.95336
-4.27655
-4.61271
-4.96301
-5.32835
-5.70921
-6.10609
-6.52118
-6.96564
-7.4772
-8.107
-8.83462
-9.61271
-10.425
-11.2704
-12.152
-13.0727
-14.0347
-15.0392
-16.0887
-17.1963
-18.4172
-19.8919
-21.6966
-23.7082
-25.8352
-28.0595
-30.3883
-32.8345
-35.4106
-38.1281
-41.0005
-44.0554
-47.3849
-51.2808
-56.216
-62.1718
-68.8231
-76.1086
-84.1549
-93.1847
-103.512
-115.571
-130.004
-147.834
-170.954
-203.567
-255.209
-334.788
-449.134
-571.109
-596.922
-509.443
-286.028
-7.18922
271.63
494.35
581.537
555.66
434.899
324.213
249.653
201.038
168.888
145.444
127.215
112.462
100.147
89.5982
80.3543
72.1142
64.782
58.5946
53.7454
49.7639
46.203
42.8986
39.7963
36.8724
34.109
31.4891
28.9958
26.616
24.3548
22.2797
20.5388
19.1281
17.8817
16.7111
15.5927
14.5217
13.4966
12.5152
11.5745
10.6709
9.80335
8.98179
8.24714
7.6435
7.13206
6.66076
6.21093
5.77836
5.36218
4.96175
4.57606
4.20386
3.8445
3.50111
3.18873
2.57088
2.08727
1.74899
1.49062
1.28516
-2.65857
-2.84607
-2.84841
-3.07319
-3.07607
-3.34417
-3.34745
-3.64069
-3.64417
-3.95155
-3.95517
-4.27467
-4.27844
-4.61075
-4.61467
-4.96096
-4.96505
-5.32622
-5.33048
-5.70699
-5.71143
-6.10378
-6.10841
-6.51874
-6.52362
-6.96297
-6.96832
-7.47396
-7.48044
-8.10307
-8.11093
-8.83029
-8.83895
-9.60816
-9.61726
-10.4202
-10.4297
-11.2655
-11.2754
-12.1469
-12.1572
-13.0674
-13.0781
-14.0291
-14.0404
-15.0333
-15.0451
-16.0826
-16.0949
-17.1898
-17.2029
-18.4097
-18.4247
-19.8825
-19.9013
-21.6855
-21.7076
-23.6963
-23.7201
-25.8227
-25.8476
-28.0465
-28.0725
-30.3747
-30.402
-32.8201
-32.8488
-35.3954
-35.4257
-38.1121
-38.1441
-40.9836
-41.0174
-44.0373
-44.0735
-47.3647
-47.4051
-51.2559
-51.3056
-56.1845
-56.2474
-62.1356
-62.208
-68.7833
-68.8628
-76.065
-76.1522
-84.1065
-84.2034
-93.1298
-93.2397
-103.448
-103.575
-115.496
-115.646
-129.913
-130.095
-147.72
-147.949
-170.8
-171.107
-203.338
-203.796
-254.837
-255.582
-334.242
-335.336
-448.385
-449.884
-570.619
-571.594
-597.091
-596.749
-510.304
-508.577
-287.593
-284.461
-8.77803
-5.60034
270.059
273.199
493.483
495.212
581.367
581.703
556.123
555.193
435.638
434.162
324.73
323.697
249.999
249.309
201.26
200.818
169.043
168.734
145.561
145.327
127.308
127.122
112.538
112.385
100.212
100.083
89.6544
89.542
80.404
80.3045
72.1588
72.0697
64.821
64.743
58.626
58.5633
53.77
53.7208
49.7852
49.7426
46.2225
46.1835
42.9168
42.8803
39.8135
39.7791
36.8886
36.8561
34.1243
34.0936
31.5037
31.4745
29.0097
28.9819
26.6293
26.6027
24.3673
24.3423
22.2907
22.2687
20.5476
20.53
19.1355
19.1206
17.8886
17.8749
16.7176
16.7046
15.599
15.5865
14.5277
14.5157
13.5023
13.4909
12.5206
12.5097
11.5797
11.5692
10.676
10.6659
9.8082
9.79851
8.98629
8.97729
8.25099
8.24331
7.64662
7.64038
7.13484
7.12929
6.66339
6.65813
6.21345
6.20841
5.78079
5.77594
5.36452
5.35985
4.96399
4.9595
4.57822
4.5739
4.20595
4.20177
3.84651
3.84248
3.50301
3.49922
3.19039
3.18707
2.57431
2.56746
2.08954
2.08502
1.75067
1.74731
1.49193
1.4893
1.28622
-2.66598
-2.83762
-2.85694
-3.06282
-3.08653
-3.33231
-3.35937
-3.62809
-3.6568
-3.93842
-3.96832
-4.26103
-4.2921
-4.59655
-4.6289
-4.94616
-4.97989
-5.31078
-5.34595
-5.6909
-5.72755
-6.08701
-6.12523
-6.5011
-6.54133
-6.94364
-6.98781
-7.45063
-7.50402
-8.07469
-8.13955
-8.79893
-8.87042
-9.57522
-9.65028
-10.3859
-10.4641
-11.2298
-11.3112
-12.1096
-12.1945
-13.0284
-13.1171
-13.9884
-14.0811
-14.9909
-15.0876
-16.0382
-16.1395
-17.1423
-17.2506
-18.3554
-18.4796
-19.8145
-19.97
-21.6057
-21.7878
-23.6104
-23.8062
-25.7327
-25.9378
-27.9524
-28.1669
-30.276
-30.5009
-32.7163
-32.9529
-35.286
-35.5354
-37.9967
-38.2599
-40.8613
-41.14
-43.9064
-44.205
-47.2188
-47.5523
-51.0767
-51.4869
-55.9574
-56.4767
-61.8737
-62.4713
-68.4957
-69.1517
-75.7494
-76.4693
-83.7556
-84.5561
-92.7327
-93.6397
-102.99
-104.037
-114.955
-116.192
-129.258
-130.757
-146.896
-148.784
-169.698
-172.229
-201.698
-205.475
-252.176
-258.312
-330.316
-339.337
-442.969
-455.357
-566.944
-574.955
-598.2
-595.389
-516.423
-502.145
-298.949
-272.966
-20.294
5.92168
258.573
284.516
487.002
501.337
580.032
582.821
559.376
551.685
441.043
428.794
328.509
319.983
252.531
246.837
202.877
199.235
170.169
167.624
146.414
144.484
127.987
126.451
113.096
111.833
100.684
99.6149
90.0633
89.1358
80.7657
79.945
72.4825
71.7478
65.1053
64.461
58.8548
58.3372
53.9494
53.5433
49.94
49.5888
46.3645
46.0421
43.0495
42.748
39.9384
39.6546
37.0065
36.7386
34.2359
33.9824
31.6096
31.3688
29.1107
28.8811
26.7257
26.5065
24.4582
24.2519
22.3711
22.189
20.6122
20.4661
19.1897
19.0668
17.9385
17.8252
16.765
16.6573
15.6444
15.5412
14.5712
14.4724
13.5439
13.4494
12.5605
12.4699
11.6179
11.531
10.7127
10.6292
9.84339
9.76343
9.01903
8.94473
8.27894
8.21567
7.66931
7.61787
7.15501
7.10919
6.68244
6.63913
6.23174
6.19015
5.79838
5.75838
5.38145
5.34295
4.98029
4.94324
4.59393
4.55822
4.22112
4.18663
3.86113
3.8279
3.51678
3.48551
3.2025
3.1751
2.59946
2.54293
2.1061
2.06879
1.76298
1.7352
1.50151
1.47983
1.29395
-2.68514
-2.71042
-2.73612
-2.76233
-2.78901
-2.81622
-2.87911
-2.90884
-2.9393
-2.97075
-3.00316
-3.03655
-3.11376
-3.14998
-3.18698
-3.22469
-3.26315
-3.30208
-3.39012
-3.43057
-3.47147
-3.51254
-3.55402
-3.59577
-3.68941
-3.73193
-3.77478
-3.81788
-3.8612
-3.90485
-4.00215
-4.04647
-4.091
-4.13587
-4.18089
-4.22605
-4.32726
-4.37341
-4.41963
-4.46621
-4.51304
-4.56014
-4.66551
-4.71349
-4.76174
-4.81028
-4.85919
-4.9083
-5.01807
-5.0681
-5.11853
-5.16915
-5.21997
-5.27118
-5.38587
-5.43794
-5.49041
-5.5432
-5.59627
-5.64976
-5.76905
-5.8234
-5.87808
-5.93319
-5.98849
-6.04402
-6.16848
-6.22532
-6.28229
-6.33975
-6.39763
-6.45594
-6.58698
-6.64701
-6.70766
-6.76903
-6.83134
-6.89446
-7.0383
-7.10541
-7.17413
-7.24461
-7.3171
-7.39173
-7.56557
-7.648
-7.73298
-7.82045
-7.91034
-8.00245
-8.21377
-8.31202
-8.41178
-8.51286
-8.61523
-8.71868
-8.95145
-9.05786
-9.16499
-9.27289
-9.38149
-9.49075
-9.73524
-9.84655
-9.95846
-10.071
-10.1842
-10.298
-10.5525
-10.6683
-10.7848
-10.9019
-11.0197
-11.1382
-11.4033
-11.524
-11.6454
-11.7675
-11.8904
-12.0143
-12.2907
-12.4167
-12.5435
-12.6711
-12.7994
-12.9286
-13.2176
-13.3493
-13.4818
-13.6151
-13.7492
-13.8841
-14.1861
-14.3236
-14.4619
-14.6011
-14.7411
-14.882
-15.1972
-15.3408
-15.4853
-15.6307
-15.7771
-15.9243
-16.2543
-16.405
-16.5569
-16.7101
-16.8647
-17.0213
-17.3738
-17.5367
-17.7019
-17.8703
-18.0418
-18.2174
-18.6226
-18.814
-19.0112
-19.215
-19.4254
-19.6427
-20.1491
-20.3884
-20.6337
-20.8847
-21.1414
-21.4021
-21.9953
-22.2687
-22.5452
-22.8244
-23.1062
-23.3905
-24.028
-24.319
-24.6119
-24.9067
-25.2034
-25.5025
-26.1701
-26.4746
-26.7813
-27.0894
-27.3994
-27.7114
-28.4101
-28.7286
-29.0491
-29.3717
-29.6965
-30.0234
-30.7561
-31.0903
-31.4268
-31.7657
-32.107
-32.4507
-33.2214
-33.5731
-33.9274
-34.2843
-34.6439
-35.006
-35.8185
-36.1894
-36.5631
-36.9396
-37.319
-37.7012
-38.5587
-38.9504
-39.3452
-39.7431
-40.1442
-40.5484
-41.4567
-41.8719
-42.291
-42.7139
-43.1408
-43.5721
-44.5448
-44.9925
-45.4459
-45.9058
-46.3729
-46.8478
-47.935
-48.4435
-48.9651
-49.5017
-50.0543
-50.6251
-51.9619
-52.6004
-53.2614
-53.9457
-54.6528
-55.3826
-57.0734
-57.8674
-58.679
-59.5068
-60.3495
-61.2064
-63.1529
-64.0509
-64.9612
-65.8829
-66.8165
-67.7617
-69.8989
-70.8826
-71.8786
-72.8874
-73.9093
-74.9447
-77.2901
-78.3725
-79.4704
-80.5835
-81.714
-82.8616
-85.471
-86.6794
-87.9077
-89.1572
-90.4287
-91.7227
-94.6776
-96.0514
-97.4521
-98.8804
-100.338
-101.826
-105.238
-106.831
-108.461
-110.128
-111.835
-113.584
-117.613
-119.506
-121.449
-123.443
-125.491
-127.599
-132.487
-134.801
-137.186
-139.648
-142.189
-144.816
-150.976
-153.922
-156.982
-160.165
-163.477
-166.936
-175.185
-179.203
-183.432
-187.891
-192.627
-197.631
-209.938
-216.114
-222.724
-229.822
-237.431
-245.556
-265.543
-275.423
-285.859
-296.836
-308.393
-320.549
-349.876
-364.253
-379.318
-395.151
-411.773
-429.175
-469.646
-488.44
-507.091
-524.956
-541.677
-556.809
-582.55
-590.555
-596.217
-599.768
-601.051
-600.227
-591.079
-583.616
-574.025
-562.094
-547.85
-531.071
-484.215
-458.409
-429.444
-397.89
-363.821
-327.821
-243.504
-204.819
-166.048
-127.22
-88.4773
-49.9133
35.5524
74.0862
112.783
151.477
190.365
228.951
313.055
349.18
383.113
414.786
443.429
469.157
515.973
532.68
546.94
558.732
568.307
575.756
584.83
585.514
584.175
580.663
574.948
567.086
541.498
526.683
509.962
492.009
473.628
455.177
415.347
398.301
382.191
366.794
352.306
338.545
310.724
299.244
288.382
278.131
268.415
259.25
240.683
233.095
225.976
219.326
213.05
207.163
195.294
190.409
185.763
181.352
177.146
173.128
164.841
161.34
157.985
154.753
151.645
148.646
142.36
139.674
137.076
134.56
132.122
129.756
124.754
122.6
120.506
118.468
116.482
114.548
110.432
108.647
106.905
105.202
103.538
101.909
98.4266
96.9074
95.4179
93.9591
92.5278
91.1238
88.1028
86.7788
85.4782
84.1987
82.9407
81.7027
79.0287
77.852
76.6937
75.5528
74.4286
73.3215
70.9277
69.8747
68.8398
67.8224
66.8233
65.8439
63.7466
62.837
61.9524
61.0929
60.2603
59.4542
57.7675
57.0509
56.3586
55.6904
55.0445
54.4181
53.0932
52.5195
51.9585
51.4094
50.8706
50.3409
49.1962
48.6911
48.1923
47.6999
47.2129
46.7311
45.6809
45.2145
44.7528
44.295
43.8415
43.392
42.4098
41.9726
41.5393
41.1095
40.6833
40.2606
39.3361
38.9245
38.5161
38.111
37.7092
37.3106
36.438
36.0492
35.6634
35.2806
34.9007
34.5236
33.6977
33.3295
32.964
32.601
32.2407
31.8828
31.0983
30.7483
30.4006
30.0551
29.712
29.3711
28.6231
28.2892
27.9573
27.6275
27.2998
26.9742
26.2604
25.9419
25.6257
25.3121
25.0008
24.6926
24.0213
23.7232
23.4301
23.1415
22.8581
22.5802
21.987
21.7306
21.4818
21.2406
21.0069
20.7807
20.3046
20.1003
19.9005
19.7062
19.5164
19.3302
18.9293
18.7528
18.5786
18.4062
18.2358
18.0669
17.6979
17.5335
17.3702
17.2081
17.0471
16.8871
16.5363
16.3792
16.2233
16.0684
15.9143
15.7612
15.4251
15.2749
15.1256
14.9772
14.8297
14.683
14.3612
14.2174
14.0745
13.9325
13.7913
13.651
13.3429
13.2053
13.0686
12.9325
12.7974
12.663
12.368
12.2362
12.1051
11.9747
11.8451
11.7163
11.4335
11.3066
11.1808
11.0556
10.9311
10.8073
10.5352
10.4135
10.2926
10.1723
10.0528
9.93399
9.6735
9.55741
9.44226
9.32818
9.21531
9.10371
8.86162
8.75521
8.65083
8.54873
8.44894
8.3517
8.14577
8.05723
7.97137
7.88807
7.80709
7.72831
7.56061
7.48751
7.41577
7.34517
7.27568
7.20707
7.05774
6.99145
6.92571
6.86051
6.79577
6.73148
6.59054
6.52755
6.46475
6.4024
6.34042
6.27878
6.14335
6.08277
6.02251
5.96258
5.90308
5.84365
5.71334
5.65517
5.5972
5.5394
5.48205
5.425
5.29973
5.24354
5.18776
5.13228
5.07709
5.02231
4.90152
4.84753
4.79394
4.74051
4.68724
4.63433
4.51811
4.46604
4.41411
4.36254
4.31121
4.26014
4.14778
4.09749
4.04743
3.9976
3.94815
3.89875
3.7905
3.74224
3.69419
3.64643
3.59916
3.55235
3.45059
3.40554
3.3613
3.31791
3.27536
3.23385
3.14494
3.10621
2.98529
2.86821
2.76254
2.66702
2.48229
2.40764
2.33758
2.27179
2.2092
2.1498
2.02833
1.97814
1.92958
1.88283
1.83801
1.79487
1.70477
1.6665
1.63002
1.59446
1.55998
1.52651
1.45595
1.42544
1.39611
1.36798
1.3407
1.31407
