-1.69794
-1.83013
-1.96727
-2.10968
-2.25773
-2.41197
-2.57394
-2.74771
-2.94293
-3.17067
-3.42976
-3.70964
-4.00373
-4.31023
-4.62927
-4.96162
-5.30812
-5.66957
-6.04717
-6.4438
-6.86753
-7.33923
-7.89085
-8.53116
-9.2348
-9.97976
-10.7583
-11.5702
-12.4171
-13.3014
-14.2254
-15.1921
-16.2076
-17.2887
-18.4801
-19.8666
-21.5032
-23.3391
-25.3054
-27.3731
-29.5397
-31.8121
-34.2009
-36.7177
-39.3771
-42.2015
-45.2394
-48.6095
-52.5553
-57.3341
-62.9217
-69.1585
-76.0075
-83.5569
-91.9828
-101.534
-112.558
-125.572
-141.35
-161.202
-187.587
-225.152
-280.296
-356.212
-448.819
-519.361
-515.346
-421.41
-235.618
-7.14903
221.024
406.619
500.406
504.524
434.842
344.719
272.533
220.747
184.657
158.553
138.543
122.532
109.303
98.0821
88.3601
79.7787
72.122
65.3291
59.5178
54.747
50.7544
47.222
43.9799
40.9528
38.1053
35.4156
32.8669
30.4447
28.1378
25.9446
23.8866
22.0302
20.4461
19.0979
17.8889
16.7597
15.6869
14.6622
13.6817
12.7429
11.843
10.9798
10.1527
9.36759
8.64428
8.01268
7.47321
6.9925
6.54428
6.11758
5.70837
5.31502
4.93653
4.57192
4.2204
3.88201
3.55999
3.26297
2.74339
2.22551
1.8661
1.59339
1.37665
1.19932
1.05023
0.924287
0.819028
0.724364
0.638807
0.562331
-1.69873
-1.82932
-1.83095
-1.96642
-1.96811
-2.1088
-2.11056
-2.25681
-2.25864
-2.41102
-2.41293
-2.57293
-2.57495
-2.74661
-2.74882
-2.94166
-2.9442
-3.16919
-3.17215
-3.42812
-3.4314
-3.70791
-3.71138
-4.00191
-4.00554
-4.30835
-4.31212
-4.62731
-4.63124
-4.95957
-4.96367
-5.30598
-5.31025
-5.66734
-5.67181
-6.04484
-6.04951
-6.44134
-6.44627
-6.86486
-6.87021
-7.33618
-7.3423
-7.88724
-7.89447
-8.52707
-8.53526
-9.23041
-9.23919
-9.97516
-9.98437
-10.7535
-10.7631
-11.5652
-11.5752
-12.4118
-12.4223
-13.2959
-13.3068
-14.2197
-14.2311
-15.1861
-15.1981
-16.2013
-16.2139
-17.2819
-17.2955
-18.4725
-18.4878
-19.8575
-19.8758
-21.4927
-21.5138
-23.3276
-23.3507
-25.2932
-25.3176
-27.3603
-27.3859
-29.5263
-29.5531
-31.7981
-31.8262
-34.1861
-34.2157
-36.7021
-36.7333
-39.3605
-39.3936
-42.1839
-42.2191
-45.2202
-45.2586
-48.5877
-48.6313
-52.5291
-52.5815
-57.3026
-57.3656
-62.8858
-62.9575
-69.119
-69.198
-75.9642
-76.0509
-83.5088
-83.605
-91.9288
-92.0368
-101.472
-101.596
-112.487
-112.63
-125.486
-125.658
-141.244
-141.456
-161.067
-161.339
-187.4
-187.774
-224.88
-225.426
-279.903
-280.691
-355.689
-356.734
-448.258
-449.378
-519.132
-519.588
-515.632
-515.057
-422.261
-420.554
-236.939
-234.295
-8.55428
-5.74386
219.711
222.335
405.761
407.472
500.121
500.689
504.756
504.288
435.395
434.29
345.223
344.216
272.904
272.162
221.007
220.487
184.839
184.474
158.689
158.417
138.65
138.436
122.619
122.444
109.376
109.23
98.1449
98.0193
88.4151
88.3051
79.8276
79.7298
72.1657
72.0783
65.3674
65.2909
59.5497
59.486
54.7731
54.7209
50.7769
50.732
47.2424
47.2017
43.9988
43.961
40.9705
40.935
38.122
38.0886
35.4315
35.3998
32.8819
32.8519
30.459
30.4304
28.1514
28.1242
25.9575
25.9317
23.8985
23.8746
22.0406
22.0197
20.4548
20.4373
19.1055
19.0902
17.8959
17.8818
16.7663
16.7531
15.6932
15.6805
14.6682
14.6561
13.6875
13.6759
12.7484
12.7373
11.8484
11.8377
10.9849
10.9747
10.1576
10.1478
9.37218
9.36301
8.6484
8.64016
8.01619
8.00916
7.47625
7.47017
6.99529
6.98971
6.54692
6.54165
6.12011
6.11506
5.71079
5.70594
5.31735
5.31269
4.93877
4.93429
4.57409
4.56976
4.22248
4.21831
3.88401
3.88001
3.56187
3.55811
3.26468
3.26127
2.74733
2.73946
2.22807
2.22297
1.86797
1.86423
1.59484
1.59194
1.3778
1.37549
1.20031
1.19833
1.05106
1.04941
0.924981
0.923593
0.819628
0.818429
0.724908
0.723819
0.639296
0.638318
0.562772
-1.70422
-1.82363
-1.83665
-1.96052
-1.97403
-2.10266
-2.1167
-2.25044
-2.26503
-2.40436
-2.41961
-2.56589
-2.58201
-2.73892
-2.75655
-2.9328
-2.95313
-3.15887
-3.18256
-3.41669
-3.44289
-3.69576
-3.72356
-3.98923
-4.01825
-4.29513
-4.32536
-4.61355
-4.64502
-4.94524
-4.97803
-5.29103
-5.32523
-5.65174
-5.68744
-6.02852
-6.06587
-6.42411
-6.46356
-6.84617
-6.889
-7.31485
-7.36382
-7.86203
-7.91989
-8.49852
-8.56396
-9.19972
-9.26998
-9.94295
-10.0167
-10.7199
-10.7967
-11.5301
-11.6103
-12.3753
-12.4589
-13.2577
-13.3451
-14.1798
-14.2711
-15.1443
-15.24
-16.1572
-16.2581
-17.2344
-17.3432
-18.4189
-18.5418
-19.7939
-19.94
-21.4189
-21.5881
-23.247
-23.4316
-25.208
-25.4032
-27.2709
-27.4755
-29.4326
-29.647
-31.6997
-31.9249
-34.0826
-34.3195
-36.5929
-36.8429
-39.245
-39.5095
-42.0606
-42.3428
-45.0864
-45.3932
-48.4358
-48.7847
-52.3466
-52.7659
-57.0829
-57.587
-62.6356
-63.2092
-68.8432
-69.4752
-75.6614
-76.3551
-83.1733
-83.9426
-91.552
-92.416
-101.04
-102.03
-111.984
-113.137
-124.888
-126.263
-140.506
-142.202
-160.121
-162.301
-186.099
-189.095
-222.985
-227.382
-277.154
-283.476
-352.047
-360.412
-444.338
-453.285
-517.445
-521.112
-517.545
-512.952
-428.157
-414.446
-246.123
-224.977
-18.3667
4.09019
210.554
231.493
399.656
413.339
498.029
502.608
506.291
502.573
439.248
430.406
348.743
340.716
275.525
269.593
222.844
218.688
186.127
183.208
159.649
157.468
139.405
137.69
123.235
121.835
109.891
108.719
98.5865
97.5812
88.8018
87.9214
80.171
79.3885
72.4726
71.7733
65.6364
65.0245
59.7739
59.2643
54.9566
54.5391
50.9349
50.575
47.3853
47.0595
44.1313
43.829
41.0948
40.8112
38.2392
37.9718
35.5423
35.2893
32.987
32.747
30.559
30.3306
28.2468
28.0291
26.0478
25.8417
23.9821
23.7915
22.114
21.9471
20.5164
20.3763
19.1591
19.0368
17.9452
17.8327
16.8129
16.7066
15.7375
15.6363
14.7106
14.6138
13.7281
13.6353
12.7873
12.6985
11.8857
11.8005
11.0207
10.9389
10.1918
10.1137
9.40435
9.33096
8.67737
8.61144
8.04091
7.98467
7.49764
7.44893
7.01483
6.97023
6.5654
6.52321
6.1378
6.09741
5.72777
5.68899
5.33368
5.2964
4.95449
4.91859
4.58925
4.55463
4.2371
4.20373
3.89803
3.86602
3.57507
3.54497
3.27662
3.24939
2.77528
2.71234
2.24608
2.20527
1.88116
1.85124
1.60506
1.58182
1.38591
1.36744
1.20726
1.19144
1.05688
1.04363
0.929864
0.918761
0.823835
0.814243
0.72873
0.720018
0.642733
0.634902
0.565862
-1.71812
-1.73619
-1.75434
-1.77255
-1.7909
-1.80933
-1.85105
-1.86979
-1.88862
-1.90752
-1.92655
-1.94568
-1.98899
-2.00844
-2.028
-2.04761
-2.06737
-2.08724
-2.13224
-2.15246
-2.17279
-2.19318
-2.21373
-2.2344
-2.28121
-2.30225
-2.32342
-2.34466
-2.36608
-2.38762
-2.43651
-2.45853
-2.48071
-2.503
-2.52552
-2.54822
-2.59992
-2.62332
-2.64701
-2.67089
-2.69514
-2.7197
-2.77624
-2.80211
-2.82845
-2.85529
-2.88273
-2.91073
-2.97594
-3.00603
-3.0368
-3.06816
-3.10028
-3.13308
-3.20903
-3.24382
-3.27915
-3.31492
-3.35123
-3.388
-3.47202
-3.51005
-3.5484
-3.58699
-3.62597
-3.66524
-3.75439
-3.79451
-3.83488
-3.87541
-3.91625
-3.95734
-4.05042
-4.09228
-4.13437
-4.17658
-4.21914
-4.26192
-4.35885
-4.40241
-4.44621
-4.49015
-4.53443
-4.57897
-4.67989
-4.72526
-4.77088
-4.81666
-4.8628
-4.90921
-5.01439
-5.06167
-5.10922
-5.15696
-5.20507
-5.25346
-5.36313
-5.41246
-5.46206
-5.51185
-5.56204
-5.61252
-5.72701
-5.77851
-5.8303
-5.8823
-5.93475
-5.98753
-6.10729
-6.16124
-6.21555
-6.27014
-6.32528
-6.38086
-6.50738
-6.56454
-6.62227
-6.68055
-6.73961
-6.79935
-6.93676
-6.99942
-7.06318
-7.12795
-7.19413
-7.26165
-7.41873
-7.49132
-7.56566
-7.64159
-7.71952
-7.79923
-7.98472
-8.07015
-8.15724
-8.2456
-8.33562
-8.42704
-8.63685
-8.73211
-8.82847
-8.92552
-9.02364
-9.12267
-9.3479
-9.4494
-9.55161
-9.65429
-9.75782
-9.86203
-10.0983
-10.2045
-10.3114
-10.4187
-10.5268
-10.6355
-10.8819
-10.9927
-11.1041
-11.216
-11.3287
-11.4421
-11.6991
-11.8146
-11.9308
-12.0475
-12.1651
-12.2834
-12.5516
-12.6722
-12.7936
-12.9154
-13.0382
-13.1618
-13.4419
-13.5679
-13.6947
-13.822
-13.9503
-14.0795
-14.3723
-14.5041
-14.6367
-14.7699
-14.9042
-15.0393
-15.3461
-15.4842
-15.6233
-15.7631
-15.9042
-16.0466
-16.3701
-16.5163
-16.6638
-16.8126
-16.9632
-17.1155
-17.4643
-17.6233
-17.7845
-17.9481
-18.115
-18.2851
-18.6798
-18.8619
-19.0484
-19.239
-19.4348
-19.6354
-20.1041
-20.3208
-20.5425
-20.7684
-20.9993
-21.2345
-21.7769
-22.0244
-22.2752
-22.5285
-22.7853
-23.0448
-23.6365
-23.9039
-24.1734
-24.4444
-24.7181
-24.9938
-25.6195
-25.9013
-26.1849
-26.4696
-26.7569
-27.0459
-27.7024
-27.9975
-28.2945
-28.5933
-28.8942
-29.197
-29.8849
-30.1941
-30.5055
-30.819
-31.1346
-31.4524
-32.1747
-32.4996
-32.8268
-33.1562
-33.4882
-33.8224
-34.5825
-34.9246
-35.2693
-35.6163
-35.966
-36.3185
-37.1203
-37.4814
-37.8453
-38.2121
-38.5818
-38.9546
-39.8034
-40.1862
-40.5722
-40.9615
-41.3545
-41.7512
-42.6567
-43.0663
-43.4802
-43.8988
-44.3226
-44.7512
-45.7359
-46.1845
-46.6398
-47.1039
-47.576
-48.057
-49.1758
-49.6923
-50.2214
-50.7641
-51.3208
-51.8929
-53.2381
-53.8638
-54.5063
-55.1656
-55.8423
-56.5357
-58.1519
-58.8954
-59.6536
-60.4255
-61.2111
-62.0094
-63.8492
-64.6869
-65.5362
-66.3967
-67.2687
-68.1521
-70.1795
-71.1002
-72.0326
-72.9769
-73.9335
-74.9028
-77.1288
-78.1411
-79.1673
-80.2079
-81.2633
-82.334
-84.802
-85.9272
-87.0698
-88.2303
-89.4098
-90.6092
-93.382
-94.6514
-95.9433
-97.2581
-98.5985
-99.9648
-103.135
-104.592
-106.078
-107.596
-109.148
-110.733
-114.43
-116.137
-117.886
-119.677
-121.515
-123.397
-127.812
-129.862
-131.974
-134.143
-136.374
-138.678
-144.114
-146.662
-149.299
-152.026
-154.847
-157.777
-164.784
-168.102
-171.563
-175.179
-178.949
-182.911
-192.522
-197.15
-202.041
-207.188
-212.601
-218.327
-232.421
-239.264
-246.483
-254.083
-262.076
-270.416
-290.679
-300.34
-310.39
-320.854
-331.713
-343.038
-369.826
-382.272
-395.099
-408.107
-421.233
-434.352
-462.952
-474.74
-486.006
-496.023
-505.052
-512.582
-524.279
-526.947
-528.018
-527.521
-525.363
-521.651
-506.896
-497.502
-486.465
-473.619
-458.923
-442.37
-398.07
-375.524
-351.084
-325.049
-297.731
-268.978
-201.244
-170.25
-138.745
-107.039
-75.1563
-43.1361
28.8927
60.8371
92.6814
124.439
155.834
186.914
254.395
282.892
310.355
336.299
360.699
383.423
427.482
444.024
458.649
471.504
482.659
492.03
506.625
510.386
512.538
513.063
512.011
509.44
497.762
490.207
481.328
471.372
460.423
448.798
420.474
407.698
394.898
382.34
369.973
357.851
332.057
321.277
310.918
300.978
291.442
282.311
263.261
255.421
247.952
240.817
234.058
227.615
214.275
208.825
203.631
198.696
193.978
189.471
180.087
176.205
172.474
168.888
165.445
162.135
155.119
152.173
149.331
146.585
143.919
141.341
135.837
133.5
131.235
129.034
126.895
124.81
120.32
118.408
116.541
114.72
112.943
111.207
107.446
105.834
104.256
102.711
101.197
99.7139
96.488
95.0981
93.7331
92.3944
91.0783
89.7862
86.9619
85.7393
84.5375
83.3552
82.191
81.045
78.5345
77.4455
76.3729
75.3171
74.2772
73.2536
71.011
70.0396
69.0845
68.1466
67.2259
66.3227
64.3596
63.5166
62.6935
61.8911
61.1092
60.3483
58.713
58.0177
57.3421
56.6859
56.0477
55.4263
54.0859
53.5127
52.9518
52.4033
51.865
51.3368
50.182
49.6814
49.188
48.702
48.2219
47.7478
46.7028
46.2464
45.7949
45.348
44.9055
44.4672
43.4975
43.0723
42.6511
42.2337
41.8201
41.4098
40.5001
40.1009
39.7048
39.3122
38.9226
38.5361
37.6783
37.3015
36.9277
36.5568
36.1886
35.8232
35.0115
34.6548
34.3007
33.9492
33.6001
33.2534
32.4833
32.1446
31.8081
31.474
31.1422
30.8126
30.0796
29.7571
29.4367
29.1185
28.8024
28.4883
27.7902
27.4831
27.1782
26.8755
26.5748
26.2767
25.6156
25.3255
25.0381
24.7542
24.4727
24.1946
23.5834
23.3177
23.0563
22.8
22.5479
22.3011
21.7661
21.5368
21.3129
21.095
20.8817
20.6737
20.2242
20.031
19.8418
19.6567
19.4746
19.2955
18.9034
18.7327
18.5641
18.3979
18.2331
18.0701
17.7095
17.5513
17.3942
17.2388
17.0842
16.9307
16.59
16.44
16.2909
16.1432
15.996
15.8498
15.525
15.3818
15.2395
15.0983
14.9577
14.818
14.5074
14.3704
14.2342
14.0992
13.9646
13.8308
13.5335
13.4024
13.272
13.1426
13.0138
12.8858
12.6009
12.4753
12.3504
12.2264
12.1029
11.98
11.7069
11.5864
11.4665
11.3476
11.2291
11.1112
10.8492
10.7336
10.6187
10.5047
10.3912
10.2784
10.0279
9.91775
9.80834
9.70008
9.59254
9.48595
9.25068
9.14784
9.04638
8.94655
8.84808
8.75111
8.53979
8.44872
8.35957
8.27257
8.18732
8.10398
7.92373
7.84631
7.77051
7.6964
7.62356
7.55209
7.39578
7.32778
7.26064
7.19461
7.1292
7.06441
6.92135
6.85852
6.79613
6.73444
6.67311
6.61218
6.47692
6.41732
6.35807
6.29929
6.24073
6.18253
6.05307
5.99593
5.93913
5.88277
5.8266
5.77072
5.64638
5.59149
5.5369
5.48272
5.42872
5.37498
5.25541
5.20261
5.15008
5.09795
5.04597
4.99426
4.87914
4.82828
4.77768
4.72747
4.67739
4.62756
4.5166
4.46757
4.4188
4.37038
4.32209
4.27404
4.16705
4.11977
4.07279
4.02617
3.97972
3.93351
3.83086
3.78565
3.7408
3.69637
3.65224
3.60854
3.51203
3.46986
3.42824
3.38726
3.3468
3.30699
3.21967
3.1816
3.14384
3.05649
2.94932
2.84813
2.64685
2.56703
2.4924
2.42209
2.35558
2.29267
2.16176
2.10778
2.05665
2.00757
1.96052
1.91511
1.81916
1.77866
1.73973
1.7022
1.66584
1.6312
1.55669
1.52495
1.49409
1.46416
1.43499
1.40688
1.34737
1.32184
1.29684
1.27241
1.24845
1.22501
1.17436
1.1529
1.1324
1.11164
1.09141
1.07174
1.02926
1.01102
0.993211
0.97586
0.958894
0.942352
0.906755
0.891586
0.876945
0.862649
0.848495
0.834515
0.80376
0.790343
0.7771
0.764058
0.751162
0.738439
0.710507
0.698348
0.686362
0.674575
0.662936
0.65147
0.626362
0.61546
0.604731
0.594306
0.583997
0.573682
