-1.69102
-1.8227
-1.95913
-2.10062
-2.2474
-2.39968
-2.55833
-2.7269
-2.91668
-3.14434
-3.4072
-3.68982
-3.98481
-4.29099
-4.60901
-4.93983
-5.28424
-5.64279
-6.01592
-6.40505
-6.81646
-7.27274
-7.81896
-8.46797
-9.18034
-9.92885
-10.7073
-11.5168
-12.3599
-13.239
-14.1559
-15.1119
-16.1098
-17.1612
-18.3108
-19.6703
-21.3231
-23.1861
-25.1662
-27.2362
-29.3981
-31.6616
-34.0378
-36.5373
-39.1709
-41.9534
-44.9199
-48.1779
-52.0208
-56.819
-62.4973
-68.7964
-75.6706
-83.2234
-91.6371
-101.164
-112.148
-125.075
-140.678
-160.183
-186.022
-223.92
-283.743
-370.977
-492.857
-599.068
-604.775
-504.703
-277.396
-7.24227
262.807
489.657
589.509
583.956
478.852
359.582
276.518
220.469
183.854
157.945
138.081
122.144
108.946
97.741
88.0145
79.4081
71.6877
64.792
58.9252
54.2461
50.3841
46.9407
43.7498
40.7535
37.9261
35.2507
32.7122
30.2959
27.9883
25.7828
23.6975
21.8165
20.2518
18.9497
17.7766
16.6689
15.6091
14.5929
13.6185
12.6842
11.7873
10.9249
10.0951
9.3018
8.56797
7.93823
7.41464
6.94861
6.50964
6.08846
5.68284
5.29212
4.91564
4.55251
4.20164
3.8624
3.53652
3.23169
2.70033
2.19744
1.84647
1.58027
1.36789
1.19354
1.04636
0.921131
0.816491
0.722274
0.6374
0.561523
-1.6918
-1.82189
-1.82351
-1.95829
-1.95997
-2.09975
-2.1015
-2.24649
-2.2483
-2.39874
-2.40062
-2.55735
-2.55932
-2.72584
-2.72797
-2.91544
-2.91793
-3.14284
-3.14584
-3.40554
-3.40886
-3.68807
-3.69157
-3.983
-3.98663
-4.28911
-4.29288
-4.60705
-4.61097
-4.93779
-4.94187
-5.28212
-5.28637
-5.64058
-5.645
-6.01362
-6.01822
-6.40264
-6.40746
-6.81387
-6.81905
-7.26977
-7.27572
-7.81532
-7.82259
-8.46382
-8.47213
-9.17591
-9.18477
-9.92424
-9.93347
-10.7025
-10.7121
-11.5118
-11.5218
-12.3547
-12.3651
-13.2336
-13.2444
-14.1502
-14.1615
-15.106
-15.1178
-16.1036
-16.1159
-17.1547
-17.1678
-18.3033
-18.3182
-19.6612
-19.6794
-21.3124
-21.3339
-23.1744
-23.1977
-25.154
-25.1785
-27.2235
-27.249
-29.3847
-29.4115
-31.6476
-31.6756
-34.0231
-34.0525
-36.5218
-36.5528
-39.1545
-39.1872
-41.9361
-41.9708
-44.9013
-44.9386
-48.1569
-48.1989
-51.995
-52.0467
-56.787
-56.8509
-62.461
-62.5337
-68.7566
-68.8361
-75.6272
-75.7141
-83.1754
-83.2714
-91.5832
-91.691
-101.102
-101.225
-112.076
-112.219
-124.99
-125.161
-140.574
-140.783
-160.049
-160.317
-185.838
-186.206
-223.635
-224.206
-283.304
-284.182
-370.349
-371.606
-492.047
-493.668
-598.718
-599.414
-605.043
-604.505
-505.687
-503.714
-279.021
-275.77
-8.86222
-5.62244
261.18
264.432
488.669
490.639
589.238
589.776
584.309
583.598
479.653
478.052
360.19
358.976
276.931
276.107
220.74
220.199
184.036
183.672
158.08
157.809
138.188
137.974
122.231
122.057
109.02
108.873
97.8039
97.6782
88.0696
87.9594
79.4573
79.359
71.732
71.6435
64.8309
64.753
58.957
58.8935
54.2714
54.2207
50.406
50.3623
46.9606
46.9208
43.7685
43.7312
40.771
40.7359
37.9427
37.9095
35.2664
35.235
32.7271
32.6972
30.3101
30.2816
28.002
27.9747
25.7958
25.7698
23.7096
23.6854
21.827
21.806
20.2603
20.2434
18.9571
18.9423
17.7834
17.7697
16.6754
16.6624
15.6154
15.6029
14.5989
14.5869
13.6243
13.6127
12.6897
12.6787
11.7926
11.782
10.93
10.9198
10.1
10.0902
9.30645
9.29715
8.57213
8.56381
7.94167
7.93478
7.41759
7.4117
6.95133
6.94589
6.51224
6.50705
6.09096
6.08596
5.68524
5.68043
5.29443
5.2898
4.91788
4.91341
4.55466
4.55035
4.20372
4.19955
3.86442
3.86039
3.53844
3.53461
3.23345
3.22994
2.70417
2.69651
2.19992
2.19496
1.84829
1.84465
1.58169
1.57884
1.36903
1.36674
1.1945
1.19259
1.04719
1.04553
0.92182
0.920443
0.817088
0.815894
0.722816
0.721732
0.637882
0.636919
0.561954
-1.69728
-1.81623
-1.82918
-1.95242
-1.96585
-2.09366
-2.1076
-2.24018
-2.25463
-2.39218
-2.40719
-2.55048
-2.5662
-2.7184
-2.73545
-2.90674
-2.92671
-3.13239
-3.15635
-3.39394
-3.42051
-3.67585
-3.70382
-3.9703
-3.99935
-4.27593
-4.30608
-4.59335
-4.6247
-4.92353
-4.95616
-5.26727
-5.30125
-5.62513
-5.66049
-5.99753
-6.03434
-6.38581
-6.42434
-6.7958
-6.8372
-7.24901
-7.29667
-7.78999
-7.84816
-8.43483
-8.50129
-9.14496
-9.21579
-9.89197
-9.9658
-10.669
-10.7457
-11.4769
-11.5568
-12.3183
-12.4015
-13.1956
-13.2824
-14.1107
-14.2012
-15.0648
-15.1591
-16.0605
-16.1592
-17.1087
-17.214
-18.2515
-18.3705
-19.5978
-19.7435
-21.2374
-21.4094
-23.0929
-23.2795
-25.0684
-25.2643
-27.1341
-27.3386
-29.2914
-29.5051
-31.5497
-31.7738
-33.9202
-34.1557
-36.4135
-36.6614
-39.0403
-39.3018
-41.8152
-42.0921
-44.7712
-45.0693
-48.0104
-48.3468
-51.8151
-52.2292
-56.5644
-57.0756
-62.2072
-62.7888
-68.4791
-69.1149
-75.324
-76.0189
-82.8403
-83.6087
-91.2071
-92.0695
-100.673
-101.658
-111.577
-112.723
-124.396
-125.761
-139.847
-141.519
-159.121
-161.258
-184.562
-187.507
-221.656
-226.237
-280.262
-287.283
-365.995
-376.04
-486.381
-499.347
-596.133
-601.716
-606.811
-602.505
-512.422
-496.628
-290.364
-264.349
-20.2138
5.71984
249.773
275.75
481.607
497.377
587.237
591.543
586.629
580.977
485.261
472.444
364.49
354.759
279.843
273.252
222.655
218.327
185.322
182.409
159.033
156.869
138.938
137.233
122.844
121.45
109.534
108.364
98.2451
97.2401
88.4565
87.5751
79.8024
79.0159
72.0425
71.3349
65.1043
64.4818
59.1809
58.6726
54.4493
54.0446
50.5591
50.2101
47.1006
46.7814
43.8993
43.6007
40.8942
40.613
38.0592
37.7934
35.3767
35.125
32.832
32.5927
30.4101
30.1819
28.0975
27.8794
25.8869
25.6789
23.7946
23.6008
21.9006
21.7331
20.3201
20.1841
19.0088
18.8909
17.8315
17.7218
16.7213
16.6166
15.6593
15.559
14.641
14.5448
13.6647
13.5724
12.7285
12.64
11.8299
11.7449
10.9658
10.8841
10.1344
10.0558
9.33909
9.26466
8.60139
8.53479
7.9659
7.91081
7.43826
7.39117
6.97039
6.9269
6.53042
6.4889
6.10846
6.0685
5.7021
5.66361
5.31067
5.2736
4.93353
4.89779
4.56977
4.53528
4.21833
4.18497
3.87852
3.84631
3.55188
3.52121
3.24578
3.21767
2.73134
2.67017
2.21744
2.17778
1.86111
1.83203
1.59174
1.56891
1.37708
1.35876
1.20125
1.18592
1.05301
1.03976
0.926665
0.915648
0.821276
0.811727
0.726619
0.71795
0.641265
0.633559
0.564974
-1.71113
-1.72914
-1.74723
-1.76537
-1.78363
-1.80199
-1.84352
-1.86217
-1.88091
-1.89971
-1.91864
-1.93766
-1.98072
-2.00006
-2.0195
-2.03899
-2.05862
-2.07835
-2.12302
-2.14308
-2.16324
-2.18346
-2.20383
-2.2243
-2.27063
-2.29144
-2.31235
-2.33332
-2.35445
-2.37569
-2.42381
-2.44544
-2.46719
-2.48903
-2.51106
-2.53324
-2.58365
-2.6064
-2.62938
-2.65255
-2.67602
-2.69981
-2.75449
-2.77954
-2.80506
-2.83108
-2.85778
-2.88512
-2.94921
-2.97903
-3.00966
-3.04107
-3.0733
-3.10633
-3.18316
-3.21844
-3.25432
-3.29065
-3.32753
-3.36484
-3.45001
-3.4885
-3.52727
-3.56624
-3.60556
-3.64513
-3.7348
-3.7751
-3.81563
-3.85627
-3.89721
-3.93836
-4.03152
-4.07337
-4.11542
-4.15759
-4.20008
-4.24279
-4.33948
-4.38292
-4.42658
-4.47039
-4.51453
-4.55891
-4.65942
-4.70459
-4.75001
-4.79558
-4.8415
-4.88768
-4.9923
-5.03932
-5.08661
-5.13406
-5.18187
-5.22995
-5.33888
-5.38784
-5.43707
-5.48646
-5.53623
-5.58628
-5.69965
-5.7506
-5.80182
-5.85322
-5.90502
-5.9571
-6.07511
-6.12817
-6.18153
-6.23511
-6.28915
-6.34354
-6.46705
-6.52274
-6.57894
-6.63551
-6.69277
-6.75062
-6.88332
-6.94383
-7.00535
-7.06789
-7.13188
-7.19733
-7.35031
-7.42147
-7.49463
-7.56978
-7.64729
-7.72697
-7.91351
-7.99994
-8.08808
-8.1778
-8.26927
-8.36218
-8.5753
-8.67197
-8.76959
-8.86787
-8.96716
-9.0672
-9.29429
-9.39647
-9.49925
-9.60239
-9.70634
-9.81086
-10.0476
-10.1539
-10.2608
-10.3681
-10.4761
-10.5847
-10.8307
-10.9412
-11.0524
-11.1639
-11.2762
-11.3892
-11.6452
-11.7603
-11.876
-11.9921
-12.1092
-12.2269
-12.4937
-12.6137
-12.7343
-12.8554
-12.9775
-13.1003
-13.3786
-13.5037
-13.6296
-13.7559
-13.8832
-14.0113
-14.3014
-14.4319
-14.5631
-14.6948
-14.8276
-14.9611
-15.2637
-15.3998
-15.5366
-15.6741
-15.8127
-15.9521
-16.2687
-16.4113
-16.5551
-16.6997
-16.846
-16.9936
-17.331
-17.4844
-17.64
-17.7977
-17.9586
-18.1225
-18.5042
-18.6811
-18.8629
-19.0497
-19.2421
-19.4405
-19.9077
-20.1254
-20.3488
-20.5774
-20.8112
-21.0499
-21.6014
-21.8529
-22.1077
-22.3649
-22.6253
-22.8883
-23.4865
-23.7564
-24.0281
-24.301
-24.5763
-24.8533
-25.4813
-25.7637
-26.0478
-26.333
-26.6204
-26.9094
-27.5653
-27.8599
-28.1563
-28.4545
-28.7545
-29.0565
-29.7422
-30.0504
-30.3607
-30.6728
-30.9871
-31.3035
-32.0225
-32.3458
-32.6714
-32.9991
-33.3291
-33.6615
-34.4171
-34.757
-35.0994
-35.4441
-35.7914
-36.1412
-36.9366
-37.2947
-37.6553
-38.0185
-38.3845
-38.7532
-39.5921
-39.9699
-40.3507
-40.7344
-41.1212
-41.5112
-42.4
-42.8011
-43.2059
-43.6146
-44.0276
-44.4449
-45.4015
-45.8361
-46.2768
-46.7245
-47.1804
-47.6446
-48.7245
-49.2239
-49.7369
-50.2647
-50.8078
-51.3688
-52.6973
-53.3204
-53.9636
-54.6263
-55.3082
-56.0099
-57.65
-58.4062
-59.1775
-59.9623
-60.7609
-61.5719
-63.4373
-64.2852
-65.1439
-66.013
-66.8928
-67.7831
-69.8233
-70.7486
-71.685
-72.6326
-73.5922
-74.5639
-76.7936
-77.8067
-78.8337
-79.8745
-80.9302
-82.0011
-84.4663
-85.59
-86.7313
-87.8902
-89.0686
-90.2666
-93.0338
-94.3
-95.589
-96.9012
-98.2381
-99.6005
-102.761
-104.213
-105.695
-107.207
-108.752
-110.331
-114.01
-115.708
-117.446
-119.225
-121.048
-122.918
-127.297
-129.329
-131.416
-133.562
-135.771
-138.043
-143.407
-145.916
-148.507
-151.184
-153.957
-156.829
-163.685
-166.935
-170.319
-173.855
-177.552
-181.428
-190.889
-195.485
-200.336
-205.494
-210.988
-216.85
-231.554
-238.818
-246.575
-254.823
-263.567
-272.791
-295.315
-306.165
-317.563
-329.523
-342.074
-355.293
-387.572
-403.079
-419.38
-436.341
-454.018
-472.148
-513.568
-531.412
-548.271
-563.694
-577.254
-588.693
-606.75
-611.379
-614.027
-614.734
-613.561
-610.481
-596.645
-587.304
-575.944
-562.336
-546.509
-528.34
-477.517
-450.526
-420.781
-388.631
-354.405
-318.763
-235.442
-197.959
-160.495
-123.15
-85.9635
-48.8378
34.3494
71.4179
108.586
145.914
183.368
220.932
304.012
339.623
373.768
406.033
435.738
462.644
513.242
531.396
547.168
560.708
572.079
581.39
595.221
598.264
599.451
598.734
596.126
591.572
573.515
562.224
548.815
533.583
516.941
499.107
458.384
440.534
423.244
406.564
390.671
375.628
344.465
331.777
319.783
308.424
297.632
287.401
266.258
257.634
249.476
241.76
234.492
227.658
213.765
208.16
202.886
197.887
193.15
188.653
179.298
175.435
171.73
168.183
164.772
161.488
154.541
151.621
148.798
146.068
143.425
140.865
135.389
133.069
130.814
128.622
126.489
124.412
119.94
118.031
116.169
114.354
112.58
110.847
107.093
105.483
103.906
102.364
100.852
99.3706
96.1463
94.7559
93.3912
92.0516
90.7354
89.442
86.6138
85.3891
84.184
82.9984
81.8305
80.6803
78.1568
77.0606
75.9804
74.9159
73.8666
72.8322
70.5626
69.5778
68.6088
67.6561
66.7205
65.8022
63.8061
62.9511
62.1176
61.3067
60.5192
59.7553
58.1253
57.4386
56.7744
56.1318
55.5089
54.9048
53.6068
53.0527
52.5107
51.98
51.4596
50.9487
49.8291
49.3424
48.8622
48.3879
47.9192
47.4557
46.4315
45.9831
45.5391
45.0992
44.6631
44.2309
43.2732
42.853
42.4363
42.0231
41.6132
41.2065
40.3044
39.9082
39.5151
39.1252
38.7382
38.3542
37.5016
37.127
36.7552
36.3862
36.0198
35.6562
34.8484
34.4933
34.1406
33.7905
33.4428
33.0975
32.3298
31.992
31.6565
31.3233
30.9921
30.6631
29.9312
29.6089
29.2885
28.9703
28.6539
28.3394
27.6396
27.3313
27.025
26.7207
26.4183
26.1179
25.4504
25.1572
24.8661
24.5785
24.2928
24.0105
23.3892
23.1191
22.8534
22.5935
22.3384
22.089
21.5518
21.3231
21.1011
20.886
20.6767
20.4732
20.0366
19.8497
19.6672
19.4888
19.3131
19.1404
18.7619
18.5968
18.4335
18.2722
18.1121
17.9533
17.6013
17.4464
17.2926
17.1401
16.9882
16.8372
16.5017
16.3537
16.2065
16.0605
15.915
15.7704
15.4488
15.3069
15.1657
15.0258
14.8863
14.7476
14.4391
14.303
14.1677
14.0335
13.8998
13.7668
13.4711
13.3407
13.2109
13.0822
12.954
12.8265
12.5428
12.4176
12.2931
12.1696
12.0464
11.924
11.6515
11.5311
11.4114
11.2927
11.1742
11.0564
10.7942
10.6784
10.5632
10.4488
10.3349
10.2215
9.96947
9.85832
9.74791
9.6385
9.5297
9.42178
9.1832
9.0788
8.97572
8.87434
8.77423
8.67603
8.46255
8.37099
8.28166
8.19489
8.11028
8.02793
7.85116
7.7758
7.70219
7.63039
7.55998
7.49083
7.33979
7.27406
7.20919
7.14514
7.08159
7.01865
6.8792
6.81783
6.75686
6.69644
6.63624
6.5764
6.44328
6.38452
6.32608
6.26807
6.21023
6.1527
6.02459
5.96801
5.91172
5.85585
5.80014
5.74471
5.62132
5.56682
5.5126
5.45877
5.4051
5.35171
5.23286
5.18035
5.12811
5.07625
5.02454
4.97309
4.85852
4.8079
4.75752
4.7075
4.65761
4.60796
4.49735
4.44846
4.3998
4.35146
4.30325
4.25525
4.1483
4.10101
4.05394
4.0072
3.96058
3.91419
3.81092
3.76532
3.72
3.67506
3.63033
3.58593
3.48761
3.4445
3.40187
3.35982
3.31821
3.27712
3.1869
3.14741
3.10828
3.01594
2.90399
2.80289
2.60665
2.52929
2.45629
2.38803
2.324
2.2628
2.13539
2.08291
2.03234
1.98442
1.93845
1.89416
1.80091
1.76178
1.72355
1.68668
1.65154
1.61745
1.54423
1.5131
1.48288
1.45366
1.42531
1.39782
1.33885
1.31356
1.28887
1.26484
1.24137
1.2185
1.16912
1.14762
1.12672
1.10696
1.08744
1.06788
1.02537
1.00725
0.989556
0.972326
0.955481
0.93906
0.903735
0.888688
0.874154
0.859919
0.845827
0.831908
0.801292
0.787937
0.774755
0.761776
0.748941
0.73628
0.708487
0.696389
0.684465
0.67274
0.661199
0.649876
0.625171
0.614486
0.603913
0.593523
0.583036
0.572623
