-1.69959
-1.83151
-1.96858
-2.11114
-2.2596
-2.41462
-2.57772
-2.75296
-2.94931
-3.1769
-3.43476
-3.71332
-4.00648
-4.31245
-4.63133
-4.96388
-5.31097
-5.67357
-6.05307
-6.45255
-6.88011
-7.35547
-7.90795
-8.54549
-9.24552
-9.98771
-10.7647
-11.5759
-12.4232
-13.3089
-14.2357
-15.2072
-16.2299
-17.3209
-18.5236
-19.916
-21.5481
-23.3752
-25.3345
-27.3985
-29.5645
-31.8398
-34.2348
-36.7621
-39.4378
-42.2863
-45.3584
-48.77
-52.7502
-57.5363
-63.1157
-69.348
-76.2039
-83.7731
-92.2264
-101.813
-112.88
-125.931
-141.728
-161.553
-187.82
-225.211
-280.166
-356.258
-450.899
-524.473
-521.49
-426.848
-238.154
-7.24458
223.709
412.089
506.803
509.941
437.742
345.485
272.698
220.731
184.727
158.76
138.824
122.829
109.589
98.35
88.6092
80.0179
72.362
65.5763
59.7592
54.9521
50.9105
47.3359
44.0623
41.0136
38.1519
35.4531
32.8994
30.4758
28.1714
25.9845
23.9355
22.0856
20.4971
19.1369
17.9162
16.7782
15.6996
14.6713
13.6889
12.7494
11.8499
10.9881
10.1637
9.38229
8.66247
8.03098
7.48792
7.00302
6.55166
6.12288
5.7125
5.31876
4.94048
4.57667
4.22655
3.89009
3.56931
3.26922
2.74905
2.23261
1.87168
1.59802
1.38036
1.20223
1.05368
0.926382
0.820347
0.725241
0.640158
0.563548
-1.70037
-1.8307
-1.83232
-1.96773
-1.96942
-2.11026
-2.11202
-2.25868
-2.26052
-2.41366
-2.41558
-2.5767
-2.57874
-2.75185
-2.75407
-2.94803
-2.95058
-3.17542
-3.17837
-3.43313
-3.43639
-3.71158
-3.71505
-4.00467
-4.0083
-4.31056
-4.31433
-4.62936
-4.6333
-4.96183
-4.96593
-5.30883
-5.31311
-5.67133
-5.67581
-6.05073
-6.05543
-6.45006
-6.45503
-6.87741
-6.88281
-7.35239
-7.35855
-7.90434
-7.91156
-8.54142
-8.54956
-9.24114
-9.24989
-9.98312
-9.99231
-10.7599
-10.7695
-11.5709
-11.5809
-12.4179
-12.4284
-13.3034
-13.3143
-14.23
-14.2415
-15.2012
-15.2132
-16.2235
-16.2362
-17.3141
-17.3278
-18.5159
-18.5314
-19.9069
-19.9252
-21.5376
-21.5586
-23.3637
-23.3867
-25.3223
-25.3466
-27.3857
-27.4113
-29.5511
-29.5779
-31.8257
-31.8539
-34.2199
-34.2497
-36.7464
-36.7778
-39.4211
-39.4544
-42.2685
-42.3042
-45.339
-45.3778
-48.7479
-48.792
-52.7239
-52.7765
-57.5049
-57.5678
-63.0799
-63.1515
-69.3085
-69.3875
-76.1605
-76.2474
-83.7249
-83.8213
-92.1722
-92.2807
-101.751
-101.875
-112.808
-112.952
-125.844
-126.017
-141.622
-141.834
-161.417
-161.689
-187.635
-188.006
-224.938
-225.485
-279.772
-280.561
-355.73
-356.787
-450.324
-451.473
-524.228
-524.714
-521.772
-521.205
-427.717
-425.974
-239.49
-236.817
-8.66084
-5.82826
222.372
225.043
411.216
412.958
506.513
507.091
510.178
509.702
438.312
437.171
345.997
344.974
273.071
272.326
220.991
220.472
184.909
184.546
158.896
158.624
138.931
138.717
122.917
122.742
109.662
109.516
98.413
98.2871
88.6644
88.5542
80.0669
79.969
72.4057
72.3184
65.6145
65.538
59.7912
59.7272
54.9785
54.9257
50.9333
50.8877
47.3565
47.3153
44.0813
44.0433
41.0314
40.9958
38.1687
38.1351
35.4689
35.4372
32.9144
32.8843
30.4901
30.4615
28.185
28.1578
25.9973
25.9716
23.9474
23.9237
22.096
22.0752
20.5059
20.4883
19.1446
19.1292
17.9233
17.9091
16.7849
16.7715
15.7059
15.6932
14.6774
14.6652
13.6947
13.6831
12.7549
12.7438
11.8552
11.8446
10.9932
10.983
10.1686
10.1588
9.38686
9.37774
8.66658
8.65837
8.03452
8.02746
7.491
7.48485
7.00583
7.00021
6.55432
6.54901
6.12541
6.12034
5.71493
5.71007
5.32109
5.31643
4.94272
4.93824
4.57883
4.57451
4.22863
4.22447
3.89208
3.8881
3.57119
3.56743
3.27096
3.26748
2.75292
2.74519
2.23517
2.23006
1.87355
1.86982
1.59948
1.59656
1.38153
1.37919
1.20321
1.20126
1.05451
1.05284
0.927084
0.925682
0.82095
0.819745
0.725786
0.724696
0.640641
0.639675
0.563978
-1.70585
-1.82502
-1.83801
-1.96183
-1.97534
-2.10411
-2.11817
-2.25228
-2.26694
-2.40696
-2.4223
-2.56961
-2.58586
-2.7441
-2.76187
-2.93913
-2.95955
-3.16514
-3.18873
-3.42174
-3.44782
-3.69948
-3.72718
-3.99202
-4.02098
-4.29736
-4.32756
-4.61561
-4.64708
-4.94748
-4.98031
-5.29385
-5.32813
-5.65567
-5.69151
-6.03431
-6.0719
-6.43269
-6.47247
-6.85856
-6.90175
-7.33094
-7.38019
-7.87919
-7.93692
-8.51302
-8.57811
-9.2106
-9.28053
-9.95101
-10.0245
-10.7263
-10.8031
-11.5359
-11.616
-12.3813
-12.4651
-13.2651
-13.3527
-14.1899
-14.2816
-15.1591
-15.2553
-16.1791
-16.2809
-17.2661
-17.376
-18.4618
-18.5859
-19.8432
-19.9894
-21.4642
-21.6325
-23.2835
-23.4672
-25.2372
-25.4319
-27.2964
-27.5008
-29.4574
-29.6719
-31.7272
-31.9527
-34.1161
-34.3538
-36.6367
-36.8879
-39.3047
-39.5712
-42.1441
-42.4291
-45.2034
-45.5142
-48.5942
-48.9469
-52.5407
-52.9618
-57.2855
-57.789
-62.8301
-63.4028
-69.0326
-69.6647
-75.8572
-76.5523
-83.3885
-84.1597
-91.7938
-92.6616
-101.319
-102.31
-112.304
-113.46
-125.245
-126.623
-140.885
-142.581
-160.473
-162.648
-186.339
-189.32
-223.045
-227.42
-277.039
-283.346
-352.054
-360.509
-446.3
-455.507
-522.425
-526.315
-523.654
-519.116
-433.722
-419.722
-248.811
-227.424
-18.5729
4.08769
212.966
234.329
405.002
418.951
504.381
509.006
511.759
507.952
442.285
433.158
349.602
341.443
275.703
269.745
222.825
218.673
186.191
183.287
159.856
157.68
139.685
137.973
123.532
122.133
110.178
109.004
98.8555
97.8482
89.0514
88.1698
80.4105
79.6275
72.7123
72.0138
65.8833
65.2715
60.0164
59.5043
55.164
54.7421
51.0933
50.7287
47.501
47.1716
44.215
43.9101
41.1565
40.8712
38.2863
38.0178
35.58
35.3264
33.0197
32.7793
30.5902
30.3617
28.2802
28.0629
26.0873
25.882
24.0306
23.8409
22.1693
22.0026
20.568
20.4268
19.1988
19.0753
17.973
17.8595
16.8317
16.7248
15.7505
15.6488
14.7199
14.6228
13.7354
13.6425
12.7939
12.705
11.8925
11.8074
11.0289
10.9474
10.2027
10.1249
9.41886
9.34588
8.69541
8.62975
8.05932
8.00287
7.51258
7.46337
7.02556
6.98056
6.57292
6.53046
6.14316
6.10263
5.73195
5.6931
5.33743
5.30013
4.95843
4.92257
4.59394
4.55944
4.24316
4.20997
3.90602
3.87419
3.58439
3.55428
3.28316
3.25535
2.7803
2.71845
2.25321
2.21234
1.8867
1.85682
1.60978
1.58637
1.38977
1.37102
1.21008
1.19447
1.06039
1.04702
0.932016
0.920801
0.825178
0.815538
0.729615
0.720891
0.644033
0.636306
0.56699
-1.71971
-1.73774
-1.75585
-1.77402
-1.79233
-1.81073
-1.85241
-1.87113
-1.88995
-1.90883
-1.92786
-1.94698
-1.9903
-2.00977
-2.02934
-2.04898
-2.06877
-2.08867
-2.13375
-2.15401
-2.17439
-2.19484
-2.21545
-2.23618
-2.28317
-2.30431
-2.32557
-2.34692
-2.36845
-2.39012
-2.4393
-2.46146
-2.48379
-2.50624
-2.52892
-2.5518
-2.60392
-2.62753
-2.65139
-2.67548
-2.69993
-2.72472
-2.7817
-2.80778
-2.8343
-2.86129
-2.88886
-2.91698
-2.98239
-3.01252
-3.04329
-3.07466
-3.10674
-3.13946
-3.21511
-3.24975
-3.2849
-3.32049
-3.35662
-3.3932
-3.4768
-3.51462
-3.55279
-3.59119
-3.62999
-3.66909
-3.75788
-3.79786
-3.83809
-3.87849
-3.91922
-3.9602
-4.05307
-4.09484
-4.13685
-4.17899
-4.22147
-4.26419
-4.361
-4.40453
-4.4483
-4.49222
-4.5365
-4.58104
-4.68195
-4.72733
-4.77297
-4.81878
-4.86496
-4.91141
-5.01669
-5.06405
-5.11168
-5.15949
-5.20769
-5.25619
-5.36613
-5.41558
-5.46533
-5.51528
-5.56563
-5.61631
-5.73124
-5.78295
-5.835
-5.88726
-5.93999
-5.99307
-6.11356
-6.16785
-6.22254
-6.27753
-6.33307
-6.38908
-6.51665
-6.57434
-6.63262
-6.69144
-6.75106
-6.8114
-6.94994
-7.01322
-7.07753
-7.14284
-7.20946
-7.27749
-7.4354
-7.50833
-7.5828
-7.65879
-7.73676
-7.81647
-8.00157
-8.08664
-8.17332
-8.26134
-8.35094
-8.44192
-8.65058
-8.74536
-8.84116
-8.93771
-9.03537
-9.13392
-9.3581
-9.45918
-9.56098
-9.66328
-9.76647
-9.87033
-10.1059
-10.2119
-10.3185
-10.4256
-10.5335
-10.642
-10.8882
-10.9988
-11.1101
-11.2219
-11.3346
-11.4479
-11.7048
-11.8204
-11.9366
-12.0533
-12.171
-12.2894
-12.5579
-12.6786
-12.8001
-12.9222
-13.0452
-13.169
-13.4498
-13.5761
-13.7033
-13.8309
-13.9597
-14.0893
-14.3833
-14.5156
-14.6488
-14.7826
-14.9176
-15.0535
-15.3621
-15.5011
-15.6412
-15.782
-15.9242
-16.0675
-16.3939
-16.5413
-16.6902
-16.8403
-16.9923
-17.146
-17.4984
-17.6588
-17.8218
-17.987
-18.1554
-18.327
-18.7248
-18.9082
-19.0958
-19.2873
-19.4836
-19.6846
-20.1536
-20.3699
-20.5911
-20.8162
-21.0462
-21.2805
-21.8204
-22.0666
-22.3163
-22.5684
-22.824
-23.0822
-23.6713
-23.9375
-24.2061
-24.4761
-24.7488
-25.0236
-25.6477
-25.9289
-26.2119
-26.4963
-26.7831
-27.0718
-27.7276
-28.0224
-28.3193
-28.6181
-28.9189
-29.2217
-29.91
-30.2196
-30.5313
-30.8451
-31.1611
-31.4794
-32.2031
-32.5288
-32.8568
-33.1871
-33.5198
-33.855
-34.6177
-34.9611
-35.3071
-35.6556
-36.0069
-36.3609
-37.1669
-37.53
-37.896
-38.265
-38.6371
-39.0122
-39.8673
-40.2531
-40.6423
-41.0349
-41.4314
-41.8317
-42.7462
-43.1599
-43.5784
-44.0017
-44.4301
-44.8639
-45.861
-46.3153
-46.7766
-47.2457
-47.7234
-48.2107
-49.3428
-49.8642
-50.3988
-50.946
-51.5078
-52.0843
-53.4358
-54.0637
-54.7082
-55.3688
-56.0459
-56.7388
-58.3536
-59.0962
-59.8533
-60.6238
-61.4079
-62.205
-64.0418
-64.8784
-65.7269
-66.5867
-67.4584
-68.3415
-70.3693
-71.2905
-72.2236
-73.1688
-74.1268
-75.0973
-77.3275
-78.3417
-79.3705
-80.4137
-81.4723
-82.5465
-85.0207
-86.1491
-87.2955
-88.4601
-89.6443
-90.8481
-93.6314
-94.9052
-96.2016
-97.5227
-98.8682
-100.24
-103.422
-104.884
-106.376
-107.901
-109.458
-111.049
-114.759
-116.472
-118.226
-120.021
-121.862
-123.751
-128.176
-130.233
-132.344
-134.516
-136.754
-139.055
-144.496
-147.044
-149.675
-152.399
-155.22
-158.141
-165.119
-168.428
-171.879
-175.477
-179.236
-183.169
-192.729
-197.331
-202.185
-207.306
-212.705
-218.412
-232.453
-239.262
-246.438
-254.008
-261.981
-270.322
-290.539
-300.183
-310.244
-320.733
-331.628
-342.985
-370.044
-382.772
-395.748
-408.999
-422.493
-435.892
-465.523
-477.81
-489.394
-499.923
-509.216
-517.223
-529.651
-532.488
-533.797
-533.502
-531.502
-527.725
-513.13
-503.771
-492.679
-479.703
-464.851
-448.065
-403.168
-380.167
-355.348
-328.996
-301.029
-272.051
-203.433
-171.9
-140.106
-108.079
-75.8557
-43.5685
29.1185
61.4152
93.6151
125.614
157.387
188.898
257.382
286.478
314.348
340.735
365.544
388.513
433.297
450.104
464.961
477.909
488.997
498.326
513.1
516.801
518.829
519.282
518.073
515.154
502.954
495.188
485.969
475.535
464.28
452.07
423.035
409.869
396.738
383.82
371.15
358.859
332.724
321.821
311.357
301.315
291.702
282.526
263.396
255.513
247.978
240.809
234.032
227.595
214.261
208.791
203.607
198.684
193.995
189.511
180.18
176.314
172.6
169.038
165.614
162.32
155.343
152.41
149.58
146.839
144.187
141.618
136.122
133.794
131.53
129.328
127.19
125.106
120.619
118.705
116.836
115.013
113.234
111.495
107.73
106.114
104.533
102.986
101.47
99.9845
96.7523
95.3594
93.9917
92.65
91.3323
90.0373
87.2086
85.9842
84.7808
83.5969
82.4318
81.2851
78.7732
77.6837
76.6111
75.5555
74.5161
73.4928
71.252
70.2816
69.3278
68.3913
67.4714
66.569
64.6071
63.765
62.9423
62.1391
61.356
60.5929
58.95
58.2513
57.5717
56.9101
56.2664
55.6385
54.2837
53.7038
53.136
52.5803
52.0356
51.5004
50.331
49.8239
49.3248
48.8325
48.3471
47.8679
46.811
46.3497
45.8936
45.4426
44.9958
44.5539
43.5761
43.1478
42.7235
42.3031
41.8865
41.4735
40.5583
40.1568
39.7588
39.3642
38.9727
38.5845
37.7231
37.3449
36.9697
36.5976
36.2282
35.8617
35.0479
34.6904
34.3355
33.9833
33.6336
33.2865
32.5153
32.1762
31.8395
31.5052
31.1732
30.8436
30.1108
29.7885
29.4684
29.1505
28.8348
28.5212
27.8244
27.518
27.2139
26.9121
26.6126
26.3155
25.6566
25.3678
25.0816
24.799
24.5188
24.2421
23.6337
23.3691
23.1087
22.8535
22.6023
22.3561
21.8217
21.5921
21.3678
21.1494
20.9354
20.7263
20.2736
20.0789
19.888
19.7012
19.5172
19.3365
18.9406
18.7681
18.5977
18.4299
18.2635
18.099
17.7352
17.5756
17.4173
17.2606
17.1049
16.9503
16.6075
16.4565
16.3066
16.1581
16.0102
15.8633
15.537
15.3933
15.2504
15.1088
14.9677
14.8276
14.5161
14.3788
14.2423
14.107
13.9722
13.8383
13.5406
13.4093
13.2788
13.1494
13.0205
12.8923
12.6074
12.4818
12.3568
12.2329
12.1095
11.9868
11.7139
11.5935
11.4738
11.3551
11.2368
11.1192
10.8578
10.7426
10.628
10.5144
10.4012
10.2889
10.0395
9.92972
9.82082
9.71307
9.60602
9.50001
9.26602
9.16376
9.06278
8.96338
8.86527
8.7688
8.5583
8.46743
8.37836
8.2913
8.20599
8.12253
7.94161
7.8638
7.78751
7.71295
7.63954
7.56745
7.40974
7.34121
7.27357
7.20691
7.14084
7.07554
6.9313
6.86799
6.80522
6.74309
6.68131
6.61999
6.48389
6.42394
6.36437
6.30532
6.24651
6.18806
6.05813
6.0008
5.94382
5.8873
5.83098
5.77498
5.65042
5.59545
5.54079
5.48655
5.4325
5.37875
5.25915
5.20635
5.15384
5.10173
5.04979
4.99814
4.88317
4.83241
4.78192
4.7318
4.68184
4.63215
4.52153
4.47267
4.42408
4.37584
4.32775
4.27993
4.17349
4.1265
4.07977
4.03341
3.98721
3.9413
3.83925
3.79427
3.74963
3.7054
3.66143
3.61781
3.52129
3.47894
3.43703
3.39568
3.35468
3.31414
3.22491
3.18596
3.14756
3.05955
2.95246
2.85237
2.65324
2.57396
2.4994
2.42906
2.36263
2.2998
2.16884
2.11497
2.06322
2.01365
1.96606
1.92053
1.82458
1.78398
1.74487
1.7072
1.67101
1.63611
1.56108
1.52914
1.49811
1.46805
1.43891
1.4108
1.35068
1.32489
1.2997
1.27517
1.25112
1.22769
1.17739
1.15572
1.13464
1.11464
1.09495
1.07538
1.0325
1.01408
0.99607
0.978517
0.96134
0.944628
0.90867
0.893341
0.878546
0.864182
0.849959
0.835911
0.805002
0.791517
0.778205
0.765095
0.752127
0.73935
0.711379
0.699239
0.687296
0.675574
0.664024
0.652669
0.627861
0.617021
0.60623
0.595511
0.584948
0.574616
