-2.77695
-3.36802
-4.11617
-4.94157
-5.8547
-6.87444
-8.27091
-10.1498
-12.2397
-14.5603
-17.1505
-20.5638
-25.4513
-30.9988
-37.2582
-44.4281
-53.8418
-68.684
-87.7355
-113.538
-153.536
-237.31
-467.43
-562.161
-7.18922
547.007
452.995
232.981
151.252
110.386
84.0224
64.6456
51.8757
43.2745
35.9873
29.6186
23.9701
19.6522
16.6654
14.0328
11.6641
9.52241
7.77402
6.57063
5.51488
4.55336
3.67322
2.61806
1.64998
1.14904
-2.77806
-3.36637
-3.36967
-4.11432
-4.11802
-4.93953
-4.94361
-5.85245
-5.85696
-6.87183
-6.87705
-8.26685
-8.27497
-10.1452
-10.1545
-12.2345
-12.2449
-14.5545
-14.566
-17.1439
-17.157
-20.5536
-20.574
-25.439
-25.4636
-30.985
-31.0126
-37.2425
-37.2738
-44.4098
-44.4464
-53.8132
-53.8704
-68.6443
-68.7237
-87.6846
-87.7865
-113.465
-113.611
-153.413
-153.66
-236.987
-237.634
-466.66
-468.2
-562.694
-561.624
-8.77803
-5.60034
546.467
547.543
453.754
452.236
233.285
232.678
151.377
151.127
110.46
110.311
84.0746
83.9702
64.6845
64.6066
51.8985
51.8529
43.293
43.2561
36.0033
35.9714
29.6327
29.6046
23.9825
23.9578
19.6601
19.6444
16.672
16.6589
14.0387
14.027
11.6694
11.6589
9.52717
9.51765
7.77728
7.77076
6.57323
6.56803
5.51725
5.51252
4.55552
4.5512
3.67518
3.67125
2.62164
2.61449
1.65148
1.64847
1.14994
-2.78996
-3.34868
-3.38746
-4.0945
-4.1379
-4.91764
-4.96556
-5.82824
-5.88125
-6.84389
-6.90523
-8.22342
-8.31876
-10.095
-10.2048
-12.179
-12.3005
-14.4929
-14.6279
-17.0739
-17.2276
-20.445
-20.684
-25.3066
-25.5965
-30.8368
-31.1612
-37.0742
-37.4428
-44.2141
-44.6436
-53.5092
-54.1801
-68.2191
-69.1517
-87.1393
-88.3368
-112.687
-114.4
-152.102
-154.996
-233.558
-241.17
-458.412
-476.521
-568.199
-555.588
-25.855
11.4863
540.41
553.001
461.903
444.066
236.602
229.472
152.738
149.792
111.266
109.516
84.6383
83.4116
65.1053
64.1908
52.1451
51.6091
43.4913
43.0587
36.1751
35.8003
29.7843
29.4535
24.1153
23.8258
19.745
19.5603
16.7421
16.5889
14.1018
13.964
11.7264
11.6021
9.5784
9.46663
7.81252
7.73601
6.60124
6.54013
5.54272
5.48712
4.57877
4.52802
3.69637
3.65015
2.66102
2.57689
1.6678
1.63239
1.15978
-2.83745
-2.91395
-2.99646
-3.08559
-3.18067
-3.28074
-3.45746
-3.56587
-3.67628
-3.78853
-3.90233
-4.01775
-4.21577
-4.3356
-4.45716
-4.58062
-4.70585
-4.83299
-5.05156
-5.18403
-5.31855
-5.45522
-5.59386
-5.73457
-5.97637
-6.1229
-6.27178
-6.42342
-6.57812
-6.73679
-7.01716
-7.19546
-7.38642
-7.59333
-7.81734
-8.05773
-8.49192
-8.76228
-9.03937
-9.32206
-9.6093
-9.90093
-10.4018
-10.705
-11.0127
-11.3252
-11.6424
-11.9645
-12.5186
-12.8547
-13.1962
-13.5436
-13.8961
-14.2543
-14.8703
-15.2439
-15.6235
-16.0097
-16.4028
-16.8043
-17.5062
-17.9452
-18.4089
-18.9067
-19.4466
-20.0336
-21.1222
-21.8156
-22.5343
-23.273
-24.0269
-24.7947
-26.1169
-26.9192
-27.7345
-28.5636
-29.4068
-30.2647
-31.7441
-32.6449
-33.5628
-34.4984
-35.4521
-36.4247
-38.1055
-39.1312
-40.1781
-41.2475
-42.3409
-43.4612
-45.4217
-46.6435
-47.9254
-49.2887
-50.7604
-52.3682
-55.4273
-57.4435
-59.5858
-61.8317
-64.1675
-66.586
-70.8402
-73.481
-76.214
-79.048
-81.9903
-85.054
-90.5191
-93.9723
-97.6004
-101.422
-105.457
-109.732
-117.552
-122.625
-128.067
-133.931
-140.283
-147.197
-160.428
-169.472
-179.679
-191.374
-205.009
-221.194
-255.988
-281.65
-311.121
-344.849
-383.393
-427.178
-508.759
-552.79
-583.668
-599.043
-599.385
-585.398
-527.337
-468.719
-389.879
-295.288
-194.247
-92.3939
78.0043
179.713
280.889
375.179
453.721
512.239
570.089
584.024
583.482
568.184
537.422
493.647
413.417
370.762
333.757
301.809
274.207
250.375
217.876
202.428
189.179
177.62
167.397
158.251
144.793
137.725
131.232
125.232
119.67
114.486
106.5
102.134
98.0139
94.1105
90.4033
86.8715
81.2757
78.1354
75.1203
72.2218
69.4405
66.7809
62.6172
60.366
58.3011
56.4228
54.7095
53.1281
50.6794
49.3144
47.9979
46.722
45.4808
44.2708
42.2975
41.1603
40.0477
38.959
37.8932
36.8494
35.1399
34.1512
33.1817
32.2301
31.2961
30.3786
28.8695
27.9931
27.1312
26.284
25.4524
24.6388
23.3201
22.579
21.8803
21.2313
20.6346
20.0853
19.2397
18.7702
18.3164
17.8742
17.4418
17.0173
16.3183
15.9121
15.5122
15.1182
14.7307
14.3493
13.7206
13.3552
12.9955
12.6412
12.2926
11.9493
11.3825
11.0525
10.7272
10.4063
10.0904
9.77963
9.27007
8.97841
8.69793
8.43193
8.18358
7.95401
7.60442
7.41328
7.23031
7.05307
6.88035
6.71102
6.43205
6.26966
6.10959
5.95161
5.79595
5.64247
5.38882
5.241
5.09527
4.95142
4.80963
4.66976
4.43823
4.30309
4.16963
4.03775
3.90767
3.77952
3.5688
3.44798
3.3317
3.22119
3.11675
2.83108
2.4409
2.26098
2.1046
1.96811
1.84548
1.73495
1.57167
1.48505
1.40505
1.33217
1.26387
1.19962
