-2.42579
-2.65845
-2.92587
-3.27543
-3.68235
-4.11487
-4.57052
-5.05195
-5.56148
-6.0998
-6.67141
-7.31894
-8.17064
-9.19732
-10.2984
-11.4602
-12.6901
-13.9949
-15.3775
-16.8457
-18.4869
-20.6341
-23.3206
-26.2439
-29.3474
-32.6564
-36.2037
-40.0169
-44.1393
-48.795
-54.9295
-63.0701
-72.4677
-83.1295
-95.5635
-110.588
-129.529
-154.881
-192.649
-260.802
-381.634
-546.676
-568.929
-372.566
-7.11323
358.103
553.443
530.227
367.781
254.437
190.523
152.695
126.779
107.397
92.0346
79.295
68.3751
59.2959
52.7168
47.5802
43.0074
38.8053
34.9196
31.3083
27.9286
24.7552
21.8983
19.6985
17.959
16.3698
14.8715
13.4579
12.125
10.8647
9.67016
8.57085
7.68975
6.99842
6.36963
5.7738
5.20768
4.67008
4.15779
3.66961
3.22863
2.43963
1.87074
1.49509
1.22218
1.00955
-2.42673
-2.65744
-2.65946
-2.9246
-2.92713
-3.27381
-3.27704
-3.68059
-3.68411
-4.11302
-4.11672
-4.56856
-4.57247
-5.04989
-5.05402
-5.55929
-5.56366
-6.0975
-6.10211
-6.66894
-6.67389
-7.31591
-7.32197
-8.16663
-8.17466
-9.19285
-9.20177
-10.2937
-10.3031
-11.4552
-11.4652
-12.6849
-12.6954
-13.9893
-14.0005
-15.3716
-15.3834
-16.8394
-16.8521
-18.4794
-18.4945
-20.6238
-20.6444
-23.3089
-23.3324
-26.2314
-26.2565
-29.3341
-29.3608
-32.6421
-32.6706
-36.1884
-36.219
-40.0005
-40.0334
-44.1213
-44.1573
-48.7736
-48.8165
-54.8993
-54.9597
-63.0333
-63.107
-72.4263
-72.5092
-83.0818
-83.1771
-95.5071
-95.62
-110.518
-110.658
-129.439
-129.619
-154.757
-155.006
-192.448
-192.851
-260.418
-261.187
-380.997
-382.271
-546.142
-547.205
-569.252
-568.602
-373.942
-371.187
-8.66297
-5.56353
356.728
359.476
553.118
553.766
530.764
529.686
368.394
367.174
254.792
254.084
190.718
190.328
152.823
152.568
126.871
126.687
107.469
107.326
92.0924
91.9768
79.344
79.2461
68.4172
68.333
59.3287
59.2632
52.7402
52.6934
47.6002
47.5603
43.0256
42.9892
38.8221
38.7885
34.9352
34.904
31.3228
31.2937
27.9423
27.9149
24.768
24.7425
21.909
21.8876
19.7064
19.6907
17.9659
17.9522
16.3763
16.3634
14.8776
14.8655
13.4637
13.4522
12.1304
12.1196
10.8698
10.8596
9.67499
9.66533
8.57509
8.56662
7.6929
7.6866
7.00112
6.99572
6.37218
6.36709
5.77622
5.77138
5.20998
5.20538
4.67226
4.66789
4.15988
4.15571
3.67158
3.66763
3.23026
3.22701
2.44273
2.43654
1.87262
1.86886
1.49642
1.49377
1.22318
1.22118
1.01033
-2.43424
-2.64935
-2.66758
-2.91456
-2.9373
-3.26091
-3.28998
-3.66656
-3.69817
-4.09825
-4.13152
-4.55296
-4.58807
-5.03339
-5.07055
-5.54185
-5.58116
-6.07909
-6.12057
-6.64916
-6.69375
-7.29181
-7.34643
-8.13463
-8.20696
-9.15722
-9.2375
-10.256
-10.3408
-11.4155
-11.505
-12.6427
-12.7377
-13.9446
-14.0453
-15.3242
-15.4309
-16.7887
-16.903
-18.4191
-18.5554
-20.5415
-20.7275
-23.2148
-23.4269
-26.1311
-26.3569
-29.2275
-29.4676
-32.5282
-32.7849
-36.0661
-36.3417
-39.8688
-40.1652
-43.9779
-44.3014
-48.6026
-48.9898
-54.6588
-55.203
-62.7395
-63.4023
-72.0938
-72.8415
-82.702
-83.5594
-95.057
-96.0736
-109.965
-111.217
-128.725
-130.341
-153.768
-156.01
-190.858
-194.475
-257.378
-264.299
-375.915
-387.374
-541.723
-551.288
-571.711
-565.86
-384.75
-360.051
-21.0623
6.83268
345.626
370.027
550.362
556.214
534.909
525.209
373.358
362.354
257.657
251.289
192.298
188.762
153.848
151.558
127.611
125.956
108.041
106.758
92.5563
91.5164
79.7366
78.8559
68.7549
67.9973
59.5924
59.0045
52.9281
52.5074
47.7602
47.4009
43.1717
42.8436
38.9569
38.6541
35.0601
34.7795
31.4392
31.1777
28.0518
27.8058
24.8702
24.6406
21.9953
21.8025
19.7697
19.6281
18.0208
17.8975
16.4277
16.3121
14.9262
14.817
13.5094
13.4065
12.1737
12.0765
10.9108
10.8187
9.71371
9.62673
8.60909
8.53294
7.71831
7.66155
7.02286
6.97412
6.39258
6.34673
5.79556
5.75204
5.22838
5.18702
4.68976
4.65043
4.17659
4.13905
3.68739
3.65188
3.24327
3.2141
2.46783
2.41211
1.88771
1.85397
1.50706
1.48324
1.23119
1.21325
1.01664
-2.45734
-2.49012
-2.52328
-2.5567
-2.59045
-2.62469
-2.69273
-2.72875
-2.7657
-2.80395
-2.84326
-2.88435
-2.96923
-3.0159
-3.06467
-3.11537
-3.16774
-3.22174
-3.33007
-3.38739
-3.44546
-3.50432
-3.56364
-3.62364
-3.74149
-3.80295
-3.86476
-3.92707
-3.98988
-4.05307
-4.17714
-4.24172
-4.30688
-4.37254
-4.43872
-4.5053
-4.63617
-4.70435
-4.77318
-4.84257
-4.91243
-4.98297
-5.12148
-5.19365
-5.26652
-5.33996
-5.41389
-5.48853
-5.63502
-5.71132
-5.78832
-5.86591
-5.94401
-6.02282
-6.17745
-6.25812
-6.33958
-6.42179
-6.50473
-6.58884
-6.75521
-6.8433
-6.93313
-7.02551
-7.12062
-7.21933
-7.42304
-7.53523
-7.65301
-7.7761
-7.90436
-8.03749
-8.30725
-8.4509
-8.59724
-8.74589
-8.89644
-9.04831
-9.34766
-9.50375
-9.66133
-9.82009
-9.97973
-10.1409
-10.457
-10.6217
-10.7878
-10.9553
-11.1238
-11.2939
-11.6279
-11.8019
-11.9777
-12.155
-12.3335
-12.5138
-12.8679
-13.0526
-13.2391
-13.4272
-13.6166
-13.8079
-14.1835
-14.3793
-14.577
-14.7763
-14.9768
-15.1795
-15.5771
-15.7843
-15.9937
-16.2052
-16.4182
-16.6341
-17.0604
-17.2849
-17.5141
-17.7486
-17.9891
-18.2374
-18.7467
-19.027
-19.3215
-19.6307
-19.9542
-20.293
-20.9864
-21.3593
-21.7412
-22.1307
-22.5259
-22.9272
-23.7183
-24.132
-24.55
-24.9717
-25.3963
-25.8249
-26.6666
-27.1058
-27.5491
-27.9961
-28.4471
-28.9021
-29.7966
-30.2643
-30.7364
-31.2129
-31.6943
-32.1804
-33.1372
-33.6379
-34.1438
-34.6548
-35.171
-35.6926
-36.7198
-37.2576
-37.8014
-38.3507
-38.9058
-39.4667
-40.5724
-41.1516
-41.7376
-42.3311
-42.9321
-43.5404
-44.7466
-45.3851
-46.0347
-46.702
-47.3839
-48.0885
-49.5313
-50.3236
-51.1578
-52.0358
-52.962
-53.9368
-55.9645
-57.0735
-58.2201
-59.3998
-60.6094
-61.8458
-64.3173
-65.6242
-66.9552
-68.3085
-69.6858
-71.0857
-73.8717
-75.3481
-76.8518
-78.3859
-79.9499
-81.5474
-84.7444
-86.4487
-88.1928
-89.9805
-91.8123
-93.6936
-97.4865
-99.5223
-101.619
-103.777
-105.996
-108.29
-112.961
-115.491
-118.11
-120.836
-123.653
-126.578
-132.611
-135.923
-139.378
-143
-146.796
-150.807
-159.194
-163.896
-168.89
-174.235
-179.971
-186.14
-199.684
-207.626
-216.373
-226.023
-236.674
-248.402
-274.22
-289.137
-305.186
-322.408
-340.999
-360.917
-403.561
-427.328
-452.48
-478.091
-503.628
-527.133
-562.287
-573.776
-581.062
-584.135
-583.073
-577.833
-556.063
-538.275
-515.583
-487.873
-454.548
-415.523
-324.752
-273.398
-219.889
-166.473
-112.567
-59.0339
44.7496
98.3266
152.118
205.702
258.688
310.433
400.932
439.902
473.07
500.531
522.898
540.542
562.297
567.351
568.35
565.143
557.753
545.978
510.859
487.363
462.541
437.187
412.444
389.121
348.008
329.062
311.547
295.415
280.483
266.776
243.043
232.196
222.349
213.28
204.989
197.334
184.141
178.039
172.286
166.926
161.855
157.093
148.533
144.447
140.567
136.859
133.321
129.93
123.754
120.751
117.864
115.087
112.409
109.821
105.042
102.698
100.424
98.2202
96.0805
94.0002
90.1211
88.1975
86.3216
84.4905
82.7019
80.9533
77.6708
76.0313
74.4246
72.8526
71.3109
69.8036
66.9794
65.5783
64.2167
62.9003
61.6326
60.4185
58.2288
57.1869
56.1989
55.2616
54.3681
53.5138
51.9453
51.1727
50.4199
49.6848
48.9632
48.2554
46.9152
46.239
45.5722
44.9138
44.2639
43.6221
42.3992
41.7798
41.1676
40.5625
39.964
39.3726
38.2442
37.6719
37.1059
36.5463
35.9928
35.4451
34.3994
33.8684
33.343
32.8228
32.3078
31.798
30.823
30.3272
29.8359
29.3493
28.8668
28.3885
27.4726
27.0064
26.5445
26.0868
25.6337
25.1856
24.3302
23.8987
23.4757
23.061
22.6567
22.265
21.5464
21.1992
20.8692
20.554
20.2538
19.9666
19.4392
19.1786
18.9248
18.6759
18.4312
18.19
17.7307
17.4976
17.267
17.0381
16.811
16.5863
16.1553
15.9358
15.7182
15.5023
15.288
15.0759
14.6689
14.4616
14.2564
14.0526
13.8506
13.6505
13.2669
13.0715
12.878
12.6859
12.4954
12.3068
11.9447
11.7602
11.5774
11.3958
11.2155
11.0369
10.6938
10.5187
10.3453
10.173
10.0022
9.83301
9.50899
9.34471
9.18294
9.02356
8.86735
8.71489
8.43138
8.29322
8.16071
8.03406
7.91293
7.79756
7.58597
7.48218
7.38113
7.28225
7.18514
7.08983
6.90812
6.81587
6.72471
6.63415
6.54436
6.45538
6.28448
6.19734
6.11092
6.02505
5.93977
5.85524
5.69285
5.61002
5.52788
5.44629
5.36532
5.28504
5.13087
5.05222
4.97429
4.89679
4.81987
4.74362
4.59702
4.52219
4.44795
4.37413
4.30077
4.22801
4.08805
4.01666
3.94571
3.87522
3.80535
3.73612
3.60379
3.53691
3.47113
3.40685
3.3444
3.28422
3.17598
3.12613
2.98255
2.8156
2.67327
2.54825
2.34055
2.24702
2.16049
2.07963
2.00476
1.93509
1.80935
1.74938
1.69327
1.63974
1.58903
1.5404
1.4515
1.40866
1.36835
1.32978
1.29235
1.25617
1.18932
1.1566
1.12513
1.09461
1.06488
1.03634
