-2.57005
-2.86094
-3.22288
-3.65835
-4.13533
-4.64547
-5.19099
-5.77559
-6.4057
-7.10884
-7.9773
-9.05645
-10.2605
-11.5541
-12.9406
-14.4303
-16.0379
-17.8177
-19.9825
-22.7461
-25.9122
-29.3487
-33.0655
-37.108
-41.5415
-46.525
-52.6232
-60.7554
-70.7552
-82.4487
-96.3987
-113.749
-136.552
-169.08
-222.635
-320.285
-468.028
-532.666
-365.864
-7.19685
351.349
517.711
454.375
310.852
218.384
166.343
133.638
110.493
92.8545
78.663
66.9203
57.6621
50.8075
45.2163
40.2776
35.8063
31.7163
27.9486
24.4936
21.5145
19.1936
17.2629
15.5115
13.8876
12.3757
10.9646
9.65197
8.48323
7.54638
6.77515
6.07662
5.42511
4.81403
4.23927
3.70023
3.21176
2.31459
1.74537
1.37162
1.10122
-2.57107
-2.85974
-2.86213
-3.22137
-3.2244
-3.65663
-3.66007
-4.13349
-4.13718
-4.6435
-4.64744
-5.18888
-5.1931
-5.77333
-5.77786
-6.40324
-6.40816
-7.10599
-7.1117
-7.97362
-7.98098
-9.05214
-9.06077
-10.2559
-10.2652
-11.5491
-11.5591
-12.9352
-12.946
-14.4245
-14.436
-16.0317
-16.0442
-17.8105
-17.8249
-19.9732
-19.9917
-22.7349
-22.7574
-25.8999
-25.9246
-29.3353
-29.362
-33.051
-33.08
-37.0922
-37.1238
-41.5241
-41.559
-46.5048
-46.5451
-52.597
-52.6494
-60.7212
-60.7897
-70.7148
-70.7956
-82.4013
-82.4961
-96.3411
-96.4563
-113.676
-113.823
-136.453
-136.652
-168.931
-169.23
-222.367
-222.904
-319.816
-320.755
-467.464
-468.592
-532.824
-532.504
-366.961
-364.764
-8.6236
-5.77018
350.245
352.451
517.541
517.876
454.929
453.821
311.301
310.404
218.639
218.129
166.492
166.195
133.738
133.537
110.568
110.419
92.9131
92.7959
78.7111
78.6148
66.9599
66.8807
57.6917
57.6326
50.8302
50.7849
45.2358
45.1968
40.2951
40.2601
35.8223
35.7904
31.731
31.7016
27.9621
27.9351
24.5058
24.4814
21.5243
21.5046
19.2013
19.1859
17.2697
17.2561
15.5178
15.5052
13.8935
13.8818
12.3812
12.3703
10.9697
10.9595
9.65667
9.64728
8.48719
8.47927
7.54949
7.54327
6.77787
6.77243
6.07914
6.0741
5.42747
5.42276
4.81625
4.81182
4.24136
4.23719
3.70217
3.69829
3.21346
3.21005
2.31732
2.31187
1.74705
1.74368
1.37277
1.37046
1.10211
-2.57967
-2.84964
-2.87232
-3.20856
-3.23731
-3.64206
-3.67469
-4.11783
-4.15288
-4.62677
-4.66422
-5.17097
-5.21106
-5.75411
-5.79713
-6.38237
-6.42911
-7.08176
-7.13607
-7.9425
-8.01238
-9.01553
-9.09751
-10.2162
-10.305
-11.5066
-11.6017
-12.8897
-12.9917
-14.3755
-14.4852
-15.9785
-16.0976
-17.7498
-17.8861
-19.8952
-20.0705
-22.6396
-22.8531
-25.795
-26.0298
-29.2221
-29.4757
-32.9282
-33.2032
-36.9583
-37.2583
-41.3762
-41.7075
-46.3344
-46.7169
-52.3755
-52.8738
-60.4309
-61.0821
-70.3724
-71.14
-81.9997
-82.9003
-95.8538
-96.9479
-113.055
-114.449
-135.613
-137.504
-167.671
-170.517
-220.111
-225.21
-315.866
-324.764
-462.657
-473.304
-534.017
-530.997
-376.166
-355.265
-20.7384
6.34784
340.737
361.555
516.1
519.136
459.606
449.057
315.157
306.625
220.832
215.993
167.77
164.941
134.601
132.686
111.204
109.788
93.4132
92.2999
79.1219
78.207
67.298
66.5458
57.944
57.3833
51.0232
50.5932
45.4019
45.0314
40.4444
40.1114
35.9582
35.655
31.8557
31.5772
28.0773
27.8203
24.6099
24.3779
21.6087
21.4212
19.2672
19.1204
17.3278
17.1982
15.5714
15.4518
13.9433
13.8321
12.4276
12.3239
11.0131
10.9163
9.69666
9.60745
8.52104
8.44573
7.576
7.51694
6.80102
6.74937
6.10056
6.05273
5.44753
5.40275
4.83509
4.79302
4.25909
4.2195
3.71867
3.68187
3.22796
3.19563
2.34075
2.28892
1.76149
1.72948
1.38266
1.36066
1.10958
-2.60736
-2.64758
-2.68862
-2.73053
-2.7736
-2.81787
-2.90539
-2.95425
-3.00488
-3.05734
-3.11184
-3.16815
-3.27906
-3.34004
-3.40235
-3.46575
-3.53026
-3.59577
-3.72166
-3.78952
-3.85812
-3.92734
-3.99734
-4.06802
-4.20325
-4.27592
-4.3493
-4.42327
-4.49806
-4.57356
-4.71804
-4.7957
-4.87413
-4.95323
-5.03323
-5.11403
-5.26869
-5.35185
-5.43587
-5.52064
-5.60639
-5.69302
-5.85899
-5.94833
-6.03867
-6.12995
-6.22245
-6.31612
-6.49653
-6.59429
-6.69386
-6.79524
-6.89905
-7.00553
-7.21515
-7.33178
-7.45272
-7.57811
-7.70882
-7.84463
-8.11426
-8.26388
-8.41758
-8.5749
-8.73568
-8.89945
-9.2156
-9.38649
-9.55953
-9.73434
-9.9113
-10.0901
-10.4326
-10.6167
-10.8027
-10.9903
-11.1799
-11.3715
-11.7383
-11.9356
-12.1348
-12.3359
-12.5393
-12.7448
-13.1384
-13.3501
-13.5641
-13.7801
-13.9987
-14.2196
-14.643
-14.871
-15.1016
-15.3345
-15.5706
-15.8096
-16.2693
-16.518
-16.7707
-17.0277
-17.2901
-17.5584
-18.0839
-18.3747
-18.6755
-18.9875
-19.3123
-19.6506
-20.3268
-20.705
-21.0964
-21.4992
-21.9135
-22.3378
-23.1614
-23.609
-24.0632
-24.5231
-24.9895
-25.4617
-26.3676
-26.8556
-27.3488
-27.8475
-28.3519
-28.8619
-29.8407
-30.3676
-30.9007
-31.44
-31.9857
-32.5379
-33.5992
-34.1712
-34.7504
-35.3369
-35.9309
-36.5326
-37.6907
-38.3159
-38.9498
-39.5926
-40.2449
-40.9069
-42.1858
-42.8797
-43.5865
-44.3071
-45.0428
-45.7961
-47.2732
-48.0901
-48.9357
-49.8129
-50.7277
-51.6823
-53.6063
-54.6946
-55.8312
-57.0145
-58.2439
-59.5163
-62.0284
-63.4121
-64.8311
-66.2837
-67.7699
-69.2894
-72.2515
-73.8706
-75.5266
-77.2203
-78.9548
-80.7311
-84.2078
-86.119
-88.0833
-90.1009
-92.1786
-94.3182
-98.5421
-100.885
-103.308
-105.815
-108.413
-111.109
-116.49
-119.509
-122.659
-125.945
-129.384
-132.988
-140.293
-144.46
-148.865
-153.526
-158.479
-163.761
-174.769
-181.238
-188.232
-195.845
-204.135
-213.228
-232.901
-244.795
-257.795
-271.92
-287.208
-303.648
-338.075
-358.06
-379.205
-401.288
-424.128
-447.029
-487.599
-505.478
-519.818
-530.02
-535.471
-536.305
-524.628
-511.19
-492.665
-468.638
-439.284
-404.07
-323.392
-274.466
-222.757
-169.19
-114.553
-59.4093
45.0431
100.15
154.677
208.242
259.994
308.892
389.237
424.373
453.864
477.783
496.381
509.659
521.534
520.887
515.416
505.4
491.337
473.593
433.765
411.347
389.023
367.57
347.085
327.868
294.988
279.345
264.945
251.61
239.363
228.13
209.425
200.698
192.667
185.253
178.379
171.987
161.047
155.756
150.778
146.085
141.64
137.425
130.025
126.369
122.879
119.542
116.345
113.277
107.81
105.07
102.429
99.8802
97.4175
95.0342
90.7372
88.5605
86.4463
84.3925
82.3948
80.4509
76.9193
75.1196
73.367
71.6618
70.0039
68.3944
65.4925
64.0322
62.6291
61.2833
59.9969
58.7687
56.6032
55.5304
54.504
53.5172
52.5673
51.6491
49.9882
49.1419
48.3153
47.5068
46.7143
45.9372
44.507
43.7678
43.0404
42.3245
41.6193
40.9245
39.6394
38.9727
38.3152
37.6666
37.0266
36.3951
35.2247
34.6162
34.0154
33.422
32.8358
32.2567
31.1818
30.6221
30.0689
29.5222
28.9816
28.4473
27.4555
26.9395
26.4301
25.9277
25.4326
24.9454
24.0506
23.5912
23.1435
22.7092
22.2887
21.8829
21.1596
20.798
20.4503
20.1163
19.7934
19.4805
18.9136
18.623
18.3387
18.0598
17.785
17.5146
17.0143
16.7541
16.497
16.2432
15.992
15.7434
15.2819
15.0411
14.8028
14.5674
14.3341
14.1032
13.6741
13.4501
13.2283
13.0091
12.7918
12.5767
12.1767
11.9677
11.7607
11.5561
11.3532
11.1523
10.7788
10.5837
10.3907
10.2
10.0114
9.82527
9.48121
9.30325
9.12882
8.95847
8.79221
8.63084
8.34034
8.19419
8.05376
7.91856
7.78795
7.66181
7.43394
7.31771
7.20398
7.09267
6.98318
6.87539
6.67618
6.57248
6.47002
6.36879
6.26854
6.16932
5.98478
5.88836
5.79287
5.6984
5.6047
5.51188
5.3391
5.24874
5.15921
5.07059
4.98267
4.89553
4.73322
4.64828
4.56409
4.48072
4.39799
4.31597
4.16321
4.0833
4.00415
3.92589
3.84833
3.77168
3.6297
3.55605
3.48361
3.4126
3.34293
3.27475
3.15004
2.9974
2.8259
2.67457
2.53987
2.41856
2.21808
2.12401
2.03658
1.95551
1.87971
1.8088
1.68532
1.62559
1.56899
1.5151
1.46382
1.41507
1.32986
1.28723
1.24634
1.2072
1.16968
1.13354
