-2.55497
-2.75908
-2.99267
-3.26969
-3.58333
-3.92012
-4.27479
-4.64708
-5.03811
-5.44929
-5.88232
-6.3404
-6.83311
-7.38796
-8.04922
-8.82074
-9.66485
-10.5596
-11.5009
-12.4913
-13.5346
-14.6351
-15.7997
-17.0459
-18.4272
-20.0589
-22.0125
-24.2078
-26.5633
-29.0579
-31.6991
-34.503
-37.4901
-40.6879
-44.1481
-47.9996
-52.5537
-58.1876
-64.8784
-72.4363
-80.891
-90.4592
-101.503
-114.562
-130.461
-150.578
-177.57
-217.177
-279.183
-369.954
-480.4
-533.87
-469.94
-275.059
-7.24458
260.39
455.192
519.263
466.816
358.771
271.77
213.08
174.67
147.748
127.421
111.295
98.0359
86.8131
77.0945
68.6017
61.356
55.4987
50.7401
46.6117
42.8686
39.4101
36.1879
33.1705
30.3333
27.6586
25.1484
22.8552
20.8892
19.2571
17.8278
16.5092
15.2682
14.0931
12.9783
11.9192
10.9118
9.95606
9.06431
8.27302
7.60782
7.03262
6.50536
6.00831
5.53566
5.08499
4.65462
4.24316
3.85042
3.47986
3.13981
2.39997
1.93594
1.60609
1.35429
1.15385
-2.55598
-2.75797
-2.7602
-2.99136
-2.99398
-3.26815
-3.27123
-3.58165
-3.58502
-3.91833
-3.92191
-4.27292
-4.27667
-4.64511
-4.64905
-5.03604
-5.04018
-5.44711
-5.45147
-5.88002
-5.88462
-6.33796
-6.34285
-6.83044
-6.83578
-7.38485
-7.39107
-8.04549
-8.05295
-8.81654
-8.82495
-9.66035
-9.66935
-10.5548
-10.5643
-11.496
-11.5059
-12.4861
-12.4966
-13.529
-13.5401
-14.6292
-14.6409
-15.7935
-15.8059
-17.0392
-17.0526
-18.4195
-18.4349
-20.0496
-20.0682
-22.0017
-22.0233
-24.196
-24.2196
-26.5507
-26.5758
-29.0446
-29.0711
-31.685
-31.7131
-34.4881
-34.518
-37.4741
-37.506
-40.6708
-40.705
-44.1293
-44.1668
-47.9783
-48.021
-52.5277
-52.5798
-58.1555
-58.2196
-64.8415
-64.9153
-72.3951
-72.4776
-80.8447
-80.9373
-90.4064
-90.5121
-101.442
-101.565
-114.488
-114.636
-130.37
-130.553
-150.46
-150.697
-177.405
-177.735
-216.924
-217.431
-278.792
-279.576
-369.406
-370.503
-479.885
-480.916
-533.877
-533.86
-470.618
-469.255
-276.345
-273.771
-8.66084
-5.82826
259.102
261.677
454.526
455.855
519.248
519.279
467.316
466.313
359.302
358.241
272.141
271.4
213.324
212.836
174.833
174.507
147.868
147.629
127.514
127.328
111.37
111.22
98.0986
97.9733
86.8669
86.7593
77.1415
77.0476
68.6425
68.5609
61.3899
61.3222
55.5257
55.4718
50.7628
50.7174
46.6319
46.5915
42.8872
42.8501
39.4273
39.3928
36.204
36.1718
33.1857
33.1554
30.3475
30.319
27.672
27.6452
25.1608
25.1359
22.8663
22.8441
20.8984
20.88
19.2649
19.2493
17.8348
17.8207
16.5158
16.5026
15.2744
15.2619
14.099
14.0872
12.9839
12.9727
11.9245
11.9138
10.9169
10.9067
9.96086
9.95127
9.0687
9.05993
8.27678
8.26927
7.61098
7.60466
7.03544
7.0298
6.508
6.50272
6.01081
6.0058
5.53804
5.53327
5.08727
5.08272
4.6568
4.65245
4.24524
4.24108
3.8524
3.84844
3.48171
3.47802
3.14147
3.13815
2.40289
2.39705
1.93792
1.93396
1.60756
1.60462
1.35543
1.35314
1.15478
-2.56354
-2.74963
-2.76859
-2.98155
-3.00388
-3.25664
-3.28281
-3.569
-3.59771
-3.90494
-3.93533
-4.25885
-4.29077
-4.63034
-4.66385
-5.02052
-5.05574
-5.43078
-5.46784
-5.86281
-5.90188
-6.31966
-6.36121
-6.81047
-6.85587
-7.36163
-7.4145
-8.01764
-8.081
-8.78506
-8.85656
-9.62663
-9.70316
-10.5193
-10.5999
-11.4586
-11.5434
-12.4467
-12.536
-13.4876
-13.5817
-14.5855
-14.6848
-15.747
-15.8525
-16.9889
-17.1031
-18.3623
-18.4927
-19.9802
-20.1381
-21.9207
-22.1047
-24.1077
-24.3083
-26.4569
-26.6699
-28.9453
-29.1707
-31.5797
-31.8187
-34.3762
-34.6302
-37.3547
-37.6258
-40.5425
-40.8338
-43.9893
-44.3076
-47.8187
-48.182
-52.333
-52.7765
-57.916
-58.4612
-64.5656
-65.1929
-72.0865
-72.7878
-80.4982
-81.2858
-90.0112
-90.9101
-100.981
-102.03
-113.936
-115.193
-129.687
-131.243
-149.577
-151.593
-176.178
-178.983
-215.041
-219.357
-275.881
-282.547
-365.33
-374.657
-475.971
-484.771
-533.831
-533.683
-475.504
-464.156
-285.926
-264.006
-19.2808
4.7961
249.393
271.282
449.41
460.709
519.037
519.3
471.015
462.451
363.294
354.291
274.947
268.652
215.158
211.031
176.066
173.293
148.771
146.74
128.213
126.637
111.936
110.66
98.5707
97.5053
87.2716
86.3573
77.4946
76.6967
68.9497
68.2558
61.6452
61.0697
55.7293
55.2706
50.9333
50.5479
46.7839
46.4402
43.0266
42.7111
39.5567
39.2638
36.325
36.0513
33.2992
33.0423
30.4544
30.2124
27.7728
27.5448
25.2547
25.0424
22.9498
22.7612
20.9679
20.8113
19.3236
19.191
17.8878
17.7679
16.5654
16.4532
15.3212
15.2152
14.1434
14.0429
13.0261
12.9306
11.9646
11.8738
10.955
10.8687
9.99687
9.91538
9.10172
9.02709
8.30511
8.24122
7.63476
7.58107
7.05666
7.00865
6.52782
6.48297
6.02961
5.98705
5.55595
5.51541
5.10435
5.06567
4.67312
4.63616
4.26085
4.22551
3.86725
3.83363
3.49557
3.46422
3.15399
3.10665
2.42503
2.37542
1.95289
1.91927
1.61867
1.59364
1.36407
1.34459
1.16182
-2.58418
-2.61201
-2.64019
-2.6688
-2.69778
-2.72723
-2.79158
-2.82282
-2.85473
-2.88746
-2.9209
-2.95525
-3.03109
-3.06822
-3.10624
-3.14525
-3.18503
-3.22566
-3.31453
-3.35741
-3.40094
-3.44512
-3.48975
-3.53487
-3.6323
-3.6788
-3.7257
-3.77307
-3.82072
-3.86872
-3.9719
-4.02098
-4.07041
-4.12028
-4.17037
-4.22081
-4.32917
-4.38069
-4.43256
-4.48488
-4.53747
-4.59042
-4.70416
-4.75826
-4.81274
-4.8677
-4.92294
-4.97856
-5.0981
-5.15497
-5.21224
-5.27004
-5.32813
-5.38664
-5.51242
-5.57227
-5.63257
-5.69342
-5.75462
-5.81629
-5.94891
-6.01208
-6.07578
-6.14012
-6.20491
-6.27027
-6.41128
-6.47871
-6.54688
-6.61598
-6.68587
-6.75671
-6.91085
-6.98542
-7.06138
-7.13909
-7.21832
-7.29949
-7.47891
-7.56686
-7.6571
-7.75007
-7.84529
-7.94292
-8.15803
-8.26271
-8.36935
-8.47809
-8.58834
-8.70023
-8.94281
-9.05902
-9.17643
-9.29523
-9.41486
-9.53552
-9.79526
-9.91897
-10.0436
-10.1694
-10.2958
-10.4232
-10.6969
-10.8272
-10.9583
-11.0906
-11.2236
-11.3576
-11.6454
-11.7823
-11.9203
-12.0595
-12.1994
-12.3404
-12.6434
-12.7876
-12.9329
-13.0795
-13.227
-13.3755
-13.6949
-13.8469
-14.0002
-14.1548
-14.3104
-14.4672
-14.8044
-14.9651
-15.127
-15.2907
-15.4553
-15.6215
-15.9796
-16.1505
-16.3234
-16.4983
-16.6748
-16.8535
-17.2411
-17.4278
-17.6175
-17.811
-18.0079
-18.2087
-18.6513
-18.8677
-19.0899
-19.3188
-19.5535
-19.7948
-20.3303
-20.5926
-20.8611
-21.1365
-21.4171
-21.7031
-22.3273
-22.628
-22.9328
-23.2417
-23.5538
-23.8691
-24.5499
-24.8749
-25.2027
-25.5338
-25.8672
-26.2032
-26.9264
-27.2709
-27.6183
-27.9685
-28.3214
-28.6772
-29.4418
-29.8065
-30.1743
-30.545
-30.9187
-31.2956
-32.1061
-32.493
-32.8831
-33.2767
-33.6737
-34.0741
-34.9359
-35.3477
-35.763
-36.1823
-36.6054
-37.0324
-37.9524
-38.3923
-38.8365
-39.2853
-39.7386
-40.1965
-41.1851
-41.6588
-42.1381
-42.6233
-43.1144
-43.6121
-44.6922
-45.2131
-45.7428
-46.2819
-46.8309
-47.3912
-48.6234
-49.2263
-49.8449
-50.4818
-51.1371
-51.8131
-53.3188
-54.0637
-54.8322
-55.6239
-56.4385
-57.275
-59.1237
-60.0264
-60.9484
-61.8894
-62.8479
-63.824
-65.9517
-66.9798
-68.0242
-69.0851
-70.1625
-71.2566
-73.6359
-74.7842
-75.9509
-77.1368
-78.3417
-79.5672
-82.2391
-83.5325
-84.8494
-86.1907
-87.5572
-88.9505
-92.0009
-93.4843
-94.9989
-96.5464
-98.1285
-99.7462
-103.306
-105.046
-106.829
-108.659
-110.534
-112.46
-116.726
-118.824
-120.983
-123.208
-125.501
-127.865
-133.145
-135.766
-138.478
-141.288
-144.204
-147.233
-154.076
-157.514
-161.1
-164.86
-168.799
-172.938
-182.467
-187.355
-192.533
-198.024
-203.869
-210.111
-224.757
-232.405
-240.543
-249.212
-258.443
-268.214
-290.816
-302.349
-314.489
-327.196
-340.549
-354.5
-386.064
-401.619
-417.54
-433.526
-449.463
-464.966
-494.593
-506.287
-516.208
-524.064
-529.625
-532.839
-532.269
-528.193
-521.725
-512.883
-501.496
-487.573
-449.227
-426.848
-401.71
-373.986
-343.853
-311.363
-237.039
-200.231
-162.645
-124.703
-86.4549
-48.0483
33.6025
72.0127
110.214
148.123
185.696
222.595
296.838
329.238
359.368
387.062
412.089
434.464
472.839
486.73
498.077
507.043
513.565
517.559
518.432
515.127
509.541
501.968
492.305
480.681
451.528
436.314
420.747
405.041
389.532
374.355
343.784
330.381
317.574
305.365
293.767
282.79
261.4
252.168
243.43
235.24
227.55
220.3
206.304
200.306
194.667
189.32
184.275
179.491
170.088
165.983
162.061
158.308
154.715
151.262
144.377
141.324
138.38
135.538
132.795
130.14
124.791
122.393
120.069
117.812
115.621
113.491
109.162
107.207
105.302
103.446
101.635
99.8668
96.251
94.6075
93.0002
91.4276
89.8877
88.3801
85.279
83.863
82.4741
81.111
79.7737
78.4613
75.7544
74.5161
73.3006
72.1078
70.9386
69.7922
67.4381
66.3674
65.3222
64.3036
63.3123
62.3483
60.3957
59.5202
58.6722
57.8523
57.0582
56.2896
54.7333
54.0323
53.3503
52.6848
52.0356
51.4001
50.0931
49.4952
48.9075
48.3294
47.7603
47.199
46.0328
45.495
44.9634
44.4385
43.9196
43.4068
42.3366
41.8411
41.3507
40.8652
40.3849
39.9095
38.9158
38.4549
37.9983
37.546
37.0981
36.6544
35.7259
35.2948
34.8675
34.444
34.0243
33.6082
32.7368
32.3318
31.9302
31.5319
31.1371
30.7455
29.9246
29.5429
29.1643
28.7888
28.4164
28.0472
27.2737
26.9143
26.5582
26.2055
25.8564
25.511
24.7903
24.458
24.1304
23.8073
23.4902
23.1789
22.5388
22.2483
21.9649
21.6884
21.4198
21.1588
20.6273
20.3875
20.1539
19.9253
19.7024
19.4842
19.0343
18.8282
18.6252
18.4248
18.2274
18.0325
17.6254
17.437
17.2503
17.0652
16.882
16.7005
16.3197
16.1428
15.9673
15.7929
15.6202
15.4488
15.089
14.9216
14.7555
14.5904
14.4268
14.2644
13.9232
13.7645
13.6069
13.4503
13.295
13.1409
12.817
12.6663
12.5166
12.3677
12.2202
12.0737
11.7658
11.6224
11.4801
11.3385
11.1982
11.0588
10.766
10.6297
10.4945
10.3601
10.227
10.0951
9.81845
9.69026
9.56346
9.43788
9.31413
9.19205
8.93876
8.82286
8.70927
8.59784
8.48913
8.383
8.16613
8.06821
7.97273
7.87951
7.78866
7.7
7.51769
7.43442
7.35269
7.2721
7.19283
7.11461
6.95163
6.87627
6.80167
6.72763
6.65441
6.58184
6.42956
6.35879
6.28856
6.21871
6.14951
6.0808
5.93637
5.86915
5.80239
5.73596
5.6701
5.60469
5.46712
5.40306
5.33942
5.27608
5.21327
5.15086
5.01958
4.95843
4.89766
4.83717
4.77718
4.71756
4.5921
4.53364
4.47555
4.41771
4.36034
4.30334
4.18339
4.12752
4.07202
4.0168
3.96206
3.90771
3.79358
3.74057
3.68804
3.6359
3.58439
3.53341
3.42701
3.37796
3.32953
3.28167
3.23462
3.18825
3.00863
2.88589
2.7738
2.67066
2.57563
2.4874
2.31872
2.24674
2.17853
2.11416
2.05294
1.99466
1.88039
1.83028
1.78197
1.73566
1.69134
1.64929
1.56434
1.52638
1.48971
1.45428
1.42033
1.38782
1.32171
1.29194
1.26302
1.23479
1.20762
1.18125
