-1.80942
-2.06328
-2.3336
-2.62204
-2.96084
-3.43028
-3.96646
-4.53865
-5.15162
-5.80941
-6.51363
-7.3139
-8.43672
-9.78801
-11.2378
-12.7933
-14.4679
-16.266
-18.2608
-21.0071
-24.5346
-28.3722
-32.5203
-37.0437
-41.9942
-47.5461
-55.0707
-65.7061
-78.2398
-93.1752
-111.967
-137.291
-175.505
-249.586
-402.617
-561.715
-432.562
-7.10037
417.799
545.561
386.85
243.821
173.636
134.758
108.814
89.5938
74.2603
61.6443
52.8026
46.4273
40.8369
35.7783
31.1698
26.9256
23.0288
19.9714
17.7653
15.786
13.9429
12.2308
10.6351
9.14602
7.89532
6.99855
6.20947
5.46944
4.77571
4.12326
3.51014
2.78782
1.92942
1.45057
1.12886
0.89219
0.712997
-1.81023
-2.06242
-2.06414
-2.33268
-2.33451
-2.62105
-2.62303
-2.95952
-2.96215
-3.42859
-3.43198
-3.96464
-3.96828
-4.53671
-4.54059
-5.14953
-5.1537
-5.80717
-5.81164
-6.51123
-6.51603
-7.31088
-7.31693
-8.43251
-8.44094
-9.78341
-9.79262
-11.2328
-11.2427
-12.788
-12.7986
-14.4621
-14.4736
-16.2599
-16.2721
-18.2535
-18.2681
-20.9964
-21.0178
-24.5225
-24.5468
-28.3591
-28.3853
-32.5061
-32.5345
-37.0282
-37.0593
-41.9772
-42.0113
-47.5261
-47.5662
-55.04
-55.1014
-65.6679
-65.7443
-78.1953
-78.2843
-93.1208
-93.2296
-111.896
-112.037
-137.192
-137.39
-175.343
-175.668
-249.231
-249.942
-401.958
-403.276
-561.601
-561.826
-433.582
-431.537
-8.59866
-5.60221
416.777
418.817
545.675
545.443
387.491
386.211
244.145
243.498
173.798
173.473
134.86
134.657
108.886
108.742
89.6495
89.5382
74.3061
74.2146
61.6805
61.6082
52.8259
52.7794
46.4467
46.408
40.8543
40.8194
35.7942
35.7625
31.1843
31.1553
26.939
26.9122
23.0407
23.0169
19.9795
19.9633
17.7721
17.7586
15.7923
15.7797
13.9487
13.9371
12.2363
12.2254
10.6401
10.63
9.15068
9.14136
7.89872
7.89193
7.00124
6.99586
6.21198
6.20696
5.47179
5.46709
4.77792
4.77351
4.12534
4.12118
3.51206
3.50823
2.79221
2.78344
1.93138
1.92747
1.45184
1.44931
1.12976
1.12797
0.892845
0.891536
0.713534
-1.81751
-2.05469
-2.07189
-2.32445
-2.34275
-2.61216
-2.63196
-2.94777
-2.97409
-3.41337
-3.44723
-3.9483
-3.98466
-4.51926
-4.55809
-5.1308
-5.17247
-5.7871
-5.83178
-6.48961
-6.53771
-7.28383
-7.34435
-8.39471
-8.47894
-9.74196
-9.83414
-11.1885
-11.2871
-12.7404
-12.8463
-14.4108
-14.5248
-16.2049
-16.3272
-18.1883
-18.3341
-20.9001
-21.115
-24.4132
-24.6564
-28.2416
-28.5031
-32.3785
-32.6625
-36.8886
-37.1991
-41.824
-42.165
-47.3465
-47.7474
-54.7661
-55.3792
-65.3249
-66.089
-77.7958
-78.6862
-92.6335
-93.7207
-111.266
-112.674
-136.308
-138.287
-173.898
-177.146
-246.077
-253.188
-396.066
-409.24
-560.422
-562.678
-442.567
-422.121
-22.0768
7.87695
407.388
427.785
546.558
544.241
393.29
380.495
247.095
240.62
175.276
172.026
135.78
133.75
109.537
108.097
90.1524
89.0393
74.7196
73.8038
62.0081
61.2853
53.0362
52.5711
46.6215
46.2339
41.0118
40.6624
35.9368
35.6203
31.3149
31.025
27.0598
26.7917
23.1485
22.9101
20.0531
19.8907
17.8329
17.698
15.8488
15.7234
14.0012
13.8847
12.2851
12.1767
10.6858
10.5844
9.19275
9.09957
7.92953
7.86158
7.02551
6.97168
6.23457
6.18441
5.49299
5.44594
4.79779
4.75368
4.1441
4.10246
3.52935
3.49103
2.83252
2.74485
1.94911
1.90996
1.46334
1.43796
1.13786
1.11994
0.89878
0.885682
0.718385
-1.84236
-1.87888
-1.91573
-1.953
-1.99057
-2.02851
-2.09835
-2.13727
-2.17656
-2.21626
-2.25622
-2.29658
-2.3709
-2.41227
-2.45406
-2.4963
-2.53899
-2.58218
-2.66257
-2.70814
-2.75506
-2.80397
-2.85489
-2.90889
-3.01576
-3.0795
-3.14655
-3.21631
-3.28834
-3.36203
-3.49948
-3.5765
-3.65447
-3.73326
-3.8127
-3.8929
-4.04061
-4.12292
-4.20597
-4.28993
-4.37455
-4.46014
-4.61788
-4.70591
-4.79485
-4.8848
-4.9756
-5.06736
-5.23675
-5.33135
-5.42677
-5.52334
-5.62067
-5.7191
-5.90055
-6.00166
-6.10374
-6.207
-6.31129
-6.41662
-6.61189
-6.72176
-6.83405
-6.94973
-7.06924
-7.19422
-7.44028
-7.58797
-7.74529
-7.91197
-8.08638
-8.26756
-8.60956
-8.80288
-8.99907
-9.198
-9.3989
-9.60186
-9.9759
-10.1843
-10.3948
-10.6075
-10.8221
-11.0387
-11.4389
-11.6619
-11.8875
-12.1157
-12.3462
-12.5792
-13.0095
-13.2496
-13.4929
-13.7388
-13.9869
-14.2375
-14.7004
-14.9586
-15.2195
-15.4832
-15.7492
-16.0186
-16.5159
-16.7947
-17.0782
-17.3678
-17.6645
-17.971
-18.5642
-18.9173
-19.2938
-19.697
-20.1259
-20.5784
-21.4506
-21.9504
-22.4615
-22.9821
-23.5094
-24.0438
-25.0305
-25.5811
-26.1378
-26.7008
-27.2693
-27.8442
-28.9053
-29.4992
-30.1001
-30.708
-31.3237
-31.9471
-33.1002
-33.7463
-34.4007
-35.0642
-35.7369
-36.4172
-37.6772
-38.3837
-39.1001
-39.8261
-40.5615
-41.3072
-42.6913
-43.4691
-44.2612
-45.0693
-45.8962
-46.7468
-48.3751
-49.3324
-50.3491
-51.4366
-52.6046
-53.8587
-56.3449
-57.8112
-59.3336
-60.905
-62.5185
-64.1718
-67.271
-69.0277
-70.8214
-72.6567
-74.5325
-76.4532
-80.0673
-82.1303
-84.2503
-86.4338
-88.6817
-91.0011
-95.415
-97.962
-100.604
-103.346
-106.194
-109.162
-114.88
-118.228
-121.74
-125.423
-129.298
-133.381
-141.415
-146.226
-151.356
-156.857
-162.774
-169.182
-182.382
-190.73
-200.035
-210.519
-222.397
-235.869
-264.757
-283.203
-303.533
-325.813
-350.218
-376.733
-429.952
-460.898
-491.014
-517.951
-539.58
-554.364
-563.49
-558.978
-547.805
-529.808
-504.1
-470.476
-387.211
-329.947
-267.176
-201.493
-134.818
-67.8891
53.6637
120.578
187.189
252.83
315.555
372.633
455.671
488.98
514.452
532.256
543.289
547.57
538.034
523.034
501.262
474.237
444.156
413.541
361.782
336.454
313.574
292.96
274.362
257.605
231.279
218.865
207.731
197.738
188.706
180.486
167.287
160.799
154.781
149.166
143.915
138.989
130.749
126.563
122.592
118.82
115.225
111.798
105.944
102.912
99.9991
97.1952
94.4944
91.887
87.3673
84.9904
82.6834
80.4419
78.2626
76.1413
72.4241
70.4537
68.5366
66.6755
64.8772
63.147
60.2167
58.7381
57.3602
56.0802
54.888
53.7673
51.8759
50.8926
49.9403
49.0127
48.1074
47.2198
45.6471
44.8023
43.9701
43.1507
42.3438
41.5498
40.1339
39.3716
38.6188
37.8764
37.1457
36.4248
35.1399
34.4462
33.7617
33.0867
32.4199
31.7612
30.5845
29.9481
29.319
28.6967
28.0815
27.4726
26.3838
25.7936
25.2115
24.6366
24.0722
23.5193
22.5528
22.05
21.5728
21.123
20.7026
20.3092
19.649
19.3095
18.981
18.6611
18.3483
18.0407
17.4929
17.1965
16.9034
16.6132
16.326
16.0419
15.5325
15.2562
14.9833
14.7128
14.4454
14.1809
13.7073
13.4508
13.197
12.9457
12.6976
12.4521
12.0119
11.7731
11.5369
11.3028
11.0713
10.8418
10.4301
10.2069
9.98551
9.76642
9.55017
9.33688
8.95894
8.75819
8.56427
8.37866
8.20279
8.03715
7.76113
7.62091
7.48686
7.35735
7.23165
7.10857
6.89
6.77216
6.65531
6.5395
6.4251
6.31169
6.10806
5.9976
5.88805
5.77946
5.67189
5.56542
5.37432
5.27065
5.16799
5.06618
4.96547
4.86566
4.68651
4.58922
4.49278
4.39703
4.30222
4.20813
4.03905
3.94715
3.85609
3.76584
3.67665
3.58874
3.43334
3.35152
3.27385
3.20279
3.14359
2.98294
2.6252
2.47234
2.33833
2.21875
2.11068
2.01204
1.85205
1.77222
1.69856
1.62973
1.56469
1.50338
1.40043
1.34938
1.30048
1.25351
1.20858
1.16591
1.09316
1.05545
1.01889
0.984102
0.950966
0.919447
0.866337
0.838766
0.811857
0.785582
0.76
0.735081
