-1.72461
-1.93442
-2.15596
-2.38984
-2.63822
-2.92397
-3.30296
-3.74494
-4.2153
-4.71307
-5.2418
-5.80352
-6.39959
-7.05048
-7.87856
-8.94741
-10.1201
-11.3634
-12.6849
-14.0931
-15.5918
-17.196
-19.0679
-21.6167
-24.6386
-27.8821
-31.3476
-35.0754
-39.1017
-43.4704
-48.3914
-54.9144
-63.7371
-73.997
-85.7985
-99.8436
-117.289
-140.18
-172.921
-229.053
-337.695
-512.527
-578.524
-396.857
-7.11323
382.018
562.982
496.239
325.989
225.156
170.971
137.685
114.248
96.4091
82.0355
69.9313
59.8919
52.7051
47.2024
42.3279
37.8719
33.7712
29.9734
26.4277
23.1478
20.4555
18.4656
16.7223
15.0909
13.5582
12.1196
10.7652
9.48775
8.339
7.46198
6.74891
6.08778
5.46227
4.87071
4.31007
3.77703
3.28754
2.49348
1.86793
1.4689
1.18456
0.966123
0.798878
0.658358
0.540641
-1.7254
-1.93359
-1.93525
-2.15508
-2.15684
-2.38891
-2.39077
-2.63722
-2.63923
-2.92271
-2.92523
-3.30133
-3.30459
-3.74317
-3.74671
-4.21343
-4.21718
-4.71108
-4.71505
-5.23969
-5.24391
-5.80129
-5.80576
-6.39721
-6.40196
-7.04775
-7.0532
-7.87481
-7.88232
-8.94304
-8.95179
-10.1154
-10.1248
-11.3585
-11.3683
-12.6796
-12.6901
-14.0875
-14.0987
-15.5858
-15.5977
-17.1895
-17.2025
-19.0595
-19.0762
-21.6057
-21.6278
-24.6265
-24.6508
-27.8691
-27.8951
-31.3337
-31.3615
-35.0605
-35.0904
-39.0855
-39.1179
-43.4527
-43.488
-48.3704
-48.4124
-54.8842
-54.9446
-63.6997
-63.7744
-73.9546
-74.0393
-85.7492
-85.8478
-99.7837
-99.9036
-117.213
-117.365
-140.075
-140.285
-172.764
-173.078
-228.752
-229.355
-337.138
-338.255
-511.832
-513.221
-578.716
-578.328
-398.097
-395.614
-8.66297
-5.56353
380.761
383.271
562.788
563.172
496.931
495.545
326.508
325.469
225.436
224.878
171.128
170.813
137.792
137.578
114.326
114.17
96.4704
96.3479
82.086
81.985
69.9745
69.8882
59.9254
59.8584
52.7285
52.6818
47.2222
47.1826
42.3459
42.31
37.8884
37.8554
33.7864
33.7559
29.9876
29.9593
26.441
26.4145
23.1597
23.1359
20.4642
20.4467
18.4726
18.4586
16.7288
16.7158
15.097
15.0847
13.5639
13.5525
12.125
12.1143
10.7703
10.7601
9.49252
9.48298
8.34298
8.33503
7.46492
7.45904
6.75155
6.74628
6.09027
6.08529
5.46463
5.45992
4.87294
4.86849
4.31218
4.30795
3.77903
3.77502
3.28925
3.28583
2.49672
2.49024
1.8698
1.86606
1.4702
1.46761
1.18552
1.1836
0.966862
0.965385
0.799465
0.798292
0.658859
0.657857
0.541048
-1.73193
-1.92672
-1.94214
-2.14782
-2.16411
-2.38124
-2.39845
-2.62898
-2.64757
-2.91238
-2.93571
-3.28796
-3.31809
-3.72858
-3.76133
-4.19802
-4.23262
-4.69474
-4.73143
-5.22232
-5.26133
-5.78285
-5.82424
-6.3776
-6.42167
-7.02537
-7.07585
-7.84403
-7.91345
-8.90676
-8.98799
-10.0769
-10.1633
-11.3177
-11.4092
-12.6361
-12.7337
-14.0411
-14.1451
-15.5364
-15.647
-17.136
-17.2563
-18.991
-19.1457
-21.5148
-21.7195
-24.5264
-24.7512
-27.7624
-28.0021
-31.2193
-31.4763
-34.9371
-35.2141
-38.9522
-39.2517
-43.3071
-43.6343
-48.1982
-48.5866
-54.6363
-55.1953
-63.3931
-64.0823
-73.6062
-74.3896
-85.343
-86.2559
-99.2915
-100.4
-116.587
-117.998
-139.229
-141.146
-171.479
-174.388
-226.304
-231.878
-332.656
-342.902
-506.033
-518.879
-580.185
-576.581
-408.31
-385.082
-21.4498
7.22003
370.343
393.773
561.056
564.686
502.548
489.725
330.842
321.214
227.772
222.61
172.44
169.525
138.669
136.706
114.972
113.531
96.9779
95.8445
82.5041
81.5675
70.3319
69.5331
60.2039
59.5842
52.9222
52.49
47.386
47.0195
42.4946
42.1618
38.0249
37.7193
33.9123
33.6304
30.1047
29.8424
26.5506
26.3051
23.2583
23.038
20.5367
20.375
18.5308
18.4008
16.7825
16.6621
15.1475
15.0343
13.6114
13.5051
12.1697
12.0698
10.8123
10.7181
9.53193
9.4437
8.37592
8.30244
7.48929
7.43485
6.7733
6.72458
6.11079
6.06481
5.48406
5.44054
4.89132
4.85015
4.32965
4.29053
3.7956
3.7585
3.30345
3.27186
2.5238
2.46387
1.88535
1.85073
1.48095
1.45699
1.19346
1.17574
0.972991
0.959325
0.804318
0.793466
0.663003
0.653741
0.544418
-1.75277
-1.78274
-1.81294
-1.84338
-1.87403
-1.90494
-1.96413
-1.99576
-2.02764
-2.05978
-2.09218
-2.12484
-2.18733
-2.22073
-2.25439
-2.28831
-2.3225
-2.35696
-2.42298
-2.45824
-2.49383
-2.52979
-2.56614
-2.60292
-2.6742
-2.71289
-2.75256
-2.79359
-2.83592
-2.88018
-2.96983
-3.0206
-3.07377
-3.12916
-3.18655
-3.24568
-3.36135
-3.42402
-3.48757
-3.55182
-3.61677
-3.68235
-3.80803
-3.87517
-3.94283
-4.01105
-4.07982
-4.14916
-4.28196
-4.35294
-4.42452
-4.49669
-4.56954
-4.64295
-4.78377
-4.85909
-4.93511
-5.01179
-5.08919
-5.16727
-5.31697
-5.39704
-5.47781
-5.55929
-5.64151
-5.72441
-5.88327
-5.9682
-6.05384
-6.14023
-6.22745
-6.31549
-6.4846
-6.57542
-6.6677
-6.76145
-6.85718
-6.95517
-7.14928
-7.25758
-7.37116
-7.49041
-7.616
-7.74784
-8.01431
-8.16262
-8.31528
-8.47148
-8.63055
-8.79227
-9.10391
-9.27108
-9.4399
-9.6102
-9.7819
-9.95499
-10.2866
-10.4639
-10.6427
-10.823
-11.0049
-11.1883
-11.54
-11.7282
-11.9181
-12.1098
-12.3032
-12.4984
-12.873
-13.0736
-13.276
-13.4803
-13.6864
-13.8944
-14.2935
-14.5071
-14.7226
-14.9399
-15.1593
-15.3805
-15.8048
-16.0321
-16.2617
-16.4938
-16.7287
-16.9669
-17.4294
-17.6815
-17.9409
-18.2086
-18.4869
-18.778
-19.3722
-19.7108
-20.0668
-20.4395
-20.827
-21.2276
-22.0141
-22.4412
-22.8753
-23.3147
-23.7594
-24.2091
-25.0722
-25.534
-25.9999
-26.4702
-26.945
-27.4242
-28.344
-28.8366
-29.3341
-29.8365
-30.3443
-30.8571
-31.8431
-32.3719
-32.9066
-33.4472
-33.9939
-34.5467
-35.61
-36.1807
-36.7579
-37.3417
-37.9326
-38.53
-39.6797
-40.2976
-40.9227
-41.5554
-42.1965
-42.8469
-44.1033
-44.7824
-45.4759
-46.1828
-46.9112
-47.6586
-49.1539
-49.9953
-50.8828
-51.8208
-52.8146
-53.8658
-56.0105
-57.2165
-58.4662
-59.7543
-61.0755
-62.4287
-65.0683
-66.5017
-67.9624
-69.4504
-70.965
-72.5092
-75.5151
-77.1506
-78.8219
-80.529
-82.2769
-84.0642
-87.5724
-89.4965
-91.4712
-93.5034
-95.5918
-97.7458
-102.007
-104.361
-106.792
-109.312
-111.923
-114.631
-120.048
-123.085
-126.238
-129.529
-132.982
-136.598
-143.939
-148.125
-152.548
-157.234
-162.216
-167.528
-178.717
-185.318
-192.549
-200.452
-209.176
-218.87
-240.335
-253.468
-267.87
-283.565
-300.56
-318.936
-357.976
-380.997
-405.573
-431.53
-458.996
-486.828
-535.208
-555.333
-569.762
-579.385
-583.823
-583.41
-569.413
-554.956
-535.082
-509.445
-477.713
-439.444
-348.733
-293.539
-236.472
-178.42
-120.15
-62.0515
47.7754
105.894
164.215
222.277
279.023
334.342
424.658
462.883
494.493
519.721
539.448
553.925
567.685
568.026
563.443
553.728
539.023
518.965
471.12
443.579
416.607
391.005
367.174
345.202
308.275
291.119
275.352
260.946
247.703
235.569
215.633
206.475
198.067
190.426
183.33
176.782
165.554
160.154
155.089
150.312
145.809
141.527
134.012
130.312
126.779
123.403
120.168
117.067
111.526
108.761
106.086
103.511
101.022
98.6162
94.2651
92.0635
89.9267
87.8483
85.8259
83.8544
80.255
78.4192
76.6259
74.8729
73.1587
71.4825
68.4172
66.8579
65.3442
63.8777
62.4653
61.1124
58.7322
57.5756
56.485
55.4551
54.4785
53.5491
51.8896
51.0542
50.2422
49.4494
48.6727
47.9111
46.504
45.7778
45.0613
44.3551
43.6583
42.9709
41.6931
41.0306
40.3765
39.7302
39.092
38.4616
37.2887
36.6799
36.0784
35.4838
34.8962
34.3152
33.233
32.6703
32.1137
31.5632
31.0185
30.479
29.4726
28.9485
28.4293
27.9149
27.4055
26.9009
25.9593
25.4694
24.9855
24.5074
24.037
23.5752
22.7307
22.3035
21.8929
21.5009
21.1276
20.7734
20.1519
19.8453
19.5507
19.2654
18.9882
18.7172
18.2173
17.959
17.704
17.4517
17.202
16.9546
16.4922
16.2513
16.0127
15.776
15.5415
15.309
14.8746
14.6481
14.4237
14.2015
13.9811
13.763
13.3553
13.1428
12.9322
12.7236
12.5168
12.3119
11.9289
11.7292
11.5311
11.3346
11.1399
10.9467
10.5851
10.3963
10.2092
10.0238
9.84008
9.65808
9.31952
9.14445
8.97275
8.80462
8.64114
8.48293
8.20101
8.06206
7.92972
7.80394
7.68346
7.56791
7.35869
7.25204
7.14748
7.04469
6.94315
6.84284
6.6558
6.55833
6.46166
6.36581
6.27072
6.1764
5.99985
5.90764
5.81619
5.72546
5.63544
5.54612
5.37909
5.29187
5.20538
5.11959
5.03447
4.95004
4.792
4.70947
4.62756
4.54626
4.46554
4.38541
4.23526
4.15675
4.07883
4.00144
3.92468
3.84852
3.70624
3.63224
3.55924
3.48755
3.41755
3.34948
3.22863
3.17003
3.11794
2.93253
2.76107
2.61473
2.38382
2.279
2.183
2.09391
2.01185
1.93598
1.8032
1.73879
1.67865
1.62163
1.56753
1.51579
1.42403
1.37942
1.33727
1.29651
1.25715
1.2192
1.15119
1.11727
1.08435
1.0527
1.02221
0.992858
0.94041
0.914358
0.889447
0.865725
0.842584
0.819911
0.778264
0.756944
0.736091
0.715706
0.695789
0.67634
0.640796
0.622699
0.605069
0.588118
0.571591
0.555209
