-2.10004
-2.28179
-2.47338
-2.67867
-2.90953
-3.18539
-3.50606
-3.85484
-4.22348
-4.61105
-5.01876
-5.44816
-5.90106
-6.38114
-6.90041
-7.49466
-8.21332
-9.04567
-9.94797
-10.9023
-11.9075
-12.9675
-14.0866
-15.2703
-16.5309
-17.9077
-19.5109
-21.4661
-23.7195
-26.1602
-28.752
-31.5006
-34.4239
-37.5443
-40.8926
-44.5296
-48.6196
-53.5607
-59.7388
-67.0196
-75.2324
-84.4918
-95.1149
-107.6
-122.714
-141.7
-166.864
-203.134
-260.671
-348.647
-463.79
-535.701
-483.617
-288.003
-7.19685
273.466
468.754
521.112
450.18
338.023
254.32
199.734
164.14
138.847
119.598
104.244
91.5479
80.7396
71.3666
63.3205
56.7921
51.6103
47.2125
43.2609
39.625
36.2473
33.0916
30.1304
27.3442
24.7391
22.3901
20.4227
18.7942
17.3484
16.0048
14.7379
13.5392
12.403
11.3247
10.3012
9.33963
8.47333
7.74528
7.13017
6.57381
6.05148
5.55561
5.08345
4.63306
4.20287
3.79299
3.40925
2.93096
2.24802
1.81472
1.50252
1.26386
1.073
0.916983
0.790719
-2.10092
-2.28087
-2.28271
-2.4724
-2.47435
-2.6776
-2.67973
-2.9083
-2.91077
-3.1839
-3.18687
-3.5044
-3.50773
-3.85306
-3.85661
-4.22161
-4.22534
-4.60909
-4.61302
-5.01669
-5.02083
-5.44598
-5.45034
-5.89876
-5.90336
-6.37869
-6.3836
-6.8977
-6.90311
-7.49145
-7.49788
-8.20945
-8.21719
-9.04136
-9.04998
-9.94338
-9.95256
-10.8974
-10.9071
-11.9024
-11.9126
-12.9621
-12.9728
-14.0809
-14.0923
-15.2643
-15.2764
-16.5245
-16.5374
-17.9005
-17.915
-19.5022
-19.5196
-21.4556
-21.4766
-23.7078
-23.7311
-26.1477
-26.1726
-28.7388
-28.7651
-31.4866
-31.5145
-34.409
-34.4388
-37.5284
-37.5603
-40.8754
-40.9098
-44.5107
-44.5484
-48.5978
-48.6415
-53.5333
-53.5881
-59.7054
-59.7723
-66.9814
-67.0579
-75.1895
-75.2754
-84.443
-84.5405
-95.0584
-95.1715
-107.532
-107.667
-122.631
-122.797
-141.594
-141.807
-166.719
-167.01
-202.914
-203.356
-260.316
-261.027
-348.135
-349.161
-463.224
-464.356
-535.627
-535.772
-484.222
-483.009
-289.28
-286.723
-8.6236
-5.77018
272.185
274.751
468.149
469.355
521.18
521.04
450.741
449.619
338.519
337.528
254.655
253.986
199.947
199.521
164.285
163.995
138.954
138.739
119.682
119.514
104.313
104.176
91.6055
91.4903
80.7892
80.6901
71.4097
71.3235
63.3567
63.2844
56.8206
56.7637
51.6336
51.5871
47.2329
47.192
43.2796
43.2422
39.6423
39.6077
36.2634
36.2312
33.1067
33.0765
30.1445
30.1162
27.3576
27.3309
24.7514
24.7268
22.4008
22.3794
20.4315
20.414
18.8017
18.7868
17.3553
17.3415
16.0113
15.9984
14.744
14.7319
13.5449
13.5334
12.4085
12.3976
11.3298
11.3195
10.3061
10.2963
9.34419
9.33507
8.47729
8.46938
7.74855
7.74202
7.13304
7.12731
6.57646
6.57116
6.05399
6.04897
5.558
5.55322
5.08573
5.08117
4.63523
4.63089
4.20495
4.2008
3.79496
3.79103
3.41106
3.40744
2.93545
2.92648
2.25062
2.24542
1.8165
1.81295
1.50386
1.50118
1.26491
1.26281
1.07385
1.07214
0.917671
0.916297
0.791303
-2.10749
-2.27397
-2.28962
-2.46511
-2.48168
-2.66966
-2.68771
-2.89905
-2.92012
-3.1728
-3.19806
-3.49194
-3.52023
-3.83978
-3.86993
-4.20763
-4.23936
-4.59439
-4.62775
-5.00122
-5.03634
-5.42967
-5.46668
-5.88154
-5.92063
-6.36034
-6.40201
-6.87747
-6.92347
-7.46749
-7.52207
-8.18055
-8.24632
-9.00908
-9.08236
-9.90901
-9.98702
-10.8612
-10.9434
-11.8643
-11.9509
-12.9218
-13.0132
-14.0384
-14.1349
-15.2192
-15.3216
-16.4761
-16.5859
-17.8464
-17.9694
-19.4369
-19.5855
-21.3771
-21.5556
-23.6206
-23.8186
-26.0546
-26.266
-28.6401
-28.8641
-31.3818
-31.6196
-34.2974
-34.5507
-37.409
-37.68
-40.7469
-41.0388
-44.3696
-44.6903
-48.4346
-48.8065
-53.3293
-53.7945
-59.4553
-60.0244
-66.6951
-67.3456
-74.8682
-75.5985
-84.0786
-84.9074
-94.6358
-95.5971
-107.029
-108.175
-122.012
-123.421
-140.8
-142.61
-165.633
-168.113
-201.278
-205.034
-257.679
-263.718
-344.3
-353.051
-458.968
-468.592
-534.98
-536.199
-488.642
-478.336
-298.795
-277.062
-19.3138
4.92271
262.578
284.312
463.505
473.751
521.58
520.393
454.929
445.401
342.266
333.841
257.191
251.499
201.564
197.935
165.382
162.914
139.767
137.937
120.316
118.886
104.828
103.665
92.0387
91.0603
81.1623
80.3194
71.734
71.0015
63.6289
63.0148
57.0353
56.5514
51.8086
51.4134
47.3868
47.039
43.4199
43.1024
39.7721
39.4783
36.3844
36.1106
33.22
32.9635
30.251
30.01
27.4577
27.231
24.8442
24.6345
22.4816
22.2993
20.4974
20.3487
18.8581
18.7307
17.4068
17.2902
16.0596
15.9502
14.7897
14.6863
13.5882
13.4903
12.4495
12.3566
11.3688
11.2806
10.3431
10.2595
9.37846
9.30098
8.50707
8.43984
7.77313
7.71765
7.15455
7.1059
6.5964
6.55129
6.07284
6.03016
5.57594
5.53533
5.10282
5.06412
4.65155
4.6146
4.22054
4.18524
3.80973
3.77629
3.42467
3.39391
2.96967
2.89333
2.27031
2.22609
1.82991
1.79977
1.51395
1.49122
1.27282
1.25498
1.0803
1.06575
0.92285
0.911175
0.795697
-2.12606
-2.15141
-2.17694
-2.20269
-2.22857
-2.25465
-2.30913
-2.3358
-2.36267
-2.38981
-2.41712
-2.44466
-2.50238
-2.53072
-2.55937
-2.58841
-2.61774
-2.64748
-2.71038
-2.74161
-2.77348
-2.80605
-2.83932
-2.8734
-2.94672
-2.98367
-3.02164
-3.06072
-3.10082
-3.14191
-3.22986
-3.2738
-3.31854
-3.36411
-3.41029
-3.45711
-3.55562
-3.60409
-3.65303
-3.7025
-3.75231
-3.80253
-3.90755
-3.95897
-4.01075
-4.06299
-4.11553
-4.16843
-4.27893
-4.33299
-4.38743
-4.44236
-4.49757
-4.55318
-4.66936
-4.7262
-4.78346
-4.84123
-4.89933
-4.95784
-5.08013
-5.13998
-5.20028
-5.26113
-5.32232
-5.38397
-5.51284
-5.57594
-5.63951
-5.70367
-5.76824
-5.8333
-5.9694
-6.0361
-6.10337
-6.17135
-6.23984
-6.30897
-6.45411
-6.52555
-6.59784
-6.67126
-6.74559
-6.82107
-6.9813
-7.06122
-7.14299
-7.22682
-7.31274
-7.40092
-7.59116
-7.68744
-7.78647
-7.88848
-7.99296
-8.10005
-8.32908
-8.44327
-8.55955
-8.67778
-8.79753
-8.91881
-9.17393
-9.29935
-9.42595
-9.55393
-9.68277
-9.81267
-10.0843
-10.2174
-10.3514
-10.4866
-10.6226
-10.7597
-11.046
-11.1861
-11.3272
-11.4697
-11.6129
-11.7573
-12.0589
-12.2066
-12.3554
-12.5056
-12.6567
-12.8089
-13.1272
-13.2831
-13.4402
-13.5988
-13.7583
-13.9191
-14.2554
-14.4202
-14.5862
-14.754
-14.9228
-15.093
-15.4493
-15.6242
-15.8006
-15.9791
-16.1591
-16.3409
-16.7233
-16.9119
-17.1032
-17.2977
-17.495
-17.6958
-18.1241
-18.3386
-18.5585
-18.7846
-19.0171
-19.2562
-19.7736
-20.0357
-20.3053
-20.5829
-20.8672
-21.1584
-21.7802
-22.0899
-22.4047
-22.7248
-23.0486
-23.3766
-24.0662
-24.4052
-24.7475
-25.0936
-25.4421
-25.7937
-26.5297
-26.8903
-27.2542
-27.6211
-27.9909
-28.3638
-29.1434
-29.5259
-29.9116
-30.3006
-30.6929
-31.0886
-31.9162
-32.3226
-32.7326
-33.1464
-33.5638
-33.9851
-34.8669
-35.3002
-35.7375
-36.1792
-36.625
-37.0751
-38.0184
-38.4824
-38.9511
-39.4248
-39.9035
-40.3874
-41.4037
-41.9049
-42.4124
-42.9264
-43.4474
-43.9758
-45.0924
-45.6475
-46.213
-46.7897
-47.3787
-47.9817
-49.2763
-49.9305
-50.6057
-51.3022
-52.022
-52.7657
-54.3837
-55.2081
-56.0585
-56.9344
-57.8353
-58.7604
-60.7412
-61.7333
-62.7455
-63.7773
-64.8279
-65.897
-68.1612
-69.2861
-70.4293
-71.5915
-72.7722
-73.9725
-76.5142
-77.7779
-79.064
-80.3731
-81.7058
-83.0634
-85.9489
-87.3902
-88.8601
-90.3607
-91.8942
-93.4609
-96.8079
-98.4878
-100.208
-101.972
-103.78
-105.634
-109.621
-111.635
-113.706
-115.84
-118.037
-120.301
-125.207
-127.704
-130.287
-132.964
-135.736
-138.612
-144.911
-148.158
-151.543
-155.076
-158.776
-162.659
-171.297
-175.831
-180.618
-185.688
-191.086
-196.817
-209.916
-216.941
-224.504
-232.586
-241.235
-250.486
-271.513
-282.66
-294.431
-306.853
-319.933
-333.734
-364.256
-379.997
-396.24
-412.927
-429.929
-446.786
-480.051
-494.48
-507.073
-517.741
-526.297
-532.229
-536.495
-534.581
-530.018
-522.752
-512.709
-499.928
-464.161
-442.359
-417.343
-389.231
-358.374
-324.903
-249.337
-210.558
-170.933
-130.675
-90.1226
-49.3292
34.955
75.7307
116.252
156.425
196.083
234.789
310.409
343.837
374.532
402.469
427.457
449.378
485.038
497.869
507.802
515.07
519.724
521.775
517.599
511.72
503.389
492.927
480.387
466.275
433.525
416.963
400.448
384.09
368.337
353.06
323.721
310.516
298.031
286.208
275.072
264.562
244.726
235.998
227.832
220.16
212.985
206.25
193.617
188.032
182.764
177.772
173.038
168.544
159.941
156.054
152.338
148.782
145.372
142.097
135.724
132.81
130.001
127.286
124.664
122.129
117.149
114.847
112.616
110.45
108.344
106.298
102.246
100.36
98.5225
96.7294
94.979
93.2707
89.8651
88.2712
86.7108
85.1833
83.6874
82.2217
79.2876
77.9086
76.5563
75.2301
73.9297
72.6552
70.1056
68.9106
67.7423
66.6013
65.4892
64.4061
62.2681
61.2805
60.3252
59.4021
58.5102
57.6499
55.964
55.1887
54.4372
53.7068
52.9975
52.3062
50.9303
50.2856
49.6534
49.0327
48.4225
47.8224
46.6117
46.0381
45.4721
44.9135
44.3617
43.8166
42.7117
42.1859
41.6659
41.1514
40.6426
40.1391
39.1164
38.6287
38.1459
37.6679
37.1947
36.7261
35.7731
35.3181
34.8673
34.4207
33.9782
33.5399
32.6474
32.221
31.7982
31.3791
30.9637
30.5518
29.7127
29.3115
28.9137
28.5192
28.1281
27.7406
26.9516
26.5748
26.2018
25.8325
25.4674
25.1068
24.3767
24.0314
23.6919
23.358
23.0314
22.712
22.0769
21.782
21.4958
21.2173
20.9475
20.6855
20.1676
19.9271
19.6924
19.4627
19.2381
19.0179
18.5743
18.3648
18.1581
17.9535
17.7518
17.5523
17.1465
16.9531
16.7614
16.5711
16.3828
16.1961
15.8151
15.633
15.4524
15.2729
15.0951
14.9187
14.5586
14.3864
14.2155
14.0457
13.8774
13.7104
13.3693
13.2062
13.0443
12.8833
12.7237
12.5654
12.2419
12.0871
11.9334
11.7806
11.6292
11.4788
11.1716
11.0246
10.8787
10.7336
10.5899
10.4473
10.1564
10.0175
9.87988
9.74342
9.60862
9.47543
9.20582
9.07834
8.95305
8.82989
8.70954
8.59192
8.35782
8.24908
8.14333
8.04048
7.94052
7.84315
7.64984
7.55961
7.4712
7.3844
7.29926
7.21543
7.04609
6.96573
6.88628
6.80757
6.72976
6.65272
6.49563
6.42058
6.34611
6.27213
6.19884
6.12608
5.97743
5.90628
5.83565
5.76538
5.69573
5.62657
5.48517
5.41746
5.35021
5.2833
5.21696
5.15107
5.0163
4.95174
4.88761
4.82378
4.76049
4.6976
4.56894
4.50729
4.44603
4.38506
4.32459
4.26452
4.14164
4.08279
4.02436
3.96623
3.90864
3.85151
3.73502
3.67946
3.62444
3.56998
3.51628
3.46325
3.35609
3.30546
3.25562
3.20648
3.15822
3.06936
2.80437
2.69267
2.59052
2.49593
2.40848
2.3272
2.17352
2.10611
2.04192
1.98104
1.9235
1.86862
1.76303
1.71504
1.66914
1.62544
1.58345
1.5429
1.46369
1.42754
1.39273
1.3594
1.32695
1.29543
1.2333
1.20462
1.17686
1.15002
1.12376
1.09867
1.04802
1.02451
1.00179
0.979723
0.958362
0.937666
0.897011
0.878458
0.860481
0.842747
0.825316
0.808159
