-2.36655
-2.69728
-3.10526
-3.63454
-4.23129
-4.87902
-5.58298
-6.35197
-7.23093
-8.39147
-9.82845
-11.413
-13.1382
-15.0224
-17.1065
-19.6367
-23.0637
-27.0862
-31.5175
-36.4141
-41.8851
-48.2527
-56.8648
-68.6272
-82.9823
-100.886
-124.803
-160.188
-223.524
-353.862
-518.665
-422.686
-7.14903
407.897
503.807
342.461
219.199
157.535
121.749
97.4255
79.1942
64.8163
54.3584
46.8874
40.6349
35.1083
30.1458
25.656
21.7829
18.9045
16.5811
14.4902
12.577
10.8195
9.21747
7.89356
6.89284
6.0234
5.22453
4.48471
3.79847
3.18992
2.11588
1.52769
1.15335
-2.36749
-2.69621
-2.69835
-3.10384
-3.10668
-3.63283
-3.63626
-4.22942
-4.23316
-4.87699
-4.88105
-5.58077
-5.58518
-6.34954
-6.35441
-7.22798
-7.23388
-8.38747
-8.39548
-9.82388
-9.83301
-11.408
-11.418
-13.1327
-13.1436
-15.0165
-15.0284
-17.0998
-17.1132
-19.6279
-19.6456
-23.0523
-23.0751
-27.0735
-27.0989
-31.5036
-31.5315
-36.3986
-36.4296
-41.8676
-41.9026
-48.2313
-48.2742
-56.8338
-56.8958
-68.588
-68.6664
-82.9347
-83.03
-100.825
-100.948
-124.718
-124.888
-160.054
-160.323
-223.254
-223.794
-353.342
-354.383
-518.427
-518.9
-423.531
-421.836
-8.55428
-5.74386
407.046
408.745
504.049
503.563
342.961
341.962
219.456
218.943
157.67
157.4
121.835
121.662
97.4877
97.3633
79.2428
79.1457
64.8541
64.7786
54.3841
54.3327
46.9076
46.8672
40.6525
40.6173
35.124
35.0926
30.16
30.1316
25.6687
25.6432
21.7931
21.7727
18.912
18.897
16.5877
16.5746
14.4963
14.4842
12.5825
12.5714
10.8246
10.8144
9.22198
9.21296
7.89695
7.89016
6.89559
6.89009
6.0259
6.0209
5.22684
5.22222
4.48685
4.48256
3.80045
3.7965
3.19159
3.18826
2.1182
2.11356
1.52906
1.52632
1.15427
-2.37644
-2.68608
-2.70853
-3.09038
-3.1203
-3.61656
-3.65258
-4.21167
-4.25094
-4.85774
-4.90035
-5.55983
-5.6062
-6.32649
-6.37756
-7.19999
-7.2621
-8.34954
-8.4337
-9.78057
-9.87645
-11.3609
-11.4652
-13.0814
-13.1951
-14.9602
-15.0848
-17.0363
-17.177
-19.544
-19.7306
-22.944
-23.1838
-26.9529
-27.2198
-31.371
-31.6646
-36.2514
-36.5773
-41.7017
-42.0694
-48.0286
-48.4791
-56.5407
-57.1926
-68.2169
-69.0401
-82.4836
-83.4848
-100.247
-101.534
-123.914
-125.701
-158.787
-161.612
-220.72
-226.399
-348.446
-359.357
-516.017
-521.009
-431.463
-413.557
-21.8669
7.60143
398.769
416.632
506.187
501.167
347.728
337.255
221.922
216.542
158.962
156.13
122.663
120.845
98.0821
96.7751
79.7054
78.6868
65.2146
64.4218
54.6299
54.0901
47.1001
46.676
40.8201
40.4504
35.2735
34.9436
30.295
29.997
25.7904
25.5221
21.8903
21.6767
18.9837
18.8258
16.6504
16.5121
14.5534
14.4272
12.6349
12.5192
10.8728
10.7664
9.26495
9.17023
7.92938
7.85806
6.92177
6.86401
6.04968
5.99718
5.24881
5.20031
4.50725
4.46222
3.81925
3.77777
3.20741
3.17244
2.14054
2.09187
1.5422
1.51336
1.1631
-2.40793
-2.4549
-2.50261
-2.55112
-2.60053
-2.65107
-2.74469
-2.79954
-2.8566
-2.9162
-2.97868
-3.04416
-3.16882
-3.24267
-3.31904
-3.39756
-3.47799
-3.56005
-3.71008
-3.79583
-3.88272
-3.9707
-4.05974
-4.14989
-4.31354
-4.40671
-4.50098
-4.59639
-4.69297
-4.79073
-4.96828
-5.06945
-5.17188
-5.27558
-5.38059
-5.48692
-5.68018
-5.79038
-5.902
-6.01514
-6.12992
-6.24639
-6.45923
-6.58153
-6.70658
-6.83484
-6.96708
-7.10395
-7.36304
-7.51796
-7.68093
-7.85218
-8.03164
-8.2187
-8.5691
-8.7731
-8.98165
-9.19424
-9.41045
-9.62991
-10.0293
-10.2571
-10.4877
-10.7211
-10.9574
-11.1968
-11.6316
-11.8794
-12.1303
-12.3844
-12.6418
-12.9025
-13.3766
-13.6468
-13.9208
-14.1983
-14.4795
-14.7646
-15.2835
-15.58
-15.881
-16.1871
-16.4987
-16.8165
-17.403
-17.7448
-18.0984
-18.4667
-18.8518
-19.2568
-20.035
-20.5024
-20.9916
-21.5006
-22.0271
-22.5687
-23.5678
-24.1427
-24.7271
-25.3207
-25.9229
-26.5336
-27.6456
-28.2803
-28.9239
-29.5766
-30.2383
-30.9098
-32.1334
-32.8327
-33.5429
-34.2638
-34.9961
-35.7398
-37.0981
-37.876
-38.6673
-39.4722
-40.2915
-41.126
-42.6582
-43.5425
-44.4488
-45.3788
-46.3382
-47.332
-49.2113
-50.3369
-51.5256
-52.7857
-54.122
-55.5364
-58.2514
-59.8691
-61.5506
-63.2904
-65.0853
-66.9333
-70.3634
-72.3586
-74.4094
-76.5186
-78.6898
-80.9267
-85.1004
-87.5463
-90.0771
-92.7018
-95.4268
-98.2587
-103.616
-106.8
-110.133
-113.628
-117.301
-121.17
-128.621
-133.147
-137.956
-143.089
-148.587
-154.502
-166.307
-173.749
-181.929
-190.969
-201.036
-212.296
-235.995
-251.576
-268.896
-288.043
-309.009
-331.834
-377.183
-404.736
-432.876
-460.293
-485.262
-505.688
-526.219
-527.744
-521.869
-508.174
-486.511
-456.685
-381.867
-328.391
-268.443
-203.831
-136.781
-68.4988
54.2203
122.473
189.489
253.863
313.769
367.066
441.775
471.547
493.272
506.844
512.759
511.282
490.838
470.633
446.188
419.025
391.621
365.025
321.393
299.664
279.819
261.829
245.595
230.986
208.535
197.731
187.953
179.123
171.058
163.654
151.826
145.869
140.303
135.105
130.223
125.633
118.057
114.125
110.391
106.836
103.445
100.204
94.7517
91.8683
89.0933
86.4197
83.8405
81.3486
77.1032
74.8331
72.6376
70.5162
68.4698
66.5026
63.1989
61.4746
59.8463
58.3122
56.8685
55.5093
53.2599
52.0819
50.9519
49.8614
48.8061
47.7805
46.0135
45.0551
44.1171
43.1976
42.296
41.4114
39.8707
39.0289
38.2015
37.3879
36.5878
35.8006
34.4258
33.6725
32.9307
32.2
31.4801
30.7706
29.5288
28.8472
28.1753
27.5133
26.8611
26.2194
25.102
24.4942
23.9015
23.3263
22.7711
22.2381
21.3479
20.884
20.4439
20.0248
19.6238
19.2381
18.5795
18.2241
17.8766
17.5357
17.2008
16.8712
16.2948
15.9784
15.6663
15.3584
15.0545
14.7547
14.2289
13.9397
13.6541
13.3723
13.0941
12.8194
12.3373
12.0719
11.8098
11.5509
11.2951
11.0425
10.5992
10.3554
10.1149
9.87815
9.64535
9.41701
9.02262
8.81076
8.60633
8.41044
8.22349
8.04534
7.74792
7.59135
7.44061
7.29458
7.15275
7.01413
6.77332
6.64174
6.51205
6.38421
6.25799
6.13337
5.91462
5.79417
5.67509
5.55741
5.4411
5.32609
5.12398
5.01256
4.90237
4.79338
4.68559
4.57896
4.39138
4.28789
4.18552
4.08428
3.98428
3.88551
3.7127
3.61826
3.52581
3.43566
3.34811
3.2634
3.09015
2.86357
2.66829
2.50067
2.35347
2.22233
2.01893
1.91922
1.82706
1.74157
1.66239
1.5894
1.46924
1.40761
1.35065
1.29641
1.24457
1.19513
