-2.05134
-2.39446
-2.78204
-3.28971
-3.93066
-4.6435
-5.4275
-6.29468
-7.30288
-8.67529
-10.3613
-12.2312
-14.2978
-16.6021
-19.3808
-23.2456
-27.8777
-33.0582
-38.895
-45.6329
-54.4379
-67.2304
-83.4991
-104.534
-134.345
-183.605
-290.702
-491.482
-466.679
-7.19685
451.903
477.376
282.653
180.715
131.402
101.127
79.7304
63.5197
52.3518
44.3473
37.6113
31.709
26.4605
21.9586
18.6823
16.0757
13.7534
11.6542
9.75335
8.14115
6.95667
5.96274
5.06184
4.23719
3.48703
2.43906
1.63682
1.18153
0.879881
0.663939
-2.0522
-2.39351
-2.39541
-2.78091
-2.78317
-3.28816
-3.29127
-3.92886
-3.93245
-4.64153
-4.64547
-5.42533
-5.42967
-6.29226
-6.2971
-7.29985
-7.30591
-8.67115
-8.67944
-10.3566
-10.366
-12.226
-12.2364
-14.2921
-14.3036
-16.5956
-16.6086
-19.3722
-19.3894
-23.2341
-23.257
-27.8648
-27.8906
-33.0438
-33.0727
-38.8786
-38.9115
-45.6133
-45.6524
-54.4096
-54.4663
-67.1921
-67.2688
-83.451
-83.5472
-104.469
-104.599
-134.248
-134.441
-183.427
-183.783
-290.288
-291.118
-490.994
-491.967
-467.373
-465.98
-8.6236
-5.77018
451.204
452.599
477.865
476.889
283.047
282.26
180.89
180.54
131.5
131.304
101.192
101.061
79.7793
79.6815
63.5561
63.4834
52.3757
52.328
44.3665
44.3282
37.6279
37.5947
31.7236
31.6943
26.4736
26.4475
21.9689
21.9482
18.6897
18.6749
16.0822
16.0693
13.7592
13.7476
11.6595
11.6489
9.75809
9.74862
8.14479
8.13752
6.95946
6.95388
5.96522
5.96025
5.06412
5.05957
4.23927
4.23511
3.48888
3.48518
2.44208
2.43605
1.63832
1.63531
1.18249
1.18058
0.880514
0.879249
0.664442
-2.06085
-2.38402
-2.40494
-2.76967
-2.79451
-3.27264
-3.30691
-3.91095
-3.95042
-4.62185
-4.6652
-5.40365
-5.45142
-6.26811
-6.32134
-7.26972
-7.33637
-8.62979
-8.72106
-10.3097
-10.413
-12.1743
-12.2883
-14.2348
-14.3611
-16.5309
-16.6736
-19.2868
-19.476
-23.1198
-23.372
-27.7358
-28.0201
-32.8994
-33.2177
-38.7148
-39.076
-45.4187
-45.8486
-54.128
-54.752
-66.8095
-67.6539
-82.9719
-84.0301
-103.827
-105.248
-133.289
-135.416
-181.672
-185.581
-286.19
-295.312
-485.992
-496.699
-474.13
-458.756
-22.8764
8.48528
444.043
459.333
482.609
472.046
287.056
278.388
182.66
178.806
132.487
130.331
101.853
100.409
80.2702
79.1947
63.9218
63.1224
52.6154
52.0907
44.5582
44.1375
37.7939
37.4294
31.8704
31.548
26.6042
26.3174
22.0727
21.8456
18.7643
18.6009
16.1468
16.0048
13.8175
13.6895
11.7123
11.5963
9.80553
9.70138
8.18131
8.10142
6.98737
6.9261
5.99015
5.9354
5.08686
5.03689
4.26014
4.2143
3.50744
3.46674
2.4727
2.40627
1.65347
1.62038
1.19213
1.1711
0.886901
0.872939
0.6695
-2.09344
-2.14307
-2.19342
-2.24443
-2.29617
-2.34872
-2.44085
-2.49574
-2.55174
-2.60895
-2.66765
-2.72824
-2.83779
-2.90564
-2.97721
-3.0526
-3.13207
-3.21541
-3.36627
-3.45793
-3.55175
-3.64754
-3.74515
-3.84429
-4.0181
-4.12123
-4.22591
-4.33195
-4.43948
-4.54861
-4.73955
-4.85285
-4.9679
-5.08451
-5.20282
-5.32296
-5.53338
-5.65835
-5.78533
-5.91417
-6.04511
-6.17837
-6.41296
-6.55358
-6.69761
-6.84585
-6.99942
-7.15931
-7.45303
-7.637
-7.83201
-8.0373
-8.25256
-8.47674
-8.87864
-9.12068
-9.36791
-9.61945
-9.87516
-10.1351
-10.5903
-10.8605
-11.1349
-11.413
-11.6952
-11.9818
-12.4838
-12.782
-13.085
-13.3924
-13.7044
-14.0216
-14.5778
-14.9086
-15.2451
-15.5871
-15.9354
-16.2909
-16.9199
-17.2994
-17.6916
-18.099
-18.5251
-18.9744
-19.8084
-20.3335
-20.8878
-21.4682
-22.0719
-22.6962
-23.8064
-24.4718
-25.1506
-25.8406
-26.5422
-27.2558
-28.5083
-29.2537
-30.0113
-30.7818
-31.5653
-32.3624
-33.7648
-34.6011
-35.4529
-36.3206
-37.2048
-38.1063
-39.6977
-40.6507
-41.6251
-42.623
-43.647
-44.7005
-46.5947
-47.7583
-48.9792
-50.2685
-51.6393
-53.1014
-55.8499
-57.5855
-59.4151
-61.3314
-63.3265
-65.3959
-69.1165
-71.3789
-73.7143
-76.1274
-78.6223
-81.205
-85.8681
-88.7287
-91.7074
-94.8164
-98.0664
-101.472
-107.732
-111.644
-115.78
-120.164
-124.826
-129.796
-139.181
-145.221
-151.769
-158.903
-166.737
-175.393
-192.693
-204.556
-218.105
-233.647
-251.389
-271.496
-311.733
-338.68
-368.148
-399.868
-433.128
-465.792
-512.355
-529.247
-536.296
-533.462
-520.201
-496.303
-428.641
-373.076
-307.207
-233.825
-155.955
-76.1964
61.8211
141.499
219.226
292.749
358.519
413.73
481.41
505.294
518.546
521.666
514.64
498.116
452.167
420.091
387.632
356.859
328.448
302.68
264.546
245.579
228.835
214.09
201.103
189.597
172.604
164.013
156.182
149.01
142.41
136.3
126.788
121.742
117.011
112.555
108.353
104.378
98.015
94.5505
91.244
88.081
85.0495
82.1394
77.4002
74.7831
72.2658
69.848
67.5329
65.3253
61.8033
59.9201
58.1601
56.5173
54.98
53.5328
51.2185
49.9505
48.729
47.5471
46.3999
45.2838
43.43
42.3847
41.3624
40.3616
39.3815
38.4211
36.8149
35.9042
35.0104
34.1328
33.271
32.4245
31.0039
30.196
29.4016
28.6203
27.8523
27.0977
25.8341
25.1194
24.4229
23.7472
23.0947
22.4703
21.4707
20.9322
20.4245
19.9441
19.4861
19.0473
18.3271
17.9231
17.5288
17.1425
16.7631
16.3907
15.7651
15.4085
15.0578
14.7124
14.372
14.0371
13.4733
13.1515
12.8347
12.5225
12.2145
11.9113
11.4003
11.1084
10.8209
10.5378
10.2588
9.98469
9.52615
9.26748
9.01657
8.77452
8.54246
8.32162
7.9692
7.7784
7.59701
7.4232
7.2555
7.09295
6.823
6.67028
6.52012
6.37256
6.2273
6.08405
5.8429
5.70506
5.56924
5.43525
5.30295
5.17252
4.95242
4.82644
4.7022
4.57953
4.45829
4.3387
4.13679
4.02131
3.90754
3.79555
3.68544
3.57763
3.3985
3.29827
3.20105
3.05823
2.80641
2.59514
2.30115
2.15713
2.02909
1.91383
1.80915
1.71291
1.56601
1.48871
1.41698
1.35071
1.28814
1.2293
1.13621
1.08644
1.03875
0.993793
0.951498
0.911822
0.849604
0.815342
0.782108
0.749962
0.718874
0.688817
