-2.21817
-2.47855
-2.76635
-3.11598
-3.54968
-4.0346
-4.55596
-5.11513
-5.71625
-6.36611
-7.09216
-7.98996
-9.10861
-10.3591
-11.7066
-13.1562
-14.72
-16.4186
-18.3357
-20.7451
-23.7567
-27.131
-30.7946
-34.7803
-39.1471
-43.9986
-49.6686
-57.0987
-66.7133
-78.1184
-91.6591
-108.363
-130.096
-160.607
-209.718
-301.048
-448.888
-532.5
-374.344
-7.24458
359.724
517.795
435.742
292.525
205.926
157.814
127.051
105.003
88.033
74.2906
63.0612
54.5855
48.168
42.7204
37.8591
33.4509
29.4172
25.716
22.4348
19.829
17.7433
15.888
14.179
12.5945
11.121
9.75385
8.53486
7.55761
6.75709
6.03463
5.36316
4.73542
4.14703
3.59856
3.05064
2.13008
1.6157
1.2695
1.01647
0.82548
-2.21907
-2.47757
-2.47953
-2.76523
-2.76747
-3.11456
-3.11741
-3.54801
-3.55136
-4.03278
-4.03642
-4.55401
-4.55791
-5.11304
-5.11722
-5.714
-5.7185
-6.36366
-6.36857
-7.08932
-7.09501
-7.98628
-7.99364
-9.10429
-9.11293
-10.3544
-10.3638
-11.7015
-11.7116
-13.1508
-13.1617
-14.7141
-14.7259
-16.4122
-16.4251
-18.3281
-18.3433
-20.7352
-20.755
-23.745
-23.7683
-27.1183
-27.1437
-30.7808
-30.8083
-34.7653
-34.7953
-39.1306
-39.1637
-43.9799
-44.0172
-49.6458
-49.6916
-57.0677
-57.1297
-66.6753
-66.7513
-78.0739
-78.163
-91.6053
-91.713
-108.296
-108.431
-130.005
-130.187
-160.473
-160.741
-209.482
-209.954
-300.615
-301.481
-448.313
-449.463
-532.593
-532.403
-375.412
-373.271
-8.66084
-5.82826
358.655
360.791
517.696
517.891
436.314
435.169
292.938
292.113
206.153
205.699
157.949
157.68
127.143
126.959
105.072
104.934
88.0877
87.9783
74.3356
74.2456
63.097
63.0255
54.6116
54.5595
48.189
48.147
42.7389
42.7019
37.8758
37.8424
33.4661
33.4357
29.4311
29.4032
25.7287
25.7033
22.4455
22.424
19.8373
19.8208
17.7503
17.7363
15.8944
15.8815
14.1849
14.1731
12.6
12.589
11.1262
11.1159
9.75857
9.74913
8.53886
8.53087
7.56073
7.55449
6.7598
6.75437
6.03714
6.03212
5.3655
5.36082
4.73762
4.73323
4.14909
4.14498
3.60046
3.59667
3.05545
3.04585
2.13242
2.12774
1.61718
1.61421
1.27056
1.26844
1.01727
1.01567
0.826086
-2.22678
-2.46926
-2.48786
-2.75574
-2.77702
-3.10249
-3.12958
-3.53379
-3.56564
-4.01736
-4.05189
-4.53747
-4.57449
-5.09528
-5.13503
-5.69488
-5.73767
-6.34285
-6.38945
-7.0652
-7.11934
-7.95514
-8.02506
-9.06763
-9.14973
-10.3146
-10.4037
-11.6587
-11.7545
-13.1047
-13.2079
-14.6643
-14.7758
-16.3576
-16.4799
-18.2639
-18.408
-20.6514
-20.8396
-23.6463
-23.8674
-27.0105
-27.2518
-30.6639
-30.9256
-34.6377
-34.9233
-38.9902
-39.3047
-43.8219
-44.1762
-49.4522
-49.8874
-56.8053
-57.395
-66.3534
-67.0753
-77.6961
-78.5434
-91.1499
-92.1722
-107.721
-109.012
-129.235
-130.966
-159.343
-161.893
-207.499
-211.981
-296.969
-305.193
-443.363
-454.35
-533.255
-531.438
-384.323
-364.029
-20.6965
6.21294
349.433
369.703
516.738
518.576
441.153
430.272
296.484
288.648
208.097
203.792
159.101
156.547
127.933
126.179
105.661
104.351
88.5542
87.5155
74.7196
73.8644
63.4023
62.7234
54.8337
54.3394
48.3682
47.9689
42.8964
42.545
38.0178
37.7009
33.5955
33.3067
29.5499
29.2848
25.8372
25.5952
22.5372
22.3332
19.9075
19.7513
17.8101
17.6767
15.949
15.8271
14.2355
14.1227
12.6469
12.5422
11.1699
11.0724
9.79877
9.70907
8.57299
8.49706
7.58735
7.52807
6.78296
6.73129
6.0585
6.01081
5.38544
5.34094
4.75628
4.71461
4.16658
4.12752
3.61658
3.58061
3.0968
3.00558
2.15246
2.10805
1.62987
1.60168
1.27959
1.25949
1.0241
1.00891
0.831246
-2.25224
-2.28936
-2.32692
-2.36486
-2.40323
-2.44211
-2.51545
-2.55583
-2.59689
-2.63867
-2.68134
-2.72493
-2.80888
-2.85616
-2.90516
-2.95596
-3.00866
-3.06345
-3.1702
-3.2305
-3.29259
-3.35614
-3.42109
-3.48736
-3.61289
-3.68207
-3.75204
-3.82283
-3.89442
-3.96686
-4.103
-4.17751
-4.25286
-4.32888
-4.40567
-4.48334
-4.62926
-4.70923
-4.78992
-4.87145
-4.95393
-5.03718
-5.19384
-5.27964
-5.36645
-5.45409
-5.54267
-5.63234
-5.80102
-5.89348
-5.98713
-6.08179
-6.17775
-6.27487
-6.45864
-6.56002
-6.66337
-6.76867
-6.87633
-6.98694
-7.20049
-7.32133
-7.44694
-7.57737
-7.71303
-7.85436
-8.12987
-8.28553
-8.44572
-8.60963
-8.77711
-8.94792
-9.27155
-9.44964
-9.63022
-9.81274
-9.99736
-10.1842
-10.5356
-10.728
-10.9227
-11.1192
-11.3177
-11.5187
-11.8963
-12.1032
-12.3125
-12.5239
-12.7376
-12.9538
-13.3607
-13.5836
-13.8093
-14.0373
-14.2679
-14.5014
-14.941
-15.1822
-15.4267
-15.6741
-15.9248
-16.1794
-16.6614
-16.9282
-17.1999
-17.4778
-17.7626
-18.0559
-18.6246
-18.9476
-19.2843
-19.6345
-20.0001
-20.38
-21.1221
-21.5412
-21.9725
-22.4138
-22.8645
-23.3241
-24.1954
-24.6752
-25.1621
-25.6545
-26.1529
-26.658
-27.6093
-28.1311
-28.6591
-29.1935
-29.7342
-30.2814
-31.3136
-31.8804
-32.4543
-33.0355
-33.6241
-34.2205
-35.3471
-35.9664
-36.5943
-37.231
-37.8765
-38.5315
-39.7714
-40.4551
-41.1496
-41.8559
-42.5746
-43.3068
-44.7041
-45.4825
-46.281
-47.1019
-47.9489
-48.826
-50.5443
-51.5297
-52.5613
-53.6415
-54.7737
-55.9572
-58.2826
-59.6044
-60.9698
-62.3768
-63.8225
-65.3057
-68.152
-69.7392
-71.3632
-73.025
-74.7256
-76.4668
-79.8084
-81.6769
-83.5945
-85.5642
-87.589
-89.6725
-93.7031
-95.975
-98.3225
-100.749
-103.261
-105.864
-110.953
-113.853
-116.875
-120.025
-123.316
-126.757
-133.585
-137.54
-141.706
-146.11
-150.771
-155.73
-165.803
-171.808
-178.28
-185.287
-192.918
-201.254
-218.959
-229.923
-241.979
-255.219
-269.683
-285.373
-317.85
-337.235
-358
-380.081
-403.143
-426.844
-470.099
-490.858
-508.366
-521.799
-530.336
-533.777
-526.528
-515.034
-498.036
-475.374
-446.666
-411.861
-332.233
-282.262
-229.05
-173.69
-117.276
-60.2472
45.8074
102.796
159.179
214.596
267.61
317.577
397.15
431.894
460.576
483.261
500.242
511.906
519.27
515.844
507.352
494.353
476.979
456.561
414.24
391.025
368.541
347.172
327.194
308.581
277.621
262.791
249.128
236.595
225.199
214.78
197.786
189.696
182.257
175.373
168.968
163.001
152.921
147.942
143.245
138.802
134.589
130.586
123.668
120.178
116.84
113.642
110.576
107.632
102.465
99.8212
97.2699
94.8046
92.4198
90.1101
86.0129
83.8953
81.8376
79.8366
77.8912
75.9985
72.6263
70.88
69.185
67.5429
65.9556
64.4257
61.7493
60.3944
59.1017
57.8709
56.6979
55.5788
53.6295
52.6355
51.6759
50.7467
49.8432
48.9639
47.3883
46.5637
45.7556
44.9626
44.1839
43.4185
42.0327
41.302
40.5826
39.8739
39.1759
38.488
37.2385
36.5779
35.9264
35.2836
34.6495
34.0237
32.8849
32.2817
31.6861
31.0979
30.5169
29.9429
28.8973
28.3431
27.7958
27.2554
26.7222
26.1964
25.2428
24.7405
24.2487
23.7679
23.2986
22.8435
22.0393
21.6279
21.2335
20.8552
20.4914
20.142
19.5256
19.2077
18.8977
18.5951
18.2987
18.0082
17.4822
17.2042
16.9304
16.6602
16.3934
16.1295
15.6491
15.3939
15.1419
14.8928
14.6461
14.4025
13.9578
13.7214
13.4879
13.2569
13.028
12.8019
12.389
12.1694
11.9523
11.7374
11.5245
11.3141
10.9298
10.7255
10.5236
10.324
10.1266
9.93188
9.57832
9.39188
9.20925
9.03058
8.85612
8.68695
8.38764
8.23415
8.08677
7.94488
7.80805
7.67616
7.44217
7.32068
7.20212
7.08593
6.97174
6.85958
6.65589
6.54795
6.44148
6.33623
6.23203
6.12908
5.94109
5.84118
5.74217
5.64427
5.54723
5.45127
5.27584
5.18242
5.09
4.99847
4.90771
4.81791
4.65364
4.56622
4.4795
4.39369
4.30868
4.22437
4.07039
3.98842
3.90741
3.82731
3.74807
3.66996
3.52819
3.45339
3.38012
3.30823
3.23788
3.16901
2.87963
2.71694
2.57295
2.44397
2.32745
2.22104
2.04537
1.96016
1.88142
1.80745
1.73766
1.67248
1.56136
1.50549
1.45243
1.4026
1.35526
1.30988
1.23063
1.19072
1.15217
1.1159
1.08113
1.04697
0.987088
0.956647
0.927575
0.899864
0.873644
0.848383
