-1.73378
-2.02647
-2.34537
-2.69993
-3.14184
-3.71418
-4.35977
-5.06612
-5.84106
-6.70274
-7.75753
-9.16709
-10.7959
-12.5861
-14.5563
-16.7469
-19.3757
-22.9593
-27.2455
-32.0164
-37.3467
-43.3976
-50.7487
-61.1833
-74.8907
-91.9017
-114.23
-146.423
-201.353
-319.725
-509.025
-447.156
-7.24458
432.385
495
310.385
197.882
143.561
110.958
88.2794
71.0452
58.0561
49.148
42.1232
36.0433
30.6546
25.8308
21.712
18.6746
16.2143
14.0134
12.0154
10.1953
8.58914
7.35912
6.37568
5.49284
4.68402
3.93999
3.27009
2.17283
1.52914
1.13314
0.862086
0.661522
-1.73457
-2.02561
-2.02732
-2.34443
-2.34631
-2.69885
-2.70101
-3.1404
-3.14329
-3.71245
-3.71591
-4.35787
-4.36167
-5.06405
-5.0682
-5.83877
-5.84335
-6.70014
-6.70534
-7.75406
-7.761
-9.16275
-9.17144
-10.7911
-10.8007
-12.5808
-12.5913
-14.5505
-14.5622
-16.7404
-16.7535
-19.3671
-19.3843
-22.948
-22.9706
-27.2327
-27.2582
-32.0022
-32.0305
-37.3308
-37.3626
-43.3793
-43.416
-50.7247
-50.7728
-61.1489
-61.2178
-74.8481
-74.9334
-91.8478
-91.9558
-114.156
-114.303
-146.31
-146.535
-201.137
-201.569
-319.26
-320.19
-508.64
-509.407
-447.936
-446.372
-8.66084
-5.82826
431.598
433.167
495.375
494.623
310.833
309.937
198.091
197.674
143.674
143.447
111.033
110.883
88.3343
88.2246
71.0879
71.0025
58.086
58.0262
49.1696
49.1263
42.1415
42.1049
36.0593
36.0272
30.6689
30.6403
25.8436
25.818
21.7221
21.702
18.6821
18.6672
16.2208
16.2078
14.0193
14.0075
12.0208
12.0101
10.2002
10.1905
8.59318
8.58509
7.36211
7.35613
6.37829
6.37308
5.49521
5.49046
4.6862
4.68184
3.942
3.93799
3.27183
3.26835
2.17525
2.17041
1.53051
1.52776
1.13405
1.13224
0.862711
0.861461
0.662022
-1.74229
-2.01725
-2.0357
-2.33529
-2.35548
-2.68839
-2.71154
-3.12635
-3.15747
-3.6956
-3.73282
-4.33938
-4.38021
-5.04381
-5.0885
-5.81652
-5.86568
-6.67486
-6.73077
-7.72041
-7.79504
-9.1205
-9.21387
-10.7443
-10.8476
-12.5294
-12.6429
-14.4939
-14.619
-16.6764
-16.8178
-19.2839
-19.4684
-22.8381
-23.0811
-27.1088
-27.3826
-31.8645
-32.1688
-37.1761
-37.518
-43.201
-43.5952
-50.4917
-51.0089
-60.8143
-61.5553
-74.4335
-75.3509
-91.3236
-92.4845
-113.442
-115.026
-145.222
-147.641
-199.055
-203.703
-314.757
-324.77
-504.781
-513.006
-455.347
-438.536
-22.4661
7.98408
423.744
440.595
498.83
490.81
315.246
305.621
200.146
195.665
144.789
142.351
111.766
110.159
88.8714
87.6921
71.506
70.588
58.3798
57.7363
49.381
48.9164
42.3199
41.9273
36.2161
35.871
30.8089
30.5008
25.9684
25.6937
21.8207
21.6045
18.7549
18.5948
16.2844
16.1444
14.0768
13.9502
12.0732
11.9579
10.2478
10.1431
8.63281
8.54586
7.39135
7.32707
6.40369
6.34776
5.51839
5.46735
4.7075
4.6606
3.96155
3.91849
3.28884
3.25145
2.19921
2.14712
1.54405
1.51442
1.14296
1.12369
0.868825
0.855385
0.666912
-1.77039
-1.81267
-1.85547
-1.89884
-1.9427
-1.98712
-2.06625
-2.11224
-2.15882
-2.20606
-2.25388
-2.30236
-2.38893
-2.4394
-2.49071
-2.54301
-2.59633
-2.65092
-2.7503
-2.8098
-2.87179
-2.93673
-3.00488
-3.0764
-3.20978
-3.29018
-3.37321
-3.45863
-3.54591
-3.63494
-3.79453
-3.88756
-3.98191
-4.07763
-4.17454
-4.27273
-4.44782
-4.54963
-4.6528
-4.75746
-4.86344
-4.97086
-5.16254
-5.27409
-5.38719
-5.50199
-5.61831
-5.73631
-5.94717
-6.07013
-6.19509
-6.32234
-6.45192
-6.58425
-6.82404
-6.96673
-7.11474
-7.26923
-7.43099
-7.60114
-7.92096
-8.11585
-8.31903
-8.52964
-8.7464
-8.96859
-9.3689
-9.60307
-9.84094
-10.0826
-10.3274
-10.5757
-11.0188
-11.2765
-11.5379
-11.8031
-12.0718
-12.3443
-12.8308
-13.1142
-13.4016
-13.6935
-13.9894
-14.2897
-14.8265
-15.1396
-15.4578
-15.7817
-16.111
-16.447
-17.0533
-17.4123
-17.7827
-18.1673
-18.5684
-18.9889
-19.7808
-20.2675
-20.7788
-21.3141
-21.8697
-22.4436
-23.4857
-24.0989
-24.7237
-25.36
-26.0061
-26.6624
-27.8361
-28.5208
-29.2161
-29.9224
-30.6399
-31.3688
-32.6733
-33.4358
-34.2113
-35.0001
-35.8027
-36.6197
-38.0855
-38.9449
-39.821
-40.7151
-41.6282
-42.5619
-44.2528
-45.2566
-46.2936
-47.3687
-48.4905
-49.6667
-51.887
-53.2626
-54.7247
-56.2743
-57.9081
-59.6224
-62.7976
-64.7034
-66.6721
-68.7026
-70.7948
-72.9503
-76.8841
-79.2306
-81.6554
-84.1638
-86.7619
-89.4571
-94.4333
-97.4401
-100.579
-103.862
-107.301
-110.914
-117.703
-121.882
-126.312
-131.02
-136.036
-141.402
-151.784
-158.391
-165.582
-173.473
-182.19
-191.897
-211.881
-225.416
-240.774
-258.122
-277.524
-299.07
-342.101
-369.817
-399.543
-430.416
-461.08
-488.947
-523.75
-532.595
-532.979
-524.264
-506.506
-479.249
-407.095
-352.063
-288.571
-219.219
-146.519
-72.4403
58.0008
132.016
204.722
273.935
337.47
392.423
464.502
491.717
509.628
518.293
518.187
509.236
475.095
447.748
417.738
387.497
358.639
331.873
290.644
270.203
251.866
235.459
220.926
208.002
188.7
179.219
170.619
162.781
155.593
148.963
138.495
133.069
127.987
123.216
118.725
114.483
107.593
103.925
100.432
97.0968
93.9079
90.8526
85.7939
83.0545
80.4147
77.8693
75.4142
73.0463
69.1109
66.9851
64.9536
63.0225
61.1957
59.4753
56.7132
55.2639
53.895
52.5943
51.352
50.1581
48.1662
47.0743
46.0113
44.9747
43.9624
42.9724
41.2893
40.3542
39.4374
38.5379
37.6552
36.7888
35.3093
34.4841
33.6731
32.8755
32.0912
31.3196
29.9988
29.2604
28.5338
27.8187
27.1156
26.4247
25.2472
24.5951
23.9605
23.345
22.7529
22.1861
21.2594
20.768
20.3016
19.857
19.4318
19.0225
18.3354
17.957
17.5867
17.2233
16.8669
16.5165
15.9162
15.5806
15.2501
14.9241
14.6031
14.2867
13.7435
13.4394
13.1395
12.8435
12.5518
12.2641
11.7697
11.4926
11.2193
10.9494
10.6835
10.4215
9.97237
9.72201
9.47672
9.23703
9.00419
8.77907
8.40644
8.20692
8.01725
7.83657
7.66428
7.49901
7.22306
7.07156
6.92365
6.7786
6.63631
6.4964
6.25653
6.12224
5.9898
5.85904
5.73013
5.60289
5.38403
5.26123
5.13999
5.02014
4.9019
4.78512
4.58401
4.47107
4.3595
4.24919
4.14035
4.0329
3.84824
3.74495
3.64344
3.54379
3.44635
3.3513
3.19088
3.03987
2.80672
2.6093
2.43927
2.29031
2.066
1.9544
1.85332
1.75968
1.67372
1.59451
1.46747
1.40194
1.34073
1.28269
1.22779
1.17619
1.09316
1.04847
1.00583
0.965362
0.927259
0.891426
0.833622
0.801977
0.771255
0.741433
0.712666
0.684941
