-2.08787
-2.35148
-2.63245
-2.96281
-3.41759
-3.9365
-4.4893
-5.07997
-5.71267
-6.38842
-7.13498
-8.14552
-9.42491
-10.8064
-12.2828
-13.8684
-15.5687
-17.4032
-19.6635
-22.8345
-26.428
-30.2909
-34.4757
-39.0369
-44.0306
-49.8419
-58.2746
-69.2167
-81.9317
-97.1972
-116.541
-142.829
-183.168
-262.969
-420.668
-563.21
-423.185
-7.10037
408.448
547.123
404.436
255.982
181.265
140.437
113.498
93.7115
78.0583
65.0654
55.2466
48.5659
42.9162
37.812
33.1631
28.8922
24.9326
21.4431
18.955
16.9387
15.071
13.3297
11.708
10.1907
8.78369
7.6665
6.83467
6.07851
5.36755
4.69986
4.07029
3.47868
2.75536
1.93236
1.46398
1.14649
0.911184
-2.08873
-2.35056
-2.35239
-2.63146
-2.63345
-2.9615
-2.96413
-3.41591
-3.41928
-3.93469
-3.93832
-4.48737
-4.49123
-5.0779
-5.08204
-5.71045
-5.71489
-6.38605
-6.39078
-7.13218
-7.13778
-8.14149
-8.14956
-9.42038
-9.42943
-10.8016
-10.8113
-12.2776
-12.2879
-13.8628
-13.874
-15.5627
-15.5746
-17.3966
-17.4098
-19.6543
-19.6728
-22.8228
-22.8462
-26.4154
-26.4406
-30.2773
-30.3045
-34.461
-34.4905
-39.0208
-39.053
-44.0128
-44.0484
-49.8191
-49.8647
-58.2407
-58.3084
-69.1769
-69.2566
-81.885
-81.9784
-97.1398
-97.2547
-116.466
-116.616
-142.723
-142.936
-182.989
-183.347
-262.582
-263.357
-419.99
-421.347
-563.155
-563.262
-424.244
-422.121
-8.59866
-5.60221
407.388
409.504
547.179
547.064
405.099
403.773
256.334
255.63
181.442
181.088
140.546
140.328
113.575
113.421
93.7703
93.6527
78.1063
78.0103
65.1051
65.0257
55.2729
55.2202
48.5861
48.5456
42.9343
42.8981
37.8284
37.7955
33.1781
33.1481
28.9061
28.8783
24.9454
24.9197
21.4533
21.4329
18.9622
18.9477
16.9453
16.9322
15.0771
15.0649
13.3354
13.324
11.7133
11.7027
10.1956
10.1857
8.78813
8.77924
7.66962
7.66339
6.83731
6.83203
6.08099
6.07602
5.36988
5.36522
4.70206
4.69767
4.07236
4.06822
3.48057
3.47678
2.75964
2.75111
1.93432
1.9304
1.46527
1.4627
1.1474
1.14558
0.911862
-2.09653
-2.34229
-2.36067
-2.62254
-2.64241
-2.94972
-2.97609
-3.40073
-3.43452
-3.91838
-3.95465
-4.46997
-4.50862
-5.05931
-5.10068
-5.69054
-5.73485
-6.3648
-6.41211
-7.10711
-7.16314
-8.10534
-8.18603
-9.37971
-9.47025
-10.7582
-10.8547
-12.2311
-12.3346
-13.8129
-13.9241
-15.5093
-15.6283
-17.3376
-17.4691
-19.5715
-19.7569
-22.7178
-22.9516
-26.3022
-26.5541
-30.1554
-30.4269
-34.3283
-34.6235
-38.876
-39.1983
-43.8529
-44.209
-49.6159
-50.0713
-57.9371
-58.6145
-68.8192
-69.616
-81.4662
-82.3999
-96.6252
-97.7737
-115.796
-117.294
-141.772
-143.899
-181.4
-184.979
-259.137
-266.897
-413.92
-427.489
-562.512
-563.578
-433.582
-412.264
-22.0768
7.87695
397.654
418.817
547.539
546.384
411.127
397.849
259.545
252.502
183.054
179.509
141.533
139.355
114.269
112.735
94.3016
93.1259
78.5398
77.5797
65.4639
64.67
55.512
54.9851
48.7691
48.3638
43.0977
42.7353
37.9767
37.6477
33.3136
33.013
29.0314
28.7533
25.0615
24.8041
21.5458
21.3418
19.0274
18.8829
17.0041
16.8734
15.1321
15.0101
13.3866
13.2729
11.7611
11.6552
10.2405
10.141
8.82827
8.73941
7.69781
7.63552
6.8611
6.8083
6.10334
6.05371
5.3909
5.34426
4.7218
4.67797
4.09102
4.04959
3.49771
3.45977
2.79884
2.71419
1.95209
1.91287
1.47692
1.45121
1.15565
1.13741
0.918004
-2.1225
-2.16032
-2.19849
-2.23702
-2.27583
-2.31501
-2.38822
-2.42837
-2.46889
-2.50987
-2.55126
-2.59317
-2.67242
-2.7167
-2.7623
-2.80987
-2.85931
-2.9117
-3.0168
-3.0784
-3.1431
-3.21037
-3.27978
-3.35078
-3.48535
-3.55961
-3.63475
-3.71069
-3.78728
-3.86453
-4.00903
-4.08825
-4.16821
-4.24898
-4.33038
-4.41259
-4.56656
-4.6511
-4.73647
-4.82282
-4.90991
-4.99792
-5.16277
-5.25342
-5.34498
-5.43741
-5.53071
-5.62484
-5.80126
-5.89807
-5.99574
-6.09444
-6.194
-6.29465
-6.48325
-6.58732
-6.69299
-6.80097
-6.91155
-7.02557
-7.24929
-7.37991
-7.51863
-7.6664
-7.8229
-7.98746
-8.30867
-8.48953
-8.67438
-8.86238
-9.05265
-9.2453
-9.6062
-9.80415
-10.004
-10.2059
-10.4094
-10.6149
-10.9995
-11.2107
-11.4242
-11.6398
-11.8576
-12.0775
-12.4899
-12.7166
-12.9456
-13.1773
-13.4114
-13.6481
-14.0911
-14.3342
-14.58
-14.8287
-15.0795
-15.3327
-15.8069
-16.0678
-16.3312
-16.5982
-16.8688
-17.144
-17.6685
-17.9648
-18.2729
-18.5969
-18.9398
-19.3047
-20.0433
-20.4762
-20.9284
-21.3981
-21.8796
-22.3721
-23.3031
-23.8169
-24.3364
-24.8621
-25.3923
-25.9283
-26.9322
-27.4842
-28.042
-28.6058
-29.1758
-29.753
-30.835
-31.4313
-32.035
-32.6459
-33.2645
-33.8908
-35.0679
-35.7179
-36.375
-37.0411
-37.7151
-38.3983
-39.6831
-40.3918
-41.11
-41.8382
-42.5775
-43.3274
-44.7462
-45.5368
-46.3486
-47.1849
-48.0526
-48.9601
-50.7762
-51.856
-53.0138
-54.2522
-55.5661
-56.9468
-59.6435
-61.1701
-62.7355
-64.3373
-65.9739
-67.6446
-70.8182
-72.5909
-74.4016
-76.2541
-78.1508
-80.0938
-83.8143
-85.9106
-88.0666
-90.2878
-92.5796
-94.9446
-99.523
-102.131
-104.835
-107.646
-110.571
-113.615
-119.591
-123.046
-126.666
-130.471
-134.477
-138.705
-147.186
-152.202
-157.572
-163.339
-169.571
-176.348
-190.648
-199.613
-209.671
-221.014
-233.832
-248.229
-279.162
-298.391
-319.406
-342.393
-367.359
-394.227
-448.158
-477.819
-505.612
-529.326
-547.102
-558.463
-562.523
-555.838
-542.789
-523.313
-496.396
-462.021
-377.183
-320.724
-259.58
-195.923
-131.441
-66.7657
52.5412
117.21
181.616
245.242
306.297
362.569
447.226
481.341
508.008
527.331
540.167
546.747
542.242
530.644
512.679
488.888
460.997
431.453
378.709
352.782
329.063
307.624
288.241
270.689
242.585
229.405
217.579
206.93
197.333
188.626
174.479
167.678
161.372
155.511
150.035
144.899
136.21
131.872
127.766
123.866
120.157
116.619
110.502
107.386
104.395
101.523
98.7571
96.0899
91.4053
88.984
86.6375
84.3592
82.1466
79.9934
76.1685
74.1688
72.2196
70.3195
68.4695
66.6722
63.5116
61.8985
60.3685
58.9281
57.582
56.3283
54.2258
53.1772
52.1785
51.2172
50.2873
49.3821
47.766
46.914
46.0764
45.2529
44.4421
43.643
42.1989
41.4337
40.677
39.9323
39.1981
38.4725
37.1605
36.4635
35.7757
35.0969
34.4269
33.7655
32.5674
31.9287
31.298
30.6743
30.0581
29.4486
28.3412
27.75
27.1653
26.5869
26.0141
25.4483
24.4237
23.8818
23.3519
22.8352
22.337
21.8609
21.048
20.646
20.2688
19.912
19.5724
19.2469
18.6699
18.3674
18.0697
17.7765
17.4869
17.2005
16.6795
16.4013
16.1259
15.8529
15.5829
15.3154
14.829
14.5693
14.3124
14.0577
13.8063
13.5573
13.1042
12.8625
12.6237
12.3868
12.1524
11.9204
11.4978
11.2721
11.0486
10.8268
10.6072
10.3897
9.99316
9.78154
9.57232
9.36558
9.16236
8.96327
8.6094
8.428
8.25528
8.09181
7.93816
7.79338
7.54487
7.418
7.29489
7.17458
7.05663
6.94045
6.72996
6.61733
6.50596
6.39555
6.28618
6.17778
5.98012
5.87438
5.76967
5.66566
5.56281
5.46086
5.27504
5.17577
5.07741
4.97985
4.88326
4.78752
4.61289
4.51949
4.42683
4.33483
4.24368
4.15318
3.98801
3.89961
3.81208
3.72524
3.63957
3.55517
3.4041
3.32623
3.25272
3.18632
3.13367
2.94037
2.60064
2.45574
2.3278
2.21307
2.10894
2.01362
1.85622
1.77869
1.70689
1.63991
1.5764
1.51644
1.414
1.36354
1.31587
1.26983
1.2257
1.18345
1.1108
1.07362
1.03771
1.00317
0.970251
0.938846
