-2.33286
-2.63989
-3.0047
-3.48006
-4.02826
-4.62239
-5.26441
-5.96012
-6.72405
-7.64109
-8.85245
-10.2583
-11.7867
-13.4438
-15.246
-17.2344
-19.6412
-22.8589
-26.6246
-30.7548
-35.2869
-40.3042
-45.9873
-53.1259
-63.0833
-75.4674
-90.4064
-109.286
-134.9
-173.709
-245.408
-383.658
-525.436
-406.278
-7.14903
391.534
510.536
371.316
239.81
171.019
132.004
105.973
86.7553
71.5782
59.6615
51.2416
44.713
39.0417
33.9671
29.3715
25.1931
21.6015
18.9083
16.7066
14.7167
12.8877
11.2006
9.64653
8.29394
7.26021
6.40173
5.61787
4.89063
4.2131
3.58546
2.86897
1.9585
1.4553
1.12089
0.879692
-2.33379
-2.63885
-2.64093
-3.00338
-3.00603
-3.4784
-3.48172
-4.02644
-4.03008
-4.62043
-4.62436
-5.26228
-5.26653
-5.95781
-5.96243
-6.72146
-6.72664
-7.63772
-7.64445
-8.8482
-8.8567
-10.2536
-10.2629
-11.7817
-11.7918
-13.4383
-13.4493
-15.24
-15.252
-17.2277
-17.2412
-19.6323
-19.65
-22.8475
-22.8702
-26.6121
-26.6372
-30.741
-30.7685
-35.2718
-35.3021
-40.2873
-40.321
-45.9676
-46.007
-53.0991
-53.1528
-63.0473
-63.1192
-75.4244
-75.5105
-90.3536
-90.4592
-109.217
-109.354
-134.803
-134.998
-173.55
-173.869
-245.086
-245.73
-383.103
-384.214
-525.309
-525.561
-407.207
-405.345
-8.55428
-5.74386
390.612
392.451
510.654
510.415
371.854
370.778
240.111
239.51
171.177
170.862
132.103
131.906
106.043
105.903
86.8091
86.7015
71.6215
71.5349
59.6936
59.6295
51.2644
51.2188
44.7323
44.6938
39.0587
39.0246
33.9824
33.9517
29.3854
29.3575
25.2057
25.1805
21.6115
21.5915
18.9158
18.9008
16.7133
16.7
14.7228
14.7106
12.8933
12.8821
11.2058
11.1955
9.65123
9.64182
8.29774
8.29015
7.26312
7.25729
6.40432
6.39913
5.62027
5.61547
4.89287
4.8884
4.21518
4.21102
3.58736
3.58357
2.87331
2.86465
1.96052
1.95648
1.45659
1.45402
1.12182
1.11997
0.880325
-2.34242
-2.62926
-2.65055
-2.99115
-3.0184
-3.46309
-3.49711
-4.00962
-4.04695
-4.60227
-4.64256
-5.24263
-5.28623
-5.93648
-5.98382
-6.69754
-6.75066
-7.60674
-7.6758
-8.80899
-8.89607
-10.2104
-10.3063
-11.7349
-11.8387
-13.3875
-13.5003
-15.1847
-15.3076
-17.1652
-17.304
-19.5506
-19.7329
-22.743
-22.9753
-26.496
-26.7538
-30.614
-30.896
-35.1318
-35.4425
-40.1315
-40.4775
-45.7863
-46.1894
-52.852
-53.4028
-62.7159
-63.453
-75.0275
-75.91
-89.867
-90.9502
-108.584
-109.994
-133.911
-135.904
-172.093
-175.354
-242.144
-248.749
-378.004
-389.389
-524.007
-526.57
-415.552
-396.541
-21.517
7.25033
381.911
400.76
511.625
509.15
376.851
365.825
242.938
236.758
172.647
169.416
133.023
130.999
106.694
105.26
87.3089
86.2057
72.0237
71.1362
59.9919
59.3354
51.4766
51.0085
44.9103
44.5166
39.2166
38.8674
34.1247
33.81
29.5148
29.2285
25.3224
25.0644
21.7044
21.4995
18.9856
18.8314
16.7746
16.6388
14.779
14.6546
12.9451
12.8305
11.2536
11.1478
9.69487
9.5984
8.33303
8.25527
7.29018
7.23042
6.42838
6.37515
5.64253
5.59328
4.91356
4.86776
4.23448
4.19176
3.60492
3.56611
2.91415
2.82541
1.97937
1.93796
1.46859
1.44223
1.13029
1.11155
0.886214
-2.37201
-2.41565
-2.45993
-2.50487
-2.55047
-2.59692
-2.68375
-2.73335
-2.78445
-2.83745
-2.89259
-2.95019
-3.06143
-3.12665
-3.19444
-3.2647
-3.33704
-3.41131
-3.55
-3.62837
-3.70782
-3.78844
-3.86997
-3.95257
-4.10478
-4.19006
-4.2762
-4.36341
-4.4515
-4.54065
-4.70497
-4.79706
-4.89009
-4.9843
-5.07953
-5.17598
-5.35377
-5.45346
-5.55422
-5.6563
-5.75954
-5.86414
-6.05722
-6.16574
-6.27568
-6.38745
-6.50104
-6.61681
-6.83365
-6.9579
-7.08607
-7.21927
-7.35796
-7.50324
-7.78498
-7.95045
-8.12313
-8.30216
-8.48672
-8.67653
-9.03142
-9.23195
-9.43581
-9.64255
-9.85175
-10.0638
-10.4548
-10.6737
-10.8954
-11.1198
-11.3465
-11.5762
-11.9996
-12.2368
-12.477
-12.7201
-12.9661
-13.2153
-13.6749
-13.9326
-14.1937
-14.4581
-14.726
-14.9969
-15.4982
-15.7797
-16.0659
-16.3567
-16.6524
-16.9546
-17.5208
-17.8452
-18.1812
-18.5306
-18.895
-19.2776
-20.0215
-20.4595
-20.9174
-21.3931
-21.8843
-22.3898
-23.3368
-23.8733
-24.4182
-24.972
-25.533
-26.1022
-27.1534
-27.7438
-28.3418
-28.9476
-29.5615
-30.1834
-31.3332
-31.9796
-32.6348
-33.2994
-33.9738
-34.6579
-35.9243
-36.6377
-37.3619
-38.0973
-38.8448
-39.6043
-41.015
-41.813
-42.6263
-43.4566
-44.3062
-45.1764
-46.8208
-47.7724
-48.7619
-49.7966
-50.8838
-52.0299
-54.278
-55.6144
-57.0192
-58.4878
-60.0166
-61.6016
-64.6052
-66.3288
-68.0986
-69.9146
-71.7779
-73.6898
-77.2886
-79.3504
-81.4712
-83.655
-85.9086
-88.2327
-92.6495
-95.2076
-97.8592
-100.614
-103.481
-106.466
-112.22
-115.6
-119.146
-122.874
-126.797
-130.939
-139.084
-143.972
-149.196
-154.789
-160.812
-167.322
-180.631
-188.976
-198.184
-208.435
-219.832
-232.579
-259.509
-276.521
-295.199
-315.479
-337.414
-361.051
-407.323
-433.804
-459.591
-483.243
-503.043
-517.498
-528.035
-524.706
-514.631
-497.484
-473.343
-441.687
-364.756
-312.534
-254.612
-193.288
-130.019
-65.7536
51.4889
115.703
178.966
240.036
297.589
349.884
426.812
458.372
482.64
499.698
509.733
513.079
502.626
488.257
468.642
445.497
419.936
394.135
349.367
326.7
305.802
286.58
269.002
253.025
227.765
215.701
204.831
194.983
186.011
177.851
164.667
158.162
152.115
146.482
141.198
136.248
127.985
123.778
119.789
116.001
112.396
108.959
103.105
100.066
97.1485
94.3451
91.6445
89.0399
84.5398
82.172
79.8786
77.657
75.5027
73.415
69.7958
67.8945
66.064
64.3083
62.6299
61.0346
58.3566
56.9937
55.7066
54.4864
53.3243
52.2125
50.3011
49.2945
48.3169
47.364
46.4332
45.5227
43.9178
43.0561
42.2102
41.3793
40.5623
39.7589
38.3349
37.5673
36.8116
36.0677
35.3347
34.6127
33.3298
32.6367
31.9534
31.2794
30.6145
29.9587
28.7915
28.1599
27.5373
26.9234
26.3185
25.7236
24.672
24.1095
23.5623
23.0314
22.5196
22.0281
21.1932
20.7636
20.355
19.9639
19.5886
19.2269
18.5975
18.2625
17.935
17.6131
17.2966
16.9853
16.4315
16.1319
15.8364
15.5445
15.2562
14.9718
14.4644
14.1897
13.918
13.6495
13.3844
13.1226
12.6553
12.4019
12.1517
11.9041
11.6594
11.4176
10.9859
10.7517
10.5207
10.2922
10.0668
9.84487
9.45142
9.2405
9.03494
8.83505
8.6416
8.45583
8.13857
7.97458
7.81814
7.66787
7.52333
7.38366
7.13975
7.00952
6.88198
6.75629
6.63281
6.51087
6.29377
6.17606
6.05984
5.94483
5.83126
5.71879
5.51797
5.40893
5.30116
5.19443
5.08894
4.98444
4.79769
4.69621
4.59586
4.4964
4.39807
4.30061
4.12638
4.03178
3.93835
3.84598
3.75501
3.66533
3.50711
3.42272
3.34075
3.26119
3.18393
3.06106
2.69979
2.53744
2.39454
2.26683
2.15104
2.04597
1.87681
1.79284
1.71476
1.64217
1.57451
1.51039
1.40333
1.34991
1.2989
1.24995
1.20314
1.15869
1.08375
1.04495
1.00791
0.97256
0.93893
0.907058
