-1.78796
-1.97759
-2.1767
-2.38565
-2.60588
-2.85043
-3.16258
-3.5415
-3.94917
-4.37769
-4.82889
-5.30529
-5.808
-6.33792
-6.9064
-7.58525
-8.47358
-9.48516
-10.5567
-11.6854
-12.8783
-14.1409
-15.4754
-16.8902
-18.468
-20.5108
-23.0682
-25.8566
-28.8102
-31.9484
-35.3006
-38.8917
-42.7511
-46.9898
-52.1723
-59.2519
-67.7662
-77.3492
-88.2846
-101.146
-116.795
-136.697
-163.669
-204.993
-280.112
-406.598
-560.117
-562.12
-359.349
-7.11323
344.926
546.609
543.903
391.964
272.176
202.434
161.625
134.113
113.744
97.738
84.5842
73.3623
63.6863
56.0802
50.532
45.8548
41.5954
37.6575
34.0003
30.5865
27.3785
24.3623
21.6711
19.6048
17.9419
16.4149
14.9718
13.6071
12.3174
11.096
9.93544
8.84905
7.93144
7.22685
6.60761
6.02332
5.46698
4.93771
4.43341
3.95123
3.49418
3.09716
2.23842
1.75976
1.42772
1.18026
0.983707
0.829527
0.699208
0.586776
-1.78876
-1.97675
-1.97844
-2.17582
-2.17759
-2.38472
-2.38658
-2.60489
-2.60687
-2.84926
-2.8516
-3.16105
-3.16412
-3.53978
-3.54321
-3.94736
-3.95099
-4.37578
-4.37959
-4.82688
-4.8309
-5.30317
-5.30741
-5.80576
-5.81024
-6.33556
-6.34029
-6.9038
-6.90901
-7.58186
-7.58865
-8.46938
-8.47779
-9.48063
-9.48969
-10.5519
-10.5615
-11.6804
-11.6904
-12.873
-12.8837
-14.1353
-14.1465
-15.4695
-15.4814
-16.8839
-16.8966
-18.4605
-18.4756
-20.5006
-20.521
-23.0565
-23.08
-25.8442
-25.869
-28.797
-28.8234
-31.9344
-31.9625
-35.2856
-35.3157
-38.8755
-38.9078
-42.7336
-42.7685
-46.9701
-47.0095
-52.146
-52.1986
-59.2174
-59.2863
-67.727
-67.8054
-77.305
-77.3934
-88.2333
-88.3359
-101.085
-101.207
-116.719
-116.871
-136.598
-136.796
-163.53
-163.809
-204.761
-205.226
-279.685
-280.541
-405.914
-407.283
-559.703
-560.526
-562.506
-561.731
-360.753
-357.943
-8.66297
-5.56353
343.524
346.325
546.216
546.999
544.322
543.48
392.604
391.325
272.57
271.784
202.663
202.206
161.766
161.484
134.214
134.012
113.821
113.666
97.8003
97.6756
84.6365
84.5318
73.4076
73.317
63.7245
63.6481
56.1078
56.0526
50.5535
50.5104
45.874
45.8355
41.6131
41.5776
37.674
37.6411
34.0156
33.9849
30.6008
30.5721
27.392
27.3649
24.3749
24.3497
21.6816
21.6607
19.6126
19.597
17.9488
17.9351
16.4213
16.4084
14.9779
14.9657
13.6128
13.6013
12.3228
12.3119
11.1012
11.0908
9.94035
9.93053
8.85351
8.84459
7.93488
7.928
7.22964
7.22407
6.61021
6.60501
6.02579
6.02084
5.46933
5.46463
4.93995
4.93547
4.43555
4.43127
3.95328
3.94919
3.49607
3.49228
3.10258
3.09176
2.24098
2.23586
1.76146
1.75807
1.42896
1.42649
1.18122
1.17931
0.984465
0.982949
0.830131
0.828924
0.699735
0.698681
0.587223
-1.79519
-1.97002
-1.98519
-2.16874
-2.18467
-2.37729
-2.39403
-2.597
-2.6148
-2.83996
-2.86103
-3.14884
-3.17647
-3.52606
-3.55699
-3.93286
-3.96551
-4.36055
-4.39486
-4.81081
-4.84699
-5.28621
-5.32441
-5.78787
-5.82816
-6.31667
-6.35922
-6.88302
-6.92996
-7.5549
-7.616
-8.4358
-8.51152
-9.44442
-9.52598
-10.5138
-10.5997
-11.6402
-11.7307
-12.8305
-12.9263
-14.0903
-14.1916
-15.422
-15.529
-16.833
-16.9477
-18.4003
-18.5363
-20.4192
-20.6032
-22.9628
-23.1738
-25.7447
-25.9686
-28.6916
-28.9291
-31.8221
-32.0751
-35.1653
-35.4363
-38.7466
-39.037
-42.5946
-42.908
-46.8133
-47.1675
-51.937
-52.4102
-58.9428
-59.563
-67.4141
-68.1197
-76.9525
-77.7478
-87.8258
-88.7475
-100.597
-101.699
-116.116
-117.48
-135.813
-137.59
-162.422
-164.935
-202.922
-207.112
-276.301
-284.001
-400.499
-412.817
-556.24
-564.015
-565.501
-558.471
-371.876
-346.591
-21.0623
6.83268
332.206
357.416
542.939
550.002
547.537
539.948
397.946
386.185
275.753
268.674
204.5
200.435
162.905
160.363
135.028
133.209
114.443
113.051
98.3013
97.1787
85.0571
84.1143
73.7711
72.9557
64.0315
63.3439
56.3302
55.8334
50.7264
50.3386
46.0284
45.6817
41.7553
41.436
37.8058
37.5096
34.1383
33.8627
30.7157
30.4576
27.5002
27.257
24.4758
24.2492
21.7655
21.5778
19.6749
19.5353
18.0036
17.8804
16.4728
16.357
15.0267
14.9171
13.6589
13.5553
12.3664
12.2685
11.1425
11.0495
9.97961
9.89134
8.88929
8.80905
7.96258
7.90066
7.25204
7.20155
6.63102
6.58424
6.04559
6.00108
5.48819
5.44582
4.95789
4.91759
4.45266
4.41419
3.96966
3.93284
3.51128
3.47715
3.12146
3.04899
2.26168
2.21552
1.77517
1.74461
1.43891
1.4167
1.18888
1.17172
0.99056
0.97692
0.834974
0.824108
0.703965
0.694478
0.590811
-1.81435
-1.84114
-1.86809
-1.89523
-1.92256
-1.95008
-2.0053
-2.0334
-2.06172
-2.09022
-2.11894
-2.14782
-2.20578
-2.23528
-2.26499
-2.2949
-2.32502
-2.35535
-2.41619
-2.44717
-2.47837
-2.5099
-2.54162
-2.5737
-2.63847
-2.67191
-2.70587
-2.74055
-2.77616
-2.81287
-2.88958
-2.93062
-2.97347
-3.01818
-3.06474
-3.11305
-3.21354
-3.26614
-3.31973
-3.37423
-3.4295
-3.48544
-3.59809
-3.65561
-3.71358
-3.77199
-3.8308
-3.89001
-4.00877
-4.06924
-4.13014
-4.19149
-4.25326
-4.31549
-4.44036
-4.50395
-4.56808
-4.63263
-4.69771
-4.7633
-4.89499
-4.96213
-5.02979
-5.098
-5.16674
-5.236
-5.37509
-5.44597
-5.51738
-5.58936
-5.6619
-5.73495
-5.88158
-5.95627
-6.03151
-6.1073
-6.18372
-6.26082
-6.41569
-6.49484
-6.57481
-6.65595
-6.73805
-6.82191
-6.99309
-7.08275
-7.17558
-7.27166
-7.37194
-7.47657
-7.69872
-7.81809
-7.942
-8.07011
-8.20189
-8.33696
-8.61238
-8.75433
-8.89798
-9.04301
-9.18951
-9.33731
-9.63414
-9.78535
-9.93762
-10.0909
-10.2454
-10.4011
-10.7134
-10.8725
-11.0329
-11.1945
-11.3572
-11.5212
-11.8508
-12.0188
-12.1882
-12.3589
-12.5311
-12.7047
-13.0534
-13.2313
-13.4106
-13.5913
-13.7735
-13.9572
-14.3261
-14.5143
-14.7038
-14.8948
-15.0874
-15.2814
-15.671
-15.8697
-16.0702
-16.2725
-16.4768
-16.6831
-17.1004
-17.3154
-17.5345
-17.7585
-17.9884
-18.225
-18.7207
-18.9869
-19.2655
-19.5573
-19.8627
-20.182
-20.8508
-21.2032
-21.5644
-21.9323
-22.3067
-22.6865
-23.4535
-23.846
-24.2422
-24.6417
-25.0446
-25.4506
-26.2659
-26.6818
-27.101
-27.5239
-27.9502
-28.38
-29.2441
-29.6852
-30.1302
-30.5795
-31.0327
-31.4902
-32.4109
-32.8816
-33.3567
-33.8366
-34.3211
-34.8103
-35.7957
-36.2995
-36.8082
-37.3222
-37.8416
-38.366
-39.4225
-39.9635
-40.5093
-41.0611
-41.6191
-42.1835
-43.3248
-43.9108
-44.5049
-45.1096
-45.724
-46.3524
-47.6433
-48.3233
-49.0279
-49.7611
-50.5276
-51.3327
-53.0551
-53.9886
-54.9673
-55.9869
-57.0449
-58.1374
-60.3932
-61.568
-62.767
-63.989
-65.2294
-66.4921
-69.06
-70.3861
-71.7328
-73.102
-74.4961
-75.9152
-78.8107
-80.3106
-81.8425
-83.4039
-84.9996
-86.6296
-89.9784
-91.7252
-93.5172
-95.352
-97.238
-99.1726
-103.175
-105.276
-107.438
-109.673
-111.976
-114.355
-119.318
-121.961
-124.687
-127.513
-130.455
-133.528
-139.997
-143.479
-147.121
-150.96
-154.975
-159.221
-168.376
-173.433
-178.844
-184.633
-190.907
-197.662
-212.98
-221.838
-231.569
-242.263
-253.93
-266.574
-294.638
-310.31
-327.071
-345.145
-364.39
-384.979
-429.134
-453.247
-477.7
-502.104
-524.787
-544.379
-571.76
-579.696
-583.656
-583.88
-580.273
-573.063
-547.291
-528.192
-504.236
-475.64
-441.926
-402.712
-311.812
-262.385
-211.303
-160.289
-108.876
-57.8145
43.5264
94.6427
145.975
197.123
248
297.533
388.076
427.119
460.762
489.324
512.844
531.857
557.56
564.772
568.139
567.855
563.762
555.728
527.899
508.475
485.904
462.142
437.937
414.298
371.019
351.322
332.971
315.941
300.196
285.573
259.75
248.125
237.351
227.485
218.424
210.092
195.394
188.812
182.653
176.91
171.484
166.408
157.121
152.791
148.69
144.777
141.057
137.498
130.867
127.727
124.715
121.811
119.016
116.322
111.245
108.815
106.457
104.172
101.96
99.8096
95.723
93.7466
91.8183
89.9407
88.1083
86.3194
82.8875
81.2144
79.5769
77.9728
76.4017
74.8614
71.8931
70.4406
69.02
67.6323
66.2765
64.958
62.4561
61.2625
60.1192
59.0287
57.9916
57.0082
55.1968
54.3461
53.5309
52.746
51.9859
51.2471
49.8332
49.1415
48.4631
47.7953
47.138
46.4893
45.2277
44.6036
43.9868
43.3777
42.7755
42.1797
41.0175
40.4415
39.8717
39.3082
38.7507
38.1992
37.1216
36.5872
36.0585
35.5351
35.0171
34.5043
33.5014
33.0034
32.5101
32.0216
31.5377
31.0582
30.1189
29.6519
29.189
28.7298
28.2744
27.8228
26.9377
26.4974
26.0611
25.6288
25.201
24.7775
23.9532
23.5479
23.1508
22.7625
22.385
22.0197
21.3368
21.0147
20.7071
20.4141
20.1332
19.8633
19.3543
19.1076
18.8665
18.63
18.3973
18.1672
17.7192
17.4969
17.2767
17.0582
16.8415
16.6264
16.205
15.9953
15.787
15.5804
15.3755
15.172
14.7732
14.5746
14.3776
14.1823
13.9885
13.7963
13.4194
13.2318
13.0457
12.861
12.6779
12.4962
12.1399
11.9624
11.7862
11.6114
11.4379
11.2656
10.9274
10.7588
10.5914
10.4252
10.2602
10.0965
9.77558
9.6159
9.45797
9.30189
9.14792
8.99651
8.70488
8.56345
8.42649
8.29459
8.16802
8.04677
7.8212
7.71432
7.61133
7.51157
7.41437
7.31934
7.13575
7.04537
6.95593
6.86749
6.7799
6.69308
6.52279
6.43795
6.35372
6.27009
6.18705
6.10457
5.9426
5.86182
5.78165
5.70198
5.6229
5.54435
5.39018
5.31332
5.23702
5.16126
5.08603
5.01133
4.86459
4.79145
4.7188
4.64662
4.57491
4.50367
4.3636
4.29369
4.22423
4.15519
4.0866
4.01841
3.88447
3.81774
3.7515
3.68591
3.62098
3.55683
3.43287
3.37234
3.3139
3.25767
3.20416
3.1544
2.92629
2.77471
2.64347
2.52713
2.42197
2.32605
2.15674
2.07974
2.00819
1.94139
1.87779
1.81705
1.70584
1.6542
1.60515
1.55804
1.51276
1.46923
1.3884
1.35089
1.31454
1.27928
1.24511
1.21202
1.14958
1.11972
1.09072
1.06249
1.03528
1.00896
0.959325
0.935637
0.912832
0.89091
0.869939
0.849477
0.809935
0.790553
0.771534
0.752876
0.734581
0.716647
0.682125
0.665273
0.648783
0.632654
0.616888
0.601523
