-1.73381
-1.94455
-2.16802
-2.40579
-2.66284
-2.96084
-3.33529
-3.7699
-4.23877
-4.73821
-5.27079
-5.83974
-6.45121
-7.13326
-7.97677
-9.02149
-10.1836
-11.4279
-12.7571
-14.1798
-15.7069
-17.3739
-19.3357
-21.8562
-24.8265
-28.0624
-31.5455
-35.3096
-39.4019
-43.905
-49.0941
-55.7824
-64.4656
-74.7177
-86.6506
-100.948
-118.835
-142.523
-176.781
-234.133
-335.373
-476.512
-520.56
-349.781
-7.14903
335.013
505.532
462.115
324.767
229.231
174.06
139.73
115.684
97.4877
82.9281
70.8254
60.9072
53.4631
47.6723
42.6573
38.1304
33.9901
30.1742
26.6405
23.4218
20.74
18.6476
16.8428
15.1827
13.6353
12.1893
10.8347
9.57148
8.44675
7.54543
6.80117
6.12515
5.49256
4.89734
4.3358
3.80638
3.32234
2.53382
1.8926
1.48396
1.19292
0.97185
0.802963
0.661421
0.541938
-1.7346
-1.94371
-1.94539
-2.16713
-2.16891
-2.40484
-2.40674
-2.66179
-2.66389
-2.95955
-2.96213
-3.3337
-3.33688
-3.76814
-3.77165
-4.2369
-4.24064
-4.73621
-4.7402
-5.26866
-5.27292
-5.83746
-5.84202
-6.44874
-6.45367
-7.13038
-7.13613
-7.97308
-7.98047
-9.01717
-9.0258
-10.1789
-10.1882
-11.4229
-11.4329
-12.7518
-12.7624
-14.1741
-14.1855
-15.7007
-15.713
-17.3671
-17.3807
-19.3271
-19.3443
-21.8454
-21.867
-24.8144
-24.8385
-28.0494
-28.0754
-31.5315
-31.5595
-35.2945
-35.3248
-39.3853
-39.4184
-43.8866
-43.9235
-49.0719
-49.1164
-55.7524
-55.8123
-64.4288
-64.5024
-74.6751
-74.7604
-86.6005
-86.7008
-100.886
-101.009
-118.757
-118.914
-142.416
-142.631
-176.617
-176.946
-233.838
-234.429
-334.882
-335.865
-476.001
-477.022
-520.778
-520.338
-350.898
-348.661
-8.55428
-5.74386
333.908
336.115
505.313
505.751
462.595
461.633
325.235
324.3
229.511
228.952
174.223
173.897
139.839
139.621
115.764
115.604
97.5501
97.4255
82.9792
82.877
70.8682
70.7826
60.9407
60.8737
53.4879
53.4384
47.6929
47.6517
42.6756
42.6389
38.1471
38.1137
34.0055
33.9748
30.1884
30.16
26.6536
26.6273
23.4334
23.4102
20.7491
20.731
18.655
18.6402
16.8495
16.8362
15.1889
15.1765
13.6411
13.6296
12.1947
12.1839
10.8398
10.8296
9.57616
9.5668
8.45069
8.44281
7.54852
7.54233
6.80389
6.79845
6.12768
6.12263
5.49493
5.49019
4.89957
4.8951
4.33791
4.33369
3.80836
3.8044
3.32408
3.3206
2.53711
2.53055
1.89451
1.89068
1.48528
1.48264
1.1939
1.19193
0.972598
0.971103
0.803553
0.802372
0.661925
0.660916
0.542355
-1.74114
-1.93679
-1.95232
-2.15979
-2.17627
-2.397
-2.4146
-2.65316
-2.67258
-2.94898
-2.97281
-3.32062
-3.35003
-3.75369
-3.78615
-4.22147
-4.2561
-4.71978
-4.75668
-5.25112
-5.2905
-5.81871
-5.86083
-6.42841
-6.47409
-7.1068
-7.15992
-7.94274
-8.01109
-8.98165
-9.06147
-10.1405
-10.2267
-11.382
-11.474
-12.708
-12.8064
-14.1272
-14.2325
-15.6502
-15.7637
-17.3108
-17.4374
-19.2568
-19.4153
-21.7565
-21.9564
-24.7151
-24.9381
-27.9425
-28.1826
-31.4163
-31.6751
-35.1696
-35.4501
-39.2491
-39.5552
-43.7348
-44.0761
-48.8892
-49.301
-55.5067
-56.0605
-64.1261
-64.8071
-74.3245
-75.1131
-86.1883
-87.116
-100.384
-101.518
-118.113
-119.565
-141.535
-143.522
-175.274
-178.317
-231.43
-236.899
-330.865
-339.977
-471.835
-481.15
-522.45
-518.38
-359.965
-339.27
-20.1169
5.84587
324.673
345.108
503.417
507.428
466.577
457.588
329.131
320.464
231.836
226.681
175.581
172.567
140.743
138.73
116.427
114.95
98.0664
96.914
83.4023
82.4569
71.2222
70.4312
61.2192
60.5988
53.6932
53.2354
47.8632
47.4825
42.8275
42.4877
38.2853
37.976
34.1324
33.8483
30.3057
30.043
26.7622
26.5192
23.5295
23.3148
20.8243
20.6566
18.716
18.5795
16.9046
16.7813
15.2401
15.1255
13.6889
13.5819
12.2394
12.1393
10.8817
10.7879
9.61481
9.52829
8.48339
8.41044
7.57417
7.51685
6.82639
6.77603
6.14855
6.10182
5.51453
5.47064
4.91803
4.87668
4.35535
4.31629
3.82471
3.78811
3.33847
3.3063
2.56451
2.50387
1.91044
1.87502
1.49622
1.47184
1.20204
1.18387
0.978798
0.964971
0.808439
0.797514
0.666102
0.656768
0.545797
-1.76204
-1.7921
-1.82241
-1.85298
-1.88379
-1.91488
-1.97445
-2.00631
-2.03844
-2.07084
-2.10354
-2.13653
-2.19978
-2.23363
-2.26778
-2.30225
-2.33705
-2.37219
-2.43973
-2.47599
-2.51269
-2.54987
-2.58758
-2.6259
-2.70049
-2.74112
-2.78282
-2.82572
-2.87006
-2.91589
-3.00737
-3.05825
-3.11097
-3.1655
-3.22168
-3.27938
-3.39229
-3.45359
-3.5159
-3.57909
-3.64313
-3.70791
-3.83249
-3.89924
-3.96663
-4.03464
-4.10331
-4.17259
-4.30551
-4.37665
-4.44842
-4.52084
-4.59394
-4.66772
-4.80932
-4.88511
-4.96162
-5.03887
-5.11684
-5.19557
-5.34667
-5.42762
-5.50933
-5.59181
-5.67515
-5.75931
-5.92094
-6.00759
-6.09518
-6.18378
-6.27339
-6.36414
-6.53946
-6.6341
-6.73053
-6.82886
-6.92955
-7.03276
-7.23684
-7.34996
-7.4673
-7.58929
-7.71607
-7.84771
-8.10997
-8.25478
-8.40351
-8.55575
-8.71117
-8.86945
-9.17565
-9.3406
-9.50745
-9.67621
-9.84672
-10.019
-10.3497
-10.5268
-10.7055
-10.886
-11.0682
-11.2522
-11.6053
-11.7943
-11.9852
-12.178
-12.3727
-12.5692
-12.9468
-13.149
-13.3533
-13.5596
-13.768
-13.9785
-14.3829
-14.5998
-14.8189
-15.0402
-15.264
-15.4903
-15.926
-16.1604
-16.3978
-16.6388
-16.8839
-17.1333
-17.6198
-17.8857
-18.1593
-18.4418
-18.7339
-19.0372
-19.6456
-19.9862
-20.34
-20.7071
-21.0863
-21.4768
-22.2437
-22.6613
-23.0865
-23.5185
-23.9568
-24.4009
-25.2567
-25.7161
-26.1805
-26.6498
-27.1243
-27.6038
-28.5256
-29.0199
-29.5196
-30.0246
-30.5352
-31.0514
-32.0449
-32.5782
-33.1177
-33.6636
-34.2157
-34.7745
-35.8508
-36.4296
-37.0155
-37.6085
-38.2095
-38.8182
-39.993
-40.6259
-41.2681
-41.9202
-42.5825
-43.256
-44.566
-45.2778
-46.007
-46.7541
-47.5239
-48.3172
-49.8996
-50.7842
-51.7074
-52.6735
-53.6841
-54.7401
-56.8648
-58.05
-59.2755
-60.5394
-61.8394
-63.1732
-65.7862
-67.2111
-68.6664
-70.1529
-71.6705
-73.2202
-76.2463
-77.896
-79.5833
-81.3099
-83.0778
-84.8918
-88.4527
-90.4064
-92.416
-94.4832
-96.6121
-98.806
-103.156
-105.565
-108.057
-110.639
-113.318
-116.099
-121.678
-124.803
-128.063
-131.476
-135.046
-138.798
-146.436
-150.801
-155.415
-160.323
-165.548
-171.125
-182.852
-189.763
-197.254
-205.433
-214.329
-224.065
-245.086
-257.648
-271.227
-285.898
-301.636
-318.454
-353.342
-373.238
-394.055
-415.445
-437.006
-457.974
-493.223
-507.879
-518.665
-525.499
-528.021
-526.242
-510.697
-495.694
-476.095
-451.565
-421.836
-387.078
-308.76
-261.672
-212.247
-161.338
-109.359
-56.9317
42.6775
95.0041
146.912
197.847
247.121
293.827
372.333
407.046
436.618
461.129
480.821
495.776
511.267
513.069
510.595
503.807
493.021
478.506
443.901
423.094
402.067
381.338
361.177
341.962
308.628
292.671
277.803
264.026
251.29
239.51
219.713
210.469
201.946
194.079
186.778
180.029
168.452
162.897
157.67
152.744
148.096
143.69
135.958
132.153
128.529
125.066
121.749
118.574
112.904
110.076
107.351
104.725
102.188
99.7354
95.3094
93.0754
90.9072
88.8018
86.7553
84.7641
81.1364
79.2913
77.4929
75.7389
74.0292
72.3628
69.327
67.7884
66.2966
64.8541
63.4619
62.1234
59.7417
58.5642
57.4395
56.3667
55.3415
54.3584
52.5982
51.7137
50.8558
50.0204
49.2059
48.4104
46.948
46.1968
45.4584
44.7323
44.0177
43.3138
42.0098
41.3353
40.6701
40.0139
39.3664
38.7276
37.5404
36.925
36.3173
35.717
35.124
34.5382
33.448
32.8819
32.3223
31.769
31.2219
30.6809
29.6727
29.1485
28.6302
28.1174
27.6106
27.1095
26.1772
25.6943
25.2183
24.7498
24.2897
23.839
23.015
22.5972
22.193
21.8033
21.4282
21.0682
20.4242
20.1024
19.7915
19.4904
19.1976
18.912
18.3881
18.1188
17.8538
17.5927
17.3351
17.0808
16.6075
16.3616
16.1183
15.8775
15.6395
15.4037
14.9639
14.7349
14.5083
14.2839
14.0617
13.8417
13.431
13.2171
13.0054
12.7957
12.588
12.3823
11.998
11.7978
11.5995
11.403
11.2084
11.0156
10.6556
10.4681
10.2826
10.0991
9.91775
9.73867
9.40665
9.23552
9.06778
8.90392
8.74417
8.589
8.30915
8.16891
8.03383
7.90376
7.77824
7.65686
7.43684
7.32481
7.21523
7.10787
7.00226
6.89834
6.70526
6.60514
6.50615
6.40822
6.31125
6.21522
6.03591
5.94248
5.84991
5.75817
5.66725
5.57713
5.4087
5.32085
5.23378
5.14744
5.06186
4.97699
4.81829
4.73549
4.65337
4.57192
4.49114
4.41103
4.26115
4.18292
4.10535
4.02851
3.95239
3.87701
3.7366
3.66379
3.5921
3.52162
3.45249
3.38485
3.26127
3.19825
3.13575
2.96541
2.80168
2.65642
2.42254
2.31533
2.21662
2.12521
2.04093
1.96255
1.82661
1.76058
1.6984
1.63999
1.5847
1.53182
1.43813
1.39237
1.34923
1.30755
1.26728
1.22841
1.15887
1.12506
1.09141
1.05939
1.02857
0.998894
0.945828
0.919449
0.894211
0.870246
0.846957
0.824136
0.782208
0.76074
0.739739
0.719206
0.699141
0.679543
0.643718
0.625473
0.607695
0.590543
0.573615
0.557059
