-2.55047
-2.82984
-3.19029
-3.63373
-4.1134
-4.62252
-5.16465
-5.74259
-6.35856
-7.03324
-7.88656
-8.98712
-10.2013
-11.4935
-12.872
-14.3458
-15.9206
-17.631
-19.7288
-22.5412
-25.742
-29.1769
-32.8703
-36.8675
-41.2121
-46.0087
-51.8491
-60.0394
-70.126
-81.7668
-95.5599
-112.632
-134.934
-166.481
-219.155
-324.1
-504.918
-598.438
-420.437
-7.18922
405.856
583.066
489.886
314.098
215.935
164.382
132.258
109.461
92.0256
77.9062
66.0692
56.7945
50.2463
44.8548
40.0117
35.5902
31.5256
27.7581
24.2612
21.2372
18.9984
17.1392
15.4213
13.8139
12.3103
10.8999
9.57482
8.38407
7.4686
6.72659
6.0421
5.39724
4.78919
4.21432
3.67027
3.18045
2.27749
1.72408
1.35908
1.09319
-2.55145
-2.82869
-2.83099
-3.18875
-3.19183
-3.632
-3.63547
-4.11156
-4.11525
-4.62056
-4.62448
-5.16256
-5.16674
-5.74037
-5.74482
-6.35617
-6.36094
-7.03051
-7.03598
-7.88283
-7.8903
-8.98274
-8.9915
-10.1966
-10.206
-11.4885
-11.4985
-12.8667
-12.8774
-14.3401
-14.3515
-15.9145
-15.9267
-17.6242
-17.6378
-19.7196
-19.738
-22.5298
-22.5527
-25.7296
-25.7544
-29.1636
-29.1902
-32.856
-32.8847
-36.852
-36.8831
-41.1951
-41.2291
-45.9896
-46.0279
-51.8234
-51.8748
-60.0046
-60.0743
-70.0855
-70.1664
-81.7198
-81.8138
-95.5031
-95.6167
-112.56
-112.705
-134.837
-135.031
-166.336
-166.626
-218.884
-219.428
-323.58
-324.622
-504.16
-505.674
-598.569
-598.303
-421.713
-419.156
-8.77803
-5.60034
404.577
407.128
582.927
583.201
490.625
489.147
314.592
313.604
216.195
215.676
164.529
164.236
132.358
132.159
109.535
109.388
92.0836
91.9675
77.9544
77.8581
66.1094
66.0291
56.8233
56.7658
50.2679
50.2247
44.8738
44.8358
40.029
39.9944
35.606
35.5744
31.5402
31.511
27.7717
27.7445
24.2737
24.2488
21.247
21.2274
19.0058
18.991
17.1459
17.1326
15.4276
15.4151
13.8197
13.8081
12.3157
12.3048
10.905
10.8948
9.5796
9.57005
8.38806
8.38008
7.47157
7.46563
6.72924
6.72395
6.04459
6.03962
5.39958
5.3949
4.7914
4.78698
4.21641
4.21222
3.67223
3.6683
3.1821
3.17881
2.28016
2.27484
1.72572
1.72244
1.36021
1.35795
1.09407
-2.55976
-2.81896
-2.84081
-3.17569
-3.205
-3.61724
-3.65026
-4.09588
-4.13096
-4.60389
-4.64119
-5.1448
-5.18455
-5.72144
-5.76379
-6.33595
-6.38124
-7.00739
-7.05932
-7.85132
-7.92219
-8.94555
-9.02881
-10.1568
-10.2458
-11.4462
-11.5409
-12.8215
-12.9227
-14.2918
-14.3999
-15.8628
-15.9786
-17.5664
-17.696
-19.6418
-19.8168
-22.4326
-22.6503
-25.6243
-25.86
-29.0507
-29.3034
-32.7342
-33.0069
-36.7199
-37.0156
-41.0512
-41.3736
-45.8269
-46.1914
-51.6065
-52.0949
-59.7096
-60.3714
-69.7428
-70.511
-81.3216
-82.2144
-95.0222
-96.1015
-111.951
-113.32
-134.018
-135.861
-165.116
-167.871
-216.609
-221.775
-319.207
-329.111
-497.666
-512.054
-599.572
-597.007
-432.401
-408.107
-22.2798
7.90884
393.411
417.716
581.62
584.212
496.993
482.736
318.841
309.449
218.427
213.519
165.784
162.999
133.206
131.321
110.163
108.766
92.579
91.476
78.3654
77.4499
66.4523
65.6893
57.0691
56.5239
50.4521
50.0418
45.0355
44.6747
40.1761
39.8479
35.7407
35.4401
31.6645
31.387
27.8874
27.6292
24.3798
24.1432
21.3307
21.1447
19.0686
18.9285
17.2025
17.0762
15.4804
15.3624
13.8692
13.7588
12.362
12.2587
10.9485
10.8513
9.62024
9.52955
8.42222
8.34637
7.49692
7.44048
6.75172
6.70152
6.06572
6.01854
5.41949
5.37503
4.81019
4.76824
4.23421
4.19446
3.68897
3.65162
3.19623
3.16489
2.303
2.25248
1.73977
1.70865
1.36985
1.3484
1.10155
-2.58648
-2.62517
-2.66455
-2.70471
-2.74594
-2.7884
-2.87287
-2.9205
-2.97042
-3.02274
-3.07751
-3.13457
-3.24765
-3.30993
-3.37355
-3.4382
-3.50386
-3.57034
-3.69773
-3.76619
-3.83527
-3.90485
-3.97513
-4.04601
-4.18135
-4.25399
-4.32726
-4.40108
-4.47565
-4.5509
-4.69476
-4.77203
-4.85001
-4.92863
-5.00809
-5.0883
-5.24168
-5.32409
-5.40725
-5.49107
-5.57577
-5.66124
-5.82464
-5.9124
-6.00096
-6.09024
-6.18049
-6.27167
-6.44641
-6.54072
-6.63645
-6.73363
-6.83289
-6.93459
-7.1351
-7.24726
-7.36452
-7.48741
-7.61675
-7.75261
-8.02576
-8.17832
-8.33554
-8.49631
-8.66053
-8.82747
-9.14859
-9.32162
-9.4964
-9.67263
-9.85069
-10.0303
-10.3737
-10.558
-10.7439
-10.9313
-11.1206
-11.3117
-11.677
-11.8734
-12.0716
-12.2715
-12.4736
-12.6777
-13.0682
-13.2781
-13.49
-13.7038
-13.9199
-14.1381
-14.5554
-14.7797
-15.0061
-15.2344
-15.4653
-15.6985
-16.145
-16.3856
-16.6294
-16.8763
-17.1276
-17.3838
-17.8847
-18.162
-18.45
-18.7506
-19.0664
-19.399
-20.0744
-20.4576
-20.8559
-21.2675
-21.691
-22.1245
-22.9642
-23.4187
-23.8789
-24.3437
-24.8141
-25.2894
-26.1989
-26.6879
-27.1813
-27.6797
-28.1832
-28.6918
-29.6668
-30.1911
-30.7212
-31.2571
-31.799
-32.3471
-33.3993
-33.9659
-34.5392
-35.1192
-35.7062
-36.3002
-37.4414
-38.0564
-38.6789
-39.3091
-39.9474
-40.5938
-41.8382
-42.5106
-43.1932
-43.8868
-44.593
-45.3137
-46.7204
-47.4963
-48.2998
-49.1359
-50.011
-50.9319
-52.817
-53.8991
-55.04
-56.2369
-57.4845
-58.7792
-61.3326
-62.7357
-64.1707
-65.6362
-67.1319
-68.6576
-71.6223
-73.2388
-74.8893
-76.5753
-78.2995
-80.0632
-83.5105
-85.4031
-87.3459
-89.3414
-91.3937
-93.5062
-97.6735
-99.9824
-102.368
-104.835
-107.39
-110.039
-115.321
-118.281
-121.365
-124.58
-127.942
-131.457
-138.576
-142.629
-146.906
-151.429
-156.228
-161.338
-171.983
-178.253
-185.048
-192.484
-200.64
-209.683
-229.683
-242.094
-255.895
-271.096
-287.686
-305.702
-344.046
-366.911
-391.629
-418.34
-446.888
-476.587
-531.67
-556.738
-576.519
-590.424
-598.489
-601.047
-591.134
-578.205
-559.528
-534.685
-503.276
-464.297
-370.591
-312.587
-251.482
-189.571
-127.42
-65.4936
51.111
112.983
175.027
236.963
298
355.912
449.312
488.144
519.59
544.361
562.884
575.811
585.548
582.944
574.818
560.951
541.425
516.717
461.967
432.689
404.749
378.768
354.858
332.993
296.71
279.836
264.402
250.288
237.461
225.846
206.919
198.209
190.269
182.957
176.197
169.922
159.173
153.99
149.107
144.493
140.125
135.981
128.703
125.104
121.668
118.382
115.23
112.207
106.813
104.108
101.498
98.98
96.5438
94.1852
89.9269
87.7663
85.6667
83.6234
81.6331
79.6937
76.1603
74.3539
72.5908
70.8712
69.1953
67.5648
64.6197
63.1392
61.7209
60.3689
59.0861
57.8744
55.7707
54.7418
53.7617
52.8243
51.9213
51.0481
49.4637
48.6523
47.8574
47.0775
46.3106
45.5562
44.1629
43.4405
42.7282
42.0258
41.3328
40.649
39.3823
38.7241
38.0743
37.4329
36.7994
36.1738
35.0134
34.4095
33.8127
33.2231
32.6402
32.0639
30.9928
30.4345
29.8821
29.3355
28.7944
28.2589
27.2622
26.7423
26.228
25.7195
25.2172
24.7217
23.8087
23.3392
22.8818
22.4392
22.0127
21.6044
20.887
20.5344
20.1988
19.8783
19.57
19.2718
18.7311
18.4532
18.1803
17.9116
17.6462
17.3839
16.8969
16.6426
16.3908
16.1417
15.8947
15.65
15.1947
14.9567
14.721
14.4879
14.2568
14.0278
13.602
13.3794
13.159
12.9409
12.7247
12.5105
12.1118
11.9033
11.6967
11.4922
11.2892
11.088
10.7132
10.5171
10.3227
10.1303
9.93961
9.75087
9.40097
9.21948
9.04123
8.86716
8.6975
8.53335
8.24082
8.09575
7.95765
7.82608
7.70008
7.57907
7.36108
7.24984
7.14081
7.03374
6.92814
6.82388
6.63023
6.52911
6.42883
6.32959
6.23111
6.13346
5.95149
5.85622
5.76177
5.66824
5.57539
5.48334
5.3118
5.222
5.13297
5.0448
4.95726
4.87043
4.70858
4.62378
4.53966
4.4563
4.37348
4.29128
4.13791
4.05752
3.97775
3.89875
3.82036
3.74274
3.59868
3.52393
3.45059
3.379
3.30933
3.24191
3.12088
2.95968
2.78149
2.63012
2.49781
2.37889
2.18371
2.09181
2.00753
1.92909
1.85511
1.78588
1.66566
1.60773
1.55237
1.49966
1.44944
1.40152
1.31838
1.2767
1.23652
1.19791
1.16093
1.12562
