-2.16891
-2.33659
-2.51269
-2.70102
-2.91216
-3.16182
-3.4503
-3.76376
-4.09411
-4.43977
-4.80128
-5.17977
-5.57636
-5.99251
-6.43149
-6.90382
-7.43873
-8.07771
-8.81852
-9.62427
-10.4747
-11.3659
-12.2998
-13.2795
-14.3083
-15.3904
-16.5356
-17.7749
-19.1914
-20.8977
-22.8815
-25.044
-27.3347
-29.7479
-32.293
-34.9848
-37.84
-40.8816
-44.155
-47.775
-52.0245
-57.2711
-63.5163
-70.5544
-78.3646
-87.1034
-97.0454
-108.601
-122.375
-139.311
-161.067
-190.921
-235.471
-302.94
-396.051
-494.913
-526.188
-450.845
-259.728
-7.14903
245.182
435.899
511.212
480.208
383.247
293.906
230.492
187.906
158.417
136.478
119.282
105.277
93.5165
83.3894
74.5035
66.6897
60.0487
54.6949
50.2964
46.4357
42.9059
39.6243
36.5514
33.661
30.9326
28.3492
25.906
23.6322
21.6215
19.9477
18.5227
17.2296
16.0153
14.8629
13.7658
12.7207
11.7236
10.7714
9.86497
9.01713
8.26372
7.62988
7.08235
6.57994
6.10497
5.65156
5.21761
4.80167
4.40253
4.01934
3.65416
3.31626
2.79351
2.2103
1.82122
1.53251
1.30755
1.1246
0.972598
0.848495
-2.1698
-2.33565
-2.33752
-2.5117
-2.51367
-2.69995
-2.70209
-2.91092
-2.9134
-3.16034
-3.16329
-3.44865
-3.45195
-3.76201
-3.76551
-4.09228
-4.09595
-4.43785
-4.44169
-4.79927
-4.80329
-5.17767
-5.18188
-5.57415
-5.57856
-5.99019
-5.99483
-6.42903
-6.43395
-6.90112
-6.90652
-7.43557
-7.44189
-8.07393
-8.08149
-8.81428
-8.82275
-9.61976
-9.62878
-10.47
-10.4794
-11.3609
-11.3708
-12.2946
-12.305
-13.2741
-13.285
-14.3025
-14.314
-15.3844
-15.3964
-16.5292
-16.542
-17.7678
-17.7821
-19.183
-19.1998
-20.8876
-20.9078
-22.8702
-22.8929
-25.0319
-25.0562
-27.322
-27.3475
-29.7344
-29.7613
-32.2788
-32.3072
-34.9698
-34.9999
-37.824
-37.856
-40.8645
-40.8987
-44.1364
-44.1735
-47.754
-47.7961
-51.999
-52.0501
-57.2397
-57.3026
-63.4801
-63.5525
-70.5142
-70.5947
-78.3198
-78.4093
-87.0529
-87.1539
-96.9875
-97.1034
-108.532
-108.669
-122.293
-122.457
-139.208
-139.414
-160.931
-161.202
-190.727
-191.115
-235.172
-235.77
-302.504
-303.377
-395.479
-396.622
-494.494
-495.331
-526.295
-526.079
-451.565
-450.121
-261.024
-258.437
-8.55428
-5.74386
243.886
246.475
435.176
436.618
511.099
511.321
480.63
479.785
383.791
382.703
294.319
293.493
230.774
230.211
188.095
187.716
158.553
158.281
136.583
136.374
119.366
119.198
105.347
105.208
93.5755
93.4576
83.4408
83.338
74.5489
74.4582
66.7292
66.6502
60.0812
60.0162
54.7209
54.6689
50.3186
50.2742
46.4557
46.4157
42.9243
42.8874
39.6416
39.6071
36.5676
36.5352
33.6763
33.6458
30.9471
30.9182
28.3628
28.3355
25.9189
25.8931
23.6439
23.6204
21.6315
21.6115
19.956
19.9394
18.5301
18.5154
17.2364
17.2228
16.0217
16.0088
14.869
14.8568
13.7717
13.76
12.7262
12.7151
11.7289
11.7183
10.7765
10.7664
9.86976
9.86018
9.02152
9.01273
8.26749
8.25996
7.63305
7.62672
7.08518
7.07952
6.58259
6.5773
6.10749
6.10245
5.65397
5.64915
5.21991
5.2153
4.80389
4.79946
4.40465
4.4004
4.02138
4.01731
3.65609
3.65224
3.31799
3.31453
2.79759
2.78944
2.21282
2.20778
1.82301
1.81942
1.53389
1.53113
1.30865
1.30646
1.12553
1.12367
0.973346
0.97185
0.849111
-2.17627
-2.3289
-2.34429
-2.50457
-2.52082
-2.69221
-2.70987
-2.90197
-2.92244
-3.14969
-3.17401
-3.43673
-3.46391
-3.74931
-3.77824
-4.07896
-4.10929
-4.42394
-4.45563
-4.78471
-4.81787
-5.16242
-5.19716
-5.55818
-5.59458
-5.97341
-6.01166
-6.41121
-6.45182
-6.88161
-6.92616
-7.41277
-7.46491
-8.04665
-8.10902
-8.78364
-8.85351
-9.58711
-9.66152
-10.4357
-10.5138
-11.325
-11.4068
-12.257
-12.3427
-13.2346
-13.3246
-14.2611
-14.3556
-15.3407
-15.4403
-16.4826
-16.5887
-17.7164
-17.8337
-19.1223
-19.2611
-20.8145
-20.9814
-22.7881
-22.9753
-24.9442
-25.1441
-27.2294
-27.4403
-29.637
-29.859
-32.1759
-32.4104
-34.8608
-35.1092
-37.7081
-37.9721
-40.7408
-41.0229
-44.002
-44.3086
-47.6021
-47.9491
-51.8147
-52.2366
-57.0127
-57.5315
-63.2183
-63.8159
-70.223
-70.8874
-77.9961
-78.7347
-86.6882
-87.5209
-96.5689
-97.5251
-108.04
-109.165
-121.699
-123.057
-138.466
-140.166
-159.953
-162.197
-189.333
-192.539
-233.03
-237.962
-299.372
-306.565
-391.363
-400.751
-491.391
-498.311
-526.978
-525.2
-456.685
-444.756
-270.367
-249.048
-18.7167
4.44133
234.435
255.777
429.821
441.775
510.226
512.009
483.638
476.67
387.764
378.751
297.339
290.525
232.835
228.189
189.488
186.359
159.546
157.299
137.345
135.621
119.975
118.594
105.851
104.708
94.005
93.0315
83.8146
82.9664
74.8787
74.1305
67.0166
66.3652
60.3182
59.7819
54.9106
54.4809
50.48
50.1139
46.6007
46.2713
43.0584
42.7538
39.7668
39.4823
36.6851
36.4181
33.7871
33.5354
31.0518
30.8138
28.4621
28.2366
26.0123
25.8
23.7294
23.5354
21.7044
21.5392
20.0164
19.8796
18.5832
18.4626
17.2857
17.1737
16.0683
15.9623
14.9133
14.8125
13.8139
13.7179
12.7665
12.675
11.7673
11.6799
10.8132
10.7298
9.90453
9.82552
9.05343
8.98098
8.29489
8.23281
7.65607
7.60389
7.10574
7.05905
6.60182
6.55813
6.12579
6.0842
5.67147
5.6317
5.23667
5.19858
4.81996
4.78343
4.42008
4.38501
4.03616
4.00256
3.67006
3.63833
3.33061
3.30199
2.82749
2.76023
2.23126
2.18969
1.83612
1.80642
1.54394
1.52119
1.3166
1.29857
1.13205
1.11697
0.978798
0.966452
0.853585
-2.19363
-2.21675
-2.24007
-2.26352
-2.28719
-2.3109
-2.36241
-2.38668
-2.41116
-2.43574
-2.46056
-2.48559
-2.54
-2.56574
-2.59174
-2.61807
-2.64472
-2.67163
-2.73084
-2.75922
-2.78801
-2.81744
-2.84752
-2.87837
-2.94687
-2.98012
-3.01418
-3.04917
-3.08488
-3.12153
-3.203
-3.24206
-3.28187
-3.32236
-3.3635
-3.40512
-3.49603
-3.53914
-3.58274
-3.62657
-3.67085
-3.71547
-3.81232
-3.85796
-3.90389
-3.95013
-3.99675
-4.04348
-4.14499
-4.19285
-4.24083
-4.28919
-4.33787
-4.38694
-4.49295
-4.54289
-4.59316
-4.64384
-4.69465
-4.74589
-4.85703
-4.90921
-4.96183
-5.0148
-5.0681
-5.12186
-5.23807
-5.29285
-5.34807
-5.40348
-5.45934
-5.51557
-5.63749
-5.69494
-5.75278
-5.811
-5.86973
-5.92865
-6.05675
-6.1173
-6.17807
-6.23944
-6.30135
-6.36378
-6.49979
-6.56417
-6.62926
-6.69535
-6.76201
-6.82979
-6.97916
-7.05053
-7.12351
-7.19809
-7.27436
-7.35258
-7.52722
-7.61209
-7.69923
-7.78866
-7.88038
-7.97437
-8.18325
-8.28363
-8.38587
-8.48977
-8.59526
-8.70218
-8.93599
-9.04676
-9.15862
-9.27152
-9.38535
-9.50007
-9.74919
-9.86661
-9.98483
-10.1039
-10.2237
-10.3445
-10.6057
-10.7288
-10.8526
-10.9774
-11.1029
-11.2293
-11.5032
-11.6321
-11.7619
-11.8926
-12.0242
-12.1566
-12.4437
-12.579
-12.7151
-12.8523
-12.9903
-13.1292
-13.4306
-13.5729
-13.7156
-13.8596
-14.0045
-14.1505
-14.4671
-14.6163
-14.7667
-14.918
-15.0705
-15.2242
-15.5577
-15.7152
-15.8738
-16.0341
-16.1956
-16.3586
-16.7142
-16.8829
-17.054
-17.2266
-17.402
-17.5803
-17.9731
-18.1619
-18.355
-18.5523
-18.755
-18.9622
-19.427
-19.6532
-19.8858
-20.1247
-20.3699
-20.6212
-21.1801
-21.4489
-21.7226
-22.0015
-22.2835
-22.5698
-23.1965
-23.4935
-23.7936
-24.0966
-24.4021
-24.7109
-25.3805
-25.6958
-26.014
-26.3346
-26.6574
-26.983
-27.689
-28.0219
-28.357
-28.6947
-29.0349
-29.3775
-30.1212
-30.4719
-30.8253
-31.1814
-31.5403
-31.902
-32.6874
-33.058
-33.4316
-33.8083
-34.1879
-34.5707
-35.4026
-35.7953
-36.1915
-36.591
-36.9938
-37.4002
-38.2841
-38.7019
-39.1236
-39.5489
-39.9783
-40.4119
-41.3567
-41.8043
-42.2566
-42.7141
-43.1768
-43.6454
-44.6718
-45.1604
-45.6572
-46.1622
-46.6758
-47.2006
-48.3629
-48.9251
-49.5012
-50.0938
-50.703
-51.3301
-52.7427
-53.4335
-54.1466
-54.8808
-55.6368
-56.4142
-58.1506
-58.9901
-59.848
-60.7236
-61.6161
-62.5243
-64.5254
-65.4816
-66.4521
-67.4372
-68.4364
-69.4504
-71.6756
-72.7362
-73.8124
-74.9045
-76.0129
-77.1381
-79.6117
-80.7937
-81.9943
-83.2152
-84.4582
-85.7227
-88.5106
-89.8474
-91.2104
-92.5996
-94.0156
-95.4622
-98.6651
-100.209
-101.789
-103.401
-105.052
-106.742
-110.508
-112.334
-114.205
-116.127
-118.103
-120.133
-124.686
-126.906
-129.193
-131.557
-133.995
-136.51
-142.215
-145.019
-147.934
-150.966
-154.111
-157.391
-164.921
-168.679
-172.62
-176.761
-181.124
-185.708
-196.452
-201.94
-207.757
-213.925
-220.489
-227.487
-244.005
-252.458
-261.408
-270.805
-280.74
-291.18
-315.289
-327.322
-339.914
-353.018
-366.587
-380.546
-411.79
-426.639
-441.318
-455.707
-469.474
-482.435
-505.824
-514.05
-520.506
-525.02
-527.516
-527.977
-522.091
-515.949
-507.664
-497.111
-484.372
-469.495
-429.3
-406.859
-381.993
-354.914
-325.67
-294.791
-223.473
-188.756
-153.57
-117.864
-81.9792
-45.8839
31.6406
67.6279
103.534
139.181
174.436
209.099
279.982
310.992
340.091
367.192
392.108
414.474
454.549
469.499
482.261
492.778
501.002
507.066
512.998
512.583
510.15
505.68
499.232
490.972
467.845
455.252
441.656
427.386
412.943
398.497
368.297
354.713
341.65
329.071
317.074
305.621
282.784
272.95
263.627
254.794
246.426
238.5
222.943
216.323
210.085
204.178
198.6
193.297
182.826
178.333
174.04
169.942
166.018
162.272
154.732
151.433
148.262
145.21
142.258
139.418
133.639
131.084
128.612
126.216
123.889
121.63
117.004
114.94
112.933
110.979
109.074
107.217
103.386
101.666
99.9852
98.3417
96.7366
95.166
91.9044
90.4318
88.9891
87.5737
86.1856
84.823
81.9827
80.6952
79.4311
78.1891
76.9679
75.7678
73.263
72.1274
71.0128
69.9184
68.845
67.7934
65.6123
64.6327
63.6766
62.7456
61.8405
60.9617
59.166
58.3693
57.5974
56.8507
56.127
55.4253
53.9855
53.3428
52.7152
52.1025
51.5025
50.9151
49.6895
49.1336
48.5867
48.0473
47.5158
46.9911
45.8877
45.3828
44.8838
44.3901
43.902
43.4188
42.3986
41.9307
41.4673
41.0082
40.5535
40.103
39.1504
38.7128
38.279
37.8491
37.4229
37.0005
36.1064
35.6952
35.2873
34.883
34.482
34.0843
33.2415
32.8538
32.469
32.0873
31.7085
31.3327
30.5358
30.1689
29.8046
29.4431
29.0843
28.7283
27.9733
27.6257
27.2809
26.9388
26.5994
26.2632
25.5523
25.2258
24.9032
24.5844
24.2697
23.96
23.3108
23.0161
22.7279
22.4458
22.1703
21.9016
21.3488
21.1021
20.8624
20.6284
20.4011
20.1794
19.7212
19.515
19.3126
19.1139
18.9184
18.7261
18.3219
18.1377
17.9547
17.774
17.5951
17.4179
17.0427
16.8702
16.699
16.5295
16.3606
16.1933
15.8383
15.6748
15.5124
15.3512
15.1911
15.0321
14.6946
14.539
14.3844
14.2309
14.0785
13.9271
13.6056
13.4574
13.3101
13.1639
13.0189
12.8743
12.5679
12.4265
12.2861
12.1466
12.0079
11.8702
11.5777
11.4427
11.3086
11.1754
11.043
10.9114
10.6322
10.5035
10.3756
10.2487
10.1227
9.9977
9.73346
9.61176
9.49153
9.37264
9.25521
9.13934
8.89681
8.78679
8.67882
8.57315
8.46989
8.36904
8.16103
8.06794
7.97718
7.8888
7.80254
7.71818
7.54342
7.46439
7.3868
7.31033
7.23506
7.1609
7.00463
6.93309
6.86222
6.79192
6.72233
6.65348
6.50706
6.43971
6.37295
6.30636
6.24035
6.17479
6.03553
5.97129
5.90745
5.84402
5.7811
5.71831
5.58514
5.5238
5.4626
5.40187
5.34151
5.28152
5.15398
5.0951
5.03656
4.97846
4.9205
4.86297
4.74076
4.68417
4.62799
4.57214
4.5166
4.46147
4.34393
4.28968
4.23584
4.18209
4.12875
4.07576
3.96331
3.91128
3.85973
3.80856
3.75794
3.70754
3.60131
3.55275
3.50461
3.45724
3.41055
3.3646
3.26868
3.22512
3.18218
3.13971
3.03023
2.91124
2.68551
2.5932
2.50739
2.42735
2.35235
2.28194
2.14256
2.08314
2.02666
1.97292
1.92137
1.87191
1.77242
1.72886
1.68692
1.64693
1.60859
1.57122
1.49502
1.4613
1.42862
1.39724
1.36727
1.33809
1.27772
1.25063
1.2242
1.19848
1.17341
1.14934
1.09964
1.07728
1.05551
1.03432
1.01367
0.993596
0.952219
0.933798
0.915916
0.898604
0.881812
0.865613
