-2.68132
-2.87895
-3.10899
-3.37517
-3.66694
-3.97565
-4.29851
-4.63562
-4.98783
-5.35616
-5.7417
-6.14618
-6.57403
-7.03803
-7.56774
-8.19401
-8.90647
-9.67487
-10.4838
-11.3302
-12.2157
-13.143
-14.115
-15.1354
-16.2112
-17.362
-18.6413
-20.1453
-21.9189
-23.8947
-26.005
-28.228
-30.5659
-33.0293
-35.6317
-38.3889
-41.3241
-44.4824
-47.9729
-52.0411
-56.9938
-62.8556
-69.4544
-76.7512
-84.8584
-93.9926
-104.469
-116.745
-131.498
-149.823
-173.706
-207.089
-257.156
-329.851
-425.908
-515.815
-530.901
-444.98
-252.097
-7.19685
237.564
430.105
516.009
501.509
413.043
320.021
251.007
203.539
170.936
147.051
128.513
113.535
101.061
90.4059
81.1125
72.894
65.6523
59.5
54.4867
50.3023
46.6034
43.2142
40.0591
37.1003
34.3136
31.6797
29.1827
26.8143
24.5854
22.5521
20.8025
19.3296
18.0288
16.8242
15.6853
14.6015
13.568
12.5814
11.6384
10.7366
9.87701
9.07062
8.34667
7.729
7.19487
6.70751
6.24802
5.80964
5.38982
4.98718
4.60051
4.22886
3.8722
3.53355
3.22027
2.6143
2.11938
1.77093
1.50587
1.29586
-2.68239
-2.87774
-2.88016
-3.10756
-3.11041
-3.37356
-3.37677
-3.66522
-3.66866
-3.97385
-3.97746
-4.29663
-4.3004
-4.63365
-4.63759
-4.98577
-4.98989
-5.35401
-5.35831
-5.73944
-5.74395
-6.14381
-6.14855
-6.5715
-6.57656
-7.03523
-7.04083
-7.56446
-7.57103
-8.19016
-8.19786
-8.90222
-8.91073
-9.67036
-9.67939
-10.4791
-10.4885
-11.3253
-11.3351
-12.2105
-12.2209
-13.1375
-13.1484
-14.1093
-14.1207
-15.1294
-15.1413
-16.2049
-16.2175
-17.3551
-17.3689
-18.6335
-18.6492
-20.136
-20.1547
-21.9081
-21.9298
-23.883
-23.9064
-25.9926
-26.0174
-28.215
-28.241
-30.5522
-30.5796
-33.0149
-33.0438
-35.6164
-35.647
-38.3727
-38.4052
-41.3067
-41.3414
-44.4636
-44.5013
-47.9516
-47.9942
-52.0156
-52.0667
-56.9628
-57.0249
-62.8199
-62.8914
-69.4147
-69.494
-76.7074
-76.7951
-84.8094
-84.9074
-93.937
-94.0483
-104.405
-104.534
-116.668
-116.821
-131.405
-131.592
-149.705
-149.942
-173.548
-173.865
-206.858
-207.32
-256.809
-257.504
-329.363
-330.34
-425.316
-426.5
-515.463
-516.165
-531.092
-530.706
-445.777
-444.178
-253.42
-250.773
-8.6236
-5.77018
236.233
238.895
429.294
430.913
515.827
516.189
501.851
501.164
413.621
412.479
320.486
319.557
251.335
250.679
203.761
203.317
171.094
170.78
147.17
146.932
128.608
128.419
113.613
113.457
101.127
100.996
90.4625
90.3493
81.1623
81.0626
72.9382
72.8498
65.6907
65.6139
59.5317
59.4682
54.5127
54.4608
50.3246
50.2801
46.6235
46.5832
43.2329
43.1956
40.0765
40.0416
37.1167
37.0839
34.3291
34.2981
31.6943
31.665
29.1966
29.1688
26.8274
26.8011
24.5977
24.5731
22.563
22.5412
20.8117
20.7934
19.3375
19.3218
18.0359
18.0217
16.8308
16.8175
15.6917
15.679
14.6075
14.5954
13.5738
13.5622
12.5869
12.5759
11.6437
11.6331
10.7417
10.7316
9.88179
9.87223
9.07503
9.06621
8.35051
8.34284
7.73225
7.72575
7.19776
7.19198
6.71021
6.70482
6.25058
6.24546
5.81209
5.80719
5.39217
5.38747
4.98943
4.98492
4.60268
4.59835
4.23094
4.22678
3.87419
3.87021
3.53542
3.53168
3.22198
3.21857
2.61778
2.61083
2.1217
2.11706
1.77265
1.76921
1.50721
1.50453
1.29695
-2.69012
-2.86901
-2.88896
-3.09728
-3.12078
-3.36195
-3.38844
-3.65277
-3.68115
-3.96078
-3.99055
-4.28298
-4.31408
-4.6194
-4.65188
-4.97087
-5.00483
-5.33842
-5.37394
-5.72311
-5.76032
-6.12664
-6.16576
-6.5532
-6.59492
-7.01499
-7.06122
-7.54074
-7.59497
-8.16231
-8.22592
-8.87143
-8.94162
-9.63768
-9.71216
-10.4448
-10.5229
-11.2894
-11.371
-12.173
-12.2584
-13.0983
-13.1878
-14.0681
-14.162
-15.0861
-15.1847
-16.1591
-16.2635
-17.3055
-17.4188
-18.5768
-18.7063
-20.0682
-20.2231
-21.8301
-22.0083
-23.7982
-23.9915
-25.903
-26.1073
-28.1207
-28.3356
-30.453
-30.6792
-32.9102
-33.1488
-35.5056
-35.758
-38.2552
-38.523
-41.1812
-41.4675
-44.3274
-44.6382
-47.7979
-48.1489
-51.8315
-52.2528
-56.7386
-57.2512
-62.5617
-63.1512
-69.128
-69.7823
-76.3905
-77.1139
-84.4552
-85.2637
-93.5347
-94.4534
-103.939
-105.004
-116.117
-117.378
-130.732
-132.271
-148.855
-150.803
-172.409
-175.023
-205.204
-209.01
-254.309
-260.051
-325.847
-333.899
-421.011
-430.822
-512.835
-518.637
-532.381
-529.212
-451.444
-438.247
-263.013
-241.137
-18.9577
4.56641
226.541
248.502
423.334
436.668
514.182
517.412
504.259
498.588
417.836
408.302
323.878
316.194
253.736
248.327
205.382
201.727
172.239
169.649
148.038
146.075
129.297
127.737
114.178
112.898
101.604
100.522
90.8747
89.9402
81.5248
80.7025
73.2596
72.5305
65.9706
65.3363
59.7633
59.239
54.7013
54.2739
50.4866
50.1191
46.7699
46.4375
43.3684
43.0606
40.2032
39.9154
37.2358
36.9653
34.4414
34.1861
31.8007
31.559
29.2975
29.0682
26.923
26.7058
24.6868
24.4845
22.6422
22.4627
20.8782
20.7275
19.3944
19.2653
18.0876
17.9702
16.8793
16.7691
15.7377
15.633
14.6514
14.5517
13.6156
13.5205
12.6269
12.536
11.6819
11.595
10.7782
10.6951
9.91647
9.83765
9.10708
9.03432
8.37845
8.31515
7.75591
7.70228
7.21877
7.17108
6.72976
6.68531
6.26918
6.22691
5.82988
5.78944
5.40922
5.37046
5.00579
4.9686
4.6184
4.58266
4.24605
4.2117
3.88865
3.85578
3.54901
3.51815
3.23437
3.20623
2.64341
2.58592
2.13855
2.10038
1.78529
1.7568
1.517
1.49486
1.30485
-2.71011
-2.7365
-2.76335
-2.7907
-2.8185
-2.8468
-2.91183
-2.94234
-2.97338
-3.00521
-3.03778
-3.07112
-3.14765
-3.18331
-3.21963
-3.2566
-3.29424
-3.33235
-3.41858
-3.45826
-3.49842
-3.53881
-3.57967
-3.62086
-3.71341
-3.75554
-3.79805
-3.84084
-3.8839
-3.92734
-4.02428
-4.06848
-4.11295
-4.15778
-4.20279
-4.24797
-4.3493
-4.39554
-4.44188
-4.48858
-4.53557
-4.58285
-4.68865
-4.73686
-4.78536
-4.83416
-4.88336
-4.93277
-5.04327
-5.09367
-5.14449
-5.19553
-5.24678
-5.29845
-5.41427
-5.4669
-5.51998
-5.57339
-5.62715
-5.68137
-5.80246
-5.85773
-5.91337
-5.96951
-6.02594
-6.08265
-6.21012
-6.26847
-6.32705
-6.38629
-6.44605
-6.50639
-6.64235
-6.70486
-6.76812
-6.83225
-6.89743
-6.96354
-7.11413
-7.18418
-7.25581
-7.32903
-7.40389
-7.48057
-7.65721
-7.74015
-7.82509
-7.91195
-8.00072
-8.09135
-8.29855
-8.39459
-8.49213
-8.5911
-8.69128
-8.79269
-9.02134
-9.1261
-9.23178
-9.33833
-9.44572
-9.55393
-9.79652
-9.90717
-10.0186
-10.1306
-10.2435
-10.357
-10.6112
-10.727
-10.8436
-10.9609
-11.0789
-11.1976
-11.4635
-11.5846
-11.7065
-11.8292
-11.9527
-12.0772
-12.3552
-12.482
-12.6096
-12.7381
-12.8674
-12.9976
-13.2891
-13.422
-13.5558
-13.6905
-13.8261
-13.9625
-14.2683
-14.4077
-14.5481
-14.6895
-14.8318
-14.9752
-15.2965
-15.4433
-15.5911
-15.7401
-15.8903
-16.0417
-16.3821
-16.5381
-16.6955
-16.8547
-17.0157
-17.1791
-17.5479
-17.7185
-17.8922
-18.0688
-18.2489
-18.4327
-18.8549
-19.0529
-19.2558
-19.4638
-19.6773
-19.8961
-20.4007
-20.6369
-20.8782
-21.1245
-21.376
-21.6309
-22.2112
-22.479
-22.7501
-23.0241
-23.3012
-23.5812
-24.2107
-24.4986
-24.7889
-25.0815
-25.3762
-25.6737
-26.3389
-26.6427
-26.9488
-27.2568
-27.567
-27.8793
-28.5794
-28.8988
-29.2204
-29.5443
-29.8705
-30.1991
-30.9358
-31.2721
-31.6108
-31.9521
-32.2959
-32.6423
-33.4196
-33.7746
-34.1323
-34.4928
-34.8562
-35.2224
-36.0445
-36.4203
-36.7992
-37.1811
-37.5663
-37.9547
-38.8274
-39.2267
-39.6295
-40.0359
-40.4462
-40.8604
-41.7929
-42.2206
-42.6528
-43.0898
-43.5322
-43.9797
-44.9926
-45.46
-45.9348
-46.417
-46.9077
-47.4073
-48.5514
-49.0869
-49.634
-50.196
-50.7728
-51.3649
-52.7382
-53.3869
-54.0547
-54.7412
-55.4465
-56.1704
-57.8393
-58.6205
-59.4179
-60.2314
-61.0605
-61.904
-63.8242
-64.7125
-65.614
-66.5287
-67.4562
-68.3967
-70.5283
-71.5114
-72.508
-73.5183
-74.5431
-75.5823
-77.9393
-79.0282
-80.1335
-81.2556
-82.3954
-83.5532
-86.1877
-87.4092
-88.6513
-89.9145
-91.2016
-92.5118
-95.5047
-96.8971
-98.3175
-99.7665
-101.246
-102.757
-106.224
-107.845
-109.503
-111.2
-112.937
-114.719
-118.828
-120.76
-122.745
-124.783
-126.877
-129.033
-134.043
-136.416
-138.864
-141.395
-144.007
-146.712
-153.059
-156.095
-159.26
-162.549
-165.975
-169.548
-178.068
-182.216
-186.565
-191.159
-195.99
-201.089
-213.483
-219.62
-226.138
-233.036
-240.339
-248.077
-266.777
-275.921
-285.53
-295.577
-306.095
-317.08
-343.218
-355.745
-368.736
-382.17
-395.931
-410.006
-441.816
-455.892
-469.648
-482.684
-494.775
-505.529
-524.303
-530.111
-534.012
-536.134
-536.454
-534.864
-524.569
-516.738
-506.968
-495.205
-481.241
-465.191
-421.975
-398.83
-373.615
-346.515
-317.659
-287.203
-215.867
-182.458
-148.584
-114.377
-79.9922
-45.4758
31.0958
65.6124
99.974
134.13
167.982
201.382
272.661
303.154
332.028
359.048
384.05
407.105
450.412
466.392
480.325
492.151
501.868
509.601
520.012
521.728
521.521
519.405
515.506
509.814
491.388
480.683
468.857
455.964
442.371
428.632
397.593
383.787
370.427
357.431
344.856
332.803
307.786
297.31
287.311
277.769
268.714
260.077
242.46
235.151
228.257
221.715
215.527
209.67
197.752
192.809
188.103
183.623
179.344
175.259
166.81
163.255
159.831
156.537
153.363
150.308
143.914
141.182
138.538
135.979
133.499
131.096
126.013
123.826
121.698
119.629
117.616
115.652
111.478
109.668
107.902
106.177
104.493
102.846
99.3207
97.7849
96.2804
94.8058
93.3615
91.9446
88.8996
87.5663
86.2566
84.9707
83.7068
82.4646
79.7854
78.6088
77.4515
76.3133
75.1939
74.0928
71.7177
70.6759
69.6526
68.6485
67.6634
66.6982
64.6319
63.7339
62.8586
62.0051
61.1748
60.3675
58.6596
57.9254
57.2125
56.5197
55.8463
55.192
53.8001
53.1964
52.6064
52.0288
51.4625
50.9067
49.7089
49.1823
48.6635
48.1518
47.647
47.1486
46.0654
45.5858
45.1116
44.6424
44.1779
43.7183
42.7156
42.2704
41.8293
41.3923
40.9593
40.5301
39.5926
39.1756
38.7622
38.3523
37.9459
37.543
36.6618
36.2694
35.8802
35.4941
35.1112
34.7312
33.8996
33.5291
33.1614
32.7965
32.4343
32.0749
31.2876
30.9366
30.5881
30.2422
29.8987
29.5577
28.8107
28.4775
28.1468
27.8186
27.4929
27.1696
26.4622
26.1473
25.8352
25.526
25.2196
24.9168
24.2585
23.967
23.6802
23.3978
23.1202
22.8477
22.2632
22.0088
21.7603
21.5179
21.2815
21.0511
20.5603
20.3479
20.1396
19.9362
19.7371
19.5417
19.1212
18.9363
18.7538
18.574
18.3965
18.2209
17.8385
17.6687
17.5005
17.3337
17.1683
17.0042
16.6455
16.4852
16.3263
16.1685
16.0119
15.8563
15.5153
15.3631
15.2119
15.0618
14.9126
14.7644
14.4395
14.2944
14.1503
14.0071
13.8648
13.7234
13.4134
13.2749
13.1374
13.0007
12.8648
12.7298
12.4337
12.3014
12.1699
12.0392
11.9094
11.7804
11.4974
11.3706
11.2449
11.1199
10.9958
10.8724
10.6017
10.4808
10.3608
10.2416
10.1233
10.0059
9.74909
9.63485
9.52174
9.40985
9.29917
9.18991
8.95305
8.84882
8.74642
8.64599
8.54748
8.45104
8.24477
8.15516
8.0678
7.98241
7.89895
7.81726
7.64253
7.56616
7.49109
7.41732
7.34468
7.27308
7.11759
7.04877
6.98066
6.91322
6.8464
6.78018
6.63547
6.57089
6.50669
6.44305
6.37983
6.31705
6.17936
6.11786
6.05675
5.99601
5.93577
5.87565
5.74394
5.6852
5.62669
5.5684
5.51057
5.45308
5.32696
5.27041
5.21431
5.15852
5.10305
5.048
4.92674
4.87256
4.8188
4.76522
4.71183
4.65884
4.54253
4.49046
4.43857
4.38707
4.33585
4.28492
4.17303
4.123
4.07328
4.02385
3.97481
3.92589
3.81882
3.77119
3.72382
3.67675
3.63017
3.58406
3.48361
3.43897
3.39499
3.35155
3.30871
3.26651
3.17472
3.13425
3.02137
2.91047
2.80722
2.71186
2.52401
2.44783
2.3762
2.30874
2.24438
2.18317
2.05842
2.00586
1.95601
1.90811
1.8622
1.81801
1.7255
1.6862
1.64837
1.61202
1.57677
1.54255
1.47047
1.4395
1.4095
1.38073
1.35276
1.32545
