-2.10192
-2.37081
-2.66472
-3.01252
-3.45601
-3.96587
-4.51806
-5.11304
-5.75575
-6.45503
-7.25099
-8.2666
-9.51032
-10.8826
-12.3657
-13.971
-15.7161
-17.6553
-20.0311
-23.1124
-26.6574
-30.5336
-34.7728
-39.4461
-44.6859
-50.9663
-59.4592
-70.3026
-83.2209
-98.9575
-119.138
-146.931
-190.081
-271.132
-416.258
-533.789
-393.46
-7.24458
378.851
519.277
403.794
264.164
186.931
144.073
115.94
95.4501
79.4574
66.5039
56.5743
49.343
43.4005
38.1603
33.4433
29.1528
25.2421
21.8487
19.2338
17.1015
15.1841
13.4207
11.7915
10.2833
8.91445
7.79197
6.90671
6.12541
5.40423
4.73323
4.10704
3.52716
2.80026
1.96606
1.48462
1.15806
0.919067
-2.1028
-2.36987
-2.37176
-2.66366
-2.66578
-3.01118
-3.01385
-3.45437
-3.45765
-3.96407
-3.96767
-4.51612
-4.52
-5.11095
-5.11513
-5.75349
-5.75802
-6.45255
-6.45752
-7.24801
-7.25398
-8.26271
-8.2705
-9.50587
-9.51477
-10.8778
-10.8874
-12.3605
-12.3709
-13.9653
-13.9767
-15.7099
-15.7222
-17.6482
-17.6624
-20.0218
-20.0404
-23.101
-23.1237
-26.6448
-26.6699
-30.5199
-30.5473
-34.7578
-34.7878
-39.4294
-39.4627
-44.6669
-44.7049
-50.942
-50.9906
-59.4261
-59.4923
-70.2625
-70.3426
-83.1731
-83.2687
-98.898
-99.0171
-119.059
-119.217
-146.818
-147.044
-189.89
-190.272
-270.758
-271.508
-415.667
-416.85
-533.763
-533.811
-394.464
-392.447
-8.66084
-5.82826
377.849
379.85
519.29
519.257
404.37
403.219
264.519
263.809
187.117
186.746
144.187
143.959
116.019
115.86
95.5107
95.3896
79.506
79.4089
66.543
66.4649
56.6025
56.5462
49.3647
49.3212
43.4193
43.3817
38.177
38.1435
33.4585
33.4281
29.1666
29.1389
25.2547
25.2296
21.8589
21.8385
19.2416
19.226
17.1083
17.0947
15.1903
15.1779
13.4265
13.415
11.7968
11.7862
10.2882
10.2784
8.91875
8.91016
7.79528
7.78866
6.90949
6.90394
6.12794
6.12288
5.40659
5.40188
4.73542
4.73104
4.10909
4.10499
3.52903
3.5253
2.80429
2.79625
1.9681
1.96402
1.48594
1.4833
1.159
1.15712
0.91976
-2.1107
-2.36137
-2.38028
-2.65418
-2.67532
-2.99926
-3.0259
-3.43965
-3.47243
-3.94789
-3.98389
-4.4987
-4.53747
-5.09215
-5.13398
-5.73315
-5.77841
-6.43021
-6.47996
-7.22127
-7.28094
-8.22778
-8.30569
-9.46584
-9.55495
-10.8344
-10.9309
-12.3136
-12.4179
-13.9145
-14.0277
-15.6544
-15.778
-17.5848
-17.7262
-19.9389
-20.1241
-22.9989
-23.2263
-26.5319
-26.7831
-30.3968
-30.6708
-34.6227
-34.9233
-39.2798
-39.613
-44.4963
-44.8766
-50.7247
-51.2108
-59.1291
-59.792
-69.9032
-70.7041
-82.7442
-83.7008
-98.3644
-99.5558
-118.355
-119.929
-145.807
-148.07
-188.192
-192.011
-267.416
-274.921
-410.368
-422.194
-533.395
-533.874
-403.33
-383.29
-21.4043
6.92138
368.669
388.674
519.271
518.95
409.579
398.068
267.745
260.645
188.812
185.091
145.222
142.939
116.742
115.145
96.0577
94.8472
79.9446
78.9737
66.8963
66.115
56.8578
56.2942
49.5607
49.1263
43.5886
43.2132
38.3284
37.9927
33.5955
33.2916
29.2917
29.0142
25.3678
25.1171
21.9511
21.7473
19.3118
19.1562
17.1695
17.0337
15.2463
15.1221
13.4781
13.3635
11.8446
11.7385
10.3323
10.2344
8.95754
8.87166
7.8252
7.75904
6.9345
6.87904
6.15078
6.10011
5.42778
5.38074
4.75518
4.71133
4.12752
4.0866
3.54585
3.50855
2.84126
2.76069
1.98663
1.94588
1.49791
1.4715
1.1675
1.14873
0.926032
-2.13702
-2.17542
-2.21423
-2.25352
-2.29319
-2.33333
-2.40873
-2.45029
-2.49243
-2.53526
-2.57874
-2.62302
-2.70732
-2.75463
-2.80336
-2.85378
-2.90603
-2.96039
-3.06662
-3.12743
-3.19044
-3.25564
-3.32261
-3.39127
-3.52186
-3.59432
-3.66789
-3.74255
-3.81808
-3.89451
-4.03796
-4.11687
-4.19662
-4.27733
-4.35882
-4.44119
-4.59571
-4.68066
-4.76657
-4.85352
-4.94133
-5.03013
-5.1968
-5.2885
-5.38124
-5.47516
-5.57006
-5.66607
-5.84644
-5.94578
-6.04638
-6.14844
-6.2518
-6.35668
-6.55496
-6.66517
-6.77777
-6.89321
-7.01182
-7.13419
-7.37198
-7.50833
-7.65038
-7.7989
-7.95331
-8.11358
-8.4239
-8.59857
-8.77732
-8.95985
-9.1454
-9.33388
-9.68895
-9.8847
-10.0828
-10.2835
-10.4862
-10.6912
-11.076
-11.2876
-11.5017
-11.7184
-11.9374
-12.1589
-12.5747
-12.8036
-13.0352
-13.2698
-13.5069
-13.7468
-14.1977
-14.446
-14.6974
-14.9523
-15.2102
-15.4715
-15.9639
-16.2362
-16.5132
-16.7954
-17.0829
-17.377
-17.9411
-18.2601
-18.591
-18.9354
-19.2945
-19.6695
-20.4069
-20.8296
-21.2681
-21.7211
-22.1864
-22.6632
-23.5694
-24.0724
-24.5833
-25.1022
-25.6275
-26.1598
-27.1607
-27.7126
-28.2715
-28.8375
-29.4106
-29.9911
-31.0825
-31.685
-32.2955
-32.9145
-33.5418
-34.1779
-35.3756
-36.0378
-36.7098
-37.3918
-38.0842
-38.7872
-40.1147
-40.851
-41.6004
-42.3636
-43.1417
-43.9365
-45.4524
-46.3053
-47.1836
-48.0925
-49.0357
-50.019
-51.9568
-53.0817
-54.2642
-55.5059
-56.8053
-58.1608
-60.8001
-62.2989
-63.8421
-65.4283
-67.0562
-68.7253
-71.9158
-73.7058
-75.5407
-77.4233
-79.3553
-81.3401
-85.1518
-87.3038
-89.5223
-91.8119
-94.1775
-96.6231
-101.37
-104.08
-106.895
-109.827
-112.88
-116.068
-122.34
-125.974
-129.793
-133.812
-138.056
-142.545
-151.574
-156.934
-162.67
-168.849
-175.531
-182.787
-198.024
-207.499
-217.984
-229.627
-242.514
-256.756
-286.716
-304.973
-324.729
-346.033
-368.858
-393.073
-439.73
-464.594
-487.353
-506.619
-521.319
-530.486
-532.217
-524.539
-510.848
-490.803
-464.156
-430.598
-350.835
-299.158
-243.269
-184.595
-124.47
-63.6053
49.1661
109.981
170.085
228.814
284.59
336.25
415.833
449.41
476.042
496.036
509.9
517.506
515.998
506.894
492.633
473.533
451.167
426.743
381.215
357.712
335.664
315.207
296.274
278.887
250.578
237.1
224.917
213.852
203.792
194.667
179.805
172.653
166.033
159.878
154.134
148.751
139.649
135.111
130.816
126.744
122.873
119.189
112.824
109.589
106.488
103.513
100.653
97.9004
93.078
90.5924
88.1882
85.8602
83.6054
81.4183
77.5497
75.5402
73.5893
71.6963
69.8618
68.0872
64.9754
63.3843
61.8625
60.4121
59.0328
57.724
55.4762
54.3394
53.2512
52.2055
51.1965
50.2193
48.4881
47.5838
46.6994
45.834
44.9861
44.1545
42.6588
41.8683
41.091
40.3263
39.574
38.8335
37.4964
36.7874
36.0888
35.4002
34.7216
34.0525
32.8418
32.1984
31.5636
30.9372
30.319
29.7088
28.6034
28.0156
27.4357
26.8638
26.3004
25.7457
24.7472
24.2222
23.7098
23.2107
22.7281
22.2626
21.4506
21.0378
20.6426
20.2633
19.8992
19.548
18.9276
18.604
18.2878
17.9776
17.6732
17.3739
16.8327
16.5456
16.2622
15.9821
15.7059
15.4331
14.9379
14.6743
14.4139
14.1562
13.9018
13.6504
13.1936
12.9503
12.7097
12.4716
12.2364
12.0039
11.5812
11.3559
11.1331
10.9126
10.6948
10.4796
10.0892
9.88196
9.67782
9.47695
9.28023
9.08784
8.74583
8.56896
8.39849
8.23434
8.07712
7.92615
7.66236
7.52652
7.39466
7.26622
7.14084
7.01808
6.79702
6.67996
6.56455
6.45052
6.33804
6.2269
6.02497
5.91738
5.81097
5.70558
5.60145
5.49842
5.31095
5.21096
5.112
5.01393
4.91698
4.82101
4.64626
4.55298
4.46063
4.36909
4.27857
4.18897
4.02591
3.93899
3.85309
3.76815
3.68447
3.60207
3.45349
3.37527
3.29865
3.22371
3.15065
2.9724
2.64893
2.5037
2.37356
2.2562
2.1489
2.05041
1.88793
1.8087
1.73433
1.66507
1.60022
1.53862
1.43348
1.38153
1.332
1.28456
1.23924
1.19626
1.12186
1.08471
1.04814
1.013
0.979392
0.947304
