-2.85896
-3.04855
-3.26964
-3.51222
-3.76715
-4.03125
-4.3042
-4.58651
-4.87887
-5.18187
-5.49591
-5.82129
-6.15849
-6.50929
-6.8803
-7.29067
-7.77381
-8.34031
-8.9628
-9.61759
-10.2967
-10.9995
-11.7275
-12.4825
-13.2661
-14.0796
-14.9239
-15.8005
-16.7147
-17.6857
-18.768
-20.0533
-21.567
-23.2327
-24.989
-26.8164
-28.715
-30.6911
-32.7525
-34.9067
-37.1611
-39.5235
-42.0054
-44.6323
-47.4741
-50.7113
-54.6361
-59.3367
-64.6223
-70.3623
-76.5662
-83.3195
-90.7529
-99.0404
-108.411
-119.172
-131.757
-146.813
-165.425
-189.692
-224.206
-276.207
-349.221
-449.316
-562.619
-614.208
-584.016
-464.42
-247.167
-7.24227
232.656
449.643
568.808
598.931
547.756
435.914
338.636
269.451
220.74
187.476
163.245
144.342
128.97
116.116
105.134
95.5747
87.111
79.5065
72.6004
66.3362
60.8267
56.2615
52.5185
49.2579
46.2673
43.4614
40.8062
38.2845
35.8842
33.5948
31.4058
29.3072
27.291
25.3559
23.5226
21.8585
20.4456
19.2561
18.189
17.1844
16.2216
15.2945
14.4012
13.5408
12.7118
11.9125
11.1407
10.3946
9.67512
8.99075
8.36703
7.83334
7.37802
6.96494
6.5734
6.19635
5.8318
5.47916
5.13803
4.8079
4.48803
4.17769
3.87651
3.58564
3.31007
2.97157
2.4164
2.04397
1.76348
1.53961
-2.86014
-3.04715
-3.04995
-3.26805
-3.27124
-3.51052
-3.51392
-3.76538
-3.76892
-4.02942
-4.03308
-4.30231
-4.30608
-4.58456
-4.58846
-4.87685
-4.8809
-5.17977
-5.18397
-5.49374
-5.49809
-5.81904
-5.82354
-6.15616
-6.16083
-6.50685
-6.51173
-6.87767
-6.88293
-7.28767
-7.29367
-7.77022
-7.7774
-8.33623
-8.34439
-8.95844
-8.96716
-9.61305
-9.62213
-10.292
-10.3014
-10.9947
-11.0044
-11.7224
-11.7325
-12.4772
-12.4877
-13.2607
-13.2716
-14.074
-14.0853
-14.9181
-14.9298
-15.7944
-15.8066
-16.7083
-16.7211
-17.6788
-17.6926
-18.76
-18.7759
-20.0438
-20.0629
-21.5561
-21.5779
-23.2211
-23.2444
-24.9768
-25.0012
-26.8037
-26.8291
-28.7018
-28.7282
-30.6774
-30.7049
-32.7381
-32.7668
-34.8917
-34.9217
-37.1454
-37.1768
-39.507
-39.54
-41.9881
-42.0227
-44.6138
-44.6508
-47.4538
-47.4945
-50.6873
-50.7353
-54.6067
-54.6656
-59.3025
-59.3709
-64.5848
-64.6599
-70.3218
-70.4029
-76.5223
-76.6102
-83.2714
-83.3676
-90.6997
-90.8062
-98.9806
-99.1002
-108.343
-108.479
-119.094
-119.251
-131.664
-131.85
-146.7
-146.926
-165.282
-165.567
-189.499
-189.885
-223.92
-224.493
-275.786
-276.63
-348.641
-349.803
-448.541
-450.091
-561.967
-563.266
-614.143
-614.269
-584.494
-583.535
-465.579
-463.252
-248.806
-245.528
-8.86222
-5.62244
231.023
234.287
448.463
450.817
568.326
569.287
598.997
598.861
548.391
547.119
436.677
435.157
339.193
338.08
269.848
269.055
221.011
220.469
187.666
187.287
163.389
163.101
144.457
144.227
129.065
128.875
116.196
116.036
105.204
105.065
95.6358
95.5138
87.1654
87.0566
79.5557
79.4573
72.6452
72.5556
66.3765
66.2959
60.8611
60.7924
56.2894
56.2336
52.542
52.4951
49.279
49.2368
46.287
46.2477
43.48
43.4429
40.8238
40.7886
38.3012
38.2678
35.9001
35.8682
33.61
33.5795
31.4203
31.3912
29.3212
29.2932
27.3044
27.2775
25.3688
25.3431
23.5345
23.5106
21.869
21.8479
20.4544
20.4369
19.2637
19.2486
18.196
18.182
17.1911
17.1778
16.228
16.2152
15.3007
15.2883
14.4072
14.3953
13.5466
13.5351
12.7174
12.7063
11.9178
11.9072
11.1458
11.1355
10.3996
10.3896
9.67992
9.67033
8.99524
8.98626
8.37099
8.36308
7.83666
7.83002
7.38094
7.37511
6.96766
6.96221
6.57601
6.57079
6.19887
6.19383
5.83424
5.82936
5.48152
5.4768
5.14031
5.13575
4.81011
4.80569
4.49017
4.48589
4.17977
4.17561
3.87852
3.87449
3.58758
3.58371
3.31188
3.30827
2.97653
2.96661
2.41938
2.41343
2.04615
2.04179
1.76519
1.76178
1.54099
-2.86817
-3.03772
-3.05945
-3.25733
-3.28201
-3.49907
-3.5254
-3.75347
-3.78085
-4.01711
-4.04542
-4.28958
-4.31884
-4.57138
-4.60167
-4.8632
-4.89458
-5.16562
-5.19815
-5.47908
-5.51278
-5.80385
-5.83876
-6.1404
-6.17662
-6.4904
-6.52825
-6.86
-6.9007
-7.26754
-7.314
-7.74613
-7.80173
-8.30875
-8.37201
-8.92905
-8.99663
-9.58244
-9.65281
-10.2603
-10.3332
-10.9619
-11.0372
-11.6884
-11.7666
-12.442
-12.5231
-13.2241
-13.3083
-14.036
-14.1234
-14.8786
-14.9693
-15.7534
-15.8477
-16.6654
-16.7642
-17.6325
-17.7393
-18.7066
-18.8299
-19.9795
-20.1278
-21.4826
-21.6518
-23.1424
-23.3234
-24.8946
-25.0837
-26.7183
-26.9147
-28.6131
-28.8172
-30.5849
-30.7976
-32.6415
-32.8637
-34.7907
-35.023
-37.0396
-37.2829
-39.3961
-39.6512
-41.8713
-42.1399
-44.4893
-44.7758
-47.3167
-47.6326
-50.5262
-50.8988
-54.4089
-54.8655
-59.0725
-59.6027
-64.3319
-64.914
-70.0486
-70.6773
-76.2264
-76.9076
-82.9479
-83.6932
-90.3414
-91.1669
-98.5787
-99.5051
-107.885
-108.941
-118.564
-119.786
-131.039
-132.481
-145.944
-147.693
-164.328
-166.537
-188.212
-191.2
-222.006
-226.457
-272.963
-279.509
-344.771
-353.758
-443.314
-455.401
-557.492
-567.519
-613.61
-614.584
-587.646
-580.187
-473.394
-455.152
-259.855
-234.498
-19.809
5.31392
219.975
245.279
440.353
458.604
564.966
572.418
599.328
598.295
552.622
542.736
441.887
430.063
342.994
334.359
272.546
266.418
222.862
218.659
188.958
186.019
164.369
162.137
145.239
143.454
129.711
128.236
116.742
115.495
105.675
104.598
96.0489
95.1035
87.534
86.6904
79.8889
79.126
72.9486
72.2539
66.6495
66.0251
61.0945
60.5617
56.4787
56.0465
52.7013
52.3371
49.4219
49.0946
46.42
46.1152
43.6054
43.3179
40.9427
40.67
38.4143
38.155
36.0079
35.7608
33.7129
33.4769
31.5188
31.293
29.4157
29.1989
27.3953
27.1869
25.4558
25.2564
23.6159
23.4298
21.9403
21.7773
20.5138
20.3782
19.315
19.1976
18.2434
18.1347
17.2363
17.1327
16.2714
16.1719
15.3425
15.2466
14.4475
14.3551
13.5854
13.4964
12.7548
12.669
11.9539
11.8711
11.1807
11.1007
10.4333
10.356
9.71231
9.63802
9.02562
8.95603
8.39779
8.33651
7.85919
7.80771
7.40069
7.35544
6.98607
6.94386
6.59365
6.55319
6.21591
6.17683
5.85072
5.81291
5.49746
5.46089
5.15574
5.12036
4.82504
4.79078
4.50465
4.47144
4.19382
4.16158
3.89215
3.86089
3.60066
3.57066
3.32408
3.29611
3.01037
2.93348
2.43972
2.39356
2.06104
2.02717
1.77675
1.75036
1.55033
-2.88737
-2.91182
-2.93692
-2.96255
-2.98879
-3.01572
-3.08219
-3.1111
-3.14067
-3.17066
-3.20115
-3.23219
-3.30762
-3.33997
-3.37257
-3.40546
-3.43862
-3.47212
-3.55262
-3.58685
-3.6212
-3.65573
-3.69043
-3.72539
-3.80914
-3.84457
-3.88025
-3.916
-3.95192
-3.98808
-4.07465
-4.11127
-4.14814
-4.18509
-4.22229
-4.25957
-4.34906
-4.38692
-4.42505
-4.46327
-4.50176
-4.54033
-4.63295
-4.67214
-4.71163
-4.75121
-4.79097
-4.83103
-4.92699
-4.96761
-5.00853
-5.04954
-5.09076
-5.13228
-5.23175
-5.27385
-5.31626
-5.35877
-5.40149
-5.44452
-5.5476
-5.59133
-5.63517
-5.67921
-5.72347
-5.76806
-5.87484
-5.92015
-5.96556
-6.0112
-6.05707
-6.10328
-6.21404
-6.26097
-6.30827
-6.35572
-6.40349
-6.45166
-6.56746
-6.61672
-6.6665
-6.71662
-6.76733
-6.81853
-6.94303
-6.99654
-7.05105
-7.10637
-7.16277
-7.2205
-7.36279
-7.42495
-7.48879
-7.55412
-7.62109
-7.68992
-7.85992
-7.93395
-8.00969
-8.08652
-8.16471
-8.24429
-8.43772
-8.52052
-8.6044
-8.68879
-8.77389
-8.85987
-9.06654
-9.15424
-9.24266
-9.33133
-9.42047
-9.5103
-9.72551
-9.81659
-9.90833
-10.0003
-10.0926
-10.1857
-10.4084
-10.5027
-10.5976
-10.6927
-10.7883
-10.8846
-11.1151
-11.2127
-11.311
-11.4096
-11.5086
-11.6083
-11.8473
-11.9485
-12.0504
-12.1526
-12.2554
-12.3588
-12.6068
-12.7118
-12.8176
-12.9237
-13.0304
-13.1378
-13.3952
-13.5045
-13.6141
-13.7242
-13.8349
-13.9464
-14.2137
-14.3268
-14.4408
-14.5551
-14.67
-14.7857
-15.063
-15.1804
-15.2987
-15.4174
-15.5366
-15.6568
-15.9451
-16.0673
-16.1905
-16.3141
-16.4389
-16.5643
-16.8666
-16.9953
-17.1255
-17.2566
-17.3892
-17.5237
-17.8505
-17.9914
-18.1348
-18.2807
-18.4296
-18.5822
-18.9593
-19.1244
-19.2941
-19.4679
-19.6462
-19.8296
-20.2831
-20.481
-20.6832
-20.8885
-21.0974
-21.3102
-21.8275
-22.0489
-22.2732
-22.4991
-22.7269
-22.9571
-23.5107
-23.7457
-23.9828
-24.2206
-24.4598
-24.7009
-25.279
-25.5238
-25.7705
-26.0179
-26.2665
-26.5171
-27.1177
-27.3722
-27.628
-27.8853
-28.1438
-28.4037
-29.0283
-29.293
-29.5592
-29.827
-30.0962
-30.3669
-31.0176
-31.2936
-31.5712
-31.8505
-32.1314
-32.4139
-33.0935
-33.3817
-33.6718
-33.9637
-34.2572
-34.5526
-35.2633
-35.5649
-35.8684
-36.1739
-36.4812
-36.7904
-37.5346
-37.8505
-38.1684
-38.4885
-38.8106
-39.1348
-39.9153
-40.2469
-40.5806
-40.9169
-41.2553
-41.5963
-42.4183
-42.768
-43.1206
-43.4762
-43.8349
-44.1968
-45.0732
-45.4481
-45.8273
-46.2112
-46.6003
-46.9956
-47.9626
-48.3814
-48.8084
-49.2452
-49.6923
-50.1508
-51.291
-51.7927
-52.309
-52.8399
-53.3864
-53.948
-55.3449
-55.9567
-56.5815
-57.2197
-57.8705
-58.5332
-60.155
-60.8536
-61.5613
-62.2782
-63.0037
-63.7377
-65.5185
-66.2801
-67.0496
-67.8273
-68.6128
-69.4064
-71.33
-72.1522
-72.9832
-73.8235
-74.6727
-75.5314
-77.6154
-78.508
-79.4111
-80.3256
-81.2509
-82.1882
-84.4684
-85.4476
-86.44
-87.446
-88.4663
-89.5012
-92.0267
-93.1141
-94.2184
-95.3402
-96.4797
-97.6372
-100.472
-101.696
-102.942
-104.21
-105.501
-106.815
-110.043
-111.443
-112.871
-114.326
-115.811
-117.327
-121.065
-122.693
-124.357
-126.059
-127.8
-129.581
-133.997
-135.93
-137.913
-139.946
-142.036
-144.182
-149.537
-151.898
-154.334
-156.845
-159.435
-162.114
-168.876
-171.892
-175.031
-178.295
-181.697
-185.25
-194.396
-198.563
-202.936
-207.567
-212.459
-217.636
-231.26
-237.551
-244.215
-251.257
-258.673
-266.456
-286.486
-295.528
-304.972
-314.824
-325.116
-335.838
-363.361
-375.801
-388.818
-402.353
-416.501
-431.154
-468.05
-484.063
-500.192
-516.151
-531.702
-546.45
-576.821
-586.964
-595.568
-602.493
-607.871
-611.659
-614.655
-613.502
-610.876
-606.821
-601.32
-594.327
-571.526
-559.08
-544.98
-529.097
-511.12
-491.092
-434.926
-408.004
-379.248
-349.187
-317.896
-285.848
-208.291
-175.595
-142.958
-110.446
-77.9904
-45.6622
31.1759
63.4997
95.8798
128.401
161
193.699
271.257
303.152
334.342
364.381
393.201
420.272
476.102
496.078
513.986
529.871
543.968
556.293
579.093
586.053
591.552
595.615
598.207
599.389
596.403
592.681
587.37
580.408
571.821
561.798
531.766
517.233
501.689
486.095
470.14
454.332
418.146
403.758
389.973
376.836
364.257
352.22
325.804
315.581
305.831
296.501
287.602
279.094
260.334
253.068
246.142
239.55
233.304
227.382
214.514
209.569
204.884
200.411
196.157
192.089
183.091
179.564
176.177
172.909
169.764
166.732
159.9
157.187
154.557
152.004
149.525
147.118
141.655
139.466
137.334
135.256
133.232
131.257
126.746
124.926
123.148
121.41
119.711
118.049
114.232
112.686
111.17
109.684
108.228
106.8
103.506
102.166
100.849
99.5556
98.2846
97.0352
94.1426
92.9608
91.7976
90.652
89.5241
88.4128
85.8314
84.7733
83.7297
82.7003
81.6847
80.6825
78.3483
77.389
76.4418
75.5064
74.583
73.6712
71.5459
70.6731
69.8118
68.9623
68.1252
67.3008
65.3908
64.6123
63.8487
63.1009
62.3692
61.6546
60.0245
59.3705
58.7342
58.1163
57.5163
56.9337
55.6109
55.0802
54.5634
54.0581
53.5649
53.0818
51.9675
51.5133
51.0664
50.6258
50.1911
49.7621
48.7605
48.3475
47.9388
47.534
47.1332
46.7359
45.8035
45.4175
45.0345
44.6543
44.2773
43.9032
43.0236
42.6587
42.2965
41.9367
41.5797
41.2251
40.3908
40.0445
39.7006
39.3589
39.0197
38.6827
37.8894
37.56
37.2327
36.9075
36.5845
36.2636
35.5077
35.1937
34.8816
34.5714
34.2633
33.957
33.2352
32.9351
32.6369
32.3403
32.0455
31.7525
31.0614
30.774
30.4882
30.2038
29.9211
29.64
28.9766
28.7005
28.4259
28.1527
27.8811
27.6108
26.9732
26.7079
26.4442
26.1819
25.9212
25.6621
25.0524
24.799
24.5483
24.2997
24.0529
23.8093
23.2403
23.0063
22.7765
22.5507
22.3285
22.1111
21.6125
21.4109
21.2149
21.0239
20.8374
20.656
20.2417
20.0739
19.9102
19.7497
19.592
19.4373
19.078
18.9302
18.7845
18.6403
18.4973
18.3558
18.0236
17.8856
17.7488
17.6129
17.4775
17.3433
17.0266
16.8946
16.7636
16.6333
16.5033
16.3743
16.0698
15.943
15.8165
15.6911
15.5659
15.4416
15.1482
15.0258
14.9042
14.7833
14.6627
14.543
14.2603
14.1424
14.0253
13.9088
13.7927
13.6774
13.4051
13.2915
13.1787
13.0665
12.9548
12.8434
12.581
12.4715
12.3628
12.2546
12.1466
12.0395
11.7863
11.6805
11.5756
11.4711
11.3668
11.2633
11.0187
10.9165
10.815
10.714
10.6133
10.5132
10.2767
10.178
10.0801
9.98265
9.8855
9.78913
9.56199
9.46748
9.37392
9.28112
9.18895
9.0979
8.88517
8.79752
8.71152
8.62684
8.54348
8.46194
8.27453
8.19865
8.12474
8.05256
7.98194
7.91319
7.75568
7.69171
7.62915
7.56779
7.5072
7.44774
7.30934
7.25226
7.19594
7.14011
7.08463
7.02976
6.90065
6.84691
6.79363
6.74065
6.68785
6.63545
6.51172
6.46019
6.40879
6.35776
6.30684
6.25627
6.13676
6.08684
6.03726
5.98791
5.93866
5.88976
5.77415
5.72586
5.67791
5.63017
5.58265
5.53522
5.42339
5.37668
5.3303
5.28413
5.23816
5.19228
5.08408
5.03888
4.994
4.94931
4.9047
4.86041
4.75565
4.71188
4.6684
4.6251
4.58187
4.53893
4.43737
4.39491
4.35273
4.31073
4.26878
4.2271
4.12851
4.0874
4.04634
4.00556
3.96486
3.92443
3.82884
3.78904
3.74932
3.70992
3.67064
3.63169
3.53997
3.50186
3.46416
3.4268
3.38973
3.35314
3.26759
3.23231
3.1975
3.16298
3.12881
3.09184
2.85972
2.77465
2.69632
2.62317
2.55465
2.48943
2.34832
2.29378
2.24152
2.19138
2.1431
2.09683
1.99357
1.95305
1.91391
1.87606
1.8394
1.80412
1.72379
1.69153
1.66057
1.63062
1.60129
1.57273
