-1.72439
-2.01591
-2.33061
-2.67343
-3.10514
-3.68871
-4.33702
-5.04
-5.80522
-6.64054
-7.65804
-9.09487
-10.735
-12.5181
-14.4657
-16.5956
-19.1082
-22.7424
-27.0686
-31.8201
-37.0859
-42.9753
-49.9649
-60.4064
-74.2121
-91.0995
-113.138
-144.747
-198.676
-325.932
-565.507
-514.128
-7.18922
499.037
550.294
315.833
196.31
142.289
109.978
87.4655
70.1823
57.0981
48.611
41.8047
35.8122
30.456
25.6046
21.4103
18.4888
16.1076
13.9363
11.9488
10.1212
8.48321
7.28394
6.33379
5.46296
4.65753
3.90919
3.23317
2.13587
1.51119
1.12411
0.856991
0.658194
-1.72518
-2.01506
-2.01676
-2.32969
-2.33153
-2.6724
-2.67445
-3.10367
-3.10661
-3.68695
-3.69046
-4.33512
-4.33891
-5.03794
-5.04207
-5.80297
-5.80746
-6.63806
-6.64303
-7.65457
-7.66151
-9.09046
-9.09928
-10.7302
-10.7398
-12.5128
-12.5233
-14.4599
-14.4714
-16.5893
-16.6019
-19.0998
-19.1166
-22.7309
-22.754
-27.0559
-27.0814
-31.806
-31.8341
-37.0703
-37.1015
-42.9577
-42.9929
-49.942
-49.988
-60.3714
-60.4415
-74.1695
-74.2547
-91.0462
-91.1529
-113.066
-113.211
-144.637
-144.858
-198.46
-198.892
-325.407
-326.459
-564.979
-566.032
-514.966
-513.286
-8.77803
-5.60034
498.194
499.876
550.806
549.773
316.331
315.336
196.519
196.101
142.402
142.177
110.052
109.904
87.5201
87.4109
70.2255
70.139
57.1273
57.0691
48.6317
48.5904
41.8226
41.7868
35.8281
35.7963
30.4703
30.4417
25.6176
25.5917
21.4204
21.4003
18.4959
18.4817
16.1139
16.1012
13.9421
13.9304
11.9541
11.9434
10.1261
10.1163
8.48731
8.47911
7.28679
7.28109
6.33634
6.33125
5.46531
5.4606
4.65971
4.65535
3.91122
3.90716
3.23486
3.23148
2.13823
2.1335
1.51253
1.50985
1.12503
1.1232
0.85761
0.856373
0.658694
-1.73289
-2.00677
-2.02508
-2.32073
-2.34051
-2.6624
-2.68452
-3.08943
-3.12101
-3.66989
-3.70756
-4.31666
-4.35743
-5.01786
-5.0622
-5.78112
-5.82936
-6.61389
-6.6673
-7.62102
-7.6955
-9.04751
-9.14239
-10.6834
-10.7867
-12.4618
-12.5745
-14.4042
-14.5273
-16.528
-16.6635
-19.0187
-19.1992
-22.6187
-22.8667
-26.9319
-27.2058
-31.6694
-31.9713
-36.9181
-37.2542
-42.7862
-43.1652
-49.7192
-50.2141
-60.0307
-60.785
-73.7557
-74.6712
-90.5279
-91.6756
-112.363
-113.922
-143.572
-145.939
-196.39
-201.028
-320.357
-331.663
-559.681
-570.987
-522.921
-504.844
-24.2659
9.8962
489.725
507.827
555.543
544.438
321.257
310.541
198.585
194.084
143.507
141.089
110.778
109.186
88.0546
86.8804
70.6491
69.7189
57.4133
56.7873
48.8337
48.3896
41.9973
41.6127
35.9834
35.6416
30.61
30.3024
25.7444
25.4654
21.5187
21.3035
18.5654
18.4126
16.1762
16.0391
13.9991
13.8736
12.0064
11.8913
10.1743
10.0683
8.52754
8.43942
7.31467
7.25338
6.36121
6.30645
5.4883
5.43767
4.68101
4.63411
3.93104
3.88741
3.25147
3.21506
2.16155
2.11072
1.52569
1.49688
1.13396
1.11461
0.863657
0.850364
0.663589
-1.76098
-1.80319
-1.84587
-1.88906
-1.9327
-1.97685
-2.05537
-2.10092
-2.14699
-2.19363
-2.24076
-2.28842
-2.37323
-2.42245
-2.47229
-2.52289
-2.57424
-2.62658
-2.7215
-2.77833
-2.8378
-2.90074
-2.96766
-3.03906
-3.17431
-3.25654
-3.34155
-3.4289
-3.51791
-3.6084
-3.76991
-3.86371
-3.95862
-4.05471
-4.1518
-4.25004
-4.4249
-4.52641
-4.6292
-4.73336
-4.83873
-4.94544
-5.13561
-5.24612
-5.35803
-5.47144
-5.58618
-5.70233
-5.90922
-6.02942
-6.15113
-6.27462
-6.39979
-6.52704
-6.75631
-6.8921
-7.03297
-7.1806
-7.33657
-7.50287
-7.82229
-8.02035
-8.22805
-8.44395
-8.66586
-8.89281
-9.29969
-9.53668
-9.7767
-10.0199
-10.2658
-10.5146
-10.9577
-11.215
-11.4756
-11.7398
-12.0071
-12.278
-12.761
-13.0418
-13.3264
-13.6151
-13.9073
-14.2033
-14.731
-15.0377
-15.3485
-15.6638
-15.9831
-16.3073
-16.8888
-17.2308
-17.5827
-17.9477
-18.3293
-18.7327
-19.5075
-19.9938
-20.512
-21.0584
-21.6277
-22.2155
-23.2788
-23.9015
-24.5338
-25.1758
-25.8258
-26.4847
-27.6593
-28.3431
-29.0364
-29.7396
-30.4531
-31.1774
-32.4714
-33.2268
-33.994
-34.7736
-35.5658
-36.3707
-37.8114
-38.6533
-39.5095
-40.3807
-41.2673
-42.1703
-43.7954
-44.7541
-45.7396
-46.7582
-47.8188
-48.9333
-51.0604
-52.4036
-53.8537
-55.4119
-57.0694
-58.8158
-62.0482
-63.981
-65.9706
-68.0156
-70.1159
-72.274
-76.1995
-78.5357
-80.9447
-83.4345
-86.0104
-88.6802
-93.603
-96.5752
-99.6756
-102.917
-106.31
-109.871
-116.558
-120.672
-125.025
-129.649
-134.571
-139.833
-149.995
-156.451
-163.483
-171.197
-179.736
-189.284
-209.257
-223.114
-239.238
-257.871
-279.073
-302.862
-351.451
-383.716
-419.585
-458.669
-499.398
-537.673
-585.502
-598.236
-600.707
-593.26
-576.031
-548.144
-469.969
-406.457
-331.189
-248.72
-164.648
-80.4587
66.0624
150.074
234.181
316.414
391.734
454.965
532.972
560.722
577.926
585.274
582.697
569.973
522.757
484.455
444.32
405.978
371.075
340.043
294.036
271.805
252.121
234.792
219.693
206.509
187.133
177.677
169.133
161.346
154.216
147.645
137.265
131.887
126.851
122.123
117.673
113.47
106.642
103.006
99.54
96.2307
93.0629
90.0257
84.9898
82.2553
79.6158
77.0638
74.5957
72.2071
68.2205
66.0592
63.9928
62.0349
60.1971
58.4877
55.8001
54.4149
53.1162
51.8852
50.7086
49.5747
47.6704
46.62
45.5932
44.588
43.6024
42.6358
40.9868
40.0679
39.1653
38.2784
37.4069
36.5501
35.0851
34.2667
33.4615
32.6688
31.8883
31.1195
29.8008
29.0619
28.3333
27.6144
26.9057
26.2072
25.011
24.3455
23.6958
23.0655
22.4605
21.8856
20.9625
20.4837
20.0356
19.6122
19.2085
18.8199
18.1646
17.8012
17.4441
17.0921
16.7454
16.4034
15.8151
15.4851
15.1594
14.8375
14.5202
14.2071
13.6686
13.3666
13.0686
12.774
12.4836
12.1969
11.7033
11.4262
11.1523
10.8815
10.614
10.3498
9.89521
9.64061
9.39038
9.14523
8.90672
8.67647
8.29889
8.1003
7.91441
7.7397
7.57479
7.41724
7.15403
7.00889
6.86654
6.72633
6.5882
6.45186
6.21698
6.08501
5.95457
5.8255
5.69804
5.57206
5.35495
5.23293
5.11234
4.993
4.87511
4.75854
4.55747
4.44432
4.33235
4.22143
4.11177
4.00324
3.81614
3.71119
3.6079
3.50661
3.40811
3.31304
3.15664
3.00132
2.75843
2.562
2.39534
2.25014
2.03212
1.92497
1.8262
1.73545
1.65186
1.57479
1.45121
1.38687
1.32742
1.27081
1.21703
1.16612
1.08362
1.03958
0.997793
0.958218
0.920929
0.885888
0.828841
0.797554
0.76719
0.73772
0.7092
0.681602
