-2.42152
-2.7096
-3.05618
-3.49669
-3.99557
-4.53249
-5.10849
-5.72779
-6.39712
-7.14908
-8.10045
-9.28539
-10.5981
-12.0108
-13.532
-15.1742
-16.9665
-19.0579
-21.7969
-25.0925
-28.7095
-32.6354
-36.9212
-41.6408
-46.988
-53.7254
-62.8679
-74.0179
-87.2044
-103.346
-124.209
-153.29
-199.47
-286.101
-431.589
-527.733
-379.094
-7.14903
364.278
512.748
417.767
277.994
196.222
150.607
121.145
99.9288
83.4923
70.124
59.4701
51.7485
45.6835
40.389
35.6217
31.28
27.2959
23.6792
20.6903
18.4062
16.4433
14.644
12.9773
11.4291
9.98998
8.69191
7.64891
6.81615
6.06975
5.37581
4.7267
4.11771
3.55154
2.91303
2.03765
1.54359
1.20926
-2.42247
-2.70853
-2.71068
-3.0548
-3.05756
-3.49503
-3.49836
-3.99376
-3.99738
-4.53055
-4.53443
-5.1064
-5.11058
-5.72554
-5.73004
-6.39467
-6.39957
-7.1462
-7.15197
-8.09665
-8.10426
-9.28099
-9.2898
-10.5933
-10.6028
-12.0057
-12.016
-13.5265
-13.5375
-15.1682
-15.1802
-16.9599
-16.9732
-19.0496
-19.0662
-21.7861
-21.8076
-25.0804
-25.1047
-28.6964
-28.7227
-32.6211
-32.6497
-36.9056
-36.9369
-41.6234
-41.6582
-46.9676
-47.0085
-53.6978
-53.753
-62.8321
-62.9038
-73.9756
-74.0601
-87.1539
-87.255
-103.283
-103.409
-124.125
-124.294
-153.167
-153.413
-199.256
-199.684
-285.695
-286.508
-431.016
-432.161
-527.776
-527.688
-380.105
-378.079
-8.55428
-5.74386
363.259
365.294
512.703
512.791
418.325
417.208
278.377
277.612
196.428
196.015
150.731
150.483
121.231
121.059
99.9933
99.8643
83.5438
83.4408
70.1663
70.0818
59.5019
59.4383
51.7718
51.7253
45.7032
45.6639
40.4066
40.3715
35.6375
35.6058
31.2945
31.2655
27.3093
27.2826
23.691
23.6675
20.6994
20.6813
18.4135
18.399
16.4498
16.4367
14.65
14.638
12.9829
12.9717
11.4344
11.4239
9.99481
9.98516
8.69607
8.68775
7.65209
7.64573
6.81888
6.81343
6.07226
6.06724
5.37815
5.37346
4.72889
4.7245
4.11977
4.11565
3.55341
3.54966
2.91751
2.90856
2.03984
2.03548
1.54499
1.5422
1.21026
-2.43085
-2.69915
-2.72013
-3.0428
-3.06969
-3.48048
-3.51297
-3.97793
-4.01325
-4.51357
-4.55146
-5.08817
-5.12887
-5.70591
-5.74973
-6.37329
-6.42104
-7.12107
-7.17733
-8.06356
-8.13767
-9.24249
-9.32843
-10.5517
-10.6446
-11.961
-12.0608
-13.4782
-13.5859
-15.116
-15.2325
-16.902
-17.0313
-18.9777
-19.139
-21.6921
-21.9022
-24.9744
-25.211
-28.5813
-28.8381
-32.496
-32.7753
-36.7685
-37.0744
-41.4714
-41.8108
-46.7896
-47.1877
-53.4574
-53.996
-62.5198
-63.2183
-73.6075
-74.4306
-86.7133
-87.6987
-102.732
-103.966
-123.39
-125.037
-152.097
-154.502
-197.41
-201.583
-282.177
-290.094
-425.993
-437.147
-528.012
-527.14
-388.794
-369.033
-20.817
6.54811
354.175
374.072
512.165
513.038
423.235
412.314
281.759
274.303
198.257
194.23
151.826
149.403
121.987
120.313
100.561
99.3024
83.9957
82.992
70.5375
69.7136
59.7819
59.1621
51.9762
51.5227
45.8753
45.4926
40.5601
40.2185
35.7767
35.4671
31.4218
31.1386
27.4262
27.166
23.7945
23.5647
20.7786
20.6029
18.4771
18.3356
16.5072
16.3795
14.7031
14.5851
13.0321
12.9227
11.4801
11.3783
10.0372
9.943
8.73262
8.6515
7.68003
7.61804
6.84278
6.7896
6.09426
6.0453
5.3987
5.35297
4.74814
4.7053
4.13785
4.09763
3.56988
3.53328
2.95735
2.87005
2.05909
2.01682
1.55725
1.53009
1.21904
-2.45863
-2.49927
-2.5405
-2.58237
-2.62502
-2.66846
-2.75174
-2.79852
-2.84693
-2.89718
-2.94943
-3.00391
-3.1104
-3.17127
-3.23402
-3.29869
-3.36502
-3.43279
-3.56148
-3.63257
-3.70469
-3.77763
-3.8513
-3.92585
-4.06587
-4.14268
-4.22026
-4.29872
-4.37788
-4.45775
-4.60796
-4.69019
-4.77338
-4.85744
-4.94248
-5.02833
-5.18946
-5.27803
-5.36734
-5.45771
-5.54905
-5.64139
-5.81497
-5.91026
-6.00678
-6.10424
-6.20304
-6.30316
-6.49233
-6.59693
-6.70361
-6.81269
-6.9244
-7.03932
-7.2624
-7.38968
-7.52234
-7.66082
-7.80541
-7.95595
-8.24931
-8.41496
-8.58495
-8.75878
-8.93599
-9.11615
-9.45653
-9.6439
-9.83347
-10.0252
-10.219
-10.4149
-10.7828
-10.9846
-11.1887
-11.3949
-11.6033
-11.8138
-12.2096
-12.4267
-12.6463
-12.8683
-13.0927
-13.3197
-13.7465
-13.9805
-14.2174
-14.457
-14.6994
-14.9446
-15.4061
-15.6603
-15.9172
-16.1783
-16.4432
-16.7126
-17.225
-17.5108
-17.8045
-18.1065
-18.4196
-18.7446
-19.3838
-19.7518
-20.1365
-20.5376
-20.9545
-21.3858
-22.2173
-22.6821
-23.1569
-23.6388
-24.1291
-24.6262
-25.5637
-26.0792
-26.6008
-27.1291
-27.6633
-28.2038
-29.2209
-29.7798
-30.3456
-30.9184
-31.4983
-32.0856
-33.1919
-33.801
-34.4179
-35.0432
-35.6768
-36.3191
-37.5311
-38.1994
-38.8775
-39.5655
-40.2641
-40.9736
-42.3185
-43.064
-43.8244
-44.6012
-45.3956
-46.2117
-47.7882
-48.6833
-49.6151
-50.5892
-51.61
-52.6834
-54.8158
-56.0492
-57.338
-58.6781
-60.0674
-61.5026
-64.2681
-65.819
-67.4083
-69.0351
-70.7006
-72.4051
-75.6668
-77.4912
-79.3617
-81.2808
-83.2511
-85.2786
-89.1823
-91.3844
-93.6555
-96.0027
-98.4284
-100.94
-105.835
-108.626
-111.53
-114.556
-117.715
-121.018
-127.543
-131.325
-135.303
-139.504
-143.945
-148.659
-158.209
-163.892
-169.998
-176.596
-183.763
-191.579
-208.106
-218.337
-229.675
-242.184
-255.955
-270.992
-302.341
-321.186
-341.421
-362.992
-385.676
-409.367
-453.354
-475.429
-494.966
-510.608
-521.443
-527.171
-523.691
-513.91
-498.332
-477.043
-449.667
-415.883
-337.102
-287.312
-233.468
-177.223
-119.602
-61.3138
47.0543
105.274
162.847
218.89
272.583
322.543
401.09
434.722
462.081
483.505
498.983
508.696
512.239
506.624
495.773
480.261
461.089
439.316
396.127
373.268
351.245
330.51
311.235
293.339
263.805
249.71
236.795
225.015
214.285
204.514
188.549
180.922
173.877
167.329
161.245
155.551
145.942
141.171
136.675
132.413
128.376
124.536
117.903
114.546
111.336
108.257
105.303
102.463
97.4799
94.9249
92.4549
90.0649
87.7508
85.5075
81.5301
79.4676
77.4633
75.5142
73.6198
71.7788
68.516
66.833
65.2098
63.6492
62.154
60.7275
58.2705
57.0368
55.8657
54.7503
53.6838
52.6611
50.8643
49.9353
49.0321
48.1515
47.2908
46.4482
44.932
44.1336
43.3488
42.577
41.8178
41.0703
39.7171
39.0012
38.2957
37.6004
36.9148
36.2389
35.0121
34.3619
33.7202
33.0867
32.4616
31.8443
30.7221
30.1263
29.5376
28.9561
28.3816
27.8143
26.7836
26.2372
25.6991
25.1692
24.6491
24.1396
23.2297
22.7583
22.3032
21.8662
21.4463
21.0456
20.3489
19.9943
19.6526
19.3224
19.0015
18.689
18.1284
17.8334
17.5433
17.2578
16.9756
16.6974
16.1917
15.9229
15.6574
15.3949
15.1357
14.8787
14.4113
14.1627
13.9168
13.6735
13.433
13.1953
12.7615
12.5307
12.3024
12.0765
11.8529
11.6317
11.2283
11.0135
10.801
10.5909
10.3831
10.1776
9.80453
9.60707
9.41287
9.22243
9.03626
8.85492
8.53375
8.36904
8.21083
8.05903
7.91348
7.77363
7.52796
7.40102
7.27729
7.15661
7.03824
6.92204
6.71157
6.60009
6.49015
6.38124
6.27364
6.16718
5.97315
5.86984
5.76755
5.6664
5.56601
5.46674
5.28558
5.18902
5.09339
4.99866
4.90494
4.81186
4.64225
4.55172
4.4619
4.37303
4.28495
4.19779
4.03841
3.9537
3.86982
3.78683
3.70511
3.62465
3.47968
3.40381
3.33
3.25813
3.18801
3.0941
2.75069
2.59651
2.46015
2.33767
2.22653
2.12427
1.95729
1.87568
1.79948
1.72804
1.66101
1.5987
1.49103
1.43706
1.38632
1.33865
1.29273
1.24855
