-2.31669
-2.61315
-2.9615
-3.44723
-4.00199
-4.59516
-5.23232
-5.91724
-6.65318
-7.52643
-8.76477
-10.1878
-11.7135
-13.3569
-15.1292
-17.0404
-19.3253
-22.6133
-26.4217
-30.5359
-35.018
-39.9311
-45.3612
-52.0907
-62.1633
-74.5219
-89.156
-107.425
-131.854
-168.156
-236.7
-384.244
-558.974
-442.077
-7.10037
427.296
542.777
369.039
232.042
166.249
129.184
104.169
85.477
70.4428
58.4286
50.4789
44.2652
38.7264
33.7147
29.143
24.9261
21.2518
18.6866
16.5751
14.6202
12.807
11.1243
9.55378
8.1695
7.18106
6.35451
5.58301
4.86099
4.18381
3.54771
2.83252
1.9304
1.43922
1.11243
0.874238
-2.31761
-2.61216
-2.61415
-2.96018
-2.96281
-3.44554
-3.44893
-4.00017
-4.00382
-4.5932
-4.59711
-5.23021
-5.23443
-5.91499
-5.9195
-6.65072
-6.65563
-7.52311
-7.52976
-8.76043
-8.76911
-10.1831
-10.1925
-11.7084
-11.7185
-13.3515
-13.3624
-15.1234
-15.1351
-17.0341
-17.0468
-19.3165
-19.3341
-22.6017
-22.6248
-26.4091
-26.4343
-30.5223
-30.5496
-35.0031
-35.033
-39.9147
-39.9475
-45.3428
-45.3796
-52.0645
-52.117
-62.1269
-62.1997
-74.4794
-74.5644
-89.1045
-89.2074
-107.359
-107.492
-131.762
-131.946
-168.009
-168.303
-236.377
-237.023
-383.617
-384.872
-558.797
-559.148
-443.056
-441.094
-8.59866
-5.60221
426.314
428.273
542.952
542.598
369.648
368.432
232.339
231.746
166.399
166.1
129.279
129.09
104.236
104.101
85.5298
85.4243
70.4863
70.3993
58.4601
58.3972
50.5002
50.4575
44.2838
44.2466
38.7432
38.7096
33.7299
33.6995
29.157
29.1291
24.939
24.9132
21.2617
21.2419
18.6937
18.6795
16.5815
16.5686
14.6262
14.6142
12.8126
12.8014
11.1294
11.1191
9.5586
9.54897
8.17328
8.16572
7.18382
7.1783
6.35705
6.35197
5.58539
5.58063
4.86322
4.85877
4.18591
4.18172
3.54965
3.54578
2.8371
2.82797
1.93236
1.92845
1.44047
1.43796
1.11331
1.11155
0.874867
-2.32605
-2.60307
-2.62328
-2.9481
-2.97509
-3.42986
-3.46468
-3.9833
-4.02073
-4.57514
-4.61523
-5.21077
-5.25395
-5.89413
-5.94041
-6.6281
-6.67841
-7.49259
-7.56079
-8.72026
-8.80943
-10.1398
-10.236
-11.6619
-11.7652
-13.3012
-13.4128
-15.0693
-15.1892
-16.9751
-17.1061
-19.2361
-19.4159
-22.4945
-22.7324
-26.2927
-26.5509
-30.3962
-30.676
-34.8653
-35.1716
-39.7634
-40.0994
-45.173
-45.5508
-51.8237
-52.3623
-61.7913
-62.5368
-74.0877
-74.9585
-88.6306
-89.6851
-106.749
-108.107
-130.916
-132.804
-166.659
-169.684
-233.438
-240.053
-377.864
-390.733
-557
-560.601
-451.906
-431.794
-22.4514
8.25132
417.033
437.113
544.423
540.703
375.328
362.872
235.116
229.043
167.792
164.734
130.158
128.223
104.866
103.479
86.0197
84.938
70.8902
69.9978
58.7541
58.1086
50.6985
50.2606
44.4561
44.075
38.8986
38.5546
33.8709
33.5592
29.2863
29.0001
25.0582
24.7944
21.3544
21.1508
18.7594
18.6141
16.6413
16.5089
14.6818
14.5588
12.8639
12.7501
11.1773
11.0713
9.60319
9.50452
8.20853
8.13103
7.20942
7.15284
6.38054
6.32852
5.60741
5.55865
4.88382
4.83819
4.2053
4.16237
3.5676
3.52791
2.8807
2.78672
1.9506
1.91045
1.45216
1.42644
1.1215
1.10344
0.880703
-2.35497
-2.39749
-2.44049
-2.48392
-2.5278
-2.57225
-2.65473
-2.70158
-2.74976
-2.79999
-2.85237
-2.90802
-3.01812
-3.08413
-3.15353
-3.22579
-3.30035
-3.37674
-3.51872
-3.59852
-3.67915
-3.76068
-3.84288
-3.92599
-4.07867
-4.16403
-4.25011
-4.3371
-4.42496
-4.51384
-4.67732
-4.76884
-4.86127
-4.95477
-5.0492
-5.14475
-5.32082
-5.41925
-5.51868
-5.61914
-5.72065
-5.82325
-6.01202
-6.11754
-6.22409
-6.33198
-6.44087
-6.55147
-6.75683
-6.87376
-6.99427
-7.11975
-7.2515
-7.39148
-7.66975
-7.83727
-8.01403
-8.19843
-8.38884
-8.58425
-8.94786
-9.15215
-9.35917
-9.56832
-9.77926
-9.99263
-10.3848
-10.6039
-10.8255
-11.0492
-11.2752
-11.5041
-11.9251
-12.1607
-12.3992
-12.6404
-12.8841
-13.1308
-13.5856
-13.8398
-14.0973
-14.3571
-14.6202
-14.8857
-15.3749
-15.6482
-15.925
-16.2052
-16.4881
-16.7755
-17.3102
-17.6147
-17.9296
-18.2576
-18.6027
-18.9701
-19.7035
-20.1467
-20.6152
-21.1047
-21.6116
-22.1319
-23.102
-23.6483
-24.2011
-24.7607
-25.3256
-25.8977
-26.9507
-27.5405
-28.1368
-28.7399
-29.3506
-29.9691
-31.1098
-31.7503
-32.3991
-33.0564
-33.7226
-34.3977
-35.6466
-36.3476
-37.0586
-37.7786
-38.5094
-39.2502
-40.6203
-41.3906
-42.1729
-42.9678
-43.7754
-44.5992
-46.142
-47.0284
-47.9497
-48.9143
-49.9361
-51.029
-53.2268
-54.5664
-55.9899
-57.4868
-59.0473
-60.6602
-63.7008
-65.4344
-67.2078
-69.0193
-70.8707
-72.7658
-76.3173
-78.3456
-80.4273
-82.5663
-84.768
-87.0375
-91.3384
-93.8235
-96.3954
-99.0618
-101.832
-104.711
-110.247
-113.487
-116.875
-120.433
-124.169
-128.101
-135.802
-140.409
-145.31
-150.542
-156.164
-162.219
-174.584
-182.345
-190.968
-200.618
-211.532
-223.957
-250.94
-268.445
-287.904
-309.378
-332.987
-358.874
-411.435
-442.962
-474.732
-504.633
-529.945
-548.495
-563.428
-561.389
-552.339
-535.969
-511.859
-479.286
-397.038
-339.226
-275.026
-207.492
-138.756
-69.699
55.4722
124.507
193.191
260.678
324.758
382.526
464.457
496.676
520.584
536.641
545.656
547.363
532.057
513.32
487.904
457.945
426.332
395.428
344.658
320.25
298.341
278.649
260.949
245.054
220.311
208.684
198.297
188.939
180.449
172.713
160.237
154.073
148.337
142.977
137.957
133.23
125.337
121.309
117.482
113.841
110.37
107.054
101.395
98.451
95.6186
92.8905
90.2576
87.7131
83.3024
80.9736
78.711
76.5112
74.3692
72.2845
68.6477
66.7251
64.8689
63.0855
61.388
59.7885
57.1569
55.8529
54.639
53.4979
52.4189
51.3845
49.5976
48.6494
47.7237
46.8156
45.9234
45.0475
43.4939
42.6564
41.8322
41.0199
40.2192
39.4317
38.0297
37.2738
36.5284
35.7935
35.0689
34.3544
33.0836
32.3958
31.7166
31.0461
30.3837
29.7295
28.5623
27.9292
27.3029
26.6843
26.0718
25.4673
24.3927
23.8148
23.2515
22.704
22.1788
21.6794
20.8495
20.4343
20.0453
19.6766
19.3253
18.9861
18.3931
18.0749
17.7623
17.4533
17.1477
16.8461
16.3065
16.0134
15.7237
15.4366
15.1526
14.8723
14.3708
14.0988
13.8298
13.5636
13.3004
13.0405
12.5761
12.3238
12.0745
11.8274
11.583
11.3414
10.9089
10.6736
10.4409
10.2103
9.98182
9.75619
9.35395
9.13717
8.92551
8.71939
8.5209
8.33199
8.01604
7.85689
7.70741
7.56528
7.42916
7.29757
7.06667
6.94246
6.82029
6.69931
6.57947
6.46099
6.24889
6.13346
6.01929
5.90602
5.79398
5.68281
5.48403
5.37595
5.26903
5.16307
5.05825
4.95436
4.76844
4.66726
4.56713
4.46775
4.36935
4.2717
4.09663
4.00129
3.90685
3.81329
3.72075
3.62932
3.4677
3.38198
3.3002
3.22417
3.15827
3.04382
2.65813
2.49602
2.35527
2.23035
2.11799
2.01563
1.85075
1.76853
1.69297
1.62232
1.55575
1.49304
1.38841
1.33644
1.28656
1.23875
1.19306
1.14996
1.07632
1.03792
1.00114
0.966127
0.932837
0.901305
