-1.67565
-1.8448
-2.02212
-2.20832
-2.40436
-2.61305
-2.84445
-3.12102
-3.4503
-3.81303
-4.19769
-4.60276
-5.02957
-5.47983
-5.9555
-6.46109
-7.01327
-7.66133
-8.45388
-9.35609
-10.3238
-11.346
-12.4249
-13.5652
-14.7719
-16.0537
-17.4391
-19.0249
-20.9789
-23.293
-25.8271
-28.5256
-31.3919
-34.4458
-37.7121
-41.225
-45.0578
-49.4305
-54.8555
-61.6641
-69.5944
-78.5438
-88.7358
-100.612
-114.862
-132.602
-155.796
-188.621
-240.347
-322.884
-437.289
-524.325
-485.827
-295.256
-7.14903
280.442
470.893
509.489
423.375
312.849
235.074
185.665
153.127
129.67
111.647
97.146
85.0527
74.6851
65.7521
58.4112
52.6942
47.9824
43.8007
39.9704
36.4221
33.115
30.0182
27.1095
24.3994
21.9885
20.0143
18.3772
16.9063
15.5322
14.2363
13.011
11.851
10.7512
9.71261
8.7589
7.94656
7.27773
6.68649
6.13527
5.61307
5.11655
4.64356
4.19228
3.76304
3.36531
2.79351
2.14173
1.72456
1.42256
1.19144
1.00631
0.858388
0.734218
0.624993
0.530559
-1.67643
-1.84399
-1.84562
-2.02127
-2.02298
-2.20742
-2.20922
-2.40341
-2.40531
-2.61202
-2.61407
-2.84327
-2.84563
-3.11958
-3.12246
-3.44865
-3.45195
-3.81127
-3.8148
-4.19583
-4.19956
-4.6008
-4.60472
-5.0275
-5.03163
-5.47765
-5.48201
-5.95319
-5.95781
-6.45862
-6.46356
-7.0105
-7.01605
-7.65794
-7.66471
-8.44983
-8.45792
-9.35166
-9.36052
-10.3192
-10.3285
-11.3411
-11.351
-12.4197
-12.4301
-13.5596
-13.5707
-14.7661
-14.7778
-16.0475
-16.06
-17.4322
-17.446
-19.0166
-19.0331
-20.9687
-20.9891
-23.2815
-23.3045
-25.8148
-25.8395
-28.5124
-28.5387
-31.3779
-31.4058
-34.431
-34.4607
-37.6961
-37.7281
-41.2078
-41.2422
-45.0388
-45.0769
-49.4079
-49.4531
-54.8266
-54.8844
-61.6292
-61.6991
-69.5546
-69.6341
-78.499
-78.5887
-88.6843
-88.7874
-100.551
-100.673
-114.788
-114.936
-132.507
-132.696
-155.669
-155.924
-188.433
-188.81
-240.037
-240.658
-322.414
-323.354
-436.722
-437.856
-524.186
-524.463
-486.375
-485.276
-296.494
-294.016
-8.55428
-5.74386
279.214
281.668
470.366
471.417
509.632
509.342
423.937
422.813
313.295
312.404
235.365
234.783
185.85
185.481
153.255
152.999
129.766
129.574
111.722
111.571
97.208
97.084
85.1053
85.0001
74.7306
74.6397
65.7908
65.7135
58.4417
58.3807
52.7182
52.6702
48.0032
47.9616
43.8196
43.7819
39.9878
39.9531
36.4383
36.406
33.1301
33.0999
30.0324
30.0041
27.1228
27.0963
24.4116
24.3872
21.9989
21.9781
20.0227
20.006
18.3845
18.37
16.9129
16.8996
15.5385
15.5259
14.2422
14.2304
13.0166
13.0054
11.8564
11.8457
10.7563
10.7462
9.71735
9.70788
8.76311
8.75468
7.95001
7.94312
7.28065
7.27481
6.68917
6.68381
6.1378
6.13274
5.61547
5.61067
5.11884
5.11427
4.64574
4.64138
4.19436
4.1902
3.765
3.76108
3.36708
3.36354
2.79759
2.78944
2.14411
2.13935
1.72622
1.72291
1.42379
1.42132
1.19243
1.19046
1.00709
1.00552
0.859009
0.857767
0.734769
0.733668
0.625473
0.624513
0.53097
-1.68248
-1.83767
-1.85195
-2.01463
-2.02963
-2.20045
-2.21621
-2.39605
-2.41269
-2.6041
-2.62203
-2.83417
-2.85482
-3.10847
-3.13366
-3.43591
-3.46474
-3.7976
-3.8285
-4.18141
-4.21401
-4.58562
-4.61994
-5.0115
-5.04767
-5.46075
-5.49894
-5.93532
-5.97572
-6.43949
-6.48277
-6.98907
-7.03764
-7.63185
-7.69119
-8.41859
-8.48937
-9.31738
-9.3949
-10.2828
-10.365
-11.3028
-11.3894
-12.3792
-12.4707
-13.5168
-13.6136
-14.7207
-14.8233
-15.9991
-16.1086
-17.379
-17.4997
-18.9532
-19.0973
-20.8901
-21.0683
-23.1924
-23.394
-25.7192
-25.9353
-28.4109
-28.6405
-31.27
-31.514
-34.3158
-34.5763
-37.5728
-37.852
-41.0744
-41.3761
-44.8915
-45.225
-49.2337
-49.6293
-54.6039
-55.1096
-61.3588
-61.9712
-69.2474
-69.9429
-78.1522
-78.9375
-88.286
-89.1888
-100.081
-101.148
-114.215
-115.515
-131.779
-133.433
-154.69
-156.92
-186.98
-190.292
-237.657
-243.092
-318.802
-327.024
-432.304
-442.232
-522.884
-525.53
-490.337
-481.051
-306.019
-284.331
-19.4169
5.14361
269.632
291.107
466.142
475.399
510.625
508.07
428.302
418.465
316.79
308.958
237.645
232.549
187.292
184.066
154.257
152.015
130.513
128.837
112.311
110.988
97.6905
96.6057
85.5142
84.5941
75.0841
74.2885
66.0916
65.4153
58.6796
58.1457
52.9052
52.4847
48.1645
47.8012
43.9657
43.6364
40.1226
39.8187
36.5635
36.2811
33.2472
32.9833
30.1422
29.8945
27.2259
26.9934
24.5064
24.2928
22.0798
21.898
20.0876
19.9415
18.4407
18.314
16.9648
16.8478
15.5873
15.4773
14.2883
14.1844
13.0602
12.9619
11.8977
11.8045
10.7955
10.7071
9.7541
9.67126
8.7959
8.72215
7.97684
7.91655
7.30341
7.2522
6.70996
6.66309
6.15742
6.11316
5.6341
5.59209
5.13656
5.09658
4.66264
4.62452
4.2105
4.1741
3.78023
3.74589
3.38084
3.34987
2.82957
2.75824
2.16273
2.12111
1.73906
1.71017
1.43342
1.41185
1.20006
1.1829
1.0132
0.999477
0.863834
0.852967
0.739047
0.729414
0.629205
0.620806
0.534164
-1.69975
-1.72341
-1.74726
-1.77127
-1.79541
-1.81974
-1.87004
-1.89487
-1.91983
-1.94501
-1.97031
-1.99583
-2.0486
-2.07462
-2.10087
-2.12731
-2.15388
-2.18069
-2.23617
-2.26352
-2.29114
-2.31896
-2.34695
-2.37521
-2.43378
-2.46274
-2.49203
-2.52161
-2.55147
-2.58171
-2.64488
-2.67638
-2.70848
-2.74117
-2.77456
-2.80864
-2.88127
-2.91819
-2.95627
-2.9955
-3.03578
-3.0773
-3.16594
-3.21084
-3.25682
-3.30372
-3.35139
-3.39992
-3.50136
-3.55186
-3.60282
-3.65439
-3.70634
-3.75885
-3.86766
-3.92137
-3.97558
-4.03017
-4.08512
-4.14056
-4.25526
-4.31184
-4.36893
-4.42644
-4.48426
-4.5426
-4.66338
-4.72297
-4.78311
-4.84369
-4.90463
-4.96613
-5.09348
-5.15633
-5.21976
-5.28367
-5.34807
-5.41289
-5.54729
-5.61363
-5.68063
-5.74816
-5.8161
-5.88471
-6.02689
-6.0973
-6.16823
-6.23992
-6.31222
-6.38538
-6.53771
-6.61351
-6.69033
-6.76841
-6.84777
-6.92874
-7.09983
-7.18638
-7.27541
-7.36706
-7.46124
-7.5586
-7.76744
-7.87407
-7.98398
-8.09684
-8.21229
-8.33046
-8.57959
-8.70426
-8.83102
-8.95933
-9.089
-9.22032
-9.49314
-9.62811
-9.76442
-9.90187
-10.0402
-10.1798
-10.469
-10.6117
-10.7556
-10.9007
-11.0467
-11.1941
-11.4992
-11.6497
-11.8017
-11.9548
-12.1089
-12.2645
-12.5866
-12.7457
-12.9063
-13.0681
-13.231
-13.3955
-13.7362
-13.9045
-14.0744
-14.2456
-14.418
-14.5922
-14.9531
-15.1315
-15.3118
-15.4936
-15.6768
-15.8621
-16.2474
-16.4384
-16.632
-16.8283
-17.027
-17.229
-17.6534
-17.867
-18.0852
-18.3092
-18.5387
-18.7753
-19.2827
-19.5427
-19.8116
-20.0891
-20.3747
-20.6693
-21.2964
-21.6131
-21.9368
-22.2663
-22.6007
-22.9406
-23.6499
-24.0021
-24.3587
-24.7187
-25.0816
-25.4484
-26.2092
-26.585
-26.965
-27.348
-27.7341
-28.1236
-28.9311
-29.3308
-29.7339
-30.1404
-30.5506
-30.9644
-31.8233
-32.2486
-32.6778
-33.111
-33.5484
-33.9898
-34.9064
-35.3608
-35.8196
-36.283
-36.7509
-37.2236
-38.2061
-38.6938
-39.1867
-39.6847
-40.1883
-40.6975
-41.7591
-42.2876
-42.823
-43.3656
-43.9165
-44.4761
-45.6507
-46.2414
-46.8446
-47.4623
-48.0951
-48.7454
-50.1384
-50.8535
-51.5934
-52.3607
-53.1562
-53.981
-55.7611
-56.6753
-57.6174
-58.5856
-59.5796
-60.5979
-62.7531
-63.8386
-64.9446
-66.0702
-67.2159
-68.3811
-70.8284
-72.0548
-73.3021
-74.5704
-75.8613
-77.1749
-79.9387
-81.3273
-82.7425
-84.1867
-85.6609
-87.1645
-90.3426
-91.9491
-93.5912
-95.2735
-96.9947
-98.7591
-102.515
-104.423
-106.383
-108.399
-110.473
-112.61
-117.189
-119.535
-121.961
-124.466
-127.06
-129.745
-135.564
-138.58
-141.717
-144.982
-148.397
-151.97
-159.824
-163.962
-168.319
-172.921
-177.795
-182.977
-194.649
-200.954
-207.719
-214.959
-222.75
-231.13
-250.254
-260.605
-271.587
-283.292
-295.693
-308.768
-337.746
-353.018
-368.91
-385.35
-402.387
-419.612
-454.555
-470.625
-485.598
-498.638
-509.735
-518.237
-527.525
-527.856
-525.368
-520.104
-511.803
-500.455
-467.967
-447.285
-423.144
-395.773
-365.465
-331.859
-256.122
-216.443
-175.752
-134.297
-92.4582
-50.3272
36.0824
78.087
119.986
161.366
202.061
241.557
317.291
350.593
381.15
408.357
432.339
453.041
485.66
496.882
505.085
510.391
512.871
512.592
503.37
494.891
483.961
470.965
456.392
440.511
406.128
389.345
372.953
356.962
341.65
327.012
299.435
287.048
275.351
264.368
254.045
244.351
226.396
218.465
211.071
204.142
197.652
191.543
180.152
175.065
170.241
165.66
161.316
157.17
149.276
145.678
142.22
138.914
135.737
132.678
126.776
124.044
121.407
118.861
116.397
114.011
109.355
107.182
105.073
103.021
101.025
99.0814
95.2617
93.4649
91.7117
89.9994
88.3257
86.6902
83.4516
81.9197
80.4192
78.9502
77.5106
76.0996
73.3001
71.9746
70.6776
69.4087
68.1686
66.9586
64.5795
63.4665
62.3881
61.3452
60.3387
59.3682
57.4896
56.6233
55.7883
54.9819
54.2015
53.4456
51.9635
51.2673
50.5871
49.9208
49.2677
48.6271
47.3487
46.7388
46.1381
45.5456
44.9609
44.3838
43.2247
42.6687
42.1193
41.5764
41.0393
40.5081
39.4387
38.9247
38.4161
37.9129
37.4146
36.9216
35.9277
35.4493
34.9756
34.5066
34.042
33.5816
32.6529
32.2056
31.7623
31.323
30.8876
30.456
29.5844
29.1642
28.7477
28.335
27.9259
27.5205
26.7024
26.3087
25.9194
25.5343
25.1535
24.7783
24.0265
23.6686
23.3183
22.9749
22.6395
22.3134
21.6736
21.3756
21.0875
20.8078
20.5371
20.2752
19.7605
19.519
19.2831
19.0517
18.8247
18.6019
18.1558
17.9424
17.7318
17.5233
17.3174
17.1132
16.7013
16.5029
16.3065
16.1115
15.9181
15.7268
15.3393
15.1524
14.9672
14.7833
14.6008
14.42
14.054
13.8773
13.7022
13.5283
13.3558
13.1848
12.8386
12.6714
12.5057
12.3411
12.1777
12.0157
11.6876
11.5291
11.372
11.2159
11.0609
10.9074
10.5964
10.4463
10.2976
10.15
10.0037
9.85922
9.56774
9.42785
9.29016
9.15432
9.02086
8.89013
8.63071
8.50869
8.39017
8.27484
8.16286
8.0544
7.84196
7.74254
7.64589
7.55147
7.45908
7.36873
7.18843
7.10247
7.01777
6.93406
6.85126
6.7694
6.60434
6.52479
6.4461
6.3679
6.29044
6.21344
6.05771
5.98248
5.90795
5.83384
5.76036
5.6873
5.5394
5.46792
5.39705
5.32656
5.25657
5.18718
5.04642
4.97846
4.91087
4.84372
4.77702
4.71089
4.57668
4.51176
4.44737
4.38331
4.31966
4.25654
4.12844
4.06653
4.0052
3.94421
3.88371
3.82382
3.70288
3.64475
3.58745
3.53085
3.47509
3.42037
3.31141
3.25974
3.20916
3.15922
3.06636
2.92564
2.67363
2.56737
2.47008
2.37971
2.2959
2.21738
2.07119
2.006
1.94454
1.88582
1.82995
1.77658
1.67478
1.62896
1.58477
1.54213
1.50103
1.4615
1.38556
1.35104
1.31748
1.28477
1.25297
1.22212
1.16187
1.13456
1.10735
1.08096
1.05551
1.03083
0.982545
0.960068
0.938362
0.917354
0.89708
0.877671
0.83942
0.821188
0.803287
0.785658
0.768358
0.75133
0.717422
0.701312
0.685529
0.670021
0.654814
0.639933
0.610367
0.596481
0.58288
0.569372
0.556118
0.543313
