-2.55137
-2.75379
-2.98622
-3.26385
-3.57909
-3.91715
-4.27254
-4.64502
-5.03577
-5.44607
-5.87739
-6.33255
-6.8209
-7.37154
-8.03257
-8.80793
-9.65587
-10.5529
-11.4952
-12.4851
-13.5265
-14.623
-15.7807
-17.0164
-18.3846
-20.0094
-21.9699
-24.1752
-26.5367
-29.0332
-31.6716
-34.4682
-37.4418
-40.6174
-44.0436
-47.8487
-52.3596
-57.9858
-64.6869
-72.2452
-80.684
-90.2218
-101.225
-114.233
-130.091
-150.204
-177.276
-217.088
-279.311
-369.738
-477.276
-527.993
-463.95
-271.967
-7.14903
257.367
449.058
513.016
462.834
357.765
271.608
213.099
174.551
147.496
127.127
111.007
97.7686
86.5672
76.8563
68.3573
61.1092
55.288
50.5862
46.5056
42.7952
39.3578
36.1485
33.1376
30.3021
27.6241
25.1051
22.8016
20.8357
19.2169
17.8012
16.4924
15.2572
14.0853
12.9717
11.9124
10.9033
9.94421
9.04792
8.25433
7.59213
7.02183
6.49828
6.00341
5.53178
5.0812
4.6501
4.2371
3.8421
3.47078
3.13575
2.39293
1.93053
1.6014
1.35093
1.15107
-2.55237
-2.75268
-2.75489
-2.98491
-2.98754
-3.2623
-3.2654
-3.5774
-3.58079
-3.91536
-3.91894
-4.27066
-4.27442
-4.64305
-4.64699
-5.0337
-5.03784
-5.4439
-5.44825
-5.8751
-5.87967
-6.33013
-6.33498
-6.81825
-6.82355
-7.36845
-7.37463
-8.02883
-8.03632
-8.8037
-8.81217
-9.65135
-9.66039
-10.5482
-10.5577
-11.4902
-11.5002
-12.4799
-12.4904
-13.521
-13.532
-14.6172
-14.6289
-15.7745
-15.7868
-17.0097
-17.023
-18.377
-18.3922
-20.0001
-20.0187
-21.9591
-21.9808
-24.1634
-24.1871
-26.5242
-26.5492
-29.0199
-29.0465
-31.6576
-31.6856
-34.4533
-34.4831
-37.4259
-37.4576
-40.6005
-40.6344
-44.0251
-44.0622
-47.8276
-47.8698
-52.3337
-52.3856
-57.9537
-58.0179
-64.6499
-64.7238
-72.204
-72.2864
-80.6379
-80.7302
-90.1691
-90.2745
-101.163
-101.286
-114.159
-114.307
-129.999
-130.182
-150.085
-150.324
-177.111
-177.442
-216.834
-217.343
-278.917
-279.705
-369.2
-370.275
-476.767
-477.782
-528.009
-527.974
-464.605
-463.29
-273.244
-270.688
-8.55428
-5.74386
256.095
258.636
448.4
449.713
512.996
513.034
463.312
462.355
358.288
357.244
271.977
271.24
213.341
212.858
174.715
174.387
147.616
147.377
127.219
127.034
111.082
110.932
97.8312
97.7061
86.6209
86.5135
76.9033
76.8094
68.3982
68.3164
61.143
61.0754
55.3147
55.2613
50.6085
50.5638
46.5256
46.4856
42.8136
42.7768
39.375
39.3407
36.1645
36.1324
33.1527
33.1226
30.3164
30.2879
27.6375
27.6106
25.1177
25.0926
22.8128
22.7905
20.8449
20.8266
19.2246
19.2092
17.8082
17.7942
16.499
16.4859
15.2634
15.251
14.0912
14.0794
12.9773
12.9661
11.9177
11.907
10.9084
10.8982
9.94902
9.93939
9.05233
9.04352
8.25809
8.25058
7.59526
7.589
7.02463
7.01903
6.5009
6.49565
6.00591
6.00092
5.53416
5.52939
5.08347
5.07892
4.65228
4.64792
4.23918
4.23501
3.84409
3.84011
3.47261
3.46895
3.13762
3.13393
2.39586
2.39001
1.93251
1.92855
1.60286
1.59994
1.35206
1.3498
1.15198
-2.55987
-2.74441
-2.76322
-2.97509
-2.99741
-3.25073
-3.27704
-3.5647
-3.59353
-3.90192
-3.93241
-4.25657
-4.28853
-4.62829
-4.6618
-5.01821
-5.05337
-5.42762
-5.46457
-5.85797
-5.89684
-6.31198
-6.35319
-6.79842
-6.8435
-7.34536
-7.39793
-8.00085
-8.0645
-8.77204
-8.84395
-9.61751
-9.69431
-10.5126
-10.5933
-11.4528
-11.5376
-12.4406
-12.5298
-13.4796
-13.5734
-14.5736
-14.6726
-15.7284
-15.8331
-16.9599
-17.073
-18.3201
-18.4494
-19.9308
-20.0887
-21.8778
-22.0626
-24.0747
-24.276
-26.4302
-26.6435
-28.9206
-29.146
-31.5525
-31.791
-34.3418
-34.595
-37.3072
-37.5767
-40.4732
-40.7621
-43.8866
-44.2014
-47.6701
-48.0286
-52.1399
-52.5815
-57.7141
-58.2595
-64.3736
-65.0017
-71.8957
-72.5963
-80.2922
-81.0774
-89.7753
-90.671
-100.703
-101.751
-113.61
-114.862
-129.317
-130.873
-149.2
-151.221
-175.881
-178.696
-214.949
-219.277
-275.987
-282.676
-365.185
-374.322
-472.975
-481.518
-528.021
-527.733
-469.417
-458.238
-282.757
-261.024
-19.0668
4.79247
246.475
268.073
443.337
454.472
512.748
513.076
466.94
458.708
362.234
353.36
274.772
268.503
215.175
211.062
175.955
173.169
148.519
146.487
127.918
126.342
111.647
110.373
98.3023
97.239
87.0248
86.1121
77.2564
76.4585
68.7059
68.0111
61.3978
60.8235
55.5161
55.0621
50.7769
50.3965
46.676
46.336
42.952
42.6389
39.5038
39.2123
36.2851
36.0123
33.2661
33.0096
30.4233
30.1813
27.7385
27.5099
25.212
24.9987
22.8966
22.7074
20.914
20.7582
19.2827
19.1515
17.8608
17.7419
16.5483
16.4367
15.31
15.2044
14.1355
14.0352
13.0194
12.9241
11.9578
11.867
10.9466
10.8601
9.98516
9.90333
9.0855
9.01054
8.28637
8.22255
7.61883
7.5656
7.04569
6.99808
6.52058
6.47601
6.02465
5.98223
5.55204
5.51155
5.10057
5.06186
4.66865
4.63158
4.25487
4.21936
3.85903
3.8252
3.4864
3.45523
3.1502
3.10295
2.41805
2.36836
1.94744
1.91385
1.61389
1.58904
1.36058
1.34135
1.15887
-2.58035
-2.60793
-2.63589
-2.66426
-2.69301
-2.72219
-2.78603
-2.81704
-2.84876
-2.88133
-2.91464
-2.94885
-3.0246
-3.0617
-3.09979
-3.13889
-3.17884
-3.21963
-3.30892
-3.35203
-3.39578
-3.44018
-3.48504
-3.5304
-3.62828
-3.675
-3.72208
-3.76964
-3.81745
-3.86561
-3.96907
-4.01825
-4.06779
-4.11777
-4.16795
-4.21849
-4.32697
-4.37855
-4.43046
-4.48281
-4.5354
-4.58836
-4.7021
-4.75618
-4.81063
-4.86554
-4.92073
-4.97629
-5.09567
-5.15244
-5.20961
-5.26728
-5.32523
-5.38361
-5.509
-5.56864
-5.62871
-5.68934
-5.7503
-5.81168
-5.94362
-6.00643
-6.06974
-6.13369
-6.19805
-6.26293
-6.40288
-6.46975
-6.53733
-6.60578
-6.67503
-6.7452
-6.89802
-6.97188
-7.04716
-7.12422
-7.20293
-7.28352
-7.46204
-7.54974
-7.63991
-7.73282
-7.8281
-7.92591
-8.14188
-8.24697
-8.35412
-8.46339
-8.57424
-8.68673
-8.93065
-9.04741
-9.16538
-9.28473
-9.40489
-9.52604
-9.78672
-9.91082
-10.0358
-10.1619
-10.2887
-10.4163
-10.6905
-10.8208
-10.9521
-11.0846
-11.2177
-11.3517
-11.6397
-11.7766
-11.9145
-12.0537
-12.1935
-12.3344
-12.637
-12.7811
-12.9261
-13.0724
-13.2196
-13.3678
-13.6863
-13.838
-13.9907
-14.1448
-14.2997
-14.4558
-14.7916
-14.9514
-15.1125
-15.2751
-15.4387
-15.6038
-15.9593
-16.129
-16.3002
-16.4736
-16.6485
-16.8257
-17.2097
-17.3944
-17.5824
-17.7739
-17.9688
-18.1678
-18.6068
-18.8216
-19.0426
-19.2704
-19.5045
-19.7455
-20.2811
-20.544
-20.8135
-21.0898
-21.3716
-21.6589
-22.2862
-22.5883
-22.8946
-23.2051
-23.5185
-23.8352
-24.5185
-24.8446
-25.1733
-25.5054
-25.8395
-26.1762
-26.9003
-27.2453
-27.5931
-27.9436
-28.2966
-28.6525
-29.417
-29.7815
-30.1488
-30.5192
-30.8925
-31.2688
-32.0779
-32.4639
-32.8531
-33.2456
-33.6416
-34.0407
-34.8996
-35.3096
-35.7233
-36.1407
-36.5618
-36.9866
-37.9014
-38.3387
-38.7801
-39.2258
-39.6757
-40.1301
-41.1103
-41.5799
-42.0547
-42.5351
-43.0212
-43.5136
-44.5816
-45.096
-45.6191
-46.1516
-46.6935
-47.2477
-48.4647
-49.0607
-49.6732
-50.3035
-50.9535
-51.6236
-53.1215
-53.8638
-54.63
-55.4204
-56.2349
-57.0725
-58.9229
-59.827
-60.7507
-61.6934
-62.6534
-63.6311
-65.7612
-66.79
-67.8348
-68.8957
-69.9729
-71.0663
-73.4433
-74.59
-75.7549
-76.9384
-78.1411
-79.3635
-82.0277
-83.3169
-84.6309
-85.9687
-87.3308
-88.7186
-91.7583
-93.2355
-94.745
-96.2866
-97.8615
-99.4728
-103.02
-104.753
-106.529
-108.351
-110.22
-112.139
-116.39
-118.483
-120.637
-122.857
-125.144
-127.502
-132.775
-135.388
-138.1
-140.909
-143.822
-146.851
-153.702
-157.147
-160.75
-164.524
-168.474
-172.626
-182.206
-187.12
-192.324
-197.844
-203.742
-209.992
-224.699
-232.372
-240.553
-249.274
-258.525
-268.31
-290.956
-302.504
-314.621
-327.303
-340.604
-354.469
-385.514
-400.893
-416.404
-432.067
-447.415
-462.413
-490.989
-502.225
-511.627
-518.978
-524.256
-527.264
-526.152
-522.115
-515.584
-506.642
-495.235
-481.366
-443.534
-421.41
-396.622
-369.47
-339.558
-307.95
-234.516
-198.089
-161.109
-123.481
-85.649
-47.5794
33.3359
71.2782
109.157
146.684
183.77
219.93
293.022
324.956
354.616
381.991
406.619
428.624
466.466
480.357
491.782
500.642
507.091
511.174
512.332
509.416
504.129
496.801
487.463
476.271
448.27
433.459
418.233
403.003
387.901
373.112
343.044
329.73
317.056
304.989
293.493
282.573
261.276
252.107
243.43
235.268
227.57
220.315
206.329
200.325
194.653
189.278
184.202
179.396
169.948
165.814
161.875
158.099
154.486
151.022
144.11
141.046
138.097
135.251
132.5
129.846
124.495
122.095
119.771
117.517
115.326
113.2
108.877
106.924
105.024
103.169
101.361
99.5962
95.9878
94.3475
92.7439
91.1734
89.6369
88.1314
85.0351
83.6211
82.2332
80.8709
79.5346
78.223
75.516
74.2772
73.0613
71.8675
70.6972
69.5496
67.1925
66.1208
65.0751
64.0558
63.0636
62.1002
60.1518
59.2801
58.4367
57.6207
56.8328
56.0707
54.5305
53.8373
53.1637
52.5065
51.865
51.2378
49.9472
49.3564
48.7761
48.2045
47.6415
47.0866
45.9328
45.3999
44.8734
44.3528
43.8384
43.3294
42.2671
41.775
41.2878
40.8053
40.3278
39.8548
38.866
38.407
37.9524
37.5019
37.0556
36.6135
35.6878
35.2578
34.8316
34.409
33.9901
33.5747
32.7046
32.3
31.8988
31.5007
31.106
30.7144
29.8933
29.5113
29.1323
28.7564
28.3834
28.0133
27.2381
26.8776
26.5203
26.1664
25.816
25.4693
24.7455
24.4116
24.0824
23.7578
23.4392
23.1268
22.4842
22.193
21.9094
21.633
21.3649
21.1044
20.5753
20.3372
20.1053
19.8787
19.6579
19.4418
18.9962
18.7922
18.5913
18.3928
18.1973
18.0042
17.6006
17.4137
17.2286
17.0447
16.8628
16.6825
16.3039
16.128
15.9534
15.7798
15.6079
15.4372
15.0786
14.9118
14.7462
14.5815
14.4182
14.2562
13.9157
13.7571
13.5998
13.4433
13.2882
13.1342
12.8104
12.6598
12.5101
12.3613
12.2137
12.067
11.7588
11.6153
11.4728
11.3309
11.1903
11.0507
10.757
10.6205
10.4848
10.3499
10.2163
10.0838
9.80596
9.67716
9.54974
9.42347
9.29903
9.17629
8.92184
8.80545
8.69128
8.57944
8.47048
8.3642
8.1475
8.04978
7.95466
7.86193
7.77166
7.68355
7.5027
7.42025
7.33917
7.25919
7.18067
7.10318
6.94153
6.86675
6.7926
6.7191
6.64641
6.57425
6.42291
6.35251
6.28261
6.21306
6.14412
6.07565
5.9317
5.86467
5.79808
5.73178
5.66604
5.60071
5.4633
5.39929
5.33567
5.27234
5.20953
5.1471
5.01573
4.95449
4.89365
4.83305
4.77294
4.7132
4.5874
4.52876
4.47046
4.41242
4.35482
4.29756
4.177
4.12081
4.065
4.00947
3.95441
3.89973
3.78496
3.73171
3.67894
3.62666
3.57507
3.52413
3.41829
3.36974
3.32208
3.27517
3.22915
3.18385
3.00568
2.88203
2.76865
2.66426
2.56871
2.48041
2.31164
2.23962
2.17149
2.10697
2.0464
1.98884
1.87483
1.82481
1.77666
1.7306
1.68636
1.64429
1.55994
1.52221
1.48574
1.45037
1.41642
1.38399
1.3187
1.28912
1.26029
1.23214
1.20477
1.17817
