-2.20651
-2.46209
-2.73974
-3.08262
-3.52412
-4.01301
-4.53392
-5.09003
-5.68487
-6.32124
-7.01939
-7.90175
-9.04151
-10.3014
-11.647
-13.0876
-14.6332
-16.2927
-18.1308
-20.5051
-23.5731
-26.9687
-30.6226
-34.5781
-38.8857
-43.6117
-49.0365
-56.3749
-66.1409
-77.5838
-91.0732
-107.666
-129.194
-159.253
-207.935
-307.141
-490.022
-614.252
-443.595
-7.24227
428.828
598.955
476.049
298.555
205.238
157.003
126.351
104.375
87.4383
73.6389
62.2379
53.8949
47.7461
42.4333
37.6363
33.261
29.2373
25.5106
22.1685
19.6108
17.6092
15.7947
14.105
12.5299
11.0582
9.67992
8.43888
7.48139
6.71005
6.0014
5.33623
4.71111
4.12168
3.56632
3.00659
2.09751
1.59752
1.25929
1.0096
0.821576
-2.2074
-2.46113
-2.46304
-2.73867
-2.74082
-3.08118
-3.08406
-3.52242
-3.52582
-4.01119
-4.01483
-4.53198
-4.53587
-5.08796
-5.09211
-5.68265
-5.68709
-6.31886
-6.32362
-7.01666
-7.02212
-7.89803
-7.90548
-9.03713
-9.0459
-10.2967
-10.3061
-11.6419
-11.652
-13.0823
-13.093
-14.6275
-14.639
-16.2864
-16.2989
-18.1235
-18.138
-20.495
-20.5152
-23.5613
-23.5849
-26.956
-26.9814
-30.6089
-30.6363
-34.5632
-34.593
-38.8695
-38.902
-43.5937
-43.6297
-49.0146
-49.0585
-56.3435
-56.4064
-66.1025
-66.1792
-77.5393
-77.6283
-91.0197
-91.1267
-107.599
-107.734
-129.104
-129.284
-159.121
-159.385
-207.696
-208.175
-306.652
-307.63
-489.213
-490.832
-614.305
-614.193
-444.87
-442.316
-8.86222
-5.62244
427.564
430.097
598.892
599.014
476.85
475.248
299.018
298.094
205.469
205.008
157.137
156.869
126.443
126.259
104.443
104.306
87.493
87.3837
73.6844
73.5934
62.2741
62.2018
53.9198
53.87
47.7664
47.7258
42.4515
42.4151
37.6528
37.6198
33.2761
33.2459
29.2513
29.2233
25.5235
25.4977
22.1794
22.1576
19.6187
19.603
17.616
17.6024
15.8011
15.7884
14.1108
14.0991
12.5354
12.5244
11.0634
11.0531
9.68471
9.67512
8.44292
8.43485
7.48438
7.4784
6.7127
6.70741
6.00388
5.99893
5.33856
5.3339
4.7133
4.70892
4.12375
4.11961
3.56825
3.56439
3.01164
3.00155
2.09978
2.09525
1.59897
1.59607
1.26033
1.25826
1.01039
1.00881
0.822176
-2.21501
-2.45304
-2.47116
-2.72957
-2.74999
-3.06902
-3.09634
-3.50797
-3.54031
-3.99572
-4.03034
-4.5155
-4.55239
-5.07033
-5.10978
-5.66381
-5.70599
-6.29865
-6.34389
-6.99356
-7.04542
-7.86654
-7.93734
-8.99991
-9.08325
-10.2568
-10.3461
-11.5993
-11.6947
-13.0365
-13.1389
-14.5784
-14.6882
-16.2336
-16.3519
-18.0622
-18.2
-20.4099
-20.6012
-23.4612
-23.6853
-26.8481
-27.0895
-30.4926
-30.7529
-34.4369
-34.7197
-38.7316
-39.0403
-43.4411
-43.783
-48.8292
-49.2461
-56.0773
-56.6755
-65.7773
-66.5063
-77.1619
-78.0081
-90.5668
-91.5832
-107.029
-108.309
-128.343
-130.054
-158.01
-160.517
-205.689
-210.243
-302.55
-311.83
-482.347
-497.723
-614.628
-613.514
-455.457
-431.259
-22.6428
8.15755
416.596
440.658
598.219
599.37
483.657
468.437
302.994
294.209
207.451
203.074
158.283
155.741
127.23
125.481
105.03
103.725
87.9594
86.9207
74.0722
73.208
62.5833
61.8963
54.1325
53.66
47.9396
47.5534
42.6063
42.261
37.7934
37.4797
33.4049
33.1176
29.3702
29.1048
25.6335
25.3881
22.2723
22.0658
19.6858
19.5365
17.674
17.5446
15.8548
15.7348
14.161
14.0491
12.5821
12.4778
11.1071
11.0094
9.72553
9.63444
8.47739
8.40078
7.50991
7.45308
6.73521
6.68495
6.02497
5.97789
5.35836
5.31415
4.73193
4.69033
4.14135
4.10205
3.58467
3.54804
3.05505
2.9592
2.11933
2.07614
1.61136
1.58384
1.26917
1.24952
1.0171
1.00217
0.827287
-2.24013
-2.27672
-2.31368
-2.35093
-2.38853
-2.42655
-2.49798
-2.53714
-2.57687
-2.61714
-2.65817
-2.70002
-2.78059
-2.82613
-2.87361
-2.92319
-2.9752
-3.0298
-3.13753
-3.19883
-3.26217
-3.32704
-3.39327
-3.46076
-3.58823
-3.65825
-3.72891
-3.80026
-3.87228
-3.94505
-4.08154
-4.15611
-4.23146
-4.30741
-4.38406
-4.46154
-4.60695
-4.68657
-4.76687
-4.84795
-4.92995
-5.01264
-5.16814
-5.25319
-5.3392
-5.42595
-5.51354
-5.60211
-5.76839
-5.85933
-5.95127
-6.04402
-6.13784
-6.23252
-6.41095
-6.50893
-6.60852
-6.70967
-6.81283
-6.91869
-7.12325
-7.23972
-7.36155
-7.48927
-7.62365
-7.76503
-8.04387
-8.20246
-8.36607
-8.5335
-8.70434
-8.87826
-9.2067
-9.38683
-9.56908
-9.75293
-9.93854
-10.1262
-10.4782
-10.6707
-10.8652
-11.0614
-11.2595
-11.4597
-11.8359
-12.0417
-12.2499
-12.46
-12.6722
-12.8869
-13.2903
-13.5111
-13.7345
-13.9599
-14.1876
-14.4179
-14.8506
-15.0874
-15.327
-15.5688
-15.8133
-16.0608
-16.5273
-16.7844
-17.0453
-17.3114
-17.5835
-17.8635
-18.4077
-18.7192
-19.0468
-19.3909
-19.7541
-20.1355
-20.8885
-21.3161
-21.7567
-22.2072
-22.6666
-23.1342
-24.0174
-24.502
-24.9927
-25.4881
-25.9886
-26.4951
-27.447
-27.9684
-28.4954
-29.0283
-29.5671
-30.112
-31.1387
-31.7019
-32.2718
-32.8487
-33.4326
-34.0237
-35.1389
-35.7514
-36.3716
-36.9999
-37.6361
-38.2807
-39.4981
-40.1676
-40.8463
-41.5348
-42.2335
-42.9432
-44.2913
-45.0389
-45.8033
-46.5872
-47.3953
-48.2313
-49.8771
-50.829
-51.8353
-52.9008
-54.0292
-55.2186
-57.5777
-58.924
-60.3148
-61.7465
-63.2148
-64.7177
-67.5922
-69.1898
-70.8216
-72.4885
-74.1919
-75.9334
-79.2707
-81.1341
-83.0455
-85.0076
-87.0234
-89.0967
-93.105
-95.3638
-97.6958
-100.107
-102.601
-105.185
-110.235
-113.112
-116.107
-119.228
-122.487
-125.894
-132.642
-136.547
-140.656
-144.996
-149.586
-154.458
-164.357
-170.25
-176.611
-183.521
-191.077
-199.404
-217.414
-228.877
-241.745
-256.149
-272.083
-289.544
-326.216
-348.569
-373.05
-399.771
-428.795
-459.985
-520.092
-550.412
-576.036
-595.242
-607.813
-613.968
-609.437
-598.529
-581.427
-557.681
-526.772
-487.62
-392.566
-331.422
-266.323
-200.079
-133.83
-67.9715
53.485
119.27
185.491
251.745
316.602
377.722
472.65
511.703
542.582
566.21
583.259
594.172
598.669
592.624
580.082
561.026
535.725
505.602
446.374
415.819
387.466
361.588
338.01
316.632
281.967
265.596
250.713
237.234
225.142
214.303
196.978
188.837
181.376
174.494
168.113
162.167
152.13
147.168
142.487
138.059
133.862
129.875
122.979
119.501
116.173
112.987
109.931
106.995
101.844
99.2077
96.663
94.2025
91.8216
89.5148
85.4179
83.2973
81.2345
79.226
77.2694
75.3629
71.9554
70.1851
68.4636
66.7932
65.1778
63.6219
60.9142
59.5574
58.2749
57.0662
55.9261
54.8473
52.9818
52.0327
51.1166
50.2273
49.3609
48.5146
46.9914
46.1912
45.4046
44.6306
43.8689
43.1187
41.7571
41.0376
40.3283
39.6289
38.9391
38.2587
37.0215
36.3667
35.7204
35.0824
34.4526
33.8307
32.6978
32.0972
31.5036
30.9169
30.3369
29.7633
28.7166
28.1607
27.6108
27.0668
26.529
25.9974
25.0301
24.5189
24.0172
23.5262
23.0471
22.5834
21.77
21.3587
20.9687
20.5985
20.2463
19.9102
19.3211
19.0173
18.7209
18.431
18.1459
17.8656
17.3557
17.0851
16.8178
16.5534
16.2917
16.0324
15.5593
15.3075
15.0585
14.8121
14.5679
14.3265
13.8855
13.6508
13.4188
13.1891
12.9615
12.7365
12.3252
12.1062
11.8895
11.675
11.4622
11.2516
10.8665
10.6612
10.4581
10.2569
10.0575
9.8605
9.50151
9.31158
9.12525
8.94286
8.76491
8.59279
8.29093
8.13815
7.99279
7.85434
7.72197
7.59512
7.37088
7.25439
7.14053
7.02866
6.91836
6.80966
6.61145
6.50601
6.40172
6.29844
6.19598
6.09458
5.90902
5.81023
5.71222
5.61522
5.51899
5.42374
5.24945
5.15654
5.06457
4.97343
4.88298
4.79343
4.62945
4.54206
4.4553
4.36935
4.28411
4.19945
4.04449
3.9618
3.87994
3.79882
3.71842
3.63901
3.49463
3.4185
3.344
3.27115
3.20003
3.13017
2.8301
2.66868
2.5283
2.40249
2.28977
2.18622
2.01496
1.93273
1.85596
1.78449
1.71649
1.65298
1.54451
1.49007
1.43847
1.38967
1.34333
1.29885
1.22137
1.18223
1.1441
1.10821
1.07358
1.03971
0.980737
0.950875
0.922302
0.89509
0.869296
0.844265
