-2.20506
-2.41242
-2.63609
-2.88659
-3.18124
-3.5241
-3.90195
-4.30594
-4.73455
-5.18921
-5.67252
-6.18906
-6.74989
-7.38416
-8.13778
-9.01868
-9.99105
-11.0327
-12.1405
-13.3186
-14.5747
-15.9222
-17.3935
-19.0724
-21.0852
-23.4476
-26.0642
-28.8821
-31.9009
-35.1428
-38.643
-42.4615
-46.7269
-51.7378
-57.9294
-65.4249
-74.0917
-84.0127
-95.546
-109.317
-126.341
-148.388
-178.886
-224.777
-295.296
-390.028
-464.724
-434.103
-266.167
-7.165
251.737
419.749
451.177
377.945
286.689
219.618
175.4
145.244
123.1
105.904
91.9666
80.3025
70.3713
62.0457
55.3593
49.9477
45.2982
41.1309
37.3208
33.8032
30.5362
27.4967
24.6963
22.2143
20.1348
18.3804
16.8156
15.3714
14.0216
12.7542
11.5619
10.4413
9.40109
8.47344
7.68829
7.01602
6.4091
5.84421
5.31246
4.8098
4.33394
3.88475
3.46769
2.95495
2.22322
1.76434
1.43884
1.19354
1.00058
0.846956
-2.20597
-2.41145
-2.41339
-2.63503
-2.63716
-2.88537
-2.88781
-3.17979
-3.18269
-3.52246
-3.52575
-3.90018
-3.90372
-4.30405
-4.30782
-4.73256
-4.73655
-5.18709
-5.19133
-5.67027
-5.67478
-6.18664
-6.19149
-6.74721
-6.75257
-7.38105
-7.38727
-8.13406
-8.1415
-9.01446
-9.0229
-9.98649
-9.99562
-11.0279
-11.0376
-12.1353
-12.1456
-13.3131
-13.3241
-14.5688
-14.5806
-15.9159
-15.9285
-17.3865
-17.4006
-19.0641
-19.0806
-21.0753
-21.0952
-23.4363
-23.4589
-26.0519
-26.0765
-28.8689
-28.8953
-31.8868
-31.915
-35.1276
-35.158
-38.6265
-38.6595
-42.4434
-42.4797
-46.7063
-46.7476
-51.7128
-51.7629
-57.8985
-57.9605
-65.3883
-65.4616
-74.0499
-74.1336
-83.9645
-84.0609
-95.4894
-95.6027
-109.248
-109.385
-126.255
-126.428
-148.273
-148.504
-178.721
-179.052
-224.519
-225.035
-294.913
-295.679
-389.584
-390.472
-464.574
-464.87
-434.552
-433.65
-267.21
-265.122
-8.39255
-5.938
250.694
252.777
419.299
420.197
451.314
451.036
378.385
377.506
287.052
286.327
219.863
219.373
175.562
175.239
145.36
145.129
123.188
123.013
105.973
105.834
92.024
91.9092
80.3512
80.2539
70.4127
70.33
62.0796
62.0118
55.3863
55.3324
49.9701
49.9252
45.318
45.2784
41.1489
41.1129
37.3374
37.3043
33.8185
33.7878
30.5504
30.5219
27.51
27.4835
24.7083
24.6842
22.2246
22.2039
20.1434
20.1262
18.3878
18.373
16.8223
16.8088
15.3777
15.3651
14.0275
14.0157
12.7598
12.7487
11.5671
11.5566
10.4462
10.4364
9.40558
9.3966
8.47732
8.46957
7.69155
7.68503
7.01888
7.01315
6.41174
6.40645
5.84669
5.84174
5.3148
5.31012
4.81202
4.80759
4.33603
4.33184
3.88672
3.88279
3.46949
3.4659
2.95932
2.95058
2.22575
2.2207
1.76606
1.76263
1.4401
1.43757
1.19452
1.19257
1.00137
0.999799
0.847575
-2.21303
-2.40394
-2.42092
-2.62683
-2.6454
-2.87595
-2.89731
-3.16859
-3.19397
-3.50977
-3.53849
-3.88647
-3.91748
-4.28948
-4.32244
-4.7171
-4.75204
-5.17068
-5.20779
-5.6528
-5.6923
-6.16787
-6.21031
-6.72656
-6.77334
-7.35704
-7.41146
-8.10534
-8.17044
-8.98182
-9.05568
-9.95117
-10.031
-10.9902
-11.0753
-12.0953
-12.1857
-13.2706
-13.3668
-14.5234
-14.6262
-15.8668
-15.9777
-17.332
-17.4552
-19.0002
-19.145
-20.9984
-21.1725
-23.3486
-23.547
-25.9566
-26.172
-28.7668
-28.9977
-31.7773
-32.0248
-35.0098
-35.2762
-38.4988
-38.7876
-42.3031
-42.6206
-46.5466
-46.9082
-51.5196
-51.9579
-57.6587
-58.2022
-65.1054
-65.7465
-73.7263
-74.4591
-83.5924
-84.4355
-95.052
-96.0434
-108.718
-109.92
-125.586
-127.104
-147.386
-149.406
-177.449
-180.35
-222.542
-227.051
-292.02
-298.677
-386.115
-393.905
-463.438
-465.919
-437.937
-430.131
-275.218
-256.999
-17.9154
3.59037
242.558
260.741
415.741
423.577
452.296
449.846
381.767
374.104
289.887
283.536
221.782
217.493
176.824
173.996
146.261
144.241
123.869
122.34
106.515
105.298
92.4702
91.4665
80.7291
79.8785
70.7344
70.0107
62.3435
61.7506
55.5959
55.1246
50.1448
49.7517
45.4719
45.1252
41.2885
40.9738
37.4658
37.1763
33.9374
33.6693
30.6611
30.4116
27.6128
27.381
24.8018
24.5912
22.3049
22.1242
20.2099
20.0601
18.4455
18.3155
16.875
16.7563
15.4267
15.3162
14.0734
13.9699
12.803
12.7056
11.6077
11.5161
10.4843
10.3985
9.44044
9.36191
8.50749
8.43962
7.71689
7.65988
7.04115
6.99097
6.43224
6.38602
5.86591
5.82256
5.33294
5.29202
4.82919
4.79046
4.35228
4.31563
3.90199
3.86757
3.48345
3.45201
2.99365
2.91716
2.24552
2.20138
1.77947
1.74941
1.44997
1.42786
1.2021
1.1851
1.00749
0.993738
0.852384
-2.23386
-2.26296
-2.29227
-2.3219
-2.35175
-2.38195
-2.4432
-2.47437
-2.50585
-2.53779
-2.57009
-2.60288
-2.66983
-2.70417
-2.73919
-2.77489
-2.81129
-2.84852
-2.92558
-2.96554
-3.00657
-3.04867
-3.09184
-3.13601
-3.22746
-3.27468
-3.32291
-3.37204
-3.422
-3.47268
-3.57623
-3.629
-3.68247
-3.73656
-3.7912
-3.84631
-3.95811
-4.01478
-4.07206
-4.12983
-4.1881
-4.24677
-4.3656
-4.42577
-4.48654
-4.54781
-4.6096
-4.67182
-4.79781
-4.86162
-4.92606
-4.99105
-5.05649
-5.12261
-5.25639
-5.32414
-5.39262
-5.4617
-5.53129
-5.60164
-5.74408
-5.81633
-5.88938
-5.96318
-6.0376
-6.11298
-6.266
-6.34389
-6.42285
-6.50289
-6.58391
-6.66631
-6.83493
-6.92162
-7.01011
-7.10042
-7.19274
-7.28734
-7.48351
-7.58551
-7.69041
-7.7981
-7.90844
-8.02179
-8.25646
-8.37768
-8.50155
-8.62775
-8.75596
-8.88646
-9.15272
-9.28845
-9.42603
-9.56521
-9.70564
-9.84776
-10.1357
-10.2818
-10.4294
-10.5784
-10.7284
-10.88
-11.1868
-11.3424
-11.4992
-11.6575
-11.817
-11.9782
-12.3042
-12.4694
-12.6363
-12.8047
-12.9744
-13.1458
-13.493
-13.6689
-13.8468
-14.0263
-14.2073
-14.3902
-14.761
-14.9493
-15.1398
-15.3323
-15.5265
-15.7234
-16.1234
-16.3272
-16.5341
-16.7441
-16.9568
-17.1734
-17.6176
-17.8462
-18.08
-18.3192
-18.5637
-18.8148
-19.3368
-19.6087
-19.8886
-20.1763
-20.4713
-20.7746
-21.4029
-21.7277
-22.06
-22.3983
-22.7429
-23.0926
-23.8076
-24.1725
-24.5424
-24.9168
-25.295
-25.6778
-26.4545
-26.8489
-27.248
-27.6506
-28.0573
-28.4679
-29.3003
-29.7232
-30.1502
-30.5814
-31.0171
-31.4571
-32.3493
-32.8029
-33.2611
-33.7241
-34.1922
-34.6652
-35.6255
-36.1143
-36.6086
-37.1084
-37.6141
-38.1258
-39.1667
-39.6975
-40.2353
-40.7802
-41.3328
-41.8935
-43.0385
-43.6257
-44.2228
-44.8304
-45.4501
-46.0819
-47.3865
-48.0638
-48.7573
-49.4707
-50.2044
-50.9596
-52.5404
-53.3706
-54.2274
-55.1114
-56.0233
-56.9632
-58.9227
-59.9438
-60.9908
-62.063
-63.1603
-64.2816
-66.5917
-67.7831
-68.998
-70.236
-71.4975
-72.7835
-75.4254
-76.7865
-78.1746
-79.5906
-81.0351
-82.5094
-85.5491
-87.1216
-88.7286
-90.373
-92.0572
-93.7808
-97.3564
-99.2148
-101.125
-103.087
-105.105
-107.182
-111.517
-113.79
-116.135
-118.557
-121.064
-123.658
-129.127
-132.023
-135.032
-138.161
-141.431
-144.834
-152.112
-156.02
-160.131
-164.451
-169.002
-173.807
-184.277
-190.004
-196.101
-202.59
-209.504
-216.889
-233.18
-242.137
-251.643
-261.707
-272.353
-283.588
-307.643
-320.51
-333.824
-347.527
-361.56
-375.83
-403.997
-417.349
-430.082
-441.369
-451.202
-459.141
-468.281
-469.454
-467.879
-463.594
-456.652
-446.846
-418.594
-400.095
-378.688
-354.462
-327.522
-297.896
-232.462
-196.881
-160.367
-122.828
-84.5553
-45.9393
31.5816
70.1775
108.469
146.093
182.56
218.036
283.525
312.996
339.993
364.334
385.781
404.261
432.389
442.227
449.269
453.576
455.206
454.442
445.421
437.618
428.04
416.932
404.65
391.637
364.147
350.402
336.831
323.592
310.74
298.414
275.49
264.789
254.635
245.121
236.104
227.597
212.113
205.048
198.383
192.141
186.236
180.647
170.427
165.697
161.199
156.923
152.851
148.96
141.686
138.275
134.995
131.848
128.823
125.908
120.393
117.776
115.244
112.797
110.428
108.13
103.744
101.645
99.6032
97.6158
95.6814
93.7994
90.1804
88.4346
86.7308
85.0671
83.4414
81.8529
78.7864
77.3016
75.8506
74.4323
73.0458
71.6915
69.0832
67.8257
66.602
65.4111
64.2548
63.1321
60.9942
59.9753
58.9892
58.0359
57.1143
56.2219
54.5224
53.709
52.9176
52.1477
51.3966
50.6635
49.2464
48.5579
47.8826
47.2202
46.5686
45.9277
44.6778
44.0658
43.4624
42.8676
42.2808
41.7018
40.5672
40.0096
39.4588
38.9148
38.3771
37.8455
36.8021
36.2885
35.7803
35.2779
34.7808
34.2891
33.3224
32.8459
32.3743
31.9076
31.4455
30.9882
30.0887
29.6453
29.2063
28.7719
28.3421
27.9168
27.0814
26.6704
26.2644
25.8638
25.4683
25.0792
24.3196
23.9492
23.5866
23.2309
22.8832
22.5445
21.8925
21.5793
21.2742
20.9775
20.6889
20.4082
19.8681
19.6072
19.3523
19.1023
18.8571
18.6168
18.1477
17.9181
17.6921
17.4688
17.2482
17.0306
16.6029
16.3922
16.184
15.9777
15.7733
15.5714
15.1733
14.9767
14.7823
14.5893
14.3982
14.2091
13.8358
13.6514
13.469
13.2878
13.1082
12.9304
12.5796
12.4061
12.2344
12.0639
11.8949
11.7277
11.3975
11.2343
11.0728
10.9126
10.754
10.5968
10.2874
10.135
9.98446
9.83553
9.68857
9.54379
9.26069
9.12254
8.98723
8.85434
8.72426
8.5973
8.3526
8.23461
8.11983
8.00778
7.89867
7.79228
7.58673
7.48712
7.38963
7.29379
7.19965
7.10711
6.92616
6.83735
6.74982
6.66316
6.57747
6.49284
6.3262
6.24394
6.16261
6.08187
6.00189
5.92271
5.7664
5.6891
5.61258
5.53657
5.46118
5.38652
5.23899
5.16599
5.09367
5.02181
4.95052
4.87989
4.74027
4.67116
4.60269
4.53465
4.46715
4.40028
4.26813
4.20286
4.13803
4.07377
4.0101
3.94713
3.82304
3.76197
3.7015
3.64179
3.58285
3.52483
3.41147
3.35615
3.30173
3.2483
3.19603
3.09836
2.82305
2.70218
2.59129
2.48893
2.39386
2.3057
2.14642
2.0738
2.00481
1.93975
1.87847
1.8199
1.71143
1.66098
1.61306
1.56684
1.52235
1.47968
1.40019
1.36283
1.32668
1.29158
1.25758
1.22486
1.16351
1.13394
1.10619
1.07858
1.0518
1.02578
0.976186
0.952556
0.929815
0.907847
0.886721
0.866649
