-2.0436
-2.33332
-2.65029
-3.03089
-3.52847
-4.09871
-4.7173
-5.3876
-6.11636
-6.92684
-7.94366
-9.26557
-10.7559
-12.3753
-14.1371
-16.0631
-18.2487
-21.1068
-24.7542
-28.8348
-33.3133
-38.266
-43.8221
-50.4847
-59.7766
-71.8752
-86.5004
-104.85
-129.544
-166.488
-233.69
-368.126
-522.476
-414.89
-7.14903
400.098
507.663
356.203
228.813
163.835
126.572
101.46
82.7749
67.9908
56.7901
48.9389
42.5747
36.9821
31.9675
27.4229
23.3523
20.1192
17.6758
15.5417
13.592
11.8005
10.1503
8.67322
7.51762
6.60248
5.78012
5.01991
4.31366
3.65897
3.00028
1.99849
1.46826
1.12135
0.874016
0.687847
-2.04447
-2.33239
-2.33426
-2.64925
-2.65133
-3.02953
-3.03224
-3.52679
-3.53015
-4.09687
-4.10054
-4.71531
-4.71929
-5.38544
-5.38976
-6.114
-6.11872
-6.92413
-6.92955
-7.93999
-7.94732
-9.26117
-9.26998
-10.7511
-10.7607
-12.3701
-12.3805
-14.1314
-14.1428
-16.0569
-16.0694
-18.2412
-18.2562
-21.0965
-21.1171
-24.7422
-24.7662
-28.8216
-28.848
-33.2988
-33.3279
-38.2498
-38.2821
-43.8037
-43.8405
-50.461
-50.5085
-59.743
-59.8102
-71.8342
-71.9162
-86.4503
-86.5504
-104.785
-104.915
-129.453
-129.634
-166.343
-166.634
-233.396
-233.985
-367.59
-368.663
-522.291
-522.657
-415.772
-414.002
-8.55428
-5.74386
399.213
400.98
507.846
507.477
356.723
355.684
229.092
228.535
163.98
163.69
126.665
126.48
101.526
101.394
82.8259
82.7239
68.0314
67.9502
56.8186
56.7616
48.9602
48.9177
42.593
42.5564
36.9984
36.9658
31.9822
31.9528
27.4362
27.4095
23.3639
23.3408
20.1277
20.1108
17.6828
17.6689
15.548
15.5354
13.5978
13.5862
11.8058
11.7952
10.1551
10.1454
8.67737
8.66907
7.5207
7.51454
6.60514
6.59983
5.78256
5.77768
5.02217
5.01765
4.31576
4.31155
3.6609
3.65705
3.00497
2.9956
2.00057
1.99641
1.46957
1.46696
1.12228
1.12043
0.874645
0.873387
0.688369
-2.05245
-2.32379
-2.34288
-2.63963
-2.661
-3.01706
-3.04485
-3.5113
-3.5457
-4.07988
-4.11758
-4.69694
-4.73771
-5.3655
-5.40975
-6.09225
-6.14054
-6.8991
-6.95476
-7.90624
-7.98139
-9.22053
-9.31076
-10.7067
-10.8052
-12.3219
-12.4288
-14.0789
-14.1954
-15.9991
-16.1274
-18.1722
-18.3258
-21.0018
-21.2127
-24.631
-24.8777
-28.6997
-28.9703
-33.1647
-33.4626
-38.1007
-38.4317
-43.634
-44.0112
-50.2428
-50.73
-59.4335
-60.1224
-71.4561
-72.2967
-85.9893
-87.0151
-104.19
-105.516
-128.621
-130.481
-165.011
-167.991
-230.71
-236.748
-362.66
-373.644
-520.425
-524.221
-423.742
-405.579
-21.517
7.25033
390.843
408.956
509.379
505.598
361.573
350.925
231.694
225.998
165.334
162.361
127.521
125.633
102.138
100.788
83.2995
82.2542
68.4084
67.5767
57.0836
56.4999
49.1577
48.7213
42.763
42.3872
37.1497
36.815
32.1187
31.8167
27.5602
27.2859
23.4712
23.2343
20.2062
20.0331
17.7471
17.6048
15.6063
15.4773
13.6513
13.5329
11.855
11.7461
10.2004
10.1003
8.71588
8.63091
7.5493
7.48617
6.62974
6.57531
5.80517
5.75513
5.04313
4.99674
4.33527
4.29209
3.67875
3.63929
3.04882
2.95276
2.01999
1.97732
1.48166
1.45498
1.13073
1.11199
0.880483
0.867583
0.693212
-2.08049
-2.1222
-2.16437
-2.20706
-2.25021
-2.29386
-2.37323
-2.41841
-2.46424
-2.51081
-2.55812
-2.60629
-2.69525
-2.74689
-2.80028
-2.85583
-2.91371
-2.97431
-3.08981
-3.15851
-3.2299
-3.3038
-3.37976
-3.45755
-3.60051
-3.68234
-3.76534
-3.84952
-3.93466
-4.0208
-4.17742
-4.26643
-4.35647
-4.44765
-4.53978
-4.63301
-4.80248
-4.89883
-4.99634
-5.09514
-5.19505
-5.29615
-5.48005
-5.58463
-5.69057
-5.79797
-5.90659
-6.01666
-6.21734
-6.33194
-6.44849
-6.56731
-6.68853
-6.81269
-7.04422
-7.18025
-7.32214
-7.47081
-7.62682
-7.7906
-8.10273
-8.28717
-8.47779
-8.67403
-8.87477
-9.07945
-9.4543
-9.6683
-9.88515
-10.105
-10.3274
-10.5524
-10.9616
-11.1944
-11.4299
-11.6686
-11.9099
-12.1543
-12.5987
-12.8517
-13.1078
-13.3675
-13.6302
-13.8963
-14.3806
-14.6565
-14.936
-15.2197
-15.507
-15.7985
-16.3316
-16.6372
-16.9493
-17.269
-17.597
-17.9354
-18.5736
-18.9532
-19.352
-19.7722
-20.2135
-20.6762
-21.552
-22.0653
-22.5928
-23.1334
-23.6843
-24.2452
-25.2701
-25.8549
-26.4477
-27.0491
-27.6584
-28.276
-29.4003
-30.0415
-30.6917
-31.3512
-32.0202
-32.6987
-33.9364
-34.6435
-35.3615
-36.0906
-36.8311
-37.5833
-38.9587
-39.7465
-40.5481
-41.3646
-42.1971
-43.0467
-44.6145
-45.5237
-46.4611
-47.4321
-48.4412
-49.4965
-51.5215
-52.746
-54.0426
-55.413
-56.857
-58.3701
-61.2314
-62.9127
-64.6468
-66.4316
-68.2657
-70.1495
-73.6425
-75.6722
-77.7589
-79.9065
-82.1178
-84.3993
-88.6629
-91.1637
-93.7545
-96.4444
-99.2383
-102.149
-107.658
-110.938
-114.374
-117.983
-121.78
-125.78
-133.513
-138.21
-143.215
-148.567
-154.314
-160.514
-172.929
-180.798
-189.46
-199.06
-209.775
-221.758
-246.889
-263.238
-281.25
-301.024
-322.532
-345.857
-391.553
-418.765
-445.969
-471.751
-494.388
-512.006
-527.57
-526.667
-518.712
-503.194
-480.233
-449.455
-373.894
-320.926
-261.78
-198.653
-133.314
-66.8634
52.5953
119.002
184.334
247.229
306.116
359.063
434.51
465.302
488.394
503.737
511.7
512.636
497.183
479.679
457.505
432.026
405.304
378.933
334.766
312.515
292.09
273.43
256.513
241.196
217.525
206.121
195.827
186.483
178.014
170.248
157.862
151.637
145.849
140.431
135.363
130.594
122.743
118.677
114.819
111.151
107.655
104.319
98.7079
95.7492
92.9047
90.1658
87.5261
84.9783
80.6353
78.3147
76.0669
73.8905
71.7842
69.7486
66.2933
64.4686
62.7263
61.0725
59.5098
58.0353
55.6083
54.352
53.1576
52.0153
50.9179
49.8578
48.043
47.0646
46.1092
45.1746
44.2593
43.362
41.8005
40.9483
40.1111
39.2878
38.4786
37.6825
36.2918
35.5304
34.7808
34.0426
33.3153
32.5988
31.3441
30.6558
29.977
29.3075
28.6474
27.9964
26.8567
26.2324
25.6187
25.0162
24.4268
23.852
22.8675
22.345
21.8452
21.3688
20.9164
20.4864
19.7662
19.386
19.0185
18.6616
18.314
17.9741
17.3822
17.0589
16.7404
16.4262
16.1167
15.8113
15.2752
14.9807
14.69
14.4027
14.1193
13.8393
13.3475
13.0771
12.8102
12.5461
12.2856
12.0281
11.5753
11.3263
11.0802
10.8367
10.5967
10.3596
9.94373
9.71616
9.49269
9.27357
9.06005
8.85278
8.49992
8.31391
8.13639
7.96694
7.80552
7.65082
7.38844
7.24783
7.11099
6.9769
6.84552
6.71628
6.49015
6.36609
6.24354
6.12238
6.00279
5.88462
5.67667
5.56219
5.44901
5.33695
5.22626
5.11678
4.92397
4.81774
4.71265
4.60855
4.50563
4.4038
4.22436
4.12545
4.0277
3.931
3.83563
3.74168
3.57771
3.48871
3.40202
3.31782
3.2363
3.15699
2.81154
2.6287
2.47024
2.33019
2.20465
2.09097
1.91268
1.82346
1.74048
1.66338
1.5923
1.52508
1.41446
1.35859
1.30548
1.25459
1.20602
1.15989
1.08349
1.04343
1.00521
0.968792
0.934257
0.901563
0.847511
0.818579
0.790401
0.762951
0.736285
0.710373
