-1.73469
-1.94533
-2.16899
-2.40732
-2.66543
-2.96451
-3.33846
-3.77198
-4.2403
-4.73965
-5.27263
-5.84265
-6.45634
-7.14183
-7.98651
-9.02844
-10.1882
-11.4319
-12.7615
-14.1862
-15.7179
-17.393
-19.3636
-21.8812
-24.8448
-28.0785
-31.5635
-35.3344
-39.4401
-43.9681
-49.1958
-55.9109
-64.5972
-74.8682
-86.8461
-101.223
-119.232
-143.095
-177.592
-235.358
-337.743
-482.619
-529.266
-355.832
-7.19685
341.302
514.235
468.793
327.55
230.455
174.785
140.259
116.063
97.7614
83.1343
71.0015
61.0695
53.5837
47.748
42.7041
38.1613
34.0128
30.1942
26.6632
23.4516
20.7706
18.6675
16.8542
15.1896
13.6402
12.1937
10.8402
9.57943
8.45754
7.55416
6.80648
6.12836
5.4949
4.89966
4.3388
3.81072
3.32524
2.53658
1.89492
1.48594
1.19457
0.973016
0.803653
0.661927
0.542634
-1.73548
-1.94449
-1.94617
-2.1681
-2.16988
-2.40637
-2.40828
-2.66438
-2.66649
-2.96322
-2.9658
-3.33687
-3.34004
-3.77023
-3.77373
-4.23843
-4.24217
-4.73766
-4.74165
-5.2705
-5.27476
-5.84037
-5.84493
-6.45386
-6.45882
-7.13895
-7.14472
-7.98282
-7.99019
-9.02414
-9.03275
-10.1836
-10.1929
-11.4269
-11.4368
-12.7562
-12.7668
-14.1805
-14.1919
-15.7117
-15.7241
-17.3861
-17.3998
-19.355
-19.3722
-21.8704
-21.892
-24.8328
-24.8569
-28.0655
-28.0914
-31.5495
-31.5775
-35.3192
-35.3496
-39.4234
-39.4567
-43.9495
-43.9867
-49.1734
-49.2182
-55.881
-55.9409
-64.5604
-64.6341
-74.8255
-74.9109
-86.7957
-86.8966
-101.161
-101.285
-119.153
-119.311
-142.987
-143.204
-177.427
-177.757
-235.061
-235.656
-337.244
-338.242
-482.091
-483.144
-529.48
-529.048
-356.964
-354.698
-8.6236
-5.77018
340.171
342.43
514.021
514.46
469.302
468.282
328.029
327.073
230.737
230.174
174.95
174.621
140.369
140.149
116.143
115.983
97.824
97.6987
83.1856
83.0831
71.0444
70.9587
61.1031
61.0359
53.6087
53.5588
47.7687
47.7273
42.7225
42.6856
38.178
38.1445
34.0282
33.9975
30.2084
30.18
26.6763
26.6501
23.4632
23.44
20.7797
20.7615
18.6749
18.6601
16.8609
16.8475
15.1958
15.1834
13.646
13.6344
12.1991
12.1883
10.8452
10.8351
9.5841
9.57477
8.46148
8.4536
7.55727
7.55105
6.80921
6.80375
6.13089
6.12583
5.49727
5.49252
4.9019
4.89743
4.34091
4.3367
3.81269
3.80875
3.32701
3.32348
2.53987
2.5333
1.89683
1.89301
1.48726
1.48463
1.19554
1.19359
0.973766
0.972266
0.804245
0.803061
0.66243
0.661426
0.543064
-1.74201
-1.93758
-1.9531
-2.16074
-2.17725
-2.39851
-2.41616
-2.6557
-2.67522
-2.95265
-2.9765
-3.32382
-3.35318
-3.7558
-3.78821
-4.22301
-4.25762
-4.72122
-4.75812
-5.25294
-5.29236
-5.82157
-5.86379
-6.43344
-6.47934
-7.11527
-7.16859
-7.95254
-8.02074
-8.98869
-9.06832
-10.1453
-10.2313
-11.3859
-11.4779
-12.7124
-12.8108
-14.1335
-14.2391
-15.661
-15.775
-17.3295
-17.4569
-19.2846
-19.4434
-21.7818
-21.9812
-24.7337
-24.9563
-27.9585
-28.1987
-31.4342
-31.6933
-35.194
-35.4751
-39.2866
-39.594
-43.7967
-44.1403
-48.9895
-49.4039
-55.6352
-56.1893
-64.2574
-64.939
-74.4739
-75.2647
-86.3814
-87.314
-100.655
-101.795
-118.505
-119.967
-142.1
-144.103
-176.075
-179.139
-232.634
-238.146
-333.16
-342.394
-477.764
-487.39
-531.14
-527.123
-366.138
-345.207
-20.3822
5.99157
330.727
351.625
512.121
516.234
473.391
464.018
332.015
323.173
233.086
227.877
176.318
173.28
141.279
139.251
116.811
115.323
98.3433
97.184
83.61
82.6617
71.3989
70.6068
61.3823
60.76
53.8158
53.3537
47.9403
47.5566
42.875
42.5338
38.3166
38.0065
34.1553
33.8708
30.3257
30.063
26.7847
26.5421
23.5591
23.3447
20.8552
20.6869
18.7363
18.599
16.9162
16.7924
15.2471
15.1322
13.6938
13.5867
12.2438
12.1437
10.8871
10.7934
9.62266
9.53637
8.49414
8.42123
7.58305
7.52545
6.83175
6.78127
6.1518
6.10498
5.51688
5.47296
4.92035
4.87902
4.35831
4.31934
3.82901
3.7925
3.3416
3.30897
2.56731
2.5066
1.91276
1.87735
1.49818
1.47385
1.20364
1.18561
0.979988
0.966113
0.809139
0.798195
0.666587
0.6573
0.54658
-1.76289
-1.79293
-1.82322
-1.85377
-1.88458
-1.91566
-1.97525
-2.00711
-2.03926
-2.0717
-2.10443
-2.13745
-2.2008
-2.2347
-2.26893
-2.30348
-2.33837
-2.37362
-2.44138
-2.47777
-2.51461
-2.55194
-2.58983
-2.62833
-2.70326
-2.74409
-2.786
-2.82907
-2.87352
-2.91949
-3.01106
-3.06196
-3.1147
-3.16911
-3.22515
-3.28271
-3.39531
-3.45645
-3.51856
-3.58162
-3.64549
-3.71012
-3.83447
-3.90112
-3.96844
-4.03637
-4.10495
-4.17417
-4.307
-4.3781
-4.44985
-4.52227
-4.59537
-4.66916
-4.81078
-4.88661
-4.96317
-5.04048
-5.11852
-5.19732
-5.34863
-5.42967
-5.51153
-5.59419
-5.67768
-5.76202
-5.92408
-6.01101
-6.09889
-6.18778
-6.27776
-6.3689
-6.54502
-6.64018
-6.73711
-6.83598
-6.9371
-7.04083
-7.24582
-7.35938
-7.47705
-7.59912
-7.726
-7.85765
-8.11939
-8.26388
-8.41217
-8.56405
-8.71898
-8.87674
-9.18221
-9.34671
-9.51322
-9.68164
-9.85187
-10.0239
-10.3542
-10.5311
-10.7098
-10.8902
-11.0723
-11.2562
-11.6092
-11.7983
-11.9892
-12.1821
-12.3768
-12.5735
-12.9514
-13.1538
-13.3583
-13.565
-13.7737
-13.9846
-14.3899
-14.6072
-14.8268
-15.0489
-15.2733
-15.5005
-15.9379
-16.1733
-16.4119
-16.6541
-16.9003
-17.151
-17.6401
-17.9077
-18.1827
-18.4664
-18.7599
-19.0645
-19.6741
-20.0148
-20.3685
-20.7348
-21.1133
-21.5029
-22.2678
-22.6844
-23.1084
-23.5395
-23.9768
-24.42
-25.2745
-25.7334
-26.1975
-26.6665
-27.1407
-27.62
-28.5416
-29.0361
-29.5359
-30.0413
-30.5522
-31.069
-32.0635
-32.5975
-33.1379
-33.6847
-34.2379
-34.7979
-35.877
-36.4573
-37.0449
-37.6401
-38.243
-38.854
-40.0338
-40.6699
-41.3154
-41.9709
-42.6372
-43.3149
-44.6335
-45.3509
-46.0856
-46.8388
-47.6136
-48.4129
-50.006
-50.8966
-51.8252
-52.7943
-53.8083
-54.8671
-56.9938
-58.1795
-59.4055
-60.6698
-61.9699
-63.304
-65.919
-67.3456
-68.803
-70.2921
-71.8131
-73.3664
-76.4014
-78.0565
-79.7499
-81.4833
-83.259
-85.0792
-88.6577
-90.6214
-92.6414
-94.7201
-96.8609
-99.0684
-103.445
-105.87
-108.379
-110.979
-113.676
-116.478
-122.095
-125.242
-128.528
-131.966
-135.564
-139.34
-147.04
-151.432
-156.079
-161.024
-166.283
-171.903
-183.694
-190.65
-198.185
-206.399
-215.367
-225.21
-246.406
-259.08
-272.804
-287.616
-303.5
-320.52
-355.943
-376.229
-397.434
-419.382
-441.597
-463.224
-499.878
-514.929
-526.489
-533.629
-536.488
-534.928
-519.405
-504.427
-484.523
-459.506
-429.49
-393.924
-313.796
-265.973
-215.696
-163.835
-111.027
-57.7489
43.3821
96.6181
149.334
201.211
251.47
299.326
379.184
414.571
444.768
469.654
489.587
504.514
520.077
521.822
519.028
511.909
500.642
485.779
449.619
428.416
406.714
385.26
364.691
345.046
311.077
294.849
279.729
265.779
252.821
240.884
220.832
211.48
202.876
194.947
187.607
180.803
169.146
163.561
158.304
153.347
148.671
144.244
136.461
132.636
128.988
125.5
122.165
118.97
113.264
110.419
107.678
105.035
102.485
100.02
95.5697
93.3247
91.1461
89.0315
86.976
84.9772
81.3371
79.4864
77.6826
75.9246
74.2111
72.5415
69.5013
67.9609
66.4673
65.0228
63.6289
62.2886
59.9
58.7173
57.5884
56.5091
55.4765
54.4867
52.712
51.8203
50.955
50.1135
49.2929
48.4912
47.0186
46.2623
45.5195
44.7894
44.0709
43.3637
42.0538
41.3766
40.7089
40.0503
39.4009
38.7601
37.5699
36.953
36.344
35.7425
35.1485
34.5618
33.4701
32.9034
32.3433
31.7896
31.2422
30.701
29.6928
29.1688
28.6507
28.1383
27.6319
27.1314
26.2007
25.7185
25.2435
24.7761
24.3172
23.8678
23.0455
22.6285
22.225
21.8354
21.4604
21.0995
20.4534
20.1302
19.8179
19.515
19.2207
18.9336
18.4067
18.1359
17.8695
17.6071
17.3484
17.093
16.6181
16.3714
16.1274
15.8861
15.6473
15.411
14.9703
14.741
14.514
14.2893
14.0669
13.8467
13.4357
13.2218
13.0099
12.8001
12.5924
12.3866
12.0025
11.8024
11.6042
11.4079
11.2134
11.0208
10.6612
10.4741
10.2889
10.1058
9.92486
9.74625
9.41513
9.24447
9.07724
8.91374
8.75437
8.59964
8.3199
8.17948
8.04437
7.91395
7.78795
7.66612
7.44501
7.33251
7.2224
7.11445
7.00839
6.90395
6.71021
6.60972
6.51037
6.4121
6.31486
6.21861
6.03893
5.94533
5.85262
5.76075
5.66973
5.57953
5.41098
5.32311
5.23602
5.14969
5.06412
4.97929
4.82068
4.73794
4.6559
4.57456
4.49389
4.4139
4.26431
4.18628
4.10892
4.03228
3.95636
3.88117
3.74106
3.66837
3.59667
3.52607
3.45664
3.3885
3.26322
3.19902
3.13615
2.9651
2.80275
2.65872
2.42559
2.31869
2.21973
2.12864
2.04389
1.96491
1.82901
1.7632
1.7008
1.64209
1.5867
1.53376
1.44031
1.39438
1.35094
1.30896
1.26859
1.22986
1.16082
1.12618
1.09332
1.0611
1.02999
1.00015
0.946902
0.920427
0.895093
0.871052
0.847724
0.824863
0.782862
0.761354
0.740314
0.719741
0.699636
0.679999
0.644342
0.626281
0.608749
0.59156
0.574148
0.557828
