-1.78931
-1.97904
-2.17844
-2.38803
-2.60966
-2.85664
-3.16881
-3.5457
-3.95245
-4.38075
-4.83219
-5.30919
-5.81307
-6.34546
-6.91908
-7.60314
-8.48732
-9.49482
-10.5651
-11.6939
-12.888
-14.153
-15.4922
-16.917
-18.512
-20.5587
-23.1021
-25.8849
-28.839
-31.9818
-35.3426
-38.9484
-42.8345
-47.1236
-52.3705
-59.4509
-67.9729
-77.6065
-88.6329
-101.633
-117.507
-137.75
-165.259
-207.546
-284.592
-414.671
-575.066
-578.806
-370.118
-7.18922
355.436
563.486
559.487
401.143
276.951
204.867
163.143
135.137
114.44
98.229
84.9415
73.6449
63.9513
56.3132
50.6812
45.9497
41.6618
37.7072
34.0399
30.6207
27.4127
24.4049
21.727
19.6483
17.9677
16.4318
14.9842
13.6172
12.3266
11.1053
9.94694
8.86561
7.9502
7.23851
6.61495
6.02846
5.4712
4.94156
4.43737
3.956
3.50016
3.0862
2.24081
1.76255
1.42996
1.18113
0.984705
0.830409
0.700056
0.587422
-1.79011
-1.9782
-1.97988
-2.17755
-2.17933
-2.3871
-2.38896
-2.60867
-2.61066
-2.85546
-2.85782
-3.16728
-3.17034
-3.54399
-3.54741
-3.95064
-3.95427
-4.37884
-4.38266
-4.83018
-4.8342
-5.30706
-5.31132
-5.81083
-5.81532
-6.34308
-6.34784
-6.91644
-6.92173
-7.59975
-7.60654
-8.48314
-8.4915
-9.4903
-9.49934
-10.5603
-10.5699
-11.6889
-11.6989
-12.8827
-12.8933
-14.1474
-14.1587
-15.4862
-15.4981
-16.9106
-16.9235
-18.5043
-18.5196
-20.5485
-20.5689
-23.0904
-23.1138
-25.8725
-25.8974
-28.8258
-28.8522
-31.9677
-31.9959
-35.3275
-35.3577
-38.9322
-38.9646
-42.8169
-42.8521
-47.1036
-47.1436
-52.344
-52.397
-59.4165
-59.4853
-67.9336
-68.0122
-77.562
-77.651
-88.5813
-88.6845
-101.571
-101.695
-117.43
-117.584
-137.65
-137.851
-165.116
-165.402
-207.307
-207.786
-284.153
-285.031
-413.963
-415.382
-574.619
-575.507
-579.2
-578.407
-371.545
-368.697
-8.77803
-5.60034
354.005
356.862
563.086
563.884
559.93
559.042
401.837
400.451
277.36
276.542
205.097
204.637
163.288
162.999
135.24
135.034
114.519
114.361
98.2921
98.1659
84.9943
84.8886
73.6905
73.5994
63.9895
63.9132
56.3411
56.2853
50.7031
50.6593
45.9692
45.9303
41.6796
41.6439
37.7237
37.6907
34.0552
34.0245
30.6351
30.6064
27.4262
27.3992
24.4174
24.3923
21.7374
21.7165
19.6561
19.6404
17.9746
17.9608
16.4383
16.4253
14.9903
14.9781
13.623
13.6115
12.332
12.3212
11.1105
11.1002
9.95182
9.94205
8.87004
8.86118
7.95366
7.94674
7.24134
7.23568
6.61756
6.61233
6.03094
6.02598
5.47356
5.46884
4.9438
4.93932
4.43951
4.43524
3.95804
3.95396
3.50206
3.49827
3.0916
3.08082
2.24339
2.23823
1.76426
1.76085
1.4312
1.42872
1.18209
1.18017
0.985464
0.983947
0.831013
0.829806
0.700584
0.699529
0.587867
-1.79655
-1.97145
-1.98664
-2.17047
-2.18643
-2.37964
-2.39643
-2.6007
-2.61866
-2.84607
-2.86731
-3.15512
-3.18259
-3.53029
-3.56115
-3.93616
-3.96877
-4.36361
-4.39792
-4.8141
-4.85032
-5.29005
-5.32835
-5.79288
-5.8333
-6.32408
-6.36691
-6.89538
-6.94297
-7.57278
-7.63388
-8.44977
-8.52504
-9.45419
-9.53555
-10.5222
-10.608
-11.6486
-11.7393
-12.8401
-12.936
-14.1022
-14.2039
-15.4384
-15.546
-16.8593
-16.975
-18.4436
-18.5811
-20.4676
-20.6506
-22.9973
-23.2073
-25.773
-25.997
-28.7203
-28.958
-31.8552
-32.1088
-35.2069
-35.4786
-38.8027
-39.0946
-42.6766
-42.9929
-46.9444
-47.3042
-52.134
-52.6105
-59.1423
-59.7615
-67.6197
-68.3277
-77.2071
-78.008
-88.17
-89.0987
-101.078
-102.192
-116.818
-118.203
-136.849
-138.661
-163.984
-166.553
-205.417
-209.724
-280.68
-288.577
-408.388
-421.076
-570.865
-578.886
-582.227
-575.065
-382.851
-357.072
-21.4854
7.11394
342.438
368.134
559.765
566.924
563.359
555.427
407.446
394.987
280.668
273.302
206.957
202.821
164.455
161.853
136.068
134.216
115.151
113.736
98.7996
97.6635
85.4184
84.4674
74.0558
73.2366
64.2967
63.6092
56.5664
56.063
50.8788
50.4847
46.1249
45.7752
41.8226
41.5015
37.8559
37.5588
34.1782
33.902
30.7501
30.4917
27.5343
27.2914
24.5178
24.2924
21.8211
21.6336
19.7192
19.5778
18.0299
17.9058
16.49
16.3737
15.0392
14.9293
13.6692
13.5655
12.3756
12.2777
11.1518
11.0589
9.99096
9.90301
8.9056
8.82587
7.98148
7.9192
7.26402
7.21312
6.63848
6.59145
6.0508
6.00616
5.49243
5.45001
4.96175
4.92141
4.45662
4.41816
3.97438
3.93765
3.51726
3.48315
3.11248
3.03872
2.26427
2.21778
1.77791
1.74731
1.44122
1.41887
1.18979
1.17256
0.991564
0.977912
0.835857
0.824988
0.704815
0.695325
0.59144
-1.8157
-1.84249
-1.86945
-1.89661
-1.92396
-1.95151
-2.00677
-2.0349
-2.06325
-2.09179
-2.12054
-2.1495
-2.20758
-2.23716
-2.26695
-2.29695
-2.32716
-2.3576
-2.41868
-2.44982
-2.48121
-2.51289
-2.54487
-2.5772
-2.64257
-2.67626
-2.71058
-2.74567
-2.78164
-2.81867
-2.89602
-2.93726
-2.9802
-3.02495
-3.07139
-3.11953
-3.21943
-3.2717
-3.32497
-3.37918
-3.43418
-3.48985
-3.60208
-3.65942
-3.71723
-3.77549
-3.8342
-3.89333
-4.012
-4.07242
-4.13327
-4.19458
-4.25634
-4.31855
-4.44341
-4.50704
-4.57116
-4.63578
-4.7009
-4.76653
-4.89835
-4.96556
-5.0333
-5.10158
-5.17041
-5.23978
-5.37912
-5.45014
-5.52172
-5.59386
-5.66654
-5.73981
-5.8869
-5.96188
-6.03746
-6.11363
-6.19042
-6.26789
-6.42378
-6.50353
-6.58427
-6.66605
-6.74908
-6.83354
-7.00671
-7.09744
-7.19112
-7.28812
-7.38907
-7.49423
-7.71664
-7.83569
-7.95906
-8.08641
-8.21739
-8.35155
-8.62542
-8.76659
-8.90957
-9.05411
-9.20006
-9.34738
-9.64344
-9.79437
-9.94643
-10.0997
-10.254
-10.4096
-10.7218
-10.8809
-11.0412
-11.2027
-11.3656
-11.5297
-11.8594
-12.0276
-12.1971
-12.368
-12.5403
-12.7141
-13.0633
-13.2415
-13.4211
-13.6022
-13.7847
-13.9688
-14.3387
-14.5273
-14.7174
-14.9091
-15.1023
-15.2972
-15.6888
-15.8886
-16.0903
-16.2939
-16.4998
-16.7079
-17.1292
-17.3466
-17.5681
-17.7945
-18.0268
-18.2663
-18.7673
-19.0352
-19.3152
-19.6077
-19.9131
-20.2312
-20.8967
-21.2471
-21.6057
-21.9717
-22.3442
-22.7222
-23.4864
-23.8777
-24.2727
-24.6713
-25.0735
-25.4791
-26.2942
-26.71
-27.1292
-27.5519
-27.9783
-28.4085
-29.2734
-29.715
-30.1606
-30.6104
-31.0644
-31.5226
-32.4454
-32.917
-33.3933
-33.8743
-34.3601
-34.8508
-35.8395
-36.3451
-36.8559
-37.372
-37.8934
-38.4201
-39.4822
-40.026
-40.5756
-41.1316
-41.6939
-42.2628
-43.4137
-44.0057
-44.6068
-45.2185
-45.8413
-46.4775
-47.7879
-48.478
-49.1928
-49.9362
-50.7122
-51.5246
-53.258
-54.1946
-55.1733
-56.1924
-57.2478
-58.3381
-60.5909
-61.7657
-62.9646
-64.1861
-65.4301
-66.6955
-69.2716
-70.6025
-71.9562
-73.3335
-74.7355
-76.1631
-79.0782
-80.5893
-82.1318
-83.7074
-85.3168
-86.9626
-90.3427
-92.1074
-93.9167
-95.7732
-97.6784
-99.6356
-103.686
-105.817
-108.013
-110.276
-112.614
-115.03
-120.072
-122.749
-125.523
-128.408
-131.403
-134.523
-141.119
-144.665
-148.38
-152.284
-156.388
-160.719
-170.077
-175.246
-180.77
-186.694
-193.104
-200.035
-215.752
-224.825
-234.824
-245.772
-257.745
-270.722
-299.466
-315.533
-332.746
-351.255
-371.054
-392.236
-438.507
-463.396
-488.92
-514.098
-537.561
-558.288
-587.578
-596.009
-600.409
-600.715
-597.216
-589.897
-563.618
-543.997
-519.709
-490.318
-455.413
-414.966
-321.478
-269.798
-217.439
-164.648
-111.836
-59.2615
44.8964
97.4259
150.074
202.936
255.389
306.791
400.369
440.486
475.197
504.62
528.878
548.468
574.572
581.827
585.281
584.853
580.448
571.994
543.02
522.645
499.058
474.109
449.004
424.411
379.36
358.84
339.857
322.282
305.97
290.847
264.056
252.003
240.885
230.653
221.308
212.707
197.625
190.876
184.581
178.706
173.189
168.005
158.546
154.151
149.977
146.001
142.205
138.58
131.838
128.647
125.581
122.633
119.796
117.06
111.909
109.443
107.056
104.744
102.501
100.326
96.1898
94.1903
92.2435
90.3465
88.4963
86.6909
83.2306
81.5447
79.8955
78.2806
76.6996
75.1512
72.1699
70.7146
69.2911
67.9004
66.5435
65.2235
62.7216
61.5282
60.383
59.2875
58.2443
57.2515
55.4181
54.5553
53.7269
52.929
52.1567
51.4066
49.9721
49.2723
48.5852
47.9098
47.2454
46.5905
45.3175
44.6889
44.0677
43.4543
42.8483
42.2494
41.0809
40.502
39.9297
39.3638
38.8041
38.2506
37.1695
36.6335
36.1031
35.5783
35.059
34.5449
33.5399
33.0411
32.547
32.0577
31.573
31.0929
30.1528
29.6856
29.2224
28.7632
28.3081
27.8567
26.9726
26.5331
26.0976
25.6664
25.2397
24.818
23.9979
23.5946
23.1994
22.8136
22.4381
22.0747
21.3928
21.0702
20.7615
20.4661
20.1828
19.9099
19.3943
19.1448
18.9011
18.662
18.4267
18.1949
17.7432
17.5193
17.2976
17.0779
16.8601
16.6443
16.221
16.0104
15.8016
15.5943
15.3888
15.1849
14.7851
14.5862
14.3889
14.1932
13.9991
13.8067
13.4294
13.2415
13.0553
12.8706
12.6873
12.5056
12.149
11.9715
11.7954
11.6206
11.4471
11.2749
10.937
10.7686
10.6014
10.4355
10.2709
10.1077
9.78761
9.62862
9.47137
9.31602
9.16294
9.01224
8.72229
8.58173
8.44549
8.31393
8.18733
8.06586
7.83904
7.73119
7.62717
7.52622
7.42796
7.33191
7.14665
7.05541
6.96536
6.87633
6.78819
6.70087
6.52976
6.44452
6.35994
6.276
6.19267
6.10996
5.94755
5.8666
5.78625
5.70647
5.62728
5.54865
5.39431
5.31737
5.241
5.16519
5.08992
5.0152
4.86843
4.79527
4.72261
4.65044
4.57877
4.50757
4.36764
4.29782
4.22845
4.15953
4.09108
4.02305
3.88943
3.82287
3.75687
3.69143
3.6267
3.56273
3.43866
3.3779
3.31862
3.26092
3.20501
3.15078
2.91916
2.77144
2.64252
2.52797
2.42369
2.3283
2.15915
2.0822
2.01085
1.94372
1.87981
1.81932
1.70825
1.6564
1.60737
1.56019
1.51488
1.47142
1.39039
1.35261
1.31609
1.28065
1.24631
1.21305
1.15063
1.12073
1.09167
1.06356
1.03633
1.00998
0.9603
0.936589
0.913761
0.891817
0.870831
0.850364
0.810812
0.791425
0.772401
0.753739
0.735438
0.7175
0.682969
0.666111
0.649616
0.633483
0.617712
0.602304
