-2.061
-2.40854
-2.8068
-3.31721
-3.95177
-4.66499
-5.45446
-6.33619
-7.37484
-8.74429
-10.4167
-12.2909
-14.376
-16.7287
-19.5904
-23.4249
-28.033
-33.2362
-39.141
-46.0524
-55.0748
-67.7403
-83.9645
-105.048
-134.963
-184.182
-283.421
-441.271
-400.174
-7.165
385.86
427.946
275.33
180.554
131.779
101.587
80.2539
64.2143
52.8857
44.6494
37.8198
31.8824
26.6462
22.1936
18.841
16.1689
13.8215
11.7142
9.82289
8.22412
7.00742
5.99408
5.08615
4.26097
3.51836
2.47743
1.65502
1.18967
0.884052
0.666557
-2.06187
-2.40757
-2.40951
-2.80564
-2.80797
-3.31568
-3.31875
-3.94998
-3.95355
-4.66301
-4.66697
-5.45227
-5.45666
-6.33371
-6.33867
-7.37174
-7.37795
-8.7402
-8.74838
-10.4121
-10.4214
-12.2857
-12.2961
-14.3702
-14.3818
-16.722
-16.7354
-19.5816
-19.5991
-23.4136
-23.4363
-28.0201
-28.0459
-33.2216
-33.2508
-39.1243
-39.1577
-46.0322
-46.0726
-55.0464
-55.1032
-67.7022
-67.7784
-83.9164
-84.0127
-104.984
-105.113
-134.866
-135.06
-184.006
-184.358
-283.056
-283.786
-440.932
-441.609
-400.809
-399.537
-8.39255
-5.938
385.223
386.493
428.271
427.619
275.678
274.983
180.726
180.383
131.876
131.681
101.653
101.522
80.3025
80.2054
64.2503
64.1782
52.9104
52.861
44.6689
44.6299
37.8365
37.8031
31.8971
31.8677
26.6591
26.6332
22.2039
22.1833
18.8487
18.8333
16.1755
16.1624
13.8273
13.8156
11.7195
11.7089
9.82757
9.81822
8.2278
8.22044
7.01028
7.00455
5.9966
5.99156
5.08843
5.08386
4.26304
4.25889
3.52018
3.51654
2.48053
2.47434
1.65656
1.65348
1.19064
1.1887
0.884691
0.883414
0.667062
-2.07059
-2.39789
-2.41922
-2.79407
-2.81964
-3.30035
-3.33418
-3.93215
-3.97144
-4.64326
-4.68679
-5.43037
-5.47863
-6.30896
-6.36354
-7.34087
-7.40911
-8.69942
-8.78942
-10.3652
-10.4684
-12.2337
-12.3483
-14.3122
-14.4401
-16.6553
-16.8024
-19.4949
-19.6867
-23.3007
-23.5498
-27.891
-28.1755
-33.0761
-33.3968
-38.9577
-39.325
-45.8311
-46.2755
-54.7642
-55.3887
-67.3231
-68.1604
-83.4369
-84.4961
-104.34
-105.764
-133.903
-136.037
-182.268
-186.137
-279.445
-287.464
-437.45
-444.879
-406.973
-393.025
-20.6818
6.35704
378.66
392.645
431.447
424.268
279.185
271.545
182.46
178.69
132.859
130.714
102.311
100.87
80.7903
79.7217
64.6124
63.8198
53.1583
52.6154
44.8645
44.4353
38.0041
37.6362
32.0444
31.721
26.7886
26.5043
22.3075
22.0807
18.9257
18.7569
16.2412
16.0969
13.886
13.7571
11.7723
11.6563
9.87447
9.77156
8.26474
8.18386
7.039
6.97599
6.02182
5.96642
5.11127
5.06109
4.28383
4.23817
3.53846
3.49837
2.51187
2.44383
1.67217
1.6382
1.20038
1.17912
0.891239
0.877048
0.672135
-2.10344
-2.15354
-2.20443
-2.25607
-2.30855
-2.36194
-2.45588
-2.51204
-2.56952
-2.62837
-2.68885
-2.75137
-2.86411
-2.93349
-3.00604
-3.08191
-3.16118
-3.2438
-3.39272
-3.48313
-3.57581
-3.67058
-3.76735
-3.86583
-4.03892
-4.14187
-4.24649
-4.35261
-4.46033
-4.56975
-4.76145
-4.87534
-4.99105
-5.10844
-5.22768
-5.34888
-5.56149
-5.688
-5.81679
-5.94771
-6.08103
-6.21712
-6.45754
-6.6022
-6.75069
-6.90389
-7.06258
-7.2275
-7.52809
-7.71453
-7.91003
-8.1144
-8.32744
-8.54862
-8.94489
-9.18396
-9.42865
-9.67815
-9.93229
-10.1911
-10.6455
-10.9157
-11.1904
-11.4692
-11.7524
-12.0403
-12.545
-12.8452
-13.1505
-13.4605
-13.7757
-14.0964
-14.6598
-14.9958
-15.3384
-15.6874
-16.0437
-16.4084
-17.0565
-17.4489
-17.855
-18.2764
-18.7159
-19.1767
-20.0219
-20.5474
-21.0982
-21.6716
-22.267
-22.8824
-23.9794
-24.6386
-25.3124
-25.999
-26.6984
-27.4111
-28.6644
-29.4115
-30.1717
-30.9455
-31.7333
-32.5354
-33.9483
-34.7922
-35.6524
-36.53
-37.4252
-38.3395
-39.9577
-40.9296
-41.9262
-42.9496
-44.0025
-45.0889
-47.0481
-48.2542
-49.5165
-50.8445
-52.2469
-53.7311
-56.4833
-58.2061
-60.0148
-61.9059
-63.8765
-65.9231
-69.6124
-71.8614
-74.1877
-76.5946
-79.0867
-81.6692
-86.3375
-89.2019
-92.1875
-95.3034
-98.5622
-101.978
-108.257
-112.181
-116.33
-120.729
-125.404
-130.396
-139.816
-145.879
-152.445
-159.598
-167.424
-176.042
-193.105
-204.644
-217.58
-232.131
-248.394
-266.444
-301.686
-324.58
-348.855
-374.136
-399.391
-423.303
-455.578
-466.06
-469.423
-464.209
-450.329
-427.417
-366.147
-318.412
-262.72
-200.774
-135.014
-66.6548
52.2794
120.712
186.443
248.299
303.909
351.773
412.992
435.873
449.909
455.161
452.427
441.965
410.341
387.11
362.522
338.107
314.656
292.741
259.152
242.049
226.602
212.766
200.374
189.251
172.617
164.143
156.396
149.292
142.732
136.658
127.187
122.156
117.437
112.994
108.801
104.832
98.4797
95.0204
91.7209
88.5666
85.5459
82.6491
77.9397
75.3456
72.8546
70.4661
68.1806
66.0009
62.5077
60.6245
58.8489
57.1765
55.5993
54.1075
51.7133
50.4027
49.142
47.925
46.7481
45.6055
43.7145
42.6515
41.614
40.5997
39.6078
38.6374
37.0165
36.0988
35.1989
34.3162
33.4501
32.6002
31.1759
30.3672
29.5732
28.7935
28.0286
27.2783
26.0259
25.3196
24.6325
23.9661
23.322
22.7035
21.7039
21.1587
20.6403
20.1459
19.6727
19.2183
18.4739
18.0575
17.6523
17.2565
16.8688
16.4893
15.8536
15.4922
15.1374
14.7884
14.4449
14.1073
13.5396
13.216
12.8976
12.5843
12.2754
11.9715
11.4603
11.1689
10.8823
10.6005
10.3234
10.0518
9.59862
9.3434
9.09597
8.85684
8.6264
8.40585
8.04946
7.85453
7.66782
7.48853
7.31533
7.14772
6.87012
6.71364
6.56023
6.40989
6.26222
6.11693
5.87287
5.73366
5.59665
5.46165
5.32849
5.19733
4.97629
4.84995
4.72546
4.60269
4.48152
4.36215
4.16105
4.0463
3.93353
3.82275
3.71397
3.60765
3.43115
3.33234
3.23662
3.09718
2.8491
2.6362
2.33582
2.18873
2.05776
1.93895
1.8314
1.73293
1.58251
1.5032
1.42966
1.36219
1.29836
1.23806
1.14383
1.09369
1.04559
1.00003
0.956972
0.916613
0.853504
0.818926
0.785377
0.752914
0.721605
0.691467
