-1.80652
-1.99802
-2.20098
-2.41727
-2.65153
-2.91617
-3.23035
-3.5953
-3.99568
-4.42367
-4.8787
-5.36286
-5.87962
-6.43619
-7.05215
-7.77297
-8.63662
-9.6171
-10.679
-11.8127
-13.0212
-14.3122
-15.6987
-17.2118
-18.9366
-21.0157
-23.476
-26.2121
-29.1667
-32.3415
-35.7636
-39.4761
-43.5578
-48.1915
-53.7842
-60.7663
-69.1064
-78.722
-89.8591
-103.069
-119.279
-140.08
-168.505
-210.896
-277.838
-372.911
-459.802
-442.144
-275.986
-7.165
261.498
427.748
446.087
361.342
270.018
206.383
165.206
136.922
115.974
99.5847
86.2108
74.9805
65.5149
57.8377
51.7599
46.6891
42.214
38.1555
34.4281
30.9804
27.7826
24.8412
22.2401
20.075
18.2583
16.6401
15.1486
13.7571
12.4535
11.2299
10.0854
9.03714
8.12773
7.36733
6.70362
6.09536
5.52652
4.99083
4.48504
4.0079
3.56326
3.15289
2.31099
1.80629
1.45737
1.19842
0.997056
0.838323
0.705759
0.591741
-1.80733
-1.99717
-1.99888
-2.20007
-2.20189
-2.4163
-2.41824
-2.65046
-2.6526
-2.91493
-2.91742
-3.22887
-3.23183
-3.59363
-3.59697
-3.99388
-3.99748
-4.42175
-4.42558
-4.87666
-4.88073
-5.36069
-5.36502
-5.8773
-5.88195
-6.43367
-6.43872
-7.0493
-7.05501
-7.76954
-7.7764
-8.63259
-8.64065
-9.61266
-9.62155
-10.6743
-10.6838
-11.8076
-11.8178
-13.0158
-13.0266
-14.3064
-14.318
-15.6924
-15.7049
-17.2049
-17.2187
-18.9285
-18.9448
-21.0058
-21.0256
-23.4646
-23.4873
-26.1998
-26.2245
-29.1534
-29.18
-32.3273
-32.3558
-35.7481
-35.779
-39.4593
-39.4929
-43.5391
-43.5765
-48.1697
-48.2133
-53.7571
-53.8113
-60.7329
-60.7996
-69.0675
-69.1453
-78.6773
-78.7668
-89.8068
-89.9114
-103.006
-103.132
-119.2
-119.358
-139.975
-140.184
-168.357
-168.652
-210.668
-211.125
-277.483
-278.194
-372.458
-373.363
-459.587
-460.014
-442.537
-441.748
-277.008
-274.962
-8.39255
-5.938
260.488
262.506
427.356
428.136
446.301
445.87
361.778
360.906
270.356
269.68
206.603
206.164
165.351
165.061
137.027
136.818
116.054
115.895
99.6485
99.521
86.2637
86.1579
75.0254
74.9357
65.5521
65.4776
57.8671
57.8082
51.7837
51.7361
46.7096
46.6685
42.2324
42.1955
38.1723
38.1386
34.4436
34.4126
30.9948
30.966
27.7959
27.7692
24.8533
24.8291
22.2504
22.2298
20.0836
20.0665
18.2657
18.2509
16.6469
16.6334
15.1549
15.1424
13.763
13.7513
12.4589
12.448
11.2351
11.2248
10.0902
10.0806
9.04143
9.03287
8.13133
8.12414
7.37037
7.36428
6.70637
6.70088
6.09791
6.09282
5.52891
5.52413
4.99309
4.98858
4.48717
4.48291
4.0099
4.00589
3.56511
3.56142
3.15772
3.14807
2.31371
2.30828
1.80807
1.80451
1.45866
1.45608
1.1994
1.19744
0.997839
0.996274
0.838937
0.837709
0.706293
0.705226
0.592208
-1.8138
-1.99034
-2.00573
-2.19282
-2.20916
-2.40854
-2.42604
-2.64194
-2.66117
-2.90501
-2.9274
-3.21706
-3.24373
-3.5803
-3.61036
-3.97951
-4.0119
-4.40646
-4.44092
-4.8604
-4.89704
-5.34337
-5.38239
-5.85877
-5.90054
-6.41355
-6.45893
-7.02654
-7.07793
-7.74221
-7.80397
-8.60041
-8.67302
-9.57717
-9.65717
-10.6362
-10.722
-11.7671
-11.8584
-12.9725
-13.07
-14.2601
-14.3644
-15.6424
-15.7551
-17.1496
-17.2744
-18.8636
-19.0104
-20.9268
-21.1051
-23.374
-23.5783
-26.1011
-26.3235
-29.0473
-29.2864
-32.2131
-32.4703
-35.6249
-35.9027
-39.325
-39.6278
-43.3899
-43.7265
-47.996
-48.3883
-53.5413
-54.0296
-60.4669
-61.0677
-68.7573
-69.4574
-78.3208
-79.1261
-89.39
-90.3314
-102.505
-103.638
-118.573
-119.992
-139.151
-141.022
-167.187
-169.836
-208.857
-212.973
-274.661
-281.063
-368.83
-376.977
-457.767
-461.601
-445.568
-438.467
-285.08
-266.689
-18.2227
3.8978
252.257
270.578
424.106
431.134
447.927
444.077
365.243
357.407
273.085
266.987
208.379
204.427
166.52
163.91
137.865
135.99
116.694
115.261
100.161
99.0131
86.6887
85.7361
75.385
74.5786
65.8517
65.1811
58.1039
57.5737
51.9746
51.5467
46.8743
46.5046
42.3801
42.0484
38.3074
38.0041
34.5681
34.2885
31.1102
30.851
27.9029
27.6627
24.9505
24.7324
22.3336
22.1473
20.1519
19.9987
18.3248
18.1921
16.7007
16.5798
15.2049
15.0925
13.8098
13.7047
12.5028
12.4042
11.2762
11.1837
10.1285
10.0425
9.07573
8.99872
8.16023
8.09548
7.39484
7.33997
6.72835
6.67899
6.11833
6.07247
5.54808
5.50501
5.01117
4.97054
4.50425
4.46587
4.02597
3.98988
3.57989
3.54671
3.17793
3.10991
2.33568
2.28677
1.82254
1.79039
1.46907
1.44582
1.20728
1.18967
1.00413
0.990047
0.843865
0.832808
0.710576
0.700974
0.595964
-1.83307
-1.86005
-1.88723
-1.91465
-1.94229
-1.97015
-2.02613
-2.05469
-2.08349
-2.11254
-2.14184
-2.17139
-2.23084
-2.2612
-2.29185
-2.32279
-2.35403
-2.3856
-2.44928
-2.48192
-2.51496
-2.54844
-2.58238
-2.61683
-2.68684
-2.7231
-2.76006
-2.79782
-2.83641
-2.87595
-2.95742
-3.00007
-3.04389
-3.08886
-3.13501
-3.18233
-3.27944
-3.32993
-3.38138
-3.43374
-3.48695
-3.54096
-3.65034
-3.70645
-3.7632
-3.82056
-3.87852
-3.93705
-4.05488
-4.11507
-4.17579
-4.23706
-4.29888
-4.36124
-4.48664
-4.55063
-4.6152
-4.68034
-4.74604
-4.81233
-4.94564
-5.0137
-5.08237
-5.15166
-5.22161
-5.29218
-5.4342
-5.50674
-5.57998
-5.65392
-5.7286
-5.80403
-5.95603
-6.03381
-6.1125
-6.19209
-6.27262
-6.3542
-6.51936
-6.60441
-6.6908
-6.77871
-6.86824
-6.95963
-7.14683
-7.24455
-7.34472
-7.44763
-7.55335
-7.66209
-7.88688
-8.00476
-8.1257
-8.24962
-8.37632
-8.5057
-8.7699
-8.90645
-9.04509
-9.18568
-9.32813
-9.47233
-9.76348
-9.91253
-10.0631
-10.2152
-10.3687
-10.5238
-10.8358
-10.9951
-11.1559
-11.3182
-11.482
-11.6472
-11.9797
-12.1495
-12.3209
-12.4939
-12.6685
-12.8447
-13.1993
-13.3806
-13.5636
-13.7484
-13.9349
-14.1233
-14.5029
-14.697
-14.8933
-15.0917
-15.2922
-15.495
-15.9048
-16.1151
-16.3282
-16.5444
-16.7639
-16.9867
-17.4411
-17.6766
-17.9171
-18.163
-18.4149
-18.6734
-19.2076
-19.4884
-19.7773
-20.0748
-20.3807
-20.6952
-21.3439
-21.6825
-22.0287
-22.3816
-22.7413
-23.1071
-23.8501
-24.2325
-24.6197
-25.0117
-25.4084
-25.8096
-26.619
-27.0334
-27.452
-27.8749
-28.3022
-28.7339
-29.6039
-30.049
-30.4986
-30.953
-31.4122
-31.8762
-32.8119
-33.2909
-33.7752
-34.2648
-34.7601
-35.2609
-36.2721
-36.7906
-37.3151
-37.8463
-38.3839
-38.9286
-40.0308
-40.5975
-41.1723
-41.7559
-42.3483
-42.9503
-44.1759
-44.8102
-45.4575
-46.1181
-46.7941
-47.4866
-48.9145
-49.6652
-50.4381
-51.2355
-52.0592
-52.9107
-54.687
-55.6265
-56.5963
-57.5971
-58.6275
-59.6867
-61.873
-63.0156
-64.1845
-65.3792
-66.5996
-67.8451
-70.3928
-71.7146
-73.063
-74.438
-75.8411
-77.2724
-80.2027
-81.7256
-83.2818
-84.8732
-86.5015
-88.1668
-91.5934
-93.3836
-95.221
-97.1073
-99.0437
-101.036
-105.162
-107.335
-109.575
-111.887
-114.276
-116.744
-121.906
-124.649
-127.5
-130.461
-133.545
-136.754
-143.555
-147.215
-151.057
-155.089
-159.338
-163.817
-173.461
-178.762
-184.402
-190.403
-196.809
-203.647
-218.676
-227.051
-236.016
-245.579
-255.731
-266.515
-289.793
-302.388
-315.614
-329.381
-343.554
-358.152
-387.693
-402.328
-416.359
-429.729
-441.525
-451.728
-465.326
-468.682
-469.346
-466.969
-461.69
-453.435
-427.793
-410.082
-389.174
-365.161
-338.172
-308.202
-241.517
-204.705
-166.755
-127.683
-87.7442
-47.422
33.0611
73.3731
113.349
152.449
190.363
227.072
293.789
323.664
350.766
374.78
395.749
413.378
438.964
447.288
452.67
455.07
454.779
451.742
438.136
428.19
416.578
403.705
390
375.639
347.093
333.005
319.29
306.056
293.406
281.395
259.219
248.986
239.369
230.287
221.782
213.804
199.408
192.823
186.624
180.769
175.279
170.086
160.572
156.139
151.926
147.909
144.07
140.404
133.58
130.354
127.252
124.267
121.394
118.626
113.412
110.919
108.504
106.165
103.899
101.702
97.5251
95.508
93.5473
91.6375
89.7782
87.9652
84.4985
82.8147
81.1706
79.5652
77.9965
76.465
73.5305
72.1044
70.7136
69.3577
68.0373
66.7535
64.3135
63.1395
62.0034
60.9054
59.8447
58.8195
56.8893
55.965
55.0713
54.2052
53.3646
52.5483
50.9912
50.2353
49.4958
48.7717
48.0622
47.3669
46.0226
45.3626
44.7128
44.0731
43.4427
42.8216
41.6147
41.0186
40.4305
39.8498
39.2765
38.7105
37.607
37.061
36.5215
35.9882
35.4609
34.9396
33.9221
33.4178
32.9192
32.4257
31.9376
31.4546
30.5112
30.0435
29.5807
29.1228
28.67
28.2221
27.348
26.9154
26.4882
26.0666
25.6509
25.2413
24.4478
24.0587
23.6773
23.304
22.9392
22.5838
21.9056
21.5779
21.2594
20.9502
20.6497
20.3574
19.7998
19.529
19.2643
19.0051
18.7511
18.5016
18.0186
17.7809
17.5465
17.3153
17.0869
16.8614
16.4214
16.2034
15.9877
15.7743
15.5631
15.354
14.9452
14.7421
14.5411
14.3419
14.1447
13.9493
13.5668
13.3767
13.1884
13.0018
12.8169
12.6337
12.2748
12.0965
11.9197
11.7446
11.571
11.399
11.0624
10.8951
10.7295
10.5656
10.4034
10.2429
9.92981
9.77505
9.62247
9.47205
9.32405
9.17862
8.8984
8.76163
8.628
8.49774
8.37079
8.24715
8.01146
7.89747
7.78628
7.67772
7.5718
7.46812
7.26846
7.17061
7.07434
6.97955
6.88612
6.79394
6.61438
6.52545
6.43754
6.35055
6.26443
6.17917
6.01235
5.92946
5.84731
5.7659
5.68521
5.60521
5.44847
5.37051
5.29319
5.21652
5.14048
5.06507
4.91721
4.84361
4.77061
4.69821
4.62639
4.55516
4.41549
4.34599
4.27707
4.20873
4.14099
4.07387
3.94256
3.87738
3.81293
3.74919
3.68623
3.62408
3.50336
3.44398
3.38558
3.32821
3.27192
3.21681
3.00038
2.85871
2.72943
2.61144
2.50319
2.40302
2.22512
2.14477
2.069
1.9973
1.92992
1.86649
1.74941
1.69487
1.64314
1.59376
1.54628
1.5007
1.41626
1.37676
1.33852
1.30155
1.26565
1.23118
1.1671
1.13615
1.10704
1.07819
1.05021
1.0231
0.971862
0.947368
0.923791
0.901097
0.879432
0.858619
0.818383
0.798652
0.779282
0.760272
0.741647
0.723431
0.688491
0.671499
0.654916
0.638744
0.622981
0.607278
