-2.80268
-3.39391
-4.1365
-4.9647
-5.88654
-6.93499
-8.34556
-10.2045
-12.2998
-14.6405
-17.2955
-20.7819
-25.6054
-31.1623
-37.4735
-44.8016
-54.511
-69.1783
-88.2731
-114.307
-155.036
-238.957
-435.585
-486.647
-7.14903
471.677
421.69
233.77
152.363
111.082
84.581
65.3483
52.4072
43.5474
36.1806
29.7852
24.1807
19.8529
16.7663
14.103
11.7236
9.59254
7.8547
6.61045
5.54131
4.57517
3.6986
2.66006
1.66661
1.15565
-2.80383
-3.39229
-3.39553
-4.13465
-4.13834
-4.96265
-4.96675
-5.88425
-5.88883
-6.93227
-6.93771
-8.34158
-8.34954
-10.1999
-10.2092
-12.2946
-12.305
-14.6347
-14.6463
-17.2887
-17.3023
-20.7719
-20.7919
-25.5931
-25.6177
-31.1485
-31.1762
-37.4576
-37.4894
-44.7827
-44.8205
-54.4825
-54.5395
-69.1388
-69.2178
-88.2219
-88.3244
-114.233
-114.38
-154.91
-155.162
-238.65
-239.264
-435.016
-436.154
-487.188
-486.101
-8.55428
-5.74386
471.156
472.195
422.251
421.128
234.058
233.482
152.49
152.236
111.157
111.007
84.6333
84.5288
65.3866
65.31
52.431
52.3834
43.5661
43.5286
36.1967
36.1645
29.7993
29.7711
24.1928
24.1686
19.8611
19.8446
16.773
16.7597
14.1089
14.0971
11.7289
11.7183
9.59723
9.58786
7.85806
7.85134
6.61311
6.6078
5.54369
5.53892
4.57733
4.573
3.70055
3.69666
2.66371
2.65642
1.66817
1.66507
1.15657
-2.81617
-3.37492
-3.41302
-4.11482
-4.15822
-4.94064
-4.98883
-5.85969
-5.91347
-6.90315
-6.96708
-8.299
-8.39248
-10.1498
-10.2594
-12.2388
-12.361
-14.5722
-14.709
-17.2158
-17.3756
-20.6648
-20.9002
-25.4613
-25.75
-30.9996
-31.3257
-37.2874
-37.6603
-44.58
-45.0245
-54.1782
-54.8483
-68.7155
-69.6441
-87.6733
-88.8779
-113.445
-115.178
-153.568
-156.533
-235.396
-242.617
-428.862
-442.232
-492.528
-480.233
-23.6167
9.35687
465.302
477.621
428.302
415.111
237.201
230.422
153.866
150.886
111.968
110.206
85.1974
83.9699
65.8005
64.9014
52.6882
52.129
43.7678
43.3278
36.3697
35.9923
29.951
29.62
24.3232
24.0391
19.9498
19.7569
16.8445
16.6884
14.1725
14.0337
11.7859
11.6615
9.6477
9.53761
7.89441
7.81549
6.64174
6.57928
5.56936
5.51334
4.60063
4.54977
3.72146
3.67585
2.70377
2.61809
1.68516
1.64868
1.16665
-2.86539
-2.94388
-3.02737
-3.11613
-3.20994
-3.30821
-3.48189
-3.58886
-3.69819
-3.80968
-3.92298
-4.0381
-4.23615
-4.35619
-4.47808
-4.60198
-4.72774
-4.85551
-5.07538
-5.20876
-5.34431
-5.48223
-5.62228
-5.76473
-6.01015
-6.15946
-6.31174
-6.46752
-6.6271
-6.79159
-7.08366
-7.26882
-7.46538
-7.67529
-7.89899
-8.13632
-8.56232
-8.82805
-9.10115
-9.38092
-9.66604
-9.95629
-10.4562
-10.7595
-11.0677
-11.3812
-11.6996
-12.0231
-12.5803
-12.9186
-13.2626
-13.6127
-13.9687
-14.3306
-14.9549
-15.3346
-15.7216
-16.117
-16.5211
-16.9361
-17.666
-18.1242
-18.6072
-19.1211
-19.67
-20.2577
-21.3308
-22.0107
-22.7165
-23.4443
-24.19
-24.952
-26.269
-27.0703
-27.8864
-28.7172
-29.5632
-30.4246
-31.912
-32.8184
-33.7429
-34.6859
-35.6482
-36.6305
-38.332
-39.3729
-40.4379
-41.5293
-42.6493
-43.8022
-45.832
-47.1056
-48.4448
-49.8669
-51.3889
-53.0298
-56.0858
-58.0742
-60.1788
-62.3896
-64.6961
-67.0928
-71.3272
-73.9651
-76.7007
-79.5416
-82.4954
-85.5763
-91.0748
-94.5532
-98.2094
-102.067
-106.139
-110.458
-118.372
-123.516
-129.039
-135.006
-141.482
-148.548
-162.105
-171.395
-181.87
-193.802
-207.555
-223.501
-256.46
-280.001
-306.638
-336.399
-369.334
-404.83
-465.32
-495.851
-517.424
-527.454
-525.067
-509.884
-453.646
-400.863
-333.893
-255.744
-170.591
-82.2708
67.918
156.177
241.177
319.352
386.184
438.71
494.961
510.094
512.522
502.552
481.155
451.114
391.712
357.374
325.743
297.408
272.255
250.181
219.177
203.983
190.719
179.066
168.721
159.454
145.829
138.677
132.112
126.059
120.441
115.214
107.167
102.772
98.6236
94.7016
90.9785
87.4356
81.8336
78.6988
75.6967
72.8214
70.0712
67.4495
63.3498
61.1176
59.0472
57.1317
55.3616
53.7141
51.1599
49.7413
48.3807
47.0679
45.7965
44.5613
42.5548
41.4024
40.2768
39.1767
38.1011
37.0488
35.3274
34.3329
33.3582
32.4027
31.4655
30.546
29.0363
28.1616
27.3037
26.4625
25.64
24.8378
23.543
22.8156
22.1255
21.4763
20.8702
20.3036
19.4225
18.9327
18.4615
18.0045
17.5599
17.1253
16.4131
16.0008
15.5959
15.1976
14.8064
14.4218
13.7886
13.421
13.0594
12.7035
12.3536
12.0093
11.4417
11.1118
10.7871
10.4676
10.1539
9.84631
9.34422
9.05784
8.78255
8.51988
8.2722
8.03949
7.67891
7.48006
7.28974
7.10616
6.92798
6.75399
6.4692
6.30418
6.14184
5.98199
5.82476
5.6699
5.41435
5.26561
5.11907
4.97451
4.83216
4.69183
4.45987
4.32472
4.19144
4.05998
3.93069
3.80361
3.5957
3.47674
3.36194
3.25176
3.14565
2.87375
2.479
2.29428
2.13367
1.99309
1.8675
1.75394
1.58672
1.49823
1.41654
1.34236
1.27283
1.20736
