-2.31838
-2.61629
-2.96718
-3.45105
-4.00466
-4.59784
-5.23548
-5.92171
-6.66151
-7.54155
-8.77491
-10.195
-11.7206
-13.3656
-15.1417
-17.0633
-19.3678
-22.6431
-26.445
-30.5625
-35.053
-39.984
-45.4572
-52.2644
-62.3375
-74.7414
-89.4965
-107.99
-132.841
-169.987
-240.668
-393.207
-579.294
-460.753
-7.11323
446.147
563.35
379.064
235.877
168.028
130.168
104.736
85.8259
70.6912
58.6529
50.6075
44.3364
38.7717
33.7483
29.1716
24.9598
21.2995
18.7137
16.5892
14.6301
12.8151
11.1321
9.56426
8.18589
7.19041
6.35945
5.58656
4.86404
4.18704
3.55249
2.83041
1.93205
1.44079
1.11328
0.875112
-2.3193
-2.61529
-2.61728
-2.96586
-2.96851
-3.44935
-3.45274
-4.00283
-4.00648
-4.59588
-4.5998
-5.23337
-5.23758
-5.91945
-5.92397
-6.65904
-6.66399
-7.53822
-7.54488
-8.77058
-8.77925
-10.1903
-10.1996
-11.7156
-11.7257
-13.3602
-13.3711
-15.1358
-15.1475
-17.0568
-17.0697
-19.3591
-19.3766
-22.6316
-22.6547
-26.4324
-26.4576
-30.5488
-30.5761
-35.038
-35.0679
-39.9676
-40.0005
-45.4386
-45.4759
-52.2381
-52.2908
-62.3011
-62.3739
-74.6987
-74.7841
-89.4446
-89.5483
-107.923
-108.057
-132.748
-132.935
-169.836
-170.139
-240.335
-241.002
-392.553
-393.863
-579.109
-579.475
-461.802
-459.701
-8.66297
-5.56353
445.089
447.156
563.536
563.16
379.706
378.424
236.185
235.569
168.181
167.876
130.264
130.071
104.804
104.667
85.8791
85.7729
70.7348
70.6475
58.6846
58.6212
50.6291
50.5859
44.3551
44.3177
38.7885
38.7549
33.7635
33.7331
29.1855
29.1576
24.9726
24.947
21.3094
21.2895
18.7208
18.7065
16.5957
16.5827
14.6361
14.6241
12.8207
12.8096
11.1373
11.127
9.56905
9.55946
8.18966
8.18212
7.19319
7.18764
6.36199
6.3569
5.58894
5.58418
4.86626
4.86181
4.18914
4.18495
3.55442
3.55056
2.83494
2.8259
1.93401
1.93009
1.44205
1.43954
1.11417
1.1124
0.87574
-2.32777
-2.60613
-2.62648
-2.95374
-2.98079
-3.43372
-3.46843
-3.98597
-4.02339
-4.57783
-4.61792
-5.21391
-5.2571
-5.89854
-5.94491
-6.63621
-6.68692
-7.50765
-7.57594
-8.73053
-8.81943
-10.147
-10.2431
-11.6691
-11.7723
-13.3099
-13.4215
-15.0816
-15.2018
-16.9973
-17.1295
-19.2785
-19.4585
-22.5247
-22.7619
-26.3161
-26.5743
-30.4227
-30.7027
-34.8998
-35.2066
-39.8153
-40.1528
-45.2667
-45.6489
-51.9956
-52.5372
-61.965
-62.712
-74.3046
-75.1812
-88.9666
-90.0307
-107.305
-108.681
-131.881
-133.814
-168.45
-171.556
-237.285
-244.137
-386.574
-399.996
-577.207
-580.994
-470.987
-449.988
-22.9998
8.76938
435.203
456.051
565.072
561.221
385.694
372.576
239.08
232.758
169.603
166.483
131.159
129.184
105.442
104.036
86.373
85.2823
71.1401
70.2451
58.9803
58.331
50.8295
50.3868
44.5284
44.145
38.9442
38.5996
33.9047
33.5924
29.3148
29.0287
25.0915
24.8286
21.4019
21.1983
18.7871
18.6406
16.6556
16.5229
14.6917
14.5686
12.8722
12.7582
11.1851
11.0792
9.61349
9.5152
8.22486
8.14744
7.21916
7.16199
6.38556
6.33339
5.61097
5.56217
4.88686
4.84126
4.2085
4.16562
3.5723
3.53279
2.87782
2.7853
1.9523
1.9121
1.45379
1.42803
1.1224
1.10425
0.881569
-2.35678
-2.39948
-2.44265
-2.48626
-2.53037
-2.57512
-2.65825
-2.70551
-2.75412
-2.80479
-2.8576
-2.91356
-3.02379
-3.08965
-3.15867
-3.23062
-3.30476
-3.3808
-3.5223
-3.60182
-3.68226
-3.76364
-3.84575
-3.9287
-4.08129
-4.16662
-4.2527
-4.33974
-4.42759
-4.51643
-4.68001
-4.77158
-4.86403
-4.95763
-5.05216
-5.14785
-5.32398
-5.4226
-5.52216
-5.62293
-5.72463
-5.82749
-6.01676
-6.12265
-6.22968
-6.33804
-6.44762
-6.55886
-6.76604
-6.88405
-7.00569
-7.13245
-7.26528
-7.40614
-7.68477
-7.85184
-8.02774
-8.21122
-8.40068
-8.59511
-8.95749
-9.16101
-9.36747
-9.57623
-9.78696
-9.99989
-10.3919
-10.6109
-10.8324
-11.0564
-11.2824
-11.511
-11.9323
-12.1681
-12.4068
-12.6482
-12.8922
-13.1393
-13.5943
-13.849
-14.1068
-14.3677
-14.6313
-14.8974
-15.3882
-15.6626
-15.9405
-16.2221
-16.5069
-16.7963
-17.3355
-17.6431
-17.9616
-18.2931
-18.6412
-19.0113
-19.746
-20.1879
-20.6543
-21.1416
-21.6455
-22.1636
-23.1304
-23.6749
-24.2265
-24.7853
-25.35
-25.9212
-26.9741
-27.5641
-28.1609
-28.7646
-29.3758
-29.9944
-31.1368
-31.7783
-32.4281
-33.0868
-33.7545
-34.4314
-35.6825
-36.3858
-37.099
-37.8225
-38.556
-39.2998
-40.6766
-41.4514
-42.239
-43.0399
-43.855
-44.6859
-46.2465
-47.1452
-48.0782
-49.0561
-50.0905
-51.1949
-53.4047
-54.745
-56.1672
-57.6628
-59.2217
-60.8339
-63.8786
-65.6147
-67.393
-69.2113
-71.0721
-72.9752
-76.5485
-78.5918
-80.6884
-82.8461
-85.0671
-87.3556
-91.7006
-94.2136
-96.8178
-99.5172
-102.325
-105.241
-110.852
-114.145
-117.592
-121.218
-125.014
-129.01
-136.874
-141.575
-146.581
-151.95
-157.704
-163.908
-176.597
-184.565
-193.448
-203.389
-214.631
-227.472
-255.429
-273.526
-293.59
-315.677
-340.01
-366.788
-421.66
-454.818
-489.051
-521.777
-548.832
-568.219
-584.008
-582.327
-573.143
-556.727
-532.307
-499.039
-413.88
-353.176
-285.655
-214.726
-143.318
-71.7392
57.5429
129.037
200.542
270.755
338.771
399.302
484.164
516.937
541.198
557.64
566.679
568.218
552.138
532.414
505.404
473.264
439.474
406.657
353.621
328.142
305.212
284.596
266.144
249.498
223.691
211.647
200.881
191.299
182.586
174.633
161.867
155.572
149.701
144.227
139.111
134.294
126.248
122.145
118.255
114.557
111.03
107.669
101.924
98.9405
96.0754
93.3176
90.6533
88.0831
83.6321
81.2837
79.004
76.7896
74.6359
72.5418
68.8909
66.9657
65.1077
63.3235
61.6236
60.0192
57.3735
56.0561
54.8265
53.6698
52.5741
51.5255
49.7163
48.7574
47.8212
46.9053
46.0067
45.1237
43.5608
42.7188
41.8897
41.0738
40.2704
39.479
38.074
37.3152
36.5677
35.8312
35.105
34.3891
33.1157
32.4265
31.7467
31.0757
30.4129
29.7582
28.5909
27.9577
27.3317
26.7133
26.1021
25.4992
24.4278
23.8524
23.2919
22.7475
22.2244
21.7267
20.8963
20.4782
20.0859
19.7139
19.3588
19.016
18.4178
18.0971
17.7822
17.4714
17.1646
16.8615
16.3198
16.026
15.7355
15.448
15.1634
14.8825
14.3803
14.1081
13.8387
13.5723
13.3089
13.0488
12.5839
12.3315
12.0822
11.8352
11.5909
11.3493
10.9169
10.6819
10.4493
10.2189
9.99113
9.7661
9.36523
9.14954
8.93903
8.73408
8.53651
8.34815
8.03228
7.87227
7.72167
7.57837
7.44099
7.30809
7.07518
6.95014
6.82701
6.70541
6.58528
6.46628
6.25357
6.13787
6.02344
5.90996
5.79775
5.68648
5.48748
5.37932
5.27232
5.16629
5.0614
4.95744
4.77148
4.6703
4.57015
4.47079
4.37242
4.27481
4.09997
4.00473
3.91051
3.81714
3.72485
3.63381
3.47282
3.38747
3.30571
3.22855
3.15742
3.03737
2.65823
2.49704
2.35643
2.2319
2.11908
2.01668
1.85249
1.77018
1.69444
1.62377
1.55755
1.49483
1.3901
1.33794
1.28805
1.24023
1.19453
1.151
1.07681
1.03841
1.00178
0.966825
0.933597
0.902126
