-2.58834
-2.88781
-3.2512
-3.68128
-4.15595
-4.66697
-5.21576
-5.8069
-6.45008
-7.17546
-8.05477
-9.12048
-10.3162
-11.6108
-13.0049
-14.5102
-16.1488
-17.9854
-20.1966
-22.9317
-26.0703
-29.5068
-33.2435
-37.3271
-41.8406
-46.9759
-53.2474
-61.3373
-71.241
-82.9133
-96.8904
-114.294
-137.177
-169.762
-221.848
-309.025
-424.902
-463.286
-312.229
-7.165
297.783
448.95
411.891
299.735
216.833
166.447
134.006
110.937
93.3276
79.1936
67.576
58.3428
51.2882
45.5366
40.5147
36.0002
31.8898
28.1244
24.7023
21.7481
19.3699
17.3798
15.5966
13.9566
12.437
11.0255
9.72281
8.56738
7.61563
6.82104
6.10939
5.45144
4.83751
4.26304
3.72859
3.24713
2.34954
1.76606
1.38355
1.10857
-2.58938
-2.88659
-2.88903
-3.24971
-3.2527
-3.67958
-3.68298
-4.15411
-4.15779
-4.66499
-4.66895
-5.21363
-5.21789
-5.80461
-5.8092
-6.44756
-6.45261
-7.17252
-7.17841
-8.05112
-8.05844
-9.11622
-9.12475
-10.3116
-10.3209
-11.6057
-11.6158
-12.9995
-13.0103
-14.5043
-14.516
-16.1423
-16.1552
-17.978
-17.9929
-20.1873
-20.2058
-22.9206
-22.9428
-26.058
-26.0826
-29.4934
-29.5201
-33.2289
-33.258
-37.3111
-37.3431
-41.8227
-41.8584
-46.9551
-46.9968
-53.2208
-53.274
-61.3035
-61.3711
-71.2008
-71.2811
-82.8659
-82.9608
-96.8327
-96.9482
-114.221
-114.368
-137.078
-137.277
-169.613
-169.911
-221.597
-222.1
-308.625
-309.425
-424.5
-425.304
-463.467
-463.103
-313.17
-311.286
-8.39255
-5.938
296.848
298.716
448.76
449.138
412.282
411.501
300.118
299.353
217.072
216.594
166.594
166.3
134.106
133.905
111.012
110.863
93.3861
93.2691
79.2414
79.1458
67.6151
67.537
58.3728
58.3128
51.3116
51.2648
45.5565
45.5167
40.5324
40.4969
36.0163
35.9842
31.9045
31.8751
28.1378
28.1109
24.7143
24.6903
21.7581
21.7382
19.3779
19.3619
17.3868
17.3728
15.6029
15.5902
13.9625
13.9507
12.4425
12.4316
11.0306
11.0204
9.72744
9.71817
8.57134
8.56344
7.61883
7.61242
6.82383
6.81826
6.11195
6.10684
5.45381
5.44907
4.83973
4.83529
4.26512
4.26097
3.7305
3.72667
3.2488
3.24546
2.35233
2.34676
1.76778
1.76434
1.38474
1.38237
1.10944
-2.59823
-2.87625
-2.89946
-3.23702
-3.26547
-3.66515
-3.69747
-4.13847
-4.17348
-4.64819
-4.68579
-5.19557
-5.236
-5.78511
-5.82876
-6.42612
-6.47415
-7.14756
-7.20355
-8.02015
-8.08966
-9.08006
-9.16106
-10.272
-10.3606
-11.5631
-11.6585
-12.9536
-13.0564
-14.4546
-14.5659
-16.0878
-16.21
-17.9152
-18.0561
-20.1091
-20.2847
-22.8266
-23.0373
-25.9535
-26.1874
-29.3798
-29.6341
-33.1052
-33.3822
-37.1754
-37.4794
-41.6714
-42.0106
-46.7786
-47.1747
-52.9961
-53.5011
-61.0173
-61.6597
-70.8604
-71.6237
-82.4641
-83.3653
-96.3437
-97.4414
-113.598
-114.997
-136.235
-138.132
-168.357
-171.19
-219.48
-224.262
-305.247
-312.857
-421.038
-428.674
-464.885
-461.433
-321.058
-303.175
-18.8374
4.51265
288.801
306.529
447.038
450.593
415.561
408.163
303.424
296.122
219.129
214.572
167.853
165.061
134.965
133.058
111.647
110.234
93.8854
92.7742
79.6494
78.7408
67.9486
67.2064
58.6294
58.0593
51.5113
51.0667
45.7262
45.3477
40.6835
40.3465
36.1532
35.8478
32.0296
31.7503
28.2525
27.9967
24.817
24.5882
21.8428
21.654
19.4461
19.2941
17.4463
17.3135
15.6572
15.5361
14.0127
13.9007
12.4891
12.3851
11.0738
10.9773
9.76691
9.67887
8.60506
8.52999
7.64616
7.5853
6.84756
6.79464
6.13366
6.08518
5.47402
5.42892
4.85862
4.81644
4.28279
4.24334
3.74679
3.71044
3.26307
3.2313
2.37633
2.32328
1.78251
1.74984
1.39485
1.37235
1.11687
-2.62673
-2.66816
-2.71049
-2.75373
-2.79811
-2.84364
-2.93323
-2.9828
-3.03396
-3.08666
-3.14104
-3.19703
-3.3067
-3.36688
-3.4283
-3.49085
-3.55458
-3.61933
-3.74405
-3.8114
-3.87958
-3.94846
-4.01821
-4.08874
-4.22383
-4.29653
-4.36997
-4.44408
-4.51905
-4.59478
-4.73984
-4.81788
-4.89673
-4.97629
-5.0568
-5.13817
-5.29411
-5.37805
-5.46291
-5.54859
-5.63537
-5.72314
-5.89159
-5.98245
-6.07447
-6.16763
-6.26219
-6.35819
-6.54344
-6.64416
-6.74681
-6.85155
-6.95893
-7.06889
-7.28492
-7.40443
-7.52777
-7.65508
-7.78672
-7.92263
-8.1907
-8.33861
-8.49029
-8.6453
-8.80384
-8.96543
-9.27785
-9.44707
-9.61866
-9.79227
-9.96825
-10.1463
-10.4879
-10.6719
-10.8579
-11.0456
-11.2356
-11.4277
-11.7957
-11.9938
-12.194
-12.3962
-12.6008
-12.8077
-13.2043
-13.4179
-13.6339
-13.8522
-14.0732
-14.2968
-14.726
-14.9577
-15.1923
-15.4296
-15.6705
-15.9149
-16.3862
-16.642
-16.9026
-17.1679
-17.4393
-17.717
-18.2608
-18.561
-18.8704
-19.1901
-19.5208
-19.863
-20.5407
-20.917
-21.3043
-21.7023
-22.111
-22.529
-23.3418
-23.7841
-24.2336
-24.6895
-25.1525
-25.6218
-26.5242
-27.0113
-27.5041
-28.0028
-28.5077
-29.0187
-30.0004
-30.5294
-31.0651
-31.6072
-32.1562
-32.7122
-33.7813
-34.3582
-34.9429
-35.5352
-36.1357
-36.7445
-37.9178
-38.5523
-39.1967
-39.8507
-40.5155
-41.1914
-42.5008
-43.2134
-43.9402
-44.6827
-45.4427
-46.2212
-47.7518
-48.5975
-49.4717
-50.3768
-51.3155
-52.2906
-54.2399
-55.3314
-56.4647
-57.6406
-58.8577
-60.1148
-62.5941
-63.9611
-65.364
-66.8022
-68.2755
-69.7842
-72.7302
-74.3434
-75.9952
-77.6862
-79.4193
-81.1951
-84.6741
-86.5888
-88.5551
-90.5775
-92.6595
-94.8039
-99.0386
-101.389
-103.818
-106.333
-108.94
-111.644
-117.042
-120.072
-123.231
-126.529
-129.982
-133.601
-140.934
-145.115
-149.533
-154.206
-159.173
-164.457
-175.423
-181.839
-188.742
-196.192
-204.24
-212.935
-231.438
-242.393
-254.179
-266.823
-280.343
-294.661
-324.073
-340.614
-357.745
-375.245
-392.689
-409.78
-438.57
-450.954
-460.496
-466.512
-469.345
-468.183
-454.782
-441.549
-423.936
-401.966
-375.546
-344.91
-276.327
-235.259
-191.501
-146.269
-99.5739
-52.2247
37.8557
85.2219
131.994
177.193
220.823
261.835
330.451
361.209
387.644
409.608
427.159
440.321
453.884
455.207
452.85
446.792
437.374
425.348
397.245
380.586
363.587
346.695
330.169
314.166
286.086
272.399
259.513
247.527
236.346
225.945
208.342
199.982
192.228
185.005
178.272
172.01
161.206
155.976
151.046
146.388
141.967
137.778
130.41
126.769
123.29
119.963
116.774
113.714
108.258
105.522
102.886
100.343
97.8827
95.5028
91.2155
89.0447
86.9377
84.8915
82.903
80.9699
77.4626
75.6787
73.9438
72.2577
70.62
69.031
66.1662
64.7219
63.3296
61.9894
60.7016
59.4653
57.2642
56.1653
55.109
54.0914
53.1086
52.1586
50.4417
49.5679
48.7156
47.8835
47.0706
46.2738
44.8123
44.0586
43.318
42.5903
41.8744
41.1698
39.8687
39.1946
38.5304
37.8756
37.2299
36.5933
35.4146
34.8024
34.1982
33.6018
33.0132
32.4319
31.3541
30.7935
30.2401
29.6936
29.1539
28.6211
27.6339
27.1212
26.616
26.1185
25.629
25.1478
24.2652
23.8122
23.3702
22.9403
22.5228
22.118
21.3896
21.022
20.6668
20.3234
19.9902
19.6669
19.08
18.7798
18.4859
18.1983
17.9155
17.6378
17.1255
16.8597
16.5975
16.3392
16.0838
15.8316
15.3641
15.1206
14.8797
14.642
14.4066
14.1739
13.7417
13.5162
13.2932
13.0729
12.8546
12.6386
12.2374
12.028
11.8208
11.6161
11.4133
11.2127
10.8403
10.6461
10.4543
10.2651
10.0782
9.89399
9.55428
9.37868
9.20661
9.03864
8.87435
8.71429
8.42462
8.27774
8.13547
7.99781
7.86434
7.73464
7.49962
7.37953
7.26218
7.14743
7.03468
6.9239
6.71968
6.6137
6.50912
6.40606
6.30412
6.20336
6.01639
5.91884
5.82232
5.72693
5.63241
5.53885
5.36486
5.27396
5.18395
5.09493
5.00665
4.91923
4.75653
4.67148
4.58725
4.50393
4.42131
4.33949
4.18732
4.10786
4.02928
3.9517
3.87493
3.79916
3.65902
3.58637
3.51499
3.44505
3.37638
3.30916
3.18664
3.03781
2.86855
2.71676
2.58023
2.4564
2.25093
2.15484
2.06543
1.98182
1.90408
1.83103
1.70474
1.64353
1.58557
1.53032
1.47763
1.42774
1.34092
1.29742
1.25547
1.21559
1.1777
1.14113
