-1.68482
-1.8541
-2.03239
-2.22055
-2.42019
-2.63503
-2.87443
-3.15387
-3.47843
-3.83675
-4.21983
-4.62552
-5.05472
-5.5095
-5.99304
-6.51234
-7.08513
-7.74902
-8.53449
-9.42296
-10.3839
-11.4061
-12.49
-13.6404
-14.8649
-16.1777
-17.6136
-19.256
-21.2151
-23.493
-26.0027
-28.6978
-31.5768
-34.6583
-37.9719
-41.5648
-45.5319
-50.0897
-55.6192
-62.3632
-70.2245
-79.1712
-89.416
-101.389
-115.781
-133.712
-157.153
-189.981
-239.494
-313.06
-405.949
-467.906
-425.669
-256.736
-7.165
242.294
411.286
454.089
393.542
303.618
233.591
186.213
153.977
130.522
112.439
97.8827
85.7624
75.4301
66.5909
59.2578
53.3583
48.4528
44.1453
40.2405
36.6477
33.3154
30.2094
27.3118
24.6362
22.2556
20.2466
18.5448
17.0268
15.6253
14.3134
13.0794
11.9157
10.8184
9.7902
8.85142
8.03693
7.34604
6.73522
6.1721
5.6433
5.14335
4.6693
4.21957
3.79499
3.40185
2.83732
2.17638
1.7473
1.43757
1.20136
1.01406
0.863161
0.73761
0.628309
0.533008
-1.6856
-1.85328
-1.85492
-2.03153
-2.03325
-2.21964
-2.22146
-2.41922
-2.42116
-2.63397
-2.63609
-2.87322
-2.87564
-3.15244
-3.1553
-3.47681
-3.48005
-3.835
-3.8385
-4.21797
-4.22169
-4.62355
-4.62749
-5.05264
-5.0568
-5.50729
-5.51171
-5.99069
-5.9954
-6.50978
-6.51489
-7.08225
-7.08801
-7.74561
-7.75243
-8.53051
-8.53847
-9.41858
-9.42734
-10.3793
-10.3886
-11.4011
-11.4111
-12.4847
-12.4952
-13.6348
-13.646
-14.859
-14.8709
-16.1713
-16.1842
-17.6065
-17.6208
-19.2475
-19.2644
-21.2051
-21.2252
-23.4816
-23.5043
-25.9904
-26.015
-28.6846
-28.7109
-31.5628
-31.5909
-34.6432
-34.6733
-37.9557
-37.9882
-41.5471
-41.5826
-45.512
-45.5517
-50.0663
-50.1132
-55.5903
-55.6482
-62.3286
-62.3978
-70.1849
-70.264
-79.1261
-79.2162
-89.364
-89.4679
-101.327
-101.45
-115.706
-115.856
-133.617
-133.808
-157.024
-157.281
-189.794
-190.168
-239.207
-239.782
-312.654
-313.467
-405.512
-406.385
-467.817
-467.993
-426.183
-425.152
-257.789
-255.681
-8.39255
-5.938
241.237
243.35
410.786
411.783
454.17
454.009
393.966
393.117
304.007
303.228
233.864
233.318
186.395
186.031
154.104
153.849
130.617
130.426
112.515
112.363
97.945
97.8204
85.815
85.7099
75.4752
75.385
66.6291
66.5527
59.2889
59.2268
53.3834
53.3332
48.4743
48.4313
44.1646
44.126
40.2582
40.2229
36.664
36.6314
33.3306
33.3002
30.2236
30.1953
27.3249
27.2986
24.6482
24.6241
22.266
22.2453
20.2552
20.238
18.5523
18.5373
17.0337
17.02
15.6317
15.6189
14.3194
14.3074
13.085
13.0737
11.921
11.9104
10.8234
10.8134
9.79486
9.78554
8.85559
8.84727
8.04046
8.03341
7.34907
7.343
6.73797
6.73247
6.17467
6.16954
5.64573
5.64088
5.14565
5.14106
4.67148
4.66713
4.22163
4.2175
3.79693
3.79306
3.40361
3.40008
2.84137
2.83329
2.1788
2.17397
1.74899
1.74561
1.43884
1.43631
1.20234
1.20038
1.01486
1.01326
0.863789
0.862533
0.738165
0.737054
0.628785
0.627833
0.533427
-1.69164
-1.84694
-1.86128
-2.02484
-2.03995
-2.21257
-2.22855
-2.41169
-2.42872
-2.62578
-2.64433
-2.86387
-2.88506
-3.1414
-3.16643
-3.46428
-3.49264
-3.82144
-3.8521
-4.20358
-4.23613
-4.60832
-4.64276
-5.03652
-5.07297
-5.49019
-5.52886
-5.97246
-6.01369
-6.49003
-6.53472
-7.06001
-7.11041
-7.71926
-7.77898
-8.49977
-8.56937
-9.38471
-9.46134
-10.343
-10.4249
-11.3627
-11.4496
-12.4439
-12.5361
-13.5915
-13.6894
-14.8127
-14.9172
-16.1215
-16.2342
-17.5511
-17.6766
-19.1825
-19.33
-21.1276
-21.3033
-23.3938
-23.5925
-25.8953
-26.1103
-28.583
-28.8129
-31.4542
-31.6998
-34.5267
-34.7903
-37.8301
-38.1143
-41.41
-41.7203
-45.3586
-45.7061
-49.8853
-50.2959
-55.3672
-55.8734
-62.0616
-62.6666
-69.8792
-70.5715
-78.778
-79.5662
-88.9627
-89.8722
-100.852
-101.929
-115.127
-116.441
-132.881
-134.552
-156.035
-158.285
-188.358
-191.629
-237.001
-242.028
-309.526
-316.643
-402.108
-409.743
-467.03
-468.585
-429.901
-421.118
-265.906
-247.438
-17.9154
3.59037
232.984
251.476
406.81
415.507
454.701
453.32
397.209
389.783
307.036
300.214
236
231.222
187.818
184.631
155.1
152.867
131.365
129.686
113.106
111.778
98.43
97.3392
86.224
85.3039
75.8261
75.0366
66.9264
66.2578
59.5304
58.988
53.5788
53.1397
48.6417
48.265
44.3142
43.9769
40.3951
40.0865
36.7905
36.5053
33.4482
33.183
30.3334
30.0858
27.4273
27.1967
24.7415
24.5313
22.3466
22.1653
20.3225
20.1712
18.6108
18.4791
17.0869
16.967
15.6812
15.5695
14.366
14.261
13.1289
13.03
11.9624
11.8691
10.8624
10.7745
9.83108
9.74948
8.88793
8.81514
8.06789
8.0062
7.37266
7.31956
6.75934
6.71117
6.1946
6.14966
5.66453
5.62212
5.16346
5.12329
4.68838
4.65027
4.23765
4.20152
3.81196
3.77807
3.41731
3.38646
2.87309
2.80242
2.19768
2.15543
1.7622
1.73259
1.44869
1.42663
1.21001
1.19282
1.02108
1.0071
0.868665
0.857682
0.742484
0.732764
0.632485
0.624161
0.536683
-1.70888
-1.73252
-1.75638
-1.78041
-1.80458
-1.82897
-1.87943
-1.90436
-1.92944
-1.95475
-1.98021
-2.0059
-2.05908
-2.08533
-2.11183
-2.13854
-2.16541
-2.19255
-2.24879
-2.27658
-2.30466
-2.33298
-2.36151
-2.39037
-2.45032
-2.48003
-2.51012
-2.54059
-2.57137
-2.60262
-2.66794
-2.7006
-2.73389
-2.76777
-2.80234
-2.83753
-2.9122
-2.94991
-2.98857
-3.02822
-3.06876
-3.11034
-3.19842
-3.24276
-3.28809
-3.33426
-3.38115
-3.42886
-3.5287
-3.57847
-3.62874
-3.67967
-3.73105
-3.78303
-3.89097
-3.94436
-3.99829
-4.0527
-4.10747
-4.16277
-4.27737
-4.33396
-4.3911
-4.44869
-4.50665
-4.56516
-4.68639
-4.74624
-4.80668
-4.86761
-4.92892
-4.99084
-5.11915
-5.18254
-5.24656
-5.3111
-5.3762
-5.44175
-5.57786
-5.64515
-5.71315
-5.78178
-5.85091
-5.92081
-6.06601
-6.13808
-6.21079
-6.28443
-6.35881
-6.43418
-6.59155
-6.67012
-6.74976
-6.83085
-6.9133
-6.9974
-7.17488
-7.26439
-7.35612
-7.45016
-7.54637
-7.64526
-7.85545
-7.96191
-8.07109
-8.18281
-8.29673
-8.4131
-8.65803
-8.78058
-8.9052
-9.03156
-9.15934
-9.28889
-9.55857
-9.69222
-9.82743
-9.96392
-10.1014
-10.2404
-10.5287
-10.6712
-10.8151
-10.9602
-11.1063
-11.2538
-11.5596
-11.7107
-11.8633
-12.0171
-12.172
-12.3285
-12.6528
-12.813
-12.9749
-13.1382
-13.3027
-13.4688
-13.8135
-13.9839
-14.156
-14.3298
-14.5049
-14.682
-15.0497
-15.2318
-15.416
-15.6023
-15.7902
-15.9806
-16.3774
-16.5747
-16.7753
-16.9785
-17.1848
-17.3949
-17.8367
-18.0591
-18.2859
-18.5183
-18.7558
-18.9997
-19.5191
-19.7827
-20.0538
-20.3319
-20.6167
-20.9091
-21.5282
-21.84
-22.1584
-22.4823
-22.8112
-23.1457
-23.845
-24.1928
-24.5454
-24.902
-25.2618
-25.6261
-26.383
-26.7579
-27.1371
-27.5195
-27.9055
-28.2952
-29.1042
-29.5051
-29.9098
-30.3181
-30.7304
-31.1467
-32.0112
-32.4399
-32.8727
-33.3097
-33.7512
-34.1971
-35.1244
-35.5845
-36.0495
-36.5195
-36.9945
-37.4747
-38.4749
-38.9723
-39.4754
-39.9846
-40.5004
-41.0227
-42.1146
-42.6594
-43.2127
-43.7743
-44.3454
-44.9261
-46.1493
-46.7657
-47.3955
-48.0402
-48.6999
-49.3773
-50.8223
-51.5599
-52.3195
-53.1027
-53.91
-54.742
-56.5229
-57.432
-58.3658
-59.3236
-60.3056
-61.3106
-63.4391
-64.5123
-65.607
-66.7226
-67.8594
-69.0174
-71.4538
-72.6773
-73.9228
-75.191
-76.4826
-77.7985
-80.5708
-81.9651
-83.3872
-84.8385
-86.3208
-87.8337
-91.0346
-92.6527
-94.3079
-96.0029
-97.7402
-99.5186
-103.308
-105.235
-107.215
-109.251
-111.346
-113.504
-118.129
-120.501
-122.951
-125.483
-128.108
-130.825
-136.709
-139.755
-142.931
-146.233
-149.684
-153.288
-161.216
-165.378
-169.756
-174.371
-179.24
-184.395
-195.917
-202.079
-208.623
-215.577
-223.017
-230.908
-248.596
-258.009
-267.936
-278.387
-289.372
-300.805
-325.805
-338.612
-351.818
-365.231
-378.843
-392.339
-418.882
-430.875
-441.595
-450.965
-458.614
-464.172
-469.436
-468.461
-464.968
-459.102
-450.652
-439.635
-408.883
-389.765
-368.051
-343.892
-317.254
-288.342
-223.303
-189.163
-154.2
-118.311
-81.818
-45.0189
30.6633
67.4366
103.94
139.929
174.858
208.876
273.884
302.763
329.428
353.71
375.375
394.552
425.265
436.197
444.693
450.677
454.169
455.236
450.626
444.894
437.385
428.258
417.726
406.105
380.238
367.043
353.947
340.957
328.233
315.839
291.906
280.996
270.539
260.579
251.122
242.24
225.442
217.945
210.871
204.203
197.89
191.965
180.762
175.744
170.98
166.441
162.12
157.998
150.131
146.539
143.086
139.778
136.598
133.534
127.618
124.88
122.235
119.68
117.208
114.812
110.139
107.957
105.837
103.778
101.776
99.8267
95.9892
94.1879
92.4292
90.7137
89.0378
87.4003
84.1616
82.6322
81.1357
79.6716
78.2378
76.8348
74.0559
72.743
71.459
70.2045
68.9791
67.7831
65.4297
64.3271
63.2549
62.2142
61.2053
60.2275
58.3191
57.4318
56.5714
55.7377
54.9283
54.1417
52.5961
51.8701
51.1607
50.4673
49.788
49.1218
47.7963
47.1665
46.5464
45.9362
45.3353
44.7429
43.5558
42.9878
42.4271
41.8737
41.3269
40.7867
39.7006
39.1795
38.6643
38.1548
37.6508
37.1522
36.1485
35.6659
35.1883
34.7157
34.2479
33.7846
32.851
32.4016
31.9565
31.5159
31.0795
30.6474
29.7759
29.3563
28.941
28.5298
28.1227
27.7198
26.9084
26.5188
26.1338
25.7538
25.3784
25.009
24.2694
23.9174
23.5724
23.2337
22.9022
22.579
21.9404
21.6402
21.3483
21.0635
20.7862
20.5163
19.9835
19.7324
19.4869
19.2461
19.0098
18.7782
18.3152
18.094
17.8763
17.6612
17.4491
17.2392
16.8169
16.614
16.4135
16.2146
16.0177
15.8229
15.4295
15.24
15.0524
14.8662
14.6816
14.499
14.1295
13.9513
13.775
13.5998
13.4261
13.2541
12.9061
12.7381
12.5719
12.4067
12.2428
12.0806
11.7522
11.5938
11.4369
11.2811
11.1266
10.9737
10.6645
10.5155
10.3682
10.2221
10.0775
9.93477
9.64752
9.5099
9.37443
9.24086
9.10956
8.98086
8.72466
8.60347
8.48529
8.36965
8.25677
8.14684
7.92982
7.82758
7.72773
7.62991
7.53417
7.4404
7.25338
7.16429
7.07665
6.99011
6.9047
6.82049
6.6509
6.56939
6.48884
6.40897
6.32999
6.25158
6.09333
6.01702
5.94147
5.86641
5.7921
5.71825
5.56897
5.49689
5.42549
5.35452
5.28409
5.21432
5.07292
5.00473
4.93694
4.86964
4.80283
4.73664
4.60247
4.53766
4.47343
4.40957
4.3462
4.28341
4.15623
4.09486
4.03411
3.9738
3.91403
3.85494
3.73567
3.67837
3.62183
3.56594
3.51081
3.45657
3.34799
3.29628
3.24554
3.19578
3.10472
2.96723
2.71806
2.61092
2.51203
2.41978
2.33388
2.25339
2.10395
2.03664
1.97292
1.91268
1.85544
1.80061
1.6964
1.64911
1.60378
1.56004
1.51788
1.47736
1.39989
1.36428
1.32978
1.29626
1.26362
1.23225
1.17174
1.14341
1.11648
1.09006
1.06418
1.03906
0.989815
0.966851
0.94468
0.92323
0.902515
0.882648
0.843989
0.825557
0.807456
0.789626
0.772127
0.754896
0.72068
0.70448
0.688647
0.673128
0.657951
0.643138
0.61379
0.599345
0.585264
0.57178
0.558809
0.545997
