-2.68331
-2.88157
-3.11171
-3.37737
-3.66849
-3.97668
-4.29924
-4.63625
-4.98854
-5.35718
-5.74331
-6.1488
-6.57815
-7.04403
-7.57506
-8.20077
-8.91158
-9.67836
-10.4862
-11.3321
-12.2175
-13.1454
-14.1186
-15.1411
-16.2203
-17.376
-18.6604
-20.1662
-21.9369
-23.9083
-26.0154
-28.2368
-30.5747
-33.0397
-35.6454
-38.4086
-41.353
-44.5246
-48.0317
-52.1142
-57.0677
-62.9192
-69.5062
-76.7927
-84.8902
-94.0105
-104.465
-116.7
-131.382
-149.577
-173.225
-206.235
-255.662
-327.515
-423.07
-513.095
-528.291
-442.799
-250.801
-7.24458
236.306
428.016
513.662
498.913
410.45
317.88
249.547
202.579
170.372
146.74
128.353
113.465
101.044
90.4227
81.1525
72.9543
65.7295
59.5837
54.5595
50.357
46.642
43.2412
40.0781
37.1146
34.3252
31.6904
29.1944
26.8288
24.6043
22.5751
20.825
19.3471
18.0407
16.8317
15.69
14.6046
13.5703
12.5834
11.6408
10.74
9.88196
9.07749
8.35468
7.73617
7.20009
6.71098
6.25036
5.81134
5.39131
4.98878
4.60258
4.23174
3.87618
3.53837
3.22431
2.61833
2.12308
1.77356
1.50799
1.29736
-2.68438
-2.88036
-2.88278
-3.11029
-3.11313
-3.37577
-3.37898
-3.66678
-3.67021
-3.97487
-3.97848
-4.29736
-4.30113
-4.63428
-4.63822
-4.98648
-4.9906
-5.35502
-5.35933
-5.74105
-5.74557
-6.14642
-6.15118
-6.57561
-6.58069
-7.04122
-7.04685
-7.57178
-7.57835
-8.19692
-8.20462
-8.90734
-8.91582
-9.67386
-9.68287
-10.4815
-10.4909
-11.3271
-11.337
-12.2124
-12.2227
-13.1399
-13.1508
-14.1129
-14.1243
-15.1351
-15.1471
-16.214
-16.2267
-17.3691
-17.3829
-18.6525
-18.6682
-20.1568
-20.1756
-21.9261
-21.9477
-23.8966
-23.92
-26.003
-26.0278
-28.2237
-28.2498
-30.561
-30.5884
-33.0252
-33.0542
-35.6301
-35.6608
-38.3923
-38.4249
-41.3356
-41.3704
-44.5057
-44.5436
-48.0103
-48.0532
-52.0886
-52.1398
-57.0367
-57.0987
-62.8836
-62.9549
-69.4666
-69.5458
-76.749
-76.8365
-84.8413
-84.9392
-93.9549
-94.0661
-104.401
-104.529
-116.624
-116.776
-131.289
-131.474
-149.46
-149.694
-173.069
-173.382
-206.007
-206.463
-255.318
-256.007
-327.036
-327.996
-422.493
-423.647
-512.738
-513.448
-528.484
-528.094
-443.599
-441.995
-252.127
-249.475
-8.66084
-5.82826
234.988
237.621
427.21
428.818
513.467
513.853
499.242
498.579
411.03
409.869
318.341
317.42
249.872
249.222
202.798
202.36
170.528
170.217
146.858
146.622
128.447
128.26
113.542
113.388
101.11
100.979
90.4792
90.3661
81.2022
81.1028
72.9984
72.9102
65.7679
65.6912
59.6155
59.5519
54.5855
54.5335
50.3795
50.3346
46.6623
46.6218
43.2599
43.2225
40.0956
40.0606
37.131
37.0981
34.3407
34.3097
31.705
31.6757
29.2083
29.1805
26.8419
26.8156
24.6165
24.5921
22.586
22.5643
20.8341
20.8158
19.355
19.3393
18.0478
18.0335
16.8384
16.825
15.6964
15.6837
14.6107
14.5986
13.576
13.5645
12.589
12.5779
11.6461
11.6356
10.7451
10.735
9.88672
9.87719
9.08189
9.0731
8.35852
8.35085
7.73943
7.73292
7.20299
7.19719
6.71369
6.70828
6.25293
6.2478
5.81379
5.80889
5.39366
5.38896
4.99104
4.98653
4.60475
4.60042
4.23382
4.22966
3.87816
3.87419
3.54024
3.5365
3.22603
3.2226
2.62182
2.61485
2.12541
2.12076
1.77528
1.77183
1.50934
1.50664
1.29845
-2.69214
-2.87161
-2.8916
-3.10002
-3.12348
-3.36418
-3.39062
-3.65435
-3.68268
-3.96182
-3.99156
-4.28372
-4.3148
-4.62003
-4.6525
-4.97158
-5.00554
-5.33941
-5.37497
-5.7247
-5.76198
-6.1292
-6.16845
-6.55724
-6.59913
-7.0209
-7.06733
-7.54806
-7.6023
-8.16912
-8.23261
-8.87663
-8.94664
-9.64123
-9.71558
-10.4472
-10.5252
-11.2913
-11.3729
-12.1749
-12.2603
-13.1006
-13.1902
-14.0717
-14.1657
-15.0917
-15.1906
-16.168
-16.2729
-17.3192
-17.433
-18.5957
-18.7256
-20.0891
-20.2439
-21.8483
-22.026
-23.812
-24.0049
-25.9135
-26.1176
-28.1295
-28.3443
-30.4617
-30.6879
-32.9204
-33.1593
-35.5192
-35.772
-38.2745
-38.5431
-41.2096
-41.4969
-44.3688
-44.6811
-47.8558
-48.2089
-51.9039
-52.3266
-56.8129
-57.3246
-62.6258
-63.2142
-69.1803
-69.8336
-76.4324
-77.155
-84.4875
-85.2951
-93.5533
-94.4705
-103.936
-104.998
-116.075
-117.331
-130.621
-132.149
-148.617
-150.549
-171.943
-174.528
-204.371
-208.137
-252.852
-258.531
-323.585
-331.506
-418.182
-427.844
-510.07
-515.91
-529.783
-526.574
-449.292
-436.033
-261.703
-239.824
-18.9268
4.4419
225.377
247.11
421.259
434.529
511.953
515.133
501.679
496.026
415.229
405.667
321.704
314.108
252.251
246.878
204.405
200.788
171.662
169.101
147.718
145.774
129.131
127.584
114.105
112.83
101.585
100.507
90.8904
89.9579
81.564
80.7435
73.319
72.5917
66.0473
65.4141
59.8473
59.3225
54.7747
54.3459
50.5423
50.1729
46.8093
46.4755
43.3958
43.0872
40.2225
39.9341
37.2502
36.9793
34.4531
34.1976
31.8113
31.5697
29.3091
29.08
26.9373
26.7205
24.7054
24.5036
22.6651
22.4858
20.9007
20.7499
19.4121
19.2825
18.0997
17.9819
16.8871
16.7765
15.7425
15.6377
14.6546
14.5547
13.6179
13.5227
12.629
12.538
11.6843
11.5974
10.7816
10.6986
9.92135
9.84267
9.11387
9.0413
8.38648
8.32315
7.76314
7.70938
7.22408
7.17616
6.73332
6.68871
6.27156
6.22921
5.83159
5.79112
5.41071
5.37195
5.00738
4.97022
4.62044
4.58476
4.24888
4.21463
3.89257
3.85982
3.55382
3.52297
3.23849
3.2102
2.64749
2.58997
2.1424
2.10404
1.78792
1.75942
1.51919
1.4969
1.30636
-2.71219
-2.73869
-2.76562
-2.79307
-2.82096
-2.84932
-2.9145
-2.94504
-2.97615
-3.00799
-3.04057
-3.0739
-3.15033
-3.18591
-3.22219
-3.25909
-3.29663
-3.33466
-3.42069
-3.46027
-3.50034
-3.54064
-3.58139
-3.6225
-3.71487
-3.75692
-3.79935
-3.84207
-3.88507
-3.92844
-4.02525
-4.0694
-4.11384
-4.15863
-4.20359
-4.24874
-4.35
-4.39622
-4.44253
-4.48923
-4.53621
-4.58348
-4.68928
-4.73749
-4.786
-4.83481
-4.88403
-4.93346
-5.04401
-5.09445
-5.14531
-5.19638
-5.24768
-5.29941
-5.41536
-5.46806
-5.52121
-5.5747
-5.62856
-5.68287
-5.80421
-5.8596
-5.91538
-5.97166
-6.02822
-6.08509
-6.21294
-6.27148
-6.33027
-6.3897
-6.44969
-6.51025
-6.64675
-6.7095
-6.77302
-6.83739
-6.90283
-6.96922
-7.12035
-7.19067
-7.26249
-7.33583
-7.4109
-7.48772
-7.66452
-7.74748
-7.83235
-7.91915
-8.00784
-8.0983
-8.30511
-8.40095
-8.49826
-8.59693
-8.69691
-8.79806
-9.02614
-9.13067
-9.23612
-9.34246
-9.44964
-9.55763
-9.7998
-9.91028
-10.0215
-10.1335
-10.2461
-10.3595
-10.6135
-10.7292
-10.8457
-10.9629
-11.0808
-11.1995
-11.4653
-11.5864
-11.7083
-11.831
-11.9545
-12.079
-12.3571
-12.484
-12.6117
-12.7402
-12.8696
-12.9999
-13.2916
-13.4247
-13.5587
-13.6935
-13.8292
-13.9659
-14.2722
-14.4119
-14.5526
-14.6942
-14.8369
-14.9805
-15.3027
-15.4499
-15.5981
-15.7476
-15.8983
-16.0502
-16.392
-16.5485
-16.7066
-16.8664
-17.0281
-17.1921
-17.5627
-17.7341
-17.9084
-18.0858
-18.2665
-18.451
-18.8746
-19.073
-19.2763
-19.4845
-19.6979
-19.9169
-20.4213
-20.6573
-20.8982
-21.1441
-21.3952
-21.6495
-22.2285
-22.4957
-22.7662
-23.0397
-23.3161
-23.5954
-24.2238
-24.5112
-24.801
-25.0931
-25.3874
-25.6845
-26.3489
-26.6523
-26.9583
-27.2662
-27.5761
-27.8883
-28.588
-28.9073
-29.2289
-29.5528
-29.8791
-30.2077
-30.9446
-31.2811
-31.6201
-31.9616
-32.3056
-32.6524
-33.4303
-33.7857
-34.1439
-34.5049
-34.8687
-35.2355
-36.0591
-36.4355
-36.8151
-37.1979
-37.5839
-37.9732
-38.8482
-39.2486
-39.6527
-40.0605
-40.4721
-40.8876
-41.8236
-42.2529
-42.687
-43.1258
-43.5699
-44.0196
-45.0373
-45.5068
-45.9839
-46.4685
-46.9613
-47.4634
-48.6134
-49.1504
-49.7002
-50.264
-50.8421
-51.4363
-52.8128
-53.4618
-54.13
-54.8167
-55.5218
-56.2453
-57.9121
-58.6921
-59.4882
-60.3002
-61.1274
-61.9695
-63.886
-64.7724
-65.6723
-66.5852
-67.5113
-68.4502
-70.5784
-71.56
-72.555
-73.5642
-74.5874
-75.6251
-77.9792
-79.0667
-80.1706
-81.2916
-82.43
-83.5865
-86.2176
-87.4367
-88.677
-89.9389
-91.2234
-92.5321
-95.5196
-96.9098
-98.3275
-99.7739
-101.249
-102.756
-106.214
-107.83
-109.484
-111.175
-112.907
-114.682
-118.775
-120.698
-122.673
-124.703
-126.786
-128.932
-133.911
-136.271
-138.702
-141.213
-143.809
-146.493
-152.79
-155.804
-158.931
-162.184
-165.576
-169.117
-177.549
-181.647
-185.951
-190.488
-195.261
-200.305
-212.554
-218.615
-225.04
-231.861
-239.071
-246.693
-265.179
-274.205
-283.695
-293.643
-304.039
-314.929
-340.737
-353.166
-366.072
-379.472
-393.193
-407.221
-438.868
-452.979
-466.75
-479.692
-491.81
-502.692
-521.566
-527.387
-531.313
-533.426
-533.802
-532.29
-521.947
-514.237
-504.494
-492.789
-478.971
-463.02
-419.835
-396.832
-371.791
-344.84
-316.022
-285.767
-214.752
-181.425
-147.741
-113.763
-79.5666
-45.2777
30.8297
65.123
99.2893
133.233
166.92
200.234
271.122
301.479
330.24
357.179
382.207
405.115
448.273
464.221
478.019
489.716
499.439
507.268
517.581
519.176
518.978
516.85
512.833
507.129
488.71
477.92
466.124
453.272
439.806
425.911
395.007
381.332
367.953
355.012
342.505
330.562
305.785
295.382
285.485
276.034
267.069
258.528
241.05
233.851
227.039
220.569
214.454
208.646
196.871
191.98
187.327
182.908
178.686
174.649
166.298
162.775
159.392
156.135
152.996
149.972
143.632
140.925
138.304
135.765
133.306
130.916
125.871
123.697
121.583
119.527
117.523
115.571
111.417
109.616
107.858
106.14
104.462
102.822
99.3088
97.7779
96.2792
94.8097
93.3691
91.9569
88.9198
87.5901
86.2839
85.0012
83.7405
82.5014
79.8286
78.655
77.5005
76.365
75.2484
74.1501
71.781
70.7418
69.7208
68.7191
67.7365
66.7733
64.7112
63.8152
62.9409
62.0885
61.2588
60.4518
58.7426
58.0075
57.2931
56.599
55.9242
55.2673
53.8707
53.2645
52.6717
52.0918
51.5227
50.9647
49.7606
49.2318
48.7105
48.1969
47.6901
47.1895
46.1019
45.6205
45.1445
44.6736
44.2078
43.7467
42.7412
42.2947
41.8524
41.4143
40.9802
40.5501
39.6108
39.193
38.7789
38.3684
37.9614
37.5578
36.6754
36.2826
35.893
35.5066
35.1233
34.7431
33.911
33.5403
33.1724
32.8074
32.4451
32.0856
31.2984
30.9474
30.5991
30.2533
29.91
29.5692
28.8227
28.4899
28.1595
27.8317
27.5063
27.1835
26.4773
26.1631
25.8516
25.543
25.2371
24.9349
24.2782
23.9872
23.701
23.4192
23.1421
22.8702
22.2864
22.0321
21.7837
21.541
21.3045
21.0739
20.5822
20.3692
20.1602
19.9561
19.7562
19.56
19.1377
18.952
18.7688
18.5881
18.4098
18.2335
17.8496
17.6792
17.5103
17.3429
17.1769
17.0124
16.6526
16.4918
16.3324
16.1743
16.0173
15.8614
15.5197
15.3672
15.2158
15.0655
14.9161
14.7677
14.4424
14.2972
14.1529
14.0096
13.8672
13.7258
13.4156
13.2771
13.1395
13.0027
12.8669
12.7319
12.4358
12.3035
12.1721
12.0415
11.9117
11.7827
11.5
11.3733
11.2477
11.1228
10.9988
10.8756
10.6052
10.4846
10.3648
10.2458
10.1278
10.0106
9.75432
9.64034
9.52751
9.41588
9.30553
9.19651
8.96013
8.85612
8.75396
8.65366
8.55529
8.45898
8.25278
8.16321
8.07569
7.99012
7.9065
7.8247
7.64942
7.57277
7.49747
7.42335
7.35045
7.27857
7.12248
7.0534
6.98504
6.9174
6.85036
6.78392
6.63872
6.57398
6.50958
6.4458
6.38245
6.31954
6.18157
6.11996
6.05875
5.99792
5.93761
5.87742
5.74558
5.6868
5.62825
5.56994
5.51208
5.45458
5.32844
5.2719
5.2158
5.16003
5.10458
5.04957
4.92839
4.87427
4.82057
4.76706
4.71373
4.66082
4.5447
4.49274
4.44096
4.38956
4.33846
4.28765
4.17607
4.12619
4.07661
4.02733
3.97845
3.92968
3.82298
3.77547
3.72824
3.6813
3.63485
3.58882
3.48845
3.44379
3.39974
3.3562
3.31316
3.27078
3.17853
3.1379
3.0249
2.91388
2.81076
2.71599
2.5283
2.45189
2.38
2.31248
2.24829
2.18709
2.062
2.00941
1.95915
1.91123
1.86545
1.82097
1.7281
1.68879
1.65127
1.61473
1.5793
1.54489
1.47234
1.44123
1.41134
1.38253
1.3544
1.32701
