-2.05404
-2.34761
-2.67355
-3.06385
-3.55541
-4.12103
-4.74054
-5.41616
-6.15761
-6.99543
-8.03106
-9.33357
-10.8153
-12.44
-14.2197
-16.1874
-18.4556
-21.3413
-24.9371
-29.0076
-33.514
-38.5359
-44.2474
-51.1803
-60.5
-72.498
-87.1656
-105.666
-130.622
-167.917
-233.306
-351.17
-466.773
-360.699
-7.165
346.24
453.095
340.332
227.717
164.628
127.413
102.212
83.4859
68.8034
57.6029
49.446
42.8918
37.2134
32.1625
27.6228
23.606
20.3552
17.8185
15.6349
13.6639
11.8651
10.2223
8.76675
7.59485
6.64899
5.81207
5.04631
4.34022
3.69239
3.0401
2.02882
1.48426
1.13007
0.878954
0.69097
-2.05491
-2.34667
-2.34856
-2.67247
-2.67463
-3.06249
-3.06521
-3.55376
-3.55707
-4.11919
-4.12286
-4.73855
-4.74254
-5.41398
-5.41835
-6.15519
-6.16002
-6.99261
-6.99825
-8.02742
-8.0347
-9.32922
-9.33791
-10.8105
-10.8201
-12.4348
-12.4453
-14.2139
-14.2254
-16.181
-16.1938
-18.4478
-18.4634
-21.3312
-21.3515
-24.9252
-24.949
-28.9944
-29.0208
-33.4993
-33.5287
-38.5194
-38.5523
-44.2283
-44.2665
-51.1558
-51.2048
-60.4669
-60.5332
-72.457
-72.5389
-87.1153
-87.216
-105.601
-105.731
-130.53
-130.714
-167.771
-168.064
-233.031
-233.582
-350.726
-351.614
-466.663
-466.887
-361.483
-359.911
-8.39255
-5.938
345.445
347.032
453.196
452.992
340.76
339.904
227.978
227.456
164.773
164.484
127.506
127.321
102.278
102.146
83.5368
83.435
68.8435
68.7633
57.6322
57.5737
49.4681
49.4239
42.9105
42.873
37.2299
37.1969
32.1773
32.1477
27.6361
27.6095
23.6174
23.5946
20.364
20.3465
17.8256
17.8113
15.6412
15.6285
13.6697
13.6581
11.8704
11.8598
10.2271
10.2175
8.77086
8.76265
7.59804
7.59167
6.65172
6.64627
5.81454
5.8096
5.04858
5.04404
4.34232
4.33813
3.69428
3.69049
3.04469
3.03553
2.03099
2.02666
1.48559
1.48293
1.13096
1.12919
0.879591
0.878319
0.691493
-2.06296
-2.3379
-2.35736
-2.66251
-2.68466
-3.04995
-3.07786
-3.53849
-3.5724
-4.10226
-4.13984
-4.72009
-4.76105
-5.39382
-5.43857
-6.13291
-6.1824
-6.96663
-7.02441
-7.99392
-8.06852
-9.2891
-9.37817
-10.7662
-10.8646
-12.3863
-12.4939
-14.1606
-14.2789
-16.1215
-16.2536
-18.3764
-18.5355
-21.2377
-21.4457
-24.8151
-25.0596
-28.8722
-29.1434
-33.3639
-33.6646
-38.3676
-38.7049
-44.0523
-44.4436
-50.9303
-51.4328
-60.1613
-60.8414
-72.0797
-72.9188
-86.6513
-87.6835
-105
-106.338
-129.687
-131.568
-166.428
-169.427
-230.514
-236.156
-346.627
-355.71
-465.529
-467.84
-368.59
-352.449
-19.7596
5.43488
337.994
354.256
454.029
451.931
344.712
335.965
230.42
225.067
166.117
163.161
128.366
126.472
102.892
101.538
84.0096
82.9661
69.216
68.3939
57.904
57.305
49.6737
49.2198
43.084
42.7004
37.3829
37.0446
32.3143
32.0112
27.7592
27.4868
23.7231
23.4896
20.4451
20.266
17.8921
17.7452
15.7005
15.5695
13.7236
13.6044
11.9197
11.8107
10.2719
10.1729
8.80894
8.72487
7.62766
7.56229
6.67694
6.62115
5.8374
5.7868
5.06962
5.02306
4.36173
4.31877
3.71187
3.67299
3.08757
2.99365
2.05123
2.00683
1.498
1.47071
1.13938
1.12104
0.88549
0.872454
0.69635
-2.09125
-2.13338
-2.17603
-2.21927
-2.26305
-2.30743
-2.38835
-2.43458
-2.48157
-2.52947
-2.57823
-2.62805
-2.72016
-2.77369
-2.82892
-2.8861
-2.94535
-3.00683
-3.12281
-3.19105
-3.26156
-3.33434
-3.40903
-3.48557
-3.62647
-3.7073
-3.78946
-3.87296
-3.95757
-4.04336
-4.19959
-4.28854
-4.37862
-4.46995
-4.56233
-4.65589
-4.82616
-4.92309
-5.02126
-5.12083
-5.22161
-5.32371
-5.50972
-5.61574
-5.72325
-5.83245
-5.94314
-6.05553
-6.26121
-6.37913
-6.49933
-6.62223
-6.74788
-6.87688
-7.11723
-7.25806
-7.40411
-7.55612
-7.71419
-7.87861
-8.18863
-8.3705
-8.55799
-8.75084
-8.94824
-9.14994
-9.52013
-9.73206
-9.9473
-10.1659
-10.3875
-10.612
-11.0211
-11.2541
-11.4902
-11.7296
-11.972
-12.2176
-12.665
-12.9199
-13.1783
-13.4406
-13.7062
-13.9756
-14.4669
-14.7474
-15.0322
-15.3219
-15.616
-15.9152
-16.4644
-16.7806
-17.1041
-17.4365
-17.778
-18.1303
-18.7919
-19.1825
-19.5895
-20.0142
-20.4561
-20.916
-21.7799
-22.2847
-22.8035
-23.3356
-23.8789
-24.4331
-25.449
-26.0303
-26.6209
-27.221
-27.8298
-28.4478
-29.5749
-30.2188
-30.8723
-31.5359
-32.2096
-32.8937
-34.1432
-34.8583
-35.5851
-36.3242
-37.0759
-37.8408
-39.2427
-40.0479
-40.8693
-41.7084
-42.566
-43.4442
-45.0701
-46.0171
-46.995
-48.0087
-49.0606
-50.1582
-52.2459
-53.4944
-54.8039
-56.1763
-57.6125
-59.1106
-61.9359
-63.5968
-65.3121
-67.081
-68.9025
-70.7772
-74.263
-76.2933
-78.3837
-80.5384
-82.7593
-85.0523
-89.3425
-91.8619
-94.4726
-97.1847
-100.002
-102.938
-108.503
-111.816
-115.288
-118.932
-122.768
-126.812
-134.632
-139.382
-144.445
-149.855
-155.656
-161.912
-174.378
-182.225
-190.809
-200.24
-210.611
-222.078
-245.529
-260.389
-276.566
-294.006
-312.756
-332.635
-370.231
-391.692
-412.543
-431.679
-447.906
-460.205
-469.444
-466.614
-457.674
-442.308
-420.336
-391.749
-324.628
-278.792
-228.175
-173.949
-117.456
-59.4716
45.0958
103.084
159.611
213.757
264.267
310.084
377.375
406.019
427.91
443.281
452.308
455.235
446.495
434.414
418.534
399.942
379.595
358.755
322.437
303.326
285.454
268.805
253.372
239.322
217.052
206.109
196.117
187.021
178.648
170.987
158.687
152.489
146.71
141.296
136.222
131.446
123.575
119.496
115.623
111.941
108.432
105.08
99.4519
96.4786
93.6256
90.8804
88.2369
85.6881
81.3513
79.0384
76.8023
74.6416
72.5544
70.5405
67.1257
65.3198
63.5917
61.9414
60.3704
58.8756
56.3856
55.0846
53.8416
52.65
51.5054
50.4018
48.5156
47.5028
46.5166
45.5548
44.6152
43.6963
42.102
41.2344
40.3833
39.5477
38.7275
37.9217
36.5161
35.7477
34.992
34.2485
33.5167
32.7966
31.5371
30.8474
30.1682
29.4994
28.8409
28.1929
27.0612
26.4432
25.837
25.2431
24.6632
24.0978
23.1278
22.6104
22.1124
21.6333
21.1742
20.734
19.9894
19.5941
19.2116
18.8402
18.4791
18.1269
17.5159
17.1834
16.857
16.5357
16.2198
15.9089
15.3644
15.0661
14.7719
14.4814
14.1953
13.9131
13.4178
13.1458
12.8775
12.6124
12.351
12.093
11.64
11.3912
11.1458
10.9035
10.6648
10.4295
10.0182
9.7937
9.57368
9.35812
9.14813
8.94403
8.59472
8.40891
8.23001
8.05778
7.89236
7.73283
7.46083
7.31503
7.17311
7.03439
6.89878
6.76583
6.5339
6.40712
6.28223
6.15902
6.03762
5.91784
5.70751
5.59195
5.47783
5.36498
5.25361
5.14358
4.95007
4.84361
4.7384
4.63431
4.53154
4.42999
4.25143
4.15326
4.05639
3.96075
3.86659
3.77392
3.61221
3.52429
3.43836
3.35441
3.27277
3.19357
2.85523
2.67261
2.51219
2.36893
2.24038
2.1245
1.94015
1.84874
1.76366
1.68469
1.6115
1.54255
1.42929
1.37206
1.31747
1.26527
1.21599
1.16977
1.09264
1.05188
1.01294
0.975768
0.94049
0.907096
0.852167
0.822918
0.794424
0.766657
0.739695
0.713588
