-2.06969
-2.29013
-2.52261
-2.77477
-3.0898
-3.49013
-3.92834
-4.39104
-4.8803
-5.39919
-5.94889
-6.53168
-7.17772
-8.01626
-9.06402
-10.1996
-11.4006
-12.6743
-14.0285
-15.4665
-16.9989
-18.7424
-21.0766
-23.9267
-27.0022
-30.2762
-33.7818
-37.5536
-41.6234
-46.0782
-51.4393
-58.9086
-68.1
-78.5525
-90.6484
-105.163
-123.332
-147.376
-182.434
-244.395
-359.455
-530.859
-574.204
-384.75
-7.11323
370.027
558.695
514.881
346.613
239.318
180.479
145.041
120.422
101.844
87.0057
74.5955
64.0122
55.806
49.9231
44.9571
40.4458
36.2941
32.4543
28.879
25.5279
22.4613
20.036
18.1862
16.5245
14.9627
13.4923
12.1089
10.8034
9.56905
8.44588
7.56942
6.86949
6.22536
5.61514
5.03673
4.48808
3.96556
3.47244
2.94005
2.11931
1.65228
1.32901
1.08611
0.896966
0.747711
-2.07055
-2.28922
-2.29104
-2.52165
-2.52356
-2.77367
-2.77588
-3.08833
-3.09126
-3.48842
-3.49183
-3.92653
-3.93015
-4.38913
-4.39295
-4.87828
-4.88233
-5.39704
-5.40133
-5.94662
-5.95116
-6.52926
-6.53411
-7.17486
-7.18057
-8.01237
-8.02015
-9.0596
-9.06845
-10.195
-10.2043
-11.3956
-11.4055
-12.669
-12.6796
-14.0229
-14.0341
-15.4606
-15.4725
-16.9925
-17.0053
-18.7345
-18.7503
-21.0659
-21.0873
-23.9147
-23.9387
-26.9895
-27.015
-30.2626
-30.2898
-33.7672
-33.7964
-37.5379
-37.5694
-41.6064
-41.6404
-46.0592
-46.0971
-51.4142
-51.4645
-58.8744
-58.9428
-68.0607
-68.1394
-78.5077
-78.5974
-90.5956
-90.7012
-105.098
-105.227
-123.25
-123.415
-147.262
-147.489
-182.258
-182.612
-244.051
-244.74
-358.862
-360.048
-530.308
-531.441
-574.464
-573.942
-386.076
-383.421
-8.66297
-5.56353
368.761
371.29
558.434
558.953
515.471
514.29
347.179
346.048
239.635
239.001
180.654
180.304
145.159
144.924
120.506
120.337
101.91
101.778
87.0598
86.9516
74.6417
74.5494
64.0507
63.9737
55.8334
55.7788
49.9443
49.9019
44.9761
44.9382
40.4632
40.4285
36.3102
36.2781
32.4692
32.4395
28.8928
28.8651
25.5409
25.5149
22.4726
22.45
20.0442
20.0277
18.1931
18.1793
16.5309
16.518
14.9688
14.9566
13.498
13.4865
12.1143
12.1035
10.8085
10.7983
9.57385
9.56426
8.44997
8.44179
7.57245
7.5664
6.87216
6.86683
6.22787
6.22284
5.61753
5.61276
5.03899
5.03447
4.49023
4.48593
3.96761
3.96351
3.47432
3.47056
2.9451
2.93503
2.12165
2.11698
1.65382
1.65075
1.33011
1.32791
1.08698
1.08523
0.897624
0.896308
0.748268
-2.07767
-2.28174
-2.29854
-2.51373
-2.53148
-2.76468
-2.78498
-3.07631
-3.10341
-3.47438
-3.50594
-3.91164
-3.94509
-4.3734
-4.40872
-4.86161
-4.89904
-5.37937
-5.41905
-5.92792
-5.96991
-6.50931
-6.55412
-7.15141
-7.20427
-7.98043
-8.05239
-9.02315
-9.10502
-10.1563
-10.2431
-11.3547
-11.4465
-12.6256
-12.7231
-13.9767
-14.0804
-15.4116
-15.5215
-16.9397
-17.0584
-18.6697
-18.8159
-20.9779
-21.1762
-23.8161
-24.0377
-26.8846
-27.1202
-30.1506
-30.4022
-33.647
-33.917
-37.4083
-37.6994
-41.4662
-41.781
-45.903
-46.2554
-51.2083
-51.6735
-58.5933
-59.2261
-67.7368
-68.4649
-78.1374
-78.9682
-90.1617
-91.1383
-104.569
-105.761
-122.572
-124.101
-146.333
-148.445
-180.812
-184.089
-241.253
-247.62
-354.02
-364.993
-525.423
-536.582
-576.468
-571.637
-396.547
-372.221
-21.4498
7.22003
357.76
381.704
556.141
560.944
520.24
509.121
351.899
341.43
242.314
236.417
182.116
178.873
146.131
143.974
121.209
119.642
102.457
101.235
87.5074
86.5072
75.0233
74.1706
64.3704
63.6576
56.0595
55.5555
50.1196
49.7277
45.1325
44.7824
40.6067
40.2855
36.4425
36.1462
32.592
32.3171
29.0078
28.7506
25.6484
25.4077
22.5666
22.3568
20.1124
19.9601
18.2505
18.1223
16.5843
16.4648
15.019
14.9064
13.5453
13.4394
12.1588
12.059
10.8507
10.7563
9.61349
9.52476
8.48397
8.4082
7.59756
7.54149
6.89421
6.84484
6.24865
6.20211
5.63723
5.59311
5.05766
5.01584
4.50798
4.46822
3.98452
3.94663
3.48991
3.45507
2.98745
2.8945
2.14115
2.09791
1.66657
1.63832
1.33921
1.31889
1.09422
1.07813
0.90309
0.89091
0.752876
-2.09973
-2.13104
-2.16261
-2.19439
-2.22641
-2.25872
-2.32177
-2.35475
-2.38803
-2.42153
-2.45527
-2.48935
-2.55612
-2.59119
-2.62678
-2.66296
-2.6998
-2.73742
-2.81338
-2.85466
-2.89791
-2.94301
-2.99031
-3.03988
-3.14155
-3.19693
-3.25377
-3.31187
-3.37107
-3.43127
-3.54957
-3.61172
-3.67454
-3.73777
-3.80161
-3.86583
-3.99134
-4.05702
-4.12329
-4.19
-4.25721
-4.32505
-4.45755
-4.527
-4.59696
-4.66747
-4.73859
-4.81041
-4.9508
-5.02434
-5.09862
-5.17343
-5.24897
-5.32505
-5.47392
-5.55187
-5.63062
-5.70988
-5.78977
-5.87041
-6.02796
-6.11053
-6.19372
-6.27772
-6.36242
-6.4481
-6.61642
-6.7052
-6.79593
-6.88807
-6.98281
-7.08013
-7.27895
-7.38858
-7.5037
-7.62443
-7.75091
-7.88344
-8.15341
-8.29923
-8.44859
-8.60044
-8.75476
-8.91138
-9.21828
-9.37942
-9.5421
-9.70595
-9.87103
-10.0376
-10.363
-10.5333
-10.7053
-10.8783
-11.0529
-11.2291
-11.5735
-11.7539
-11.9361
-12.1198
-12.305
-12.4921
-12.8581
-13.0499
-13.2437
-13.439
-13.6359
-13.8348
-14.2238
-14.4277
-14.6336
-14.8408
-15.0499
-15.261
-15.6737
-15.8899
-16.1087
-16.3292
-16.5523
-16.778
-17.2234
-17.46
-17.7022
-17.9511
-18.2075
-18.4741
-19.0237
-19.3298
-19.6514
-19.9888
-20.3421
-20.7097
-21.4536
-21.852
-22.2587
-22.6715
-23.09
-23.5133
-24.3442
-24.7798
-25.2201
-25.6634
-26.1105
-26.5623
-27.4462
-27.9096
-28.3772
-28.8493
-29.3258
-29.8067
-30.7501
-31.2453
-31.7456
-32.251
-32.7617
-33.2778
-34.291
-34.8234
-35.3615
-35.9053
-36.455
-37.0107
-38.1026
-38.6763
-39.2564
-39.8434
-40.4366
-41.0366
-42.2174
-42.8404
-43.4711
-44.1116
-44.7618
-45.4254
-46.7491
-47.4589
-48.1938
-48.9562
-49.7526
-50.588
-52.3361
-53.316
-54.3479
-55.4321
-56.563
-57.7376
-60.1108
-61.3841
-62.686
-64.0155
-65.3671
-66.7451
-69.4788
-70.9293
-72.4072
-73.9106
-75.4451
-77.0092
-80.1253
-81.7897
-83.4895
-85.2308
-87.0116
-88.8398
-92.5063
-94.4774
-96.5053
-98.5932
-100.741
-102.959
-107.436
-109.87
-112.388
-114.996
-117.7
-120.512
-126.256
-129.405
-132.705
-136.152
-139.753
-143.537
-151.431
-155.837
-160.525
-165.498
-170.806
-176.514
-188.827
-196.053
-203.962
-212.651
-222.296
-232.985
-256.893
-270.95
-286.212
-302.672
-320.4
-339.54
-380.812
-404.297
-428.979
-455.251
-481.828
-508.183
-550.648
-566.099
-576.701
-582.652
-584.201
-581.274
-563.004
-546.836
-525.705
-498.834
-466.497
-427.715
-336.205
-283.239
-227.891
-172.352
-116.455
-60.8314
46.5523
102.207
158.067
213.7
268.283
321.852
413.028
451.668
483.96
510.266
531.406
547.498
565.703
568.442
566.831
560.708
549.826
534.258
491.889
466.283
439.899
414.149
389.811
366.998
327.704
309.655
293.079
277.788
263.788
250.843
228.791
218.858
209.781
201.43
193.832
186.78
174.551
168.85
163.474
158.442
153.671
149.171
141.116
137.245
133.555
130.027
126.652
123.421
117.536
114.668
111.899
109.236
106.66
104.169
99.5879
97.3259
95.131
92.9979
90.9233
88.9063
85.1519
83.2793
81.4519
79.6648
77.9186
76.2115
73.0138
71.4105
69.8433
68.3136
66.822
65.3725
62.6982
61.3912
60.1432
58.9575
57.8355
56.7759
54.8847
53.9753
53.1047
52.2661
51.455
50.666
49.1942
48.4554
47.7294
47.0153
46.3118
45.6186
44.3044
43.6375
42.9793
42.3287
41.6864
41.0519
39.8466
39.2339
38.6283
38.0297
37.4379
36.853
35.7413
35.1755
34.6159
34.0622
33.5146
32.9727
31.9412
31.4156
30.8951
30.3795
29.8689
29.3633
28.3988
27.9064
27.4185
26.9349
26.4559
25.9817
25.0793
24.6197
24.1672
23.7226
23.2865
22.861
22.0746
21.6905
21.3238
20.9748
20.6425
20.3272
19.7562
19.4766
19.2054
18.9412
18.6826
18.4283
17.9474
17.703
17.4614
17.2222
16.9848
16.7496
16.3012
16.0723
15.8448
15.6197
15.3962
15.1748
14.7523
14.5362
14.3224
14.1104
13.9
13.6918
13.2945
13.0912
12.89
12.6906
12.4927
12.2967
11.9225
11.731
11.5413
11.3532
11.1662
10.9811
10.6271
10.4458
10.2662
10.0881
9.9114
9.73649
9.40358
9.23441
9.06816
8.90523
8.74568
8.5908
8.30657
8.1684
8.03674
7.91105
7.7912
7.67624
7.4658
7.36113
7.25893
7.15867
7.05989
6.96252
6.77739
6.68299
6.5893
6.4965
6.40432
6.31296
6.13837
6.04894
5.96029
5.87231
5.78504
5.69826
5.53262
5.44782
5.3638
5.28041
5.19758
5.11548
4.95857
4.87828
4.79851
4.71945
4.64084
4.5629
4.41376
4.33728
4.26144
4.1861
4.11129
4.03686
3.89473
3.82197
3.7499
3.67859
3.60799
3.53845
3.40795
3.34307
3.28065
3.22142
3.16569
3.11645
2.77915
2.63637
2.51126
2.39876
2.29708
2.20342
2.04123
1.9665
1.89617
1.82932
1.7659
1.70656
1.60087
1.54988
1.50099
1.45418
1.40956
1.36767
1.2915
1.25391
1.21766
1.1827
1.14898
1.11656
1.05669
1.02729
0.998986
0.971724
0.945471
0.920301
0.874672
0.852308
0.830403
0.808927
0.787851
0.767233
