-1.72197
-2.01326
-2.32674
-2.6655
-3.09315
-3.68188
-4.33132
-5.03355
-5.79601
-6.62261
-7.62497
-9.07485
-10.7197
-12.5012
-14.4421
-16.5525
-19.0181
-22.677
-27.0171
-31.759
-36.9972
-42.8197
-49.6383
-60.0338
-73.7609
-90.375
-111.861
-142.35
-193.785
-314.039
-532.306
-479.053
-7.10037
464.228
515.641
302.647
191.691
139.948
108.706
86.7266
69.6637
56.6441
48.384
41.6809
35.7309
30.3927
25.5352
21.3066
18.4335
16.0793
13.9167
11.9319
10.1012
8.44858
7.26165
6.32282
5.45533
4.65067
3.90063
3.22658
2.1323
1.50725
1.12217
0.855204
0.656196
-1.72276
-2.01241
-2.01411
-2.32582
-2.32765
-2.66449
-2.66651
-3.09167
-3.09463
-3.68012
-3.68364
-4.32943
-4.33322
-5.03149
-5.03561
-5.79378
-5.79825
-6.62017
-6.62505
-7.6215
-7.62844
-9.07041
-9.07929
-10.7149
-10.7245
-12.4959
-12.5064
-14.4364
-14.4478
-16.5463
-16.5587
-19.0098
-19.0264
-22.6654
-22.6886
-27.0043
-27.0298
-31.745
-31.7731
-36.9817
-37.0127
-42.8024
-42.837
-49.6159
-49.6608
-59.9987
-60.0691
-73.7188
-73.803
-90.3226
-90.4274
-111.791
-111.932
-142.244
-142.456
-193.581
-193.99
-313.542
-314.537
-531.822
-532.786
-479.831
-478.25
-8.59866
-5.60221
463.424
465.014
516.097
515.188
303.108
302.187
191.889
191.492
140.056
139.84
108.778
108.634
86.7802
86.6731
69.7067
69.6208
56.6726
56.6156
48.4041
48.3638
41.6986
41.6632
35.7467
35.7151
30.4069
30.3784
25.5482
25.5221
21.3167
21.2966
18.4405
18.4265
16.0856
16.0729
13.9225
13.9109
11.9372
11.9265
10.1062
10.0963
8.45271
8.44445
7.26445
7.25885
6.32536
6.32029
5.45768
5.45298
4.65285
4.64849
3.90267
3.89859
3.22814
3.22502
2.13466
2.12994
1.50859
1.50591
1.12306
1.12128
0.855823
0.854585
0.656692
-1.73047
-2.00413
-2.02242
-2.31692
-2.33657
-2.65468
-2.67637
-3.0773
-3.10918
-3.66298
-3.70081
-4.31098
-4.35173
-5.01146
-5.0557
-5.77206
-5.82001
-6.59643
-6.64888
-7.58797
-7.66253
-9.02717
-9.12269
-10.6681
-10.7715
-12.445
-12.5574
-14.381
-14.5037
-16.4859
-16.6194
-18.9295
-19.1081
-22.5524
-22.8024
-26.8803
-27.1542
-31.6088
-31.9097
-36.8306
-37.1641
-42.6336
-43.0064
-49.3987
-49.8818
-59.658
-60.4133
-73.3099
-74.2146
-89.8147
-90.9397
-111.109
-112.621
-141.224
-143.496
-191.62
-196.016
-308.748
-319.45
-527.068
-537.09
-487.456
-470.194
-23.2006
9.00009
455.396
472.476
520.522
510.369
307.664
297.76
193.857
189.577
141.121
138.793
109.483
107.936
87.3042
86.1526
70.1278
69.2027
56.9536
56.3399
48.6013
48.1676
41.8714
41.491
35.9011
35.5612
30.5463
30.2394
25.6756
25.3951
21.4151
21.1999
18.5086
18.3587
16.1475
16.0112
13.9794
13.8542
11.9896
11.8744
10.1546
10.048
8.49323
8.40447
7.2918
7.23165
6.35007
6.29565
5.48062
5.4301
4.67415
4.62724
3.92257
3.87874
3.2436
3.21007
2.15794
2.10721
1.52171
1.49297
1.13178
1.11265
0.861877
0.848569
0.661572
-1.75856
-1.80075
-1.84342
-1.88657
-1.93015
-1.97425
-2.05263
-2.09805
-2.14398
-2.19046
-2.23737
-2.28479
-2.36906
-2.41786
-2.46724
-2.51728
-2.56794
-2.61947
-2.71265
-2.76834
-2.82683
-2.88883
-2.95526
-3.02664
-3.16302
-3.24619
-3.33211
-3.4203
-3.51004
-3.60113
-3.76344
-3.85751
-3.95265
-4.04887
-4.14609
-4.24438
-4.41921
-4.52071
-4.62337
-4.72743
-4.83267
-4.93918
-5.12893
-5.23917
-5.35084
-5.46381
-5.57804
-5.69363
-5.89942
-6.01874
-6.13939
-6.26176
-6.38546
-6.51099
-6.73633
-6.86952
-7.00745
-7.15212
-7.3056
-7.47025
-7.78993
-7.98979
-8.19986
-8.41821
-8.64247
-8.87136
-9.28101
-9.51912
-9.7599
-10.0038
-10.2501
-10.4992
-10.9424
-11.1996
-11.4603
-11.724
-11.9911
-12.2615
-12.7435
-13.0237
-13.3075
-13.5955
-13.8865
-14.1812
-14.7061
-15.011
-15.3194
-15.6318
-15.948
-16.2684
-16.8411
-17.1769
-17.5214
-17.8787
-18.2517
-18.6477
-19.4145
-19.9018
-20.4239
-20.976
-21.552
-22.1456
-23.2175
-23.8439
-24.4787
-25.1225
-25.7737
-26.433
-27.6076
-28.2905
-28.9822
-29.6847
-30.3962
-31.1184
-32.408
-33.1601
-33.9237
-34.6988
-35.4874
-36.287
-37.7164
-38.5514
-39.3995
-40.2613
-41.1366
-42.0269
-43.6246
-44.5639
-45.526
-46.5192
-47.5511
-48.6341
-50.7099
-52.0317
-53.4706
-55.0273
-56.689
-58.4413
-61.6769
-63.6064
-65.5883
-67.622
-69.7061
-71.8437
-75.724
-78.0286
-80.4023
-82.8513
-85.383
-88.0033
-92.8273
-95.7332
-98.7603
-101.921
-105.225
-108.689
-115.174
-119.156
-123.367
-127.829
-132.571
-137.629
-147.383
-153.566
-160.289
-167.655
-175.79
-184.872
-203.805
-216.89
-232.081
-249.616
-269.601
-292.148
-338.118
-368.411
-401.573
-437.209
-473.567
-507.553
-550.035
-561.331
-563.121
-555.592
-538.623
-511.68
-437.535
-378.514
-309.036
-233.323
-155.044
-76.1274
61.8951
140.763
219.062
294.737
363.903
422.762
496.497
523.216
539.922
547.306
545.167
533.622
490.838
456.792
420.669
385.837
353.791
325.046
282.525
261.999
243.849
227.799
213.725
201.348
182.949
173.92
165.741
158.276
151.425
145.101
135.106
129.919
125.057
120.486
116.174
112.098
105.461
101.921
98.5425
95.3095
92.2127
89.2376
84.2943
81.605
79.0041
76.4854
74.0431
71.6754
67.71
65.554
63.4894
61.5331
59.7034
58.0108
55.3765
54.0292
52.7697
51.5748
50.4309
49.3251
47.4633
46.4322
45.422
44.4313
43.458
42.5026
40.8703
39.9595
39.0644
38.182
37.3166
36.4649
35.0071
34.1923
33.3903
32.6009
31.8222
31.0552
29.7383
29.0001
28.2713
27.5516
26.8419
26.1407
24.9377
24.267
23.6112
22.9741
22.3625
21.7832
20.8607
20.3879
19.9479
19.5335
19.139
18.7583
18.1146
17.7569
17.4043
17.0559
16.7126
16.3731
15.7885
15.4602
15.1358
14.8154
14.499
14.1868
13.6496
13.3482
13.0506
12.7565
12.4666
12.1799
11.6863
11.4092
11.1351
10.8638
10.5958
10.3308
9.87393
9.61767
9.36534
9.11766
8.87663
8.64371
8.26327
8.06479
7.88042
7.70852
7.54667
7.39232
7.13398
6.99115
6.85078
6.71227
6.57519
6.44003
6.20671
6.0754
5.9456
5.81699
5.68989
5.56423
5.34751
5.22569
5.10524
4.98603
4.86822
4.75169
4.55059
4.43731
4.32519
4.21401
4.10401
3.99511
3.80713
3.7015
3.59753
3.49561
3.39691
3.30287
3.16015
3.01597
2.76221
2.56085
2.39236
2.24624
2.02859
1.92113
1.82225
1.73127
1.64841
1.57085
1.44728
1.38323
1.32433
1.268
1.2145
1.16405
1.08201
1.03804
0.996138
0.956528
0.919206
0.884132
0.827023
0.795702
0.765302
0.735797
0.707242
0.679608
