-2.4237
-2.65493
-2.92029
-3.27084
-3.67924
-4.11227
-4.56783
-5.049
-5.55788
-6.09479
-6.66301
-7.30485
-8.15764
-9.1886
-10.2913
-11.4533
-12.6823
-13.9855
-15.3642
-16.8247
-18.4495
-20.595
-23.2931
-26.2206
-29.3222
-32.6269
-36.1661
-39.9639
-44.0573
-48.6571
-54.7509
-62.8948
-72.2595
-82.8473
-95.1585
-109.986
-128.609
-153.414
-190.19
-256.134
-373.109
-527.959
-548.105
-357.452
-7.10037
342.849
532.548
511.257
358.296
249.768
188.177
151.269
125.859
106.787
91.6245
79
68.1324
59.0685
52.5596
47.4848
42.9434
38.76
34.8838
31.2786
27.9002
24.7209
21.8518
19.6614
17.938
16.3564
14.8614
13.4494
12.1173
10.8567
9.66001
8.55535
7.67586
6.99048
6.36466
5.77003
5.20443
4.66704
4.15454
3.66525
3.22424
2.4386
1.869
1.4933
1.22071
1.00892
-2.42463
-2.65393
-2.65593
-2.91903
-2.92155
-3.26922
-3.27246
-3.67748
-3.681
-4.11043
-4.11413
-4.56588
-4.56978
-5.04693
-5.05106
-5.5557
-5.56006
-6.09249
-6.09708
-6.66055
-6.66547
-7.30184
-7.30786
-8.1536
-8.16169
-9.18413
-9.19308
-10.2866
-10.296
-11.4483
-11.4583
-12.677
-12.6876
-13.9799
-13.991
-15.3583
-15.3701
-16.8183
-16.831
-18.442
-18.457
-20.5846
-20.6054
-23.2813
-23.3049
-26.208
-26.2331
-29.3089
-29.3356
-32.6126
-32.6411
-36.1509
-36.1814
-39.9475
-39.9803
-44.0395
-44.0751
-48.6359
-48.6783
-54.7207
-54.7812
-62.858
-62.9316
-72.2182
-72.3009
-82.8001
-82.8945
-95.1026
-95.2143
-109.918
-110.055
-128.521
-128.698
-153.292
-153.536
-189.994
-190.386
-255.763
-256.506
-372.499
-373.719
-527.451
-528.453
-548.428
-547.778
-358.738
-356.162
-8.59866
-5.60221
341.566
344.131
532.229
532.864
511.761
510.751
358.882
357.712
250.105
249.431
188.369
187.986
151.394
151.145
125.95
125.769
106.858
106.717
91.6816
91.5673
79.0486
78.9514
68.1745
68.0904
59.101
59.036
52.5826
52.5365
47.5046
47.465
42.9615
42.9252
38.7768
38.7432
34.8994
34.8682
31.2931
31.2641
27.9138
27.8865
24.7337
24.7081
21.8626
21.841
19.6692
19.6536
17.9448
17.9312
16.3628
16.35
14.8675
14.8554
13.4551
13.4436
12.1227
12.1119
10.8618
10.8516
9.66485
9.65516
8.55959
8.5511
7.67898
7.67273
6.99317
6.98779
6.3672
6.36212
5.77245
5.76762
5.20673
5.20213
4.66923
4.66486
4.15663
4.15245
3.66723
3.66327
3.2258
3.22269
2.4417
2.43551
1.87088
1.86713
1.49462
1.49198
1.2217
1.21971
1.00971
-2.43211
-2.64591
-2.66398
-2.90902
-2.93169
-3.25627
-3.28548
-3.66342
-3.69508
-4.09564
-4.12894
-4.55031
-4.58539
-5.03046
-5.06757
-5.53831
-5.57749
-6.07415
-6.11547
-6.64093
-6.6852
-7.27787
-7.33211
-8.12137
-8.19416
-9.14836
-9.22892
-10.2489
-10.3337
-11.4085
-11.4981
-12.6349
-12.7298
-13.9352
-14.0358
-15.3111
-15.4174
-16.768
-16.8815
-18.3822
-18.5176
-20.5019
-20.6888
-23.1868
-23.3997
-26.1078
-26.3336
-29.2024
-29.4424
-32.499
-32.7551
-36.0291
-36.3036
-39.8165
-40.1117
-43.8973
-44.218
-48.4674
-48.849
-54.4803
-55.0247
-62.5643
-63.2267
-71.8883
-72.6324
-82.4234
-83.274
-94.6576
-95.6629
-109.372
-110.606
-127.821
-129.409
-152.323
-154.52
-188.447
-191.969
-252.824
-259.516
-367.659
-378.637
-523.301
-532.306
-550.894
-545.044
-368.897
-345.71
-20.5751
6.3794
331.188
354.275
529.549
535.265
515.641
506.611
363.617
353.07
252.848
246.765
189.918
186.468
152.397
150.158
126.678
125.05
107.422
106.159
92.1407
91.1111
79.4384
78.564
68.5118
67.7553
59.363
58.7781
52.7678
52.3531
47.6632
47.3067
43.1068
42.7805
38.9113
38.609
35.0241
34.744
31.4095
31.148
28.0232
27.7773
24.8361
24.606
21.949
21.7556
19.7318
19.5917
17.9992
17.8769
16.4141
16.2988
14.9159
14.8069
13.5008
13.398
12.1659
12.0688
10.9027
10.8107
9.70366
9.61647
8.59372
8.51732
7.7041
7.64787
7.01472
6.96632
6.38753
6.34183
5.7918
5.7483
5.22512
5.18379
4.68673
4.6474
4.17335
4.13576
3.6831
3.64746
3.23839
3.21045
2.46679
2.41109
1.886
1.85223
1.50525
1.48148
1.22971
1.21178
1.01603
-2.45514
-2.48776
-2.52072
-2.55396
-2.5875
-2.6215
-2.6889
-2.72462
-2.76128
-2.79915
-2.83817
-2.87895
-2.96354
-3.01023
-3.05904
-3.11
-3.16263
-3.21687
-3.32576
-3.38335
-3.44164
-3.50068
-3.56022
-3.62041
-3.73849
-3.80003
-3.86192
-3.92436
-3.98722
-4.05043
-4.17454
-4.23912
-4.30427
-4.36988
-4.4361
-4.50272
-4.6335
-4.70165
-4.77045
-4.83981
-4.90961
-4.9801
-5.11843
-5.19044
-5.26335
-5.33678
-5.41056
-5.4851
-5.6312
-5.70735
-5.7842
-5.86162
-5.9395
-6.01805
-6.1721
-6.25242
-6.33351
-6.41519
-6.49766
-6.58113
-6.7462
-6.83329
-6.9225
-7.01388
-7.10808
-7.20588
-7.40831
-7.52012
-7.63783
-7.76131
-7.89005
-8.02385
-8.29501
-8.43925
-8.5864
-8.73566
-8.88672
-9.03913
-9.33932
-9.4957
-9.65351
-9.81245
-9.97241
-10.1337
-10.45
-10.6147
-10.7809
-10.9483
-11.1167
-11.2869
-11.6208
-11.7947
-11.9704
-12.1476
-12.326
-12.5061
-12.8599
-13.0443
-13.2304
-13.4185
-13.6079
-13.7988
-14.1736
-14.3688
-14.566
-14.7649
-14.965
-15.167
-15.563
-15.7694
-15.978
-16.1884
-16.4001
-16.6144
-17.0376
-17.2601
-17.487
-17.719
-17.9567
-18.2024
-18.7075
-18.9858
-19.279
-19.588
-19.9123
-20.2523
-20.9487
-21.3238
-21.7077
-22.0988
-22.4956
-22.8983
-23.6919
-24.1064
-24.5249
-24.9472
-25.3719
-25.8011
-26.6432
-27.0823
-27.5255
-27.9721
-28.4229
-28.8773
-29.7715
-30.2383
-30.7097
-31.1858
-31.6664
-32.1518
-33.1067
-33.6064
-34.111
-34.6204
-35.1359
-35.6568
-36.6805
-37.2166
-37.7577
-38.3047
-38.8579
-39.4165
-40.5166
-41.0926
-41.6746
-42.2642
-42.8608
-43.4641
-44.6594
-45.2899
-45.933
-46.5903
-47.2647
-47.9598
-49.383
-50.1669
-50.9922
-51.8635
-52.7852
-53.7586
-55.7871
-56.8965
-58.0451
-59.2254
-60.4354
-61.6724
-64.139
-65.4439
-66.7714
-68.1197
-69.491
-70.8844
-73.6575
-75.1242
-76.6184
-78.1415
-79.694
-81.279
-84.4493
-86.1388
-87.8665
-89.6354
-91.449
-93.309
-97.0561
-99.0669
-101.136
-103.265
-105.458
-107.721
-112.323
-114.81
-117.386
-120.059
-122.832
-125.709
-131.628
-134.869
-138.257
-141.802
-145.52
-149.425
-157.621
-162.208
-167.089
-172.292
-177.874
-183.879
-197.025
-204.744
-213.209
-222.551
-232.849
-244.169
-269.113
-283.583
-299.189
-315.932
-333.929
-353.2
-394.146
-417.032
-440.764
-464.705
-488.084
-509.642
-542.634
-553.767
-560.666
-563.539
-562.25
-557.034
-535.319
-517.834
-495.54
-468.455
-436.238
-398.594
-312.346
-263.262
-212.434
-160.963
-109.14
-57.3419
43.1238
94.9036
146.674
198.145
248.92
298.024
384.077
421.468
453.666
480.492
502.603
519.936
541.36
546.487
547.491
544.489
537.424
526.12
492.935
471.267
447.969
424.166
400.883
378.63
339.28
321.127
304.401
288.973
274.707
261.557
238.877
228.503
219.007
210.263
202.244
194.84
181.969
176.004
170.415
165.169
160.226
155.56
147.194
143.192
139.386
135.75
132.276
128.952
122.885
119.937
117.098
114.363
111.726
109.177
104.471
102.159
99.9161
97.7391
95.6237
93.567
89.7309
87.8264
85.9687
84.1538
82.3807
80.6462
77.3871
75.7574
74.1592
72.594
71.0601
69.5581
66.7388
65.339
63.9782
62.6629
61.397
60.1867
58.007
56.9718
55.9941
55.0686
54.1874
53.3442
51.7984
51.0364
50.2934
49.5664
48.8533
48.1533
46.8253
46.1543
45.4924
44.8391
44.1932
43.555
42.3386
41.723
41.1134
40.5098
39.9145
39.3257
38.2
37.6293
37.0651
36.507
35.9547
35.4083
34.3647
33.8347
33.3105
32.7917
32.2772
31.7679
30.7936
30.2981
29.8072
29.3207
28.8384
28.3601
27.4438
26.9776
26.5153
26.0564
25.6021
25.1526
24.2947
23.8613
23.4364
23.0192
22.6129
22.2195
21.4989
21.1518
20.8226
20.5096
20.2118
19.9273
19.4049
19.1471
18.8958
18.6491
18.4063
18.1672
17.7111
17.4792
17.2498
17.0218
16.796
16.5722
16.1424
15.9234
15.7065
15.4909
15.2769
15.0652
14.6589
14.4519
14.247
14.0434
13.8417
13.6418
13.2584
13.0632
12.8697
12.678
12.4877
12.299
11.937
11.7523
11.5695
11.388
11.2077
11.029
10.6856
10.5104
10.3368
10.1643
9.99291
9.82325
9.49828
9.33332
9.17077
9.0106
8.85342
8.70009
8.4155
8.27697
8.14429
8.01782
7.89736
7.78264
7.57282
7.46998
7.36993
7.27201
7.17582
7.0812
6.90076
6.80922
6.71856
6.62824
6.53872
6.45012
6.27975
6.19279
6.10657
6.02089
5.93579
5.85134
5.68917
5.60646
5.5244
5.44288
5.36196
5.28175
5.12767
5.04908
4.9712
4.89374
4.81681
4.74059
4.59399
4.51917
4.44491
4.37105
4.29767
4.22483
4.0847
4.01325
3.94212
3.87152
3.8015
3.73204
3.59919
3.53206
3.466
3.40142
3.33886
3.27883
3.17479
3.13401
2.98665
2.81758
2.6733
2.54757
2.33932
2.24559
2.15927
2.07861
2.00361
1.93344
1.80761
1.74777
1.69179
1.63847
1.58729
1.53856
1.44988
1.40694
1.3667
1.32828
1.29086
1.25469
1.18784
1.15551
1.12421
1.09385
1.06446
1.03582
