-2.072
-2.29326
-2.52755
-2.78341
-3.09998
-3.49696
-3.93322
-4.39531
-4.88495
-5.40504
-5.95744
-6.54605
-7.20212
-8.04214
-9.08105
-10.2123
-11.4123
-12.6875
-14.0459
-15.4925
-17.0434
-18.8159
-21.1467
-23.9762
-27.045
-30.322
-33.8395
-37.6341
-41.7462
-46.28
-51.7512
-59.2342
-68.4395
-78.9771
-91.2339
-106.001
-124.565
-149.221
-185.197
-249.29
-369.098
-554.631
-605.175
-406.075
-7.24227
391.274
589.908
539.915
357.767
244.302
183.038
146.796
121.623
102.676
87.6025
75.0626
64.4432
56.178
50.1559
45.1023
40.5429
36.3647
32.5107
28.9309
25.5882
22.5445
20.1127
18.2311
16.5514
14.9808
13.5064
12.1218
10.8178
9.58911
8.47535
7.59374
6.88364
6.23424
5.62168
5.04261
4.49446
3.97382
3.48221
2.9274
2.12516
1.65684
1.33231
1.08914
0.898849
0.74922
-2.07286
-2.29235
-2.29418
-2.52658
-2.52852
-2.78231
-2.78452
-3.09853
-3.10144
-3.49526
-3.49865
-3.93141
-3.93502
-4.39341
-4.39722
-4.88292
-4.88697
-5.40289
-5.4072
-5.95516
-5.95973
-6.54359
-6.5485
-7.19922
-7.20503
-8.03828
-8.046
-9.07665
-9.08545
-10.2076
-10.217
-11.4073
-11.4172
-12.6822
-12.6928
-14.0402
-14.0515
-15.4865
-15.4985
-17.0369
-17.0499
-18.8079
-18.8239
-21.1361
-21.1573
-23.9643
-23.9881
-27.0322
-27.0577
-30.3084
-30.3357
-33.8248
-33.8541
-37.6183
-37.65
-41.729
-41.7634
-46.2605
-46.2994
-51.7257
-51.7767
-59.2001
-59.2683
-68.4
-68.4791
-78.9318
-79.0225
-91.1803
-91.2875
-105.936
-106.067
-124.48
-124.65
-149.105
-149.338
-185.015
-185.38
-248.932
-249.648
-368.474
-369.723
-553.949
-555.308
-605.437
-604.91
-407.481
-404.664
-8.86222
-5.62244
389.868
392.676
589.643
590.17
540.583
539.242
358.372
357.163
244.637
243.968
183.219
182.858
146.915
146.678
121.71
121.536
102.743
102.609
87.6573
87.5477
75.109
75.0162
64.4818
64.4046
56.2058
56.1502
50.1776
50.1343
45.1215
45.0832
40.5605
40.5255
36.3808
36.3486
32.5256
32.4958
28.9448
28.917
25.6011
25.5752
22.5558
22.5333
20.1211
20.1043
18.2381
18.224
16.558
16.5449
14.9869
14.9747
13.5121
13.5007
12.1272
12.1164
10.8229
10.8127
9.59388
9.58435
8.47942
8.47128
7.59682
7.59066
6.88634
6.88095
6.23677
6.23171
5.62407
5.61929
5.04488
5.04035
4.4966
4.49232
3.97586
3.97178
3.4841
3.48032
2.93226
2.92268
2.12751
2.12282
1.65836
1.65533
1.33343
1.3312
1.08999
1.08829
0.899511
0.898188
0.749778
-2.08
-2.28482
-2.30172
-2.51857
-2.53656
-2.77319
-2.79371
-3.08659
-3.11352
-3.48131
-3.51264
-3.91654
-3.94993
-4.37768
-4.41299
-4.86623
-4.90371
-5.38515
-5.42498
-5.93632
-5.97861
-6.52336
-6.56882
-7.17539
-7.22914
-8.00663
-8.07796
-9.04042
-9.12179
-10.1691
-10.2557
-11.3664
-11.4583
-12.6387
-12.7365
-13.9938
-14.098
-15.4371
-15.5481
-16.9832
-17.1038
-18.7422
-18.8904
-21.0488
-21.2454
-23.8662
-24.0866
-26.9274
-27.1628
-30.1962
-30.4482
-33.7041
-33.9753
-37.4878
-37.7809
-41.587
-41.9059
-46.1007
-46.4604
-51.517
-51.9885
-58.9197
-59.5511
-68.0745
-68.8063
-78.5587
-79.3979
-90.7396
-91.7314
-105.395
-106.613
-123.786
-125.353
-148.152
-150.305
-183.528
-186.901
-246.021
-252.639
-363.385
-374.926
-548.211
-560.815
-607.457
-602.579
-418.856
-392.867
-22.2379
7.75224
378.026
404.098
587.312
592.192
545.996
533.522
363.407
352.244
247.435
241.241
184.723
181.383
147.901
145.706
122.427
120.826
103.3
102.058
88.111
87.0974
75.4929
74.6348
64.8017
64.0881
56.4366
55.9227
50.3569
49.9562
45.2801
44.9252
40.7051
40.3813
36.5138
36.216
32.6487
32.3731
29.0595
28.8026
25.7081
25.4687
22.649
22.4409
20.1904
20.0358
18.2962
18.1662
16.6117
16.4913
15.0374
14.9243
13.5595
13.4534
12.1717
12.072
10.8649
10.7708
9.63324
9.54512
8.51317
8.43788
7.62232
7.56534
6.90862
6.85873
6.25767
6.21086
5.64382
5.59958
5.06355
5.02172
4.51431
4.47465
3.99269
3.95499
3.49976
3.46473
2.97281
2.88438
2.14703
2.10376
1.67096
1.64288
1.34266
1.32207
1.09702
1.08122
0.905006
0.892762
0.754396
-2.10211
-2.1335
-2.16519
-2.19709
-2.22924
-2.26169
-2.32508
-2.35826
-2.39176
-2.42551
-2.45956
-2.49399
-2.56148
-2.59702
-2.63313
-2.66978
-2.70721
-2.74545
-2.82252
-2.86442
-2.90804
-2.95346
-3.00086
-3.05037
-3.15139
-3.20625
-3.26256
-3.32015
-3.37882
-3.43854
-3.55604
-3.61783
-3.6803
-3.74325
-3.80683
-3.87085
-3.99608
-4.06163
-4.12779
-4.1944
-4.26155
-4.32934
-4.46182
-4.5313
-4.60127
-4.67185
-4.74304
-4.81494
-4.95555
-5.02921
-5.10364
-5.17862
-5.25436
-5.33065
-5.48005
-5.55832
-5.63738
-5.71701
-5.79733
-5.87846
-6.0371
-6.12037
-6.20429
-6.28903
-6.37465
-6.46135
-6.63189
-6.72206
-6.814
-6.90783
-7.00413
-7.10315
-7.30479
-7.41548
-7.53131
-7.65229
-7.77865
-7.91033
-8.178
-8.32238
-8.47026
-8.62089
-8.77389
-8.92927
-9.23444
-9.39467
-9.55663
-9.7198
-9.88437
-10.0506
-10.3754
-10.5454
-10.7172
-10.8901
-11.0646
-11.2408
-11.5853
-11.7658
-11.9482
-12.1321
-12.3175
-12.505
-12.8717
-13.064
-13.2583
-13.4541
-13.6517
-13.8514
-14.242
-14.4468
-14.6538
-14.8623
-15.0727
-15.2854
-15.7016
-15.92
-16.141
-16.3641
-16.5902
-16.819
-17.2715
-17.5121
-17.7587
-18.0117
-18.2726
-18.5436
-19.1001
-19.408
-19.7302
-20.0672
-20.4184
-20.7833
-21.5201
-21.9151
-22.3184
-22.728
-23.1435
-23.5648
-24.3918
-24.8259
-25.2649
-25.7073
-26.1539
-26.6053
-27.4887
-27.9522
-28.4201
-28.8926
-29.3697
-29.8517
-30.7971
-31.2936
-31.7954
-32.3026
-32.8152
-33.3333
-34.351
-34.8861
-35.4271
-35.9743
-36.5276
-37.0872
-38.1872
-38.766
-39.3516
-39.9444
-40.5442
-41.1517
-42.3483
-42.9801
-43.6214
-44.273
-44.9362
-45.6125
-46.964
-47.6917
-48.4434
-49.223
-50.0366
-50.8876
-52.6583
-53.6454
-54.6815
-55.7658
-56.8949
-58.0661
-60.4344
-61.7075
-63.0098
-64.3397
-65.6962
-67.0787
-69.8251
-71.2855
-72.7737
-74.2914
-75.8391
-77.4187
-80.5684
-82.2515
-83.9735
-85.737
-87.5435
-89.3966
-93.1187
-95.1229
-97.1845
-99.3074
-101.495
-103.751
-108.323
-110.807
-113.379
-116.044
-118.809
-121.68
-127.565
-130.797
-134.173
-137.703
-141.4
-145.281
-153.367
-157.896
-162.698
-167.807
-173.257
-179.107
-191.782
-199.207
-207.347
-216.354
-226.347
-237.442
-262.278
-276.894
-292.726
-309.828
-328.296
-348.232
-391.605
-416.682
-443.538
-471.847
-500.87
-529.318
-576.269
-593.599
-605.685
-612.664
-614.743
-612.138
-593.773
-577.132
-555.057
-527.358
-493.114
-452.026
-354.844
-298.235
-239.718
-180.792
-121.994
-63.5073
49.0212
107.43
166.199
225.233
283.608
340.066
437.234
478.109
512.278
539.97
561.899
578.542
596.87
599.459
597.382
590.521
578.437
561.255
514.832
486.765
458.087
430.281
403.935
379.542
337.686
318.617
301.094
284.962
270.097
256.432
233.201
222.759
213.293
204.673
196.785
189.53
176.987
171.131
165.652
160.49
155.625
151.02
142.778
138.817
135.042
131.437
127.989
124.686
118.678
115.745
112.923
110.203
107.579
105.045
100.381
98.0793
95.8472
93.6804
91.5757
89.5289
85.7245
83.8294
81.9809
80.1758
78.413
76.6903
73.4703
71.8593
70.2861
68.7511
67.2563
65.8039
63.1288
61.8205
60.5688
59.3759
58.2415
57.1657
55.2364
54.3062
53.414
52.5547
51.7234
50.9164
49.4122
48.6582
47.9184
47.1916
46.4767
45.7728
44.441
43.7661
43.1003
42.4431
41.7945
41.1542
39.9391
39.3219
38.7122
38.1098
37.5146
36.9265
35.8092
35.2409
34.679
34.1233
33.5738
33.0304
31.9963
31.4696
30.9482
30.4321
29.9211
29.4152
28.4511
27.9594
27.4723
26.9899
26.5124
26.0399
25.1418
24.6854
24.2363
23.7953
23.3624
22.9407
22.1609
21.7783
21.4119
21.0619
20.7274
20.4081
19.828
19.5432
19.2671
18.9981
18.7351
18.4766
17.9889
17.7413
17.4968
17.255
17.0154
16.7784
16.3265
16.096
15.8672
15.6408
15.4161
15.1938
14.7697
14.5529
14.3384
14.1259
13.915
13.7063
13.3082
13.1047
12.9034
12.7038
12.5057
12.3097
11.9355
11.7441
11.5545
11.3666
11.1799
10.9951
10.642
10.4613
10.2824
10.1052
9.92926
9.75537
9.42484
9.25702
9.09221
8.93059
8.7725
8.61904
8.33671
8.19865
8.06657
7.94012
7.81876
7.70235
7.48828
7.38196
7.27821
7.17653
7.07633
6.97775
6.79056
6.69525
6.60072
6.50718
6.41431
6.32239
6.14679
6.05692
5.96788
5.87959
5.792
5.70499
5.53902
5.45406
5.36991
5.28644
5.20352
5.12138
4.96445
4.8842
4.80447
4.72546
4.64695
4.56912
4.42032
4.34406
4.26846
4.19341
4.11889
4.0448
3.90336
3.83095
3.75925
3.68824
3.61786
3.54842
3.41701
3.35076
3.2857
3.22213
3.15961
3.09739
2.77444
2.63675
2.51439
2.40323
2.30266
2.20915
2.04681
1.97117
1.90045
1.83391
1.77134
1.71135
1.60522
1.55402
1.50501
1.45833
1.4139
1.37156
1.29438
1.25656
1.22028
1.18549
1.15143
1.11893
1.05955
1.02982
1.00135
0.97397
0.947595
0.922302
0.876448
0.854039
0.83209
0.810569
0.789448
0.768785
